record_index,source_record_index,capture_file,capture_day,timestamp,icao,icaotype,manufacturer,model,payload_hash,type_appears_multiple_days,validation_fold
7,7,011026_ML.npy,2026-10-01,2026-10-01 03:49:23.396558,7C7B5E,DA40,DIAMOND AIRCRAFT INDUSTRIES INC.,DA 40,d4116260be4db355d6c5e342558000a2342e2b9e8185795bc6f75d9b76e297da,True,2
22,22,011026_ML.npy,2026-10-01,2026-10-01 03:49:40.396791,7C7B5E,DA40,DIAMOND AIRCRAFT INDUSTRIES INC.,DA 40,ed415aa4dbf99143827b5da7a5ea016b4d073dbd7d03a129ac543e9cb2874e81,True,3
31,31,011026_ML.npy,2026-10-01,2026-10-01 03:49:53.643384,7C7B5E,DA40,DIAMOND AIRCRAFT INDUSTRIES INC.,DA 40,73cf0cdb2199a6724ab9c6f763027a440ab09714e1b6e892644c7f44ab44f54c,True,3
43,43,011026_ML.npy,2026-10-01,2026-10-01 03:50:56.796999,7C7B5E,DA40,DIAMOND AIRCRAFT INDUSTRIES INC.,DA 40,bcb208903006d2010134411fce8b8e1f7211f2fe7a87d1a36fc62efd77259cb9,True,2
46,46,011026_ML.npy,2026-10-01,2026-10-01 03:50:59.662757,7C7B5E,DA40,DIAMOND AIRCRAFT INDUSTRIES INC.,DA 40,e37bff4edc4e509bcbff30e74e5ae21b69670b5b901d90e62468d6d90225da2d,True,1
122,122,011026_ML.npy,2026-10-01,2026-10-01 04:58:56.758968,7C1689,DA40,DIAMOND AIRCRAFT INDUSTRIES INC.,DA 40,3bfb39ff4da4f29e5954808755e9f1bed3f187e0db1908ef3d14e332c5b74e46,True,1
596,596,011026_ML.npy,2026-10-01,2026-10-01 19:46:58.191556,7C1689,DA40,DIAMOND AIRCRAFT INDUSTRIES INC.,DA 40,5d8e7669935441240c5ab96dc582fd465e8f85a8d88980536aaaeba64d45e2e8,True,1
600,600,011026_ML.npy,2026-10-01,2026-10-01 19:47:05.606962,7C1689,DA40,DIAMOND AIRCRAFT INDUSTRIES INC.,DA 40,b4a0dc325b270d1e9cbfa98ee847b39b0a30d029ba9d8bd7b4fd01dafac11b31,True,3
622,622,011026_ML.npy,2026-10-01,2026-10-01 19:52:11.317127,7C1689,DA40,DIAMOND AIRCRAFT INDUSTRIES INC.,DA 40,886550dbe314766b28f857a39a936ce17e7323f3bee56a1b3dfe7edc063cb5f9,True,3
629,629,011026_ML.npy,2026-10-01,2026-10-01 19:52:17.473506,7C1689,DA40,DIAMOND AIRCRAFT INDUSTRIES INC.,DA 40,21ba37cf59baa4ec9be118ed2bfafeb360736ff1daab059c4675f194a987918f,True,2
640,640,011026_ML.npy,2026-10-01,2026-10-01 19:57:07.798701,7C1689,DA40,DIAMOND AIRCRAFT INDUSTRIES INC.,DA 40,0c8ac910019903e9881bed5f696adb207f9c1256ee07c41b50a040e34ec16f39,True,3
647,647,011026_ML.npy,2026-10-01,2026-10-01 19:57:21.461458,7C1689,DA40,DIAMOND AIRCRAFT INDUSTRIES INC.,DA 40,a86f8b9b871811f6ac84778eca8497d1cdf5dc793161194ebc0b89e60576f993,True,1
660,660,011026_ML.npy,2026-10-01,2026-10-01 20:01:51.790824,7C1689,DA40,DIAMOND AIRCRAFT INDUSTRIES INC.,DA 40,00ea569ce4d9e14cb6356efb590793217086bcc7c79430b20b9dc2d539ccb2f3,True,1
661,661,011026_ML.npy,2026-10-01,2026-10-01 20:01:52.481410,7C1689,DA40,DIAMOND AIRCRAFT INDUSTRIES INC.,DA 40,0c8ac910019903e9881bed5f696adb207f9c1256ee07c41b50a040e34ec16f39,True,1
672,672,011026_ML.npy,2026-10-01,2026-10-01 20:02:09.983279,7C1689,DA40,DIAMOND AIRCRAFT INDUSTRIES INC.,DA 40,0c8ac910019903e9881bed5f696adb207f9c1256ee07c41b50a040e34ec16f39,True,4
711,711,011026_ML.npy,2026-10-01,2026-10-01 20:07:29.320348,7C1689,DA40,DIAMOND AIRCRAFT INDUSTRIES INC.,DA 40,dced737a60d54e387b274c0a2afbf8fad3831fbca3f5dddf2c6008e3948585a7,True,4
723,723,011026_ML.npy,2026-10-01,2026-10-01 20:07:41.590216,7C1689,DA40,DIAMOND AIRCRAFT INDUSTRIES INC.,DA 40,3ac212db4c3f9b574acbe5b137bf76313033660b916176ad95daeb0b7a85ea49,True,2
727,727,011026_ML.npy,2026-10-01,2026-10-01 20:07:44.793343,7C1689,DA40,DIAMOND AIRCRAFT INDUSTRIES INC.,DA 40,28589cb1d67f24e415b26f3551aea6d05017afc3d585450097c614d683e50d98,True,4
747,747,011026_ML.npy,2026-10-01,2026-10-01 20:12:15.022868,7C1689,DA40,DIAMOND AIRCRAFT INDUSTRIES INC.,DA 40,5d54530b84c7192d2e35bde9828392b56aa65c05f46ded835de59ebb5041e469,True,2
752,752,011026_ML.npy,2026-10-01,2026-10-01 20:12:20.835037,7C1689,DA40,DIAMOND AIRCRAFT INDUSTRIES INC.,DA 40,0c8ac910019903e9881bed5f696adb207f9c1256ee07c41b50a040e34ec16f39,True,2
753,753,011026_ML.npy,2026-10-01,2026-10-01 20:12:24.586994,7C1689,DA40,DIAMOND AIRCRAFT INDUSTRIES INC.,DA 40,0c8ac910019903e9881bed5f696adb207f9c1256ee07c41b50a040e34ec16f39,True,1
757,757,011026_ML.npy,2026-10-01,2026-10-01 20:12:26.477533,7C1689,DA40,DIAMOND AIRCRAFT INDUSTRIES INC.,DA 40,3ac212db4c3f9b574acbe5b137bf76313033660b916176ad95daeb0b7a85ea49,True,4
765,765,011026_ML.npy,2026-10-01,2026-10-01 20:14:02.590268,7C6C18,C172,CESSNA AIRCRAFT COMPANY,172S,429ed2ae5ed27ec7a6968167b000918c475b56a0d1274b44ce9c6570b29d5820,True,2
767,767,011026_ML.npy,2026-10-01,2026-10-01 20:14:09.043174,7C6C18,C172,CESSNA AIRCRAFT COMPANY,172S,203f99fc5ce3a09610df6060ca908e496d451043719572c6b25efbe7ae9cf6e2,True,3
768,768,011026_ML.npy,2026-10-01,2026-10-01 20:14:12.025617,7C6C18,C172,CESSNA AIRCRAFT COMPANY,172S,41a74c5c04626544bd22ff2793981e3144f4e60f2f010d8c4e74825281c825f3,True,3
781,781,011026_ML.npy,2026-10-01,2026-10-01 20:14:22.945940,7C6C18,C172,CESSNA AIRCRAFT COMPANY,172S,8fec329d36b7bffb041206786f5b6ad84839d3f4f7bbd491b03862a67edd455d,True,3
782,782,011026_ML.npy,2026-10-01,2026-10-01 20:14:22.953209,7C6C18,C172,CESSNA AIRCRAFT COMPANY,172S,b718c877a16aff3ae8d35c43a799cabfe4afc9997771b48597fd71d4c192eeb0,True,1
791,791,011026_ML.npy,2026-10-01,2026-10-01 20:14:37.523070,7C6C18,C172,CESSNA AIRCRAFT COMPANY,172S,38d16c83afa3b3f443604bdcfd7c83ad4ffe384202789d765cd50ce914cd4152,True,5
793,793,011026_ML.npy,2026-10-01,2026-10-01 20:14:38.517714,7C6C18,C172,CESSNA AIRCRAFT COMPANY,172S,6951bf55d589e914643a3c5cf466560ebf6ef5ef0f4756f896399dfe96bb80e8,True,5
812,812,011026_ML.npy,2026-10-01,2026-10-01 20:17:21.149783,7C1689,DA40,DIAMOND AIRCRAFT INDUSTRIES INC.,DA 40,6ca0c6a2c039bcef36b753118a1b68fb58221dee124bd39d583391047bb2a2ea,True,2
827,827,011026_ML.npy,2026-10-01,2026-10-01 20:18:14.853702,7C0077,DA40,DIAMOND AIRCRAFT INDUSTRIES INC.,DA 40,f3eb4f0a47ba7bf4b5234f3c5eb28d40df7ce68af62245e5bb73df24d1dd364e,True,1
830,830,011026_ML.npy,2026-10-01,2026-10-01 20:18:17.595963,7C0077,DA40,DIAMOND AIRCRAFT INDUSTRIES INC.,DA 40,7f29da9d614a166182a1b6c475f6500e9d8a614883962bb3b9f450d29d02558e,True,5
852,852,011026_ML.npy,2026-10-01,2026-10-01 20:18:36.240827,7C6C18,C172,CESSNA AIRCRAFT COMPANY,172S,8f9de218b00aacd8732714959a3da29e5ca6e0a9298e91bed648c6b1ae6e5f11,True,4
854,854,011026_ML.npy,2026-10-01,2026-10-01 20:18:36.300226,7C0077,DA40,DIAMOND AIRCRAFT INDUSTRIES INC.,DA 40,f82ededaa62b0033a950e1fa088c48cd1d64bbcfbd9d6978ba735041eb763b18,True,1
862,862,011026_ML.npy,2026-10-01,2026-10-01 20:18:38.754866,7C6C18,C172,CESSNA AIRCRAFT COMPANY,172S,785d8409ed5f202830b5857dd818ef2e46b8fd05a1fcf5afce8edf4298602877,True,2
864,864,011026_ML.npy,2026-10-01,2026-10-01 20:18:39.155498,7C6C18,C172,CESSNA AIRCRAFT COMPANY,172S,203f99fc5ce3a09610df6060ca908e496d451043719572c6b25efbe7ae9cf6e2,True,4
896,896,011026_ML.npy,2026-10-01,2026-10-01 20:18:54.009417,7C0077,DA40,DIAMOND AIRCRAFT INDUSTRIES INC.,DA 40,d58be910f8ff1635ba6c2536a6bde9ff084611f35e9484e950cdce59a253b90b,True,5
898,898,011026_ML.npy,2026-10-01,2026-10-01 20:18:56.829626,7C6C18,C172,CESSNA AIRCRAFT COMPANY,172S,203f99fc5ce3a09610df6060ca908e496d451043719572c6b25efbe7ae9cf6e2,True,1
910,910,011026_ML.npy,2026-10-01,2026-10-01 20:22:18.053823,7C1689,DA40,DIAMOND AIRCRAFT INDUSTRIES INC.,DA 40,3ac212db4c3f9b574acbe5b137bf76313033660b916176ad95daeb0b7a85ea49,True,1
923,923,011026_ML.npy,2026-10-01,2026-10-01 20:22:31.391803,7C1689,DA40,DIAMOND AIRCRAFT INDUSTRIES INC.,DA 40,0c8ac910019903e9881bed5f696adb207f9c1256ee07c41b50a040e34ec16f39,True,5
935,935,011026_ML.npy,2026-10-01,2026-10-01 20:23:32.919987,7C6C18,C172,CESSNA AIRCRAFT COMPANY,172S,34c03f77ce839a0bd8ff4a40a3c0e19b03f48cce89a95ee5f9c9993afe619355,True,4
936,936,011026_ML.npy,2026-10-01,2026-10-01 20:23:36.706182,7C6C18,C172,CESSNA AIRCRAFT COMPANY,172S,34c03f77ce839a0bd8ff4a40a3c0e19b03f48cce89a95ee5f9c9993afe619355,True,4
952,952,011026_ML.npy,2026-10-01,2026-10-01 20:23:53.447174,7C6C18,C172,CESSNA AIRCRAFT COMPANY,172S,3019724daeeb471acd7441950b9ebc0e64a78a82fb68248491baac65217de47c,True,1
961,961,011026_ML.npy,2026-10-01,2026-10-01 20:24:41.533207,7C7B5E,DA40,DIAMOND AIRCRAFT INDUSTRIES INC.,DA 40,b610e73732a93a06f832da99b6ece90d8fc18ab8a9634b97ee6155b8e470c8a8,True,1
969,969,011026_ML.npy,2026-10-01,2026-10-01 20:24:54.779559,7C7B5E,DA40,DIAMOND AIRCRAFT INDUSTRIES INC.,DA 40,182a0c940de02835680b4df0e9403d22d93bead877c2b00b72d6528532f0231f,True,2
970,970,011026_ML.npy,2026-10-01,2026-10-01 20:24:57.365325,7C7B5E,DA40,DIAMOND AIRCRAFT INDUSTRIES INC.,DA 40,fb6bc66399e1c532e09841b16e7ec17893ae3f57a85ed269ba6c6f0589272b4f,True,1
986,986,011026_ML.npy,2026-10-01,2026-10-01 20:25:25.358381,7C7B5E,DA40,DIAMOND AIRCRAFT INDUSTRIES INC.,DA 40,def3f5a521b4cfbabed06e0c48c7fd4120f785ea6e9adc981c59c7e3b02fa34a,True,5
989,989,011026_ML.npy,2026-10-01,2026-10-01 20:25:28.823786,7C7B5E,DA40,DIAMOND AIRCRAFT INDUSTRIES INC.,DA 40,16d78899f0603071e8870938177016f1783869dfbc6af0ddc0ef2dc208d42ff7,True,5
998,998,011026_ML.npy,2026-10-01,2026-10-01 20:28:15.816996,7C6C18,C172,CESSNA AIRCRAFT COMPANY,172S,34c03f77ce839a0bd8ff4a40a3c0e19b03f48cce89a95ee5f9c9993afe619355,True,3
1008,1008,011026_ML.npy,2026-10-01,2026-10-01 20:28:24.488227,7C6C18,C172,CESSNA AIRCRAFT COMPANY,172S,34c03f77ce839a0bd8ff4a40a3c0e19b03f48cce89a95ee5f9c9993afe619355,True,2
1009,1009,011026_ML.npy,2026-10-01,2026-10-01 20:28:26.956334,7C6C18,C172,CESSNA AIRCRAFT COMPANY,172S,f23f34945f6c81b2c4815a2326f75d606ed94a46b38b509ffed0eeee881567c9,True,5
1010,1010,011026_ML.npy,2026-10-01,2026-10-01 20:28:29.330497,7C6C18,C172,CESSNA AIRCRAFT COMPANY,172S,429ed2ae5ed27ec7a6968167b000918c475b56a0d1274b44ce9c6570b29d5820,True,3
1017,1017,011026_ML.npy,2026-10-01,2026-10-01 20:28:39.479790,7C6C18,C172,CESSNA AIRCRAFT COMPANY,172S,88e62e93f19227396289f8c53883c1b253efa952ddfc875be5da855e619c7ff3,True,2
1031,1031,011026_ML.npy,2026-10-01,2026-10-01 20:30:26.834931,7C7B5E,DA40,DIAMOND AIRCRAFT INDUSTRIES INC.,DA 40,ee31f64cb80794f74cee02e31d7aafb9c7076259bbd3fe727294b078403792bb,True,2
1040,1040,011026_ML.npy,2026-10-01,2026-10-01 20:30:38.419892,7C7B5E,DA40,DIAMOND AIRCRAFT INDUSTRIES INC.,DA 40,ae9abb783450dafa7453c3c24facc5c899c945e7f9efcecb26cceecd29eb744d,True,3
1045,1045,011026_ML.npy,2026-10-01,2026-10-01 20:30:46.960496,7C7B5E,DA40,DIAMOND AIRCRAFT INDUSTRIES INC.,DA 40,bcb208903006d2010134411fce8b8e1f7211f2fe7a87d1a36fc62efd77259cb9,True,4
1062,1062,011026_ML.npy,2026-10-01,2026-10-01 20:31:18.045268,7C7B5E,DA40,DIAMOND AIRCRAFT INDUSTRIES INC.,DA 40,d1e3f721e526fb97d95e4691282a4859ceeb3b6b8a29fec6bc8ea4ac360670e8,True,5
1065,1065,011026_ML.npy,2026-10-01,2026-10-01 20:32:59.826019,7C6C18,C172,CESSNA AIRCRAFT COMPANY,172S,919143a0f5a7630d5e8a667f237b71fa624f617dba62f20f93bd32a61b3b36c9,True,5
1076,1076,011026_ML.npy,2026-10-01,2026-10-01 20:33:14.285479,7C6C18,C172,CESSNA AIRCRAFT COMPANY,172S,ffcc3332da6ca33062a18503096842207f8b3064c06c7eabf582e679bcd9e9a3,True,5
1077,1077,011026_ML.npy,2026-10-01,2026-10-01 20:33:14.289074,7C6C18,C172,CESSNA AIRCRAFT COMPANY,172S,344bed5efd7b140dbcf6c1b05b45f6e8d330eba0cf230cd834e25a3560ef8c29,True,3
1078,1078,011026_ML.npy,2026-10-01,2026-10-01 20:33:15.739507,7C6C18,C172,CESSNA AIRCRAFT COMPANY,172S,f23f34945f6c81b2c4815a2326f75d606ed94a46b38b509ffed0eeee881567c9,True,4
1081,1081,011026_ML.npy,2026-10-01,2026-10-01 20:33:23.556985,7C6C18,C172,CESSNA AIRCRAFT COMPANY,172S,203f99fc5ce3a09610df6060ca908e496d451043719572c6b25efbe7ae9cf6e2,True,4
1089,1089,011026_ML.npy,2026-10-01,2026-10-01 20:33:31.254135,7C6C18,C172,CESSNA AIRCRAFT COMPANY,172S,8813edbb197c24df41dd900972904249b048d4465a681f1555c344a3c302e865,True,4
1091,1091,011026_ML.npy,2026-10-01,2026-10-01 20:33:34.625779,7C6C18,C172,CESSNA AIRCRAFT COMPANY,172S,429ed2ae5ed27ec7a6968167b000918c475b56a0d1274b44ce9c6570b29d5820,True,3
1092,1092,011026_ML.npy,2026-10-01,2026-10-01 20:33:35.278910,7C6C18,C172,CESSNA AIRCRAFT COMPANY,172S,34c03f77ce839a0bd8ff4a40a3c0e19b03f48cce89a95ee5f9c9993afe619355,True,2
1094,1094,011026_ML.npy,2026-10-01,2026-10-01 20:33:41.033502,7C6C18,C172,CESSNA AIRCRAFT COMPANY,172S,203f99fc5ce3a09610df6060ca908e496d451043719572c6b25efbe7ae9cf6e2,True,3
1105,1105,011026_ML.npy,2026-10-01,2026-10-01 20:34:03.997166,7C6C18,C172,CESSNA AIRCRAFT COMPANY,172S,8ee9240e711063e689a54276fc3de8c2ea0a8c37315bb892450dea648cd23ffa,True,3
1115,1115,011026_ML.npy,2026-10-01,2026-10-01 20:35:50.139938,7C7B5E,DA40,DIAMOND AIRCRAFT INDUSTRIES INC.,DA 40,6355b295196115e8cb4a78311dee9cf24e64d84564d63f70597ebd071f265976,True,5
1116,1116,011026_ML.npy,2026-10-01,2026-10-01 20:35:51.003888,7C7B5E,DA40,DIAMOND AIRCRAFT INDUSTRIES INC.,DA 40,72bf31a2fdfbd139c1a4ccac04c9651a8b0c0ba48cce20d5d883446fb5954b66,True,3
1142,1142,011026_ML.npy,2026-10-01,2026-10-01 20:38:01.252384,7C6C18,C172,CESSNA AIRCRAFT COMPANY,172S,d243bfdbc589df40784116b0972e5a5abc43576df33b10520d1d5f8baefafda9,True,5
1145,1145,011026_ML.npy,2026-10-01,2026-10-01 20:38:04.708130,7C6C18,C172,CESSNA AIRCRAFT COMPANY,172S,447d66cfabe9073778a1e4f28097f8e5c299e88eef68db724305468a6b38c2bc,True,5
1148,1148,011026_ML.npy,2026-10-01,2026-10-01 20:38:09.607107,7C6C18,C172,CESSNA AIRCRAFT COMPANY,172S,071b273b58d2afee30a6c96be7a4418176eb60281c537fe624f6bbc51bcfe28e,True,5
1150,1150,011026_ML.npy,2026-10-01,2026-10-01 20:38:21.665562,7C6C18,C172,CESSNA AIRCRAFT COMPANY,172S,1864ea17aac42f36553a1229e4dee43f9efc9ac464ec3321d7876d0f4d813f1e,True,1
1166,1166,011026_ML.npy,2026-10-01,2026-10-01 20:38:55.179987,7C6C18,C172,CESSNA AIRCRAFT COMPANY,172S,1c56f6b3d9c9f726ff9afead4ebdb2522b09b544bcfaaa99fd912d4a6f6cce26,True,4
1176,1176,011026_ML.npy,2026-10-01,2026-10-01 20:39:36.548000,7C41FD,DA40,DIAMOND AIRCRAFT INDUSTRIES INC.,DA 40,f0d51b2a30d75198d025fff47bce1b5076559f7efba71e5a5d21645e1b8bc58c,True,4
1218,1218,011026_ML.npy,2026-10-01,2026-10-01 20:41:43.089300,7C7B5E,DA40,DIAMOND AIRCRAFT INDUSTRIES INC.,DA 40,ad9602b53d1d224d2945cf1bc18d28eadc9ef9b74960c8ee36c3724768e69922,True,5
1253,1253,011026_ML.npy,2026-10-01,2026-10-01 20:43:01.835846,7C6C18,C172,CESSNA AIRCRAFT COMPANY,172S,6c696561bc0ff75c6719491db3446126b3540fa8ec092dd44d1f0f74bcd5ae1e,True,4
1257,1257,011026_ML.npy,2026-10-01,2026-10-01 20:43:09.066928,7C6C18,C172,CESSNA AIRCRAFT COMPANY,172S,139248e4d2612ece0a9d2cdc099142b952eeef2e36ae015688aa03263dab00e2,True,5
1258,1258,011026_ML.npy,2026-10-01,2026-10-01 20:43:09.073860,7C6C18,C172,CESSNA AIRCRAFT COMPANY,172S,f07d1f985efaa45599fae523b07c545a7b8dd6d906f81d0cc0f7b92f387844bb,True,3
1264,1264,011026_ML.npy,2026-10-01,2026-10-01 20:43:16.012540,7C6C18,C172,CESSNA AIRCRAFT COMPANY,172S,2cf6e330fb6ab8569e22504cdf622c3c6c2e0af6eb44f2e68a99138b4931647c,True,2
1275,1275,011026_ML.npy,2026-10-01,2026-10-01 20:43:33.653105,7C6C18,C172,CESSNA AIRCRAFT COMPANY,172S,e4fde3f5ff7de770aa047902f3c0b34627d3bb572cf96178a91709b715309da2,True,1
1276,1276,011026_ML.npy,2026-10-01,2026-10-01 20:43:34.885464,7C6C18,C172,CESSNA AIRCRAFT COMPANY,172S,66f079cd8368f7cfe38d4f35c34781b5597b122d9b6cee000e6afdeade2c9cbd,True,2
1280,1280,011026_ML.npy,2026-10-01,2026-10-01 20:43:38.772998,7C6C18,C172,CESSNA AIRCRAFT COMPANY,172S,429ed2ae5ed27ec7a6968167b000918c475b56a0d1274b44ce9c6570b29d5820,True,1
1289,1289,011026_ML.npy,2026-10-01,2026-10-01 20:44:52.658035,7C6C18,C172,CESSNA AIRCRAFT COMPANY,172S,16ed16fdf841be7789dc970be9307ad8eaa040afc02f04a1495e2994f1e53e63,True,4
1290,1290,011026_ML.npy,2026-10-01,2026-10-01 20:46:45.532407,7C7B5E,DA40,DIAMOND AIRCRAFT INDUSTRIES INC.,DA 40,556ebfc3a04653933c26feae5d723e48ce10e0d87856f5a35a71ff3bf4e97007,True,1
1318,1318,011026_ML.npy,2026-10-01,2026-10-01 20:47:36.747687,7C7B5E,DA40,DIAMOND AIRCRAFT INDUSTRIES INC.,DA 40,353f74c81ca5643d6399e22b79ab8b4fbfd0c126cb9ea88d2b16829d3b50fd35,True,1
1326,1326,011026_ML.npy,2026-10-01,2026-10-01 20:48:10.220658,7C6C18,C172,CESSNA AIRCRAFT COMPANY,172S,2c8b0031d4f0d631d94ada44baafb90e9120a4fd70853eea1a0849f70a94fb66,True,2
1334,1334,011026_ML.npy,2026-10-01,2026-10-01 20:48:26.941908,7C6C18,C172,CESSNA AIRCRAFT COMPANY,172S,178cf64f98c3a2ea36ee11a489b49e94811dcd17dd62b8189d848208c8ef94ab,True,5
1337,1337,011026_ML.npy,2026-10-01,2026-10-01 20:48:32.873936,7C6C18,C172,CESSNA AIRCRAFT COMPANY,172S,e4fde3f5ff7de770aa047902f3c0b34627d3bb572cf96178a91709b715309da2,True,5
1339,1339,011026_ML.npy,2026-10-01,2026-10-01 20:48:34.832200,7C7C3E,DA40,DIAMOND AIRCRAFT INDUSTRIES INC.,DA 40,9b31aec735d55c98342c0a9cdc9c62768e5bb95f0d261ce3a0baecccc0b9c6ef,True,1
1340,1340,011026_ML.npy,2026-10-01,2026-10-01 20:48:35.620692,7C7C3E,DA40,DIAMOND AIRCRAFT INDUSTRIES INC.,DA 40,0c52ae9d51de47a95852f986e4514272d8b8ba26efb7c120cfa822a1e55953d0,True,4
1367,1367,011026_ML.npy,2026-10-01,2026-10-01 20:48:57.277076,7C6C18,C172,CESSNA AIRCRAFT COMPANY,172S,da0dbfbc12eb7a160e1abe179a99020b2a147d5b5a28cc18a15eeff7d9cda5f5,True,5
1368,1368,011026_ML.npy,2026-10-01,2026-10-01 20:48:57.859091,7C6C18,C172,CESSNA AIRCRAFT COMPANY,172S,acfed725d6a065173facddee264f972d3fe995deb9b327a989f64b5af1936190,True,5
1375,1375,011026_ML.npy,2026-10-01,2026-10-01 20:49:05.585588,7C444D,P28A,PIPER AIRCRAFT CORP,PA-28-181,862f928825a8dee3e065e34361e598ceb5c7a012c899a2201366f6aaaf473cc4,True,2
1378,1378,011026_ML.npy,2026-10-01,2026-10-01 20:49:07.035078,7C444D,P28A,PIPER AIRCRAFT CORP,PA-28-181,09dfcbd0637a14f759841d2aa0c11c13a0908b8e943814b39eb2f48de69cf2b8,True,2
1379,1379,011026_ML.npy,2026-10-01,2026-10-01 20:49:07.629393,7C444D,P28A,PIPER AIRCRAFT CORP,PA-28-181,fe5b309051cd1cf20f38cbf7ec40b019384846d78bdca30897435ad03e318cfc,True,1
1384,1384,011026_ML.npy,2026-10-01,2026-10-01 20:49:08.875033,7C444D,P28A,PIPER AIRCRAFT CORP,PA-28-181,a094f98ec6f5dfa7d6956b5fa5018f4d4a210af576a933c3b033f3fcca613c2f,True,4
1386,1386,011026_ML.npy,2026-10-01,2026-10-01 20:49:12.740265,7C444D,P28A,PIPER AIRCRAFT CORP,PA-28-181,2b294b770d7c53eda6174db7d64ffb05c1837465b9964adc17d81c29278a0829,True,3
1387,1387,011026_ML.npy,2026-10-01,2026-10-01 20:49:13.647496,7C444D,P28A,PIPER AIRCRAFT CORP,PA-28-181,a6930eca5e84609402d43cd9cfb4e612893e9bbaba4a3fa604f6925dbacdbf0b,True,2
1388,1388,011026_ML.npy,2026-10-01,2026-10-01 20:49:13.757769,7C444D,P28A,PIPER AIRCRAFT CORP,PA-28-181,839488797819918a021ccaddf1e4c9b79517fb5821f52c9ab8d7bca5d24ebcd6,True,4
1389,1389,011026_ML.npy,2026-10-01,2026-10-01 20:49:14.991532,7C444D,P28A,PIPER AIRCRAFT CORP,PA-28-181,3bb37b70dd6ca4a5e2d6a334f1ca744fbd64041a9942e51b88034440c42c3b3c,True,1
1390,1390,011026_ML.npy,2026-10-01,2026-10-01 20:49:15.795281,7C444D,P28A,PIPER AIRCRAFT CORP,PA-28-181,c3931bf623db97f156476d0fc67e7be1985e7e52a719dcc3e6042e99fc9698fe,True,3
1392,1392,011026_ML.npy,2026-10-01,2026-10-01 20:49:16.857285,7C444D,P28A,PIPER AIRCRAFT CORP,PA-28-181,96d4e1fa94a89af96614bcb81071d000469c8914b7179a3cbf801e6df52f8fee,True,4
1393,1393,011026_ML.npy,2026-10-01,2026-10-01 20:49:17.231141,7C444D,P28A,PIPER AIRCRAFT CORP,PA-28-181,16beacb148d839525150854b4574ff2f574dcb7e5792fe5d6df5ac39f3820e23,True,1
1394,1394,011026_ML.npy,2026-10-01,2026-10-01 20:49:17.277079,7C444D,P28A,PIPER AIRCRAFT CORP,PA-28-181,c3f54ee25ad8cc0da3dfc5a3c80077d70ad363ea729239b498e47661643feeda,True,1
1395,1395,011026_ML.npy,2026-10-01,2026-10-01 20:49:17.770813,7C444D,P28A,PIPER AIRCRAFT CORP,PA-28-181,fe5b309051cd1cf20f38cbf7ec40b019384846d78bdca30897435ad03e318cfc,True,2
1397,1397,011026_ML.npy,2026-10-01,2026-10-01 20:49:19.916579,7C444D,P28A,PIPER AIRCRAFT CORP,PA-28-181,01cbd74496debda1535ec89b8752e8b45cd2960748d35ee04b596afd655b42b2,True,2
1398,1398,011026_ML.npy,2026-10-01,2026-10-01 20:49:20.018123,7C444D,P28A,PIPER AIRCRAFT CORP,PA-28-181,baa3f3176352fa5ae86809b9382f741efada076c8f47de1962ca07716c31ebe2,True,4
1399,1399,011026_ML.npy,2026-10-01,2026-10-01 20:49:20.336386,7C444D,P28A,PIPER AIRCRAFT CORP,PA-28-181,6af7142d59e18449d8d228215b777084ed23090a6265160deccbeffd39331535,True,1
1400,1400,011026_ML.npy,2026-10-01,2026-10-01 20:49:21.200206,7C444D,P28A,PIPER AIRCRAFT CORP,PA-28-181,f74beb41e809f5bdb5916178b8352d26f3b0f3394818330edd19ae021a7a6e76,True,1
1401,1401,011026_ML.npy,2026-10-01,2026-10-01 20:49:22.573834,7C444D,P28A,PIPER AIRCRAFT CORP,PA-28-181,921117414ffcf0dd2b5a51978aa362cc0b4d6126e093d9ef533df4d650ed4184,True,4
1403,1403,011026_ML.npy,2026-10-01,2026-10-01 20:49:22.829747,7C444D,P28A,PIPER AIRCRAFT CORP,PA-28-181,fe5b309051cd1cf20f38cbf7ec40b019384846d78bdca30897435ad03e318cfc,True,5
1404,1404,011026_ML.npy,2026-10-01,2026-10-01 20:49:24.681352,7C444D,P28A,PIPER AIRCRAFT CORP,PA-28-181,65ded3c1d4a1cba8e9c7925d6a520638194172c0674cfc76f01ba05e5961ed07,True,5
1405,1405,011026_ML.npy,2026-10-01,2026-10-01 20:49:24.887945,7C7C3E,DA40,DIAMOND AIRCRAFT INDUSTRIES INC.,DA 40,1b82ff8d9edf1ac090625d4d1ece20f58dc9b94d54885c9e4d7fd5c67f2063a8,True,4
1406,1406,011026_ML.npy,2026-10-01,2026-10-01 20:49:25.143175,7C444D,P28A,PIPER AIRCRAFT CORP,PA-28-181,35eca089e1ee01ca026255a908b320106377964718a511ba2c9d9806ed509a81,True,2
1407,1407,011026_ML.npy,2026-10-01,2026-10-01 20:49:26.140928,7C6C18,C172,CESSNA AIRCRAFT COMPANY,172S,1c6903889a4b49402c60bc5aa971865d1656c582bcbf838e7c225a3f40b5ebd8,True,2
1408,1408,011026_ML.npy,2026-10-01,2026-10-01 20:49:26.494627,7C444D,P28A,PIPER AIRCRAFT CORP,PA-28-181,2440ca13343dd45ce435779fe289ca1eb14c51ddede7379bdd84e0ab901d7ecc,True,2
1409,1409,011026_ML.npy,2026-10-01,2026-10-01 20:49:28.526554,7C444D,P28A,PIPER AIRCRAFT CORP,PA-28-181,0d36269cd6079efe1259a070a063def2bc1bd8ec2a1ba2d69046862e7ae48137,True,4
1410,1410,011026_ML.npy,2026-10-01,2026-10-01 20:49:29.088399,7C444D,P28A,PIPER AIRCRAFT CORP,PA-28-181,93c2f65bc674d401a519b52a62d5ad1535aa690007ee220c62b5dd4437cb369c,True,5
1411,1411,011026_ML.npy,2026-10-01,2026-10-01 20:49:30.072130,7C444D,P28A,PIPER AIRCRAFT CORP,PA-28-181,4e16848c8dc285788170999e38498b564cf1c711772c3025b710924ca790dbc5,True,1
1412,1412,011026_ML.npy,2026-10-01,2026-10-01 20:49:30.246000,7C444D,P28A,PIPER AIRCRAFT CORP,PA-28-181,fe5b309051cd1cf20f38cbf7ec40b019384846d78bdca30897435ad03e318cfc,True,1
1413,1413,011026_ML.npy,2026-10-01,2026-10-01 20:49:30.517768,7C444D,P28A,PIPER AIRCRAFT CORP,PA-28-181,ba01298f82efdb2cc9ab0d236fe98de15677377159832e346bc5a79fa590e86d,True,1
1414,1414,011026_ML.npy,2026-10-01,2026-10-01 20:49:35.190965,7C444D,P28A,PIPER AIRCRAFT CORP,PA-28-181,2cd525a5ebc9815948226e1ed9fb74ff34fbf75c0a526be3add3e395ad5e7a9a,True,2
1415,1415,011026_ML.npy,2026-10-01,2026-10-01 20:49:36.998422,7C444D,P28A,PIPER AIRCRAFT CORP,PA-28-181,b76102b3a11ebad992bafebee4db6de1b2c3042a7362b59cd73fc9608d35c556,True,4
1416,1416,011026_ML.npy,2026-10-01,2026-10-01 20:49:38.782014,7C444D,P28A,PIPER AIRCRAFT CORP,PA-28-181,40db78d39c4880e2198d1f79e315b19da1ac7f2ee39c4cd8332ea93ff92387b0,True,1
1417,1417,011026_ML.npy,2026-10-01,2026-10-01 20:49:40.659709,7C444D,P28A,PIPER AIRCRAFT CORP,PA-28-181,01c84ec1dab19a564a1193317cb212172fc0ac598287f61de26e5197cc32d4a6,True,4
1418,1418,011026_ML.npy,2026-10-01,2026-10-01 20:49:41.129600,7C444D,P28A,PIPER AIRCRAFT CORP,PA-28-181,165766d22b0b0fc9b7b405c0aa01c2bbb270fb1f5a2eb179d7c006892f4e2c2f,True,3
1419,1419,011026_ML.npy,2026-10-01,2026-10-01 20:49:43.197081,7C444D,P28A,PIPER AIRCRAFT CORP,PA-28-181,8aea0d546429d93c52d9fb763fd89856eae9a126caf05bc99459a06e69e56dd1,True,2
1420,1420,011026_ML.npy,2026-10-01,2026-10-01 20:49:45.202382,7C444D,P28A,PIPER AIRCRAFT CORP,PA-28-181,2f5782862ec39a2b45ea180f015f85986963df540a72acd64126f0608ca0e6e9,True,3
1422,1422,011026_ML.npy,2026-10-01,2026-10-01 20:49:51.885404,7C444D,P28A,PIPER AIRCRAFT CORP,PA-28-181,540cbc0266b5f0f7dbc3f32efe426f1bc4ab8ae4d2c2a476c09d105479a3bec6,True,1
1424,1424,011026_ML.npy,2026-10-01,2026-10-01 20:49:52.744810,7C444D,P28A,PIPER AIRCRAFT CORP,PA-28-181,d8ca3e90afb3bc1d4dca52ed572384b0662a75fc6da6c43081f935eb45116e9f,True,1
1426,1426,011026_ML.npy,2026-10-01,2026-10-01 20:49:53.308801,7C444D,P28A,PIPER AIRCRAFT CORP,PA-28-181,82ef56b227366041983a4cf3152e66f5a25819393013f14ff1ec2b54d9a95930,True,5
1429,1429,011026_ML.npy,2026-10-01,2026-10-01 20:49:55.272287,7C444D,P28A,PIPER AIRCRAFT CORP,PA-28-181,effee381f31a3cb5027d59674789d58942e1f07fcd0a28329eb515cf32fe1f04,True,5
1437,1437,011026_ML.npy,2026-10-01,2026-10-01 20:50:05.119808,7C444D,P28A,PIPER AIRCRAFT CORP,PA-28-181,b72c7e7762a3574bda95680a1f62b7cdf5a7ef9af9db895cd33383c10f6f6052,True,5
1438,1438,011026_ML.npy,2026-10-01,2026-10-01 20:50:05.156178,7C444D,P28A,PIPER AIRCRAFT CORP,PA-28-181,d8ca3e90afb3bc1d4dca52ed572384b0662a75fc6da6c43081f935eb45116e9f,True,3
1444,1444,011026_ML.npy,2026-10-01,2026-10-01 20:50:14.814833,7C168B,DA40,DIAMOND AIRCRAFT INDUSTRIES INC.,DA 40,0ffa50d4876cd10433735353775a178880b99bbfb9188e6edaaf4a45d5218ce3,True,5
1446,1446,011026_ML.npy,2026-10-01,2026-10-01 20:50:18.024424,7C6C18,C172,CESSNA AIRCRAFT COMPANY,172S,2caa9a39f107b607afccddd50b3d416731f4655e0016f49e5b90f2b383ae8139,True,3
1449,1449,011026_ML.npy,2026-10-01,2026-10-01 20:50:18.430960,7C6C18,C172,CESSNA AIRCRAFT COMPANY,172S,6dedeb74544942311c88dd6b5bd1cfefbe70d2595af35fab92b10d220b9191e7,True,2
1453,1453,011026_ML.npy,2026-10-01,2026-10-01 20:50:19.950074,7C168B,DA40,DIAMOND AIRCRAFT INDUSTRIES INC.,DA 40,491181b264e8e96b55beb13f3d428d65b687266539e622549853b109fee5a76d,True,4
1470,1470,011026_ML.npy,2026-10-01,2026-10-01 20:52:35.915021,7C7B5E,DA40,DIAMOND AIRCRAFT INDUSTRIES INC.,DA 40,bcb208903006d2010134411fce8b8e1f7211f2fe7a87d1a36fc62efd77259cb9,True,3
1472,1472,011026_ML.npy,2026-10-01,2026-10-01 20:52:36.872843,7C7B5E,DA40,DIAMOND AIRCRAFT INDUSTRIES INC.,DA 40,73c9eb2ab9c3cffe0a701eaec3061e11481403c5ba3c0714c387ed6859c4d1ab,True,5
1473,1473,011026_ML.npy,2026-10-01,2026-10-01 20:52:38.384741,7C7B5E,DA40,DIAMOND AIRCRAFT INDUSTRIES INC.,DA 40,1b2196f735b4a457c964f596fb2a451d8bc7b10cfe946840a4382c65bebc55b6,True,5
1476,1476,011026_ML.npy,2026-10-01,2026-10-01 20:52:42.566566,7C7B5E,DA40,DIAMOND AIRCRAFT INDUSTRIES INC.,DA 40,7aed13544f427b985454db9543d6f5677a406b2e1244e8e41f9ecd786ae448d3,True,3
1479,1479,011026_ML.npy,2026-10-01,2026-10-01 20:52:54.032983,7C7B5E,DA40,DIAMOND AIRCRAFT INDUSTRIES INC.,DA 40,fe48b67aef39a1c3d809ee82e657e99d2143d8f536e7e2a3441e9e2094878aad,True,3
1484,1484,011026_ML.npy,2026-10-01,2026-10-01 20:53:00.470570,7C7B5E,DA40,DIAMOND AIRCRAFT INDUSTRIES INC.,DA 40,5ade3e4d11a8ee968aecdf2cd8600f81956f1caa5823e447342a7792e636ea6c,True,2
1491,1491,011026_ML.npy,2026-10-01,2026-10-01 20:53:46.292054,7C6C18,C172,CESSNA AIRCRAFT COMPANY,172S,203f99fc5ce3a09610df6060ca908e496d451043719572c6b25efbe7ae9cf6e2,True,3
1496,1496,011026_ML.npy,2026-10-01,2026-10-01 20:53:55.953577,7C6C18,C172,CESSNA AIRCRAFT COMPANY,172S,f23f34945f6c81b2c4815a2326f75d606ed94a46b38b509ffed0eeee881567c9,True,5
1505,1505,011026_ML.npy,2026-10-01,2026-10-01 20:54:09.921293,7C6C18,C172,CESSNA AIRCRAFT COMPANY,172S,9865772e2ab7a00771e16a488e6aa89b4be4def8c8f8ce92c0c23bb6463d364d,True,1
1509,1509,011026_ML.npy,2026-10-01,2026-10-01 20:54:18.550014,7C6C18,C172,CESSNA AIRCRAFT COMPANY,172S,203f99fc5ce3a09610df6060ca908e496d451043719572c6b25efbe7ae9cf6e2,True,3
1511,1511,011026_ML.npy,2026-10-01,2026-10-01 20:54:26.692148,7C6C18,C172,CESSNA AIRCRAFT COMPANY,172S,566bcf82177d795867e7db678249bafa6c69e76d875d9b80e87322f8b8467883,True,2
1514,1514,011026_ML.npy,2026-10-01,2026-10-01 20:54:49.167104,7C444D,P28A,PIPER AIRCRAFT CORP,PA-28-181,d8ca3e90afb3bc1d4dca52ed572384b0662a75fc6da6c43081f935eb45116e9f,True,3
1515,1515,011026_ML.npy,2026-10-01,2026-10-01 20:54:50.332847,7C444D,P28A,PIPER AIRCRAFT CORP,PA-28-181,7d8dc77b8a522a48446a7fae1e2dd275b20a5b0d482be44f184267b3d285d8ef,True,4
1516,1516,011026_ML.npy,2026-10-01,2026-10-01 20:54:50.918670,7C444D,P28A,PIPER AIRCRAFT CORP,PA-28-181,0a712d93c3b436632b6313eca8379ae14858b33e3b9968582f2fdcbbff01ea49,True,4
1517,1517,011026_ML.npy,2026-10-01,2026-10-01 20:54:51.650061,7C444D,P28A,PIPER AIRCRAFT CORP,PA-28-181,bdbea92283397c39fbb177d0e95a1912f7416a11383c2ccf93c282201996d94c,True,4
1518,1518,011026_ML.npy,2026-10-01,2026-10-01 20:54:53.845843,7C444D,P28A,PIPER AIRCRAFT CORP,PA-28-181,6bd8be8f2b45997584cdeb5e0f87feb83daba7284a1bab12be83b806da55c188,True,3
1519,1519,011026_ML.npy,2026-10-01,2026-10-01 20:54:54.400048,7C444D,P28A,PIPER AIRCRAFT CORP,PA-28-181,c6ae25a6a16550fa36effbaf0ef9445b9457ec7d58842b77d9e8eb2560469ea6,True,5
1520,1520,011026_ML.npy,2026-10-01,2026-10-01 20:54:55.445684,7C444D,P28A,PIPER AIRCRAFT CORP,PA-28-181,346edb5fd8b7a57192cf55ead0b5bc1d332814b766852fafdc6f762570c9b05a,True,1
1521,1521,011026_ML.npy,2026-10-01,2026-10-01 20:54:57.067089,7C444D,P28A,PIPER AIRCRAFT CORP,PA-28-181,e1ee452558107e79ec6632165cbfba33a3b8971eeae576839a6439037ea9c490,True,1
1522,1522,011026_ML.npy,2026-10-01,2026-10-01 20:55:01.104199,7C444D,P28A,PIPER AIRCRAFT CORP,PA-28-181,105b1004d6ea5c7dbe24236c07c21b66cb706eec5f3cbfaa27175958e472d01f,True,4
1523,1523,011026_ML.npy,2026-10-01,2026-10-01 20:55:01.419603,7C444D,P28A,PIPER AIRCRAFT CORP,PA-28-181,d8ca3e90afb3bc1d4dca52ed572384b0662a75fc6da6c43081f935eb45116e9f,True,3
1524,1524,011026_ML.npy,2026-10-01,2026-10-01 20:55:01.878079,7C444D,P28A,PIPER AIRCRAFT CORP,PA-28-181,bdbea92283397c39fbb177d0e95a1912f7416a11383c2ccf93c282201996d94c,True,3
1525,1525,011026_ML.npy,2026-10-01,2026-10-01 20:55:03.261812,7C444D,P28A,PIPER AIRCRAFT CORP,PA-28-181,091f877ac3c87048b99a8f43318664fdf1308d2732814483be30e1685db8bffa,True,2
1526,1526,011026_ML.npy,2026-10-01,2026-10-01 20:55:06.215192,7C444D,P28A,PIPER AIRCRAFT CORP,PA-28-181,fe6b5ce222b3460b4d8ef7280c3e12ec9570b43da7322cfbc4ffe01e11be0226,True,1
1527,1527,011026_ML.npy,2026-10-01,2026-10-01 20:55:06.385295,7C444D,P28A,PIPER AIRCRAFT CORP,PA-28-181,51347204602bb1cec46ee0ccfde48169f417a652ca6856cf3ef20af87f0b999c,True,4
1528,1528,011026_ML.npy,2026-10-01,2026-10-01 20:55:06.835038,7C444D,P28A,PIPER AIRCRAFT CORP,PA-28-181,1011914597bbe34045d42a125ca7d0303eca63a19dce219190a9d20953bbc7bc,True,5
1529,1529,011026_ML.npy,2026-10-01,2026-10-01 20:55:07.227067,7C444D,P28A,PIPER AIRCRAFT CORP,PA-28-181,79f8a1cba08bd83b3500846a17f38813e96ca6c4c87edfcef7acfb6feed5ed50,True,5
1530,1530,011026_ML.npy,2026-10-01,2026-10-01 20:55:07.820976,7C444D,P28A,PIPER AIRCRAFT CORP,PA-28-181,d103ed4f36ebea411e201d8237d7ae02c2b244bb2337aa6deeeaf0f0ef2ef8da,True,3
1531,1531,011026_ML.npy,2026-10-01,2026-10-01 20:55:12.651870,7C444D,P28A,PIPER AIRCRAFT CORP,PA-28-181,7b1e56978f97e4cc2278da417f53842aa1107492bec53e92b2a11e98e26361b7,True,1
1532,1532,011026_ML.npy,2026-10-01,2026-10-01 20:55:13.161581,7C444D,P28A,PIPER AIRCRAFT CORP,PA-28-181,2ec972378cb8bd11e2bf11aa05b74293194aa56d1ce8a1eec52e4c90c4285496,True,5
1533,1533,011026_ML.npy,2026-10-01,2026-10-01 20:55:14.003118,7C444D,P28A,PIPER AIRCRAFT CORP,PA-28-181,71164366c563507f5f35799d8e051daeb9720ad9765e88f776a76f4ca7b167b9,True,4
1534,1534,011026_ML.npy,2026-10-01,2026-10-01 20:55:14.023494,7C444D,P28A,PIPER AIRCRAFT CORP,PA-28-181,3cb53bd1f0082e8ea78902e5d67eff86e0ab056b23b59677228f13ed21bd2878,True,4
1535,1535,011026_ML.npy,2026-10-01,2026-10-01 20:55:14.476966,7C444D,P28A,PIPER AIRCRAFT CORP,PA-28-181,64d9a0657a06ef004d472b5157aa18193f2e9614bd88bdb4eb517bad7c4945cb,True,5
1536,1536,011026_ML.npy,2026-10-01,2026-10-01 20:55:16.514994,7C444D,P28A,PIPER AIRCRAFT CORP,PA-28-181,42b446d3059abe6bcbcb6959b3d1564fef6737a69bdc9c8e748b5a536901bf62,True,2
1537,1537,011026_ML.npy,2026-10-01,2026-10-01 20:55:17.636575,7C444D,P28A,PIPER AIRCRAFT CORP,PA-28-181,05b09a099506ab233cf725b284592962f3c1a85093bd8daf2b9ac9fe544eaa6d,True,3
1538,1538,011026_ML.npy,2026-10-01,2026-10-01 20:55:19.228277,7C444D,P28A,PIPER AIRCRAFT CORP,PA-28-181,8ebf45a791cb921475a5045c9bf59690cc6480e46816411d868dcc7aafc719fb,True,5
1539,1539,011026_ML.npy,2026-10-01,2026-10-01 20:55:20.621868,7C444D,P28A,PIPER AIRCRAFT CORP,PA-28-181,2087bf8642b85ff39fdae2a3df3c8f8cb2edc687ce4cf7a0c1a3bd32cafd410f,True,3
1540,1540,011026_ML.npy,2026-10-01,2026-10-01 20:55:21.971648,7C444D,P28A,PIPER AIRCRAFT CORP,PA-28-181,6abfab7ccc526064e9d1d050fe61df92f69540717633c09a8a1ba3f59ce50a7f,True,4
1541,1541,011026_ML.npy,2026-10-01,2026-10-01 20:55:27.598624,7C444D,P28A,PIPER AIRCRAFT CORP,PA-28-181,3987a48b8af0f6be5e251e994c6b8370be34350eabcab0ac7e1abfd4bb4198a4,True,3
1542,1542,011026_ML.npy,2026-10-01,2026-10-01 20:55:27.877906,7C444D,P28A,PIPER AIRCRAFT CORP,PA-28-181,e9aaa678d5960ad2ab5b5f6cbf30dddf86c7ec01bcde3a60afc2e8b574f9f511,True,4
1543,1543,011026_ML.npy,2026-10-01,2026-10-01 20:55:29.553846,7C444D,P28A,PIPER AIRCRAFT CORP,PA-28-181,53c326f092f1f45e39d391bbe1015de736c788a7df688cf81ae63e46b74efd8f,True,4
1546,1546,011026_ML.npy,2026-10-01,2026-10-01 20:55:39.867419,7C168B,DA40,DIAMOND AIRCRAFT INDUSTRIES INC.,DA 40,e245ca71b4cbccf511a927bc193dfb95b3fb4043d11328a0e36e80d60553ae9a,True,4
1561,1561,011026_ML.npy,2026-10-01,2026-10-01 20:56:00.636887,7C168B,DA40,DIAMOND AIRCRAFT INDUSTRIES INC.,DA 40,b57d9e55d58ab9eb986340e132cb7b0c08ccb653fc00d3106d61649fbc0b9a81,True,2
1563,1563,011026_ML.npy,2026-10-01,2026-10-01 20:56:05.276447,7C168B,DA40,DIAMOND AIRCRAFT INDUSTRIES INC.,DA 40,13f2f7c026ed06b51e1cb9d8796d21d064f0aaf159f154d44fec40fbc2532d1d,True,1
1576,1576,011026_ML.npy,2026-10-01,2026-10-01 20:56:28.843699,7C168B,DA40,DIAMOND AIRCRAFT INDUSTRIES INC.,DA 40,c14ce567d8866218b841c87cc9e71d23eb55a4741270cb6a9f0607848ae950c9,True,2
1579,1579,011026_ML.npy,2026-10-01,2026-10-01 20:57:54.788625,7C7B5E,DA40,DIAMOND AIRCRAFT INDUSTRIES INC.,DA 40,fcdf717182e790decf4d9a86095a968845912c52974f411433c2db2124e76606,True,3
1600,1600,011026_ML.npy,2026-10-01,2026-10-01 20:58:32.456482,7C7B5E,DA40,DIAMOND AIRCRAFT INDUSTRIES INC.,DA 40,750653fad5a4d5fe6a631013df43b14ac568e67ce09c423763e1793fa6eff602,True,3
1601,1601,011026_ML.npy,2026-10-01,2026-10-01 20:58:36.024511,7C7B5E,DA40,DIAMOND AIRCRAFT INDUSTRIES INC.,DA 40,556ebfc3a04653933c26feae5d723e48ce10e0d87856f5a35a71ff3bf4e97007,True,5
1609,1609,011026_ML.npy,2026-10-01,2026-10-01 21:00:19.225906,7C444D,P28A,PIPER AIRCRAFT CORP,PA-28-181,0fa8c3f585d322b838c01be2f05deb994bafa753bacc62149c6176b193be5eea,True,1
1610,1610,011026_ML.npy,2026-10-01,2026-10-01 21:00:25.216346,7C444D,P28A,PIPER AIRCRAFT CORP,PA-28-181,e6496a4fc43d4a769e1aa99372672b4282a82fdb38e25076f6b3548c571848f3,True,2
1611,1611,011026_ML.npy,2026-10-01,2026-10-01 21:00:26.158416,7C444D,P28A,PIPER AIRCRAFT CORP,PA-28-181,da3e34d35b2f62c027fc0bd55aac927725d8c49854d6d879226ce4f74a2ba1fc,True,5
1612,1612,011026_ML.npy,2026-10-01,2026-10-01 21:00:26.267893,7C444D,P28A,PIPER AIRCRAFT CORP,PA-28-181,d8ca3e90afb3bc1d4dca52ed572384b0662a75fc6da6c43081f935eb45116e9f,True,5
1613,1613,011026_ML.npy,2026-10-01,2026-10-01 21:00:26.731788,7C444D,P28A,PIPER AIRCRAFT CORP,PA-28-181,da3e34d35b2f62c027fc0bd55aac927725d8c49854d6d879226ce4f74a2ba1fc,True,5
1614,1614,011026_ML.npy,2026-10-01,2026-10-01 21:00:27.239910,7C444D,P28A,PIPER AIRCRAFT CORP,PA-28-181,342915a09429388f8646dfb49dbd486ee024949b94ff1d3c6fc56379eedb4d3e,True,3
1615,1615,011026_ML.npy,2026-10-01,2026-10-01 21:00:29.959470,7C444D,P28A,PIPER AIRCRAFT CORP,PA-28-181,8b7d871a332446420b2382974f67e01cb8d61216bacdc647d6e71ca46f45bc6e,True,5
1616,1616,011026_ML.npy,2026-10-01,2026-10-01 21:00:32.922638,7C444D,P28A,PIPER AIRCRAFT CORP,PA-28-181,b8c712e3f33cf18248d5cee67798585e435504bbf0683383a1ab0ea6803897bf,True,3
1617,1617,011026_ML.npy,2026-10-01,2026-10-01 21:00:33.073568,7C444D,P28A,PIPER AIRCRAFT CORP,PA-28-181,9aee504abbfbbd0797798b1aeaddcf3a3f506c2e3d0ab85a19d08533e9ea36b3,True,1
1618,1618,011026_ML.npy,2026-10-01,2026-10-01 21:00:33.490524,7C444D,P28A,PIPER AIRCRAFT CORP,PA-28-181,08a2e4cc07986e50fa3523573c3c42d704f0ccfcb6b75422d554a38921c7b47e,True,1
1619,1619,011026_ML.npy,2026-10-01,2026-10-01 21:00:35.415842,7C444D,P28A,PIPER AIRCRAFT CORP,PA-28-181,9993db6e799d46499c500b2a94a0b328a06d7257c512629a4580bd7811862417,True,5
1620,1620,011026_ML.npy,2026-10-01,2026-10-01 21:00:36.252143,7C444D,P28A,PIPER AIRCRAFT CORP,PA-28-181,d8ca3e90afb3bc1d4dca52ed572384b0662a75fc6da6c43081f935eb45116e9f,True,1
1621,1621,011026_ML.npy,2026-10-01,2026-10-01 21:00:37.855470,7C444D,P28A,PIPER AIRCRAFT CORP,PA-28-181,95f11c09115651a75d98cbee77466193b2d4c3f839a84670606a5d762736db0a,True,5
1622,1622,011026_ML.npy,2026-10-01,2026-10-01 21:00:38.213502,7C444D,P28A,PIPER AIRCRAFT CORP,PA-28-181,dc99114a26f58432614c5527db11e32c788c0de124c2a6bf09a85d105b36b8d4,True,2
1623,1623,011026_ML.npy,2026-10-01,2026-10-01 21:00:38.787125,7C444D,P28A,PIPER AIRCRAFT CORP,PA-28-181,d8ca3e90afb3bc1d4dca52ed572384b0662a75fc6da6c43081f935eb45116e9f,True,5
1624,1624,011026_ML.npy,2026-10-01,2026-10-01 21:00:39.215229,7C444D,P28A,PIPER AIRCRAFT CORP,PA-28-181,dc99114a26f58432614c5527db11e32c788c0de124c2a6bf09a85d105b36b8d4,True,5
1625,1625,011026_ML.npy,2026-10-01,2026-10-01 21:00:40.186849,7C444D,P28A,PIPER AIRCRAFT CORP,PA-28-181,38cf1ca0462bff6a9c3dd430fb9e963c3e645db95724b6b5e9964ca7e9743444,True,2
1626,1626,011026_ML.npy,2026-10-01,2026-10-01 21:00:40.877072,7C444D,P28A,PIPER AIRCRAFT CORP,PA-28-181,8d8699ac79b10c3a7e2f5df12fd1ffef334777af247581812a82f978f337dd90,True,4
1627,1627,011026_ML.npy,2026-10-01,2026-10-01 21:00:41.238808,7C444D,P28A,PIPER AIRCRAFT CORP,PA-28-181,0933db1b47975c8629c0b0decd67f7a19d98e475cde39be8a36ded0c5b6dad6d,True,3
1628,1628,011026_ML.npy,2026-10-01,2026-10-01 21:00:41.848675,7C444D,P28A,PIPER AIRCRAFT CORP,PA-28-181,bdbea92283397c39fbb177d0e95a1912f7416a11383c2ccf93c282201996d94c,True,3
1629,1629,011026_ML.npy,2026-10-01,2026-10-01 21:00:42.820379,7C444D,P28A,PIPER AIRCRAFT CORP,PA-28-181,5c273254ff36692d5ab935f55e41539cb30581af1e4ef1fffc882c6d147baeb0,True,1
1630,1630,011026_ML.npy,2026-10-01,2026-10-01 21:00:43.230356,7C444D,P28A,PIPER AIRCRAFT CORP,PA-28-181,db8070d525582954d78b7a09588b7105dea8c3a512d5b657486391bf9915bf41,True,3
1631,1631,011026_ML.npy,2026-10-01,2026-10-01 21:00:44.490117,7C444D,P28A,PIPER AIRCRAFT CORP,PA-28-181,acf14663673c0d771a4abd34922cbc5771f14c4c69c99587425033903c893c75,True,5
1632,1632,011026_ML.npy,2026-10-01,2026-10-01 21:00:46.301487,7C444D,P28A,PIPER AIRCRAFT CORP,PA-28-181,4bc8d32a7b0ba2cc69ece2ca64126f7210bcdbf0d5438181a93d58d11bca2a13,True,1
1633,1633,011026_ML.npy,2026-10-01,2026-10-01 21:00:46.853745,7C444D,P28A,PIPER AIRCRAFT CORP,PA-28-181,57988da042ab592938da6f24c9cf45d595ba71ccca1e4641e1e47eae1d53caa1,True,4
1634,1634,011026_ML.npy,2026-10-01,2026-10-01 21:00:47.181572,7C444D,P28A,PIPER AIRCRAFT CORP,PA-28-181,ebe88d5f9e33cb4e542181c205d54d2523bf6448e90f767b0c352f53a5841be0,True,3
1635,1635,011026_ML.npy,2026-10-01,2026-10-01 21:00:47.408395,7C444D,P28A,PIPER AIRCRAFT CORP,PA-28-181,3f2ec47d3c6a118cd48b166461fd1ae943e80a2097362204902ce22905fb2a0a,True,3
1636,1636,011026_ML.npy,2026-10-01,2026-10-01 21:00:48.655102,7C444D,P28A,PIPER AIRCRAFT CORP,PA-28-181,d7e8f6145ea9eae28d4f40df45ab122b448ac485c86a1d61568b38e2b0a55a20,True,3
1637,1637,011026_ML.npy,2026-10-01,2026-10-01 21:00:48.713218,7C444D,P28A,PIPER AIRCRAFT CORP,PA-28-181,d8ca3e90afb3bc1d4dca52ed572384b0662a75fc6da6c43081f935eb45116e9f,True,3
1638,1638,011026_ML.npy,2026-10-01,2026-10-01 21:00:49.510789,7C444D,P28A,PIPER AIRCRAFT CORP,PA-28-181,84199c5c3bdc49dd55ea7c88d642a29775f0119fd0e17fc6da941ba3d1f47f75,True,5
1639,1639,011026_ML.npy,2026-10-01,2026-10-01 21:00:51.794261,7C444D,P28A,PIPER AIRCRAFT CORP,PA-28-181,29e93debf0f9d91da7ba169ebd9700d0f2529d8c6963fa2c85bd1fb8eae33e45,True,2
1640,1640,011026_ML.npy,2026-10-01,2026-10-01 21:00:52.483716,7C444D,P28A,PIPER AIRCRAFT CORP,PA-28-181,7fc53b960019a2a80806319b392c3c0a8337a1909a1c5688139769585dea5074,True,2
1641,1641,011026_ML.npy,2026-10-01,2026-10-01 21:00:54.816015,7C444D,P28A,PIPER AIRCRAFT CORP,PA-28-181,1d8921606648953249710f176dbff658201bf47f2d6b7497212bc200c3d9f9b5,True,2
1642,1642,011026_ML.npy,2026-10-01,2026-10-01 21:00:56.215374,7C444D,P28A,PIPER AIRCRAFT CORP,PA-28-181,a9c38cca4fb91c203dc7df4fe57c50677aa5706fd64a278882472f25ab8b288d,True,5
1643,1643,011026_ML.npy,2026-10-01,2026-10-01 21:00:56.909363,7C444D,P28A,PIPER AIRCRAFT CORP,PA-28-181,531b684fa97f7fbd8a767223d682e0930d3dd54de3deb1d14c5cf9176d876bc0,True,5
1644,1644,011026_ML.npy,2026-10-01,2026-10-01 21:00:57.261150,7C444D,P28A,PIPER AIRCRAFT CORP,PA-28-181,bbcc2b0dcb1228e49ab4bffd82587a354bc7a47a2eedbd214f8ea642688f9913,True,5
1645,1645,011026_ML.npy,2026-10-01,2026-10-01 21:00:58.120737,7C444D,P28A,PIPER AIRCRAFT CORP,PA-28-181,5ed9af7cdc17de500655499f4cbf10a8d3bfe37657306a256e40a897b316bd21,True,1
1646,1646,011026_ML.npy,2026-10-01,2026-10-01 21:00:58.824746,7C444D,P28A,PIPER AIRCRAFT CORP,PA-28-181,d8ca3e90afb3bc1d4dca52ed572384b0662a75fc6da6c43081f935eb45116e9f,True,5
1647,1647,011026_ML.npy,2026-10-01,2026-10-01 21:00:58.988755,7C444D,P28A,PIPER AIRCRAFT CORP,PA-28-181,650382868e97de2cbadac3dc2281725388f3a74e00206aba6bd30a76194225bc,True,4
1648,1648,011026_ML.npy,2026-10-01,2026-10-01 21:01:00.538081,7C444D,P28A,PIPER AIRCRAFT CORP,PA-28-181,0a712d93c3b436632b6313eca8379ae14858b33e3b9968582f2fdcbbff01ea49,True,1
1649,1649,011026_ML.npy,2026-10-01,2026-10-01 21:01:01.512155,7C444D,P28A,PIPER AIRCRAFT CORP,PA-28-181,95bc3a82555b38713803e2ab02f7923724d479648d394168acf1f87667f70afb,True,1
1650,1650,011026_ML.npy,2026-10-01,2026-10-01 21:01:05.741004,7C444D,P28A,PIPER AIRCRAFT CORP,PA-28-181,85c5bf4efb17c233ec728fb592f5d939539bc49f8f230f7154fbe2aeeb6b36e8,True,3
1651,1651,011026_ML.npy,2026-10-01,2026-10-01 21:01:06.258696,7C444D,P28A,PIPER AIRCRAFT CORP,PA-28-181,813274fbdfe49e903f3f3ca74cec9bfe0fb5544b7a442ad81ff7626bd0ee2c37,True,1
1652,1652,011026_ML.npy,2026-10-01,2026-10-01 21:01:06.590791,7C444D,P28A,PIPER AIRCRAFT CORP,PA-28-181,44db3870d0fc7bd253826f464ef6228e0608348af78028db7ba7a2a2db77cded,True,4
1653,1653,011026_ML.npy,2026-10-01,2026-10-01 21:01:06.786874,7C444D,P28A,PIPER AIRCRAFT CORP,PA-28-181,813274fbdfe49e903f3f3ca74cec9bfe0fb5544b7a442ad81ff7626bd0ee2c37,True,5
1661,1661,011026_ML.npy,2026-10-01,2026-10-01 21:01:28.401656,7C168B,DA40,DIAMOND AIRCRAFT INDUSTRIES INC.,DA 40,3579a908b88cc584df2c0aa9b25b92d114e6b0f27da173cc29838f9ff8f275ac,True,5
1674,1674,011026_ML.npy,2026-10-01,2026-10-01 21:01:46.794757,7C41FD,DA40,DIAMOND AIRCRAFT INDUSTRIES INC.,DA 40,4cfd7791f6ca0a4189835739bf20f39bfb51e9b04ddfd9782aeb161edb9e7582,True,4
1683,1683,011026_ML.npy,2026-10-01,2026-10-01 21:01:57.160003,7C41FD,DA40,DIAMOND AIRCRAFT INDUSTRIES INC.,DA 40,ec478f12d30782eab0308a9c0d903dc0bf93be01bc8bfd2bfac0312d3c6303b3,True,1
1700,1700,011026_ML.npy,2026-10-01,2026-10-01 21:02:16.376441,7C41FD,DA40,DIAMOND AIRCRAFT INDUSTRIES INC.,DA 40,4346d8ef6ef628b16263142f6064011454cf1c6535b1e3c681f54da399824dff,True,3
1705,1705,011026_ML.npy,2026-10-01,2026-10-01 21:02:18.354903,7C41FD,DA40,DIAMOND AIRCRAFT INDUSTRIES INC.,DA 40,3c14d53f3234667f18e7b2ecd7034bca968d3c64d564a5dccd17ec63fd892393,True,4
1707,1707,011026_ML.npy,2026-10-01,2026-10-01 21:02:19.273730,7C41FD,DA40,DIAMOND AIRCRAFT INDUSTRIES INC.,DA 40,d99b99b8dd0c9d4d51fc0a16d8608a49fd3a762f78c7288514aa519894146124,True,3
1714,1714,011026_ML.npy,2026-10-01,2026-10-01 21:02:21.184703,7C41FD,DA40,DIAMOND AIRCRAFT INDUSTRIES INC.,DA 40,6ffeb2f5c8fcbceb1af8c7c90d608be4a07ca7125a2e85fb5f01c17ab1d36834,True,4
1732,1732,011026_ML.npy,2026-10-01,2026-10-01 21:03:15.182021,7C7B5E,DA40,DIAMOND AIRCRAFT INDUSTRIES INC.,DA 40,8f13fe76b4b14c76256e6e862eb9287fd4c24a84b1ee2e1df19c936b8a0d4c5f,True,5
1741,1741,011026_ML.npy,2026-10-01,2026-10-01 21:03:21.667493,7C7B5E,DA40,DIAMOND AIRCRAFT INDUSTRIES INC.,DA 40,ed415aa4dbf99143827b5da7a5ea016b4d073dbd7d03a129ac543e9cb2874e81,True,2
1742,1742,011026_ML.npy,2026-10-01,2026-10-01 21:03:22.207829,7C7B5E,DA40,DIAMOND AIRCRAFT INDUSTRIES INC.,DA 40,6a48dafdae48319ba7d95020c49908b80ad25bf55acc4071afe68779ef6ae4fb,True,1
1747,1747,011026_ML.npy,2026-10-01,2026-10-01 21:03:30.234863,7C7B5E,DA40,DIAMOND AIRCRAFT INDUSTRIES INC.,DA 40,235af36a591346547a774e0f832c781670683f28a067153dc7c4b7d1956fa24e,True,1
1758,1758,011026_ML.npy,2026-10-01,2026-10-01 21:05:25.108244,7C444D,P28A,PIPER AIRCRAFT CORP,PA-28-181,ad703c7c3f184ee5a0f6e961a1db7ed4e9b77a509eb812914eb4b84a8b6fae3b,True,2
1759,1759,011026_ML.npy,2026-10-01,2026-10-01 21:05:27.117749,7C444D,P28A,PIPER AIRCRAFT CORP,PA-28-181,b60153b72132527a4e389f0100a31f6650b6b0f1feaab2e2e3988f2d73a5f899,True,2
1760,1760,011026_ML.npy,2026-10-01,2026-10-01 21:05:30.874910,7C444D,P28A,PIPER AIRCRAFT CORP,PA-28-181,bdbea92283397c39fbb177d0e95a1912f7416a11383c2ccf93c282201996d94c,True,1
1761,1761,011026_ML.npy,2026-10-01,2026-10-01 21:05:31.720830,7C444D,P28A,PIPER AIRCRAFT CORP,PA-28-181,49a322f858b3fe1478a7d8220d5ea759f8ed172da9abeccca30234533cfe899f,True,2
1762,1762,011026_ML.npy,2026-10-01,2026-10-01 21:05:32.718345,7C444D,P28A,PIPER AIRCRAFT CORP,PA-28-181,8992cc7d00dd1a56c9a15ef71513de6df73157c7690dfb889f93e9765a786337,True,3
1763,1763,011026_ML.npy,2026-10-01,2026-10-01 21:05:33.710168,7C444D,P28A,PIPER AIRCRAFT CORP,PA-28-181,5ca9580c747d4c0fc1f5a6e456f6ee493131e6d2d35bb1f8466e841a9a84448f,True,2
1764,1764,011026_ML.npy,2026-10-01,2026-10-01 21:05:33.900587,7C444D,P28A,PIPER AIRCRAFT CORP,PA-28-181,d8ca3e90afb3bc1d4dca52ed572384b0662a75fc6da6c43081f935eb45116e9f,True,3
1765,1765,011026_ML.npy,2026-10-01,2026-10-01 21:05:34.846127,7C444D,P28A,PIPER AIRCRAFT CORP,PA-28-181,8cfb14c2dfcf45a733b14db32a93739ee3df1faa572924dec38a344ad4aebd76,True,5
1766,1766,011026_ML.npy,2026-10-01,2026-10-01 21:05:35.345658,7C444D,P28A,PIPER AIRCRAFT CORP,PA-28-181,cfbd82b93621722b5298f536b74a2512168b7c40c47081ed0bf6b4bcc9e90614,True,1
1767,1767,011026_ML.npy,2026-10-01,2026-10-01 21:05:35.919950,7C444D,P28A,PIPER AIRCRAFT CORP,PA-28-181,cfbd82b93621722b5298f536b74a2512168b7c40c47081ed0bf6b4bcc9e90614,True,2
1768,1768,011026_ML.npy,2026-10-01,2026-10-01 21:05:36.146249,7C444D,P28A,PIPER AIRCRAFT CORP,PA-28-181,0a712d93c3b436632b6313eca8379ae14858b33e3b9968582f2fdcbbff01ea49,True,4
1769,1769,011026_ML.npy,2026-10-01,2026-10-01 21:05:36.401492,7C444D,P28A,PIPER AIRCRAFT CORP,PA-28-181,d8ca3e90afb3bc1d4dca52ed572384b0662a75fc6da6c43081f935eb45116e9f,True,4
1770,1770,011026_ML.npy,2026-10-01,2026-10-01 21:05:37.561321,7C444D,P28A,PIPER AIRCRAFT CORP,PA-28-181,0de982f366089c9a566eca0cea2a36ce8052e380e23ed96e8169cb1bf181c1c6,True,3
1771,1771,011026_ML.npy,2026-10-01,2026-10-01 21:05:38.009298,7C444D,P28A,PIPER AIRCRAFT CORP,PA-28-181,6f6467013e241ea79cb1dfe1ccd2c410486575a53712245414348dcce0d7f5a0,True,1
1772,1772,011026_ML.npy,2026-10-01,2026-10-01 21:05:38.659244,7C444D,P28A,PIPER AIRCRAFT CORP,PA-28-181,3d17ba2cee6d48c3644b41d45851a5097f4e6025014498452346ed465494bb18,True,2
1773,1773,011026_ML.npy,2026-10-01,2026-10-01 21:05:39.033258,7C444D,P28A,PIPER AIRCRAFT CORP,PA-28-181,0c2bc1349d8c9720edcc8e4bc0a6dfdfaaa9a6bd059352a41a01c6b7f4bccdca,True,2
1774,1774,011026_ML.npy,2026-10-01,2026-10-01 21:05:39.171027,7C444D,P28A,PIPER AIRCRAFT CORP,PA-28-181,41715e1bafb163c3b1b1a383a59e348e0e66db1f658b06d60c75b40774a9e9ea,True,1
1775,1775,011026_ML.npy,2026-10-01,2026-10-01 21:05:40.160822,7C444D,P28A,PIPER AIRCRAFT CORP,PA-28-181,64825e22f3cdd197ac7cf78259445764dc3797ef67850c1238862308f90e7409,True,5
1776,1776,011026_ML.npy,2026-10-01,2026-10-01 21:05:45.145932,7C444D,P28A,PIPER AIRCRAFT CORP,PA-28-181,1db3b70d6b008f3325c9d6c6dadda03f1bf8c20e787ad85bea4a79bf622f6319,True,1
1777,1777,011026_ML.npy,2026-10-01,2026-10-01 21:05:45.894995,7C444D,P28A,PIPER AIRCRAFT CORP,PA-28-181,048e9d9b2cf7f54ac7ffce99d96f93b355f18de3a98956f65fc3ff37ce3d8749,True,5
1778,1778,011026_ML.npy,2026-10-01,2026-10-01 21:05:46.358844,7C444D,P28A,PIPER AIRCRAFT CORP,PA-28-181,40122d0313c2bc2edbaa6b1fd12f0dc7849cecf5707647a93949d881cded34d7,True,5
1779,1779,011026_ML.npy,2026-10-01,2026-10-01 21:05:47.239270,7C444D,P28A,PIPER AIRCRAFT CORP,PA-28-181,0a8b491b1b838d6eb8b1ba98307dec866cc2fd0bdd6a0661461c95f9ad0a2e0a,True,2
1780,1780,011026_ML.npy,2026-10-01,2026-10-01 21:05:48.182766,7C444D,P28A,PIPER AIRCRAFT CORP,PA-28-181,c3b6232a99630dd89b3d8c4cd9cb92e0e72e3fc97241ef50aac1e1e944d87a51,True,3
1781,1781,011026_ML.npy,2026-10-01,2026-10-01 21:05:50.874150,7C444D,P28A,PIPER AIRCRAFT CORP,PA-28-181,8b57c7277086043a6e3a61b35e0a3e258ea8157571da68542d4cf48f3e2c652b,True,1
1782,1782,011026_ML.npy,2026-10-01,2026-10-01 21:05:53.457733,7C444D,P28A,PIPER AIRCRAFT CORP,PA-28-181,7b69771a89f7eae663fdd9dc8a743bdb29bcf431458e38e216f0c6506bef1b02,True,3
1783,1783,011026_ML.npy,2026-10-01,2026-10-01 21:05:55.659336,7C444D,P28A,PIPER AIRCRAFT CORP,PA-28-181,bdbea92283397c39fbb177d0e95a1912f7416a11383c2ccf93c282201996d94c,True,1
1784,1784,011026_ML.npy,2026-10-01,2026-10-01 21:05:59.713789,7C444D,P28A,PIPER AIRCRAFT CORP,PA-28-181,c400a8c40009bca175c34cecc589661885fa3aec3f9470d6197ce772636e8b82,True,2
1785,1785,011026_ML.npy,2026-10-01,2026-10-01 21:06:01.299955,7C444D,P28A,PIPER AIRCRAFT CORP,PA-28-181,d3fd39121ebadd1b38fb5cfc811923753d55ba9f66ab6747e2d74911a007dc4a,True,4
1786,1786,011026_ML.npy,2026-10-01,2026-10-01 21:06:01.817886,7C444D,P28A,PIPER AIRCRAFT CORP,PA-28-181,b9f87d33ded47f713428f8f708e864288bd3bcb4ec11fba32fa9ceb911d2a4dc,True,2
1787,1787,011026_ML.npy,2026-10-01,2026-10-01 21:06:03.787458,7C444D,P28A,PIPER AIRCRAFT CORP,PA-28-181,dee3c18ad8576671deab78ab56994d69ea97b52247110c34844ec7ec836e78b7,True,1
1788,1788,011026_ML.npy,2026-10-01,2026-10-01 21:06:04.641517,7C444D,P28A,PIPER AIRCRAFT CORP,PA-28-181,6b1a7e70a681a335c1fc5ce399bf6a189dd98e6ff86e0f5d0a047ad84602918d,True,1
1789,1789,011026_ML.npy,2026-10-01,2026-10-01 21:06:06.302834,7C444D,P28A,PIPER AIRCRAFT CORP,PA-28-181,d8ca3e90afb3bc1d4dca52ed572384b0662a75fc6da6c43081f935eb45116e9f,True,4
1790,1790,011026_ML.npy,2026-10-01,2026-10-01 21:06:07.088718,7C444D,P28A,PIPER AIRCRAFT CORP,PA-28-181,ce652f15e50880d3531050c1e25eb3d3b0bcd47dc6296604549a350a3cbca6e4,True,3
1791,1791,011026_ML.npy,2026-10-01,2026-10-01 21:06:09.118320,7C444D,P28A,PIPER AIRCRAFT CORP,PA-28-181,61c3b4ded9bcc53db095fb5d206e0464393ed3b3afbe8164eaf4e3d99fa4130f,True,1
1792,1792,011026_ML.npy,2026-10-01,2026-10-01 21:06:09.816036,7C444D,P28A,PIPER AIRCRAFT CORP,PA-28-181,406c1a93fa78a0d0707837b95634c1685376bf7eab3fd726d5a7e032752a66bb,True,1
1793,1793,011026_ML.npy,2026-10-01,2026-10-01 21:06:12.953368,7C444D,P28A,PIPER AIRCRAFT CORP,PA-28-181,209fb24ba19b4d71ee80000c326de1f76421d8d53aca1ab5e7c4066b28743380,True,5
1795,1795,011026_ML.npy,2026-10-01,2026-10-01 21:06:15.364778,7C444D,P28A,PIPER AIRCRAFT CORP,PA-28-181,5962cfcb7a5abb1901478a51121960fe9618e3624d5e4021b9de472ce6abe267,True,3
1797,1797,011026_ML.npy,2026-10-01,2026-10-01 21:06:16.002405,7C444D,P28A,PIPER AIRCRAFT CORP,PA-28-181,0a712d93c3b436632b6313eca8379ae14858b33e3b9968582f2fdcbbff01ea49,True,5
1798,1798,011026_ML.npy,2026-10-01,2026-10-01 21:06:16.164612,7C444D,P28A,PIPER AIRCRAFT CORP,PA-28-181,d8ca3e90afb3bc1d4dca52ed572384b0662a75fc6da6c43081f935eb45116e9f,True,2
1799,1799,011026_ML.npy,2026-10-01,2026-10-01 21:06:17.476805,7C168B,DA40,DIAMOND AIRCRAFT INDUSTRIES INC.,DA 40,8f0fbc15c6a7b25eab2673cc30bdb8fd621b1ee83a8cc0ee8e1de904cf6246ab,True,1
1809,1809,011026_ML.npy,2026-10-01,2026-10-01 21:06:31.207568,7C168B,DA40,DIAMOND AIRCRAFT INDUSTRIES INC.,DA 40,92857be6b5f998c1140cd3306d2b18582340ca8ff74ae736b7ea26c3ca49c78c,True,2
1815,1815,011026_ML.npy,2026-10-01,2026-10-01 21:06:38.986125,7C168B,DA40,DIAMOND AIRCRAFT INDUSTRIES INC.,DA 40,3a6057a1f8d2012ffe2ca74bb6e7c4bb4e053e23807d7bc5a6237edfdc9255da,True,3
1821,1821,011026_ML.npy,2026-10-01,2026-10-01 21:06:47.713582,7C168B,DA40,DIAMOND AIRCRAFT INDUSTRIES INC.,DA 40,973236a70a838e5d0ca302cc5ebf6c22223532a1ebb8c633b6997ac0ded427c8,True,1
1828,1828,011026_ML.npy,2026-10-01,2026-10-01 21:07:40.489117,7C41FD,DA40,DIAMOND AIRCRAFT INDUSTRIES INC.,DA 40,4ddf90072f37d77c04212cbe808273469cd8cbf7221c1f29a91be1db75ac1bf3,True,3
1839,1839,011026_ML.npy,2026-10-01,2026-10-01 21:07:56.251975,7C41FD,DA40,DIAMOND AIRCRAFT INDUSTRIES INC.,DA 40,272184d0d363493a6a882d6c8d129563d5cacd94bc33740b6ee1fddf987de1cb,True,3
1846,1846,011026_ML.npy,2026-10-01,2026-10-01 21:08:04.278431,7C41FD,DA40,DIAMOND AIRCRAFT INDUSTRIES INC.,DA 40,2e6d75059e70ef45931e7400ad3a39fc4339c5208533f41de88919fce00cd133,True,4
1848,1848,011026_ML.npy,2026-10-01,2026-10-01 21:08:07.388014,7C41FD,DA40,DIAMOND AIRCRAFT INDUSTRIES INC.,DA 40,4f85da9b0f3bcd0b984c60917165ef55dd62eb612b50959ab335e3803f386179,True,4
1849,1849,011026_ML.npy,2026-10-01,2026-10-01 21:08:08.246137,7C41FD,DA40,DIAMOND AIRCRAFT INDUSTRIES INC.,DA 40,c51f3d0e95c90133191d9828e5601af5c6afa3e4aa3bc068d3d0105929ee9a10,True,4
1852,1852,011026_ML.npy,2026-10-01,2026-10-01 21:08:11.229307,7C41FD,DA40,DIAMOND AIRCRAFT INDUSTRIES INC.,DA 40,ca3c431819122b2a9e842a54a6e771d97c78dfd9bf3576dcd5186f0cefafb50c,True,5
1869,1869,011026_ML.npy,2026-10-01,2026-10-01 21:08:43.204994,7C7B5E,DA40,DIAMOND AIRCRAFT INDUSTRIES INC.,DA 40,be34451f0f55b5684472726c1133d8021fe73a24280c4799964fc5242b392789,True,2
1882,1882,011026_ML.npy,2026-10-01,2026-10-01 21:09:00.403009,7C7B5E,DA40,DIAMOND AIRCRAFT INDUSTRIES INC.,DA 40,bdce5c4def9423210b83f8523859963961fd1dc6cb283a2401e43fa2d0ecd06e,True,4
1908,1908,011026_ML.npy,2026-10-01,2026-10-01 21:09:45.623972,7C7C3E,DA40,DIAMOND AIRCRAFT INDUSTRIES INC.,DA 40,9853ab1912d7277ccdc8f68267caaaa0d65b93331995eb1d4f50bead9af7e9c2,True,2
1919,1919,011026_ML.npy,2026-10-01,2026-10-01 21:09:59.193803,7C7C3E,DA40,DIAMOND AIRCRAFT INDUSTRIES INC.,DA 40,49fad2500c9f5194a327c497a8b86be51b4db73f181607b7426b1279026589a2,True,1
1951,1951,011026_ML.npy,2026-10-01,2026-10-01 21:10:40.532689,7C444D,P28A,PIPER AIRCRAFT CORP,PA-28-181,21df5119f44a8494948440b89b10c9903e663dbcc1b7c794d84d2f220a980526,True,4
1952,1952,011026_ML.npy,2026-10-01,2026-10-01 21:10:42.119926,7C444D,P28A,PIPER AIRCRAFT CORP,PA-28-181,489d111568b30e1d208dad193a68e17517d0fe9345b18d06f4e6adb3df744c75,True,4
1953,1953,011026_ML.npy,2026-10-01,2026-10-01 21:10:42.829786,7C444D,P28A,PIPER AIRCRAFT CORP,PA-28-181,6ece3e56929b36905e1c6e491fec54b95f5b56c61fc4063f27864424e85507f9,True,3
1954,1954,011026_ML.npy,2026-10-01,2026-10-01 21:10:44.244027,7C444D,P28A,PIPER AIRCRAFT CORP,PA-28-181,b57a4d25270eb96d8c9b9571fee014c9c776c1483958a37ff3bbaf83df334648,True,3
1955,1955,011026_ML.npy,2026-10-01,2026-10-01 21:10:46.171309,7C444D,P28A,PIPER AIRCRAFT CORP,PA-28-181,a21e367e1a9f62369f5c56208faf84ec1920fd1cf903ecc34491d6d279a67fee,True,4
1956,1956,011026_ML.npy,2026-10-01,2026-10-01 21:10:51.997818,7C444D,P28A,PIPER AIRCRAFT CORP,PA-28-181,23e9265f68b302daf5dd98a7987784e67dd3b97f0320eb0543abfe4b9b3afa4f,True,5
1957,1957,011026_ML.npy,2026-10-01,2026-10-01 21:10:53.747540,7C444D,P28A,PIPER AIRCRAFT CORP,PA-28-181,74d3d0e97f01171bca182250085461a60a59e3264614ad2e73e4de8b3ba19b14,True,3
1958,1958,011026_ML.npy,2026-10-01,2026-10-01 21:10:57.756564,7C444D,P28A,PIPER AIRCRAFT CORP,PA-28-181,c0c238e03fee0bc46b90fcd9157ac3a11b4a69b37a6a89293c801ed2b9ef078a,True,5
1959,1959,011026_ML.npy,2026-10-01,2026-10-01 21:11:00.756220,7C444D,P28A,PIPER AIRCRAFT CORP,PA-28-181,87af2bdd208083498f3cf8f0d0c3ee28ef7c41652db97ab310b3bc45945e209c,True,2
1960,1960,011026_ML.npy,2026-10-01,2026-10-01 21:11:01.021954,7C444D,P28A,PIPER AIRCRAFT CORP,PA-28-181,bdbea92283397c39fbb177d0e95a1912f7416a11383c2ccf93c282201996d94c,True,4
1961,1961,011026_ML.npy,2026-10-01,2026-10-01 21:11:01.641683,7C444D,P28A,PIPER AIRCRAFT CORP,PA-28-181,df1f3c6ef789a86fd3de74ec3b597c54fd08e5278e5d382880649ddc422c2197,True,4
1962,1962,011026_ML.npy,2026-10-01,2026-10-01 21:11:02.187652,7C444D,P28A,PIPER AIRCRAFT CORP,PA-28-181,135bae2dec7cf1214c64c2baa811adbf0c891a67a44ed5939fcb42921b6f187b,True,3
1963,1963,011026_ML.npy,2026-10-01,2026-10-01 21:11:04.678827,7C444D,P28A,PIPER AIRCRAFT CORP,PA-28-181,1a360411f41fa32b2cf5a25474b9357732d008ed7689f2e94d240bd7bdbb0ff8,True,5
1964,1964,011026_ML.npy,2026-10-01,2026-10-01 21:11:05.990721,7C444D,P28A,PIPER AIRCRAFT CORP,PA-28-181,9130c0520fb486cc8667b369feda40317f69c2d160154b4752a4f809625f36d2,True,1
1965,1965,011026_ML.npy,2026-10-01,2026-10-01 21:11:06.946725,7C444D,P28A,PIPER AIRCRAFT CORP,PA-28-181,f30380a11ecaa5bf3dd7ebbe5af8aef21829b8dcb7c78090566382255c568c15,True,4
1966,1966,011026_ML.npy,2026-10-01,2026-10-01 21:11:07.430306,7C444D,P28A,PIPER AIRCRAFT CORP,PA-28-181,2374f7d4d7244c5441aa2e0386b34fd7d498a21c1fde10f7ab9eb60bd0910e16,True,4
1967,1967,011026_ML.npy,2026-10-01,2026-10-01 21:11:10.497463,7C444D,P28A,PIPER AIRCRAFT CORP,PA-28-181,d8ca3e90afb3bc1d4dca52ed572384b0662a75fc6da6c43081f935eb45116e9f,True,3
1968,1968,011026_ML.npy,2026-10-01,2026-10-01 21:11:13.002693,7C444D,P28A,PIPER AIRCRAFT CORP,PA-28-181,14e3660c8587a3eae193b64ac24f714a2edc1c7261e7981803e8160e45f45b4e,True,1
1970,1970,011026_ML.npy,2026-10-01,2026-10-01 21:11:13.447049,7C444D,P28A,PIPER AIRCRAFT CORP,PA-28-181,bfca04b4069d786d1e6592eed86479bd41558017b01f72b9604f8ea0cd629327,True,5
1971,1971,011026_ML.npy,2026-10-01,2026-10-01 21:11:18.683989,7C444D,P28A,PIPER AIRCRAFT CORP,PA-28-181,28219d70e18fbf47106d31c180602fd28a2c1033bd7210f98019d0d1c74e98fd,True,5
1972,1972,011026_ML.npy,2026-10-01,2026-10-01 21:11:19.867920,7C444D,P28A,PIPER AIRCRAFT CORP,PA-28-181,883c99f1ab9775f6dfd0dcea56b4f4d1bb91acfbb84825ecc07dee6e05229e71,True,4
1973,1973,011026_ML.npy,2026-10-01,2026-10-01 21:11:22.375045,7C444D,P28A,PIPER AIRCRAFT CORP,PA-28-181,e56c9312bc4d527e96e5c0ce696c75f7718e7f71ce5686598b2e1b43e310c41e,True,5
1974,1974,011026_ML.npy,2026-10-01,2026-10-01 21:11:22.421080,7C444D,P28A,PIPER AIRCRAFT CORP,PA-28-181,7ddb3b23eab320ea9c2fced0f1d3b527bf6b7f4548bb754bbe666f2c4906d490,True,3
1975,1975,011026_ML.npy,2026-10-01,2026-10-01 21:11:24.054774,7C444D,P28A,PIPER AIRCRAFT CORP,PA-28-181,f485a614e1140f5df1746ba91ebb28bd182155209364f8b6317ef993b86427cf,True,5
1976,1976,011026_ML.npy,2026-10-01,2026-10-01 21:11:24.646571,7C444D,P28A,PIPER AIRCRAFT CORP,PA-28-181,1915fa7fa8c74b8392b42386cf0244fed361da5798a2017a4dd9b670a087a7bf,True,3
1977,1977,011026_ML.npy,2026-10-01,2026-10-01 21:11:25.500398,7C444D,P28A,PIPER AIRCRAFT CORP,PA-28-181,b78b4f159f14710ff9d904a653443e32345f71ca5972f81307abd2f4aedada37,True,2
1978,1978,011026_ML.npy,2026-10-01,2026-10-01 21:11:26.006210,7C444D,P28A,PIPER AIRCRAFT CORP,PA-28-181,f516e079787f943c2c8599071d2b02fcb86658bbcee0e7ea9f8b47d96dc0e3b3,True,2
1979,1979,011026_ML.npy,2026-10-01,2026-10-01 21:11:27.151762,7C444D,P28A,PIPER AIRCRAFT CORP,PA-28-181,2b59f1c00d5e44cfb682c9e6803701109136698e003119d75e6b6543fc597859,True,5
1980,1980,011026_ML.npy,2026-10-01,2026-10-01 21:11:28.491749,7C444D,P28A,PIPER AIRCRAFT CORP,PA-28-181,76e7be0aa376eab657665d759bbd9f17831ae08cbf617f082c39d1bf7c30eab2,True,5
1981,1981,011026_ML.npy,2026-10-01,2026-10-01 21:11:36.681753,7C444D,P28A,PIPER AIRCRAFT CORP,PA-28-181,8a4b43cbf92fc39812d6f175d06c0c6017a315538ec559d8fc4c02b68d6a65b9,True,3
1983,1983,011026_ML.npy,2026-10-01,2026-10-01 21:11:45.823942,7C168B,DA40,DIAMOND AIRCRAFT INDUSTRIES INC.,DA 40,440871cd7a2898c8c0eb70876565f22a43774704e6eb6a53ee10c94d3a0627ad,True,1
1985,1985,011026_ML.npy,2026-10-01,2026-10-01 21:11:48.131266,7C444D,P28A,PIPER AIRCRAFT CORP,PA-28-181,64a96e68ea013c84667526b0334eea5a2885fb43ff24c12963f7f924e1eea1a2,True,1
1988,1988,011026_ML.npy,2026-10-01,2026-10-01 21:11:49.593111,7C444D,P28A,PIPER AIRCRAFT CORP,PA-28-181,2013faa698bf9a5899d85d727c02063496b0b779ddfb66c36d1cad48f4a7a5e8,True,5
2012,2012,011026_ML.npy,2026-10-01,2026-10-01 21:13:29.717397,7C41FD,DA40,DIAMOND AIRCRAFT INDUSTRIES INC.,DA 40,a9a6458b763fbda0007be3b4ade5cb136e04e022ef055dc041e8c2660bd92969,True,5
2018,2018,011026_ML.npy,2026-10-01,2026-10-01 21:13:35.555424,7C41FD,DA40,DIAMOND AIRCRAFT INDUSTRIES INC.,DA 40,55c51ccbbcc40f1e0257e3232bdf5d08520a2675ed190b061fa01c0d4d9081d7,True,4
2027,2027,011026_ML.npy,2026-10-01,2026-10-01 21:13:44.894927,7C41FD,DA40,DIAMOND AIRCRAFT INDUSTRIES INC.,DA 40,0335e45aa20675a94fd1ffdbf966e1e69fd62f1a54d94b4386aaba3c13eb1dd6,True,5
2074,2074,011026_ML.npy,2026-10-01,2026-10-01 21:14:44.549625,7C41FD,DA40,DIAMOND AIRCRAFT INDUSTRIES INC.,DA 40,46d2ebc9cc73c22ae3155f7a5db859369187a503130c4c53a58d0564f37af3c8,True,1
2081,2081,011026_ML.npy,2026-10-01,2026-10-01 21:14:48.612849,7C41FD,DA40,DIAMOND AIRCRAFT INDUSTRIES INC.,DA 40,205a8d6b19ce2d80706cf0b9c0b177f4e89a40d5f8088255810fc235c0d89a42,True,1
2096,2096,011026_ML.npy,2026-10-01,2026-10-01 21:15:02.390659,7C41FD,DA40,DIAMOND AIRCRAFT INDUSTRIES INC.,DA 40,17ba01ac1a8467c11ac02e7a55c9205d7c6551281ecec25327c1b0d0258df0c5,True,2
2099,2099,011026_ML.npy,2026-10-01,2026-10-01 21:15:05.277124,7C41FD,DA40,DIAMOND AIRCRAFT INDUSTRIES INC.,DA 40,43fde37e477ab8223aa27a6f7faa894eca8b9efa3d95ba2344318919f1be8081,True,1
2134,2134,011026_ML.npy,2026-10-01,2026-10-01 21:16:27.022000,7C444D,P28A,PIPER AIRCRAFT CORP,PA-28-181,1060097256835f931e62eb3c6eb0d5cc3447fb97fc39f8b80b97124124d20624,True,4
2135,2135,011026_ML.npy,2026-10-01,2026-10-01 21:16:27.537831,7C444D,P28A,PIPER AIRCRAFT CORP,PA-28-181,ec5061ef0c69f0cc95dc56362f2f6e39a8c1f66a5120dfb1b5bfe46399e3aa7d,True,3
2136,2136,011026_ML.npy,2026-10-01,2026-10-01 21:16:30.957285,7C444D,P28A,PIPER AIRCRAFT CORP,PA-28-181,fa028a6b232efcfa88f17efbbe5ac45b19bea8437a531f7f81efcee6affaf7a0,True,2
2137,2137,011026_ML.npy,2026-10-01,2026-10-01 21:16:32.236989,7C444D,P28A,PIPER AIRCRAFT CORP,PA-28-181,d8ca3e90afb3bc1d4dca52ed572384b0662a75fc6da6c43081f935eb45116e9f,True,5
2138,2138,011026_ML.npy,2026-10-01,2026-10-01 21:16:35.060312,7C444D,P28A,PIPER AIRCRAFT CORP,PA-28-181,0a712d93c3b436632b6313eca8379ae14858b33e3b9968582f2fdcbbff01ea49,True,5
2139,2139,011026_ML.npy,2026-10-01,2026-10-01 21:16:35.546116,7C444D,P28A,PIPER AIRCRAFT CORP,PA-28-181,b9a45639da104dc4d1ad7aecea5d4a263c4d8cbf8080b7477006edba0cbb295f,True,5
2140,2140,011026_ML.npy,2026-10-01,2026-10-01 21:16:35.949921,7C444D,P28A,PIPER AIRCRAFT CORP,PA-28-181,94ff0b2394ce27a99372c645dc381f59dfac2d6ec47a65c403600d48989ac968,True,5
2142,2142,011026_ML.npy,2026-10-01,2026-10-01 21:16:37.677575,7C444D,P28A,PIPER AIRCRAFT CORP,PA-28-181,d6f50897aab57781d37ad63b4d19f9776d7fdac0ab65d04d6ef12493019b81c7,True,4
2143,2143,011026_ML.npy,2026-10-01,2026-10-01 21:16:39.073173,7C444D,P28A,PIPER AIRCRAFT CORP,PA-28-181,a5c834e8a910811bbb324f01af85f6647d3a2e9e2af2501181192e5ff2d813bf,True,1
2144,2144,011026_ML.npy,2026-10-01,2026-10-01 21:16:44.258164,7C444D,P28A,PIPER AIRCRAFT CORP,PA-28-181,746e3cbfcfa7a322aefc9e3921d286db4d95b24914e03b968771cdfc1b1a2e7f,True,3
2145,2145,011026_ML.npy,2026-10-01,2026-10-01 21:16:44.898035,7C444D,P28A,PIPER AIRCRAFT CORP,PA-28-181,c52abfaf45991e45d7168714e31cbdb9b0aa621819e86cabeb12dc85d0f8754e,True,3
2146,2146,011026_ML.npy,2026-10-01,2026-10-01 21:16:46.737794,7C444D,P28A,PIPER AIRCRAFT CORP,PA-28-181,861b67ae4976992d6bdf5084617a571e35e67443333b2c72933298cd8650c533,True,1
2147,2147,011026_ML.npy,2026-10-01,2026-10-01 21:16:48.052877,7C444D,P28A,PIPER AIRCRAFT CORP,PA-28-181,3ff818b76a1501caeb70eaa24dcbf099a832a4296d6674934feb461e8bded1f8,True,2
2148,2148,011026_ML.npy,2026-10-01,2026-10-01 21:16:49.019036,7C444D,P28A,PIPER AIRCRAFT CORP,PA-28-181,11351adc06fe396b457474a5b911d6133fad5662da000e36c487583799c6a229,True,5
2149,2149,011026_ML.npy,2026-10-01,2026-10-01 21:16:52.414025,7C444D,P28A,PIPER AIRCRAFT CORP,PA-28-181,2d881d97e1845c10281811dfd7c74ea12a783a5c550f695c03ffdd521f62b898,True,3
2150,2150,011026_ML.npy,2026-10-01,2026-10-01 21:16:53.347700,7C444D,P28A,PIPER AIRCRAFT CORP,PA-28-181,ca566733b19cd997372670f85ad2e332416240376c652252b291aeb153e8772f,True,5
2151,2151,011026_ML.npy,2026-10-01,2026-10-01 21:16:54.253567,7C444D,P28A,PIPER AIRCRAFT CORP,PA-28-181,690ed8839bd679dcaffc28cbd38ac00080ecd92aef44491d9a428586c659962c,True,4
2152,2152,011026_ML.npy,2026-10-01,2026-10-01 21:16:55.725789,7C444D,P28A,PIPER AIRCRAFT CORP,PA-28-181,bdbea92283397c39fbb177d0e95a1912f7416a11383c2ccf93c282201996d94c,True,1
2153,2153,011026_ML.npy,2026-10-01,2026-10-01 21:16:57.251653,7C444D,P28A,PIPER AIRCRAFT CORP,PA-28-181,9fa2b9c98f4a2d953798720c3d77aa70c964de557359447755deb8820421e618,True,1
2154,2154,011026_ML.npy,2026-10-01,2026-10-01 21:17:00.288554,7C444D,P28A,PIPER AIRCRAFT CORP,PA-28-181,2adfc523d9534567d39349e7c56820082d4245ef9e77df786d8203ff811589c8,True,1
2155,2155,011026_ML.npy,2026-10-01,2026-10-01 21:17:03.957623,7C444D,P28A,PIPER AIRCRAFT CORP,PA-28-181,f5704bf479bfc9188901dc978522734bdb1ad2598b2e1ec3251ce513b279b057,True,3
2157,2157,011026_ML.npy,2026-10-01,2026-10-01 21:17:05.449133,7C444D,P28A,PIPER AIRCRAFT CORP,PA-28-181,e96980d852059c6429b94517753494d0d9d6465b4419d952996f58476e60e0dc,True,2
2158,2158,011026_ML.npy,2026-10-01,2026-10-01 21:17:05.947302,7C444D,P28A,PIPER AIRCRAFT CORP,PA-28-181,73eb310fcf813197b83ec50dfc69783763b4d7f7471beaa2b4b32a9ab11f5be1,True,4
2161,2161,011026_ML.npy,2026-10-01,2026-10-01 21:17:09.198603,7C444D,P28A,PIPER AIRCRAFT CORP,PA-28-181,54a83968b0e9f0b46987323f9b006de6c9f9edd7c59e6e91adb0162a92e573bf,True,2
2162,2162,011026_ML.npy,2026-10-01,2026-10-01 21:17:09.260525,7C444D,P28A,PIPER AIRCRAFT CORP,PA-28-181,9cf45d69ec86c88d1be10dfa387ad627c178416e0f01e30a4dadc30387500b60,True,2
2163,2163,011026_ML.npy,2026-10-01,2026-10-01 21:17:09.698589,7C444D,P28A,PIPER AIRCRAFT CORP,PA-28-181,c6d2684000ddb0be8ceea3f226258191e2d7a559d08f643bbe47e5114bcf2e42,True,4
2164,2164,011026_ML.npy,2026-10-01,2026-10-01 21:17:10.057870,7C444D,P28A,PIPER AIRCRAFT CORP,PA-28-181,d8ca3e90afb3bc1d4dca52ed572384b0662a75fc6da6c43081f935eb45116e9f,True,1
2165,2165,011026_ML.npy,2026-10-01,2026-10-01 21:17:11.118053,7C444D,P28A,PIPER AIRCRAFT CORP,PA-28-181,f78677c826376146d335fe5cf059592ee1bcb16c5c3b2729ae55f6b5f96d2992,True,3
2168,2168,011026_ML.npy,2026-10-01,2026-10-01 21:17:21.843964,7C444D,P28A,PIPER AIRCRAFT CORP,PA-28-181,3b36cbe6f174c5a0e5cbe354e60ce2ce0161dc8b633211bb4a714bcc33affcba,True,5
2169,2169,011026_ML.npy,2026-10-01,2026-10-01 21:17:22.833574,7C444D,P28A,PIPER AIRCRAFT CORP,PA-28-181,31d8a8c70e42a950716a8525b56c6080156a9425a4ef19877d89c952b59c8131,True,2
2170,2170,011026_ML.npy,2026-10-01,2026-10-01 21:17:22.887748,7C444D,P28A,PIPER AIRCRAFT CORP,PA-28-181,86b7a8bcec88f907dd2cd9c881d55fc4429b77bd20cc10b066b7ef8bcf0bebad,True,5
2174,2174,011026_ML.npy,2026-10-01,2026-10-01 21:17:29.269884,7C444D,P28A,PIPER AIRCRAFT CORP,PA-28-181,393449dc3ba93c643bf0a751b2a3e48ba5743527c91f3d3e8fef0cfb2c65593b,True,1
2176,2176,011026_ML.npy,2026-10-01,2026-10-01 21:17:29.868279,7C168B,DA40,DIAMOND AIRCRAFT INDUSTRIES INC.,DA 40,8ab9297efa7aa81ca2df78caac4cc5aed5686d8fa5c47f2f668f97e7b837b855,True,5
2178,2178,011026_ML.npy,2026-10-01,2026-10-01 21:17:35.182513,7C444D,P28A,PIPER AIRCRAFT CORP,PA-28-181,8a6fe5642921da239041730a7f3557ea491f8e3a54a9f9da71e9312b12083078,True,3
2179,2179,011026_ML.npy,2026-10-01,2026-10-01 21:17:35.564796,7C168B,DA40,DIAMOND AIRCRAFT INDUSTRIES INC.,DA 40,0fceebadb112159bf5592a55c51ce939711d9014abda11ec73b6112839e0167a,True,3
2180,2180,011026_ML.npy,2026-10-01,2026-10-01 21:17:35.784361,7C444D,P28A,PIPER AIRCRAFT CORP,PA-28-181,de99e608aed39e61031f5fa2db3106dbab8c2b8a181800fa5d9ce11bbad6344e,True,4
2192,2192,011026_ML.npy,2026-10-01,2026-10-01 21:17:56.457458,7C168B,DA40,DIAMOND AIRCRAFT INDUSTRIES INC.,DA 40,df4530045226434a89f01f7be99eb4140653d36dc1467268bb1f58f34e99bff6,True,4
2194,2194,011026_ML.npy,2026-10-01,2026-10-01 21:17:59.656125,7C168B,DA40,DIAMOND AIRCRAFT INDUSTRIES INC.,DA 40,bf48e0b1d659443a2878741900bc2b2c2c69b5853097dfda40797dbd09c9aa64,True,1
2203,2203,011026_ML.npy,2026-10-01,2026-10-01 21:18:45.255770,7C41FD,DA40,DIAMOND AIRCRAFT INDUSTRIES INC.,DA 40,5f907af14a844d22f09afff1053999b5a559d611d844a242d8692940a99dc859,True,1
2204,2204,011026_ML.npy,2026-10-01,2026-10-01 21:18:45.259544,7C41FD,DA40,DIAMOND AIRCRAFT INDUSTRIES INC.,DA 40,4b57ad618f2cb43be50acabec66e20d4c28f2f804fec7829fcbe41665634caa8,True,2
2212,2212,011026_ML.npy,2026-10-01,2026-10-01 21:18:50.743797,7C41FD,DA40,DIAMOND AIRCRAFT INDUSTRIES INC.,DA 40,46d2ebc9cc73c22ae3155f7a5db859369187a503130c4c53a58d0564f37af3c8,True,2
2214,2214,011026_ML.npy,2026-10-01,2026-10-01 21:18:54.073540,7C41FD,DA40,DIAMOND AIRCRAFT INDUSTRIES INC.,DA 40,42d9313bd7b014a555bd45506170d543efc3074bb70656b57d7d0da5af7233ff,True,3
2227,2227,011026_ML.npy,2026-10-01,2026-10-01 21:19:07.543437,7C41FD,DA40,DIAMOND AIRCRAFT INDUSTRIES INC.,DA 40,d9ea87ca00edeba299e51ffd9332e923cc00dc9d8f9b2f5efe709e31a05b8bbd,True,5
2228,2228,011026_ML.npy,2026-10-01,2026-10-01 21:19:08.066187,7C41FD,DA40,DIAMOND AIRCRAFT INDUSTRIES INC.,DA 40,4f85da9b0f3bcd0b984c60917165ef55dd62eb612b50959ab335e3803f386179,True,1
2248,2248,011026_ML.npy,2026-10-01,2026-10-01 21:19:19.108162,7C41FD,DA40,DIAMOND AIRCRAFT INDUSTRIES INC.,DA 40,441c5c60f6b91e4dd153f888ee0a008920db7b68c14382dc0f29b5a2beffe044,True,1
2254,2254,011026_ML.npy,2026-10-01,2026-10-01 21:19:25.811439,7C41FD,DA40,DIAMOND AIRCRAFT INDUSTRIES INC.,DA 40,2327e710a3fbfa93b1e7afa4e2167259efe17665bd8de781c945b11f03783c01,True,1
2256,2256,011026_ML.npy,2026-10-01,2026-10-01 21:19:36.378162,7C41FD,DA40,DIAMOND AIRCRAFT INDUSTRIES INC.,DA 40,af91a8186e67e041bb2fae3448a0c34c6a17e15e7bf5a3bde93cf23780afb97b,True,2
2281,2281,011026_ML.npy,2026-10-01,2026-10-01 21:20:56.053395,7C7C3E,DA40,DIAMOND AIRCRAFT INDUSTRIES INC.,DA 40,d973f6060a675dd723b2850a9094bd6f31c02c133c1d5e4dd0264cf593f97bb6,True,5
2295,2295,011026_ML.npy,2026-10-01,2026-10-01 21:21:08.592455,7C67D3,C172,CESSNA AIRCRAFT COMPANY,172S,91be5152311e96a865bb95ee56eb551db5c41ef7f380de15f3c7b939b20d2eb5,True,2
2299,2299,011026_ML.npy,2026-10-01,2026-10-01 21:21:11.927394,7C67D3,C172,CESSNA AIRCRAFT COMPANY,172S,d272466810c5f5d9d48bb7f9e70af955a3923cdbeaf89c7b2cad2e843e5a14f1,True,3
2301,2301,011026_ML.npy,2026-10-01,2026-10-01 21:21:12.765933,7C67D3,C172,CESSNA AIRCRAFT COMPANY,172S,b36d3116ede8beef1c53d35c8b960beb8d1eb742b35f46cd5ac20a3aede919ee,True,4
2308,2308,011026_ML.npy,2026-10-01,2026-10-01 21:21:20.916286,7C67D3,C172,CESSNA AIRCRAFT COMPANY,172S,3c6b7ee1f4761b7acabbbde5b79502386c22bdaa18c9504b9d845b0a9f35789b,True,3
2311,2311,011026_ML.npy,2026-10-01,2026-10-01 21:21:21.847972,7C67D3,C172,CESSNA AIRCRAFT COMPANY,172S,afa0a19172cc917f425a0981bf02006bc1e732d5557d34027e3bff57665f7bf6,True,1
2328,2328,011026_ML.npy,2026-10-01,2026-10-01 21:21:36.762870,7C67D3,C172,CESSNA AIRCRAFT COMPANY,172S,c0b892088d3e2c123ed93145d83afbf9ad7993fd54e383437a91a1e28e33ffcb,True,5
2332,2332,011026_ML.npy,2026-10-01,2026-10-01 21:21:45.158745,7C67D3,C172,CESSNA AIRCRAFT COMPANY,172S,2074be78e84adcd127b25071d6727624f3a6cad1c2ce0f993eeacf50834ac319,True,3
2336,2336,011026_ML.npy,2026-10-01,2026-10-01 21:21:50.115212,7C67D3,C172,CESSNA AIRCRAFT COMPANY,172S,533c126fa29feb47efce69249b865552fb0d0cfac1657522709008f3b684c1c6,True,5
2337,2337,011026_ML.npy,2026-10-01,2026-10-01 21:21:50.121117,7C67D3,C172,CESSNA AIRCRAFT COMPANY,172S,3fbff321c6e1a630607d86cf9c5a5b61ffe49f9133f54e43da0dfffb35cea2b7,True,4
2344,2344,011026_ML.npy,2026-10-01,2026-10-01 21:22:04.184827,7C67D3,C172,CESSNA AIRCRAFT COMPANY,172S,b96f217093823d16599525bef9e5e4407bdd274697ac00b68b9cea192608eee4,True,2
2345,2345,011026_ML.npy,2026-10-01,2026-10-01 21:22:04.853393,7C67D3,C172,CESSNA AIRCRAFT COMPANY,172S,4d8e0f6aeb3fb3dd443a3a040ba37edce956653b96b9bcb4e8b0d18e9a91c6b2,True,1
2356,2356,011026_ML.npy,2026-10-01,2026-10-01 21:23:01.436388,7C168B,DA40,DIAMOND AIRCRAFT INDUSTRIES INC.,DA 40,5bfd0a087bbde9e6918fc24dadd66bb850a1d4f7703501c1372cc41e597d152f,True,2
2363,2363,011026_ML.npy,2026-10-01,2026-10-01 21:23:18.694441,7C168B,DA40,DIAMOND AIRCRAFT INDUSTRIES INC.,DA 40,c089eab5c9b2549fe98626ab9bb939ec3c37ef7e0e0c776e771509c544c93f3a,True,2
2376,2376,011026_ML.npy,2026-10-01,2026-10-01 21:23:35.976753,7C168B,DA40,DIAMOND AIRCRAFT INDUSTRIES INC.,DA 40,8f944b3ed735bb865ec1bf659a2b964fe7fda18aba311711dacc541164ca70c4,True,2
2385,2385,011026_ML.npy,2026-10-01,2026-10-01 21:26:07.952734,7C7C3E,DA40,DIAMOND AIRCRAFT INDUSTRIES INC.,DA 40,35b66b3688349822340e89d5dc2f4a36801f4bfba16af48f060bb8baa2ed326b,True,5
2392,2392,011026_ML.npy,2026-10-01,2026-10-01 21:26:21.491994,7C7C3E,DA40,DIAMOND AIRCRAFT INDUSTRIES INC.,DA 40,7edf3c64b80e807704ad6c37234ae9ecf3ca17d4d3f48db0d58a844f30833272,True,1
2397,2397,011026_ML.npy,2026-10-01,2026-10-01 21:26:29.554190,7C7C3E,DA40,DIAMOND AIRCRAFT INDUSTRIES INC.,DA 40,b4dc7afe8d0229cef2611133a22918fbec82b2614c90ef88f8dbba37883dd4e3,True,3
2432,2432,011026_ML.npy,2026-10-01,2026-10-01 21:28:06.185244,7C2E75,C172,CESSNA AIRCRAFT COMPANY,172N,1a2338c601416136ded690ae0d2b92959f0f9a5ac96468e39c3356c2dc7b8db8,True,2
2433,2433,011026_ML.npy,2026-10-01,2026-10-01 21:28:06.597043,7C2E75,C172,CESSNA AIRCRAFT COMPANY,172N,d4379db699f2117016dcf3b09f18950a25f41fff5e40f072782984bd0f7e9cf0,True,1
2452,2452,011026_ML.npy,2026-10-01,2026-10-01 21:28:28.533332,7C2E75,C172,CESSNA AIRCRAFT COMPANY,172N,d61473d3c879184709cbc0e1b56052167ee8ea771d0ca943d8f1bc74390d4d6f,True,4
2465,2465,011026_ML.npy,2026-10-01,2026-10-01 21:28:40.013658,7C2E75,C172,CESSNA AIRCRAFT COMPANY,172N,2c51beaa46a3b2b62379adb3aec080e92cd54b4b7c583f07adef8f89fc4c3a61,True,1
2471,2471,011026_ML.npy,2026-10-01,2026-10-01 21:28:48.986153,7C2E75,C172,CESSNA AIRCRAFT COMPANY,172N,599e297b0d2f23ffda6ba58ed005d34d41060126b23b9b65442dac44ed1a37f3,True,2
2474,2474,011026_ML.npy,2026-10-01,2026-10-01 21:28:49.551738,7C2E75,C172,CESSNA AIRCRAFT COMPANY,172N,76facfc073a53e0bc5d238943fb057d19abddb892e65a61f508161cddc81307f,True,5
2477,2477,011026_ML.npy,2026-10-01,2026-10-01 21:28:57.055913,7C2E75,C172,CESSNA AIRCRAFT COMPANY,172N,6bc90e0e2ce2ba570e1eeef4cff946625001bb27e947ac9dbe73b1841260ca10,True,1
2478,2478,011026_ML.npy,2026-10-01,2026-10-01 21:29:00.091403,7C2E75,C172,CESSNA AIRCRAFT COMPANY,172N,f79764c9b18eb1fd8bdf93f1dbfa95aef1c3629d663f65a55f87aedd305d8625,True,1
2484,2484,011026_ML.npy,2026-10-01,2026-10-01 21:29:06.767068,7C2E75,C172,CESSNA AIRCRAFT COMPANY,172N,9019b0178ed5313806065561850cb2f6d9e1d13394660ee90cdaa388d434139c,True,4
2489,2489,011026_ML.npy,2026-10-01,2026-10-01 21:29:11.033908,7C2E75,C172,CESSNA AIRCRAFT COMPANY,172N,1fa60071f74e52f67b663c08bd780aa942d5582e3a8970fc1abfdaaa3ea4be7f,True,3
2490,2490,011026_ML.npy,2026-10-01,2026-10-01 21:29:11.038629,7C2E75,C172,CESSNA AIRCRAFT COMPANY,172N,62e0263c143f65e81955c84c8392cfea94b89ff3e285c6668db5178bb6529ef1,True,4
2514,2514,011026_ML.npy,2026-10-01,2026-10-01 21:31:34.733908,7C7C3E,DA40,DIAMOND AIRCRAFT INDUSTRIES INC.,DA 40,ec4e907e1a43cb1680f18aecfb0061a0f557b9bca29e5dcba1b9d72f497b3cf5,True,4
2522,2522,011026_ML.npy,2026-10-01,2026-10-01 21:31:41.325737,7C7C3E,DA40,DIAMOND AIRCRAFT INDUSTRIES INC.,DA 40,62e7d82bb2fff1934ddab11acbe4b645e92ef6eb12544e51ce48f73617f8c16c,True,3
2528,2528,011026_ML.npy,2026-10-01,2026-10-01 21:31:45.423992,7C7C3E,DA40,DIAMOND AIRCRAFT INDUSTRIES INC.,DA 40,457b70a5d0c46ced1a7b882ce07baf51bfc4ca42ac7736eed06b3eaf8f81f7bf,True,3
2549,2549,011026_ML.npy,2026-10-01,2026-10-01 21:34:04.881693,7C2E75,C172,CESSNA AIRCRAFT COMPANY,172N,6bc90e0e2ce2ba570e1eeef4cff946625001bb27e947ac9dbe73b1841260ca10,True,1
2555,2555,011026_ML.npy,2026-10-01,2026-10-01 21:34:13.476907,7C2E75,C172,CESSNA AIRCRAFT COMPANY,172N,d58e922fc14fb64acfd3c000e7cf5d2b1b36dc614d51f083c6f48b7bd06c78a0,True,1
2558,2558,011026_ML.npy,2026-10-01,2026-10-01 21:34:17.380389,7C2E75,C172,CESSNA AIRCRAFT COMPANY,172N,6bc90e0e2ce2ba570e1eeef4cff946625001bb27e947ac9dbe73b1841260ca10,True,2
2570,2570,011026_ML.npy,2026-10-01,2026-10-01 21:34:38.651124,7C2E75,C172,CESSNA AIRCRAFT COMPANY,172N,332dd75f85399c6022a0a0e40886723b72e0336b7099d9591ac8941050a32c01,True,3
2572,2572,011026_ML.npy,2026-10-01,2026-10-01 21:34:57.233897,7C2E75,C172,CESSNA AIRCRAFT COMPANY,172N,9af77cf19bf1b1fdafb4754e24ebc110f94eeb9264669030432038e23fca58f5,True,2
2574,2574,011026_ML.npy,2026-10-01,2026-10-01 21:36:02.833844,7C2E75,C172,CESSNA AIRCRAFT COMPANY,172N,138f430d2859199f352cd2eb273433fa0406f3f61e5d3d21d2e5381cdd49cb52,True,5
2583,2583,011026_ML.npy,2026-10-01,2026-10-01 21:36:53.309073,7C7C3E,DA40,DIAMOND AIRCRAFT INDUSTRIES INC.,DA 40,9b31aec735d55c98342c0a9cdc9c62768e5bb95f0d261ce3a0baecccc0b9c6ef,True,1
2598,2598,011026_ML.npy,2026-10-01,2026-10-01 21:37:18.343331,7C7C3E,DA40,DIAMOND AIRCRAFT INDUSTRIES INC.,DA 40,9b31aec735d55c98342c0a9cdc9c62768e5bb95f0d261ce3a0baecccc0b9c6ef,True,3
2605,2605,011026_ML.npy,2026-10-01,2026-10-01 21:39:05.250963,7C2E75,C172,CESSNA AIRCRAFT COMPANY,172N,5017edbca9f9d390a7dcd25485c1eb7f64e77f02747c6865bcab953578ffb55c,True,5
2606,2606,011026_ML.npy,2026-10-01,2026-10-01 21:39:05.259316,7C2E75,C172,CESSNA AIRCRAFT COMPANY,172N,a80ebe9692bc1808b109700e32020d15fcbe3a137ed36a640600370c748de153,True,4
2607,2607,011026_ML.npy,2026-10-01,2026-10-01 21:39:08.206485,7C2E75,C172,CESSNA AIRCRAFT COMPANY,172N,f467e6ef3a19296b600dd49dee4e78f26949c9dfce0e5cd08bb03fb2d38fce2a,True,1
2612,2612,011026_ML.npy,2026-10-01,2026-10-01 21:39:22.888235,7C2E75,C172,CESSNA AIRCRAFT COMPANY,172N,6e3fc02a7c4b9ef85ede0c1568070428f1d14e24960713b899843e338d499b4c,True,5
2617,2617,011026_ML.npy,2026-10-01,2026-10-01 21:39:26.923802,7C2E75,C172,CESSNA AIRCRAFT COMPANY,172N,d9cf44dece308c282c5ffd1d3d3106c015c1a98aabb54dd26dec6e0aa7dbb666,True,1
2619,2619,011026_ML.npy,2026-10-01,2026-10-01 21:39:29.289288,7C2E75,C172,CESSNA AIRCRAFT COMPANY,172N,683ae644259a6824e15d97dceb839562047d1b2c21d14a79971af104fb83a48b,True,4
2620,2620,011026_ML.npy,2026-10-01,2026-10-01 21:39:32.035569,7C2E75,C172,CESSNA AIRCRAFT COMPANY,172N,5217410c3ec1f66513cd56bc9664b179587a2797d7c750c84f2544d83439ae9b,True,2
2622,2622,011026_ML.npy,2026-10-01,2026-10-01 21:39:35.709328,7C2E75,C172,CESSNA AIRCRAFT COMPANY,172N,6898d8b17db280a881e1c213985db961f0655911b66288f44b3afe9d6668a380,True,1
2628,2628,011026_ML.npy,2026-10-01,2026-10-01 21:42:15.717034,7C7C3E,DA40,DIAMOND AIRCRAFT INDUSTRIES INC.,DA 40,c54b081cca220ee75cfba2ad7fa9da3596835e20adaabfbe9ffd1134b2d2c5f1,True,2
2630,2630,011026_ML.npy,2026-10-01,2026-10-01 21:42:19.200490,7C7C3E,DA40,DIAMOND AIRCRAFT INDUSTRIES INC.,DA 40,939678bb989bc32b2442cd82eb28e907de00f9ba2ae2a6e5526df4611cce94d2,True,2
2644,2644,011026_ML.npy,2026-10-01,2026-10-01 21:42:41.622789,7C7C3E,DA40,DIAMOND AIRCRAFT INDUSTRIES INC.,DA 40,eebe29ccf143ee2a1d8fe68c6ab7a8c3baf1576d5019b4a52bb1a9f3169ff92e,True,5
2658,2658,011026_ML.npy,2026-10-01,2026-10-01 21:44:07.693024,7C2E75,C172,CESSNA AIRCRAFT COMPANY,172N,dc770bb095971fda5079508289d39c48ea57ac12e3b8836b78851b213fcc34d0,True,4
2664,2664,011026_ML.npy,2026-10-01,2026-10-01 21:44:15.536983,7C2E75,C172,CESSNA AIRCRAFT COMPANY,172N,aa34698814d3a997fcad75a0a5acfb8c2778148c0c724c1dbbe52f905df9eaed,True,5
2666,2666,011026_ML.npy,2026-10-01,2026-10-01 21:44:17.514512,7C2E75,C172,CESSNA AIRCRAFT COMPANY,172N,537a411f6d666b5552508369672999737cfab429b0e5d0136716492142f23c12,True,3
2671,2671,011026_ML.npy,2026-10-01,2026-10-01 21:48:57.430727,7C2E75,C172,CESSNA AIRCRAFT COMPANY,172N,85e1f6e80060d866936073a0a3afaaff715871ef4f4ff4f8e01efd8ab6aaf95d,True,3
2675,2675,011026_ML.npy,2026-10-01,2026-10-01 21:49:06.679407,7C2E75,C172,CESSNA AIRCRAFT COMPANY,172N,6bc90e0e2ce2ba570e1eeef4cff946625001bb27e947ac9dbe73b1841260ca10,True,2
2677,2677,011026_ML.npy,2026-10-01,2026-10-01 21:49:06.987219,7C2E75,C172,CESSNA AIRCRAFT COMPANY,172N,2210a76e23338995875609b9f9b27b89b19af72445920b0a6c60bececcd6a086,True,3
2678,2678,011026_ML.npy,2026-10-01,2026-10-01 21:49:07.522772,7C2E75,C172,CESSNA AIRCRAFT COMPANY,172N,2210a76e23338995875609b9f9b27b89b19af72445920b0a6c60bececcd6a086,True,5
2682,2682,011026_ML.npy,2026-10-01,2026-10-01 21:49:17.107757,7C2E75,C172,CESSNA AIRCRAFT COMPANY,172N,9764fdc701e8f597fc259feb3dc38beb25ba794aa6ac638ff3d74559380f0179,True,3
2684,2684,011026_ML.npy,2026-10-01,2026-10-01 21:49:17.530416,7C2E75,C172,CESSNA AIRCRAFT COMPANY,172N,c5b5314d83f07d9bb412ec31e7e14f1250b0c5259d2392aa3d58bf0b66130646,True,5
2685,2685,011026_ML.npy,2026-10-01,2026-10-01 21:49:17.964855,7C2E75,C172,CESSNA AIRCRAFT COMPANY,172N,30c7c68ccb0d3e3daefc3d4291959180a749f606574062e169fcaed466671304,True,3
2686,2686,011026_ML.npy,2026-10-01,2026-10-01 21:49:20.540095,7C2E75,C172,CESSNA AIRCRAFT COMPANY,172N,487211d6d69e9ebf732d05ed8b08d4d9aace9f29a8e9b0f228f5110bf58eedb7,True,3
2687,2687,011026_ML.npy,2026-10-01,2026-10-01 21:49:21.132385,7C2E75,C172,CESSNA AIRCRAFT COMPANY,172N,c0dfe31c95094af0d15f2e265a6af133806fb7b60eac1f48842b83036457372c,True,2
2688,2688,011026_ML.npy,2026-10-01,2026-10-01 21:49:21.138642,7C2E75,C172,CESSNA AIRCRAFT COMPANY,172N,efe79d984dbbe86e9e2eb944c2578ea1b44151d87acccec976cf0c89ac5ea158,True,5
2690,2690,011026_ML.npy,2026-10-01,2026-10-01 21:49:32.020190,7C2E75,C172,CESSNA AIRCRAFT COMPANY,172N,929383e2615d9acc037462fe2388b4a8a674854ce6c6a261a3445c112930925d,True,2
2691,2691,011026_ML.npy,2026-10-01,2026-10-01 21:49:34.567033,7C2E75,C172,CESSNA AIRCRAFT COMPANY,172N,4e50f0fde00f25e922b4b6d71fd4ddb9c8c68688e8f4449cdc188f8c72aec93f,True,3
2716,2716,011026_ML.npy,2026-10-01,2026-10-01 21:52:39.746743,7C0D65,DA42,DIAMOND AIRCRAFT INDUSTRIES INC.,DA 42,70c2d81daee2d846f1df8d1b8108c66729d02f92b5b178d738cf892fa62ebe10,True,3
2717,2717,011026_ML.npy,2026-10-01,2026-10-01 21:52:41.963401,7C0D65,DA42,DIAMOND AIRCRAFT INDUSTRIES INC.,DA 42,7d66e35c8b86cd7ed8f17a91c620fd9cf0b4d83308d1ff588eacefac1e12916f,True,4
2720,2720,011026_ML.npy,2026-10-01,2026-10-01 21:52:44.402948,7C0D65,DA42,DIAMOND AIRCRAFT INDUSTRIES INC.,DA 42,7b760462cf7d39a6cd35ea54a06bf7b5529de6c83fd309367581d970eb1c8ecc,True,4
2721,2721,011026_ML.npy,2026-10-01,2026-10-01 21:52:44.407583,7C0D65,DA42,DIAMOND AIRCRAFT INDUSTRIES INC.,DA 42,bae69d68e6fbfc4cd108d52ba73abeedcd164406e43013bac062178311940910,True,2
2724,2724,011026_ML.npy,2026-10-01,2026-10-01 21:52:48.460525,7C0D65,DA42,DIAMOND AIRCRAFT INDUSTRIES INC.,DA 42,260b737e9bf4b4cd1dfa743a8752b8263f18a55a58783a5d0885ea5dec85f6c5,True,2
2725,2725,011026_ML.npy,2026-10-01,2026-10-01 21:52:48.466357,7C0D65,DA42,DIAMOND AIRCRAFT INDUSTRIES INC.,DA 42,73af9774f2ca5fb2a0e8a52024cf8ebc308e38f8d51a06bacd4501e47563f84b,True,2
2727,2727,011026_ML.npy,2026-10-01,2026-10-01 21:52:50.054653,7C0D65,DA42,DIAMOND AIRCRAFT INDUSTRIES INC.,DA 42,6cbe5135f36b61942b47fcd55f0049194b966df7560f6a396fa7eeaa8b6ab050,True,2
2729,2729,011026_ML.npy,2026-10-01,2026-10-01 21:52:57.743580,7C0D65,DA42,DIAMOND AIRCRAFT INDUSTRIES INC.,DA 42,6cbe5135f36b61942b47fcd55f0049194b966df7560f6a396fa7eeaa8b6ab050,True,2
2730,2730,011026_ML.npy,2026-10-01,2026-10-01 21:52:59.823474,7C0D65,DA42,DIAMOND AIRCRAFT INDUSTRIES INC.,DA 42,408d96b30cbfe359cc4470494d6c0b7ead0d0b569c9e95886138866b9473906b,True,5
2731,2731,011026_ML.npy,2026-10-01,2026-10-01 21:53:00.775526,7C0D65,DA42,DIAMOND AIRCRAFT INDUSTRIES INC.,DA 42,d7627ba0107442aad863db3761d7a747ee438df7ca39cc19826bb52de8ac7d76,True,2
2732,2732,011026_ML.npy,2026-10-01,2026-10-01 21:53:00.778743,7C0D65,DA42,DIAMOND AIRCRAFT INDUSTRIES INC.,DA 42,9482a0fb2010aa64c1ee1c16643723af7719f96746a954de43e621d61ee1ac67,True,5
2737,2737,011026_ML.npy,2026-10-01,2026-10-01 21:53:14.649393,7C0D65,DA42,DIAMOND AIRCRAFT INDUSTRIES INC.,DA 42,408d96b30cbfe359cc4470494d6c0b7ead0d0b569c9e95886138866b9473906b,True,5
2740,2740,011026_ML.npy,2026-10-01,2026-10-01 21:53:18.433883,7C0D65,DA42,DIAMOND AIRCRAFT INDUSTRIES INC.,DA 42,28acc7d60385739bb81dbee0aa49193e95b80251c1afad7ab16044c005483a9c,True,4
2743,2743,011026_ML.npy,2026-10-01,2026-10-01 21:53:58.564029,7C2E75,C172,CESSNA AIRCRAFT COMPANY,172N,6bc90e0e2ce2ba570e1eeef4cff946625001bb27e947ac9dbe73b1841260ca10,True,3
2746,2746,011026_ML.npy,2026-10-01,2026-10-01 21:54:03.641521,7C2E75,C172,CESSNA AIRCRAFT COMPANY,172N,6bc90e0e2ce2ba570e1eeef4cff946625001bb27e947ac9dbe73b1841260ca10,True,3
2755,2755,011026_ML.npy,2026-10-01,2026-10-01 21:54:21.819410,7C2E75,C172,CESSNA AIRCRAFT COMPANY,172N,def2968f7a9af1607f9c27f077281c1d73357813ecaa3ed63c1f0c972879956b,True,2
2757,2757,011026_ML.npy,2026-10-01,2026-10-01 21:54:25.521906,7C2E75,C172,CESSNA AIRCRAFT COMPANY,172N,dd59fe51e04dec171948d1fe868f432a3b381973ab28b1caffaa13e2ec515a81,True,5
2767,2767,011026_ML.npy,2026-10-01,2026-10-01 21:54:40.066077,7C2E75,C172,CESSNA AIRCRAFT COMPANY,172N,45ed9de8e838c1b8e4fc1467c6eada0f7e6c452fc6d0feccc4c01ca38802903f,True,3
2768,2768,011026_ML.npy,2026-10-01,2026-10-01 21:54:43.562486,7C2E75,C172,CESSNA AIRCRAFT COMPANY,172N,5f2835c4ab541e571c7f1520947d8cfb372fa1b1e49a3391d4ed48eb1fc12098,True,3
2769,2769,011026_ML.npy,2026-10-01,2026-10-01 21:54:44.849386,7C2E75,C172,CESSNA AIRCRAFT COMPANY,172N,537a411f6d666b5552508369672999737cfab429b0e5d0136716492142f23c12,True,4
2774,2774,011026_ML.npy,2026-10-01,2026-10-01 21:54:51.975126,7C2E75,C172,CESSNA AIRCRAFT COMPANY,172N,41ebc4b82ddd68b0d945e6b4fe616200ceaa12cfe7f8a9dcb90a2c61bc8eff02,True,3
2777,2777,011026_ML.npy,2026-10-01,2026-10-01 21:54:56.142722,7C2E75,C172,CESSNA AIRCRAFT COMPANY,172N,6bc90e0e2ce2ba570e1eeef4cff946625001bb27e947ac9dbe73b1841260ca10,True,3
2783,2783,011026_ML.npy,2026-10-01,2026-10-01 21:55:04.593430,7C2E75,C172,CESSNA AIRCRAFT COMPANY,172N,77738d8514b41fb8c21e30781ed9ef8e70c3da8ce75f3a09c173ee251fc0731e,True,4
2792,2792,011026_ML.npy,2026-10-01,2026-10-01 21:55:27.260699,7C2E75,C172,CESSNA AIRCRAFT COMPANY,172N,dcb944838316078fde5910dd2b2452b10be4130edc4dd8530ab43cdefe029cc3,True,1
2797,2797,011026_ML.npy,2026-10-01,2026-10-01 21:55:54.105799,7C2E75,C172,CESSNA AIRCRAFT COMPANY,172N,1e15d042281ec3a57ba16eedb4753433a032b235d592a0d41652d7b46e3951af,True,4
2804,2804,011026_ML.npy,2026-10-01,2026-10-01 21:56:00.133162,7C2E75,C172,CESSNA AIRCRAFT COMPANY,172N,08795fb36dc12d5a6e12877a612aeb951da3587252b0713fd8e92e591586338e,True,2
2806,2806,011026_ML.npy,2026-10-01,2026-10-01 21:56:04.917375,7C2E75,C172,CESSNA AIRCRAFT COMPANY,172N,b054cac776aadf96e266ff73f9fefd138a62b1651361ab2f925a54ce147f915b,True,5
2811,2811,011026_ML.npy,2026-10-01,2026-10-01 21:56:42.907389,7C2E75,C172,CESSNA AIRCRAFT COMPANY,172N,99d6b5965d1e2339a454a1d8f6c01eda5eb5cda07fc9c8d54b8068212c73489c,True,1
2813,2813,011026_ML.npy,2026-10-01,2026-10-01 21:56:49.387039,7C2E75,C172,CESSNA AIRCRAFT COMPANY,172N,5c81ba022582aa1b4194e616188b2a160dbf03951c548d1a29cc37538a2631c8,True,5
2828,2828,011026_ML.npy,2026-10-01,2026-10-01 22:00:25.749766,7C2E75,C172,CESSNA AIRCRAFT COMPANY,172N,6bc90e0e2ce2ba570e1eeef4cff946625001bb27e947ac9dbe73b1841260ca10,True,1
2832,2832,011026_ML.npy,2026-10-01,2026-10-01 22:00:32.998578,7C2E75,C172,CESSNA AIRCRAFT COMPANY,172N,b183a10186411e4c65bfe76bc318c8790439482e3fa60323492212acf5aca8d6,True,3
2837,2837,011026_ML.npy,2026-10-01,2026-10-01 22:00:39.178837,7C2E75,C172,CESSNA AIRCRAFT COMPANY,172N,870753bf029834c7d715cd3611695d6a54c9531fd57fbbf944cb973ae46fa09e,True,4
2838,2838,011026_ML.npy,2026-10-01,2026-10-01 22:00:39.575128,7C2E75,C172,CESSNA AIRCRAFT COMPANY,172N,f21ac8845d93d4b656367f2435a7de15438820161f0d0d2e82e3f7d55326d626,True,4
2848,2848,011026_ML.npy,2026-10-01,2026-10-01 22:01:56.098565,7C2E75,C172,CESSNA AIRCRAFT COMPANY,172N,6bc90e0e2ce2ba570e1eeef4cff946625001bb27e947ac9dbe73b1841260ca10,True,4
2854,2854,011026_ML.npy,2026-10-01,2026-10-01 22:05:02.833835,7C2E75,C172,CESSNA AIRCRAFT COMPANY,172N,0d10addd6b32b11c0e2e1a8a6613aed08545bd3375fc36cff9575abd666b50d6,True,1
2865,2865,011026_ML.npy,2026-10-01,2026-10-01 22:06:23.327744,7C2E75,C172,CESSNA AIRCRAFT COMPANY,172N,30ff195bd15c7cf5d55573a045e396d8101e49ef1f438a6be7b4b6902f1a1a69,True,5
2869,2869,011026_ML.npy,2026-10-01,2026-10-01 22:06:27.218353,7C2E75,C172,CESSNA AIRCRAFT COMPANY,172N,97e639faed6f7426744ffc292f7a0bd2c6f28e4e438ffe052a3e2e9c024df972,True,3
2870,2870,011026_ML.npy,2026-10-01,2026-10-01 22:06:27.224909,7C2E75,C172,CESSNA AIRCRAFT COMPANY,172N,420c8e54c05eabbfb59aa9a3588de79279ddc04448bfe84a1d509d643d285ac0,True,2
2877,2877,011026_ML.npy,2026-10-01,2026-10-01 22:06:34.803220,7C2E75,C172,CESSNA AIRCRAFT COMPANY,172N,3308fb381794c320b6449549ae5da61e5bfe5d7bb2a270e8d8b1edb2d18f638d,True,1
2879,2879,011026_ML.npy,2026-10-01,2026-10-01 22:06:36.616035,7C2E75,C172,CESSNA AIRCRAFT COMPANY,172N,6bc90e0e2ce2ba570e1eeef4cff946625001bb27e947ac9dbe73b1841260ca10,True,1
2885,2885,011026_ML.npy,2026-10-01,2026-10-01 22:06:43.174608,7C2E75,C172,CESSNA AIRCRAFT COMPANY,172N,fa0a449fcdc9dfdd4ae34365f2b4922a1e8d61d6801cc51a536de6416dc0c69d,True,1
2887,2887,011026_ML.npy,2026-10-01,2026-10-01 22:06:51.691664,7C2E75,C172,CESSNA AIRCRAFT COMPANY,172N,2b0ef94ddc500b8784a9cb16d601d0c66b750b8a8ae8dbeb7b05f17c10791e8e,True,1
2895,2895,011026_ML.npy,2026-10-01,2026-10-01 22:07:24.253064,7C2E75,C172,CESSNA AIRCRAFT COMPANY,172N,4479ab633ba0d0ff3469d96b865c842e1d57ab0b40582dff7c48fe6b4b2b0191,True,4
2903,2903,011026_ML.npy,2026-10-01,2026-10-01 22:07:34.619006,7C2E75,C172,CESSNA AIRCRAFT COMPANY,172N,5acd95caf011f5c0f28d77ee576dd685db773215d2ceebe4fd0e459504231d61,True,5
2905,2905,011026_ML.npy,2026-10-01,2026-10-01 22:08:05.155174,7C2E75,C172,CESSNA AIRCRAFT COMPANY,172N,b054cac776aadf96e266ff73f9fefd138a62b1651361ab2f925a54ce147f915b,True,2
2907,2907,011026_ML.npy,2026-10-01,2026-10-01 22:08:17.381211,7C2E75,C172,CESSNA AIRCRAFT COMPANY,172N,c10a1f10564aaa1b2f139aff640c8dded40c2a6320912e71440c675bf4c1637b,True,2
2910,2910,011026_ML.npy,2026-10-01,2026-10-01 22:08:35.966476,7C7B5E,DA40,DIAMOND AIRCRAFT INDUSTRIES INC.,DA 40,a393d787bb9394547d737434c76e9e511f47534b9d2131dfe43fea6ffdb2643e,True,1
2924,2924,011026_ML.npy,2026-10-01,2026-10-01 22:08:58.926355,7C7B5E,DA40,DIAMOND AIRCRAFT INDUSTRIES INC.,DA 40,67df65de34e3d6605d46a4443fe9780af768e186f43050521e1699fddcb53051,True,3
2926,2926,011026_ML.npy,2026-10-01,2026-10-01 22:09:00.292197,7C7B5E,DA40,DIAMOND AIRCRAFT INDUSTRIES INC.,DA 40,92fc5232a8ce8b1e5395124b452997f56aa806e45cd2a0b0a60c609eb60bbd8a,True,5
2930,2930,011026_ML.npy,2026-10-01,2026-10-01 22:09:05.531540,7C7B5E,DA40,DIAMOND AIRCRAFT INDUSTRIES INC.,DA 40,3c1b7fe4325442036d2232a9d5ae1c364ac12a648fd3eea970811f12220ae26a,True,3
2945,2945,011026_ML.npy,2026-10-01,2026-10-01 22:11:42.845330,7C2E75,C172,CESSNA AIRCRAFT COMPANY,172N,8d80a9a3b85bb12e370ef851e8194b6d34ce0e7a0adc2c2c43d38b716251689e,True,3
2948,2948,011026_ML.npy,2026-10-01,2026-10-01 22:11:51.730581,7C2E75,C172,CESSNA AIRCRAFT COMPANY,172N,55f03396560b01fcce75004ea74d751ef47e01b5eb3b6b1f76cf0725805fae6d,True,3
2956,2956,011026_ML.npy,2026-10-01,2026-10-01 22:12:10.398261,7C2E75,C172,CESSNA AIRCRAFT COMPANY,172N,5b61938b9154cac35095eb7e5b99e05fc2d60f38ca6822617c8723ba8a97f2f0,True,5
2972,2972,011026_ML.npy,2026-10-01,2026-10-01 22:14:11.193157,7C2E75,C172,CESSNA AIRCRAFT COMPANY,172N,16b48f8402c8560bd1119ff9b5220124420d7491fce5a1bed6d557598d52d1d6,True,4
2975,2975,011026_ML.npy,2026-10-01,2026-10-01 22:14:43.924043,7C7B5E,DA40,DIAMOND AIRCRAFT INDUSTRIES INC.,DA 40,556ebfc3a04653933c26feae5d723e48ce10e0d87856f5a35a71ff3bf4e97007,True,5
2979,2979,011026_ML.npy,2026-10-01,2026-10-01 22:14:54.909237,7C7B5E,DA40,DIAMOND AIRCRAFT INDUSTRIES INC.,DA 40,8e5448eb7ae4de82991e2ba060738b3a5a2a50e519a61378bff6bf26a9e14e8c,True,3
2981,2981,011026_ML.npy,2026-10-01,2026-10-01 22:14:57.201161,7C7B5E,DA40,DIAMOND AIRCRAFT INDUSTRIES INC.,DA 40,3099b8991bd40536d4f7d9b42c9a0cac238bd3a6bf7e6d5d367e53f88f11fdf2,True,4
2987,2987,011026_ML.npy,2026-10-01,2026-10-01 22:15:03.228513,7C7B5E,DA40,DIAMOND AIRCRAFT INDUSTRIES INC.,DA 40,47ea1710e3100b5074e0c2bf35f514f02fe09fedf55bf7e5f7eccb05c4df9d83,True,5
2996,2996,011026_ML.npy,2026-10-01,2026-10-01 22:15:15.513251,7C7B5E,DA40,DIAMOND AIRCRAFT INDUSTRIES INC.,DA 40,a64f11b78e4b2360b72d44cc5efde9ddf28e1f83345b50ce29520c049ecb40c8,True,4
3003,3003,011026_ML.npy,2026-10-01,2026-10-01 22:16:17.698860,7C79B4,DA42,DIAMOND AIRCRAFT INDUSTRIES,DA 42,5437f240b379d5744d294316b6a75ef8be17b1d3a639e3da62b3f84d7bd89c7c,True,1
3005,3005,011026_ML.npy,2026-10-01,2026-10-01 22:16:31.507974,7C79B4,DA42,DIAMOND AIRCRAFT INDUSTRIES,DA 42,502530ae70bbc0f7d826f58adea9bd4556c402494cb997179586afd22f912d04,True,3
3006,3006,011026_ML.npy,2026-10-01,2026-10-01 22:16:31.931717,7C79B4,DA42,DIAMOND AIRCRAFT INDUSTRIES,DA 42,7abaebf60f6bf90e7448d570a37b5371434c0b1953c9b5d50ecd49162a4f0d1a,True,4
3007,3007,011026_ML.npy,2026-10-01,2026-10-01 22:16:32.402288,7C79B4,DA42,DIAMOND AIRCRAFT INDUSTRIES,DA 42,7019700f17971e923968488a4dbc81edd5d6da95af7af1db5727053b35e4d265,True,5
3008,3008,011026_ML.npy,2026-10-01,2026-10-01 22:16:32.644187,7C79B4,DA42,DIAMOND AIRCRAFT INDUSTRIES,DA 42,76316d9ce0c021b10e5954246027599631c4df22a0a0bc0004dacdcf4ec7b1ba,True,4
3011,3011,011026_ML.npy,2026-10-01,2026-10-01 22:16:36.436122,7C79B4,DA42,DIAMOND AIRCRAFT INDUSTRIES,DA 42,80090aa521432a024b43a445cd0eaf0818535865c12d1414c4684a5754a3dab1,True,5
3012,3012,011026_ML.npy,2026-10-01,2026-10-01 22:16:36.517703,7C79B4,DA42,DIAMOND AIRCRAFT INDUSTRIES,DA 42,2fe342a64cc82c0adc33f6f5c1e34cbdf39fd04eac9fe1f49feccff33c260678,True,4
3014,3014,011026_ML.npy,2026-10-01,2026-10-01 22:16:36.708324,7C79B4,DA42,DIAMOND AIRCRAFT INDUSTRIES,DA 42,498c455effc2877ca9c3a3f429c7da36e8b59acd98c179086d2f7bd7b83b3539,True,2
3016,3016,011026_ML.npy,2026-10-01,2026-10-01 22:16:37.416256,7C79B4,DA42,DIAMOND AIRCRAFT INDUSTRIES,DA 42,01b69f47caf10edfd2432a29dac83881acd5b6b1475c768a75ff87a5af8e6c92,True,3
3018,3018,011026_ML.npy,2026-10-01,2026-10-01 22:16:41.694804,7C79B4,DA42,DIAMOND AIRCRAFT INDUSTRIES,DA 42,498c455effc2877ca9c3a3f429c7da36e8b59acd98c179086d2f7bd7b83b3539,True,1
3019,3019,011026_ML.npy,2026-10-01,2026-10-01 22:16:42.050932,7C79B4,DA42,DIAMOND AIRCRAFT INDUSTRIES,DA 42,d080228af05f20ab33ad702e830599dbce9a1a164679576ace90249b331280cd,True,5
3021,3021,011026_ML.npy,2026-10-01,2026-10-01 22:16:44.822434,7C79B4,DA42,DIAMOND AIRCRAFT INDUSTRIES,DA 42,76316d9ce0c021b10e5954246027599631c4df22a0a0bc0004dacdcf4ec7b1ba,True,1
3022,3022,011026_ML.npy,2026-10-01,2026-10-01 22:16:46.637119,7C79B4,DA42,DIAMOND AIRCRAFT INDUSTRIES,DA 42,498c455effc2877ca9c3a3f429c7da36e8b59acd98c179086d2f7bd7b83b3539,True,2
3023,3023,011026_ML.npy,2026-10-01,2026-10-01 22:16:49.125074,7C79B4,DA42,DIAMOND AIRCRAFT INDUSTRIES,DA 42,8205a309c9c885ce95a3be27d315826d5cc10edd4ba62aaa759218e74065548f,True,5
3024,3024,011026_ML.npy,2026-10-01,2026-10-01 22:16:49.929922,7C79B4,DA42,DIAMOND AIRCRAFT INDUSTRIES,DA 42,76316d9ce0c021b10e5954246027599631c4df22a0a0bc0004dacdcf4ec7b1ba,True,4
3027,3027,011026_ML.npy,2026-10-01,2026-10-01 22:16:53.999206,7C79B4,DA42,DIAMOND AIRCRAFT INDUSTRIES,DA 42,0ce9d0ae098300290dc5d322fddc131cbe68bb6a23a9e62c7fda778917d410bc,True,5
3028,3028,011026_ML.npy,2026-10-01,2026-10-01 22:16:56.929440,7C79B4,DA42,DIAMOND AIRCRAFT INDUSTRIES,DA 42,dcf3bcbe4e182bbec4c9ab21a953a69ac8b7aae73b0f0f42ea808b4178483c03,True,5
3029,3029,011026_ML.npy,2026-10-01,2026-10-01 22:16:57.823969,7C79B4,DA42,DIAMOND AIRCRAFT INDUSTRIES,DA 42,b6990d65368b431484a2e47aea51e53dab3d9064feb1f14d800b510790ec2d40,True,4
3032,3032,011026_ML.npy,2026-10-01,2026-10-01 22:16:59.845615,7C79B4,DA42,DIAMOND AIRCRAFT INDUSTRIES,DA 42,d60880de1d235956fe8ed6563a96faefd0e1ce8f0dfe8e3a17912beb8b9081bc,True,4
3036,3036,011026_ML.npy,2026-10-01,2026-10-01 22:17:06.705523,7C79B4,DA42,DIAMOND AIRCRAFT INDUSTRIES,DA 42,80090aa521432a024b43a445cd0eaf0818535865c12d1414c4684a5754a3dab1,True,2
3037,3037,011026_ML.npy,2026-10-01,2026-10-01 22:17:10.539413,7C79B4,DA42,DIAMOND AIRCRAFT INDUSTRIES,DA 42,498c455effc2877ca9c3a3f429c7da36e8b59acd98c179086d2f7bd7b83b3539,True,4
3041,3041,011026_ML.npy,2026-10-01,2026-10-01 22:17:40.582308,7C2E75,C172,CESSNA AIRCRAFT COMPANY,172N,87979184c5b84b43717e0dbc1529650cda89da80050f464d4553cc6d25ffc64b,True,4
3047,3047,011026_ML.npy,2026-10-01,2026-10-01 22:17:55.149796,7C2E75,C172,CESSNA AIRCRAFT COMPANY,172N,1fec1423c0ffa98c1fb553917f5303f1de83e014d068d5d6b668bd61290f870d,True,2
3061,3061,011026_ML.npy,2026-10-01,2026-10-01 22:18:04.356812,7C2E75,C172,CESSNA AIRCRAFT COMPANY,172N,298f61b45d303175065f38023ad93be2507d9e7fd2e753100df9abd7b08f82c1,True,3
3086,3086,011026_ML.npy,2026-10-01,2026-10-01 22:21:15.562265,7C7B5E,DA40,DIAMOND AIRCRAFT INDUSTRIES INC.,DA 40,ce0eee23fc0d0894ee2c7d328d1845767951aba20d3329d5293a16b6d6f0c3b6,True,2
3089,3089,011026_ML.npy,2026-10-01,2026-10-01 22:21:18.327697,7C7B5E,DA40,DIAMOND AIRCRAFT INDUSTRIES INC.,DA 40,2a26e5c597492fec19b6f638b97fb1b5783e8637b5752b4ee5a0637231d93046,True,2
3091,3091,011026_ML.npy,2026-10-01,2026-10-01 22:27:06.005396,7C7B5E,DA40,DIAMOND AIRCRAFT INDUSTRIES INC.,DA 40,72bf31a2fdfbd139c1a4ccac04c9651a8b0c0ba48cce20d5d883446fb5954b66,True,4
3097,3097,011026_ML.npy,2026-10-01,2026-10-01 22:27:15.309984,7C7B5E,DA40,DIAMOND AIRCRAFT INDUSTRIES INC.,DA 40,d8a81c2bfcfe5d3751808b78bce6442bee226da17f5bb06a050f3ed9d7dfb2b7,True,5
3100,3100,011026_ML.npy,2026-10-01,2026-10-01 22:27:19.205657,7C7B5E,DA40,DIAMOND AIRCRAFT INDUSTRIES INC.,DA 40,33fdddc208a7bb78d39b45ff7a640fb0dd0ca8a0a633659128cfdc5f63d8c6f3,True,5
3104,3104,011026_ML.npy,2026-10-01,2026-10-01 22:27:23.743292,7C7B5E,DA40,DIAMOND AIRCRAFT INDUSTRIES INC.,DA 40,24075e0b16139d01c178f9071860377a391dbea349eaa7b1c84ba99803228e48,True,4
3118,3118,011026_ML.npy,2026-10-01,2026-10-01 22:28:28.908694,7C7C41,DA40,DIAMOND AIRCRAFT INDUSTRIES INC.,DA 40,5db0bc484bcaab94d559491ef426e6cf4641a23ed0f7c729a1204be130ac3362,True,1
3121,3121,011026_ML.npy,2026-10-01,2026-10-01 22:28:31.166222,7C7C41,DA40,DIAMOND AIRCRAFT INDUSTRIES INC.,DA 40,5b1074a9ed0aa20bf6d75fcc3ca4ab036dbb2904cc3a249ca1cc530a4815b1cc,True,1
3123,3123,011026_ML.npy,2026-10-01,2026-10-01 22:28:32.579963,7C7C41,DA40,DIAMOND AIRCRAFT INDUSTRIES INC.,DA 40,48f21303e22117a2658fb814eeab7765f4a3f5f46219b2cb6b3b18084175e183,True,4
3146,3146,011026_ML.npy,2026-10-01,2026-10-01 22:32:39.168764,7C7B5E,DA40,DIAMOND AIRCRAFT INDUSTRIES INC.,DA 40,05b0cadc8fb813c076a81b3f0a02cdd76fa59c0e0823c6a42dc0c34b4b7aaf9a,True,4
3147,3147,011026_ML.npy,2026-10-01,2026-10-01 22:32:39.642330,7C7B5E,DA40,DIAMOND AIRCRAFT INDUSTRIES INC.,DA 40,c2319d59c6f93b2ee4c7091659b98010c877ed5a3c7ced6c31b8c67e465bb4fd,True,5
3175,3175,011026_ML.npy,2026-10-01,2026-10-01 22:37:59.418870,7C7B5E,DA40,DIAMOND AIRCRAFT INDUSTRIES INC.,DA 40,c4556f307e28e5e03996a00a2e2a004c116c9e14d262b21f88fb082673770350,True,4
3188,3188,011026_ML.npy,2026-10-01,2026-10-01 22:44:18.580938,7C6C18,C172,CESSNA AIRCRAFT COMPANY,172S,e4fde3f5ff7de770aa047902f3c0b34627d3bb572cf96178a91709b715309da2,True,5
3190,3190,011026_ML.npy,2026-10-01,2026-10-01 22:44:21.502812,7C6C18,C172,CESSNA AIRCRAFT COMPANY,172S,64528725ab648d998a6b67f76f6ddae267b6e855171b33495b6a355272b16783,True,2
3196,3196,011026_ML.npy,2026-10-01,2026-10-01 22:44:27.193866,7C6C18,C172,CESSNA AIRCRAFT COMPANY,172S,203f99fc5ce3a09610df6060ca908e496d451043719572c6b25efbe7ae9cf6e2,True,1
3198,3198,011026_ML.npy,2026-10-01,2026-10-01 22:44:27.230531,7C6C18,C172,CESSNA AIRCRAFT COMPANY,172S,434cf55583a4d1b4be6d1d25ae8b4778da8da73e88de1b570a2929acbd90ec95,True,5
3200,3200,011026_ML.npy,2026-10-01,2026-10-01 22:44:29.746532,7C6C18,C172,CESSNA AIRCRAFT COMPANY,172S,429ed2ae5ed27ec7a6968167b000918c475b56a0d1274b44ce9c6570b29d5820,True,4
3202,3202,011026_ML.npy,2026-10-01,2026-10-01 22:44:31.013844,7C6C18,C172,CESSNA AIRCRAFT COMPANY,172S,e4fde3f5ff7de770aa047902f3c0b34627d3bb572cf96178a91709b715309da2,True,4
3216,3216,011026_ML.npy,2026-10-01,2026-10-01 22:44:43.201990,7C6C18,C172,CESSNA AIRCRAFT COMPANY,172S,087b73a2b7b036d3af5b913b27d05244c165cde8c2aa1b6e5cdb047e11581bce,True,5
3222,3222,011026_ML.npy,2026-10-01,2026-10-01 22:44:49.466125,7C6C18,C172,CESSNA AIRCRAFT COMPANY,172S,e4fde3f5ff7de770aa047902f3c0b34627d3bb572cf96178a91709b715309da2,True,2
3223,3223,011026_ML.npy,2026-10-01,2026-10-01 22:44:49.947841,7C6C18,C172,CESSNA AIRCRAFT COMPANY,172S,a4964b9b389936dad2e8f0e3d515f3e66b17625642bb97c6d6f22622de7ed8eb,True,4
3225,3225,011026_ML.npy,2026-10-01,2026-10-01 22:44:51.072720,7C6C18,C172,CESSNA AIRCRAFT COMPANY,172S,d129e52b7b6b7bfce3d9e7f0c9982737b9b7c582b100c86076b829992d6b6a2b,True,4
3227,3227,011026_ML.npy,2026-10-01,2026-10-01 22:44:52.471781,7C6C18,C172,CESSNA AIRCRAFT COMPANY,172S,6a9eba29cefd08b8bf236216a2cfc778c468ceb361027eb45fbe818bbe502c54,True,1
3230,3230,011026_ML.npy,2026-10-01,2026-10-01 22:44:55.656775,7C6C18,C172,CESSNA AIRCRAFT COMPANY,172S,5d0661e50d675b194bb6dd5f40162f07a07ba787914ba20557519853745d8cdc,True,4
3233,3233,011026_ML.npy,2026-10-01,2026-10-01 22:45:06.691015,7C6C18,C172,CESSNA AIRCRAFT COMPANY,172S,f23f34945f6c81b2c4815a2326f75d606ed94a46b38b509ffed0eeee881567c9,True,2
3273,3273,011026_ML.npy,2026-10-01,2026-10-01 22:47:11.187197,7C7AF0,DA40,DIAMOND AIRCRAFT INDUSTRIES INC.,DA 40,b6a44674b96a6608e2c2c18b6307e387cae39f286cc7a319bb2fdbd8726204a4,True,5
3285,3285,011026_ML.npy,2026-10-01,2026-10-01 22:47:25.795793,7C7AF0,DA40,DIAMOND AIRCRAFT INDUSTRIES INC.,DA 40,84eac5b384b38556961cfa383048a7ac79981b14cf0a3341cba5ae4b2379cbfa,True,4
3302,3302,011026_ML.npy,2026-10-01,2026-10-01 22:48:00.522415,7C7AF0,DA40,DIAMOND AIRCRAFT INDUSTRIES INC.,DA 40,43128413153d20f6823788e3ed5b5e19824332e511433c84db4f612db5a75977,True,3
3307,3307,011026_ML.npy,2026-10-01,2026-10-01 22:48:15.963595,7C0077,DA40,DIAMOND AIRCRAFT INDUSTRIES INC.,DA 40,f22806a7913ca2f72d39e5060cb45ef248d78e58aff40254aedde0bffc9e22d6,True,4
3314,3314,011026_ML.npy,2026-10-01,2026-10-01 22:48:22.826552,7C0077,DA40,DIAMOND AIRCRAFT INDUSTRIES INC.,DA 40,395da7ad08c5894562776d910208e8b01fabe57e02daba2472eb7e46299ffb2e,True,3
3335,3335,011026_ML.npy,2026-10-01,2026-10-01 22:48:32.202337,7C0077,DA40,DIAMOND AIRCRAFT INDUSTRIES INC.,DA 40,44f0ea29d9ea1b29379fd4f92719fe0f1917cb604ab08f224f1917e5957f7375,True,3
3354,3354,011026_ML.npy,2026-10-01,2026-10-01 22:48:49.583088,7C0077,DA40,DIAMOND AIRCRAFT INDUSTRIES INC.,DA 40,d521ac3a5b54af907f4b49fbc87e3e89f1cbc31c431e9ad591b4f9ed2b69633d,True,2
3359,3359,011026_ML.npy,2026-10-01,2026-10-01 22:48:56.084664,7C6C18,C172,CESSNA AIRCRAFT COMPANY,172S,e4fde3f5ff7de770aa047902f3c0b34627d3bb572cf96178a91709b715309da2,True,4
3361,3361,011026_ML.npy,2026-10-01,2026-10-01 22:48:56.871975,7C6C18,C172,CESSNA AIRCRAFT COMPANY,172S,8722014b674b5f242cb5647f563219e7a5c4212ae8c946dbcae0bbbd7c15eb7e,True,4
3362,3362,011026_ML.npy,2026-10-01,2026-10-01 22:48:57.035720,7C0077,DA40,DIAMOND AIRCRAFT INDUSTRIES INC.,DA 40,61156010d2f373855d388a63316ae5867636258d404e980f5c3b840c441ffdbd,True,4
3365,3365,011026_ML.npy,2026-10-01,2026-10-01 22:48:58.932682,7C6C18,C172,CESSNA AIRCRAFT COMPANY,172S,e806245f60e5bc2a67bf28256bab47eecb2220b296ac9856c66f1bec7216bea5,True,2
3371,3371,011026_ML.npy,2026-10-01,2026-10-01 22:49:05.221751,7C6C18,C172,CESSNA AIRCRAFT COMPANY,172S,984cd6132ed892992fdfbf7f5e99771bc7080cdfe8969dab1badba8d8cead521,True,2
3381,3381,011026_ML.npy,2026-10-01,2026-10-01 22:49:13.669443,7C6C18,C172,CESSNA AIRCRAFT COMPANY,172S,e4fde3f5ff7de770aa047902f3c0b34627d3bb572cf96178a91709b715309da2,True,5
3392,3392,011026_ML.npy,2026-10-01,2026-10-01 22:49:28.023076,7C6C18,C172,CESSNA AIRCRAFT COMPANY,172S,e37020f12c6659ee508c939e255ff404bf55b145f72c11654840f0d4c7253c7d,True,5
3397,3397,011026_ML.npy,2026-10-01,2026-10-01 22:49:31.229694,7C6C18,C172,CESSNA AIRCRAFT COMPANY,172S,9ef5949ec81e789e3d97f17257725d23ec8ed5d4886dd117dbe60da2957aeb8b,True,4
3398,3398,011026_ML.npy,2026-10-01,2026-10-01 22:49:34.859285,7C6C18,C172,CESSNA AIRCRAFT COMPANY,172S,e4fde3f5ff7de770aa047902f3c0b34627d3bb572cf96178a91709b715309da2,True,3
3401,3401,011026_ML.npy,2026-10-01,2026-10-01 22:49:39.329706,7C6C18,C172,CESSNA AIRCRAFT COMPANY,172S,ce68478bf5d35ed44874fbd34d00b25adc88458122cd9c4017768261348bab60,True,1
3412,3412,011026_ML.npy,2026-10-01,2026-10-01 22:54:17.293554,7C6C18,C172,CESSNA AIRCRAFT COMPANY,172S,d25c498d5ddc19fab55ae40fd0276e62b8b27447be39208b26aa01968cfeb273,True,4
3417,3417,011026_ML.npy,2026-10-01,2026-10-01 22:54:19.814805,7C6C18,C172,CESSNA AIRCRAFT COMPANY,172S,d5ae90cefc4097402044ed71d3d48a019fde44352321fcf45738ae6c480f0d99,True,4
3418,3418,011026_ML.npy,2026-10-01,2026-10-01 22:54:20.345955,7C6C18,C172,CESSNA AIRCRAFT COMPANY,172S,f23f34945f6c81b2c4815a2326f75d606ed94a46b38b509ffed0eeee881567c9,True,5
3424,3424,011026_ML.npy,2026-10-01,2026-10-01 22:54:27.024150,7C6C18,C172,CESSNA AIRCRAFT COMPANY,172S,6cbacfb8e2a62a27dd3c6acd7e76762cee60eb9f57d362df0b9743ec2db6d99b,True,5
3426,3426,011026_ML.npy,2026-10-01,2026-10-01 22:54:27.480781,7C6C18,C172,CESSNA AIRCRAFT COMPANY,172S,2ef71f9aea6b99179c2cb264b06bfdff6e0b14111174c5c127d9fd066a21f0a6,True,1
3428,3428,011026_ML.npy,2026-10-01,2026-10-01 22:54:29.011671,7C6C18,C172,CESSNA AIRCRAFT COMPANY,172S,6f8bf2521bda0292f232d4fcbff883666d0132e5250009879532795ecd7379f6,True,1
3429,3429,011026_ML.npy,2026-10-01,2026-10-01 22:54:29.153347,7C6C18,C172,CESSNA AIRCRAFT COMPANY,172S,e4fde3f5ff7de770aa047902f3c0b34627d3bb572cf96178a91709b715309da2,True,1
3434,3434,011026_ML.npy,2026-10-01,2026-10-01 22:54:40.706956,7C6C18,C172,CESSNA AIRCRAFT COMPANY,172S,4bb65e17ddf06a969be5d9f496ec74535aaff56334bd20c01500989dbbfc573c,True,4
3435,3435,011026_ML.npy,2026-10-01,2026-10-01 22:54:40.713071,7C6C18,C172,CESSNA AIRCRAFT COMPANY,172S,13a884850088703be6818535ff959cb8b1f62ae58211a383513d40659382356a,True,3
3441,3441,011026_ML.npy,2026-10-01,2026-10-01 22:54:54.814219,7C6C18,C172,CESSNA AIRCRAFT COMPANY,172S,c82c0de87609280a3855162272192b77045128a9458199f29a21bc90c5120cc7,True,5
3442,3442,011026_ML.npy,2026-10-01,2026-10-01 22:55:36.637009,7C6C18,C172,CESSNA AIRCRAFT COMPANY,172S,8e90b675c1e4aaba5c5706e6c9ce0cf670f4c6cc185c5126839119028543a778,True,4
3443,3443,011026_ML.npy,2026-10-01,2026-10-01 22:55:38.360546,7C6C18,C172,CESSNA AIRCRAFT COMPANY,172S,937df527c2fb4d445580d3a979dde5e1b969c12d5e64aeca162cdf80e89451b0,True,1
3445,3445,011026_ML.npy,2026-10-01,2026-10-01 22:56:01.149880,7C6C18,C172,CESSNA AIRCRAFT COMPANY,172S,e23d2d6c035ccf247b018c390bb0b04d5e91446c3e718a3ac83b9c66cafe47db,True,4
3449,3449,011026_ML.npy,2026-10-01,2026-10-01 22:58:40.507458,7C6C18,C172,CESSNA AIRCRAFT COMPANY,172S,f3dcc72e21f521972ba8bcc9149769528cc32704fbb640be4b4f9ecde8481f2f,True,4
3451,3451,011026_ML.npy,2026-10-01,2026-10-01 22:58:41.999534,7C6C18,C172,CESSNA AIRCRAFT COMPANY,172S,c5da7fd85277bdc6d31855606f74290a565bddb360ebf542d91c576ed3fa333b,True,4
3454,3454,011026_ML.npy,2026-10-01,2026-10-01 22:58:47.963095,7C6C18,C172,CESSNA AIRCRAFT COMPANY,172S,b2656f6c80c8251fd2c559f49d3c03d6a0d3443d522ae8ef3866af4f0a2934ad,True,3
3467,3467,011026_ML.npy,2026-10-01,2026-10-01 22:59:03.544660,7C6C18,C172,CESSNA AIRCRAFT COMPANY,172S,cadfc36ae1a22a7b143c21f1e4822075836f2f5cf8f7e5b8e605083a547ad29d,True,1
3474,3474,011026_ML.npy,2026-10-01,2026-10-01 22:59:11.690656,7C6C18,C172,CESSNA AIRCRAFT COMPANY,172S,e4fde3f5ff7de770aa047902f3c0b34627d3bb572cf96178a91709b715309da2,True,2
3481,3481,011026_ML.npy,2026-10-01,2026-10-01 22:59:19.736828,7C6C18,C172,CESSNA AIRCRAFT COMPANY,172S,d6de744cefa3f1f3ec6b55f6b2fababa182279d2acd242dd2c77634c2a4aa1ae,True,3
3490,3490,011026_ML.npy,2026-10-01,2026-10-01 23:03:48.637504,7C6C18,C172,CESSNA AIRCRAFT COMPANY,172S,b41a592e3d054f1e90d15aa7b775d725b2091e923dd819f169c4b75d147cfbdc,True,1
3491,3491,011026_ML.npy,2026-10-01,2026-10-01 23:03:48.641155,7C6C18,C172,CESSNA AIRCRAFT COMPANY,172S,c326b179360482a2a4be00a73dcb01dfdbb6793bdf8c109aec894623cdb823c2,True,3
3493,3493,011026_ML.npy,2026-10-01,2026-10-01 23:03:50.061197,7C6C18,C172,CESSNA AIRCRAFT COMPANY,172S,ae51f6d900f9e7c41408189b9ba8eb9c002e27d26ed741f445b67512a06ea3c1,True,4
3499,3499,011026_ML.npy,2026-10-01,2026-10-01 23:03:51.978107,7C6C18,C172,CESSNA AIRCRAFT COMPANY,172S,5f5b592655731a1eb6242593e3a9f3efd0af4e1624eccd32cd1721432dcf188c,True,5
3504,3504,011026_ML.npy,2026-10-01,2026-10-01 23:03:54.327427,7C6C18,C172,CESSNA AIRCRAFT COMPANY,172S,f23f34945f6c81b2c4815a2326f75d606ed94a46b38b509ffed0eeee881567c9,True,2
3505,3505,011026_ML.npy,2026-10-01,2026-10-01 23:03:56.553524,7C6C18,C172,CESSNA AIRCRAFT COMPANY,172S,1a6f5e2e684804e5250e24716fd51bf318e792570b0d2e6097b77e87d3b0529b,True,2
3508,3508,011026_ML.npy,2026-10-01,2026-10-01 23:03:58.054717,7C6C18,C172,CESSNA AIRCRAFT COMPANY,172S,78d73ad27473c801ef7074aa046cda68ec578ba69a50d2ad454a7a48e713ee25,True,3
3509,3509,011026_ML.npy,2026-10-01,2026-10-01 23:03:59.460368,7C6C18,C172,CESSNA AIRCRAFT COMPANY,172S,f23f34945f6c81b2c4815a2326f75d606ed94a46b38b509ffed0eeee881567c9,True,2
3512,3512,011026_ML.npy,2026-10-01,2026-10-01 23:04:02.199239,7C6C18,C172,CESSNA AIRCRAFT COMPANY,172S,3caebf2301dfe6619620145a1385bbf81409ce5a8fbe8902b28677fc5a586229,True,2
3515,3515,011026_ML.npy,2026-10-01,2026-10-01 23:04:05.940211,7C6C18,C172,CESSNA AIRCRAFT COMPANY,172S,d43a51e307c8be190bc914c2e101919baae152f0ec9eae16ba8a47aac213f462,True,2
3520,3520,011026_ML.npy,2026-10-01,2026-10-01 23:04:10.519970,7C6C18,C172,CESSNA AIRCRAFT COMPANY,172S,85cbf5bedc03f519e7a75e219f3d8acaab541c6f9c1de2a864732018560763af,True,5
3526,3526,011026_ML.npy,2026-10-01,2026-10-01 23:04:15.207048,7C6C18,C172,CESSNA AIRCRAFT COMPANY,172S,9adcbbf912ba16abab19500b71750524fe3f5b0b1fe7a5245dc69bdc6bc0af50,True,3
3529,3529,011026_ML.npy,2026-10-01,2026-10-01 23:04:24.943207,7C6C18,C172,CESSNA AIRCRAFT COMPANY,172S,e4fde3f5ff7de770aa047902f3c0b34627d3bb572cf96178a91709b715309da2,True,2
3535,3535,011026_ML.npy,2026-10-01,2026-10-01 23:04:36.422633,7C6C18,C172,CESSNA AIRCRAFT COMPANY,172S,0e16c43100faed7de31eaf4cc1068b2772d981b16d466e99e7b52f60e12b8fdc,True,2
3566,3566,011026_ML.npy,2026-10-01,2026-10-01 23:08:45.302934,7C6C18,C172,CESSNA AIRCRAFT COMPANY,172S,db7bbae5d2f83db0d1b637c6d2e329fe020f2291d98c7062a44f5f5d8f26a934,True,5
3573,3573,011026_ML.npy,2026-10-01,2026-10-01 23:08:55.145143,7C6C18,C172,CESSNA AIRCRAFT COMPANY,172S,4a05561afbfe3b1e23056f578f40ffff9dafc53768b7cd6068c8498d83783b0f,True,2
3576,3576,011026_ML.npy,2026-10-01,2026-10-01 23:09:02.269283,7C6C18,C172,CESSNA AIRCRAFT COMPANY,172S,51f9a17386c72b01793da0f4e1b9a554227fa5dc832a08632b9bae465f3d92d5,True,2
3577,3577,011026_ML.npy,2026-10-01,2026-10-01 23:09:04.701398,7C6C18,C172,CESSNA AIRCRAFT COMPANY,172S,5dcf7bef8ddde420338d97cbfdee072b92f17dc665b83c69193869b9c20af2fc,True,1
3578,3578,011026_ML.npy,2026-10-01,2026-10-01 23:09:05.517131,7C6C18,C172,CESSNA AIRCRAFT COMPANY,172S,f23f34945f6c81b2c4815a2326f75d606ed94a46b38b509ffed0eeee881567c9,True,4
3584,3584,011026_ML.npy,2026-10-01,2026-10-01 23:09:11.083396,7C6C18,C172,CESSNA AIRCRAFT COMPANY,172S,ee346b449d8438b8db4cd9d2cf8a5aef64159dc8c771f14df6c8386ee0453527,True,1
3590,3590,011026_ML.npy,2026-10-01,2026-10-01 23:09:14.831579,7C6C18,C172,CESSNA AIRCRAFT COMPANY,172S,e8c26bacb3a77c4e5e817ca45e8afd44e2f4069efdb3f103e9d0107c91c0bf3d,True,5
3592,3592,011026_ML.npy,2026-10-01,2026-10-01 23:09:17.088004,7C6C18,C172,CESSNA AIRCRAFT COMPANY,172S,e4fde3f5ff7de770aa047902f3c0b34627d3bb572cf96178a91709b715309da2,True,3
3593,3593,011026_ML.npy,2026-10-01,2026-10-01 23:09:22.096485,7C6C18,C172,CESSNA AIRCRAFT COMPANY,172S,a507001a9e4ef6103e84d94caa80af28314b107a61b6fcb9293f1a591cbfc76e,True,3
3599,3599,011026_ML.npy,2026-10-01,2026-10-01 23:09:39.392850,7C6C18,C172,CESSNA AIRCRAFT COMPANY,172S,a4437c31793863cad4988f9fc84479a7933af631d4bd25120b720bc35fe31101,True,1
3632,3632,011026_ML.npy,2026-10-01,2026-10-01 23:13:09.506455,7C7C3E,DA40,DIAMOND AIRCRAFT INDUSTRIES INC.,DA 40,b076cfb5f14b22cf3fa21109f393cda33c401588b8e9fdf9d0daf4da94baa13f,True,5
3653,3653,011026_ML.npy,2026-10-01,2026-10-01 23:13:51.798368,7C6C18,C172,CESSNA AIRCRAFT COMPANY,172S,4297abef4e0e548809b302f248bd20fffdb093430dec6fda872e983c913c154e,True,4
3659,3659,011026_ML.npy,2026-10-01,2026-10-01 23:14:01.206646,7C6C18,C172,CESSNA AIRCRAFT COMPANY,172S,02b72c948c24def7d574948826d13fc28919f85c2a2cf9ecaf1d63a68fc07614,True,5
3679,3679,011026_ML.npy,2026-10-01,2026-10-01 23:15:51.970031,7C168B,DA40,DIAMOND AIRCRAFT INDUSTRIES INC.,DA 40,2929dc112427b48cd90afdb7223fcccac51beacc7f6f1d0549f9936270f8995c,True,5
3688,3688,011026_ML.npy,2026-10-01,2026-10-01 23:16:09.344044,7C168B,DA40,DIAMOND AIRCRAFT INDUSTRIES INC.,DA 40,0d3bf7a90de4953fe5779201b48e91448f9883161e58c8cb6d13d85e4242a930,True,2
3701,3701,011026_ML.npy,2026-10-01,2026-10-01 23:16:29.687764,7C168B,DA40,DIAMOND AIRCRAFT INDUSTRIES INC.,DA 40,0557d9fd641911d3648c8c30af55b9e1d90bd5b7110740cc22dc01f6d58668a9,True,1
3703,3703,011026_ML.npy,2026-10-01,2026-10-01 23:16:31.825322,7C168B,DA40,DIAMOND AIRCRAFT INDUSTRIES INC.,DA 40,79e4fcc49222c28d806d7ada4da38458eadfeff1a5c0341c1a6246ecdb6f976e,True,3
3708,3708,011026_ML.npy,2026-10-01,2026-10-01 23:18:01.858850,7C41FD,DA40,DIAMOND AIRCRAFT INDUSTRIES INC.,DA 40,48b6cf8fa9f1f8af16eac9af107394e6d4298d3dcd4ef8aa03db850930b5c1e3,True,3
3709,3709,011026_ML.npy,2026-10-01,2026-10-01 23:18:02.541772,7C41FD,DA40,DIAMOND AIRCRAFT INDUSTRIES INC.,DA 40,ca3c431819122b2a9e842a54a6e771d97c78dfd9bf3576dcd5186f0cefafb50c,True,4
3745,3745,011026_ML.npy,2026-10-01,2026-10-01 23:18:44.427848,7C41FD,DA40,DIAMOND AIRCRAFT INDUSTRIES INC.,DA 40,46d2ebc9cc73c22ae3155f7a5db859369187a503130c4c53a58d0564f37af3c8,True,1
3746,3746,011026_ML.npy,2026-10-01,2026-10-01 23:18:47.903659,7C41FD,DA40,DIAMOND AIRCRAFT INDUSTRIES INC.,DA 40,797e275d9548453e0fdbb4b00705d0ee181560a920d439b35ba64e60a2263818,True,3
3750,3750,011026_ML.npy,2026-10-01,2026-10-01 23:19:02.585061,7C41FD,DA40,DIAMOND AIRCRAFT INDUSTRIES INC.,DA 40,33cd37317f2f53ffe185b6966ad45f22d9160de790eeff0beca23371ec223743,True,4
3755,3755,011026_ML.npy,2026-10-01,2026-10-01 23:19:04.480897,7C41FD,DA40,DIAMOND AIRCRAFT INDUSTRIES INC.,DA 40,89e6d9cc53d066c4c677e831418723aa1ac161c4fcfef34848e2d91dd1e0a2a8,True,1
3756,3756,011026_ML.npy,2026-10-01,2026-10-01 23:19:04.483825,7C41FD,DA40,DIAMOND AIRCRAFT INDUSTRIES INC.,DA 40,a7265afb9d04b247e1a78ecd91b92a3931df0c87f775db909ef2f75312538bb6,True,2
3761,3761,011026_ML.npy,2026-10-01,2026-10-01 23:19:05.467047,7C41FD,DA40,DIAMOND AIRCRAFT INDUSTRIES INC.,DA 40,9966ce8831aa8049f509f7d57dd835a7b8eeecd50972e484438291587c199ec3,True,1
3768,3768,011026_ML.npy,2026-10-01,2026-10-01 23:20:47.442899,7C168B,DA40,DIAMOND AIRCRAFT INDUSTRIES INC.,DA 40,c05fb62aa7163eead2611e3e2d92be1445fd163de01d4aca5dc7fac27bf0425b,True,4
3769,3769,011026_ML.npy,2026-10-01,2026-10-01 23:20:51.544580,7C168B,DA40,DIAMOND AIRCRAFT INDUSTRIES INC.,DA 40,552eb0418e392ac96c02899a6376d7ef09c97353827267af1a31796dfa48e8ef,True,2
3770,3770,011026_ML.npy,2026-10-01,2026-10-01 23:20:55.983966,7C168B,DA40,DIAMOND AIRCRAFT INDUSTRIES INC.,DA 40,f94470c6fe84d99100bdd3cd6dca1bfd6a5ba8e1fe1295b00619c887e36255b1,True,2
3772,3772,011026_ML.npy,2026-10-01,2026-10-01 23:20:58.253582,7C168B,DA40,DIAMOND AIRCRAFT INDUSTRIES INC.,DA 40,fd01d600d419db8caa8cc94a9970f10ed89f07bbbadfc2b1625dd4662e4991a9,True,4
3796,3796,011026_ML.npy,2026-10-01,2026-10-01 23:25:37.936669,7C168B,DA40,DIAMOND AIRCRAFT INDUSTRIES INC.,DA 40,2e041605db15527e99e5423a6835d00b52eddfa867d9bbafc2594fcf3c11e0f2,True,3
3803,3803,011026_ML.npy,2026-10-01,2026-10-01 23:28:42.897867,7C1B2A,DA40,DIAMOND AIRCRAFT INDUSTRIES INC.,DA 40,0ae5b35f0ec9e8331cb3177c77a993862620e0a0690eb4946af48f98b2814498,True,4
3817,3817,011026_ML.npy,2026-10-01,2026-10-01 23:29:09.285473,7C1B2A,DA40,DIAMOND AIRCRAFT INDUSTRIES INC.,DA 40,faa641f689273fd3c9db8ff0ae82ad9f7918395b4733ed6085e010e0b8d9882b,True,2
3856,3856,011026_ML.npy,2026-10-01,2026-10-01 23:32:50.721061,7C444D,P28A,PIPER AIRCRAFT CORP,PA-28-181,9ba3bafcfb83c2f61319d0b18b053fa89f52b63231c8cad537f200dfe3f6417a,True,1
3857,3857,011026_ML.npy,2026-10-01,2026-10-01 23:32:55.445250,7C444D,P28A,PIPER AIRCRAFT CORP,PA-28-181,ac317d35c86298fbea94e82d43c947c8e57142d06079276903ea01d148f956ff,True,4
3858,3858,011026_ML.npy,2026-10-01,2026-10-01 23:33:02.132241,7C444D,P28A,PIPER AIRCRAFT CORP,PA-28-181,6bdb214fedb19b060c174206a10db08a6c537ad1f3a2b7b3e81bca765faa6017,True,1
3859,3859,011026_ML.npy,2026-10-01,2026-10-01 23:33:05.513637,7C444D,P28A,PIPER AIRCRAFT CORP,PA-28-181,ecf7f109bbdfc9091ff36b134271c524a2d3a8c3a52562cef1a67150cfc7bd95,True,5
3860,3860,011026_ML.npy,2026-10-01,2026-10-01 23:33:07.057347,7C444D,P28A,PIPER AIRCRAFT CORP,PA-28-181,ad519d13a8d426f12dca747e3e63ffeb894fd54add97ba081dc3d549297f1045,True,1
3861,3861,011026_ML.npy,2026-10-01,2026-10-01 23:33:07.469221,7C444D,P28A,PIPER AIRCRAFT CORP,PA-28-181,809e156c9e754128592e406da2f7d4dd15cd61dd142ceceabd4ce8890e7bbd0e,True,3
3862,3862,011026_ML.npy,2026-10-01,2026-10-01 23:33:09.044798,7C444D,P28A,PIPER AIRCRAFT CORP,PA-28-181,1fc8bac65aaf57646ff3b652de55e9fbf7d94652cf0885db31f3343923225f2c,True,1
3863,3863,011026_ML.npy,2026-10-01,2026-10-01 23:33:10.106511,7C444D,P28A,PIPER AIRCRAFT CORP,PA-28-181,0ecdc89513272993cf2dc731d370766f4bff786437db470d4838f029e735dafd,True,2
3864,3864,011026_ML.npy,2026-10-01,2026-10-01 23:33:10.480573,7C444D,P28A,PIPER AIRCRAFT CORP,PA-28-181,49c907feeadcda6095d2f87a99f13facf6ab0fbab24f7eae58df57405fb61ba1,True,3
3865,3865,011026_ML.npy,2026-10-01,2026-10-01 23:33:10.828486,7C444D,P28A,PIPER AIRCRAFT CORP,PA-28-181,0a712d93c3b436632b6313eca8379ae14858b33e3b9968582f2fdcbbff01ea49,True,4
3866,3866,011026_ML.npy,2026-10-01,2026-10-01 23:33:17.877793,7C444D,P28A,PIPER AIRCRAFT CORP,PA-28-181,bdbea92283397c39fbb177d0e95a1912f7416a11383c2ccf93c282201996d94c,True,1
3867,3867,011026_ML.npy,2026-10-01,2026-10-01 23:33:18.650585,7C444D,P28A,PIPER AIRCRAFT CORP,PA-28-181,858710f40f17bd8b00a4b119595a9b3c6bb100cae25ac6ba8249638b003ad6e6,True,4
3868,3868,011026_ML.npy,2026-10-01,2026-10-01 23:33:21.040229,7C444D,P28A,PIPER AIRCRAFT CORP,PA-28-181,69e7be28a3a2fc7ade865a7cbb0ed3e43e5a3b6424a1634e65b91711ef5b7d71,True,2
3869,3869,011026_ML.npy,2026-10-01,2026-10-01 23:33:23.657781,7C444D,P28A,PIPER AIRCRAFT CORP,PA-28-181,750600ff44d34699a794ab955552658689bdef7c804d74ba192263ba867f19e6,True,4
3915,3915,011026_ML.npy,2026-10-01,2026-10-01 23:35:08.081580,7C1689,DA40,DIAMOND AIRCRAFT INDUSTRIES INC.,DA 40,cbda58a5b9d64a7445600c5a9da1bb4ea14d8ad16684730db9b2887025e620fb,True,3
3926,3926,011026_ML.npy,2026-10-01,2026-10-01 23:35:16.476556,7C168B,DA40,DIAMOND AIRCRAFT INDUSTRIES INC.,DA 40,c7f23458b15539140bdfa5cfcf5b31a31b623e21a9d3513456564a6584266a31,True,4
3931,3931,011026_ML.npy,2026-10-01,2026-10-01 23:35:20.988147,7C1689,DA40,DIAMOND AIRCRAFT INDUSTRIES INC.,DA 40,58baa5f1d7a6b6c536b37303f9d4ed38ee469811aed8c675d23204dc18289674,True,1
3937,3937,011026_ML.npy,2026-10-01,2026-10-01 23:35:24.303287,7C168B,DA40,DIAMOND AIRCRAFT INDUSTRIES INC.,DA 40,5f5fce3e604c0acaa448a3c10467ddcb15ca63476026f0cc1c0f62f7933b704d,True,4
3959,3959,011026_ML.npy,2026-10-01,2026-10-01 23:36:00.121163,7C7B61,DA40,DIAMOND AIRCRAFT INDUSTRIES INC.,DA 40,158a17f517bdf151c602d032df856b9d9a87499f38606f0d120f2311a6edd8a5,True,5
3960,3960,011026_ML.npy,2026-10-01,2026-10-01 23:36:02.020906,7C7B61,DA40,DIAMOND AIRCRAFT INDUSTRIES INC.,DA 40,05516b316f46bf06779b3ade69db1e83e0112a5f92f5b74cc39fa808b76180f2,True,4
3962,3962,011026_ML.npy,2026-10-01,2026-10-01 23:36:12.459992,7C7B61,DA40,DIAMOND AIRCRAFT INDUSTRIES INC.,DA 40,82cd83e5f454e1ae6a75dffa5632d4497daaf9dc8cbbc92c01b6c857e8a262b6,True,1
3965,3965,011026_ML.npy,2026-10-01,2026-10-01 23:36:15.153614,7C7B61,DA40,DIAMOND AIRCRAFT INDUSTRIES INC.,DA 40,b5ca80515a27b69e51a7aa2e17b5f71241df443bd73e64da5bc101c86872fe11,True,2
3984,3984,011026_ML.npy,2026-10-01,2026-10-01 23:36:38.628036,7C7B61,DA40,DIAMOND AIRCRAFT INDUSTRIES INC.,DA 40,56c4a6c2d38e0e627862aa49adf6d4797c3402d2bbaf239f6f8371b4838c74ed,True,5
4004,4004,011026_ML.npy,2026-10-01,2026-10-01 23:37:13.634019,7C4E44,DA40,DIAMOND AIRCRAFT INDUSTRIES INC.,DA 40,a1f880ffe15568e8067fdf6f8b111d755ae330bbc80bd605bd416b61e2e97b3f,True,3
4015,4015,011026_ML.npy,2026-10-01,2026-10-01 23:37:26.014367,7C4E44,DA40,DIAMOND AIRCRAFT INDUSTRIES INC.,DA 40,fd38ce42ba97a8505d2ddc7b201742254305434f93a8d41ac4131380c330c003,True,2
4020,4020,011026_ML.npy,2026-10-01,2026-10-01 23:37:40.665487,7C444D,P28A,PIPER AIRCRAFT CORP,PA-28-181,d8ca3e90afb3bc1d4dca52ed572384b0662a75fc6da6c43081f935eb45116e9f,True,1
4021,4021,011026_ML.npy,2026-10-01,2026-10-01 23:37:41.133320,7C444D,P28A,PIPER AIRCRAFT CORP,PA-28-181,3f99e07a54cfc54472c0cb89c4171e9180ca52b9699fca6d9026991a9a0a37db,True,4
4022,4022,011026_ML.npy,2026-10-01,2026-10-01 23:37:41.999093,7C444D,P28A,PIPER AIRCRAFT CORP,PA-28-181,bdbea92283397c39fbb177d0e95a1912f7416a11383c2ccf93c282201996d94c,True,3
4023,4023,011026_ML.npy,2026-10-01,2026-10-01 23:37:42.633154,7C444D,P28A,PIPER AIRCRAFT CORP,PA-28-181,aa53fbc5a26c5115a981dedbf5b0560fb5297de618efc39d61cd39d34cdae6ce,True,1
4024,4024,011026_ML.npy,2026-10-01,2026-10-01 23:37:43.792245,7C444D,P28A,PIPER AIRCRAFT CORP,PA-28-181,41c9ed0dbb91dd3120d51daf1643dfe7658e329c08fe77cc05f8fe6782f0fa3d,True,2
4025,4025,011026_ML.npy,2026-10-01,2026-10-01 23:37:45.216335,7C444D,P28A,PIPER AIRCRAFT CORP,PA-28-181,aa08ebbf59447b63ec36c44580f3850a221b3c0428f0342fdead97ab45142131,True,3
4026,4026,011026_ML.npy,2026-10-01,2026-10-01 23:37:47.089048,7C444D,P28A,PIPER AIRCRAFT CORP,PA-28-181,09e0d958ebf87197500ca21de83321ec5b44ac5c1ea1378c52b19a3ec59487cf,True,5
4027,4027,011026_ML.npy,2026-10-01,2026-10-01 23:37:51.480789,7C444D,P28A,PIPER AIRCRAFT CORP,PA-28-181,f59cfccaa9a66b94e5272336d425be75ec19f453f40e35c3876e54e1a411e20c,True,4
4028,4028,011026_ML.npy,2026-10-01,2026-10-01 23:37:52.346786,7C444D,P28A,PIPER AIRCRAFT CORP,PA-28-181,d44c50ca552c6c561e701bee5d9031e0b3a2c40c52b879331cd88b39817e78cc,True,3
4029,4029,011026_ML.npy,2026-10-01,2026-10-01 23:37:54.154171,7C444D,P28A,PIPER AIRCRAFT CORP,PA-28-181,5a486053da5ec8a6ebb2170ca1e46bcae8b9b868d99e65b4caf0a02e33c4d6c7,True,2
4030,4030,011026_ML.npy,2026-10-01,2026-10-01 23:37:55.207938,7C444D,P28A,PIPER AIRCRAFT CORP,PA-28-181,f9ccb4bf87f1e4479829caa0f9a013d04d8e6a7d8f1ea08e87ac471b62afa840,True,3
4031,4031,011026_ML.npy,2026-10-01,2026-10-01 23:37:57.703485,7C444D,P28A,PIPER AIRCRAFT CORP,PA-28-181,6dac2ad2c8d1d5ec86fa1c085293193ba7a999ebe47ee6a0a93cbf368e740216,True,5
4032,4032,011026_ML.npy,2026-10-01,2026-10-01 23:37:59.252689,7C444D,P28A,PIPER AIRCRAFT CORP,PA-28-181,5eb52d90b7b94172ad47bc85be52f11390f7da1b6a02a1341ea52ea19f21e403,True,1
4033,4033,011026_ML.npy,2026-10-01,2026-10-01 23:38:00.063211,7C444D,P28A,PIPER AIRCRAFT CORP,PA-28-181,640dca7c920ff1477d68399c9279bde498180f03f90784f2f153da7520cfdfed,True,2
4034,4034,011026_ML.npy,2026-10-01,2026-10-01 23:38:00.650686,7C444D,P28A,PIPER AIRCRAFT CORP,PA-28-181,231d78701f8b63818d94c308beae19a2ad6db0ba1f637b7dda98d84ed3e80467,True,1
4035,4035,011026_ML.npy,2026-10-01,2026-10-01 23:38:02.910192,7C444D,P28A,PIPER AIRCRAFT CORP,PA-28-181,cb79244251707941b8433a71b8276c268f47d32b6064af649275953a41db1f63,True,1
4036,4036,011026_ML.npy,2026-10-01,2026-10-01 23:38:10.488330,7C444D,P28A,PIPER AIRCRAFT CORP,PA-28-181,6620b678f290880ebe297b70851a4b5fabc8f791ff15eace3ee74a9dd2d16b72,True,5
4037,4037,011026_ML.npy,2026-10-01,2026-10-01 23:38:11.520601,7C444D,P28A,PIPER AIRCRAFT CORP,PA-28-181,d0d8144f1066791fffd6f7d82eeeeafcf1b9194ff4ff7106e225be42245a6694,True,3
4038,4038,011026_ML.npy,2026-10-01,2026-10-01 23:38:13.384035,7C444D,P28A,PIPER AIRCRAFT CORP,PA-28-181,162332b040b3ef4d4ce1f57af87f4fe52967028adfa07afb23ee9ea9e2ac90d3,True,4
4039,4039,011026_ML.npy,2026-10-01,2026-10-01 23:38:14.665622,7C444D,P28A,PIPER AIRCRAFT CORP,PA-28-181,25c397428925700c4a872ef435180cb32a5048c3fbd6b760cd2eaf0027e53d9c,True,1
4040,4040,011026_ML.npy,2026-10-01,2026-10-01 23:38:15.631729,7C444D,P28A,PIPER AIRCRAFT CORP,PA-28-181,1e821fc23708773d878307c5f5d2363a44fc761a2cdbcb2ed1129de70808305a,True,4
4041,4041,011026_ML.npy,2026-10-01,2026-10-01 23:38:22.477632,7C444D,P28A,PIPER AIRCRAFT CORP,PA-28-181,159257b5e4fda40309759e68f7540bf9735fa901088dfdaa199ec9a45c2a5fb3,True,4
4042,4042,011026_ML.npy,2026-10-01,2026-10-01 23:38:23.109509,7C444D,P28A,PIPER AIRCRAFT CORP,PA-28-181,d8ca3e90afb3bc1d4dca52ed572384b0662a75fc6da6c43081f935eb45116e9f,True,5
4043,4043,011026_ML.npy,2026-10-01,2026-10-01 23:38:23.155638,7C444D,P28A,PIPER AIRCRAFT CORP,PA-28-181,ff872233a889fc9498285e5c71b53849d799f4c67ce5bc414527c1767199970c,True,2
4044,4044,011026_ML.npy,2026-10-01,2026-10-01 23:38:23.501468,7C444D,P28A,PIPER AIRCRAFT CORP,PA-28-181,e02f6cbcad68e27737d16b970e59b0ed97c5079e2adfc4a977dc5f06d39965d3,True,1
4045,4045,011026_ML.npy,2026-10-01,2026-10-01 23:38:24.457132,7C444D,P28A,PIPER AIRCRAFT CORP,PA-28-181,47f725f9d27717ed996c028063288fb4fbea315a6efa1bc2953b4143b96a0c1c,True,2
4046,4046,011026_ML.npy,2026-10-01,2026-10-01 23:38:26.135065,7C444D,P28A,PIPER AIRCRAFT CORP,PA-28-181,0a712d93c3b436632b6313eca8379ae14858b33e3b9968582f2fdcbbff01ea49,True,3
4047,4047,011026_ML.npy,2026-10-01,2026-10-01 23:38:27.346925,7C444D,P28A,PIPER AIRCRAFT CORP,PA-28-181,55bbf9eb0d6c33850a87134c81ac67b60c8a00c50087de397fecc8569fa81484,True,3
4048,4048,011026_ML.npy,2026-10-01,2026-10-01 23:38:28.448510,7C444D,P28A,PIPER AIRCRAFT CORP,PA-28-181,a0a8cc34541a7523b4774dc33236a51c1242be3a73cda138820e8589d555b993,True,2
4051,4051,011026_ML.npy,2026-10-01,2026-10-01 23:39:03.126537,7C444D,P28A,PIPER AIRCRAFT CORP,PA-28-181,b9038a3072f897e86ff377863358453b7fd3a05ad18fc8712b2e227e76c150a0,True,3
4058,4058,011026_ML.npy,2026-10-01,2026-10-01 23:39:28.226421,7C168B,DA40,DIAMOND AIRCRAFT INDUSTRIES INC.,DA 40,14811e0bfa5ba1e98dcca54a5214414fd363dd8b0adaa3b1ba74bf4bb1818539,True,1
4070,4070,011026_ML.npy,2026-10-01,2026-10-01 23:42:52.182587,7C444D,P28A,PIPER AIRCRAFT CORP,PA-28-181,06f8f823cca3b0bc251232dd0df09aef7acc3041bb3e708c51d9806ddd75f74a,True,4
4071,4071,011026_ML.npy,2026-10-01,2026-10-01 23:42:53.130587,7C444D,P28A,PIPER AIRCRAFT CORP,PA-28-181,bdbea92283397c39fbb177d0e95a1912f7416a11383c2ccf93c282201996d94c,True,5
4072,4072,011026_ML.npy,2026-10-01,2026-10-01 23:42:54.140411,7C444D,P28A,PIPER AIRCRAFT CORP,PA-28-181,fd421d5637073cdc8603d3a0390c24f8d0db8be771def7a646bd9f2f365b27b1,True,1
4073,4073,011026_ML.npy,2026-10-01,2026-10-01 23:42:54.808035,7C444D,P28A,PIPER AIRCRAFT CORP,PA-28-181,84f6f5c11d5a1042258a7f24db1d6fa9e5a6c41dc2de200c4c0356d7308e6f9c,True,3
4074,4074,011026_ML.npy,2026-10-01,2026-10-01 23:42:55.645969,7C444D,P28A,PIPER AIRCRAFT CORP,PA-28-181,0a712d93c3b436632b6313eca8379ae14858b33e3b9968582f2fdcbbff01ea49,True,3
4075,4075,011026_ML.npy,2026-10-01,2026-10-01 23:42:55.896050,7C444D,P28A,PIPER AIRCRAFT CORP,PA-28-181,94c410f0f180c67a2bdaa6a0a23b912060c81eefc8100a3dd9774f312f500f93,True,2
4076,4076,011026_ML.npy,2026-10-01,2026-10-01 23:42:58.501915,7C444D,P28A,PIPER AIRCRAFT CORP,PA-28-181,79e9f26ab995af9ad9619408b72e11486059186beb2af2dc808e6f7b7cb693b7,True,1
4077,4077,011026_ML.npy,2026-10-01,2026-10-01 23:42:58.947358,7C444D,P28A,PIPER AIRCRAFT CORP,PA-28-181,737cbf00360b53f1dbae6e1c1dd25f6232d6f78197c38d6cc83fcad73d4190dc,True,4
4078,4078,011026_ML.npy,2026-10-01,2026-10-01 23:43:04.070112,7C444D,P28A,PIPER AIRCRAFT CORP,PA-28-181,2226cfe5e33a7767df8cc64ab0e534dbb48af365d1c83624058af4bca6c6881e,True,3
4079,4079,011026_ML.npy,2026-10-01,2026-10-01 23:43:05.569374,7C444D,P28A,PIPER AIRCRAFT CORP,PA-28-181,cdc51ab2efc2216a1b1684abf4ab4a218cfb12a0f0202c27c22dfa61b86146ba,True,5
4080,4080,011026_ML.npy,2026-10-01,2026-10-01 23:43:06.149864,7C444D,P28A,PIPER AIRCRAFT CORP,PA-28-181,0c591a54dff855180151bf66dc5867a4aeb92575e9e1bcd4fdf0c0a091fb448f,True,2
4081,4081,011026_ML.npy,2026-10-01,2026-10-01 23:43:08.211121,7C444D,P28A,PIPER AIRCRAFT CORP,PA-28-181,bdbea92283397c39fbb177d0e95a1912f7416a11383c2ccf93c282201996d94c,True,2
4082,4082,011026_ML.npy,2026-10-01,2026-10-01 23:43:08.612899,7C444D,P28A,PIPER AIRCRAFT CORP,PA-28-181,0cbe3d0a080b30663c177cd16a55d5af11d483c5b654a697b3f73c6f35c48e72,True,1
4083,4083,011026_ML.npy,2026-10-01,2026-10-01 23:43:09.062868,7C444D,P28A,PIPER AIRCRAFT CORP,PA-28-181,20b5b46b13328d8aeae8cd32df3538a4318896f7b9f8eb5f6cf63a1cda03dbfd,True,3
4084,4084,011026_ML.npy,2026-10-01,2026-10-01 23:43:09.634840,7C444D,P28A,PIPER AIRCRAFT CORP,PA-28-181,5db6e8ce65c2b70204c3f878c33c74fe51950e523606aa2d8b5a6bd1fe680ade,True,3
4085,4085,011026_ML.npy,2026-10-01,2026-10-01 23:43:13.315482,7C444D,P28A,PIPER AIRCRAFT CORP,PA-28-181,d67e829a5cb03d7fc48d670792510199f280d06c8fb0a5dfcced0e2de0b2542d,True,4
4086,4086,011026_ML.npy,2026-10-01,2026-10-01 23:43:14.277565,7C444D,P28A,PIPER AIRCRAFT CORP,PA-28-181,dc7db7ff37546fad1c09c00fafd1558de7dc4bebbb9a8c3692b9d741369b966a,True,3
4087,4087,011026_ML.npy,2026-10-01,2026-10-01 23:43:17.685279,7C444D,P28A,PIPER AIRCRAFT CORP,PA-28-181,d8ca3e90afb3bc1d4dca52ed572384b0662a75fc6da6c43081f935eb45116e9f,True,1
4088,4088,011026_ML.npy,2026-10-01,2026-10-01 23:43:20.288570,7C444D,P28A,PIPER AIRCRAFT CORP,PA-28-181,4e89077b5bc2e1ab60e2eeafaf28a916f8c3c75cbf692cf31841f81b573740c6,True,5
4089,4089,011026_ML.npy,2026-10-01,2026-10-01 23:43:25.137372,7C444D,P28A,PIPER AIRCRAFT CORP,PA-28-181,d8ca3e90afb3bc1d4dca52ed572384b0662a75fc6da6c43081f935eb45116e9f,True,3
4090,4090,011026_ML.npy,2026-10-01,2026-10-01 23:43:29.530359,7C444D,P28A,PIPER AIRCRAFT CORP,PA-28-181,97d7d3b175679d7383cc917889ef11708150d9a7cff5936fd744c608edca6b33,True,2
4091,4091,011026_ML.npy,2026-10-01,2026-10-01 23:43:29.731944,7C444D,P28A,PIPER AIRCRAFT CORP,PA-28-181,f759a25330c47e3549ffa3359dda0e63e896688803ec60bc6b523295fb00b72f,True,5
4092,4092,011026_ML.npy,2026-10-01,2026-10-01 23:45:14.280381,7C444D,P28A,PIPER AIRCRAFT CORP,PA-28-181,72cf23feeb86c6557e8266fed9306c3dc6dfde91c915e9c2c8cbd9ac7e3d2ca7,True,1
4093,4093,011026_ML.npy,2026-10-01,2026-10-01 23:46:51.442648,7C444D,P28A,PIPER AIRCRAFT CORP,PA-28-181,ffbc4916b646da88574c20894b49a837380e118f8f7e5af9aeafc92b2da2b2a6,True,5
4094,4094,011026_ML.npy,2026-10-01,2026-10-01 23:46:53.746045,7C444D,P28A,PIPER AIRCRAFT CORP,PA-28-181,64ed661ccb33213f7ab81546bcf2f143a63c56a621413ea2db4393f250049fda,True,5
4096,4096,011026_ML.npy,2026-10-01,2026-10-01 23:46:57.017440,7C444D,P28A,PIPER AIRCRAFT CORP,PA-28-181,c0240945a71005ebd72137142c9405bf51427fe40ac817974b6ab09d52070236,True,5
4097,4097,011026_ML.npy,2026-10-01,2026-10-01 23:46:58.198834,7C444D,P28A,PIPER AIRCRAFT CORP,PA-28-181,bdbea92283397c39fbb177d0e95a1912f7416a11383c2ccf93c282201996d94c,True,3
4098,4098,011026_ML.npy,2026-10-01,2026-10-01 23:47:01.442249,7C444D,P28A,PIPER AIRCRAFT CORP,PA-28-181,b68224a996120c2a4230ddf36f97f00792e4aeeab0561e1b63d684360da81917,True,3
4099,4099,011026_ML.npy,2026-10-01,2026-10-01 23:47:02.658246,7C444D,P28A,PIPER AIRCRAFT CORP,PA-28-181,ce548d07f9cd8ad5352e9314fefbbd7ba4f0b7b7a0ddee18acab12375ec2b071,True,1
4100,4100,011026_ML.npy,2026-10-01,2026-10-01 23:47:03.073600,7C444D,P28A,PIPER AIRCRAFT CORP,PA-28-181,cad7d8659118aa459db2ca62a409b74cc28fff7a4025c4da2804d5813bfc14b7,True,1
4101,4101,011026_ML.npy,2026-10-01,2026-10-01 23:47:03.530528,7C444D,P28A,PIPER AIRCRAFT CORP,PA-28-181,43135c5aafb74091d586c62744fe304b14e2ee57f7752682e58bc4e6956c9a67,True,3
4102,4102,011026_ML.npy,2026-10-01,2026-10-01 23:47:04.511533,7C444D,P28A,PIPER AIRCRAFT CORP,PA-28-181,994a6f9ab59feb1f4d854bef5f0ee80b810695dcdf01af502c9a2375b53ff689,True,2
4103,4103,011026_ML.npy,2026-10-01,2026-10-01 23:47:08.120974,7C444D,P28A,PIPER AIRCRAFT CORP,PA-28-181,bdbea92283397c39fbb177d0e95a1912f7416a11383c2ccf93c282201996d94c,True,4
4104,4104,011026_ML.npy,2026-10-01,2026-10-01 23:47:10.264813,7C444D,P28A,PIPER AIRCRAFT CORP,PA-28-181,919acf2aa93d3d860f6d9348ff31d81d9035b07e42b340f38450d53e435d13bd,True,5
4105,4105,011026_ML.npy,2026-10-01,2026-10-01 23:47:11.734016,7C444D,P28A,PIPER AIRCRAFT CORP,PA-28-181,7c814606307b77144edba9c0fc35458af5aaca2247130b47ea8ba3d054f3f993,True,1
4106,4106,011026_ML.npy,2026-10-01,2026-10-01 23:47:12.223963,7C444D,P28A,PIPER AIRCRAFT CORP,PA-28-181,abd5932fc29d479756eb040dba9efe76b128f06c2a2463449373f3704d09ac44,True,4
4107,4107,011026_ML.npy,2026-10-01,2026-10-01 23:47:14.941061,7C444D,P28A,PIPER AIRCRAFT CORP,PA-28-181,79125fdf4c5bdd0d42a99f76b19c705a30e552bc3d3be774b61a151fc650fe33,True,5
4108,4108,011026_ML.npy,2026-10-01,2026-10-01 23:47:17.602867,7C444D,P28A,PIPER AIRCRAFT CORP,PA-28-181,a8cee8dc969fb7b8aa6f18d21f0577938ff910809c967be4953f1365cf08c3f2,True,5
4109,4109,011026_ML.npy,2026-10-01,2026-10-01 23:47:18.640517,7C444D,P28A,PIPER AIRCRAFT CORP,PA-28-181,d3cf8b14f7ef23843ab2f7450f2ce20644ed64be4e4a6c16142497c877306fe4,True,5
4110,4110,011026_ML.npy,2026-10-01,2026-10-01 23:47:19.890506,7C444D,P28A,PIPER AIRCRAFT CORP,PA-28-181,0e1eca025115a7e923f67c2128f0ce33a4a3cf6304139ed2f98451f452efd199,True,1
4111,4111,011026_ML.npy,2026-10-01,2026-10-01 23:47:20.898073,7C444D,P28A,PIPER AIRCRAFT CORP,PA-28-181,c7cea062b913e9d381bf5991d3bc012da472c31c300a65003a76beadd5ac6689,True,2
4112,4112,011026_ML.npy,2026-10-01,2026-10-01 23:47:21.473739,7C444D,P28A,PIPER AIRCRAFT CORP,PA-28-181,de7afa26b483f59721010df67a17ba91469c7572259a48bacb3fd227aa72ab38,True,1
4113,4113,011026_ML.npy,2026-10-01,2026-10-01 23:47:24.645204,7C444D,P28A,PIPER AIRCRAFT CORP,PA-28-181,17156c88f2ab26287925d8badacbabc421caae649592ec3ca1ae58c63d3f2b73,True,5
4114,4114,011026_ML.npy,2026-10-01,2026-10-01 23:47:25.606933,7C444D,P28A,PIPER AIRCRAFT CORP,PA-28-181,5bcae83afaffe976aa04e3ce47fdd965c899f24f7696e5ac21a5ef5e9dd3e6bf,True,3
4115,4115,011026_ML.npy,2026-10-01,2026-10-01 23:47:29.621866,7C444D,P28A,PIPER AIRCRAFT CORP,PA-28-181,fafbbd739eb6072f6e4cd645d3c285db38bfbaf6860d79539d187e4b2bb07e6e,True,3
4116,4116,011026_ML.npy,2026-10-01,2026-10-01 23:47:30.351951,7C444D,P28A,PIPER AIRCRAFT CORP,PA-28-181,4e0960549185a6ae6b5e38f1b36c413a520fac7270698af7c1d9c0b143170380,True,3
4117,4117,011026_ML.npy,2026-10-01,2026-10-01 23:51:54.418047,7C444D,P28A,PIPER AIRCRAFT CORP,PA-28-181,672bee07715bae4b41ef84efd0f06e9fa36085c29f2f7133faafaf2b47b59e41,True,3
4118,4118,011026_ML.npy,2026-10-01,2026-10-01 23:51:57.503140,7C444D,P28A,PIPER AIRCRAFT CORP,PA-28-181,4ac6f0e22f4169665f799007a2a0228951427c59e120e2aeec14892100022335,True,5
4119,4119,011026_ML.npy,2026-10-01,2026-10-01 23:51:58.235351,7C444D,P28A,PIPER AIRCRAFT CORP,PA-28-181,d8ca3e90afb3bc1d4dca52ed572384b0662a75fc6da6c43081f935eb45116e9f,True,4
4120,4120,011026_ML.npy,2026-10-01,2026-10-01 23:51:59.540965,7C444D,P28A,PIPER AIRCRAFT CORP,PA-28-181,448c4255edc24b81096b1600c09b403e18515711c08cb1d063198608cc6a3c49,True,3
4121,4121,011026_ML.npy,2026-10-01,2026-10-01 23:51:59.854576,7C444D,P28A,PIPER AIRCRAFT CORP,PA-28-181,3d7eb5c595c171207b8525eb9d8497932aa377535bbd27a2eef27bc8e08f0869,True,4
4122,4122,011026_ML.npy,2026-10-01,2026-10-01 23:52:05.705411,7C444D,P28A,PIPER AIRCRAFT CORP,PA-28-181,d8ca3e90afb3bc1d4dca52ed572384b0662a75fc6da6c43081f935eb45116e9f,True,2
4124,4124,011026_ML.npy,2026-10-01,2026-10-01 23:52:06.769008,7C444D,P28A,PIPER AIRCRAFT CORP,PA-28-181,30d83687e64b000d331493c7f297efde387171c3f235e0bf4cebb008e1f7868e,True,4
4125,4125,011026_ML.npy,2026-10-01,2026-10-01 23:52:06.793325,7C7144,C172,CESSNA AIRCRAFT COMPANY,172N,44276ee6ec3fb3e372d15e9382722ca3386272c22fea83d08d6b44694365b4f6,True,5
4128,4128,011026_ML.npy,2026-10-01,2026-10-01 23:52:07.534941,7C444D,P28A,PIPER AIRCRAFT CORP,PA-28-181,9cae85fffbb210878e18589419da3216fef751cb5ecf92774e32646f9bc82d45,True,3
4129,4129,011026_ML.npy,2026-10-01,2026-10-01 23:52:09.880758,7C444D,P28A,PIPER AIRCRAFT CORP,PA-28-181,30fa9a505bd52de4cea2a2ae451a233961eaae1c8169cc53b218e529ef18a2f3,True,4
4130,4130,011026_ML.npy,2026-10-01,2026-10-01 23:52:10.812507,7C444D,P28A,PIPER AIRCRAFT CORP,PA-28-181,d8ca3e90afb3bc1d4dca52ed572384b0662a75fc6da6c43081f935eb45116e9f,True,2
4131,4131,011026_ML.npy,2026-10-01,2026-10-01 23:52:11.462280,7C444D,P28A,PIPER AIRCRAFT CORP,PA-28-181,94fa8939261ac3825f1ca0e03c309dba9c55cf91fef412d79b10fb83a253bf81,True,2
4132,4132,011026_ML.npy,2026-10-01,2026-10-01 23:52:12.202050,7C444D,P28A,PIPER AIRCRAFT CORP,PA-28-181,e5c7285429dc89a0af4f96d7052a9e61e63ce034367e86afb294dadfe45b782f,True,3
4134,4134,011026_ML.npy,2026-10-01,2026-10-01 23:52:13.317782,7C444D,P28A,PIPER AIRCRAFT CORP,PA-28-181,d8ca3e90afb3bc1d4dca52ed572384b0662a75fc6da6c43081f935eb45116e9f,True,5
4135,4135,011026_ML.npy,2026-10-01,2026-10-01 23:52:13.538465,7C444D,P28A,PIPER AIRCRAFT CORP,PA-28-181,cc5e5b1105e698a44168319cae68884ea30efcf3beaa62aa2ac1eda5bd08aeab,True,3
4136,4136,011026_ML.npy,2026-10-01,2026-10-01 23:52:14.481207,7C444D,P28A,PIPER AIRCRAFT CORP,PA-28-181,0095f9b86c17a870fb031b1280030a13914caf49ae9306ed9cada9562dde75c4,True,1
4138,4138,011026_ML.npy,2026-10-01,2026-10-01 23:52:18.308950,7C444D,P28A,PIPER AIRCRAFT CORP,PA-28-181,d8ca3e90afb3bc1d4dca52ed572384b0662a75fc6da6c43081f935eb45116e9f,True,3
4139,4139,011026_ML.npy,2026-10-01,2026-10-01 23:52:21.398061,7C444D,P28A,PIPER AIRCRAFT CORP,PA-28-181,f09f90f913e20e3d3212055b660bf5708e929984b3abb1f55ed6166b6ac46a60,True,4
4140,4140,011026_ML.npy,2026-10-01,2026-10-01 23:52:22.057845,7C444D,P28A,PIPER AIRCRAFT CORP,PA-28-181,a44ebd146e6291eb4d6ca9c15d27f0daa877e5256f9d95bae84f21ed47892eec,True,5
4141,4141,011026_ML.npy,2026-10-01,2026-10-01 23:52:22.331379,7C444D,P28A,PIPER AIRCRAFT CORP,PA-28-181,350c43e2d9cd4b6c84d0f638f311436ad6d1f1397c9d4e9ad3ac43ee49d988a1,True,3
4142,4142,011026_ML.npy,2026-10-01,2026-10-01 23:52:23.565599,7C7144,C172,CESSNA AIRCRAFT COMPANY,172N,ef10fd65673eb48f47a1178deda37a8c0fcd9050f3ecf82ba1072235fdf827e3,True,2
4143,4143,011026_ML.npy,2026-10-01,2026-10-01 23:52:24.126844,7C7144,C172,CESSNA AIRCRAFT COMPANY,172N,6a9756ca9eae16a68097326a922156a3784810bcf5970c1a2f3eb84144928d71,True,2
4144,4144,011026_ML.npy,2026-10-01,2026-10-01 23:52:24.133944,7C7144,C172,CESSNA AIRCRAFT COMPANY,172N,6f2139f22eb0024f9ecf94e3c1cb76dc91bbdea84f524345a54613157a3e75e1,True,4
4146,4146,011026_ML.npy,2026-10-01,2026-10-01 23:52:26.936951,7C444D,P28A,PIPER AIRCRAFT CORP,PA-28-181,d70f185b7a3c443666cbe6a866ae614fe703ed44645e8584f70da356ff02d102,True,2
4147,4147,011026_ML.npy,2026-10-01,2026-10-01 23:52:28.346404,7C444D,P28A,PIPER AIRCRAFT CORP,PA-28-181,d8ca3e90afb3bc1d4dca52ed572384b0662a75fc6da6c43081f935eb45116e9f,True,5
4148,4148,011026_ML.npy,2026-10-01,2026-10-01 23:52:28.768353,7C444D,P28A,PIPER AIRCRAFT CORP,PA-28-181,9e5077b5ff68dd212e4f81c25267176269f08d6aad43d0029f694fa6b82894ea,True,4
4149,4149,011026_ML.npy,2026-10-01,2026-10-01 23:52:28.834239,7C444D,P28A,PIPER AIRCRAFT CORP,PA-28-181,4d2f408054751fbe4e0e39fd7e4ec06498e509242901c93f0d4d11a3d6037834,True,4
4150,4150,011026_ML.npy,2026-10-01,2026-10-01 23:52:30.239312,7C7144,C172,CESSNA AIRCRAFT COMPANY,172N,f7dec9f04e64e0a4b6e16621189345032fa54a1dd74f1f4ce8c9262f1f84ad86,True,4
4151,4151,011026_ML.npy,2026-10-01,2026-10-01 23:52:31.095966,7C444D,P28A,PIPER AIRCRAFT CORP,PA-28-181,4fc31c3c9b25495fa018348d3ecca51057ab582b9d1bdfbd62143fa43e58095e,True,4
4153,4153,011026_ML.npy,2026-10-01,2026-10-01 23:52:32.935456,7C7144,C172,CESSNA AIRCRAFT COMPANY,172N,647a279c42b125dcaf3d2923d7b76ecef884ca96366f02c90e0f3e6d52d1020c,True,1
4165,4165,011026_ML.npy,2026-10-01,2026-10-01 23:52:49.970775,7C7144,C172,CESSNA AIRCRAFT COMPANY,172N,4635d2dc8968b2eface9043849108b5b38f91c0e769e5d8992b74e8fafc9b590,True,4
4167,4167,011026_ML.npy,2026-10-01,2026-10-01 23:52:58.009467,7C7144,C172,CESSNA AIRCRAFT COMPANY,172N,e7f42ef9554cf8e76cb8a4ff946b5866de87e653cc069c5f08e113031dbbda7e,True,1
4176,4176,011026_ML.npy,2026-10-01,2026-10-01 23:53:09.856430,7C7144,C172,CESSNA AIRCRAFT COMPANY,172N,5489c51312998a46892ab0c22d9277051ab892e34249ec02f9dc83b54aef976f,True,1
4179,4179,011026_ML.npy,2026-10-01,2026-10-01 23:53:12.820384,7C7144,C172,CESSNA AIRCRAFT COMPANY,172N,6684cc73cfd7807d42c99e8da9e6fa805dad59a3bbe986d5cdda937228478297,True,2
4181,4181,011026_ML.npy,2026-10-01,2026-10-01 23:53:13.455790,7C7144,C172,CESSNA AIRCRAFT COMPANY,172N,bc2f9f7fd6cdd6db263c25551e51f3ee6b5bda95fad42106b09205e8e04c85be,True,1
4183,4183,011026_ML.npy,2026-10-01,2026-10-01 23:53:18.971207,7C7144,C172,CESSNA AIRCRAFT COMPANY,172N,fdf1859929e7d3205bee92bb8466d2f375e9bae4c6db17d2019388b6690b0c3d,True,1
4190,4190,011026_ML.npy,2026-10-01,2026-10-01 23:53:25.549405,7C7144,C172,CESSNA AIRCRAFT COMPANY,172N,2695a15e6d68a2093cffb98f18d2ab6f9b87fb40f656bd42718715ab2b881f41,True,3
4192,4192,011026_ML.npy,2026-10-01,2026-10-01 23:53:29.105931,7C7144,C172,CESSNA AIRCRAFT COMPANY,172N,a77a5364fd5e4f0d2f2f55350afbbaa58a5e522d75f3304335049069ee05fee5,True,1
4195,4195,011026_ML.npy,2026-10-01,2026-10-01 23:53:40.636177,7C7144,C172,CESSNA AIRCRAFT COMPANY,172N,20705c3cf280e5f8574c50e896bb4dc220d0d271304bd878266eeaf3dd1d2cd8,True,3
4206,4206,011026_ML.npy,2026-10-01,2026-10-01 23:55:57.729006,7C168B,DA40,DIAMOND AIRCRAFT INDUSTRIES INC.,DA 40,8549490d1224c75a6ac9bf167ec686d98ff1c331cb1955382d5ad80d7a319f28,True,3
4216,4216,011026_ML.npy,2026-10-01,2026-10-01 23:56:15.659212,7C168B,DA40,DIAMOND AIRCRAFT INDUSTRIES INC.,DA 40,fae47a47c65d626342e117991801ec1ca6e675a4ae0c71808034976b1b4f9c2a,True,4
4223,4223,011026_ML.npy,2026-10-02,2026-10-02 00:00:27.305879,7C168B,DA40,DIAMOND AIRCRAFT INDUSTRIES INC.,DA 40,149d50f37a6a2bdc36c941b6040d8a27dd34d231d47a7145a2299710e1746d15,True,4
4234,4234,011026_ML.npy,2026-10-02,2026-10-02 00:00:52.983390,7C168B,DA40,DIAMOND AIRCRAFT INDUSTRIES INC.,DA 40,0d7f44338134774d49050079cd5c2c342b54905d1c4108f3bb5c27460c9b7a59,True,4
4239,4239,011026_ML.npy,2026-10-02,2026-10-02 00:00:59.827641,7C7B5E,DA40,DIAMOND AIRCRAFT INDUSTRIES INC.,DA 40,2d683c6094d24e7f1be293e0c30fb3ecac568649f44ebbd60464e64337d6e79d,True,1
4244,4244,011026_ML.npy,2026-10-02,2026-10-02 00:01:10.628221,7C7B5E,DA40,DIAMOND AIRCRAFT INDUSTRIES INC.,DA 40,ccaf4c17240683515e40036f5472ca231334696e346aa98256165cf9c30cdc7e,True,2
4252,4252,011026_ML.npy,2026-10-02,2026-10-02 00:01:17.725545,7C7B5E,DA40,DIAMOND AIRCRAFT INDUSTRIES INC.,DA 40,2ede557451ed07fefc87ef1b59a808f1392b2a85736b65dc5d5d5b3fcd77ebb1,True,1
4259,4259,011026_ML.npy,2026-10-02,2026-10-02 00:01:26.848474,7C7B5E,DA40,DIAMOND AIRCRAFT INDUSTRIES INC.,DA 40,3a752b0193d3ecce10efda3309652f95f9d59684b7db6adf55ea626da3110bfc,True,4
4262,4262,011026_ML.npy,2026-10-02,2026-10-02 00:01:31.676173,7C7B5E,DA40,DIAMOND AIRCRAFT INDUSTRIES INC.,DA 40,697d2be8069d26a8f82504f1eb94392e62e197992276fa5f7a926234bdaf7006,True,4
4277,4277,011026_ML.npy,2026-10-02,2026-10-02 00:04:36.223058,7C2E75,C172,CESSNA AIRCRAFT COMPANY,172N,c1f99389c7aa2c395f624e4813d67e5e7a47b4c4b9fd7b9dc02926c4e6198872,True,3
4279,4279,011026_ML.npy,2026-10-02,2026-10-02 00:04:40.512654,7C2E75,C172,CESSNA AIRCRAFT COMPANY,172N,627954dcff00431da9ced571ebce23123b811f7b2ba1b8f1c0621e8f21620627,True,5
4280,4280,011026_ML.npy,2026-10-02,2026-10-02 00:04:42.651168,7C2E75,C172,CESSNA AIRCRAFT COMPANY,172N,95420818a63a35012adaf310db881cc875e146a376f7bf76cfb4d3b6e4aea98b,True,1
4289,4289,011026_ML.npy,2026-10-02,2026-10-02 00:04:49.687109,7C2E75,C172,CESSNA AIRCRAFT COMPANY,172N,00d79b45145dcc0b87db78480ca83ec7cfa29b90ecd407779f7eee69f015b17e,True,1
4313,4313,011026_ML.npy,2026-10-02,2026-10-02 00:05:10.891111,7C168B,DA40,DIAMOND AIRCRAFT INDUSTRIES INC.,DA 40,e5477f1267ea56a917704cf8d6e00d0305c99b74cd211c2fb371dbcf012d7674,True,5
4317,4317,011026_ML.npy,2026-10-02,2026-10-02 00:05:12.137006,7C2E75,C172,CESSNA AIRCRAFT COMPANY,172N,3e7e5587f6b0f3f534ac91f290afc69549dd5925b8b6d140a6d03e05058dd335,True,3
4346,4346,011026_ML.npy,2026-10-02,2026-10-02 00:05:40.673720,7C2E75,C172,CESSNA AIRCRAFT COMPANY,172N,83ba41be97562aae578d9ad4df2a3e147a73671c78782b9f50fc6cf3cee322c5,True,1
4347,4347,011026_ML.npy,2026-10-02,2026-10-02 00:05:41.303319,7C168B,DA40,DIAMOND AIRCRAFT INDUSTRIES INC.,DA 40,f9a6fccd6f8ac1da379313c65e343571a143bc8ca1c310f1f5b19fa129d2a42a,True,3
4348,4348,011026_ML.npy,2026-10-02,2026-10-02 00:05:41.568656,7C2E75,C172,CESSNA AIRCRAFT COMPANY,172N,82c2c18fb914578d85533d2d7e30ce35caa64a59b67e8aa8e5c9ea9e95fb93ea,True,1
4352,4352,011026_ML.npy,2026-10-02,2026-10-02 00:05:44.135361,7C2E75,C172,CESSNA AIRCRAFT COMPANY,172N,d1c6c7ad2d89b5e22e35b568a7841be18c05c482df9905f59dd6f584e12d8a3b,True,3
4353,4353,011026_ML.npy,2026-10-02,2026-10-02 00:05:44.431368,7C168B,DA40,DIAMOND AIRCRAFT INDUSTRIES INC.,DA 40,2cfbc996dec20ae539c83901b3d2cc19c9adb24514a1abb677264998c891ac6e,True,2
4360,4360,011026_ML.npy,2026-10-02,2026-10-02 00:05:54.912949,7C67D3,C172,CESSNA AIRCRAFT COMPANY,172S,8bff77150f589649f6bf07386a7b441e78b2cba8a5a81e527c19decae5c63235,True,5
4362,4362,011026_ML.npy,2026-10-02,2026-10-02 00:05:58.931381,7C67D3,C172,CESSNA AIRCRAFT COMPANY,172S,e03995aaced633d5cb54956a39ee5f0a4acb2992d9d86e6ab9837f614007618b,True,4
4374,4374,011026_ML.npy,2026-10-02,2026-10-02 00:06:17.268850,7C67D3,C172,CESSNA AIRCRAFT COMPANY,172S,6d24fda9af96eed9a0a51f11f0a6b413ea467bbeb2f8a7f32237f95b5f9b39e9,True,1
4375,4375,011026_ML.npy,2026-10-02,2026-10-02 00:06:17.274710,7C67D3,C172,CESSNA AIRCRAFT COMPANY,172S,907c9f519259caf89ac8af289580a065e65d539d0ef277f985330b86bb0eaaef,True,4
4398,4398,011026_ML.npy,2026-10-02,2026-10-02 00:06:34.078983,7C67D3,C172,CESSNA AIRCRAFT COMPANY,172S,1de905b76e4092288a86ab90202fecb8aacea36fdd5150fd7e201ddb018ff430,True,2
4400,4400,011026_ML.npy,2026-10-02,2026-10-02 00:06:34.132801,7C67D3,C172,CESSNA AIRCRAFT COMPANY,172S,94656f0c3184adccfd15b782a5d33d2db82f03ae2e1cec269bfc37e0f468a31d,True,2
4416,4416,011026_ML.npy,2026-10-02,2026-10-02 00:06:50.006676,7C67D3,C172,CESSNA AIRCRAFT COMPANY,172S,14dc54cc38d2c8d4bb7c76a4e2684e2ee8be8d8cc991a46accce24ed6480213e,True,3
4419,4419,011026_ML.npy,2026-10-02,2026-10-02 00:06:50.529471,7C67D3,C172,CESSNA AIRCRAFT COMPANY,172S,39ba3f9e22ef3c25a6cf3f393535c6bfc052fa7abdaa770ade5b09fdd6d3e842,True,2
4425,4425,011026_ML.npy,2026-10-02,2026-10-02 00:06:53.946542,7C67D3,C172,CESSNA AIRCRAFT COMPANY,172S,6cadadb714fc0a859e1a2c86d4e8dd3c5f68001961066c9dda39b864152f070a,True,1
4444,4444,011026_ML.npy,2026-10-02,2026-10-02 00:07:11.077182,7C67D3,C172,CESSNA AIRCRAFT COMPANY,172S,b2d958b744f97fcf268a460d12a6877ce3182a41046782f4d917f1739a3ec1d0,True,4
4446,4446,011026_ML.npy,2026-10-02,2026-10-02 00:07:11.505565,7C67D3,C172,CESSNA AIRCRAFT COMPANY,172S,825732537e813cd35e6061075f31d9353bfb7fa5f19eabae7af0bc05b3a90e7a,True,1
4456,4456,011026_ML.npy,2026-10-02,2026-10-02 00:07:19.398103,7C7B5E,DA40,DIAMOND AIRCRAFT INDUSTRIES INC.,DA 40,1470359b00ac50d68f33ec1a8185840ae5236e123d807b2f01fb9b038f84726a,True,1
4457,4457,011026_ML.npy,2026-10-02,2026-10-02 00:07:21.873915,7C7B5E,DA40,DIAMOND AIRCRAFT INDUSTRIES INC.,DA 40,a8b55ed1a7cb75b5bea6f89006c5065afdf99aab93033244cbd825087df73859,True,3
4462,4462,011026_ML.npy,2026-10-02,2026-10-02 00:08:08.788599,7C7AF7,DA40,DIAMOND AIRCRAFT INDUSTRIES INC.,DA 40,fb0e63df7700b39ff64bbcaea88786c34d4a15c3febbc4540b36acb4fae53544,True,4
4471,4471,011026_ML.npy,2026-10-02,2026-10-02 00:08:21.692688,7C7AF7,DA40,DIAMOND AIRCRAFT INDUSTRIES INC.,DA 40,195f362ffade068e4d25daccad9a1881f30645129ad06b6e36692fdcb8efd2d3,True,5
4484,4484,011026_ML.npy,2026-10-02,2026-10-02 00:08:41.013094,7C7AF7,DA40,DIAMOND AIRCRAFT INDUSTRIES INC.,DA 40,b677b80ef1655b4cc9b6a88f5ac459c2bec177602b5912d99e0a4021369cbaa5,True,4
4504,4504,011026_ML.npy,2026-10-02,2026-10-02 00:10:19.332999,7C168B,DA40,DIAMOND AIRCRAFT INDUSTRIES INC.,DA 40,8a9cfff94268a2d4b3cdae14fec00daaf843bf5b0da32c6a2c9b17650780fe6e,True,1
4506,4506,011026_ML.npy,2026-10-02,2026-10-02 00:10:20.457170,7C168B,DA40,DIAMOND AIRCRAFT INDUSTRIES INC.,DA 40,ed8638a0c1e2f58a54274f9242b70f0913c59d324a8c2ada8fb52c1ae79a50bb,True,3
4531,4531,011026_ML.npy,2026-10-02,2026-10-02 00:11:43.491181,7C582C,DA40,DIAMOND AIRCRAFT INDUSTRIES INC.,DA 40,871f365b3be0ed332fc3781ea81f19965e3f5eb257f72300f77d4ce6611570ea,True,5
4538,4538,011026_ML.npy,2026-10-02,2026-10-02 00:11:47.768895,7C582C,DA40,DIAMOND AIRCRAFT INDUSTRIES INC.,DA 40,f098282e23def2c83ffc0875434f039eda57ebcc90e9347d9ca66e8066df5807,True,4
4558,4558,011026_ML.npy,2026-10-02,2026-10-02 00:12:03.324161,7C7B5E,DA40,DIAMOND AIRCRAFT INDUSTRIES INC.,DA 40,f82dc102827e826864be754aa6fa0dcf83c02d234e042f5296ddb961e846878a,True,3
4566,4566,011026_ML.npy,2026-10-02,2026-10-02 00:12:08.028892,7C582C,DA40,DIAMOND AIRCRAFT INDUSTRIES INC.,DA 40,41aaf015564c6a8a954ec7d81301d4198b3cb4e71f7ea9294da296977cc181c7,True,3
4573,4573,011026_ML.npy,2026-10-02,2026-10-02 00:12:13.366280,7C582C,DA40,DIAMOND AIRCRAFT INDUSTRIES INC.,DA 40,7339cdaca8c55ae142496007f28411568bd4836e2caf64b760f698182ef0a631,True,4
4585,4585,011026_ML.npy,2026-10-02,2026-10-02 00:12:19.471540,7C582C,DA40,DIAMOND AIRCRAFT INDUSTRIES INC.,DA 40,367246c993a886ab23339bee3e9d1b98280ce0107420d382837cb43b94772cdc,True,4
4592,4592,011026_ML.npy,2026-10-02,2026-10-02 00:12:26.177030,7C7B5E,DA40,DIAMOND AIRCRAFT INDUSTRIES INC.,DA 40,cbd17fd81f57248f6c30c16890da462b14162cab84b8c2f7a738939759ae1857,True,1
4616,4616,011026_ML.npy,2026-10-02,2026-10-02 00:15:59.028096,7C41FD,DA40,DIAMOND AIRCRAFT INDUSTRIES INC.,DA 40,1a905f14dd1495d002752d74374507c646b11cd12a9b3b95bf2139cf867fc667,True,4
4675,4675,011026_ML.npy,2026-10-02,2026-10-02 00:19:18.199400,7C444D,P28A,PIPER AIRCRAFT CORP,PA-28-181,756e49fcf640465ee0e59e0b8ff072f60bc86dda7392c6cdef53b5e2e74725bb,True,5
4676,4676,011026_ML.npy,2026-10-02,2026-10-02 00:19:19.639593,7C444D,P28A,PIPER AIRCRAFT CORP,PA-28-181,bdbea92283397c39fbb177d0e95a1912f7416a11383c2ccf93c282201996d94c,True,5
4677,4677,011026_ML.npy,2026-10-02,2026-10-02 00:19:23.088386,7C444D,P28A,PIPER AIRCRAFT CORP,PA-28-181,22978d971b9b8d19035ea134e29441ff30a5f5f67b9cc851e942a09aa0123459,True,5
4679,4679,011026_ML.npy,2026-10-02,2026-10-02 00:19:24.349878,7C444D,P28A,PIPER AIRCRAFT CORP,PA-28-181,45ce2b5530aa353d3af210b568460eab84a0b60cc9f2cc7de44d4b38a6e475c1,True,3
4680,4680,011026_ML.npy,2026-10-02,2026-10-02 00:19:25.828118,7C444D,P28A,PIPER AIRCRAFT CORP,PA-28-181,6b92c5b6ddafee81541bf3bff751b98a452516d5e990379533cb810aeda92035,True,1
4681,4681,011026_ML.npy,2026-10-02,2026-10-02 00:19:26.671548,7C444D,P28A,PIPER AIRCRAFT CORP,PA-28-181,d8ca3e90afb3bc1d4dca52ed572384b0662a75fc6da6c43081f935eb45116e9f,True,5
4682,4682,011026_ML.npy,2026-10-02,2026-10-02 00:19:27.469454,7C444D,P28A,PIPER AIRCRAFT CORP,PA-28-181,8283818f867af4f48b31ebe34e6e0b8e40b77aedce712b20ae5c005bc7f79993,True,4
4683,4683,011026_ML.npy,2026-10-02,2026-10-02 00:19:27.763514,7C444D,P28A,PIPER AIRCRAFT CORP,PA-28-181,4c9f77ccdb03a336a339feb0742849d93c9c2a76f1950f7860d61b8520f50614,True,5
4684,4684,011026_ML.npy,2026-10-02,2026-10-02 00:19:31.600722,7C444D,P28A,PIPER AIRCRAFT CORP,PA-28-181,d8ca3e90afb3bc1d4dca52ed572384b0662a75fc6da6c43081f935eb45116e9f,True,2
4685,4685,011026_ML.npy,2026-10-02,2026-10-02 00:19:35.441765,7C444D,P28A,PIPER AIRCRAFT CORP,PA-28-181,2821c6c8b52decb2d905ea916ea5946bbf3bf5d366f77951b96e7dc9ef1e2745,True,5
4686,4686,011026_ML.npy,2026-10-02,2026-10-02 00:19:36.513639,7C444D,P28A,PIPER AIRCRAFT CORP,PA-28-181,565801934d787306394588a499abe5faf0903f2ddfd5cf9adcee01c4876cc9ad,True,2
4687,4687,011026_ML.npy,2026-10-02,2026-10-02 00:19:39.912633,7C444D,P28A,PIPER AIRCRAFT CORP,PA-28-181,7b1b02b6ec49777889dd33834fabc16e3470ec698cc2dcf866b6c292b9f7dbdd,True,3
4688,4688,011026_ML.npy,2026-10-02,2026-10-02 00:19:43.386036,7C444D,P28A,PIPER AIRCRAFT CORP,PA-28-181,70c78224bc6109ac0dcf08b81518cc98e91450e338e0660768e2413eae6f569a,True,5
4703,14,021026_ML.npy,2026-10-02,2026-10-02 01:45:13.481278,7C0D65,DA42,DIAMOND AIRCRAFT INDUSTRIES INC.,DA 42,04b686c1dec303818333a823dea86669591a2b34efd8efd724eb57585ffe13ec,True,1
4704,15,021026_ML.npy,2026-10-02,2026-10-02 01:45:18.058688,7C0D65,DA42,DIAMOND AIRCRAFT INDUSTRIES INC.,DA 42,1a4723666fa240e1763f0e390b95c8c5d95f766b46a2e068056fc0ebbd9266d5,True,3
4705,16,021026_ML.npy,2026-10-02,2026-10-02 01:45:18.945393,7C0D65,DA42,DIAMOND AIRCRAFT INDUSTRIES INC.,DA 42,433e7d016e43a29c61cdfdc05002e2975cd1f5ee89d83e3e0655b6f92c60abf4,True,3
4707,18,021026_ML.npy,2026-10-02,2026-10-02 01:45:28.307936,7C0D65,DA42,DIAMOND AIRCRAFT INDUSTRIES INC.,DA 42,04b686c1dec303818333a823dea86669591a2b34efd8efd724eb57585ffe13ec,True,3
4710,21,021026_ML.npy,2026-10-02,2026-10-02 01:45:30.957059,7C0D65,DA42,DIAMOND AIRCRAFT INDUSTRIES INC.,DA 42,6cbe5135f36b61942b47fcd55f0049194b966df7560f6a396fa7eeaa8b6ab050,True,2
4712,23,021026_ML.npy,2026-10-02,2026-10-02 01:45:31.028024,7C0D65,DA42,DIAMOND AIRCRAFT INDUSTRIES INC.,DA 42,d70ac56511cf3f78a3da87bbbf71c9940b361ea5d1666d3b266112efa34a207f,True,2
4714,25,021026_ML.npy,2026-10-02,2026-10-02 01:45:53.139955,7C0D65,DA42,DIAMOND AIRCRAFT INDUSTRIES INC.,DA 42,04b686c1dec303818333a823dea86669591a2b34efd8efd724eb57585ffe13ec,True,1
4716,27,021026_ML.npy,2026-10-02,2026-10-02 01:46:42.966014,7C41FD,DA40,DIAMOND AIRCRAFT INDUSTRIES INC.,DA 40,46d2ebc9cc73c22ae3155f7a5db859369187a503130c4c53a58d0564f37af3c8,True,1
4719,30,021026_ML.npy,2026-10-02,2026-10-02 01:47:11.776995,7C79B4,DA42,DIAMOND AIRCRAFT INDUSTRIES,DA 42,20384c544dc51270d5f30b2ab25ebeda3857ca8cbb54e668ac298286ed74aa6e,True,4
4720,31,021026_ML.npy,2026-10-02,2026-10-02 01:47:12.033822,7C79B4,DA42,DIAMOND AIRCRAFT INDUSTRIES,DA 42,aea2d936dfa78e19783945013f4626f3f1d313a78e566c80d5fc8e74f6003d82,True,2
4723,34,021026_ML.npy,2026-10-02,2026-10-02 01:47:18.247871,7C79B4,DA42,DIAMOND AIRCRAFT INDUSTRIES,DA 42,0a29d9265655bde2ddac926ef27506d6018129a8e39c2e523682c574c7e88c3e,True,1
4724,35,021026_ML.npy,2026-10-02,2026-10-02 01:47:19.480424,7C79B4,DA42,DIAMOND AIRCRAFT INDUSTRIES,DA 42,aea2d936dfa78e19783945013f4626f3f1d313a78e566c80d5fc8e74f6003d82,True,1
4726,37,021026_ML.npy,2026-10-02,2026-10-02 01:47:19.678858,7C79B4,DA42,DIAMOND AIRCRAFT INDUSTRIES,DA 42,fcedf1b933a787595971b679ac5bafda02e991701bdaa375233b4ab97a61d573,True,3
4727,38,021026_ML.npy,2026-10-02,2026-10-02 01:47:20.487363,7C79B4,DA42,DIAMOND AIRCRAFT INDUSTRIES,DA 42,80090aa521432a024b43a445cd0eaf0818535865c12d1414c4684a5754a3dab1,True,5
4728,39,021026_ML.npy,2026-10-02,2026-10-02 01:47:20.503181,7C79B4,DA42,DIAMOND AIRCRAFT INDUSTRIES,DA 42,76316d9ce0c021b10e5954246027599631c4df22a0a0bc0004dacdcf4ec7b1ba,True,5
4729,40,021026_ML.npy,2026-10-02,2026-10-02 01:47:20.605936,7C79B4,DA42,DIAMOND AIRCRAFT INDUSTRIES,DA 42,b5089ac15444474a044621769ef527e02d02fd611360aaa43fac9c87ac469e2b,True,1
4731,42,021026_ML.npy,2026-10-02,2026-10-02 01:47:22.300389,7C79B4,DA42,DIAMOND AIRCRAFT INDUSTRIES,DA 42,858fd93bc1fbae7bc445c1edd4432993a1d9a97ac551252b8cd394b700b48468,True,2
4732,43,021026_ML.npy,2026-10-02,2026-10-02 01:47:22.921869,7C79B4,DA42,DIAMOND AIRCRAFT INDUSTRIES,DA 42,76316d9ce0c021b10e5954246027599631c4df22a0a0bc0004dacdcf4ec7b1ba,True,2
4737,48,021026_ML.npy,2026-10-02,2026-10-02 01:47:31.116242,7C79B4,DA42,DIAMOND AIRCRAFT INDUSTRIES,DA 42,2571f460219b569e5c55fe52a8f8a08b95ae9b51725f0516c886d889248eae63,True,4
4739,50,021026_ML.npy,2026-10-02,2026-10-02 01:47:32.492528,7C79B4,DA42,DIAMOND AIRCRAFT INDUSTRIES,DA 42,ce84a4ce1ff0a538e8bff7fcef4533ef5be7a70fe589a635e1c311fa03bc769f,True,1
4740,51,021026_ML.npy,2026-10-02,2026-10-02 01:47:36.831022,7C79B4,DA42,DIAMOND AIRCRAFT INDUSTRIES,DA 42,aea2d936dfa78e19783945013f4626f3f1d313a78e566c80d5fc8e74f6003d82,True,4
4742,53,021026_ML.npy,2026-10-02,2026-10-02 01:47:37.172333,7C79B4,DA42,DIAMOND AIRCRAFT INDUSTRIES,DA 42,d4973e3325347345184cc880645ce90ed6451ee93d30075f6aee9bf8556162d4,True,1
4743,54,021026_ML.npy,2026-10-02,2026-10-02 01:47:38.012298,7C79B4,DA42,DIAMOND AIRCRAFT INDUSTRIES,DA 42,cdb968b44d174f19aa282f97ddaf486dfea4ebae8a41905d31039e3d08751e1a,True,1
4745,56,021026_ML.npy,2026-10-02,2026-10-02 01:47:41.723357,7C79B4,DA42,DIAMOND AIRCRAFT INDUSTRIES,DA 42,e97f0e32c2b12e94ed66039c32a37d83a8fa6d248bdcd252dd7aa3457036e9af,True,5
4746,57,021026_ML.npy,2026-10-02,2026-10-02 01:47:45.250257,7C79B4,DA42,DIAMOND AIRCRAFT INDUSTRIES,DA 42,19faaaac939581e4860c3b2db3fddb646b07c77358f780899a6bb0e1059ed40d,True,3
4748,59,021026_ML.npy,2026-10-02,2026-10-02 01:47:47.676625,7C79B4,DA42,DIAMOND AIRCRAFT INDUSTRIES,DA 42,0733d246a78c175ec10a88582bff4558c1175d6d0a0744278c9f3c46f50f94ff,True,1
4753,64,021026_ML.npy,2026-10-02,2026-10-02 01:48:07.854405,7C79B4,DA42,DIAMOND AIRCRAFT INDUSTRIES,DA 42,76316d9ce0c021b10e5954246027599631c4df22a0a0bc0004dacdcf4ec7b1ba,True,5
4754,65,021026_ML.npy,2026-10-02,2026-10-02 01:48:14.094843,7C7B60,DA40,DIAMOND AIRCRAFT INDUSTRIES INC.,DA 40,f5b25c6f33c349840141d62b137220ccba0a618e7ac2da3177901167e255a5b7,True,4
4755,66,021026_ML.npy,2026-10-02,2026-10-02 01:48:18.676399,7C7B60,DA40,DIAMOND AIRCRAFT INDUSTRIES INC.,DA 40,17ff95ca39b328b44870b73b2c9e2114c5db9c180be7bf52f23c89f59a8c9085,True,3
4762,73,021026_ML.npy,2026-10-02,2026-10-02 01:48:27.766912,7C7B60,DA40,DIAMOND AIRCRAFT INDUSTRIES INC.,DA 40,10d4c9ed1488efc3b349cd1129ef8217742dbdd20be7a8405f8151ccc3a0ad61,True,5
4780,91,021026_ML.npy,2026-10-02,2026-10-02 01:48:53.828845,7C7B60,DA40,DIAMOND AIRCRAFT INDUSTRIES INC.,DA 40,9367652597aa514fa165402e86963045e1687aee5554dfcf664bb44fd71b094e,True,3
4804,115,021026_ML.npy,2026-10-02,2026-10-02 01:50:19.251927,7C582C,DA40,DIAMOND AIRCRAFT INDUSTRIES INC.,DA 40,091c18424435183f3ea6dd2b5fcf02c351e0e1a9ff3df4f469e75407995708ad,True,5
4820,131,021026_ML.npy,2026-10-02,2026-10-02 01:50:44.555010,7C41FD,DA40,DIAMOND AIRCRAFT INDUSTRIES INC.,DA 40,327f3254775b72d87ff4acef6e97895304a69cc15d07e08cfbfd2e009cb2f0ae,True,1
4826,137,021026_ML.npy,2026-10-02,2026-10-02 01:50:50.950076,7C41FD,DA40,DIAMOND AIRCRAFT INDUSTRIES INC.,DA 40,4b61778ee7fc5a8aafc93e5581a6a1c48b459dc1c1448dc9a2993a0e77f2402b,True,4
4833,144,021026_ML.npy,2026-10-02,2026-10-02 01:50:57.490817,7C41FD,DA40,DIAMOND AIRCRAFT INDUSTRIES INC.,DA 40,ca3c431819122b2a9e842a54a6e771d97c78dfd9bf3576dcd5186f0cefafb50c,True,2
4835,146,021026_ML.npy,2026-10-02,2026-10-02 01:50:57.884586,7C41FD,DA40,DIAMOND AIRCRAFT INDUSTRIES INC.,DA 40,4bcbd96cd4b5928fd5bc863d5ad2658216652242c124d6826c2ddc95dc2804ec,True,2
4847,158,021026_ML.npy,2026-10-02,2026-10-02 01:51:13.813504,7C41FD,DA40,DIAMOND AIRCRAFT INDUSTRIES INC.,DA 40,82e3414f7b1fedb179703d526b6be3216a8b89a3ea5c31b23313cd8795489a0d,True,1
4849,160,021026_ML.npy,2026-10-02,2026-10-02 01:51:14.771971,7C41FD,DA40,DIAMOND AIRCRAFT INDUSTRIES INC.,DA 40,82e3414f7b1fedb179703d526b6be3216a8b89a3ea5c31b23313cd8795489a0d,True,5
4856,167,021026_ML.npy,2026-10-02,2026-10-02 01:51:20.846004,7C41FD,DA40,DIAMOND AIRCRAFT INDUSTRIES INC.,DA 40,cb8ad88fb23af9002a7cacd0e48a0e33a0b6b136fc47d12c9850f3029f454155,True,4
4944,255,021026_ML.npy,2026-10-02,2026-10-02 01:53:49.268002,7C7B60,DA40,DIAMOND AIRCRAFT INDUSTRIES INC.,DA 40,11d61488e94281a7059049f85f6233b51d7958653c3521c01b06cdbe5dbdfedf,True,2
4946,257,021026_ML.npy,2026-10-02,2026-10-02 01:56:09.465652,7C41FD,DA40,DIAMOND AIRCRAFT INDUSTRIES INC.,DA 40,272184d0d363493a6a882d6c8d129563d5cacd94bc33740b6ee1fddf987de1cb,True,4
4949,260,021026_ML.npy,2026-10-02,2026-10-02 01:56:12.948748,7C41FD,DA40,DIAMOND AIRCRAFT INDUSTRIES INC.,DA 40,ad29ff2f619b9cdfccc694b7f71f597e778a028d6bcddb30f4035e0221243083,True,3
4970,281,021026_ML.npy,2026-10-02,2026-10-02 01:56:35.904689,7C41FD,DA40,DIAMOND AIRCRAFT INDUSTRIES INC.,DA 40,ff902407aeb0502fcdcca08914312dc1f7d9ed09811189ce25f70004dbc23a66,True,3
5026,337,021026_ML.npy,2026-10-02,2026-10-02 01:58:08.829649,7C7B60,DA40,DIAMOND AIRCRAFT INDUSTRIES INC.,DA 40,3143e98392796f8cc093bb98d079b8f97db34c32b5507c77a13e3ddc8f2bf7d1,True,1
5047,358,021026_ML.npy,2026-10-02,2026-10-02 01:59:53.997457,7C1B2A,DA40,DIAMOND AIRCRAFT INDUSTRIES INC.,DA 40,aa6d795643ee205d81cea750c646c103d803e878d41c09cd9506dfe034edfaf3,True,3
5061,372,021026_ML.npy,2026-10-02,2026-10-02 02:00:04.734885,7C1B2A,DA40,DIAMOND AIRCRAFT INDUSTRIES INC.,DA 40,d52feb87bd747872481b6ab009fca672d8264692bb778b05b1a5c833abe7f30a,True,1
5069,380,021026_ML.npy,2026-10-02,2026-10-02 02:00:10.864721,7C1B2A,DA40,DIAMOND AIRCRAFT INDUSTRIES INC.,DA 40,faa641f689273fd3c9db8ff0ae82ad9f7918395b4733ed6085e010e0b8d9882b,True,4
5078,389,021026_ML.npy,2026-10-02,2026-10-02 02:00:19.892094,7C1B2A,DA40,DIAMOND AIRCRAFT INDUSTRIES INC.,DA 40,5c230e7676f565bbb84f78dadaf8257708cda199526225479cd6a812124c81b5,True,2
5083,394,021026_ML.npy,2026-10-02,2026-10-02 02:00:24.483517,7C1B2A,DA40,DIAMOND AIRCRAFT INDUSTRIES INC.,DA 40,1897208a1a21f79937fb303edf87b13b1a609728eb35159f20de44dd988fe61e,True,5
5085,396,021026_ML.npy,2026-10-02,2026-10-02 02:00:25.027067,7C1B2A,DA40,DIAMOND AIRCRAFT INDUSTRIES INC.,DA 40,77b1253a1bdf0599b592d9ff59fdd4be7c84cbd292350f1783cdb0fdae2cdc5a,True,1
5099,410,021026_ML.npy,2026-10-02,2026-10-02 02:03:07.689103,7C7B60,DA40,DIAMOND AIRCRAFT INDUSTRIES INC.,DA 40,75ece756c63791b387d5e55cdcf94c68a8101952afce45eba006c9bf1143035d,True,4
5102,413,021026_ML.npy,2026-10-02,2026-10-02 02:03:08.535063,7C7B60,DA40,DIAMOND AIRCRAFT INDUSTRIES INC.,DA 40,bb186e9cce4cf56ee214c25e697b9a7440a470d3edfe99c0c041ea40b152bed6,True,4
5111,422,021026_ML.npy,2026-10-02,2026-10-02 02:03:23.987381,7C7B60,DA40,DIAMOND AIRCRAFT INDUSTRIES INC.,DA 40,c75e4fb98540d28448f3308de50be6a433bf49a3e59dff096f41a3f054ed18ce,True,1
5118,429,021026_ML.npy,2026-10-02,2026-10-02 02:04:23.572787,7C1689,DA40,DIAMOND AIRCRAFT INDUSTRIES INC.,DA 40,76326a019b38cf1bbf8d627f3491d5481e619e778c71058b3dec81201a2c4a3d,True,3
5125,436,021026_ML.npy,2026-10-02,2026-10-02 02:04:48.136812,7C1689,DA40,DIAMOND AIRCRAFT INDUSTRIES INC.,DA 40,e93dba4c61f435f2354d9be2b6915f05ff0cbbcbd7190af92991bd8e9888a8e1,True,5
5126,437,021026_ML.npy,2026-10-02,2026-10-02 02:04:49.029697,7C1689,DA40,DIAMOND AIRCRAFT INDUSTRIES INC.,DA 40,acbf315bc5e7cf8f2c9c8584e0d0d9851fee5b24d3c12361991ba28526f9ce3c,True,1
5155,466,021026_ML.npy,2026-10-02,2026-10-02 02:08:12.188476,7C7B5F,DA40,DIAMOND AIRCRAFT INDUSTRIES INC.,DA 40,a5113a8cf248661b8d1febedca3905eba2a173d9be8c6046daa94ac58b5594c5,True,1
5166,477,021026_ML.npy,2026-10-02,2026-10-02 02:08:19.000883,7C7B5F,DA40,DIAMOND AIRCRAFT INDUSTRIES INC.,DA 40,586389044bbae18e9da9b8cfd69084a98ad8c1b7a0c97e223ee82ebc645bf5a8,True,5
5168,479,021026_ML.npy,2026-10-02,2026-10-02 02:08:19.581372,7C7B60,DA40,DIAMOND AIRCRAFT INDUSTRIES INC.,DA 40,84000d5669027a22e944e41ab33b98f243bb2fcb1d24948c0092697c3866c483,True,5
5182,493,021026_ML.npy,2026-10-02,2026-10-02 02:08:28.928042,7C7B5F,DA40,DIAMOND AIRCRAFT INDUSTRIES INC.,DA 40,0fde8a1daceeeef58bc3a998aeac5fb0931c7e37287a405755b16b9edf187975,True,2
5184,495,021026_ML.npy,2026-10-02,2026-10-02 02:08:30.199921,7C7B5F,DA40,DIAMOND AIRCRAFT INDUSTRIES INC.,DA 40,9e1cae0b6798fdf921c091709012a3def7eca81088dae6ebcb2419602c10da7a,True,2
5191,502,021026_ML.npy,2026-10-02,2026-10-02 02:08:36.487716,7C7B60,DA40,DIAMOND AIRCRAFT INDUSTRIES INC.,DA 40,9bef7a2e47e916a99388f08b505356afeba35e8d24dea23534bac42114dd29a9,True,3
5193,504,021026_ML.npy,2026-10-02,2026-10-02 02:08:41.380986,7C7B5F,DA40,DIAMOND AIRCRAFT INDUSTRIES INC.,DA 40,a6dabf03ad3dd5e989b82812add5301285059b29c6decbd4654763366f1657a5,True,2
5195,506,021026_ML.npy,2026-10-02,2026-10-02 02:08:41.899306,7C7B5F,DA40,DIAMOND AIRCRAFT INDUSTRIES INC.,DA 40,ae7a1aa25ccc453bc09afc5fefd37c54922d65c7bb1247faa58dfa6d6539fcff,True,2
5211,522,021026_ML.npy,2026-10-02,2026-10-02 02:09:27.193386,7C6C18,C172,CESSNA AIRCRAFT COMPANY,172S,bd0f0c81ad1f32501fd5f1f0ba867c411476cad2b61307aff1ad8f26b76cd190,True,3
5223,534,021026_ML.npy,2026-10-02,2026-10-02 02:09:42.035979,7C6C18,C172,CESSNA AIRCRAFT COMPANY,172S,203f99fc5ce3a09610df6060ca908e496d451043719572c6b25efbe7ae9cf6e2,True,3
5225,536,021026_ML.npy,2026-10-02,2026-10-02 02:09:43.503296,7C6C18,C172,CESSNA AIRCRAFT COMPANY,172S,ea739d4d2703a7631063ed202f7b8fe62c02b4104c81081d86db58599e87f28e,True,4
5230,541,021026_ML.npy,2026-10-02,2026-10-02 02:09:48.627450,7C6C18,C172,CESSNA AIRCRAFT COMPANY,172S,6a4c23b1c479679d6d2ec2fd7fe6582664bc97afc1176af7db51d2d0c9b47f69,True,1
5234,545,021026_ML.npy,2026-10-02,2026-10-02 02:09:57.694686,7C6C18,C172,CESSNA AIRCRAFT COMPANY,172S,04edf9e64a9bb87b150b59f61562bec8fc01f81afb161d4d87f37cb08e61da81,True,1
5236,547,021026_ML.npy,2026-10-02,2026-10-02 02:09:59.217620,7C6C18,C172,CESSNA AIRCRAFT COMPANY,172S,429ed2ae5ed27ec7a6968167b000918c475b56a0d1274b44ce9c6570b29d5820,True,4
5250,561,021026_ML.npy,2026-10-02,2026-10-02 02:10:15.488390,7C6C18,C172,CESSNA AIRCRAFT COMPANY,172S,071ac5e64254840cc8d4203824416a6cd46b6f4f0dd43278ab0207d0e38a75bc,True,1
5257,568,021026_ML.npy,2026-10-02,2026-10-02 02:10:19.491353,7C6C18,C172,CESSNA AIRCRAFT COMPANY,172S,09338fdc8e3ed48af8ff96490998943559d88ad4d1d05c17ab85d73521383371,True,5
5259,570,021026_ML.npy,2026-10-02,2026-10-02 02:10:22.284392,7C6C18,C172,CESSNA AIRCRAFT COMPANY,172S,51956d4a34ebdbe9a5772539e46bc038fb212ddaeed8390511247738d761c05a,True,5
5260,571,021026_ML.npy,2026-10-02,2026-10-02 02:10:22.288194,7C6C18,C172,CESSNA AIRCRAFT COMPANY,172S,fb707004f1e49b39a951609b6b2825fdbda9f47cb57f75e1ccd57be1f9afbeee,True,5
5261,572,021026_ML.npy,2026-10-02,2026-10-02 02:10:24.213574,7C6C18,C172,CESSNA AIRCRAFT COMPANY,172S,13ffd45def687bbdc25de001bdef0a89e1deef479f6b83c04042f2e913935caf,True,3
5268,579,021026_ML.npy,2026-10-02,2026-10-02 02:10:32.849228,7C6C18,C172,CESSNA AIRCRAFT COMPANY,172S,172ca93f5f88c9ff3054655d2a886943b9dbcd3472f7e9e218e85aa86d7c7883,True,3
5274,585,021026_ML.npy,2026-10-02,2026-10-02 02:10:41.754152,7C6C18,C172,CESSNA AIRCRAFT COMPANY,172S,08a0732f457fd32e02b3edc8b7c5df7f08c65f4055d3a59bf74582fe6fea880c,True,5
5287,598,021026_ML.npy,2026-10-02,2026-10-02 02:10:54.261385,7C6C18,C172,CESSNA AIRCRAFT COMPANY,172S,6ebe66617af24d13350399f6347d75c222411f9a93b3690d030e94497d813417,True,4
5290,601,021026_ML.npy,2026-10-02,2026-10-02 02:10:57.336097,7C6C18,C172,CESSNA AIRCRAFT COMPANY,172S,6714a78d853cfc932f25c602b87a9780f6742293606f301b450a95b488ee6ffd,True,3
5298,609,021026_ML.npy,2026-10-02,2026-10-02 02:12:59.229312,7C7B60,DA40,DIAMOND AIRCRAFT INDUSTRIES INC.,DA 40,8ffe353f80ae79eb09e3d228c859267c05925a739ce4b7caf097cdf100e6376a,True,5
5317,628,021026_ML.npy,2026-10-02,2026-10-02 02:13:19.785052,7C7B60,DA40,DIAMOND AIRCRAFT INDUSTRIES INC.,DA 40,66505714bcd96e294511fa76a0c130d13a08af4d292abae61009d6c14256417a,True,5
5319,630,021026_ML.npy,2026-10-02,2026-10-02 02:13:21.444949,7C7B60,DA40,DIAMOND AIRCRAFT INDUSTRIES INC.,DA 40,98918ea18ea1d4eeec5932588c619808765402d2ec2bbc8ddd45c09a56104150,True,5
5326,637,021026_ML.npy,2026-10-02,2026-10-02 02:13:32.261738,7C7B60,DA40,DIAMOND AIRCRAFT INDUSTRIES INC.,DA 40,6469ee0173cf016012a461d507f7a06e28ff20328b41a4c70b9266b014490f13,True,2
5328,639,021026_ML.npy,2026-10-02,2026-10-02 02:17:45.364259,7C7B60,DA40,DIAMOND AIRCRAFT INDUSTRIES INC.,DA 40,3918dbc5556c4b52c98efd176b973b5d5766e57316ec18446908260ea3a8a84a,True,2
5333,644,021026_ML.npy,2026-10-02,2026-10-02 02:17:48.549661,7C7B60,DA40,DIAMOND AIRCRAFT INDUSTRIES INC.,DA 40,84000d5669027a22e944e41ab33b98f243bb2fcb1d24948c0092697c3866c483,True,3
5336,647,021026_ML.npy,2026-10-02,2026-10-02 02:17:50.959566,7C7B60,DA40,DIAMOND AIRCRAFT INDUSTRIES INC.,DA 40,84000d5669027a22e944e41ab33b98f243bb2fcb1d24948c0092697c3866c483,True,1
5361,672,021026_ML.npy,2026-10-02,2026-10-02 02:25:35.171542,7C444D,P28A,PIPER AIRCRAFT CORP,PA-28-181,f4658fcbc44dd10660fd65ef01361634b223212cad14c8654ff942dbb4a2f450,True,1
5362,673,021026_ML.npy,2026-10-02,2026-10-02 02:25:42.760157,7C444D,P28A,PIPER AIRCRAFT CORP,PA-28-181,24b1d5b1627a3395646aa545f9c55de18db842f83428c3f60f4e214baab8064d,True,4
5363,674,021026_ML.npy,2026-10-02,2026-10-02 02:25:43.186238,7C444D,P28A,PIPER AIRCRAFT CORP,PA-28-181,745879e05c083032c90467c0184321a3e6346324016201bcba9304b7f1183b26,True,4
5364,675,021026_ML.npy,2026-10-02,2026-10-02 02:25:43.704023,7C444D,P28A,PIPER AIRCRAFT CORP,PA-28-181,b83ea2acab3050894e888179f9fdea12437e1fbd4bbb054314af25180b983af8,True,3
5365,676,021026_ML.npy,2026-10-02,2026-10-02 02:25:44.443822,7C444D,P28A,PIPER AIRCRAFT CORP,PA-28-181,97ce03e6d5d8ec02973a15cbb2867853fc19d4b9fd11d5db3db09ea2e05db6aa,True,5
5366,677,021026_ML.npy,2026-10-02,2026-10-02 02:25:45.103970,7C444D,P28A,PIPER AIRCRAFT CORP,PA-28-181,77038a7ceacd5279eaec0caec206f73b7eebbcb25d06459016d4588f5d70d5bb,True,4
5367,678,021026_ML.npy,2026-10-02,2026-10-02 02:25:45.417556,7C444D,P28A,PIPER AIRCRAFT CORP,PA-28-181,38dc4927405f62940e01417574878b857c3ab0d4899b5a03f6da1a1a6113d781,True,4
5368,679,021026_ML.npy,2026-10-02,2026-10-02 02:25:46.743274,7C444D,P28A,PIPER AIRCRAFT CORP,PA-28-181,5f56e6b4cf788a3567766803005db7d03e7a2dee2e663dd98b93417c83a6cdc9,True,4
5369,680,021026_ML.npy,2026-10-02,2026-10-02 02:25:46.809290,7C444D,P28A,PIPER AIRCRAFT CORP,PA-28-181,d8ca3e90afb3bc1d4dca52ed572384b0662a75fc6da6c43081f935eb45116e9f,True,4
5370,681,021026_ML.npy,2026-10-02,2026-10-02 02:25:47.061427,7C444D,P28A,PIPER AIRCRAFT CORP,PA-28-181,bdbea92283397c39fbb177d0e95a1912f7416a11383c2ccf93c282201996d94c,True,3
5371,682,021026_ML.npy,2026-10-02,2026-10-02 02:25:47.613037,7C444D,P28A,PIPER AIRCRAFT CORP,PA-28-181,0a712d93c3b436632b6313eca8379ae14858b33e3b9968582f2fdcbbff01ea49,True,5
5372,683,021026_ML.npy,2026-10-02,2026-10-02 02:25:48.518952,7C444D,P28A,PIPER AIRCRAFT CORP,PA-28-181,fe9fc9c45fcdcf308ad26a93d0a822922d10ee68f2e61eeb7d4f93f8d8afec4a,True,5
5373,684,021026_ML.npy,2026-10-02,2026-10-02 02:25:50.724210,7C444D,P28A,PIPER AIRCRAFT CORP,PA-28-181,93dc3c2202232dcc98b29c8fdece1e7fa81363f128c08e64c0610b6cc1f00062,True,2
5374,685,021026_ML.npy,2026-10-02,2026-10-02 02:25:51.748185,7C444D,P28A,PIPER AIRCRAFT CORP,PA-28-181,d8ca3e90afb3bc1d4dca52ed572384b0662a75fc6da6c43081f935eb45116e9f,True,1
5375,686,021026_ML.npy,2026-10-02,2026-10-02 02:25:54.449565,7C444D,P28A,PIPER AIRCRAFT CORP,PA-28-181,9bf672b04cd58c08cb6d3b5ffa31f1a0984d64ef8f859867589897e6fd06f4be,True,5
5376,687,021026_ML.npy,2026-10-02,2026-10-02 02:26:01.243914,7C444D,P28A,PIPER AIRCRAFT CORP,PA-28-181,1d86bcef38dca30899414407ae0cbbfd1909793d63f036ded43938b0226be163,True,3
5377,688,021026_ML.npy,2026-10-02,2026-10-02 02:26:01.777895,7C444D,P28A,PIPER AIRCRAFT CORP,PA-28-181,3f91c8d693e0ba6efbd58a918e9bc6efe94c94be03f03b1ce4145342e026b9d9,True,1
5378,689,021026_ML.npy,2026-10-02,2026-10-02 02:26:04.367387,7C444D,P28A,PIPER AIRCRAFT CORP,PA-28-181,d8ca3e90afb3bc1d4dca52ed572384b0662a75fc6da6c43081f935eb45116e9f,True,2
5379,690,021026_ML.npy,2026-10-02,2026-10-02 02:26:04.718558,7C444D,P28A,PIPER AIRCRAFT CORP,PA-28-181,71442c456940859627871a1699291085fdc186c3fc3619a0d2df0545cd0689fb,True,4
5380,691,021026_ML.npy,2026-10-02,2026-10-02 02:26:05.822994,7C444D,P28A,PIPER AIRCRAFT CORP,PA-28-181,27c0753b050a41235f03f2545ccc9efbd51e989a0f0b283480f591db383ec22d,True,3
5381,692,021026_ML.npy,2026-10-02,2026-10-02 02:26:07.850418,7C444D,P28A,PIPER AIRCRAFT CORP,PA-28-181,0a712d93c3b436632b6313eca8379ae14858b33e3b9968582f2fdcbbff01ea49,True,2
5382,693,021026_ML.npy,2026-10-02,2026-10-02 02:26:08.534451,7C444D,P28A,PIPER AIRCRAFT CORP,PA-28-181,c861b1801f831efa2ee64c52e9fb1deaddd2a8ab943a36c04bf5e973f3dd27ec,True,1
5383,694,021026_ML.npy,2026-10-02,2026-10-02 02:26:11.461754,7C444D,P28A,PIPER AIRCRAFT CORP,PA-28-181,fb348e7eb47c24d49d431f33121a3543c60366308227ae5d60f9fa0a2ebc1616,True,5
5384,695,021026_ML.npy,2026-10-02,2026-10-02 02:26:12.207807,7C444D,P28A,PIPER AIRCRAFT CORP,PA-28-181,4313de2ad81139df2c2ab2b36b8fcb3084f1c89bdd14f5d91c316f88f68ae2e3,True,5
5385,696,021026_ML.npy,2026-10-02,2026-10-02 02:26:14.271187,7C444D,P28A,PIPER AIRCRAFT CORP,PA-28-181,3a77892c5fe36f3112e6341b46f2e160bb988643211df948bfe7533577d39b26,True,3
5386,697,021026_ML.npy,2026-10-02,2026-10-02 02:26:18.496151,7C444D,P28A,PIPER AIRCRAFT CORP,PA-28-181,1e697103af3f81f2390a60f23e0bd64fddafccad03b81b81b265ae4e71cbfa1b,True,2
5387,698,021026_ML.npy,2026-10-02,2026-10-02 02:26:19.011966,7C444D,P28A,PIPER AIRCRAFT CORP,PA-28-181,e47ab8cd590952640a4fc9f9bbac4ecea1d6666a6641e4ab030d66257da94971,True,2
5388,699,021026_ML.npy,2026-10-02,2026-10-02 02:26:19.456774,7C444D,P28A,PIPER AIRCRAFT CORP,PA-28-181,d8ca3e90afb3bc1d4dca52ed572384b0662a75fc6da6c43081f935eb45116e9f,True,2
5389,700,021026_ML.npy,2026-10-02,2026-10-02 02:26:21.973456,7C444D,P28A,PIPER AIRCRAFT CORP,PA-28-181,efe55deae5d162c4a79d095ec1cf067987e83496ddc193c72e59e776eded6513,True,3
5390,701,021026_ML.npy,2026-10-02,2026-10-02 02:26:21.981394,7C444D,P28A,PIPER AIRCRAFT CORP,PA-28-181,d8ca3e90afb3bc1d4dca52ed572384b0662a75fc6da6c43081f935eb45116e9f,True,2
5391,702,021026_ML.npy,2026-10-02,2026-10-02 02:26:23.241034,7C444D,P28A,PIPER AIRCRAFT CORP,PA-28-181,d0429e5be69faf6be7df8379ba6d7377c973be2722271a41cb673e8a0052f2c5,True,2
5392,703,021026_ML.npy,2026-10-02,2026-10-02 02:26:26.146499,7C444D,P28A,PIPER AIRCRAFT CORP,PA-28-181,0baf09769fda06a802241c0d0a07b9a6edc0ecfe7927622517313395166ce7d0,True,3
5393,704,021026_ML.npy,2026-10-02,2026-10-02 02:26:28.085830,7C444D,P28A,PIPER AIRCRAFT CORP,PA-28-181,0bf744387be607c411ae2c7563dfa1dc603d422dc0b9d1a7e4d8850963ba216b,True,5
5397,708,021026_ML.npy,2026-10-02,2026-10-02 02:26:46.555659,7C0077,DA40,DIAMOND AIRCRAFT INDUSTRIES INC.,DA 40,975002cb68c5eb8a2fd05ca33d2b1117e9623baaaef2b7d059cb58b57f0b7e6f,True,4
5398,709,021026_ML.npy,2026-10-02,2026-10-02 02:26:46.857920,7C444D,P28A,PIPER AIRCRAFT CORP,PA-28-181,29d9ecb6679936501e99ebbcbbebe4e962d7afd67b8109f6cf133e981491b79d,True,2
5399,710,021026_ML.npy,2026-10-02,2026-10-02 02:26:47.626402,7C0077,DA40,DIAMOND AIRCRAFT INDUSTRIES INC.,DA 40,9d076ee0d323f0e110dea52ff1481354a06265503fbf99cf5280e16b2a7b24f8,True,3
5415,726,021026_ML.npy,2026-10-02,2026-10-02 02:27:04.301756,7C0077,DA40,DIAMOND AIRCRAFT INDUSTRIES INC.,DA 40,e59e86b89b7ec3bdfb2feb378373423f47004bfcb914799fa8f20cb1e160880d,True,1
5416,727,021026_ML.npy,2026-10-02,2026-10-02 02:27:04.307440,7C0077,DA40,DIAMOND AIRCRAFT INDUSTRIES INC.,DA 40,3d93613326f4b50b5cfded44e57f1d21f77908f71de3980b9aa5ce88e9abc122,True,1
5421,732,021026_ML.npy,2026-10-02,2026-10-02 02:30:51.028427,7C444D,P28A,PIPER AIRCRAFT CORP,PA-28-181,1ac3a180211a5f260ef3ef1050444a8d930109fe9fe54302e196336e7d094345,True,4
5422,733,021026_ML.npy,2026-10-02,2026-10-02 02:30:52.522084,7C444D,P28A,PIPER AIRCRAFT CORP,PA-28-181,4355dafacc38e92cd205981a9c1e37cfc5cabbfad23f013138e4172570026943,True,2
5423,734,021026_ML.npy,2026-10-02,2026-10-02 02:30:52.526359,7C444D,P28A,PIPER AIRCRAFT CORP,PA-28-181,30f5cdd164bd423153b711b59bad827b98d2fec2b3257f48e339c300d6f7b414,True,1
5424,735,021026_ML.npy,2026-10-02,2026-10-02 02:30:54.533621,7C444D,P28A,PIPER AIRCRAFT CORP,PA-28-181,463fe6981d11d2cd1591d2473f139fe3dc77a2fff10f934a4d628acc2f893041,True,4
5425,736,021026_ML.npy,2026-10-02,2026-10-02 02:30:57.115039,7C444D,P28A,PIPER AIRCRAFT CORP,PA-28-181,f3a0afae1e5a7456d389df9dc69ba193131716b4550b1237f04385b9825270d3,True,3
5426,737,021026_ML.npy,2026-10-02,2026-10-02 02:30:58.886262,7C444D,P28A,PIPER AIRCRAFT CORP,PA-28-181,a8dfd2de0a8efb57f279f2ab49d406d0fcb54f9548b57dda602be6f23a8aac51,True,1
5427,738,021026_ML.npy,2026-10-02,2026-10-02 02:30:59.881943,7C444D,P28A,PIPER AIRCRAFT CORP,PA-28-181,e3ab21c9a3b58ae4a6f20e314d87658fb8116d4340a3f1cdea49c2b1b8f764f7,True,3
5428,739,021026_ML.npy,2026-10-02,2026-10-02 02:31:00.434209,7C444D,P28A,PIPER AIRCRAFT CORP,PA-28-181,e7a73218cd2899c82e2cc910696d2e54c6160e568396b603ab95b8aa97f0feba,True,3
5429,740,021026_ML.npy,2026-10-02,2026-10-02 02:31:02.385847,7C444D,P28A,PIPER AIRCRAFT CORP,PA-28-181,fe283d9d8384debc6aa82022dfd8e39a943e29a7b00699b7dabba0f428b6ad85,True,3
5430,741,021026_ML.npy,2026-10-02,2026-10-02 02:31:03.677541,7C444D,P28A,PIPER AIRCRAFT CORP,PA-28-181,f0abd8c2771fe74e0677a45955403f2f9fca535f88b39d99c4935cfcdf646fa0,True,2
5431,742,021026_ML.npy,2026-10-02,2026-10-02 02:31:04.345491,7C444D,P28A,PIPER AIRCRAFT CORP,PA-28-181,a0b519633376637b52456b3da563f888b6e7592ddd1ab53ce7e680b477e8595c,True,2
5432,743,021026_ML.npy,2026-10-02,2026-10-02 02:31:08.348923,7C444D,P28A,PIPER AIRCRAFT CORP,PA-28-181,4f631ab945a1112f162a6a51d350b6714de1c77b62f090be5c2c8423ee895d9e,True,5
5433,744,021026_ML.npy,2026-10-02,2026-10-02 02:31:09.171902,7C444D,P28A,PIPER AIRCRAFT CORP,PA-28-181,d2e4907a52537d48102fbd9f099862491c44449ee58e1e4124cab29f0e9b312c,True,1
5434,745,021026_ML.npy,2026-10-02,2026-10-02 02:31:11.695717,7C444D,P28A,PIPER AIRCRAFT CORP,PA-28-181,37d7e97d81137f0939dd074d65d6bcfc01f74192460b79b614c1abc79c5beebd,True,3
5435,746,021026_ML.npy,2026-10-02,2026-10-02 02:31:13.411444,7C444D,P28A,PIPER AIRCRAFT CORP,PA-28-181,225d5b7ceb06b147555cf5144acf81032dcb145b825a9d16f61532b4915a01cf,True,1
5436,747,021026_ML.npy,2026-10-02,2026-10-02 02:31:14.269204,7C444D,P28A,PIPER AIRCRAFT CORP,PA-28-181,7cedff77c5ddf62e3125f3bb17393579b2becd3e97ba4795e913682dc607e114,True,3
5437,748,021026_ML.npy,2026-10-02,2026-10-02 02:31:19.454041,7C444D,P28A,PIPER AIRCRAFT CORP,PA-28-181,8524707d73f939b1bb59bf618522f6826677eb121521c849a5a9739b88014761,True,1
5438,749,021026_ML.npy,2026-10-02,2026-10-02 02:31:23.381264,7C444D,P28A,PIPER AIRCRAFT CORP,PA-28-181,f71317e9d152f1fb63e921594dbdacaa5f128d2b4f32b56467f510e2bc4a2cd6,True,4
5439,750,021026_ML.npy,2026-10-02,2026-10-02 02:31:27.780162,7C444D,P28A,PIPER AIRCRAFT CORP,PA-28-181,e5ebce8821b04fc96a8fb448cd51f9330c52b2b9f611c6f7ad997b0b7f75d72e,True,1
5440,751,021026_ML.npy,2026-10-02,2026-10-02 02:31:32.110764,7C444D,P28A,PIPER AIRCRAFT CORP,PA-28-181,a2ff6b52874c5b93e07f75315394a101892464d2473e443255331d354953e2b3,True,4
5445,756,021026_ML.npy,2026-10-02,2026-10-02 02:32:07.018420,7C0077,DA40,DIAMOND AIRCRAFT INDUSTRIES INC.,DA 40,26ba96494e85b38c66840d7c2bd54dfc554509b5069230702c6a620d219f0bd8,True,2
5447,758,021026_ML.npy,2026-10-02,2026-10-02 02:32:11.340480,7C0077,DA40,DIAMOND AIRCRAFT INDUSTRIES INC.,DA 40,4a0fabf6b0e7c75d4103d13c058c2338af8748a5410d62157df855930194e328,True,3
5459,770,021026_ML.npy,2026-10-02,2026-10-02 02:32:20.042309,7C0077,DA40,DIAMOND AIRCRAFT INDUSTRIES INC.,DA 40,d74bddafc19504d264e137a07be2944d6e2c37ba23d0000ccfae6619dd7369f3,True,3
5464,775,021026_ML.npy,2026-10-02,2026-10-02 02:32:31.485240,7C0077,DA40,DIAMOND AIRCRAFT INDUSTRIES INC.,DA 40,4a0fabf6b0e7c75d4103d13c058c2338af8748a5410d62157df855930194e328,True,5
5466,777,021026_ML.npy,2026-10-02,2026-10-02 02:35:41.406224,7C0D65,DA42,DIAMOND AIRCRAFT INDUSTRIES INC.,DA 42,002154d354d07f073571d2ad5c4a4226094fb2c89123c3b0dd0ee1387271a3b5,True,2
5467,778,021026_ML.npy,2026-10-02,2026-10-02 02:35:42.955091,7C0D65,DA42,DIAMOND AIRCRAFT INDUSTRIES INC.,DA 42,c3673500e430909462a921a0e7517d0c578d346339216b77879856af3edac436,True,5
5468,779,021026_ML.npy,2026-10-02,2026-10-02 02:35:42.961651,7C0D65,DA42,DIAMOND AIRCRAFT INDUSTRIES INC.,DA 42,4659348f18822fe7f582f68a5c5f2cd8ee4cd899978424280035f6de85bfe70f,True,5
5470,781,021026_ML.npy,2026-10-02,2026-10-02 02:35:48.307488,7C0D65,DA42,DIAMOND AIRCRAFT INDUSTRIES INC.,DA 42,14caa712a7e47642e81b49af16df43f9993d4bba4f3dea7fedcc2fd158279981,True,2
5471,782,021026_ML.npy,2026-10-02,2026-10-02 02:35:48.374353,7C0D65,DA42,DIAMOND AIRCRAFT INDUSTRIES INC.,DA 42,5ed501bfe064cca63626010aabda8f5f7fa7a8b5a38ac506a5844f904173cc39,True,1
5473,784,021026_ML.npy,2026-10-02,2026-10-02 02:35:49.287576,7C0D65,DA42,DIAMOND AIRCRAFT INDUSTRIES INC.,DA 42,abcbcf57d4ecb0b1b5fe14a8b107164df9f39b38b605d0d1fd9120fcec97c45d,True,2
5477,788,021026_ML.npy,2026-10-02,2026-10-02 02:35:56.776793,7C0D65,DA42,DIAMOND AIRCRAFT INDUSTRIES INC.,DA 42,3c5a202ec5676e42ad75bb3161c340374e281d5cd449c2213e81e0677161667d,True,5
5480,791,021026_ML.npy,2026-10-02,2026-10-02 02:35:57.295370,7C0D65,DA42,DIAMOND AIRCRAFT INDUSTRIES INC.,DA 42,b5bcd54ff544faca47a894f22ee6670ce8bb2b0ef0a96705f115880c09cf3b56,True,1
5481,792,021026_ML.npy,2026-10-02,2026-10-02 02:36:02.923312,7C0D65,DA42,DIAMOND AIRCRAFT INDUSTRIES INC.,DA 42,032101c35cf488c28dbac6e653c7459be352e7ab9c4514e4fface1c03d836c73,True,5
5482,793,021026_ML.npy,2026-10-02,2026-10-02 02:36:04.904074,7C0D65,DA42,DIAMOND AIRCRAFT INDUSTRIES INC.,DA 42,357b1926d6838ed017a84a504ec92abcecb1899b442777e00d74f6d50027d50b,True,3
5485,796,021026_ML.npy,2026-10-02,2026-10-02 02:36:05.905207,7C0D65,DA42,DIAMOND AIRCRAFT INDUSTRIES INC.,DA 42,4d3125c6f3cda3f9b21e689ef362fb04df91112a49b7124c09364f83325d8089,True,3
5487,798,021026_ML.npy,2026-10-02,2026-10-02 02:36:10.652104,7C444D,P28A,PIPER AIRCRAFT CORP,PA-28-181,f5340fc7403bf5b7633edf3f2c590c39d9b4dfc59ac2fd9b99f2e3b8537ef5a2,True,3
5488,799,021026_ML.npy,2026-10-02,2026-10-02 02:36:11.197947,7C444D,P28A,PIPER AIRCRAFT CORP,PA-28-181,9c2eaf4185d4b65df896a1d2c5918b05377b01905296e8c9a0ccfc95012615ca,True,5
5489,800,021026_ML.npy,2026-10-02,2026-10-02 02:36:11.649865,7C444D,P28A,PIPER AIRCRAFT CORP,PA-28-181,ee5245e6d6d2dc025789ac821cf90c001630bd5e2a3f65a8aa9c9cda1b7658c6,True,2
5490,801,021026_ML.npy,2026-10-02,2026-10-02 02:36:13.017432,7C0D65,DA42,DIAMOND AIRCRAFT INDUSTRIES INC.,DA 42,f768ad3ceb08a4b4fbc3ec1fc6b5648ee4cb13234c6a0ab81c5787ca48598f77,True,4
5491,802,021026_ML.npy,2026-10-02,2026-10-02 02:36:13.021073,7C0D65,DA42,DIAMOND AIRCRAFT INDUSTRIES INC.,DA 42,518d224a65e1b51850e0335c5fe5b17d7682176c39a9cd39a75604cf2b02842c,True,2
5492,803,021026_ML.npy,2026-10-02,2026-10-02 02:36:13.597350,7C444D,P28A,PIPER AIRCRAFT CORP,PA-28-181,8b7d871a332446420b2382974f67e01cb8d61216bacdc647d6e71ca46f45bc6e,True,2
5493,804,021026_ML.npy,2026-10-02,2026-10-02 02:36:14.932854,7C0D65,DA42,DIAMOND AIRCRAFT INDUSTRIES INC.,DA 42,04b686c1dec303818333a823dea86669591a2b34efd8efd724eb57585ffe13ec,True,3
5494,805,021026_ML.npy,2026-10-02,2026-10-02 02:36:16.128795,7C444D,P28A,PIPER AIRCRAFT CORP,PA-28-181,ef705b944319d4231b441c4de58553f0ed7238938dbe55444b69887d65e8d4d9,True,2
5495,806,021026_ML.npy,2026-10-02,2026-10-02 02:36:16.634677,7C444D,P28A,PIPER AIRCRAFT CORP,PA-28-181,0a712d93c3b436632b6313eca8379ae14858b33e3b9968582f2fdcbbff01ea49,True,4
5497,808,021026_ML.npy,2026-10-02,2026-10-02 02:36:17.224607,7C444D,P28A,PIPER AIRCRAFT CORP,PA-28-181,8a6f7cf544533b8e7cbe9886198bc6051385f7ef1dc05caf394045f9482eb500,True,1
5498,809,021026_ML.npy,2026-10-02,2026-10-02 02:36:17.448729,7C0D65,DA42,DIAMOND AIRCRAFT INDUSTRIES INC.,DA 42,ad4a5dc917e03aac2729c8d4bdc1d90d1f247e8c6c78f9784d10e817c31d9186,True,1
5500,811,021026_ML.npy,2026-10-02,2026-10-02 02:36:18.389228,7C0D65,DA42,DIAMOND AIRCRAFT INDUSTRIES INC.,DA 42,a43df48046d664b73458787dbafaa51700f3471a296c9dcc0bdd6ab8f67d662b,True,2
5501,812,021026_ML.npy,2026-10-02,2026-10-02 02:36:18.574382,7C444D,P28A,PIPER AIRCRAFT CORP,PA-28-181,b0098374224d8bd42be25a0babec9bc66777fd43358306b765e415779877c9e0,True,5
5502,813,021026_ML.npy,2026-10-02,2026-10-02 02:36:18.800542,7C444D,P28A,PIPER AIRCRAFT CORP,PA-28-181,d8ca3e90afb3bc1d4dca52ed572384b0662a75fc6da6c43081f935eb45116e9f,True,5
5504,815,021026_ML.npy,2026-10-02,2026-10-02 02:36:21.233683,7C444D,P28A,PIPER AIRCRAFT CORP,PA-28-181,9c27c49da077364d1cc1e42e2d6fdfdb0d59b6af96b73b80aa40d4c93bc81e30,True,3
5505,816,021026_ML.npy,2026-10-02,2026-10-02 02:36:22.481502,7C444D,P28A,PIPER AIRCRAFT CORP,PA-28-181,bdbea92283397c39fbb177d0e95a1912f7416a11383c2ccf93c282201996d94c,True,3
5506,817,021026_ML.npy,2026-10-02,2026-10-02 02:36:24.157047,7C444D,P28A,PIPER AIRCRAFT CORP,PA-28-181,012bc43b8412c8bce5bfc37fd22503a315764557d0791883a3dc50a07d82e4df,True,1
5507,818,021026_ML.npy,2026-10-02,2026-10-02 02:36:24.223189,7C444D,P28A,PIPER AIRCRAFT CORP,PA-28-181,d3c74cca47ae1305d288b8fb01dfac709f51624e8e5bb15503ee43df80067d7b,True,5
5508,819,021026_ML.npy,2026-10-02,2026-10-02 02:36:26.892563,7C444D,P28A,PIPER AIRCRAFT CORP,PA-28-181,0a712d93c3b436632b6313eca8379ae14858b33e3b9968582f2fdcbbff01ea49,True,4
5509,820,021026_ML.npy,2026-10-02,2026-10-02 02:36:27.702000,7C444D,P28A,PIPER AIRCRAFT CORP,PA-28-181,c459cff020e7f5aeddab80d341fdfd3e58b15df8d0eb22336eda0c5938dee1d1,True,3
5510,821,021026_ML.npy,2026-10-02,2026-10-02 02:36:28.190134,7C444D,P28A,PIPER AIRCRAFT CORP,PA-28-181,773c3c786fca0de3214fcfd932be55075281dcd3224d9006c3c5d0576d707622,True,5
5511,822,021026_ML.npy,2026-10-02,2026-10-02 02:36:31.321419,7C444D,P28A,PIPER AIRCRAFT CORP,PA-28-181,18afde1aa81fe189d2a1ca402ab7b98d6d6ae39dd06ba1f004daeb0a85590d66,True,2
5512,823,021026_ML.npy,2026-10-02,2026-10-02 02:36:32.697081,7C444D,P28A,PIPER AIRCRAFT CORP,PA-28-181,bdbea92283397c39fbb177d0e95a1912f7416a11383c2ccf93c282201996d94c,True,5
5513,824,021026_ML.npy,2026-10-02,2026-10-02 02:36:34.262880,7C444D,P28A,PIPER AIRCRAFT CORP,PA-28-181,1c3ef6bf0e30295cc1bca51a3f13172e0d8c1f2d9958f51e59025304bd0a23d3,True,4
5514,825,021026_ML.npy,2026-10-02,2026-10-02 02:36:36.299154,7C444D,P28A,PIPER AIRCRAFT CORP,PA-28-181,c32396fde7b9d962283f41f7ab1f877d43ef539c120d0e004308b7bdc122058c,True,3
5515,826,021026_ML.npy,2026-10-02,2026-10-02 02:36:36.774275,7C444D,P28A,PIPER AIRCRAFT CORP,PA-28-181,6f97117eabddb6627043b657de6e4c91572ea0e3322afe4e404414b8d36a8acf,True,5
5516,827,021026_ML.npy,2026-10-02,2026-10-02 02:36:36.960228,7C444D,P28A,PIPER AIRCRAFT CORP,PA-28-181,0a712d93c3b436632b6313eca8379ae14858b33e3b9968582f2fdcbbff01ea49,True,4
5517,828,021026_ML.npy,2026-10-02,2026-10-02 02:36:37.732058,7C444D,P28A,PIPER AIRCRAFT CORP,PA-28-181,78f0e974e42155971e2628626d6eb6752d420c5e5fac20d4112d6054b61ef67d,True,4
5518,829,021026_ML.npy,2026-10-02,2026-10-02 02:36:40.023002,7C444D,P28A,PIPER AIRCRAFT CORP,PA-28-181,2115369b076045a13d04dd5dd195122f01fba15f61b4170a13bdbfdb800636aa,True,2
5519,830,021026_ML.npy,2026-10-02,2026-10-02 02:36:43.128872,7C444D,P28A,PIPER AIRCRAFT CORP,PA-28-181,fba0ed8796cfef90cfc75e64b31cd70fa4d82df87e966753bf0591502597ede1,True,4
5520,831,021026_ML.npy,2026-10-02,2026-10-02 02:36:43.906018,7C444D,P28A,PIPER AIRCRAFT CORP,PA-28-181,d8ca3e90afb3bc1d4dca52ed572384b0662a75fc6da6c43081f935eb45116e9f,True,1
5521,832,021026_ML.npy,2026-10-02,2026-10-02 02:36:45.294286,7C444D,P28A,PIPER AIRCRAFT CORP,PA-28-181,33b5a98f652b037c8550fb1a1c0a5ae8986a94a53c3d270903cab057bf1a8197,True,2
5522,833,021026_ML.npy,2026-10-02,2026-10-02 02:36:49.625325,7C444D,P28A,PIPER AIRCRAFT CORP,PA-28-181,14c27330672602943583074c3bf092d9bf30fef25d91bc8d102e18bd7f61d4c9,True,4
5523,834,021026_ML.npy,2026-10-02,2026-10-02 02:36:50.730796,7C444D,P28A,PIPER AIRCRAFT CORP,PA-28-181,94b32a7646f96fcf44dd95ec3627fb690be9dbd9de1c4e723f4e732a91aab950,True,4
5524,835,021026_ML.npy,2026-10-02,2026-10-02 02:36:51.370610,7C444D,P28A,PIPER AIRCRAFT CORP,PA-28-181,d8ca3e90afb3bc1d4dca52ed572384b0662a75fc6da6c43081f935eb45116e9f,True,4
5525,836,021026_ML.npy,2026-10-02,2026-10-02 02:36:52.788270,7C444D,P28A,PIPER AIRCRAFT CORP,PA-28-181,bdbea92283397c39fbb177d0e95a1912f7416a11383c2ccf93c282201996d94c,True,4
5526,837,021026_ML.npy,2026-10-02,2026-10-02 02:36:55.041591,7C444D,P28A,PIPER AIRCRAFT CORP,PA-28-181,f95834afbfff045526dae57f0c2a44c96660a9f3c26a6712c8ba34a7e401264e,True,5
5532,843,021026_ML.npy,2026-10-02,2026-10-02 02:37:08.932570,7C444D,P28A,PIPER AIRCRAFT CORP,PA-28-181,e65e008f86ecc93a2d078076f22f3f3fed150cdb7b86c76a1a072bac707729a0,True,5
5534,845,021026_ML.npy,2026-10-02,2026-10-02 02:37:10.634093,7C0D65,DA42,DIAMOND AIRCRAFT INDUSTRIES INC.,DA 42,5ed501bfe064cca63626010aabda8f5f7fa7a8b5a38ac506a5844f904173cc39,True,2
5537,848,021026_ML.npy,2026-10-02,2026-10-02 02:37:12.197794,7C0D65,DA42,DIAMOND AIRCRAFT INDUSTRIES INC.,DA 42,ac35f2b20d8a3d1ec59d12501e332dd1fdd1887d5946142cd45da98c8be1df77,True,3
5551,862,021026_ML.npy,2026-10-02,2026-10-02 02:37:25.189417,7C0077,DA40,DIAMOND AIRCRAFT INDUSTRIES INC.,DA 40,89a494cde9b9fe29f6c5374c5ef542174252e17607efebc377571a52592a446f,True,2
5563,874,021026_ML.npy,2026-10-02,2026-10-02 02:40:41.054048,7C0D65,DA42,DIAMOND AIRCRAFT INDUSTRIES INC.,DA 42,ed5778afd30fb8a8866793ffcece3b959f59dfe1c0968dad871bc50767fcf5c9,True,4
5566,877,021026_ML.npy,2026-10-02,2026-10-02 02:40:42.374030,7C0D65,DA42,DIAMOND AIRCRAFT INDUSTRIES INC.,DA 42,241c746e18602f743e25f7ded641779992d9cf3d7d5d42e24d357f78e4fe9bf2,True,4
5570,881,021026_ML.npy,2026-10-02,2026-10-02 02:40:45.386052,7C0D65,DA42,DIAMOND AIRCRAFT INDUSTRIES INC.,DA 42,8ca78137a4438c285327c6cbb2893dbc7e5e99850a65dab12d1d61b0b2452269,True,5
5573,884,021026_ML.npy,2026-10-02,2026-10-02 02:40:48.592635,7C0D65,DA42,DIAMOND AIRCRAFT INDUSTRIES INC.,DA 42,9749318d49b09e4f1c4da2176091c6267ee82a9596949890bbc244873bc16dd4,True,1
5574,885,021026_ML.npy,2026-10-02,2026-10-02 02:40:49.596864,7C0D65,DA42,DIAMOND AIRCRAFT INDUSTRIES INC.,DA 42,ccbd2e61871503a40bd65dafe2778bc884b2c012c71c5b1941e40e216009188c,True,3
5577,888,021026_ML.npy,2026-10-02,2026-10-02 02:40:53.497369,7C0D65,DA42,DIAMOND AIRCRAFT INDUSTRIES INC.,DA 42,1a57a121be189dac1622582807bc6997a741ca44e74e37afaf8e066b49d24f27,True,4
5578,889,021026_ML.npy,2026-10-02,2026-10-02 02:40:56.195643,7C0D65,DA42,DIAMOND AIRCRAFT INDUSTRIES INC.,DA 42,8eac92c8bc27b70383cc0fc7030677aa4018c53065dd5fba76052967e5cbcaed,True,4
5579,890,021026_ML.npy,2026-10-02,2026-10-02 02:40:56.688874,7C0D65,DA42,DIAMOND AIRCRAFT INDUSTRIES INC.,DA 42,87fb3aa2f50b120788f2b237827134050b91c5fb12f750fb1e0e6f3d30ddaf0a,True,2
5580,891,021026_ML.npy,2026-10-02,2026-10-02 02:40:57.168804,7C0D65,DA42,DIAMOND AIRCRAFT INDUSTRIES INC.,DA 42,5ed501bfe064cca63626010aabda8f5f7fa7a8b5a38ac506a5844f904173cc39,True,4
5582,893,021026_ML.npy,2026-10-02,2026-10-02 02:40:57.861834,7C0D65,DA42,DIAMOND AIRCRAFT INDUSTRIES INC.,DA 42,433e7d016e43a29c61cdfdc05002e2975cd1f5ee89d83e3e0655b6f92c60abf4,True,1
5583,894,021026_ML.npy,2026-10-02,2026-10-02 02:40:58.299332,7C0D65,DA42,DIAMOND AIRCRAFT INDUSTRIES INC.,DA 42,0c8c142f88533b09a41c37c6f91d32345f299a3e6a7a03d52c2ada2676465887,True,1
5584,895,021026_ML.npy,2026-10-02,2026-10-02 02:40:58.887650,7C0D65,DA42,DIAMOND AIRCRAFT INDUSTRIES INC.,DA 42,7778d8f5664a1827faba6d986bc1060c77b510e56c386e8fc4cdf461e8a08662,True,3
5585,896,021026_ML.npy,2026-10-02,2026-10-02 02:40:58.892404,7C0D65,DA42,DIAMOND AIRCRAFT INDUSTRIES INC.,DA 42,fb452d041c891453871970960c15cf08ad0b672668408e031bf6ae1b905813de,True,2
5586,897,021026_ML.npy,2026-10-02,2026-10-02 02:41:00.765210,7C0D65,DA42,DIAMOND AIRCRAFT INDUSTRIES INC.,DA 42,5b54169a1bb7857392b6b1f753c2aaefcdb3b9de504aa86e6d6cc26fb6cfcdce,True,4
5592,903,021026_ML.npy,2026-10-02,2026-10-02 02:41:08.855501,7C0D65,DA42,DIAMOND AIRCRAFT INDUSTRIES INC.,DA 42,1423a854e73fae4725f99d21f9639e857feed0f0f5f4ad59938a09ac8d94edd9,True,4
5593,904,021026_ML.npy,2026-10-02,2026-10-02 02:41:09.333320,7C0D65,DA42,DIAMOND AIRCRAFT INDUSTRIES INC.,DA 42,b161170e7f7d8efc899f7a89a7aa5958b471a0d314981ef06e2694be72187d55,True,5
5594,905,021026_ML.npy,2026-10-02,2026-10-02 02:41:11.550784,7C0D65,DA42,DIAMOND AIRCRAFT INDUSTRIES INC.,DA 42,2b6ab9c23272cb65e3d6e7a8ae1e542e3c6dcfd9e7c147909d46e17f24bd7d23,True,3
5598,909,021026_ML.npy,2026-10-02,2026-10-02 02:41:14.830707,7C0D65,DA42,DIAMOND AIRCRAFT INDUSTRIES INC.,DA 42,cf00c1b5d875cf775ded92f5453982128965f9aeb98e75f296cc61d26b156062,True,5
5599,910,021026_ML.npy,2026-10-02,2026-10-02 02:41:14.841886,7C0D65,DA42,DIAMOND AIRCRAFT INDUSTRIES INC.,DA 42,45863cb0df77a163f8785837fb6db17d7dfdcc385f87f24fe6c01907bfe9202c,True,2
5601,912,021026_ML.npy,2026-10-02,2026-10-02 02:41:15.730178,7C0D65,DA42,DIAMOND AIRCRAFT INDUSTRIES INC.,DA 42,da2df2be4de066c69abc602b6f6138ef65b9ff7014ebd4abbdae467ab7b6cb4e,True,1
5606,917,021026_ML.npy,2026-10-02,2026-10-02 02:41:18.886203,7C0D65,DA42,DIAMOND AIRCRAFT INDUSTRIES INC.,DA 42,ad9ebdf107135f286004712616d1bb651df17da8b408f7f8b4ef90549a27cfc4,True,5
5608,919,021026_ML.npy,2026-10-02,2026-10-02 02:41:19.295717,7C0D65,DA42,DIAMOND AIRCRAFT INDUSTRIES INC.,DA 42,9afde45687e365954dea5183d538ae67ab64a5988724c092f242f92af73238aa,True,5
5611,922,021026_ML.npy,2026-10-02,2026-10-02 02:41:22.382045,7C0D65,DA42,DIAMOND AIRCRAFT INDUSTRIES INC.,DA 42,433e7d016e43a29c61cdfdc05002e2975cd1f5ee89d83e3e0655b6f92c60abf4,True,5
5612,923,021026_ML.npy,2026-10-02,2026-10-02 02:41:25.778062,7C0D65,DA42,DIAMOND AIRCRAFT INDUSTRIES INC.,DA 42,93feaa8a967120661694069e03d42dad624e1581e79cdaad7675f51d55727ccf,True,2
5613,924,021026_ML.npy,2026-10-02,2026-10-02 02:41:25.783602,7C0D65,DA42,DIAMOND AIRCRAFT INDUSTRIES INC.,DA 42,da52305ad10178f62e28d41f9596f595031effd326f1a231f1f218abf99cb197,True,4
5615,926,021026_ML.npy,2026-10-02,2026-10-02 02:41:50.225737,7C444D,P28A,PIPER AIRCRAFT CORP,PA-28-181,88d1c58bb10f6e2983e00b76cf4245ca6ea5108544f4ccd811efb0a3d47bf24e,True,5
5616,927,021026_ML.npy,2026-10-02,2026-10-02 02:41:52.014862,7C444D,P28A,PIPER AIRCRAFT CORP,PA-28-181,bdbea92283397c39fbb177d0e95a1912f7416a11383c2ccf93c282201996d94c,True,4
5617,928,021026_ML.npy,2026-10-02,2026-10-02 02:41:53.754479,7C444D,P28A,PIPER AIRCRAFT CORP,PA-28-181,bb42cf95c096794feb0858108149e4d982935b4181b5f2e778ede1c01542b1b9,True,5
5618,929,021026_ML.npy,2026-10-02,2026-10-02 02:41:56.919683,7C444D,P28A,PIPER AIRCRAFT CORP,PA-28-181,bdbea92283397c39fbb177d0e95a1912f7416a11383c2ccf93c282201996d94c,True,4
5619,930,021026_ML.npy,2026-10-02,2026-10-02 02:41:58.625346,7C444D,P28A,PIPER AIRCRAFT CORP,PA-28-181,a1c885d96c68e0b75ac81ba4408ebe6f17ad564b8e584af039c629fd6a546b7f,True,4
5620,931,021026_ML.npy,2026-10-02,2026-10-02 02:41:59.240823,7C444D,P28A,PIPER AIRCRAFT CORP,PA-28-181,d8ca3e90afb3bc1d4dca52ed572384b0662a75fc6da6c43081f935eb45116e9f,True,2
5621,932,021026_ML.npy,2026-10-02,2026-10-02 02:41:59.556472,7C444D,P28A,PIPER AIRCRAFT CORP,PA-28-181,7787ad9932789e730690176b609ed0448c109a8b2bbf9cc225c119b09dd34965,True,3
5622,933,021026_ML.npy,2026-10-02,2026-10-02 02:42:00.678955,7C444D,P28A,PIPER AIRCRAFT CORP,PA-28-181,2aa317c0debfd2daa41b2f39a2988e86ca2966c5346e3c3ea6f7808848eff245,True,2
5623,934,021026_ML.npy,2026-10-02,2026-10-02 02:42:01.458680,7C444D,P28A,PIPER AIRCRAFT CORP,PA-28-181,1daa686f1741f03080174e62c03d971671a4a39b37befc3e5a5b2275e9956e04,True,3
5624,935,021026_ML.npy,2026-10-02,2026-10-02 02:42:02.942500,7C444D,P28A,PIPER AIRCRAFT CORP,PA-28-181,36e9b0bf8c889d4b3cf6d0b71ac10227c0ab7f08ab6f0ccd3a0222040bcfb589,True,3
5625,936,021026_ML.npy,2026-10-02,2026-10-02 02:42:03.206522,7C444D,P28A,PIPER AIRCRAFT CORP,PA-28-181,7402a625ab4c56761e38c27510164e4ef7f8f9c24cedb94ab221cf9853d89fb3,True,4
5626,937,021026_ML.npy,2026-10-02,2026-10-02 02:42:03.509268,7C444D,P28A,PIPER AIRCRAFT CORP,PA-28-181,36e9b0bf8c889d4b3cf6d0b71ac10227c0ab7f08ab6f0ccd3a0222040bcfb589,True,3
5627,938,021026_ML.npy,2026-10-02,2026-10-02 02:42:05.240003,7C444D,P28A,PIPER AIRCRAFT CORP,PA-28-181,fc54abf36229fd5c95d1e0070fb05ee2172a87fca2c4160241734c3b92d03282,True,5
5628,939,021026_ML.npy,2026-10-02,2026-10-02 02:42:06.235757,7C444D,P28A,PIPER AIRCRAFT CORP,PA-28-181,d8d6f1a9e107260e380bc8202d260a40e87636bdc12c4fc002c770b3e3bb1cbe,True,4
5629,940,021026_ML.npy,2026-10-02,2026-10-02 02:42:06.287153,7C444D,P28A,PIPER AIRCRAFT CORP,PA-28-181,2ca319126d5d60cf88b42af2a96ce5f1c1bdc3c07615dd74b0de2df2b80e6d39,True,4
5630,941,021026_ML.npy,2026-10-02,2026-10-02 02:42:07.657247,7C444D,P28A,PIPER AIRCRAFT CORP,PA-28-181,eab0a88acdcb86c467e4577e7cc623c3b679b9b57cf7dee24728d20a15e9243e,True,2
5631,942,021026_ML.npy,2026-10-02,2026-10-02 02:42:08.867139,7C444D,P28A,PIPER AIRCRAFT CORP,PA-28-181,3893608ada61cbab6f54d04eac6b4671c2860b1f1a27c12586db4cbea21c8059,True,4
5632,943,021026_ML.npy,2026-10-02,2026-10-02 02:42:12.099823,7C444D,P28A,PIPER AIRCRAFT CORP,PA-28-181,bdbea92283397c39fbb177d0e95a1912f7416a11383c2ccf93c282201996d94c,True,1
5633,944,021026_ML.npy,2026-10-02,2026-10-02 02:42:13.345709,7C444D,P28A,PIPER AIRCRAFT CORP,PA-28-181,1dda485d927d6a08df0e512b57c319911bd1f857609877b43f8f8c66b8fa306f,True,5
5634,945,021026_ML.npy,2026-10-02,2026-10-02 02:42:14.707653,7C444D,P28A,PIPER AIRCRAFT CORP,PA-28-181,8f4c375e5024f7a498cbcc734e00b63803a318da92c5e5b23a11475884a5b526,True,5
5635,946,021026_ML.npy,2026-10-02,2026-10-02 02:42:15.431574,7C444D,P28A,PIPER AIRCRAFT CORP,PA-28-181,8b37ab1e63002a6f48efed52bcaa3ce5da3371d35fc38ebfae7191ceb5a28ef0,True,1
5636,947,021026_ML.npy,2026-10-02,2026-10-02 02:42:16.031496,7C444D,P28A,PIPER AIRCRAFT CORP,PA-28-181,77526995677723ed529e665633c98fb22fc366eaef85e0305e9a944b35808696,True,2
5637,948,021026_ML.npy,2026-10-02,2026-10-02 02:42:17.571158,7C444D,P28A,PIPER AIRCRAFT CORP,PA-28-181,4e74f08f6debe68ab7033f40824108e5af9ac2d552332012895296e5357bd7d8,True,4
5638,949,021026_ML.npy,2026-10-02,2026-10-02 02:42:18.920875,7C444D,P28A,PIPER AIRCRAFT CORP,PA-28-181,00eaf316c3b3a333fb762af4d93ed715a8dfced3d97e8d8f5af37bd675a8b668,True,2
5639,950,021026_ML.npy,2026-10-02,2026-10-02 02:42:19.346666,7C444D,P28A,PIPER AIRCRAFT CORP,PA-28-181,d8ca3e90afb3bc1d4dca52ed572384b0662a75fc6da6c43081f935eb45116e9f,True,1
5640,951,021026_ML.npy,2026-10-02,2026-10-02 02:42:23.407821,7C444D,P28A,PIPER AIRCRAFT CORP,PA-28-181,a0a0d3d464228783ba2be9f86aedfbfa85d5f7544f7790ad8aaa20528d52a14c,True,2
5641,952,021026_ML.npy,2026-10-02,2026-10-02 02:42:24.223647,7C444D,P28A,PIPER AIRCRAFT CORP,PA-28-181,d8ca3e90afb3bc1d4dca52ed572384b0662a75fc6da6c43081f935eb45116e9f,True,4
5642,953,021026_ML.npy,2026-10-02,2026-10-02 02:42:25.945181,7C444D,P28A,PIPER AIRCRAFT CORP,PA-28-181,ea453564a581178a76f5d6fe79dad7cc909a9cddddc9c55be21f03ef7a890f99,True,3
5643,954,021026_ML.npy,2026-10-02,2026-10-02 02:42:29.014371,7C444D,P28A,PIPER AIRCRAFT CORP,PA-28-181,625beef14b01bf0eabca052eec28c7cad00292fad307f7ed9ab2d1e2437cc1af,True,3
5644,955,021026_ML.npy,2026-10-02,2026-10-02 02:42:30.484158,7C444D,P28A,PIPER AIRCRAFT CORP,PA-28-181,f1f42c2911ebe39e0ca620827d5c89bbbee559e423242f2ec21abd0e6c112d57,True,4
5645,956,021026_ML.npy,2026-10-02,2026-10-02 02:42:32.155857,7C444D,P28A,PIPER AIRCRAFT CORP,PA-28-181,d994b89c77c892302f7564310a364e16f75902d0f02bb5204503e3f5c864872c,True,1
5646,957,021026_ML.npy,2026-10-02,2026-10-02 02:42:34.231471,7C444D,P28A,PIPER AIRCRAFT CORP,PA-28-181,d8ca3e90afb3bc1d4dca52ed572384b0662a75fc6da6c43081f935eb45116e9f,True,2
5647,958,021026_ML.npy,2026-10-02,2026-10-02 02:42:36.618746,7C444D,P28A,PIPER AIRCRAFT CORP,PA-28-181,36090e6eb88469952e2710b45a4871c562b7b9a61b9cd9d3e9f0e0f290d0801c,True,4
5648,959,021026_ML.npy,2026-10-02,2026-10-02 02:42:44.897066,7C444D,P28A,PIPER AIRCRAFT CORP,PA-28-181,d296e0377d220ed45f84b48cc30403d7a8216eaad0de8118952bb77dfa930efb,True,4
5649,960,021026_ML.npy,2026-10-02,2026-10-02 02:42:46.522318,7C444D,P28A,PIPER AIRCRAFT CORP,PA-28-181,1f73125f3cd0b15d850224f175115d3de4c3f2bfad6bfc44e34af2a0c67bc25e,True,2
5650,961,021026_ML.npy,2026-10-02,2026-10-02 02:42:48.045214,7C0D65,DA42,DIAMOND AIRCRAFT INDUSTRIES INC.,DA 42,3734dd90eb3381154436a959de11c63b0721c3e0b51f4222e6148953ea10b453,True,4
5651,962,021026_ML.npy,2026-10-02,2026-10-02 02:42:48.488170,7C444D,P28A,PIPER AIRCRAFT CORP,PA-28-181,1eb930b9d760fa1cbb90e70aa091b06c0def5f9130dfd769244f178a81aa25d3,True,3
5668,979,021026_ML.npy,2026-10-02,2026-10-02 02:43:08.035147,7C0D65,DA42,DIAMOND AIRCRAFT INDUSTRIES INC.,DA 42,5ed501bfe064cca63626010aabda8f5f7fa7a8b5a38ac506a5844f904173cc39,True,2
5669,980,021026_ML.npy,2026-10-02,2026-10-02 02:43:14.495301,7C0D65,DA42,DIAMOND AIRCRAFT INDUSTRIES INC.,DA 42,6cbe5135f36b61942b47fcd55f0049194b966df7560f6a396fa7eeaa8b6ab050,True,5
5702,1013,021026_ML.npy,2026-10-02,2026-10-02 02:44:58.652315,7C79B4,DA42,DIAMOND AIRCRAFT INDUSTRIES,DA 42,1bb8a742b170eff03077cafa7be5d9ac8609296634feb88bd3a24b5080cf3cc8,True,1
5706,1017,021026_ML.npy,2026-10-02,2026-10-02 02:45:14.826105,7C79B4,DA42,DIAMOND AIRCRAFT INDUSTRIES,DA 42,06f2efe5b4a4817104b562f90ca01b8ccc0f0949584d3993a27a6df198cf6998,True,4
5707,1018,021026_ML.npy,2026-10-02,2026-10-02 02:45:16.904521,7C79B4,DA42,DIAMOND AIRCRAFT INDUSTRIES,DA 42,9215379480940f3e5a28c0a3541b2884441ae60963cb4a9439400e61ef360a85,True,3
5708,1019,021026_ML.npy,2026-10-02,2026-10-02 02:45:17.408952,7C79B4,DA42,DIAMOND AIRCRAFT INDUSTRIES,DA 42,be5c7602e4241be0df6521ea36658b93bddf3018a39620cb1d9f19769168ee25,True,5
5709,1020,021026_ML.npy,2026-10-02,2026-10-02 02:45:17.414772,7C79B4,DA42,DIAMOND AIRCRAFT INDUSTRIES,DA 42,5e0db83644a00fd20e6c1198d260ff236e8f529b6786ac835ec25b51a7215c8f,True,4
5711,1022,021026_ML.npy,2026-10-02,2026-10-02 02:45:18.433850,7C79B4,DA42,DIAMOND AIRCRAFT INDUSTRIES,DA 42,76316d9ce0c021b10e5954246027599631c4df22a0a0bc0004dacdcf4ec7b1ba,True,3
5712,1023,021026_ML.npy,2026-10-02,2026-10-02 02:45:18.702632,7C79B4,DA42,DIAMOND AIRCRAFT INDUSTRIES,DA 42,a6e9b73ef1eff324641866551c6be0252bbb314be4dd1e4237a4d917b0c30907,True,2
5713,1024,021026_ML.npy,2026-10-02,2026-10-02 02:46:12.887982,7C444D,P28A,PIPER AIRCRAFT CORP,PA-28-181,e6c6c6e3bbafca8815acc058049f8209fef2466b63c2754a68180626dc1413e8,True,5
5714,1025,021026_ML.npy,2026-10-02,2026-10-02 02:46:15.849455,7C444D,P28A,PIPER AIRCRAFT CORP,PA-28-181,6147f69f1bedf92bbdd39a3766517b7a78eecfe5d3ec9d4a425880a063da7350,True,4
5715,1026,021026_ML.npy,2026-10-02,2026-10-02 02:46:16.359097,7C444D,P28A,PIPER AIRCRAFT CORP,PA-28-181,bdcfd63ff59b8becf0d898e59370c05e3aeee739ce765cff3acf54567abd9cf3,True,5
5716,1027,021026_ML.npy,2026-10-02,2026-10-02 02:46:17.317079,7C444D,P28A,PIPER AIRCRAFT CORP,PA-28-181,d8ca3e90afb3bc1d4dca52ed572384b0662a75fc6da6c43081f935eb45116e9f,True,2
5717,1028,021026_ML.npy,2026-10-02,2026-10-02 02:46:18.868729,7C444D,P28A,PIPER AIRCRAFT CORP,PA-28-181,62f18800d02e5d6fc56f12ff7a62eb6a9dd808acff0ebc910aa0f7ad59ad1a48,True,5
5718,1029,021026_ML.npy,2026-10-02,2026-10-02 02:46:21.744085,7C444D,P28A,PIPER AIRCRAFT CORP,PA-28-181,cd216351f9c3bf9b804c824aad61a4c9b663654195bdcba7a4ccf8676e553e18,True,5
5719,1030,021026_ML.npy,2026-10-02,2026-10-02 02:46:22.293441,7C444D,P28A,PIPER AIRCRAFT CORP,PA-28-181,ea9b0206224092336f755b56e04490698309d552c70c4366d5606e30b894e6ef,True,2
5720,1031,021026_ML.npy,2026-10-02,2026-10-02 02:46:23.769481,7C444D,P28A,PIPER AIRCRAFT CORP,PA-28-181,385bbb5e7a4197fb768e8dfe81d916bb6730ccb7ecfa612b84d3ae97240bf323,True,1
5721,1032,021026_ML.npy,2026-10-02,2026-10-02 02:46:25.557079,7C444D,P28A,PIPER AIRCRAFT CORP,PA-28-181,a5205af8cd7a4e39e57fdcd900ce6691c48a44eb9c22809dd468c48fcd732d1f,True,2
5722,1033,021026_ML.npy,2026-10-02,2026-10-02 02:46:27.438570,7C444D,P28A,PIPER AIRCRAFT CORP,PA-28-181,bb8b85a4e21dbd75c78f5659b2b92b2f762f63791dc83cbceb2ec71eca786df3,True,4
5723,1034,021026_ML.npy,2026-10-02,2026-10-02 02:46:29.374131,7C444D,P28A,PIPER AIRCRAFT CORP,PA-28-181,598b6d144e016f484933e87bc4af505481b086ddbb72723bd697f47fbbc8af0e,True,3
5724,1035,021026_ML.npy,2026-10-02,2026-10-02 02:46:29.984129,7C444D,P28A,PIPER AIRCRAFT CORP,PA-28-181,d8ca3e90afb3bc1d4dca52ed572384b0662a75fc6da6c43081f935eb45116e9f,True,2
5725,1036,021026_ML.npy,2026-10-02,2026-10-02 02:46:30.050038,7C444D,P28A,PIPER AIRCRAFT CORP,PA-28-181,7a090ee60c9b44727f198b698ab0729dd3fd153fdec71611a555383a2c27b407,True,4
5726,1037,021026_ML.npy,2026-10-02,2026-10-02 02:46:30.271885,7C444D,P28A,PIPER AIRCRAFT CORP,PA-28-181,762214aac6390fc1aee221eb708bf34a4c9ca3efb0c8412477a7a64310ee16a8,True,3
5727,1038,021026_ML.npy,2026-10-02,2026-10-02 02:46:32.027890,7C444D,P28A,PIPER AIRCRAFT CORP,PA-28-181,bdbea92283397c39fbb177d0e95a1912f7416a11383c2ccf93c282201996d94c,True,5
5728,1039,021026_ML.npy,2026-10-02,2026-10-02 02:46:33.076789,7C444D,P28A,PIPER AIRCRAFT CORP,PA-28-181,8b49e00ea8411bbbca734285021fdcfc3c37a5a2a27cc2bb55139bee4345f945,True,2
5729,1040,021026_ML.npy,2026-10-02,2026-10-02 02:46:33.721166,7C0D65,DA42,DIAMOND AIRCRAFT INDUSTRIES INC.,DA 42,e6d7c5f7af82b629af5fbd24d37dc5c278def5dbc47e554ca9bafeff8fb85252,True,5
5730,1041,021026_ML.npy,2026-10-02,2026-10-02 02:46:37.994164,7C444D,P28A,PIPER AIRCRAFT CORP,PA-28-181,33df813ce91a3e936536499559b0ef0765a1fd857abb3bcb476a82919940105d,True,3
5732,1043,021026_ML.npy,2026-10-02,2026-10-02 02:46:45.209656,7C0D65,DA42,DIAMOND AIRCRAFT INDUSTRIES INC.,DA 42,4c6e7bd6adf6d177da2e7d8d681e8e74d39d317241af070f1e9be84a9b2c47cf,True,3
5733,1044,021026_ML.npy,2026-10-02,2026-10-02 02:46:46.285836,7C0D65,DA42,DIAMOND AIRCRAFT INDUSTRIES INC.,DA 42,4558d8335d4d80ffbf3595ea688da3822d4d55b24dd46b0e015c50064ab8b9f2,True,5
5734,1045,021026_ML.npy,2026-10-02,2026-10-02 02:46:47.239676,7C444D,P28A,PIPER AIRCRAFT CORP,PA-28-181,d8ca3e90afb3bc1d4dca52ed572384b0662a75fc6da6c43081f935eb45116e9f,True,1
5735,1046,021026_ML.npy,2026-10-02,2026-10-02 02:46:47.503786,7C444D,P28A,PIPER AIRCRAFT CORP,PA-28-181,d56f624d3ec24e86df279b2d96174cc0b6c28ba76bb7ea4bf15d15f5f4555d1a,True,2
5736,1047,021026_ML.npy,2026-10-02,2026-10-02 02:46:47.919882,7C444D,P28A,PIPER AIRCRAFT CORP,PA-28-181,0ed462175666c0388fb2e66dac7667176cca612971eb332e6b579139949e1a3b,True,5
5737,1048,021026_ML.npy,2026-10-02,2026-10-02 02:46:48.169458,7C0D65,DA42,DIAMOND AIRCRAFT INDUSTRIES INC.,DA 42,696d48637c42c99f555e622a4255fdbd29dd076e2c4f3e6af5fabf22f1f549b9,True,2
5738,1049,021026_ML.npy,2026-10-02,2026-10-02 02:46:48.271913,7C444D,P28A,PIPER AIRCRAFT CORP,PA-28-181,2a8dc28e6ca90b2087a1fe7d85f7147ad7a4b0aeed2af155c64593a11cc70029,True,3
5743,1054,021026_ML.npy,2026-10-02,2026-10-02 02:46:51.483749,7C0D65,DA42,DIAMOND AIRCRAFT INDUSTRIES INC.,DA 42,e421113dbee0f8d47b1c8982d4329186076d6c25a42fc1c164ed6aed8b6093f9,True,1
5744,1055,021026_ML.npy,2026-10-02,2026-10-02 02:46:51.511558,7C0D65,DA42,DIAMOND AIRCRAFT INDUSTRIES INC.,DA 42,5ed501bfe064cca63626010aabda8f5f7fa7a8b5a38ac506a5844f904173cc39,True,4
5747,1058,021026_ML.npy,2026-10-02,2026-10-02 02:46:56.217821,7C0D65,DA42,DIAMOND AIRCRAFT INDUSTRIES INC.,DA 42,a43c8c7465e792bbd250d1c61f204e4b41cb702ee71d571350d707226fb1e4b4,True,1
5749,1060,021026_ML.npy,2026-10-02,2026-10-02 02:46:56.687888,7C0D65,DA42,DIAMOND AIRCRAFT INDUSTRIES INC.,DA 42,004de200b34c5b3e52448d314962a1224fe315ba00aeb9552cb0eb6e3a0f2f8d,True,5
5750,1061,021026_ML.npy,2026-10-02,2026-10-02 02:46:56.693748,7C0D65,DA42,DIAMOND AIRCRAFT INDUSTRIES INC.,DA 42,af7005c572f9970074a15719c728a860b3f27faec6566f998ee4d70f6563614e,True,1
5751,1062,021026_ML.npy,2026-10-02,2026-10-02 02:46:57.762667,7C0D65,DA42,DIAMOND AIRCRAFT INDUSTRIES INC.,DA 42,5ed501bfe064cca63626010aabda8f5f7fa7a8b5a38ac506a5844f904173cc39,True,5
5755,1066,021026_ML.npy,2026-10-02,2026-10-02 02:47:02.269828,7C0D65,DA42,DIAMOND AIRCRAFT INDUSTRIES INC.,DA 42,ada62cac241ad89a327ef0d8032d3014d4a4a03699f61f8cd44abab05e168463,True,5
5756,1067,021026_ML.npy,2026-10-02,2026-10-02 02:47:02.273675,7C0D65,DA42,DIAMOND AIRCRAFT INDUSTRIES INC.,DA 42,62c63df629f5a4ac742891151c40066fc42b930f139bff596376d193a581e1f0,True,2
5758,1069,021026_ML.npy,2026-10-02,2026-10-02 02:47:02.836744,7C0D65,DA42,DIAMOND AIRCRAFT INDUSTRIES INC.,DA 42,a2c341fe26d2c7de0d2da9ec9d62158cde086cb2f8f677b2d6bd0028b2190b62,True,5
5759,1070,021026_ML.npy,2026-10-02,2026-10-02 02:47:03.268726,7C0D65,DA42,DIAMOND AIRCRAFT INDUSTRIES INC.,DA 42,f3df0ea32239362739967d9abbb267ed95b49e02336d4d26c25d8470b6af98fd,True,4
5760,1071,021026_ML.npy,2026-10-02,2026-10-02 02:47:03.797622,7C0D65,DA42,DIAMOND AIRCRAFT INDUSTRIES INC.,DA 42,3c6fdfcda757c134d9a401e90b77dd058a9a8161402e2bb0ede5fe2b086c02cd,True,4
5762,1073,021026_ML.npy,2026-10-02,2026-10-02 02:47:04.620229,7C444D,P28A,PIPER AIRCRAFT CORP,PA-28-181,6f338c00b539cfc844c22a84c3115ec630a23bd10d589b8f0218de207fce930c,True,5
5767,1078,021026_ML.npy,2026-10-02,2026-10-02 02:47:09.255936,7C0D65,DA42,DIAMOND AIRCRAFT INDUSTRIES INC.,DA 42,bc289dbd3d0617a2481ffb78af076d82fd5aea0f3457fa35958314a6f5a1ec2c,True,1
5768,1079,021026_ML.npy,2026-10-02,2026-10-02 02:47:09.259761,7C0D65,DA42,DIAMOND AIRCRAFT INDUSTRIES INC.,DA 42,86ea45cf1c1643444be49b6bd31ec38e72236770c0704e4a5e8cb25dd409047c,True,2
5770,1081,021026_ML.npy,2026-10-02,2026-10-02 02:47:13.306081,7C0D65,DA42,DIAMOND AIRCRAFT INDUSTRIES INC.,DA 42,1a48cd8e303342968946c430a30f795853ee244fa4719fb653098174ae8fed66,True,4
5771,1082,021026_ML.npy,2026-10-02,2026-10-02 02:47:14.339185,7C0D65,DA42,DIAMOND AIRCRAFT INDUSTRIES INC.,DA 42,fc7aa3a67059e2f5aac91744a970465c13b3712842cdd72027bfb5c70507698f,True,4
5772,1083,021026_ML.npy,2026-10-02,2026-10-02 02:47:14.344921,7C0D65,DA42,DIAMOND AIRCRAFT INDUSTRIES INC.,DA 42,defc8d8b68e41906ad13e4fb8efd1d93028932faa496c10c3ee196212eda21a2,True,3
5773,1084,021026_ML.npy,2026-10-02,2026-10-02 02:47:14.761009,7C0D65,DA42,DIAMOND AIRCRAFT INDUSTRIES INC.,DA 42,3e18182f3a39bfc4e665ddc4b0450516018f43c05d38b7bfc5444c2118c9718e,True,4
5774,1085,021026_ML.npy,2026-10-02,2026-10-02 02:47:14.768034,7C0D65,DA42,DIAMOND AIRCRAFT INDUSTRIES INC.,DA 42,c98fe08f8b7a53da81eca1e42063551b9add3be817125d7076f1787db9680e8e,True,1
5785,1096,021026_ML.npy,2026-10-02,2026-10-02 02:47:19.905599,7C0D65,DA42,DIAMOND AIRCRAFT INDUSTRIES INC.,DA 42,7ddbb3f5464349acc577f667e34ffaf0a3ca29ab43ffcf8906a671304f84afdf,True,3
5787,1098,021026_ML.npy,2026-10-02,2026-10-02 02:47:23.092163,7C0D65,DA42,DIAMOND AIRCRAFT INDUSTRIES INC.,DA 42,1939f0b50e196b49f69301c335165406c23a5609643efbdd9f430534525fba78,True,4
5792,1103,021026_ML.npy,2026-10-02,2026-10-02 02:47:26.554430,7C0D65,DA42,DIAMOND AIRCRAFT INDUSTRIES INC.,DA 42,6cbe5135f36b61942b47fcd55f0049194b966df7560f6a396fa7eeaa8b6ab050,True,3
5799,1110,021026_ML.npy,2026-10-02,2026-10-02 02:47:30.818025,7C7C3E,DA40,DIAMOND AIRCRAFT INDUSTRIES INC.,DA 40,ff4ef0e231f13cacab9b767845a79d1c15a0840b474b39fa773e6db0adfdb5c2,True,2
5800,1111,021026_ML.npy,2026-10-02,2026-10-02 02:47:31.914840,7C7C3E,DA40,DIAMOND AIRCRAFT INDUSTRIES INC.,DA 40,48040d95447abb638fa47f2f867e681d637af9db9a64d7b02b44705413e07892,True,3
5802,1113,021026_ML.npy,2026-10-02,2026-10-02 02:47:32.840178,7C0D65,DA42,DIAMOND AIRCRAFT INDUSTRIES INC.,DA 42,bbfe71b28c0553f5dec4ee63a704ea9596d59463f95f5ed9fe36374be7e34c17,True,5
5823,1134,021026_ML.npy,2026-10-02,2026-10-02 02:48:23.682023,7C7C39,DA40,DIAMOND AIRCRAFT INDUSTRIES INC.,DA 40,6a254a384b05992367f8301781cc6ba9367f0947dc98dc4eb3d7fcca88cc027b,True,3
5832,1143,021026_ML.npy,2026-10-02,2026-10-02 02:48:35.029423,7C0D65,DA42,DIAMOND AIRCRAFT INDUSTRIES INC.,DA 42,cb12624e59756122c37bbd0c8a3968ceef3aaafb30272ad1223b5b52c747d671,True,5
5833,1144,021026_ML.npy,2026-10-02,2026-10-02 02:48:36.291930,7C0D65,DA42,DIAMOND AIRCRAFT INDUSTRIES INC.,DA 42,8cb54dbb19ef654d4aca236bf15843912b7ad4191b2928d23c43f25091340ced,True,1
5835,1146,021026_ML.npy,2026-10-02,2026-10-02 02:48:36.685995,7C0D65,DA42,DIAMOND AIRCRAFT INDUSTRIES INC.,DA 42,04b686c1dec303818333a823dea86669591a2b34efd8efd724eb57585ffe13ec,True,1
5836,1147,021026_ML.npy,2026-10-02,2026-10-02 02:48:36.835215,7C0D65,DA42,DIAMOND AIRCRAFT INDUSTRIES INC.,DA 42,6cbe5135f36b61942b47fcd55f0049194b966df7560f6a396fa7eeaa8b6ab050,True,1
5841,1152,021026_ML.npy,2026-10-02,2026-10-02 02:48:54.233935,7C0D65,DA42,DIAMOND AIRCRAFT INDUSTRIES INC.,DA 42,5ed501bfe064cca63626010aabda8f5f7fa7a8b5a38ac506a5844f904173cc39,True,2
5842,1153,021026_ML.npy,2026-10-02,2026-10-02 02:51:37.520267,7C444D,P28A,PIPER AIRCRAFT CORP,PA-28-181,d8ca3e90afb3bc1d4dca52ed572384b0662a75fc6da6c43081f935eb45116e9f,True,2
5843,1154,021026_ML.npy,2026-10-02,2026-10-02 02:51:40.127876,7C444D,P28A,PIPER AIRCRAFT CORP,PA-28-181,561cccc835c24e54bb0338b70f39dab9032f14374ed8a0fb09c7e422109ea995,True,3
5844,1155,021026_ML.npy,2026-10-02,2026-10-02 02:51:40.707767,7C444D,P28A,PIPER AIRCRAFT CORP,PA-28-181,5117a201bb2f7a62e75598fd94a35a503953616e687f79248e8b30410b3b899f,True,1
5845,1156,021026_ML.npy,2026-10-02,2026-10-02 02:51:45.872718,7C444D,P28A,PIPER AIRCRAFT CORP,PA-28-181,41a76fa2aac63fa4e515a439805f90eb27872ec3979b9cf0b157791b18be6944,True,3
5846,1157,021026_ML.npy,2026-10-02,2026-10-02 02:51:46.866480,7C444D,P28A,PIPER AIRCRAFT CORP,PA-28-181,bdbea92283397c39fbb177d0e95a1912f7416a11383c2ccf93c282201996d94c,True,2
5847,1158,021026_ML.npy,2026-10-02,2026-10-02 02:51:52.840671,7C444D,P28A,PIPER AIRCRAFT CORP,PA-28-181,d8d379d6afee0e7b7f9df1d3fff23a45efdff784d147d78109085ac50008e795,True,1
5848,1159,021026_ML.npy,2026-10-02,2026-10-02 02:51:53.229023,7C444D,P28A,PIPER AIRCRAFT CORP,PA-28-181,d567d9014ca6e8e3d653788d445c396c132520a0a49384258a38d46e55f03dde,True,5
5849,1160,021026_ML.npy,2026-10-02,2026-10-02 02:51:54.238407,7C444D,P28A,PIPER AIRCRAFT CORP,PA-28-181,14a91154113682d4b01f2904b32a9cb561e677924e7a6408971e518d62a39734,True,3
5850,1161,021026_ML.npy,2026-10-02,2026-10-02 02:51:55.186532,7C444D,P28A,PIPER AIRCRAFT CORP,PA-28-181,93ba461ed07b80d646e9bf61e19afd0f88db590c28327323cd3f2f8d0012fa30,True,3
5851,1162,021026_ML.npy,2026-10-02,2026-10-02 02:51:55.636332,7C444D,P28A,PIPER AIRCRAFT CORP,PA-28-181,7f1482b0c7f0f93fe28c5ee5f7d5e4b9cd3059183b2d60e7a4c684c8304c9c0d,True,5
5852,1163,021026_ML.npy,2026-10-02,2026-10-02 02:51:58.583704,7C444D,P28A,PIPER AIRCRAFT CORP,PA-28-181,0ea042911520ab0fbf4b89edfb2d050cb1c592927012139caaa57078f6dfb6d1,True,2
5853,1164,021026_ML.npy,2026-10-02,2026-10-02 02:51:59.217777,7C444D,P28A,PIPER AIRCRAFT CORP,PA-28-181,b104bcd995461fdded612e262355f7f8bf96cc331deeb69ce8ba65600d7a4b0b,True,5
5854,1165,021026_ML.npy,2026-10-02,2026-10-02 02:51:59.693722,7C444D,P28A,PIPER AIRCRAFT CORP,PA-28-181,82c6b34089e57a7542c890a7c3ef517f29d229e3eecde3529df5c209793e3059,True,4
5855,1166,021026_ML.npy,2026-10-02,2026-10-02 02:52:00.243379,7C444D,P28A,PIPER AIRCRAFT CORP,PA-28-181,f6a3a207964bb25538234ac28dc5ab278cff211b37c536d8a8761b56541c1359,True,2
5856,1167,021026_ML.npy,2026-10-02,2026-10-02 02:52:01.155112,7C444D,P28A,PIPER AIRCRAFT CORP,PA-28-181,03c1625e974c5cb8df2290ff381b0dc913f68d27941d0d2315c8da6ab6df4c64,True,2
5857,1168,021026_ML.npy,2026-10-02,2026-10-02 02:52:02.752746,7C444D,P28A,PIPER AIRCRAFT CORP,PA-28-181,6b4e4d6fc0de86f77fc83c0ed936026c48084d08e7b0e556b59d0fd55ac5ee06,True,1
5858,1169,021026_ML.npy,2026-10-02,2026-10-02 02:52:04.360357,7C444D,P28A,PIPER AIRCRAFT CORP,PA-28-181,f21da5ef811192cc81eb9364b0dca4420ccc8b546e59827296cc3cf5957ae28d,True,4
5859,1170,021026_ML.npy,2026-10-02,2026-10-02 02:52:17.365647,7C444D,P28A,PIPER AIRCRAFT CORP,PA-28-181,d8ca3e90afb3bc1d4dca52ed572384b0662a75fc6da6c43081f935eb45116e9f,True,5
5860,1171,021026_ML.npy,2026-10-02,2026-10-02 02:52:20.216589,7C444D,P28A,PIPER AIRCRAFT CORP,PA-28-181,1fcc8368f0364ba6b85ecdd914a68190c8b0f1c9454f5814c56fa7062afbb0fb,True,3
5864,1175,021026_ML.npy,2026-10-02,2026-10-02 02:52:25.523372,7C0D65,DA42,DIAMOND AIRCRAFT INDUSTRIES INC.,DA 42,433e7d016e43a29c61cdfdc05002e2975cd1f5ee89d83e3e0655b6f92c60abf4,True,4
5865,1176,021026_ML.npy,2026-10-02,2026-10-02 02:52:25.791227,7C444D,P28A,PIPER AIRCRAFT CORP,PA-28-181,0a712d93c3b436632b6313eca8379ae14858b33e3b9968582f2fdcbbff01ea49,True,5
5872,1183,021026_ML.npy,2026-10-02,2026-10-02 02:52:28.588770,7C0D65,DA42,DIAMOND AIRCRAFT INDUSTRIES INC.,DA 42,5ed501bfe064cca63626010aabda8f5f7fa7a8b5a38ac506a5844f904173cc39,True,4
5875,1186,021026_ML.npy,2026-10-02,2026-10-02 02:52:30.717759,7C0D65,DA42,DIAMOND AIRCRAFT INDUSTRIES INC.,DA 42,433e7d016e43a29c61cdfdc05002e2975cd1f5ee89d83e3e0655b6f92c60abf4,True,2
5876,1187,021026_ML.npy,2026-10-02,2026-10-02 02:52:31.057053,7C0D65,DA42,DIAMOND AIRCRAFT INDUSTRIES INC.,DA 42,5ed501bfe064cca63626010aabda8f5f7fa7a8b5a38ac506a5844f904173cc39,True,5
5879,1190,021026_ML.npy,2026-10-02,2026-10-02 02:52:33.500610,7C0D65,DA42,DIAMOND AIRCRAFT INDUSTRIES INC.,DA 42,5ed501bfe064cca63626010aabda8f5f7fa7a8b5a38ac506a5844f904173cc39,True,1
5883,1194,021026_ML.npy,2026-10-02,2026-10-02 02:52:37.666429,7C0D65,DA42,DIAMOND AIRCRAFT INDUSTRIES INC.,DA 42,23daa6e4a20b814a104b2cb33028426bbaad7a8d91769a2d76fe321ce5be813c,True,2
5884,1195,021026_ML.npy,2026-10-02,2026-10-02 02:52:37.740614,7C7C3E,DA40,DIAMOND AIRCRAFT INDUSTRIES INC.,DA 40,220ba292e7d3bc84b9c87d582bb047d4b5ff2535c96cbdc1b1c2de77648f36f1,True,3
5886,1197,021026_ML.npy,2026-10-02,2026-10-02 02:52:40.186889,7C0D65,DA42,DIAMOND AIRCRAFT INDUSTRIES INC.,DA 42,3a612655a24a3c5462c95e054d0de7afa4fb3ad88b05f269d26d3feb08cbbf21,True,5
5890,1201,021026_ML.npy,2026-10-02,2026-10-02 02:52:42.799651,7C0D65,DA42,DIAMOND AIRCRAFT INDUSTRIES INC.,DA 42,c3cd7dd98ef75103be850a8c08a644e6590b24c9e8a97a17e3a8bfe5d7f5235a,True,5
5891,1202,021026_ML.npy,2026-10-02,2026-10-02 02:52:42.809747,7C0D65,DA42,DIAMOND AIRCRAFT INDUSTRIES INC.,DA 42,fe4d38dd83db6b3c50079eedb0cdd8235dbe31cf0e03a6d5986dce974b70f3aa,True,1
5897,1208,021026_ML.npy,2026-10-02,2026-10-02 02:52:48.313173,7C0D65,DA42,DIAMOND AIRCRAFT INDUSTRIES INC.,DA 42,35e7ed565411a6614de5d2c8533b06ea5295c5453ee3170b5b588ab57bcf1caf,True,1
5900,1211,021026_ML.npy,2026-10-02,2026-10-02 02:52:48.749189,7C0D65,DA42,DIAMOND AIRCRAFT INDUSTRIES INC.,DA 42,960477e3e1d5bc08588d8980fbd70eb8f271515dc3bfc2e33c885cb2ceaace6c,True,2
5902,1213,021026_ML.npy,2026-10-02,2026-10-02 02:52:49.040909,7C7C3E,DA40,DIAMOND AIRCRAFT INDUSTRIES INC.,DA 40,fd5ffa54de39391fa0d51f17e0d5fe079a1c94624a7fb3b53c51734ee5cff65b,True,1
5903,1214,021026_ML.npy,2026-10-02,2026-10-02 02:52:50.066006,7C7C3E,DA40,DIAMOND AIRCRAFT INDUSTRIES INC.,DA 40,f682ccc554c02c42dcefdf115657766f87e55c728b94f04a151be56f81dc083d,True,1
5905,1216,021026_ML.npy,2026-10-02,2026-10-02 02:52:51.490304,7C0D65,DA42,DIAMOND AIRCRAFT INDUSTRIES INC.,DA 42,04b686c1dec303818333a823dea86669591a2b34efd8efd724eb57585ffe13ec,True,3
5914,1225,021026_ML.npy,2026-10-02,2026-10-02 02:53:00.465069,7C0D65,DA42,DIAMOND AIRCRAFT INDUSTRIES INC.,DA 42,433e7d016e43a29c61cdfdc05002e2975cd1f5ee89d83e3e0655b6f92c60abf4,True,4
5918,1229,021026_ML.npy,2026-10-02,2026-10-02 02:53:04.551303,7C0D65,DA42,DIAMOND AIRCRAFT INDUSTRIES INC.,DA 42,5ed501bfe064cca63626010aabda8f5f7fa7a8b5a38ac506a5844f904173cc39,True,2
5919,1230,021026_ML.npy,2026-10-02,2026-10-02 02:53:05.200087,7C0D65,DA42,DIAMOND AIRCRAFT INDUSTRIES INC.,DA 42,258cd9f0ac9125087393aa1fbd7d6fba7f59afb652e99d7b0466db3a29084391,True,4
5920,1231,021026_ML.npy,2026-10-02,2026-10-02 02:53:17.091412,7C0D65,DA42,DIAMOND AIRCRAFT INDUSTRIES INC.,DA 42,5ed501bfe064cca63626010aabda8f5f7fa7a8b5a38ac506a5844f904173cc39,True,2
5926,1237,021026_ML.npy,2026-10-02,2026-10-02 02:53:54.077560,7C7B5E,DA40,DIAMOND AIRCRAFT INDUSTRIES INC.,DA 40,6d6f0e5e15cad44196ebeff321c608b0e090bf9e837caf405e2058558eaf19b3,True,2
5927,1238,021026_ML.npy,2026-10-02,2026-10-02 02:53:54.771284,7C7B5E,DA40,DIAMOND AIRCRAFT INDUSTRIES INC.,DA 40,ed415aa4dbf99143827b5da7a5ea016b4d073dbd7d03a129ac543e9cb2874e81,True,5
5934,1245,021026_ML.npy,2026-10-02,2026-10-02 02:53:59.930313,7C7B5E,DA40,DIAMOND AIRCRAFT INDUSTRIES INC.,DA 40,33348cff6b9bfce1e14dffc6807a05904b71e2891275315698d8b0e271cecbbb,True,1
5942,1253,021026_ML.npy,2026-10-02,2026-10-02 02:54:13.207455,7C7B5E,DA40,DIAMOND AIRCRAFT INDUSTRIES INC.,DA 40,2a0ef43b0b40ef03c023ea0ae139155972ee1bcd9fcfb158f929efc76fbfab5a,True,2
5947,1258,021026_ML.npy,2026-10-02,2026-10-02 02:54:23.224424,7C7B5E,DA40,DIAMOND AIRCRAFT INDUSTRIES INC.,DA 40,9ef9ecb7e9b3459911170c813486f7b73e05cfee029d58fa79a946122cbecb98,True,4
5952,1263,021026_ML.npy,2026-10-02,2026-10-02 02:54:27.441472,7C0D65,DA42,DIAMOND AIRCRAFT INDUSTRIES INC.,DA 42,6cbe5135f36b61942b47fcd55f0049194b966df7560f6a396fa7eeaa8b6ab050,True,4
5960,1271,021026_ML.npy,2026-10-02,2026-10-02 02:54:36.037135,7C7B5E,DA40,DIAMOND AIRCRAFT INDUSTRIES INC.,DA 40,b4c6d83fdd36baf331588f8b63af104f40cfdf8ff119281681f1e811e52b2bcb,True,2
5977,1288,021026_ML.npy,2026-10-02,2026-10-02 02:56:39.895704,7C444D,P28A,PIPER AIRCRAFT CORP,PA-28-181,5e59d292dc81e43d3a332dd7459ce2e9e86c8266c14d77225e4f5f2b4a57d9ec,True,1
5978,1289,021026_ML.npy,2026-10-02,2026-10-02 02:56:42.463646,7C444D,P28A,PIPER AIRCRAFT CORP,PA-28-181,d2487705fd09ae99ec408e49ef581a8af31628752e14d80d18fe0d7f07fab291,True,5
5979,1290,021026_ML.npy,2026-10-02,2026-10-02 02:56:43.967090,7C444D,P28A,PIPER AIRCRAFT CORP,PA-28-181,4a4beb410acf8881f3e6f5f951864e9382bb5f46242b5f8d72a169f32a865fc3,True,4
5980,1291,021026_ML.npy,2026-10-02,2026-10-02 02:56:46.792966,7C444D,P28A,PIPER AIRCRAFT CORP,PA-28-181,bdbea92283397c39fbb177d0e95a1912f7416a11383c2ccf93c282201996d94c,True,4
5981,1292,021026_ML.npy,2026-10-02,2026-10-02 02:56:50.177895,7C444D,P28A,PIPER AIRCRAFT CORP,PA-28-181,503b7eb194548f15cdecaf3508bc98bc4008c41c7c46369b6906698880b09512,True,2
5982,1293,021026_ML.npy,2026-10-02,2026-10-02 02:56:51.301854,7C444D,P28A,PIPER AIRCRAFT CORP,PA-28-181,4435b1f92ed5ca9b20e361b7290d1878845956356acbfbe762f69a078dd82846,True,1
5983,1294,021026_ML.npy,2026-10-02,2026-10-02 02:56:52.214894,7C444D,P28A,PIPER AIRCRAFT CORP,PA-28-181,a84fc5089b53a9a8978c2712f70b95af2ce4c2e8da2633b8a54c770a426674bb,True,1
5984,1295,021026_ML.npy,2026-10-02,2026-10-02 02:56:52.335007,7C444D,P28A,PIPER AIRCRAFT CORP,PA-28-181,0de994263b800d338793039a2a46da096b766841d61568ead422448ea88c675f,True,2
5985,1296,021026_ML.npy,2026-10-02,2026-10-02 02:56:54.832681,7C444D,P28A,PIPER AIRCRAFT CORP,PA-28-181,93cf676c1185c88092b23bb6fe5aeb0f6af52e53b42935caaeb2431f9e886296,True,1
5986,1297,021026_ML.npy,2026-10-02,2026-10-02 02:56:56.486254,7C444D,P28A,PIPER AIRCRAFT CORP,PA-28-181,282db257e37a4443fb35a2359df51afcc949dbece41605e302eb1bec47a91874,True,1
5987,1298,021026_ML.npy,2026-10-02,2026-10-02 02:56:57.869949,7C444D,P28A,PIPER AIRCRAFT CORP,PA-28-181,f9847eb71a6233c649b9a60e81a544930c743d4f8db610b76d2282760d601e13,True,3
5988,1299,021026_ML.npy,2026-10-02,2026-10-02 02:57:02.613020,7C444D,P28A,PIPER AIRCRAFT CORP,PA-28-181,98b781a0a88c28b6d41300e939647e15ba590248923ff5f6a9ef5ba859b46675,True,1
5989,1300,021026_ML.npy,2026-10-02,2026-10-02 02:57:04.060675,7C444D,P28A,PIPER AIRCRAFT CORP,PA-28-181,d9055cffb8e31a756ddc4a0812539eb78e2fc59049dfa96128621d3023aa056b,True,4
5990,1301,021026_ML.npy,2026-10-02,2026-10-02 02:57:05.214407,7C444D,P28A,PIPER AIRCRAFT CORP,PA-28-181,5672573a8268ead28a91a96ce021d31f2a678aaccce34fe96f8deb586cae2c2f,True,5
5991,1302,021026_ML.npy,2026-10-02,2026-10-02 02:57:05.268393,7C444D,P28A,PIPER AIRCRAFT CORP,PA-28-181,af4b9f07702ffc68b8aa079220bdc4451505da7c8879240e472a5bbfa69693c0,True,3
5992,1303,021026_ML.npy,2026-10-02,2026-10-02 02:57:06.660146,7C444D,P28A,PIPER AIRCRAFT CORP,PA-28-181,d2d6d4536427de79935f13c5bab22ec89db90c5659ba60b71df0e089f33b93d9,True,1
5993,1304,021026_ML.npy,2026-10-02,2026-10-02 02:57:07.789765,7C444D,P28A,PIPER AIRCRAFT CORP,PA-28-181,05634a95554b9df6a573930bd7772c1e183fdc85a3d2932a17167e6f90d0f79f,True,3
5994,1305,021026_ML.npy,2026-10-02,2026-10-02 02:57:08.413570,7C444D,P28A,PIPER AIRCRAFT CORP,PA-28-181,52662306b5a58d27e7b1c7de1e1bac3579c7accc7fb1298d277c2cb849e28162,True,4
5996,1307,021026_ML.npy,2026-10-02,2026-10-02 02:57:11.916812,7C444D,P28A,PIPER AIRCRAFT CORP,PA-28-181,bdbea92283397c39fbb177d0e95a1912f7416a11383c2ccf93c282201996d94c,True,4
5997,1308,021026_ML.npy,2026-10-02,2026-10-02 02:57:12.544733,7C444D,P28A,PIPER AIRCRAFT CORP,PA-28-181,3e49c64a7c4250a2ec6ed4c9a6d96e03ab34aa82ff02604909b016e44342c8df,True,1
5998,1309,021026_ML.npy,2026-10-02,2026-10-02 02:57:16.671388,7C444D,P28A,PIPER AIRCRAFT CORP,PA-28-181,a5502db1e6a24bcc61661540cb95a3be7e85f154bdc2cd1b7b3fb85a0891983a,True,1
5999,1310,021026_ML.npy,2026-10-02,2026-10-02 02:57:30.685002,7C444D,P28A,PIPER AIRCRAFT CORP,PA-28-181,3261a33847e208d0e41ed938b6932c53a9675649f85bee247af7ce0bc6c8aef4,True,5
6000,1311,021026_ML.npy,2026-10-02,2026-10-02 02:57:33.006093,7C444D,P28A,PIPER AIRCRAFT CORP,PA-28-181,02d93eb4f31b761941d2546fd934c08590f1c079e503d6670d2d76423728de29,True,2
6001,1312,021026_ML.npy,2026-10-02,2026-10-02 02:57:38.095150,7C444D,P28A,PIPER AIRCRAFT CORP,PA-28-181,894721342b8de3d42d0ae97f78955ac93e60fd5c4d43225ad4b01a84843d5a42,True,3
6002,1313,021026_ML.npy,2026-10-02,2026-10-02 02:57:40.542453,7C444D,P28A,PIPER AIRCRAFT CORP,PA-28-181,03da67a5e31e81de14d13c45fff6c9d2b987bb040778a36a99efbd57ddd2400d,True,2
6003,1314,021026_ML.npy,2026-10-02,2026-10-02 02:57:41.130198,7C444D,P28A,PIPER AIRCRAFT CORP,PA-28-181,033d014e9557f4cfb4b505cfe4858c663a6a9a80409c25fa84314175dcce83d5,True,3
6004,1315,021026_ML.npy,2026-10-02,2026-10-02 02:57:41.536295,7C444D,P28A,PIPER AIRCRAFT CORP,PA-28-181,ef08308c73ad7914f884eadddf7b9b572c4da0b221d9cc555abddd31bde31a4d,True,5
6005,1316,021026_ML.npy,2026-10-02,2026-10-02 02:57:42.559672,7C444D,P28A,PIPER AIRCRAFT CORP,PA-28-181,ea6fdf8ed22ff9f78f309fc6f55be84d5466fa6b0822e0ac88c9f5a540896baf,True,4
6006,1317,021026_ML.npy,2026-10-02,2026-10-02 02:57:43.155445,7C444D,P28A,PIPER AIRCRAFT CORP,PA-28-181,d1772e4c700613e310744e6b15e47ed2ce00a5831c2dadc135ac3a6ac7254db1,True,5
6011,1322,021026_ML.npy,2026-10-02,2026-10-02 02:57:56.983919,7C7C3E,DA40,DIAMOND AIRCRAFT INDUSTRIES INC.,DA 40,00a8bef24ca5bd72116a6af4488c07a2eae4373809b2de1eddc736579d1985c6,True,3
6012,1323,021026_ML.npy,2026-10-02,2026-10-02 02:58:02.185347,7C7C3E,DA40,DIAMOND AIRCRAFT INDUSTRIES INC.,DA 40,4494541fb76bd4b47c7842a49867404ab55926466e985cc70d4d2600062de51e,True,4
6021,1332,021026_ML.npy,2026-10-02,2026-10-02 02:58:20.075885,7C0D65,DA42,DIAMOND AIRCRAFT INDUSTRIES INC.,DA 42,f5d4aa1a2f723cad3132a615b6e0620256a54ce0aed88cec7226ef7c8502071e,True,5
6022,1333,021026_ML.npy,2026-10-02,2026-10-02 02:58:20.150186,7C0D65,DA42,DIAMOND AIRCRAFT INDUSTRIES INC.,DA 42,04b686c1dec303818333a823dea86669591a2b34efd8efd724eb57585ffe13ec,True,5
6023,1334,021026_ML.npy,2026-10-02,2026-10-02 02:58:21.513217,7C0D65,DA42,DIAMOND AIRCRAFT INDUSTRIES INC.,DA 42,0e49d4b0a8f0832864501885112915a5b160ab25857737343550ac7a01b2d097,True,4
6025,1336,021026_ML.npy,2026-10-02,2026-10-02 02:58:24.588530,7C0D65,DA42,DIAMOND AIRCRAFT INDUSTRIES INC.,DA 42,30ef4345889cefc782026c86dac78234806d4dee15cf543c905d32810179dd74,True,3
6026,1337,021026_ML.npy,2026-10-02,2026-10-02 02:58:24.592133,7C0D65,DA42,DIAMOND AIRCRAFT INDUSTRIES INC.,DA 42,9113c28f66ad9ca88035b756493f897ef53cad2d4bef3e14da0aa3f6add5057c,True,4
6029,1340,021026_ML.npy,2026-10-02,2026-10-02 02:58:29.037626,7C444D,P28A,PIPER AIRCRAFT CORP,PA-28-181,bb962e8a57592478e09d24369de59c39f51bc6cfc7ecafd0efa71a405e18fe21,True,1
6031,1342,021026_ML.npy,2026-10-02,2026-10-02 02:58:29.251387,7C0D65,DA42,DIAMOND AIRCRAFT INDUSTRIES INC.,DA 42,512ef4a3312adfb17b0fb4dd860c60575a33b938b4c94427835cbd84750192c0,True,3
6033,1344,021026_ML.npy,2026-10-02,2026-10-02 02:58:30.178159,7C0D65,DA42,DIAMOND AIRCRAFT INDUSTRIES INC.,DA 42,04b686c1dec303818333a823dea86669591a2b34efd8efd724eb57585ffe13ec,True,5
6034,1345,021026_ML.npy,2026-10-02,2026-10-02 02:58:31.123856,7C0D65,DA42,DIAMOND AIRCRAFT INDUSTRIES INC.,DA 42,5ed501bfe064cca63626010aabda8f5f7fa7a8b5a38ac506a5844f904173cc39,True,3
6037,1348,021026_ML.npy,2026-10-02,2026-10-02 02:58:34.451850,7C0D65,DA42,DIAMOND AIRCRAFT INDUSTRIES INC.,DA 42,987300ef864c7bdbf6b7a266344fe88a693c4045bdcbd37b11b2a8405d90e1c8,True,3
6041,1352,021026_ML.npy,2026-10-02,2026-10-02 02:58:36.620704,7C0D65,DA42,DIAMOND AIRCRAFT INDUSTRIES INC.,DA 42,6cbe5135f36b61942b47fcd55f0049194b966df7560f6a396fa7eeaa8b6ab050,True,3
6042,1353,021026_ML.npy,2026-10-02,2026-10-02 02:58:39.084186,7C0D65,DA42,DIAMOND AIRCRAFT INDUSTRIES INC.,DA 42,6cbe5135f36b61942b47fcd55f0049194b966df7560f6a396fa7eeaa8b6ab050,True,2
6047,1358,021026_ML.npy,2026-10-02,2026-10-02 02:58:43.856081,7C0D65,DA42,DIAMOND AIRCRAFT INDUSTRIES INC.,DA 42,29dd385a04fe0bfaa14f5a4f73350e5a82ce28b7cd2b722da75bd2578d7c1f97,True,3
6048,1359,021026_ML.npy,2026-10-02,2026-10-02 02:58:43.859665,7C0D65,DA42,DIAMOND AIRCRAFT INDUSTRIES INC.,DA 42,a8b86947b8bb8e6d357e0e48c5777130e38439fa47f611f3807511c94de926df,True,5
6049,1360,021026_ML.npy,2026-10-02,2026-10-02 02:58:44.827395,7C0D65,DA42,DIAMOND AIRCRAFT INDUSTRIES INC.,DA 42,5ed501bfe064cca63626010aabda8f5f7fa7a8b5a38ac506a5844f904173cc39,True,4
6051,1362,021026_ML.npy,2026-10-02,2026-10-02 02:58:46.410078,7C0D65,DA42,DIAMOND AIRCRAFT INDUSTRIES INC.,DA 42,433e7d016e43a29c61cdfdc05002e2975cd1f5ee89d83e3e0655b6f92c60abf4,True,4
6052,1363,021026_ML.npy,2026-10-02,2026-10-02 02:58:46.479197,7C0D65,DA42,DIAMOND AIRCRAFT INDUSTRIES INC.,DA 42,d2ee2eb2d795e6752fa513c4851010176c247f6dd5d8101c4bd912d12c059f17,True,1
6053,1364,021026_ML.npy,2026-10-02,2026-10-02 02:58:47.247922,7C0D65,DA42,DIAMOND AIRCRAFT INDUSTRIES INC.,DA 42,5ed501bfe064cca63626010aabda8f5f7fa7a8b5a38ac506a5844f904173cc39,True,2
6054,1365,021026_ML.npy,2026-10-02,2026-10-02 02:58:48.900380,7C0D65,DA42,DIAMOND AIRCRAFT INDUSTRIES INC.,DA 42,6cbe5135f36b61942b47fcd55f0049194b966df7560f6a396fa7eeaa8b6ab050,True,2
6056,1367,021026_ML.npy,2026-10-02,2026-10-02 02:58:51.416945,7C0D65,DA42,DIAMOND AIRCRAFT INDUSTRIES INC.,DA 42,433e7d016e43a29c61cdfdc05002e2975cd1f5ee89d83e3e0655b6f92c60abf4,True,2
6057,1368,021026_ML.npy,2026-10-02,2026-10-02 02:58:52.791570,7C0D65,DA42,DIAMOND AIRCRAFT INDUSTRIES INC.,DA 42,cbb02be5490101f16a75fd73316420495e165261ed24215f5e6dd617f210117b,True,4
6060,1371,021026_ML.npy,2026-10-02,2026-10-02 02:58:53.929047,7C0D65,DA42,DIAMOND AIRCRAFT INDUSTRIES INC.,DA 42,deb07ddf2f9609d20ba787e8c92b09cc1ef4dc93bc51dfee34d4d427dbb78bfb,True,2
6061,1372,021026_ML.npy,2026-10-02,2026-10-02 02:58:54.373605,7C0D65,DA42,DIAMOND AIRCRAFT INDUSTRIES INC.,DA 42,78f4d4b0f8398707331a23d01859edc8258693522200387d40627461cff85299,True,4
6062,1373,021026_ML.npy,2026-10-02,2026-10-02 02:58:55.791189,7C0D65,DA42,DIAMOND AIRCRAFT INDUSTRIES INC.,DA 42,690d28078f45dbba45cf3102f9eb2dea9ccf457da4926ef7111e0db87632787b,True,2
6064,1375,021026_ML.npy,2026-10-02,2026-10-02 02:58:56.519117,7C0D65,DA42,DIAMOND AIRCRAFT INDUSTRIES INC.,DA 42,433e7d016e43a29c61cdfdc05002e2975cd1f5ee89d83e3e0655b6f92c60abf4,True,1
6068,1379,021026_ML.npy,2026-10-02,2026-10-02 02:59:02.191026,7C0D65,DA42,DIAMOND AIRCRAFT INDUSTRIES INC.,DA 42,fd647c2b114a5eb960b5943cfa44e2aa265a2cbaeac176a54e03c54bd454367a,True,5
6069,1380,021026_ML.npy,2026-10-02,2026-10-02 02:59:02.194963,7C0D65,DA42,DIAMOND AIRCRAFT INDUSTRIES INC.,DA 42,1564e5dc082ad6ad53b1e6632048fee1711b3a32b901765d8d307f633252b514,True,1
6074,1385,021026_ML.npy,2026-10-02,2026-10-02 02:59:41.625373,7C0D65,DA42,DIAMOND AIRCRAFT INDUSTRIES INC.,DA 42,6cbe5135f36b61942b47fcd55f0049194b966df7560f6a396fa7eeaa8b6ab050,True,4
6078,1389,021026_ML.npy,2026-10-02,2026-10-02 02:59:44.110799,7C0D65,DA42,DIAMOND AIRCRAFT INDUSTRIES INC.,DA 42,6cbe5135f36b61942b47fcd55f0049194b966df7560f6a396fa7eeaa8b6ab050,True,1
6086,1397,021026_ML.npy,2026-10-02,2026-10-02 02:59:50.060951,7C41FD,DA40,DIAMOND AIRCRAFT INDUSTRIES INC.,DA 40,deb73d9c45e4df0d50635c8fbfe633d8bae7aeb0b96e0167111b06a07c3efbed,True,2
6097,1408,021026_ML.npy,2026-10-02,2026-10-02 02:59:59.109542,7C0D65,DA42,DIAMOND AIRCRAFT INDUSTRIES INC.,DA 42,b00f994932bc99c47c4b75a2c7866a532fd9ee85f754ee88d3fa86cac3626eff,True,1
6098,1409,021026_ML.npy,2026-10-02,2026-10-02 02:59:59.483055,7C0D65,DA42,DIAMOND AIRCRAFT INDUSTRIES INC.,DA 42,5ed501bfe064cca63626010aabda8f5f7fa7a8b5a38ac506a5844f904173cc39,True,2
6114,1425,021026_ML.npy,2026-10-02,2026-10-02 03:03:18.532379,7C0D65,DA42,DIAMOND AIRCRAFT INDUSTRIES INC.,DA 42,fb618f7b78c3ecdf24924b63a2e90b35d9d60caed516835960b2e6ac53a54f71,True,5
6115,1426,021026_ML.npy,2026-10-02,2026-10-02 03:03:23.292510,7C0D65,DA42,DIAMOND AIRCRAFT INDUSTRIES INC.,DA 42,21fb49efd5940785166905047788dbc6bc380d6edbca6bd4be7c9d5fd5c28f8c,True,2
6117,1428,021026_ML.npy,2026-10-02,2026-10-02 03:03:26.203379,7C7C3E,DA40,DIAMOND AIRCRAFT INDUSTRIES INC.,DA 40,25a37c601609d3d4442d7a4eb15066436e1986fed734f68586cd703d8248af8b,True,5
6118,1429,021026_ML.npy,2026-10-02,2026-10-02 03:03:26.573442,7C0D65,DA42,DIAMOND AIRCRAFT INDUSTRIES INC.,DA 42,406c4574f1fc2ddeaf01ae7ce102efa6d86ecdb5c71eea77d47386170f3b5164,True,2
6121,1432,021026_ML.npy,2026-10-02,2026-10-02 03:03:30.128929,7C0D65,DA42,DIAMOND AIRCRAFT INDUSTRIES INC.,DA 42,2365d14351987d95106d0eab05300940a145c5dbb6d2fcb9e6f0111102e8b26f,True,3
6126,1437,021026_ML.npy,2026-10-02,2026-10-02 03:03:35.753838,7C0D65,DA42,DIAMOND AIRCRAFT INDUSTRIES INC.,DA 42,52675d3dadea662a12b842ac4ba961cc301878f6f2a43ec76a079ad7f9f2af5b,True,4
6128,1439,021026_ML.npy,2026-10-02,2026-10-02 03:03:36.587803,7C0D65,DA42,DIAMOND AIRCRAFT INDUSTRIES INC.,DA 42,433e7d016e43a29c61cdfdc05002e2975cd1f5ee89d83e3e0655b6f92c60abf4,True,1
6134,1445,021026_ML.npy,2026-10-02,2026-10-02 03:03:41.686348,7C0D65,DA42,DIAMOND AIRCRAFT INDUSTRIES INC.,DA 42,e49ae88d1195b62c0bca585da2f1131be5f1d0e19d4f4b4326ebcc6b8d0178dc,True,4
6135,1446,021026_ML.npy,2026-10-02,2026-10-02 03:03:41.693333,7C0D65,DA42,DIAMOND AIRCRAFT INDUSTRIES INC.,DA 42,45f52fc7091f21acaedc8784b462834d4d95cf4e6ff6740d0dc0aa20f3764256,True,4
6141,1452,021026_ML.npy,2026-10-02,2026-10-02 03:03:45.248315,7C7C3E,DA40,DIAMOND AIRCRAFT INDUSTRIES INC.,DA 40,1f0554ae6b8e189ba2cc5617ecbb70e78eacdef7fa9f49a781fb14a3bd5906ba,True,5
6143,1454,021026_ML.npy,2026-10-02,2026-10-02 03:03:45.458098,7C0D65,DA42,DIAMOND AIRCRAFT INDUSTRIES INC.,DA 42,5ed501bfe064cca63626010aabda8f5f7fa7a8b5a38ac506a5844f904173cc39,True,2
6144,1455,021026_ML.npy,2026-10-02,2026-10-02 03:03:47.462968,7C7C3E,DA40,DIAMOND AIRCRAFT INDUSTRIES INC.,DA 40,1b82ff8d9edf1ac090625d4d1ece20f58dc9b94d54885c9e4d7fd5c67f2063a8,True,1
6151,1462,021026_ML.npy,2026-10-02,2026-10-02 03:03:53.109323,7C7C3E,DA40,DIAMOND AIRCRAFT INDUSTRIES INC.,DA 40,9f7d2776fd6e64c800cab90ad4d6919c828a29131020e529c56d3bdb9869e07f,True,2
6152,1463,021026_ML.npy,2026-10-02,2026-10-02 03:03:53.452557,7C0D65,DA42,DIAMOND AIRCRAFT INDUSTRIES INC.,DA 42,5b9d3063dcd6b66e7780ffa71fa3776f8d9e6674e026fe00f91c9cacee6e387b,True,5
6157,1468,021026_ML.npy,2026-10-02,2026-10-02 03:03:56.795587,7C0D65,DA42,DIAMOND AIRCRAFT INDUSTRIES INC.,DA 42,5ed501bfe064cca63626010aabda8f5f7fa7a8b5a38ac506a5844f904173cc39,True,1
6158,1469,021026_ML.npy,2026-10-02,2026-10-02 03:03:58.616755,7C0D65,DA42,DIAMOND AIRCRAFT INDUSTRIES INC.,DA 42,6cbe5135f36b61942b47fcd55f0049194b966df7560f6a396fa7eeaa8b6ab050,True,1
6160,1471,021026_ML.npy,2026-10-02,2026-10-02 03:04:14.626021,7C41FD,DA40,DIAMOND AIRCRAFT INDUSTRIES INC.,DA 40,9425416208b89f3272a3d90f285d6d802582666571481f4d5bfae1f2370246a0,True,2
6166,1477,021026_ML.npy,2026-10-02,2026-10-02 03:04:21.110227,7C41FD,DA40,DIAMOND AIRCRAFT INDUSTRIES INC.,DA 40,56e454bf375e1d583f136209e1e7c4549d7e1d74dcd14b8df9053396897ac47f,True,4
6186,1497,021026_ML.npy,2026-10-02,2026-10-02 03:04:35.228468,7C41FD,DA40,DIAMOND AIRCRAFT INDUSTRIES INC.,DA 40,05d870985cf20429b18182b93ef86e17e9b00ef63a984171941ee3bc3e213d14,True,2
6187,1498,021026_ML.npy,2026-10-02,2026-10-02 03:04:35.504407,7C0D65,DA42,DIAMOND AIRCRAFT INDUSTRIES INC.,DA 42,fc217964b85ee7035e5c85bb42015f81e1a74bdfb89c38e1513304361ffa5ff9,True,5
6188,1499,021026_ML.npy,2026-10-02,2026-10-02 03:04:36.175073,7C41FD,DA40,DIAMOND AIRCRAFT INDUSTRIES INC.,DA 40,8db20f356409e92facd4e6f305a816ec75e40e14c663feda6a6f1987ffd40715,True,4
6201,1512,021026_ML.npy,2026-10-02,2026-10-02 03:04:51.891270,7C0D65,DA42,DIAMOND AIRCRAFT INDUSTRIES INC.,DA 42,e09066747a1af9405069cc1c8d4680e8e21333629c7a4dc4af7a58c1e14f423c,True,3
6207,1518,021026_ML.npy,2026-10-02,2026-10-02 03:05:04.544488,7C0D65,DA42,DIAMOND AIRCRAFT INDUSTRIES INC.,DA 42,5ed501bfe064cca63626010aabda8f5f7fa7a8b5a38ac506a5844f904173cc39,True,4
6209,1520,021026_ML.npy,2026-10-02,2026-10-02 03:05:06.257986,7C0D65,DA42,DIAMOND AIRCRAFT INDUSTRIES INC.,DA 42,f863367b2deb27a6d003546b2a3bccfaa627a1a89b0080b06c6d0df4a04e83b1,True,1
6210,1521,021026_ML.npy,2026-10-02,2026-10-02 03:05:11.081801,7C7B60,DA40,DIAMOND AIRCRAFT INDUSTRIES INC.,DA 40,cdf60cd080bb620af69d02e85e32312e5f3836f4b549b32a250d8a25e9414427,True,2
6211,1522,021026_ML.npy,2026-10-02,2026-10-02 03:05:13.695553,7C7B60,DA40,DIAMOND AIRCRAFT INDUSTRIES INC.,DA 40,fc740524a9cc51ca9c3bcce935f4310a264eaf6339731997ac2bcf82601c299d,True,1
6216,1527,021026_ML.npy,2026-10-02,2026-10-02 03:05:20.025209,7C7B60,DA40,DIAMOND AIRCRAFT INDUSTRIES INC.,DA 40,10c460e3b02ccac9ebfacfc48d16488acd10c77bdcb029ca9fa45e22ede0fccf,True,1
6221,1532,021026_ML.npy,2026-10-02,2026-10-02 03:05:26.763990,7C7B60,DA40,DIAMOND AIRCRAFT INDUSTRIES INC.,DA 40,febf4ed1f4e1b7de018edf4e329c16222afc38eec52b87131550c5748427aa6c,True,3
6227,1538,021026_ML.npy,2026-10-02,2026-10-02 03:05:35.311474,7C7B60,DA40,DIAMOND AIRCRAFT INDUSTRIES INC.,DA 40,a7e6700b2ec259cd2b149b03dca61d3e2c0f26d22dfdbda929879ffc1faf57fa,True,3
6235,1546,021026_ML.npy,2026-10-02,2026-10-02 03:08:12.754781,7C0D65,DA42,DIAMOND AIRCRAFT INDUSTRIES INC.,DA 42,5ed501bfe064cca63626010aabda8f5f7fa7a8b5a38ac506a5844f904173cc39,True,3
6238,1549,021026_ML.npy,2026-10-02,2026-10-02 03:08:12.851234,7C0D65,DA42,DIAMOND AIRCRAFT INDUSTRIES INC.,DA 42,655a4ef4604f214fd758b554d4ca294bb4395136272b73612d0386bbf30e4498,True,3
6239,1550,021026_ML.npy,2026-10-02,2026-10-02 03:08:13.400492,7C0D65,DA42,DIAMOND AIRCRAFT INDUSTRIES INC.,DA 42,d0f3d4351307a9436474fc7cd5a4f2014ecdc6723647191c91bacafbead56349,True,4
6240,1551,021026_ML.npy,2026-10-02,2026-10-02 03:08:13.406426,7C0D65,DA42,DIAMOND AIRCRAFT INDUSTRIES INC.,DA 42,a2e49a2c233f1f95e1b16c6fe1c9b1888906c7ca00cf70510d9ba6cf2fc626c2,True,2
6242,1553,021026_ML.npy,2026-10-02,2026-10-02 03:08:14.295470,7C0D65,DA42,DIAMOND AIRCRAFT INDUSTRIES INC.,DA 42,2a789916beebe7e30e0e9a7b3a602effea301a1359aaa082c103946be9b01843,True,4
6243,1554,021026_ML.npy,2026-10-02,2026-10-02 03:08:14.820011,7C0D65,DA42,DIAMOND AIRCRAFT INDUSTRIES INC.,DA 42,b4fe279002b1f9d9af216033c2c542d50e5485b6c607b6230fb7729d50e6baef,True,5
6244,1555,021026_ML.npy,2026-10-02,2026-10-02 03:08:14.827194,7C0D65,DA42,DIAMOND AIRCRAFT INDUSTRIES INC.,DA 42,090ac990bf26f83b28104cfaf283856c1e1838fe39a5c2169103ea450ea4080a,True,1
6246,1557,021026_ML.npy,2026-10-02,2026-10-02 03:08:15.322857,7C0D65,DA42,DIAMOND AIRCRAFT INDUSTRIES INC.,DA 42,f8334af15e04ddabe6b870acfa3ad617acc3d4ca9bd9aa8782953ad9950eacb9,True,1
6247,1558,021026_ML.npy,2026-10-02,2026-10-02 03:08:15.326377,7C0D65,DA42,DIAMOND AIRCRAFT INDUSTRIES INC.,DA 42,f31c012e2f9c1c2c580ea7e4956a95434e354e993f60bb6fdb704aa743830496,True,3
6251,1562,021026_ML.npy,2026-10-02,2026-10-02 03:08:19.710686,7C0D65,DA42,DIAMOND AIRCRAFT INDUSTRIES INC.,DA 42,52465f13f63cab1968b7bf4806dde4bb8e3d7fa89810ca7de5b76dcad0574f4c,True,5
6254,1565,021026_ML.npy,2026-10-02,2026-10-02 03:08:22.110090,7C0D65,DA42,DIAMOND AIRCRAFT INDUSTRIES INC.,DA 42,416cfbe9fdee67d375e75be9b2145a593e05f069a5e264f7ba412624ba2bb02f,True,3
6256,1567,021026_ML.npy,2026-10-02,2026-10-02 03:08:24.493953,7C0D65,DA42,DIAMOND AIRCRAFT INDUSTRIES INC.,DA 42,04b686c1dec303818333a823dea86669591a2b34efd8efd724eb57585ffe13ec,True,3
6258,1569,021026_ML.npy,2026-10-02,2026-10-02 03:08:31.529234,7C0D65,DA42,DIAMOND AIRCRAFT INDUSTRIES INC.,DA 42,5ed501bfe064cca63626010aabda8f5f7fa7a8b5a38ac506a5844f904173cc39,True,1
6259,1570,021026_ML.npy,2026-10-02,2026-10-02 03:08:31.849431,7C0D65,DA42,DIAMOND AIRCRAFT INDUSTRIES INC.,DA 42,beb7d1199abc42fc80378ab9a9bb0ebaa6fadfa351d3fa51596921d0bbed582a,True,4
6260,1571,021026_ML.npy,2026-10-02,2026-10-02 03:08:32.444214,7C0D65,DA42,DIAMOND AIRCRAFT INDUSTRIES INC.,DA 42,15d73725a06695f55cf77f01fb3b3cf3ada0fa271ff78326a2e8ebca83ba835f,True,3
6262,1573,021026_ML.npy,2026-10-02,2026-10-02 03:08:33.550856,7C0D65,DA42,DIAMOND AIRCRAFT INDUSTRIES INC.,DA 42,de4a95a41f970d34ef7c84896f2c43724d5ae05df8824df97ed01049782cd76f,True,3
6263,1574,021026_ML.npy,2026-10-02,2026-10-02 03:08:34.255156,7C0D65,DA42,DIAMOND AIRCRAFT INDUSTRIES INC.,DA 42,04b686c1dec303818333a823dea86669591a2b34efd8efd724eb57585ffe13ec,True,3
6264,1575,021026_ML.npy,2026-10-02,2026-10-02 03:08:39.002339,7C0D65,DA42,DIAMOND AIRCRAFT INDUSTRIES INC.,DA 42,301d840a36f5b107d77475fb6b0ee6878ceb6d6a3bbfd15fb7191a390fe95cd7,True,3
6266,1577,021026_ML.npy,2026-10-02,2026-10-02 03:08:42.654455,7C0D65,DA42,DIAMOND AIRCRAFT INDUSTRIES INC.,DA 42,11fb310f911f56a8c32486d24ef351e4a34c4ff745e7b08a27f44819a6d45391,True,4
6268,1579,021026_ML.npy,2026-10-02,2026-10-02 03:08:43.674533,7C0D65,DA42,DIAMOND AIRCRAFT INDUSTRIES INC.,DA 42,708da5f87bcecaea9275e0963d71c3af46f1815350633e29f0543a27db65cd47,True,4
6270,1581,021026_ML.npy,2026-10-02,2026-10-02 03:08:45.315055,7C0D65,DA42,DIAMOND AIRCRAFT INDUSTRIES INC.,DA 42,236ebf36320971798c6d5e215850134f4bed4f19f43421df6489fc33bfc31b5d,True,5
6272,1583,021026_ML.npy,2026-10-02,2026-10-02 03:08:50.227112,7C0D65,DA42,DIAMOND AIRCRAFT INDUSTRIES INC.,DA 42,5ed501bfe064cca63626010aabda8f5f7fa7a8b5a38ac506a5844f904173cc39,True,4
6276,1587,021026_ML.npy,2026-10-02,2026-10-02 03:09:22.290247,7C0D65,DA42,DIAMOND AIRCRAFT INDUSTRIES INC.,DA 42,45a5d68e17cc862ff7a7f7fcc50987bf493bfb205dff5be01174c84551635b40,True,1
6277,1588,021026_ML.npy,2026-10-02,2026-10-02 03:09:22.394393,7C0D65,DA42,DIAMOND AIRCRAFT INDUSTRIES INC.,DA 42,5ed501bfe064cca63626010aabda8f5f7fa7a8b5a38ac506a5844f904173cc39,True,3
6279,1590,021026_ML.npy,2026-10-02,2026-10-02 03:09:23.597696,7C0D65,DA42,DIAMOND AIRCRAFT INDUSTRIES INC.,DA 42,5ed501bfe064cca63626010aabda8f5f7fa7a8b5a38ac506a5844f904173cc39,True,4
6286,1597,021026_ML.npy,2026-10-02,2026-10-02 03:09:30.645587,7C0D65,DA42,DIAMOND AIRCRAFT INDUSTRIES INC.,DA 42,d947ab6d4e80e1875ddd36607921b313ee0779b23f2a89a1d6bda8919e177e40,True,5
6292,1603,021026_ML.npy,2026-10-02,2026-10-02 03:09:33.169450,7C41FD,DA40,DIAMOND AIRCRAFT INDUSTRIES INC.,DA 40,b79efa5def2aebc7cc8a402e7c5b8f62ffcbd9e482f8e85028140465e280d343,True,3
6295,1606,021026_ML.npy,2026-10-02,2026-10-02 03:09:35.770938,7C41FD,DA40,DIAMOND AIRCRAFT INDUSTRIES INC.,DA 40,8c691f12d591c2941a50dbb27cfb663e18b1ee9a63a0d2e275bf804aca102840,True,4
6298,1609,021026_ML.npy,2026-10-02,2026-10-02 03:09:36.300164,7C41FD,DA40,DIAMOND AIRCRAFT INDUSTRIES INC.,DA 40,44a3b59c6b7d59ad3198f379e79cb3403685c4836508a8d5859f74db4491a968,True,1
6299,1610,021026_ML.npy,2026-10-02,2026-10-02 03:09:37.186623,7C41FD,DA40,DIAMOND AIRCRAFT INDUSTRIES INC.,DA 40,eea744726821232ca46b911f06b1a4e54c6bf5da8265aabc6b1a3d3fa3eb2f14,True,3
6302,1613,021026_ML.npy,2026-10-02,2026-10-02 03:09:40.459576,7C41FD,DA40,DIAMOND AIRCRAFT INDUSTRIES INC.,DA 40,85abd253b03d8345a97803de1faac3b1607dafb641df2857f014caec87ce0908,True,3
6306,1617,021026_ML.npy,2026-10-02,2026-10-02 03:09:42.263938,7C41FD,DA40,DIAMOND AIRCRAFT INDUSTRIES INC.,DA 40,4cfd7791f6ca0a4189835739bf20f39bfb51e9b04ddfd9782aeb161edb9e7582,True,5
6307,1618,021026_ML.npy,2026-10-02,2026-10-02 03:09:42.337589,7C0D65,DA42,DIAMOND AIRCRAFT INDUSTRIES INC.,DA 42,5ed501bfe064cca63626010aabda8f5f7fa7a8b5a38ac506a5844f904173cc39,True,1
6308,1619,021026_ML.npy,2026-10-02,2026-10-02 03:09:43.748595,7C41FD,DA40,DIAMOND AIRCRAFT INDUSTRIES INC.,DA 40,71c4582bec460ddfd4362364ea6773ade7068269151b4a20df35ad7a7cdea213,True,2
6323,1634,021026_ML.npy,2026-10-02,2026-10-02 03:09:54.892374,7C0D65,DA42,DIAMOND AIRCRAFT INDUSTRIES INC.,DA 42,5ed501bfe064cca63626010aabda8f5f7fa7a8b5a38ac506a5844f904173cc39,True,2
6365,1676,021026_ML.npy,2026-10-02,2026-10-02 03:12:20.263113,7C0D65,DA42,DIAMOND AIRCRAFT INDUSTRIES INC.,DA 42,04b686c1dec303818333a823dea86669591a2b34efd8efd724eb57585ffe13ec,True,4
6368,1679,021026_ML.npy,2026-10-02,2026-10-02 03:12:36.247497,7C0D65,DA42,DIAMOND AIRCRAFT INDUSTRIES INC.,DA 42,156d16e398eacb7046924b348626e77f0e946a51104a5f0b6332ff79ee5b56e5,True,1
6370,1681,021026_ML.npy,2026-10-02,2026-10-02 03:12:40.442953,7C0D65,DA42,DIAMOND AIRCRAFT INDUSTRIES INC.,DA 42,04b686c1dec303818333a823dea86669591a2b34efd8efd724eb57585ffe13ec,True,3
6371,1682,021026_ML.npy,2026-10-02,2026-10-02 03:12:43.273452,7C0D65,DA42,DIAMOND AIRCRAFT INDUSTRIES INC.,DA 42,ddd8f2323b56a88a45c2bf8e94c24f3d2a2ceaea834f9ea5993b19d955b91384,True,5
6372,1683,021026_ML.npy,2026-10-02,2026-10-02 03:12:43.279483,7C0D65,DA42,DIAMOND AIRCRAFT INDUSTRIES INC.,DA 42,b67527ec748150d26cf38b5f99fb4b885f4eb9b3b34758457e6e68956c014d93,True,5
6373,1684,021026_ML.npy,2026-10-02,2026-10-02 03:12:47.198248,7C0D65,DA42,DIAMOND AIRCRAFT INDUSTRIES INC.,DA 42,e497bf924474b83d1d3efd4b5091bdd76e5c4717713d3863318b18b9cfd1a876,True,5
6375,1686,021026_ML.npy,2026-10-02,2026-10-02 03:12:47.743674,7C0D65,DA42,DIAMOND AIRCRAFT INDUSTRIES INC.,DA 42,b7e762b1c5ccaf73f9767ac199e6c915e2b4ee4378848c0896a83c2d1c391eb8,True,4
6380,1691,021026_ML.npy,2026-10-02,2026-10-02 03:12:53.635277,7C0D65,DA42,DIAMOND AIRCRAFT INDUSTRIES INC.,DA 42,7fa6a0924e57708ae0ce10b48df8dc72663fe88f2fbbc76193f4ecb1b22955b3,True,5
6383,1694,021026_ML.npy,2026-10-02,2026-10-02 03:12:56.350114,7C0D65,DA42,DIAMOND AIRCRAFT INDUSTRIES INC.,DA 42,5ed501bfe064cca63626010aabda8f5f7fa7a8b5a38ac506a5844f904173cc39,True,2
6386,1697,021026_ML.npy,2026-10-02,2026-10-02 03:12:58.304967,7C0D65,DA42,DIAMOND AIRCRAFT INDUSTRIES INC.,DA 42,a759c688d7a95957fbe6d35bcb33e5366a083ea2048f976919eb4f3e3ed20307,True,1
6388,1699,021026_ML.npy,2026-10-02,2026-10-02 03:13:03.862276,7C0D65,DA42,DIAMOND AIRCRAFT INDUSTRIES INC.,DA 42,3b4e172a2eac68190f6875c7c1fdafcf46dd6275ade02fe2468d12b895c1c131,True,4
6391,1702,021026_ML.npy,2026-10-02,2026-10-02 03:13:04.822071,7C0D65,DA42,DIAMOND AIRCRAFT INDUSTRIES INC.,DA 42,f94fd4ebbcdf4f5a47981ddc5538f2a70e85b72680254d91b2311d4583791246,True,3
6392,1703,021026_ML.npy,2026-10-02,2026-10-02 03:13:04.825360,7C0D65,DA42,DIAMOND AIRCRAFT INDUSTRIES INC.,DA 42,369ef5561e4a9cd989982747237c6a7d94eb24af1a40a88aea3cf78ef0f5ffd2,True,5
6394,1705,021026_ML.npy,2026-10-02,2026-10-02 03:13:10.863973,7C0D65,DA42,DIAMOND AIRCRAFT INDUSTRIES INC.,DA 42,1899fdee2b9e95ba7f95379a179fa8395786ed9396152acae346691864cf16fd,True,5
6397,1708,021026_ML.npy,2026-10-02,2026-10-02 03:13:12.264796,7C0D65,DA42,DIAMOND AIRCRAFT INDUSTRIES INC.,DA 42,410c55464c704258a2e429ad02186f39960e9235eef6c4fad26d56b281052ecd,True,5
6399,1710,021026_ML.npy,2026-10-02,2026-10-02 03:13:13.240134,7C0D65,DA42,DIAMOND AIRCRAFT INDUSTRIES INC.,DA 42,62a9c0c47713bea9732092434d8677dd4df6cb2ba38f64fd320c49bfc1f43330,True,5
6400,1711,021026_ML.npy,2026-10-02,2026-10-02 03:13:13.244879,7C0D65,DA42,DIAMOND AIRCRAFT INDUSTRIES INC.,DA 42,099dd9178d6608ea894c4e549a4ddbe02445031d2edd88731a34766d328a9f28,True,4
6403,1714,021026_ML.npy,2026-10-02,2026-10-02 03:13:17.512154,7C0D65,DA42,DIAMOND AIRCRAFT INDUSTRIES INC.,DA 42,963b0ac900ff49dda3ff83d5f8ab51726450868914b10ac5642703de55e9c41b,True,4
6404,1715,021026_ML.npy,2026-10-02,2026-10-02 03:13:17.801533,7C0D65,DA42,DIAMOND AIRCRAFT INDUSTRIES INC.,DA 42,5ed501bfe064cca63626010aabda8f5f7fa7a8b5a38ac506a5844f904173cc39,True,5
6405,1716,021026_ML.npy,2026-10-02,2026-10-02 03:13:20.795412,7C0D65,DA42,DIAMOND AIRCRAFT INDUSTRIES INC.,DA 42,9150c73188ac049dc5ac69a42fa27ef63f5017c584528f3b27bc0739c0778ba5,True,5
6406,1717,021026_ML.npy,2026-10-02,2026-10-02 03:13:21.267707,7C0D65,DA42,DIAMOND AIRCRAFT INDUSTRIES INC.,DA 42,644a3bd117544d458013d05a01dd09d026f4a5b1103dffe8c6ba337838c91c5e,True,4
6411,1722,021026_ML.npy,2026-10-02,2026-10-02 03:13:26.562651,7C0D65,DA42,DIAMOND AIRCRAFT INDUSTRIES INC.,DA 42,6cbe5135f36b61942b47fcd55f0049194b966df7560f6a396fa7eeaa8b6ab050,True,1
6412,1723,021026_ML.npy,2026-10-02,2026-10-02 03:13:30.447730,7C0D65,DA42,DIAMOND AIRCRAFT INDUSTRIES INC.,DA 42,85e8eda45cb38e6df2bfc65792413b58143d19842d6084beb0d2c7556bb1df56,True,4
6413,1724,021026_ML.npy,2026-10-02,2026-10-02 03:13:33.311854,7C0D65,DA42,DIAMOND AIRCRAFT INDUSTRIES INC.,DA 42,51dbf160d923fd34c9b5a59df5de39b4da3869ca5da0de6e245be4c51bfc3f01,True,2
6415,1726,021026_ML.npy,2026-10-02,2026-10-02 03:13:35.371742,7C0D65,DA42,DIAMOND AIRCRAFT INDUSTRIES INC.,DA 42,5f4e865624f2c3e4ecee955f26f3bb168ff9b3bb052dc2b241b8765105eef009,True,5
6416,1727,021026_ML.npy,2026-10-02,2026-10-02 03:13:37.884186,7C0D65,DA42,DIAMOND AIRCRAFT INDUSTRIES INC.,DA 42,410f9fa7ac84dd95e6d399a21b79f7b66b23b46719c7199e181a23fd1d2bbb1d,True,4
6417,1728,021026_ML.npy,2026-10-02,2026-10-02 03:14:01.490721,7C0D65,DA42,DIAMOND AIRCRAFT INDUSTRIES INC.,DA 42,f888c44332998beab574f9a9ad90951cdfb69d1c66f905943aa1b553e789c7f9,True,2
6419,1730,021026_ML.npy,2026-10-02,2026-10-02 03:14:03.548184,7C0D65,DA42,DIAMOND AIRCRAFT INDUSTRIES INC.,DA 42,0f7e1d827e2aa83911b49102077ba1bd1c95427cc7b6888280c0d248cb7cfe82,True,2
6420,1731,021026_ML.npy,2026-10-02,2026-10-02 03:14:04.643003,7C0D65,DA42,DIAMOND AIRCRAFT INDUSTRIES INC.,DA 42,4a9e029e66245cee6c35c35ce7fc3b4dd25069829eb6e5c82db0799241c977ed,True,4
6461,1772,021026_ML.npy,2026-10-02,2026-10-02 03:15:30.408223,7C7B60,DA40,DIAMOND AIRCRAFT INDUSTRIES INC.,DA 40,be49c6fa8a28b815c30c66c74dd5e9fbcf8b5be30205b1689b8101753e5c9a78,True,1
6473,1784,021026_ML.npy,2026-10-02,2026-10-02 03:19:49.389404,7C41FD,DA40,DIAMOND AIRCRAFT INDUSTRIES INC.,DA 40,4f85da9b0f3bcd0b984c60917165ef55dd62eb612b50959ab335e3803f386179,True,1
6476,1787,021026_ML.npy,2026-10-02,2026-10-02 03:19:50.787164,7C41FD,DA40,DIAMOND AIRCRAFT INDUSTRIES INC.,DA 40,ca3c431819122b2a9e842a54a6e771d97c78dfd9bf3576dcd5186f0cefafb50c,True,4
6484,1795,021026_ML.npy,2026-10-02,2026-10-02 03:20:00.779928,7C41FD,DA40,DIAMOND AIRCRAFT INDUSTRIES INC.,DA 40,b50986431677ce160db4d6d6256427999919a98717041c34cc3460626c72bda5,True,2
6492,1803,021026_ML.npy,2026-10-02,2026-10-02 03:20:05.666802,7C41FD,DA40,DIAMOND AIRCRAFT INDUSTRIES INC.,DA 40,6be8033f4e4ebb12aa2ee10d13e6eef53e14550391503c12478bfd3a9c8fd969,True,3
6495,1806,021026_ML.npy,2026-10-02,2026-10-02 03:20:11.853380,7C41FD,DA40,DIAMOND AIRCRAFT INDUSTRIES INC.,DA 40,4cfd7791f6ca0a4189835739bf20f39bfb51e9b04ddfd9782aeb161edb9e7582,True,5
6496,1807,021026_ML.npy,2026-10-02,2026-10-02 03:20:12.688778,7C41FD,DA40,DIAMOND AIRCRAFT INDUSTRIES INC.,DA 40,204a67f707a833ae85284cbd83aaa9fd3cdcacd040d893824bc18fc278b3bfbd,True,5
6519,1830,021026_ML.npy,2026-10-02,2026-10-02 03:20:54.116281,7C7B60,DA40,DIAMOND AIRCRAFT INDUSTRIES INC.,DA 40,68931a669cefce3a12e5b3555a066cd98f79cf2fa84aab97aea4b1dc82432c42,True,3
6530,1841,021026_ML.npy,2026-10-02,2026-10-02 03:21:07.602986,7C7B60,DA40,DIAMOND AIRCRAFT INDUSTRIES INC.,DA 40,0b8dca93056eef21c5050d9083baa7f253c0a8c9d7d2d15d0b58ad4b2b21acb0,True,1
6547,1858,021026_ML.npy,2026-10-02,2026-10-02 03:26:15.924405,7C7B60,DA40,DIAMOND AIRCRAFT INDUSTRIES INC.,DA 40,993859df0fa7dcdea4764d2f593dd7dde0d9f64effc9794df54d8c2342a8ae3e,True,2
6572,1883,021026_ML.npy,2026-10-02,2026-10-02 03:30:24.791708,7C7B60,DA40,DIAMOND AIRCRAFT INDUSTRIES INC.,DA 40,176767f3b44d8c410ede1889c2c6f3d6ad5a7f4aa9c47dabc3b1c9c266484bb8,True,4
6577,1888,021026_ML.npy,2026-10-02,2026-10-02 03:30:29.468110,7C7B60,DA40,DIAMOND AIRCRAFT INDUSTRIES INC.,DA 40,b53a5b9f1231e5793601ed727d8d631e9859882b805b593058a81a6f00c8b9d9,True,4
6592,1903,021026_ML.npy,2026-10-02,2026-10-02 03:34:35.800128,7C7B60,DA40,DIAMOND AIRCRAFT INDUSTRIES INC.,DA 40,8931cf986bd1905fb594c07a97fc3cd39292a4a71ea0a6aff1b2c9366904ec97,True,3
6595,1906,021026_ML.npy,2026-10-02,2026-10-02 03:34:44.683099,7C7B60,DA40,DIAMOND AIRCRAFT INDUSTRIES INC.,DA 40,cc8b83fc77a820fb9c7ccc2193a87b5a31d5081facc9f3ad0cf86599c8b8fb8e,True,5
6600,1911,021026_ML.npy,2026-10-02,2026-10-02 03:34:51.647074,7C7B60,DA40,DIAMOND AIRCRAFT INDUSTRIES INC.,DA 40,f87c638c3130c68791f264371bf1e9326c9d08ee2ae6d9086d24e04489f699e0,True,2
6601,1912,021026_ML.npy,2026-10-02,2026-10-02 03:37:09.862631,7C79B4,DA42,DIAMOND AIRCRAFT INDUSTRIES,DA 42,1d7939c3ca9acb19c1d4988c9afce9dc12fe115c2c7b24711ef2f28bbcfc5299,True,5
6602,1913,021026_ML.npy,2026-10-02,2026-10-02 03:37:17.088511,7C79B4,DA42,DIAMOND AIRCRAFT INDUSTRIES,DA 42,f4753b54ba9f3efa0a4642e9b1695a8bb3dd0b01fdc7b25a2b4326164ad48fe9,True,5
6603,1914,021026_ML.npy,2026-10-02,2026-10-02 03:37:17.601864,7C79B4,DA42,DIAMOND AIRCRAFT INDUSTRIES,DA 42,ca412026d1b19b372b21d9382003f0c6e4846b545105fe04b483cd44e2332c01,True,2
6609,1920,021026_ML.npy,2026-10-02,2026-10-02 03:37:22.792447,7C79B4,DA42,DIAMOND AIRCRAFT INDUSTRIES,DA 42,80090aa521432a024b43a445cd0eaf0818535865c12d1414c4684a5754a3dab1,True,2
6612,1923,021026_ML.npy,2026-10-02,2026-10-02 03:37:26.238262,7C79B4,DA42,DIAMOND AIRCRAFT INDUSTRIES,DA 42,9e43e6b9483c0454857c929a5c0625dec004f4a2034855cff3c2f7e5d47cc068,True,4
6614,1925,021026_ML.npy,2026-10-02,2026-10-02 03:37:28.912784,7C79B4,DA42,DIAMOND AIRCRAFT INDUSTRIES,DA 42,31715681f92a07cf9c16cb74626fabb5d0001e123fa90799caf36d08b049e9d0,True,3
6616,1927,021026_ML.npy,2026-10-02,2026-10-02 03:37:29.957922,7C79B4,DA42,DIAMOND AIRCRAFT INDUSTRIES,DA 42,71360a4acb5fe76ceb2ab60e39467ea1deb5c4b19ea73c3a26afc06db6976aa4,True,4
6618,1929,021026_ML.npy,2026-10-02,2026-10-02 03:37:30.030763,7C79B4,DA42,DIAMOND AIRCRAFT INDUSTRIES,DA 42,a6e9b73ef1eff324641866551c6be0252bbb314be4dd1e4237a4d917b0c30907,True,1
6619,1930,021026_ML.npy,2026-10-02,2026-10-02 03:37:31.634266,7C79B4,DA42,DIAMOND AIRCRAFT INDUSTRIES,DA 42,21844399e538ff874383a6f8d9e0a2af083d88589e154200a9bdf40cbaa13675,True,4
6620,1931,021026_ML.npy,2026-10-02,2026-10-02 03:37:32.789313,7C79B4,DA42,DIAMOND AIRCRAFT INDUSTRIES,DA 42,50aa652f7e013a66327e5b795e7a782435b65d09a40c5a32eebf3a93feaf75cf,True,4
6621,1932,021026_ML.npy,2026-10-02,2026-10-02 03:37:34.656907,7C79B4,DA42,DIAMOND AIRCRAFT INDUSTRIES,DA 42,0edde7c4e5d4678b044a343c7f6a89906096aaca39b1d2e420182be4a443c140,True,1
6622,1933,021026_ML.npy,2026-10-02,2026-10-02 03:37:34.660801,7C79B4,DA42,DIAMOND AIRCRAFT INDUSTRIES,DA 42,093b0b18db04f5c3a01d3f3ce97413b64a00a400444848e8555a27b37dc84a15,True,4
6623,1934,021026_ML.npy,2026-10-02,2026-10-02 03:37:36.556864,7C79B4,DA42,DIAMOND AIRCRAFT INDUSTRIES,DA 42,90a203086d340964420c1e1389dc1e5020e3864efca806590f0de8c9923dc309,True,1
6624,1935,021026_ML.npy,2026-10-02,2026-10-02 03:37:36.591008,7C79B4,DA42,DIAMOND AIRCRAFT INDUSTRIES,DA 42,21844399e538ff874383a6f8d9e0a2af083d88589e154200a9bdf40cbaa13675,True,3
6625,1936,021026_ML.npy,2026-10-02,2026-10-02 03:37:38.662063,7C79B4,DA42,DIAMOND AIRCRAFT INDUSTRIES,DA 42,a6e9b73ef1eff324641866551c6be0252bbb314be4dd1e4237a4d917b0c30907,True,2
6627,1938,021026_ML.npy,2026-10-02,2026-10-02 03:37:39.083027,7C79B4,DA42,DIAMOND AIRCRAFT INDUSTRIES,DA 42,515a630bef4a2a61674aca5c2a383c22b2c40f253b543ec048180ad48c9bcc67,True,2
6628,1939,021026_ML.npy,2026-10-02,2026-10-02 03:37:40.650931,7C79B4,DA42,DIAMOND AIRCRAFT INDUSTRIES,DA 42,b75a5b733293946ec6cc13d0949235e18b3682142da02c09e8bdbe7fd4efe979,True,3
6632,1943,021026_ML.npy,2026-10-02,2026-10-02 03:37:42.411595,7C79B4,DA42,DIAMOND AIRCRAFT INDUSTRIES,DA 42,a6e9b73ef1eff324641866551c6be0252bbb314be4dd1e4237a4d917b0c30907,True,4
6633,1944,021026_ML.npy,2026-10-02,2026-10-02 03:37:44.273475,7C79B4,DA42,DIAMOND AIRCRAFT INDUSTRIES,DA 42,70f9355d065bcc9403b60d2483e22ff88a7e3430880666e6528af64e47d8f2af,True,5
6637,1948,021026_ML.npy,2026-10-02,2026-10-02 03:37:47.261956,7C79B4,DA42,DIAMOND AIRCRAFT INDUSTRIES,DA 42,80090aa521432a024b43a445cd0eaf0818535865c12d1414c4684a5754a3dab1,True,4
6638,1949,021026_ML.npy,2026-10-02,2026-10-02 03:37:47.406344,7C79B4,DA42,DIAMOND AIRCRAFT INDUSTRIES,DA 42,76316d9ce0c021b10e5954246027599631c4df22a0a0bc0004dacdcf4ec7b1ba,True,3
6640,1951,021026_ML.npy,2026-10-02,2026-10-02 03:37:48.307548,7C79B4,DA42,DIAMOND AIRCRAFT INDUSTRIES,DA 42,eb144c50e6c6349a35ed55c13db6c8a68d3c3fc7cdbe74a4209ef862508caba6,True,2
6641,1952,021026_ML.npy,2026-10-02,2026-10-02 03:37:53.806828,7C79B4,DA42,DIAMOND AIRCRAFT INDUSTRIES,DA 42,9a3e6fb7735adfc3d35d254d5f3df6b52502a97237572b32ba0eeed4517a6833,True,2
6642,1953,021026_ML.npy,2026-10-02,2026-10-02 03:37:53.814495,7C79B4,DA42,DIAMOND AIRCRAFT INDUSTRIES,DA 42,97fdd27f71bc8290a7980ebe1dd23c6112c7c968f31ef5825cebfb3e6172029b,True,3
6645,1956,021026_ML.npy,2026-10-02,2026-10-02 03:37:59.677738,7C79B4,DA42,DIAMOND AIRCRAFT INDUSTRIES,DA 42,a6e9b73ef1eff324641866551c6be0252bbb314be4dd1e4237a4d917b0c30907,True,2
6650,1961,021026_ML.npy,2026-10-02,2026-10-02 03:38:11.019909,7C79B4,DA42,DIAMOND AIRCRAFT INDUSTRIES,DA 42,81acabac448d361a8623ffabe49b952d4e23e7747e620579fca5160791ca0f76,True,4
6651,1962,021026_ML.npy,2026-10-02,2026-10-02 03:38:11.025853,7C79B4,DA42,DIAMOND AIRCRAFT INDUSTRIES,DA 42,524108d5e9f10c000a0ccdad6f04125fe674d2d2beddf339f41a2f753321db12,True,5
6652,1963,021026_ML.npy,2026-10-02,2026-10-02 03:38:12.796341,7C79B4,DA42,DIAMOND AIRCRAFT INDUSTRIES,DA 42,944b080848c52c3adad29b00baab3fd190955bf72a15a9cfcb71a8ab94eadde2,True,3
6653,1964,021026_ML.npy,2026-10-02,2026-10-02 03:38:12.802583,7C79B4,DA42,DIAMOND AIRCRAFT INDUSTRIES,DA 42,7f03fc1f6ad84162405bc1cfb9bd088595b1335f6d1b516043bbd43443d6e690,True,1
6656,1967,021026_ML.npy,2026-10-02,2026-10-02 03:38:22.447589,7C7B60,DA40,DIAMOND AIRCRAFT INDUSTRIES INC.,DA 40,1f22ffbae9ec569e910040c31074471f452f7a9e177a28558a1c8a44b70a1d7b,True,1
6666,1977,021026_ML.npy,2026-10-02,2026-10-02 03:38:35.889172,7C79B4,DA42,DIAMOND AIRCRAFT INDUSTRIES,DA 42,a6e9b73ef1eff324641866551c6be0252bbb314be4dd1e4237a4d917b0c30907,True,2
6671,1982,021026_ML.npy,2026-10-02,2026-10-02 03:38:37.438881,7C79B4,DA42,DIAMOND AIRCRAFT INDUSTRIES,DA 42,98df93bc13e8c8317144d57b88207ebfdbf1093f79ad47f97b3d0ba1b5375eeb,True,1
6672,1983,021026_ML.npy,2026-10-02,2026-10-02 03:38:37.445077,7C79B4,DA42,DIAMOND AIRCRAFT INDUSTRIES,DA 42,e8ad1c869a2c8cf804a29251e56c84166f66d28c77cdea00a5640a0b4d39f530,True,4
6676,1987,021026_ML.npy,2026-10-02,2026-10-02 03:38:42.237968,7C7B60,DA40,DIAMOND AIRCRAFT INDUSTRIES INC.,DA 40,064d728d5ff0edfd2e451b99e04647cfc340edd026ada51de5c8fccd4e6cab39,True,2
6678,1989,021026_ML.npy,2026-10-02,2026-10-02 03:38:45.019281,7C7B60,DA40,DIAMOND AIRCRAFT INDUSTRIES INC.,DA 40,b2ce92ebe4ed282a578272474ed0a60d36e32f489d5b1c8acacab22f87e737dd,True,3
6679,1990,021026_ML.npy,2026-10-02,2026-10-02 03:38:45.153483,7C79B4,DA42,DIAMOND AIRCRAFT INDUSTRIES,DA 42,a81fb55a9f9c4a80fb267ad14526bc401245e27046f1fd57d527ebf5d2eb9b67,True,5
6686,1997,021026_ML.npy,2026-10-02,2026-10-02 03:42:27.743136,7C79B4,DA42,DIAMOND AIRCRAFT INDUSTRIES,DA 42,97c5598e4ee13551521e8b81f60a3f92e9ae902a60871496ef7f7fe001b9eec7,True,2
6687,1998,021026_ML.npy,2026-10-02,2026-10-02 03:42:27.750155,7C79B4,DA42,DIAMOND AIRCRAFT INDUSTRIES,DA 42,e95188a5bec6d14a7fb9eb92e82f934cefae71cb101353a9a6b047df30005bf6,True,3
6689,2000,021026_ML.npy,2026-10-02,2026-10-02 03:42:33.961679,7C79B4,DA42,DIAMOND AIRCRAFT INDUSTRIES,DA 42,110abd591632883bf387ebb84bfd2d43354e747b969d7132c835b7de4e7d9e51,True,5
6692,2003,021026_ML.npy,2026-10-02,2026-10-02 03:42:37.273733,7C79B4,DA42,DIAMOND AIRCRAFT INDUSTRIES,DA 42,19f0fabc681f8668fbb2dd041d373fc5809bd863f521d5b3906e41d2b60066d7,True,1
6693,2004,021026_ML.npy,2026-10-02,2026-10-02 03:42:37.280504,7C79B4,DA42,DIAMOND AIRCRAFT INDUSTRIES,DA 42,0b28e0389695a3aed0bb5dcadb5a76cc2e73bb83ddd84be7b804460705b94066,True,1
6694,2005,021026_ML.npy,2026-10-02,2026-10-02 03:42:38.661500,7C79B4,DA42,DIAMOND AIRCRAFT INDUSTRIES,DA 42,76316d9ce0c021b10e5954246027599631c4df22a0a0bc0004dacdcf4ec7b1ba,True,3
6695,2006,021026_ML.npy,2026-10-02,2026-10-02 03:42:38.875588,7C79B4,DA42,DIAMOND AIRCRAFT INDUSTRIES,DA 42,065800ecbea4150179d4e5264b6a6188949846db744e84adc3e7de0f8a39a3b7,True,1
6701,2012,021026_ML.npy,2026-10-02,2026-10-02 03:42:47.633626,7C79B4,DA42,DIAMOND AIRCRAFT INDUSTRIES,DA 42,c71d1a1558c545fcdd84e40f75c134311498a49c6156de21c24808e19e56d963,True,3
6702,2013,021026_ML.npy,2026-10-02,2026-10-02 03:42:49.293275,7C79B4,DA42,DIAMOND AIRCRAFT INDUSTRIES,DA 42,3a11d5ba50cec92b8f2c0b6f0cdc4bdadf9991a9e41f36e5fed0c8dfdfec030b,True,2
6703,2014,021026_ML.npy,2026-10-02,2026-10-02 03:42:49.805292,7C79B4,DA42,DIAMOND AIRCRAFT INDUSTRIES,DA 42,77e0dfa71289ee6ea03c273b33630f63ccda0193eabef2e2d8b3aa3094a3b9bb,True,4
6704,2015,021026_ML.npy,2026-10-02,2026-10-02 03:42:51.650993,7C79B4,DA42,DIAMOND AIRCRAFT INDUSTRIES,DA 42,408de009690fc729c76b340f8fd3a9b698f3b7fba4bcf51b7ea2bb0f79e51c60,True,1
6708,2019,021026_ML.npy,2026-10-02,2026-10-02 03:42:52.760491,7C79B4,DA42,DIAMOND AIRCRAFT INDUSTRIES,DA 42,8057ef5cf8b1052b07943bbecd3b7f710a30e7a10b7fae04e9e08de91365d53b,True,2
6709,2020,021026_ML.npy,2026-10-02,2026-10-02 03:42:53.595816,7C79B4,DA42,DIAMOND AIRCRAFT INDUSTRIES,DA 42,76316d9ce0c021b10e5954246027599631c4df22a0a0bc0004dacdcf4ec7b1ba,True,3
6710,2021,021026_ML.npy,2026-10-02,2026-10-02 03:42:54.233617,7C79B4,DA42,DIAMOND AIRCRAFT INDUSTRIES,DA 42,492c576f5afde694edb65b2cf71d2eaae042abd24196c984565b12f0c01060c2,True,3
6712,2023,021026_ML.npy,2026-10-02,2026-10-02 03:42:56.512790,7C79B4,DA42,DIAMOND AIRCRAFT INDUSTRIES,DA 42,a8582d36ec217404467ef23420e737ffdb70ea07c82dc8f98e1c289915d2bea0,True,5
6718,2029,021026_ML.npy,2026-10-02,2026-10-02 03:42:58.431253,7C79B4,DA42,DIAMOND AIRCRAFT INDUSTRIES,DA 42,76316d9ce0c021b10e5954246027599631c4df22a0a0bc0004dacdcf4ec7b1ba,True,2
6719,2030,021026_ML.npy,2026-10-02,2026-10-02 03:42:59.939484,7C79B4,DA42,DIAMOND AIRCRAFT INDUSTRIES,DA 42,a6e9b73ef1eff324641866551c6be0252bbb314be4dd1e4237a4d917b0c30907,True,2
6720,2031,021026_ML.npy,2026-10-02,2026-10-02 03:43:01.641801,7C79B4,DA42,DIAMOND AIRCRAFT INDUSTRIES,DA 42,be73a4ba91833b90b3117393c8e5303ad92a641c9eea4716b5dac11ecc34124f,True,4
6721,2032,021026_ML.npy,2026-10-02,2026-10-02 03:43:02.180185,7C79B4,DA42,DIAMOND AIRCRAFT INDUSTRIES,DA 42,8b533a4456e98ad289126dc59f3a378678cbf2d988b9f66a8d59e4ad8b48d7dd,True,1
6723,2034,021026_ML.npy,2026-10-02,2026-10-02 03:43:03.134582,7C79B4,DA42,DIAMOND AIRCRAFT INDUSTRIES,DA 42,80090aa521432a024b43a445cd0eaf0818535865c12d1414c4684a5754a3dab1,True,3
6724,2035,021026_ML.npy,2026-10-02,2026-10-02 03:43:05.167555,7C79B4,DA42,DIAMOND AIRCRAFT INDUSTRIES,DA 42,fa7e64b601f9c9da8231897c78efc130b78dc74225f514d70fe14dd08073be4d,True,1
6725,2036,021026_ML.npy,2026-10-02,2026-10-02 03:43:08.573883,7C79B4,DA42,DIAMOND AIRCRAFT INDUSTRIES,DA 42,a1d6fda917485ceacf37c24e46d0f001f71f7fdcd2a450b4e2e675b16e755764,True,1
6726,2037,021026_ML.npy,2026-10-02,2026-10-02 03:43:08.580831,7C79B4,DA42,DIAMOND AIRCRAFT INDUSTRIES,DA 42,97d5aa94e9a80373e4b856e4bfbb89a643b72960cd97d703e814929e74b14d04,True,1
6727,2038,021026_ML.npy,2026-10-02,2026-10-02 03:43:09.136732,7C79B4,DA42,DIAMOND AIRCRAFT INDUSTRIES,DA 42,43a5dee1ebb6d04e4b627c7eae88d7a02e9da997cf6b7420583b33e80ce59542,True,2
6728,2039,021026_ML.npy,2026-10-02,2026-10-02 03:43:09.142570,7C79B4,DA42,DIAMOND AIRCRAFT INDUSTRIES,DA 42,ceda68e847e33fbcf591b3b1786d6409160167626c44443b5c14ee850b95504e,True,2
6729,2040,021026_ML.npy,2026-10-02,2026-10-02 03:43:15.848329,7C79B4,DA42,DIAMOND AIRCRAFT INDUSTRIES,DA 42,230ec6064015fe5aa47046dc7cdc34e4957dee9c731e9a0cca50d4424a1607f2,True,5
6733,2044,021026_ML.npy,2026-10-02,2026-10-02 03:43:19.257996,7C79B4,DA42,DIAMOND AIRCRAFT INDUSTRIES,DA 42,a6255ce0df4fbaea3e3ce63633f01a62f47b6b0fca9d728c8b9cecd078d1b600,True,1
6748,2059,021026_ML.npy,2026-10-02,2026-10-02 03:43:55.894294,7C79B4,DA42,DIAMOND AIRCRAFT INDUSTRIES,DA 42,def658cfbaa327e2eb1d640cb041604c89f4011109f3e723583e399003b43575,True,5
6749,2060,021026_ML.npy,2026-10-02,2026-10-02 03:43:55.898161,7C79B4,DA42,DIAMOND AIRCRAFT INDUSTRIES,DA 42,9696daeb8dd50b56317daea2bd57c2815e3c85455deedabbccf24c80b2755f4c,True,5
6751,2062,021026_ML.npy,2026-10-02,2026-10-02 03:43:56.948525,7C79B4,DA42,DIAMOND AIRCRAFT INDUSTRIES,DA 42,e7aa4bc5a69f22204b36172ff6441b7cafef28896ba8dc6f6aabf4d0ad62b51a,True,3
6752,2063,021026_ML.npy,2026-10-02,2026-10-02 03:43:56.954750,7C79B4,DA42,DIAMOND AIRCRAFT INDUSTRIES,DA 42,0f4c17474c15916e6bfe923ce0e8c44dac3317ae7d83b242d34f6f9e1c2ab0a2,True,2
6755,2066,021026_ML.npy,2026-10-02,2026-10-02 03:45:31.865906,7C0077,DA40,DIAMOND AIRCRAFT INDUSTRIES INC.,DA 40,a13dbd45e1b2167206e690228239e7aeb82994b8b6e9310e8043e7ff3de3c4dd,True,5
6761,2072,021026_ML.npy,2026-10-02,2026-10-02 03:45:41.557365,7C0077,DA40,DIAMOND AIRCRAFT INDUSTRIES INC.,DA 40,bc8ceee4a522749ec9175ff8d151d4c51042db33bf629a2e8528ab3f71f1f5e0,True,4
6770,2081,021026_ML.npy,2026-10-02,2026-10-02 03:45:48.283170,7C0077,DA40,DIAMOND AIRCRAFT INDUSTRIES INC.,DA 40,7c9a8367ed5f164eb42975011882ffb2f07e490b0f0e536bf365ad3183d35422,True,5
6780,2091,021026_ML.npy,2026-10-02,2026-10-02 03:46:01.872565,7C0077,DA40,DIAMOND AIRCRAFT INDUSTRIES INC.,DA 40,48e41c9ed3bed3a183b524240c66139166e7cab59d8cf85156dc76c4bc1b7058,True,4
6781,2092,021026_ML.npy,2026-10-02,2026-10-02 03:46:01.877297,7C0077,DA40,DIAMOND AIRCRAFT INDUSTRIES INC.,DA 40,0b33a4fc155e591ea895931c172775cf1a66eb4590c0d3b71c3982dfb857fb7c,True,3
6784,2095,021026_ML.npy,2026-10-02,2026-10-02 03:46:04.333266,7C0077,DA40,DIAMOND AIRCRAFT INDUSTRIES INC.,DA 40,a9231521f1c74be5375ed635606fe8db8d10521e42ff2ce4105f968b1cb48b40,True,4
6797,2108,021026_ML.npy,2026-10-02,2026-10-02 03:46:21.406953,7C0077,DA40,DIAMOND AIRCRAFT INDUSTRIES INC.,DA 40,65f13bd50c745eff45a72a1a476de8eef938f104b71c35b3aa847aa57185a306,True,1
6809,2120,021026_ML.npy,2026-10-02,2026-10-02 03:47:58.578132,7C79B4,DA42,DIAMOND AIRCRAFT INDUSTRIES,DA 42,29668dea47fa2dd9a40046f1c40d96440a880b918982adbac81d55f61e241a26,True,3
6810,2121,021026_ML.npy,2026-10-02,2026-10-02 03:47:59.657364,7C79B4,DA42,DIAMOND AIRCRAFT INDUSTRIES,DA 42,51355ec100a36c1d5d089cb7e0c991583a4ffd01f975a0f8cf8ff2d806da99dd,True,5
6811,2122,021026_ML.npy,2026-10-02,2026-10-02 03:47:59.662072,7C79B4,DA42,DIAMOND AIRCRAFT INDUSTRIES,DA 42,9eb70e45e357a2a452160b2073aef8986d450e5802dc17c46f889e43edad1459,True,5
6816,2127,021026_ML.npy,2026-10-02,2026-10-02 03:48:05.245904,7C79B4,DA42,DIAMOND AIRCRAFT INDUSTRIES,DA 42,86987d98951c7aa979e071c29082a45c40e5f5602a5d7666f143daaec748c7d6,True,2
6818,2129,021026_ML.npy,2026-10-02,2026-10-02 03:48:05.744080,7C79B4,DA42,DIAMOND AIRCRAFT INDUSTRIES,DA 42,08b93630a240eec76b62a6d06f6fe77c3e019f1c466060f99d3e438ee143b41e,True,3
6819,2130,021026_ML.npy,2026-10-02,2026-10-02 03:48:05.746999,7C79B4,DA42,DIAMOND AIRCRAFT INDUSTRIES,DA 42,70d17c2af2b4323ec91678eeb43fbf0605dfec912eec80a8e1f76799c2a8e855,True,5
6821,2132,021026_ML.npy,2026-10-02,2026-10-02 03:48:06.176130,7C79B4,DA42,DIAMOND AIRCRAFT INDUSTRIES,DA 42,70d17c2af2b4323ec91678eeb43fbf0605dfec912eec80a8e1f76799c2a8e855,True,3
6822,2133,021026_ML.npy,2026-10-02,2026-10-02 03:48:06.890801,7C79B4,DA42,DIAMOND AIRCRAFT INDUSTRIES,DA 42,a6e9b73ef1eff324641866551c6be0252bbb314be4dd1e4237a4d917b0c30907,True,2
6827,2138,021026_ML.npy,2026-10-02,2026-10-02 03:48:09.371366,7C7B60,DA40,DIAMOND AIRCRAFT INDUSTRIES INC.,DA 40,84000d5669027a22e944e41ab33b98f243bb2fcb1d24948c0092697c3866c483,True,1
6836,2147,021026_ML.npy,2026-10-02,2026-10-02 03:48:16.971208,7C79B4,DA42,DIAMOND AIRCRAFT INDUSTRIES,DA 42,a6e9b73ef1eff324641866551c6be0252bbb314be4dd1e4237a4d917b0c30907,True,5
6838,2149,021026_ML.npy,2026-10-02,2026-10-02 03:48:19.103908,7C79B4,DA42,DIAMOND AIRCRAFT INDUSTRIES,DA 42,0d53a6f8594205993fdf7a8f676a8aa4c683089a99591b488e843e125942617c,True,3
6842,2153,021026_ML.npy,2026-10-02,2026-10-02 03:48:20.105508,7C79B4,DA42,DIAMOND AIRCRAFT INDUSTRIES,DA 42,9e43dee9be939697b26b02d6950612eae510fa1e5ff43047c7897240e4c27b16,True,3
6847,2158,021026_ML.npy,2026-10-02,2026-10-02 03:48:24.827947,7C7B60,DA40,DIAMOND AIRCRAFT INDUSTRIES INC.,DA 40,ec0d235ae5bb869d6362fd73004c5ce2cbecfb81b2eebb89cb6333e7c2d93623,True,3
6851,2162,021026_ML.npy,2026-10-02,2026-10-02 03:48:28.011639,7C79B4,DA42,DIAMOND AIRCRAFT INDUSTRIES,DA 42,20274a572c7947dacefed9dbd516acd4272a2bdeccdb6e9cbca82985ea0323ca,True,4
6853,2164,021026_ML.npy,2026-10-02,2026-10-02 03:48:30.404471,7C79B4,DA42,DIAMOND AIRCRAFT INDUSTRIES,DA 42,21844399e538ff874383a6f8d9e0a2af083d88589e154200a9bdf40cbaa13675,True,2
6858,2169,021026_ML.npy,2026-10-02,2026-10-02 03:48:34.039277,7C79B4,DA42,DIAMOND AIRCRAFT INDUSTRIES,DA 42,f41a5d3d2914d7db75eb6792d470940a04f3ce3cb574e6cda8826bc8cfe8d5f0,True,3
6863,2174,021026_ML.npy,2026-10-02,2026-10-02 03:48:36.306720,7C79B4,DA42,DIAMOND AIRCRAFT INDUSTRIES,DA 42,f6779914a71808fed3e57d95f5ca5e89e7b6261e0653292974d2b2d0543ac7b9,True,3
6864,2175,021026_ML.npy,2026-10-02,2026-10-02 03:48:38.185837,7C79B4,DA42,DIAMOND AIRCRAFT INDUSTRIES,DA 42,a6e9b73ef1eff324641866551c6be0252bbb314be4dd1e4237a4d917b0c30907,True,4
6868,2179,021026_ML.npy,2026-10-02,2026-10-02 03:48:40.598330,7C7B60,DA40,DIAMOND AIRCRAFT INDUSTRIES INC.,DA 40,84000d5669027a22e944e41ab33b98f243bb2fcb1d24948c0092697c3866c483,True,1
6871,2182,021026_ML.npy,2026-10-02,2026-10-02 03:48:45.142786,7C79B4,DA42,DIAMOND AIRCRAFT INDUSTRIES,DA 42,96177cb07c6ac85867c47cdfccdf0310f8a48860a3c75a15063c3e3c0e3a6cf3,True,3
6874,2185,021026_ML.npy,2026-10-02,2026-10-02 03:48:46.848234,7C79B4,DA42,DIAMOND AIRCRAFT INDUSTRIES,DA 42,d048b1e0d7ebb06619d4e719eab2795f77d96c4d64e85776fe84ea4e22db2079,True,3
6879,2190,021026_ML.npy,2026-10-02,2026-10-02 03:48:53.244112,7C79B4,DA42,DIAMOND AIRCRAFT INDUSTRIES,DA 42,d523b21532e12bd75f26d742f27fa73916ada46fac11c2f4545d61f02c9548fb,True,4
6882,2193,021026_ML.npy,2026-10-02,2026-10-02 03:49:29.435538,7C79B4,DA42,DIAMOND AIRCRAFT INDUSTRIES,DA 42,5b120c43de70fe3617f553920c0966b40774e458a8b230f312c323675f7a49f2,True,4
6885,2196,021026_ML.npy,2026-10-02,2026-10-02 03:49:49.937023,7C79B4,DA42,DIAMOND AIRCRAFT INDUSTRIES,DA 42,96140873e30045f048d7c24213d099ad03fde0cb83a30298d1b3c99bf6be2af9,True,4
6886,2197,021026_ML.npy,2026-10-02,2026-10-02 03:51:31.077208,7C0D65,DA42,DIAMOND AIRCRAFT INDUSTRIES INC.,DA 42,28f6d4e26c95606f784bd3b489662d5edbbd1786d2d40bc79d0966c4bb238fa8,True,3
6887,2198,021026_ML.npy,2026-10-02,2026-10-02 03:51:31.083949,7C0D65,DA42,DIAMOND AIRCRAFT INDUSTRIES INC.,DA 42,ccbd2e61871503a40bd65dafe2778bc884b2c012c71c5b1941e40e216009188c,True,5
6889,2200,021026_ML.npy,2026-10-02,2026-10-02 03:51:33.061100,7C0D65,DA42,DIAMOND AIRCRAFT INDUSTRIES INC.,DA 42,1b39a84480ef320ea4944759d9e7fff7437fac1498902b802931e694fb2cacb3,True,5
6894,2205,021026_ML.npy,2026-10-02,2026-10-02 03:51:46.453307,7C0D65,DA42,DIAMOND AIRCRAFT INDUSTRIES INC.,DA 42,42364bc08642ca0ceb2d10f1fdbcdbe515c64b443a9040fd7c8d449cd9dfe1a9,True,3
6895,2206,021026_ML.npy,2026-10-02,2026-10-02 03:51:46.459671,7C0D65,DA42,DIAMOND AIRCRAFT INDUSTRIES INC.,DA 42,1c5c2bc57e5f01774485d99a404c03daf191f45f0c643b702955c8bd2c3175f3,True,2
6897,2208,021026_ML.npy,2026-10-02,2026-10-02 03:51:47.525638,7C0D65,DA42,DIAMOND AIRCRAFT INDUSTRIES INC.,DA 42,33995a61c20f4352432abacc65fca2540d80f2ce9ac27eb885677c74c5e24158,True,5
6898,2209,021026_ML.npy,2026-10-02,2026-10-02 03:51:48.074679,7C0D65,DA42,DIAMOND AIRCRAFT INDUSTRIES INC.,DA 42,776edefabb9029309f6d5b716fe48e162f128a45c9573f66273379dc13631315,True,5
6902,2213,021026_ML.npy,2026-10-02,2026-10-02 03:51:56.221760,7C0D65,DA42,DIAMOND AIRCRAFT INDUSTRIES INC.,DA 42,b02ecd0ef8cbf8115738514ab211bfa3beeb0db006257c4f4b512ee596109605,True,1
6903,2214,021026_ML.npy,2026-10-02,2026-10-02 03:51:56.899829,7C0D65,DA42,DIAMOND AIRCRAFT INDUSTRIES INC.,DA 42,433e7d016e43a29c61cdfdc05002e2975cd1f5ee89d83e3e0655b6f92c60abf4,True,1
6904,2215,021026_ML.npy,2026-10-02,2026-10-02 03:51:57.747523,7C0D65,DA42,DIAMOND AIRCRAFT INDUSTRIES INC.,DA 42,a940c13d0ad4f93ee4286fa16b81fb7038b1de9038613d2483f3bd1a9dec45b4,True,1
6905,2216,021026_ML.npy,2026-10-02,2026-10-02 03:51:57.751388,7C0D65,DA42,DIAMOND AIRCRAFT INDUSTRIES INC.,DA 42,49a860e7d184f88df4a608ef525fe564eb9e05b89ab165cdd217c749a238992c,True,5
6906,2217,021026_ML.npy,2026-10-02,2026-10-02 03:52:01.279855,7C0D65,DA42,DIAMOND AIRCRAFT INDUSTRIES INC.,DA 42,c8d52faab3f3b82d3f5ca66451833bd7addcc4589957790e8d6e8744e00a8745,True,3
6907,2218,021026_ML.npy,2026-10-02,2026-10-02 03:52:01.283655,7C0D65,DA42,DIAMOND AIRCRAFT INDUSTRIES INC.,DA 42,122aa315dc7dd3ddbc122c23d61d1ab7cfe69f5ada14e6729d52d9eb9828d125,True,5
6909,2220,021026_ML.npy,2026-10-02,2026-10-02 03:52:07.974176,7C0D65,DA42,DIAMOND AIRCRAFT INDUSTRIES INC.,DA 42,58268ed19b7a638f662463b703e38fbfb181b0cbd3960a92976b5526e2a24f55,True,1
6911,2222,021026_ML.npy,2026-10-02,2026-10-02 03:52:12.900408,7C0D65,DA42,DIAMOND AIRCRAFT INDUSTRIES INC.,DA 42,94ae85d0f7aa6c490382907490beb5a01c2f1585cfcd5cbb830f1479e6737dbf,True,1
6913,2224,021026_ML.npy,2026-10-02,2026-10-02 03:52:14.031964,7C0D65,DA42,DIAMOND AIRCRAFT INDUSTRIES INC.,DA 42,01c5807ed54b248c2a8786e433c7218b7c71c4bba30ae6cd5f0cc5515320bd8f,True,5
6915,2226,021026_ML.npy,2026-10-02,2026-10-02 03:52:14.884237,7C0D65,DA42,DIAMOND AIRCRAFT INDUSTRIES INC.,DA 42,961783df4dca06698be5856aa5bb9188795214e75b9143c5a4609020f75d2741,True,3
6917,2228,021026_ML.npy,2026-10-02,2026-10-02 03:52:25.113484,7C0D65,DA42,DIAMOND AIRCRAFT INDUSTRIES INC.,DA 42,4e70d88b16f0a869078cc0c9dde373e726e3f84473343ff819a87964c9756584,True,4
6918,2229,021026_ML.npy,2026-10-02,2026-10-02 03:52:32.278897,7C0D65,DA42,DIAMOND AIRCRAFT INDUSTRIES INC.,DA 42,66f3a45fe00ecb30b9392f3e8cb1b3626e7ebfb9956000bdef158083073f3808,True,3
6919,2230,021026_ML.npy,2026-10-02,2026-10-02 03:52:37.989554,7C0D65,DA42,DIAMOND AIRCRAFT INDUSTRIES INC.,DA 42,4e319df7813396766af19b18e01f2aea347d1aba74f5cbac50561f5e05afd5d7,True,3
6921,2232,021026_ML.npy,2026-10-02,2026-10-02 03:52:38.587708,7C0D65,DA42,DIAMOND AIRCRAFT INDUSTRIES INC.,DA 42,6cbe5135f36b61942b47fcd55f0049194b966df7560f6a396fa7eeaa8b6ab050,True,4
6926,2237,021026_ML.npy,2026-10-02,2026-10-02 03:52:59.548638,7C0D65,DA42,DIAMOND AIRCRAFT INDUSTRIES INC.,DA 42,61511ead283fa02669f6b7f71879d5df8f0c46b097fbfdfa3f33d4fcdb7b8148,True,4
6932,2243,021026_ML.npy,2026-10-02,2026-10-02 03:53:12.619431,7C0D65,DA42,DIAMOND AIRCRAFT INDUSTRIES INC.,DA 42,f4692b108ccf382a2edb74969ee1e53342fe8a93e8e6ce7406f5430c0f8e375f,True,4
6935,2246,021026_ML.npy,2026-10-02,2026-10-02 03:53:18.259465,7C0D65,DA42,DIAMOND AIRCRAFT INDUSTRIES INC.,DA 42,b29e29273d116be7b15d5b6b1d72ce157b70e8c36dbe643237bff1ae8d9e2f2c,True,2
6937,2248,021026_ML.npy,2026-10-02,2026-10-02 03:53:25.307396,7C79B4,DA42,DIAMOND AIRCRAFT INDUSTRIES,DA 42,d048b1e0d7ebb06619d4e719eab2795f77d96c4d64e85776fe84ea4e22db2079,True,1
6938,2249,021026_ML.npy,2026-10-02,2026-10-02 03:53:27.193652,7C79B4,DA42,DIAMOND AIRCRAFT INDUSTRIES,DA 42,80090aa521432a024b43a445cd0eaf0818535865c12d1414c4684a5754a3dab1,True,4
6939,2250,021026_ML.npy,2026-10-02,2026-10-02 03:53:30.342521,7C79B4,DA42,DIAMOND AIRCRAFT INDUSTRIES,DA 42,4bdc92f497bec99ff9bfd3837b0ddfdd3a29c7222cde18b80a7ce1faee9bee32,True,2
6940,2251,021026_ML.npy,2026-10-02,2026-10-02 03:53:30.349317,7C79B4,DA42,DIAMOND AIRCRAFT INDUSTRIES,DA 42,07d9cdcc584bcbc10b4d6812db236104eba496f72ea896ad9319948ada364f21,True,3
6941,2252,021026_ML.npy,2026-10-02,2026-10-02 03:53:30.876700,7C79B4,DA42,DIAMOND AIRCRAFT INDUSTRIES,DA 42,21844399e538ff874383a6f8d9e0a2af083d88589e154200a9bdf40cbaa13675,True,1
6943,2254,021026_ML.npy,2026-10-02,2026-10-02 03:53:36.768301,7C79B4,DA42,DIAMOND AIRCRAFT INDUSTRIES,DA 42,76316d9ce0c021b10e5954246027599631c4df22a0a0bc0004dacdcf4ec7b1ba,True,2
6944,2255,021026_ML.npy,2026-10-02,2026-10-02 03:53:40.818483,7C79B4,DA42,DIAMOND AIRCRAFT INDUSTRIES,DA 42,04b4f37d0ff434717e39190c30fcad988a18a4e42a7885704a5a8238b88101c9,True,4
6945,2256,021026_ML.npy,2026-10-02,2026-10-02 03:53:45.191983,7C79B4,DA42,DIAMOND AIRCRAFT INDUSTRIES,DA 42,80b37c0d47c757bc6f4902c323306ce92cd5c2d6c136f848cd7b5db817781167,True,3
6946,2257,021026_ML.npy,2026-10-02,2026-10-02 03:53:47.975011,7C79B4,DA42,DIAMOND AIRCRAFT INDUSTRIES,DA 42,1a9c6eece94df076b368bf9b229d0298a2e108ea1f29689df3f1f608d0a0be4c,True,3
6948,2259,021026_ML.npy,2026-10-02,2026-10-02 03:53:48.565165,7C79B4,DA42,DIAMOND AIRCRAFT INDUSTRIES,DA 42,c8ca3d201f0be45cdf65f52a12c514557d86cba1bfbd80656dd6b0029f106a7e,True,1
6953,2264,021026_ML.npy,2026-10-02,2026-10-02 03:53:54.020142,7C79B4,DA42,DIAMOND AIRCRAFT INDUSTRIES,DA 42,e363f039943309f3a8b42d15bc99f7d9e676adf685f0c6b642f2698cdec2e9e3,True,5
6954,2265,021026_ML.npy,2026-10-02,2026-10-02 03:53:56.179440,7C79B4,DA42,DIAMOND AIRCRAFT INDUSTRIES,DA 42,a577a247499e151f11235a264f8c0b0e4aab644779d1b55229bb8e1ffdb717cd,True,4
6959,2270,021026_ML.npy,2026-10-02,2026-10-02 03:53:59.032846,7C79B4,DA42,DIAMOND AIRCRAFT INDUSTRIES,DA 42,d048b1e0d7ebb06619d4e719eab2795f77d96c4d64e85776fe84ea4e22db2079,True,4
6960,2271,021026_ML.npy,2026-10-02,2026-10-02 03:54:00.309020,7C79B4,DA42,DIAMOND AIRCRAFT INDUSTRIES,DA 42,d048b1e0d7ebb06619d4e719eab2795f77d96c4d64e85776fe84ea4e22db2079,True,3
6962,2273,021026_ML.npy,2026-10-02,2026-10-02 03:54:00.422869,7C79B4,DA42,DIAMOND AIRCRAFT INDUSTRIES,DA 42,21844399e538ff874383a6f8d9e0a2af083d88589e154200a9bdf40cbaa13675,True,1
6964,2275,021026_ML.npy,2026-10-02,2026-10-02 03:54:02.578028,7C79B4,DA42,DIAMOND AIRCRAFT INDUSTRIES,DA 42,a444977a97c3dcad9227fd860fc1e3b51c918a2abc01118e819e4e92546dfbd9,True,3
6965,2276,021026_ML.npy,2026-10-02,2026-10-02 03:54:02.581658,7C79B4,DA42,DIAMOND AIRCRAFT INDUSTRIES,DA 42,daf6497348840113a25a99c312bfddfc60973cfcd469af037ac36cd3090f3739,True,4
6967,2278,021026_ML.npy,2026-10-02,2026-10-02 03:54:06.929718,7C79B4,DA42,DIAMOND AIRCRAFT INDUSTRIES,DA 42,dbfe4c2ef4fdc1cf8eda5e76418d9f512901ac31dfd69363fb2b1f86d224d6f5,True,3
6968,2279,021026_ML.npy,2026-10-02,2026-10-02 03:54:06.936820,7C79B4,DA42,DIAMOND AIRCRAFT INDUSTRIES,DA 42,788ea578ee8f944f618dadb847cbb871b93376ddb7033ca1cbee0982209c889c,True,1
6969,2280,021026_ML.npy,2026-10-02,2026-10-02 03:54:10.438329,7C79B4,DA42,DIAMOND AIRCRAFT INDUSTRIES,DA 42,21844399e538ff874383a6f8d9e0a2af083d88589e154200a9bdf40cbaa13675,True,5
6970,2281,021026_ML.npy,2026-10-02,2026-10-02 03:54:13.035256,7C79B4,DA42,DIAMOND AIRCRAFT INDUSTRIES,DA 42,619dcac7778056c75bed9fd66309a3c3e487480b7143e2f8ec016cdd4585bb13,True,1
6972,2283,021026_ML.npy,2026-10-02,2026-10-02 03:54:14.512274,7C79B4,DA42,DIAMOND AIRCRAFT INDUSTRIES,DA 42,76316d9ce0c021b10e5954246027599631c4df22a0a0bc0004dacdcf4ec7b1ba,True,2
6974,2285,021026_ML.npy,2026-10-02,2026-10-02 03:54:16.440249,7C79B4,DA42,DIAMOND AIRCRAFT INDUSTRIES,DA 42,d048b1e0d7ebb06619d4e719eab2795f77d96c4d64e85776fe84ea4e22db2079,True,3
6976,2287,021026_ML.npy,2026-10-02,2026-10-02 03:54:20.649595,7C79B4,DA42,DIAMOND AIRCRAFT INDUSTRIES,DA 42,3a1a33bed3e2ea4862d283eb5be5521bc00262d3099c48029928e4b92a5ce024,True,5
6980,2291,021026_ML.npy,2026-10-02,2026-10-02 03:54:44.835895,7C79B4,DA42,DIAMOND AIRCRAFT INDUSTRIES,DA 42,21844399e538ff874383a6f8d9e0a2af083d88589e154200a9bdf40cbaa13675,True,4
6982,2293,021026_ML.npy,2026-10-02,2026-10-02 03:54:49.561067,7C79B4,DA42,DIAMOND AIRCRAFT INDUSTRIES,DA 42,c5d0233b2c723d07b68df127a41f49dab880d94c7e6d9800e3169fd6e8877a25,True,2
6983,2294,021026_ML.npy,2026-10-02,2026-10-02 03:54:51.630127,7C79B4,DA42,DIAMOND AIRCRAFT INDUSTRIES,DA 42,76316d9ce0c021b10e5954246027599631c4df22a0a0bc0004dacdcf4ec7b1ba,True,5
6987,2298,021026_ML.npy,2026-10-02,2026-10-02 03:54:58.667292,7C79B4,DA42,DIAMOND AIRCRAFT INDUSTRIES,DA 42,3293d2a3b41878a27efd749240ebd9d77b6e882cf4309f737fd6e9963ea76868,True,2
6988,2299,021026_ML.npy,2026-10-02,2026-10-02 03:54:59.756972,7C79B4,DA42,DIAMOND AIRCRAFT INDUSTRIES,DA 42,6b06867095b4d21035ba1fd255e35faf7064d9f63ffa394e6728d3b204922c17,True,3
6989,2300,021026_ML.npy,2026-10-02,2026-10-02 03:56:38.797785,7C0D65,DA42,DIAMOND AIRCRAFT INDUSTRIES INC.,DA 42,6cbe5135f36b61942b47fcd55f0049194b966df7560f6a396fa7eeaa8b6ab050,True,1
6993,2304,021026_ML.npy,2026-10-02,2026-10-02 03:56:41.350366,7C0D65,DA42,DIAMOND AIRCRAFT INDUSTRIES INC.,DA 42,433e7d016e43a29c61cdfdc05002e2975cd1f5ee89d83e3e0655b6f92c60abf4,True,2
6994,2305,021026_ML.npy,2026-10-02,2026-10-02 03:56:41.365557,7C0D65,DA42,DIAMOND AIRCRAFT INDUSTRIES INC.,DA 42,6cbe5135f36b61942b47fcd55f0049194b966df7560f6a396fa7eeaa8b6ab050,True,5
6996,2307,021026_ML.npy,2026-10-02,2026-10-02 03:56:43.791329,7C0D65,DA42,DIAMOND AIRCRAFT INDUSTRIES INC.,DA 42,ed6dfc80253eb47b88da4bee4e7ed00d92d26bcb98baffdb68634ba6d83b29f4,True,3
6997,2308,021026_ML.npy,2026-10-02,2026-10-02 03:56:45.144859,7C0D65,DA42,DIAMOND AIRCRAFT INDUSTRIES INC.,DA 42,d6c7f05167d1da340c36f33534adee1cd86da42cd02c1b2642287f1b1f5971b5,True,1
6998,2309,021026_ML.npy,2026-10-02,2026-10-02 03:56:45.150397,7C0D65,DA42,DIAMOND AIRCRAFT INDUSTRIES INC.,DA 42,059fd2a6d5a99dd393c61d16036e87e7d230e5b3327f44b0f65927288e27a066,True,4
6999,2310,021026_ML.npy,2026-10-02,2026-10-02 03:56:47.964626,7C0D65,DA42,DIAMOND AIRCRAFT INDUSTRIES INC.,DA 42,75d1131aace4c9df97b05d9fec750c63001b8ec728042d7be69dedc294df677a,True,4
7000,2311,021026_ML.npy,2026-10-02,2026-10-02 03:56:49.027200,7C0D65,DA42,DIAMOND AIRCRAFT INDUSTRIES INC.,DA 42,66f3a45fe00ecb30b9392f3e8cb1b3626e7ebfb9956000bdef158083073f3808,True,1
7001,2312,021026_ML.npy,2026-10-02,2026-10-02 03:56:50.407602,7C0D65,DA42,DIAMOND AIRCRAFT INDUSTRIES INC.,DA 42,6161ce182ba5e74802ff7e36342047c1378f1e06e7e52932a118c451ddbd7997,True,4
7002,2313,021026_ML.npy,2026-10-02,2026-10-02 03:56:50.979294,7C0D65,DA42,DIAMOND AIRCRAFT INDUSTRIES INC.,DA 42,38ba62a81a496088803db44f36315ad20992bd582b6a34e9a238b7e73e454e04,True,4
7006,2317,021026_ML.npy,2026-10-02,2026-10-02 03:56:54.628072,7C0D65,DA42,DIAMOND AIRCRAFT INDUSTRIES INC.,DA 42,20cd06600b1dd4e7ac68bddfe447d374ae4654973f0e70befb69338235c4226b,True,4
7007,2318,021026_ML.npy,2026-10-02,2026-10-02 03:56:56.621663,7C0D65,DA42,DIAMOND AIRCRAFT INDUSTRIES INC.,DA 42,fdb6e9a4a50b656b4612f694add71cce1206ebb7b3433d918d481bb579161371,True,5
7009,2320,021026_ML.npy,2026-10-02,2026-10-02 03:56:59.089312,7C0D65,DA42,DIAMOND AIRCRAFT INDUSTRIES INC.,DA 42,66f3a45fe00ecb30b9392f3e8cb1b3626e7ebfb9956000bdef158083073f3808,True,5
7012,2323,021026_ML.npy,2026-10-02,2026-10-02 03:57:04.035444,7C0D65,DA42,DIAMOND AIRCRAFT INDUSTRIES INC.,DA 42,04b686c1dec303818333a823dea86669591a2b34efd8efd724eb57585ffe13ec,True,3
7015,2326,021026_ML.npy,2026-10-02,2026-10-02 03:57:13.770960,7C0D65,DA42,DIAMOND AIRCRAFT INDUSTRIES INC.,DA 42,6cbe5135f36b61942b47fcd55f0049194b966df7560f6a396fa7eeaa8b6ab050,True,4
7017,2328,021026_ML.npy,2026-10-02,2026-10-02 03:57:15.877909,7C0D65,DA42,DIAMOND AIRCRAFT INDUSTRIES INC.,DA 42,7a6166533d5017cf9f550dbb4770f859c6e64886c9b9a81d55c508da99851b60,True,4
7024,2335,021026_ML.npy,2026-10-02,2026-10-02 03:57:23.931993,7C7B60,DA40,DIAMOND AIRCRAFT INDUSTRIES INC.,DA 40,9a030ad7d0c1205ef337ab42b7e048fb9b3969af05e95569f6f72997f843d44b,True,5
7034,2345,021026_ML.npy,2026-10-02,2026-10-02 03:57:28.826938,7C7B60,DA40,DIAMOND AIRCRAFT INDUSTRIES INC.,DA 40,ce1e77e1e0aeaecc7dcf918d59afebe82023ef23145d6903574f633de4ddbb3a,True,5
7041,2352,021026_ML.npy,2026-10-02,2026-10-02 03:57:45.071840,7C7B60,DA40,DIAMOND AIRCRAFT INDUSTRIES INC.,DA 40,7d0ca82d8d0959dd3c27401e5a61e19536750a1b486c6231fad30d62157b0257,True,4
7043,2354,021026_ML.npy,2026-10-02,2026-10-02 03:57:52.911295,7C0D65,DA42,DIAMOND AIRCRAFT INDUSTRIES INC.,DA 42,16b7c5576c050a3b33943740e5860df60d6ec42681ac0417959bbdb23899bf65,True,5
7045,2356,021026_ML.npy,2026-10-02,2026-10-02 03:58:23.275869,7C79B4,DA42,DIAMOND AIRCRAFT INDUSTRIES,DA 42,e2b094ceb705f17fb33233a1b9cf48f546d786dedf0a637d00d797ecca84b415,True,3
7046,2357,021026_ML.npy,2026-10-02,2026-10-02 03:58:25.777866,7C0D65,DA42,DIAMOND AIRCRAFT INDUSTRIES INC.,DA 42,6cbe5135f36b61942b47fcd55f0049194b966df7560f6a396fa7eeaa8b6ab050,True,5
7048,2359,021026_ML.npy,2026-10-02,2026-10-02 03:58:27.296108,7C79B4,DA42,DIAMOND AIRCRAFT INDUSTRIES,DA 42,fde07927d8808db8d8e19e300ce381ee88fb7757867c8c68131ad0680e386f58,True,2
7049,2360,021026_ML.npy,2026-10-02,2026-10-02 03:58:27.458822,7C0D65,DA42,DIAMOND AIRCRAFT INDUSTRIES INC.,DA 42,aa47e0d14df4dd7124ad1d9722f314486c61bafd317530ec67c781d2da4a729e,True,2
7051,2362,021026_ML.npy,2026-10-02,2026-10-02 03:58:30.526672,7C79B4,DA42,DIAMOND AIRCRAFT INDUSTRIES,DA 42,2cd8815e82fe23cec0378107a204c13310fa5911c68bc58eedb12cbeacec5146,True,3
7052,2363,021026_ML.npy,2026-10-02,2026-10-02 03:58:30.534015,7C79B4,DA42,DIAMOND AIRCRAFT INDUSTRIES,DA 42,b6a4a5db710d28620f0b55cd224b7ad59515d1612b2466ac9896a43b97475b6e,True,1
7055,2366,021026_ML.npy,2026-10-02,2026-10-02 03:58:32.159169,7C79B4,DA42,DIAMOND AIRCRAFT INDUSTRIES,DA 42,80090aa521432a024b43a445cd0eaf0818535865c12d1414c4684a5754a3dab1,True,1
7056,2367,021026_ML.npy,2026-10-02,2026-10-02 03:58:32.889822,7C79B4,DA42,DIAMOND AIRCRAFT INDUSTRIES,DA 42,d048b1e0d7ebb06619d4e719eab2795f77d96c4d64e85776fe84ea4e22db2079,True,3
7058,2369,021026_ML.npy,2026-10-02,2026-10-02 03:58:34.743050,7C79B4,DA42,DIAMOND AIRCRAFT INDUSTRIES,DA 42,83d0285d55b7c0481a91d011e02a0635791d96a7c4adaa20ee829f40ba0f9705,True,3
7059,2370,021026_ML.npy,2026-10-02,2026-10-02 03:58:35.385344,7C79B4,DA42,DIAMOND AIRCRAFT INDUSTRIES,DA 42,21844399e538ff874383a6f8d9e0a2af083d88589e154200a9bdf40cbaa13675,True,5
7060,2371,021026_ML.npy,2026-10-02,2026-10-02 03:58:37.812583,7C79B4,DA42,DIAMOND AIRCRAFT INDUSTRIES,DA 42,b2d2697560b2833abe07ecc5fb42cd21499ccd611a1fdadb34128a453e309a98,True,1
7061,2372,021026_ML.npy,2026-10-02,2026-10-02 03:58:37.818280,7C79B4,DA42,DIAMOND AIRCRAFT INDUSTRIES,DA 42,88516b7768c2c4b2a1dd884906d4582bb462c1ae58ceb64c2937c0cc0e89f462,True,3
7062,2373,021026_ML.npy,2026-10-02,2026-10-02 03:58:37.893520,7C79B4,DA42,DIAMOND AIRCRAFT INDUSTRIES,DA 42,d048b1e0d7ebb06619d4e719eab2795f77d96c4d64e85776fe84ea4e22db2079,True,3
7063,2374,021026_ML.npy,2026-10-02,2026-10-02 03:58:40.848596,7C79B4,DA42,DIAMOND AIRCRAFT INDUSTRIES,DA 42,49a86d3bd926948fa4610b90e57f33e21a769388a43c71f7989d7a73eef00651,True,2
7064,2375,021026_ML.npy,2026-10-02,2026-10-02 03:58:43.877007,7C79B4,DA42,DIAMOND AIRCRAFT INDUSTRIES,DA 42,896fd8026a3fd9a7aea17482339b2d17d84e5b9507b90fa15065755027ff4b17,True,1
7067,2378,021026_ML.npy,2026-10-02,2026-10-02 03:58:45.597748,7C0D65,DA42,DIAMOND AIRCRAFT INDUSTRIES INC.,DA 42,a9f0337feb302437efde693a310cd71a255dd2f8380a5b9e9595fd71b2e1bc92,True,1
7069,2380,021026_ML.npy,2026-10-02,2026-10-02 03:58:47.092627,7C79B4,DA42,DIAMOND AIRCRAFT INDUSTRIES,DA 42,80090aa521432a024b43a445cd0eaf0818535865c12d1414c4684a5754a3dab1,True,4
7078,2389,021026_ML.npy,2026-10-02,2026-10-02 03:59:09.249216,7C79B4,DA42,DIAMOND AIRCRAFT INDUSTRIES,DA 42,0a83d3bcee05b2d8d74a0739dc6e33c2b98ef5662f0354cad67470196f3f0f2e,True,4
7079,2390,021026_ML.npy,2026-10-02,2026-10-02 03:59:09.690952,7C79B4,DA42,DIAMOND AIRCRAFT INDUSTRIES,DA 42,ef59a956edb03e6332e45efcc2ecf1a459ce56b6ffa3535847e5c73c4660a03f,True,5
7082,2393,021026_ML.npy,2026-10-02,2026-10-02 03:59:12.231461,7C1689,DA40,DIAMOND AIRCRAFT INDUSTRIES INC.,DA 40,55abcf2544b226dd07db7524f1b72f4bf592655d43fb0bdf6361f2d3f2d21d68,True,1
7096,2407,021026_ML.npy,2026-10-02,2026-10-02 03:59:36.036326,7C1689,DA40,DIAMOND AIRCRAFT INDUSTRIES INC.,DA 40,e7f5dc20e162b9a3a2247498d88c9643d792497e61472ecec0eabdf627779664,True,5
7107,2418,021026_ML.npy,2026-10-02,2026-10-02 03:59:51.505807,7C1689,DA40,DIAMOND AIRCRAFT INDUSTRIES INC.,DA 40,64db1db953e036c019d9c92efadc4399a9e4e63eab450ea399daac2bb4da2779,True,2
7118,2429,021026_ML.npy,2026-10-02,2026-10-02 04:00:34.851722,7C79B4,DA42,DIAMOND AIRCRAFT INDUSTRIES,DA 42,179db0c6c7d45b99f670307bb73fc9c2c790ceb98e4e900b26e1224ed5952225,True,2
7119,2430,021026_ML.npy,2026-10-02,2026-10-02 04:00:35.060410,7C79B4,DA42,DIAMOND AIRCRAFT INDUSTRIES,DA 42,d048b1e0d7ebb06619d4e719eab2795f77d96c4d64e85776fe84ea4e22db2079,True,3
7122,2433,021026_ML.npy,2026-10-02,2026-10-02 04:00:38.727286,7C79B4,DA42,DIAMOND AIRCRAFT INDUSTRIES,DA 42,1f95b1d178d264cd0a5d06dea68bc489557c7e7edc913f3dfc02e4e65b9da85a,True,1
7124,2435,021026_ML.npy,2026-10-02,2026-10-02 04:00:46.134008,7C79B4,DA42,DIAMOND AIRCRAFT INDUSTRIES,DA 42,2de7cb25fe99ffa79685f4547ac18f38bb3b50418714d03cfad3aa091c1397a2,True,3
7134,2445,021026_ML.npy,2026-10-02,2026-10-02 04:02:11.229176,7C7B60,DA40,DIAMOND AIRCRAFT INDUSTRIES INC.,DA 40,c8f79d7f7cad7d7869d72ee54e414fea8cf1fc5379c707a20f85e34b5f7d7268,True,1
7146,2457,021026_ML.npy,2026-10-02,2026-10-02 04:02:24.876468,7C0D65,DA42,DIAMOND AIRCRAFT INDUSTRIES INC.,DA 42,b483c250aa14fe31fc20947b4436e966c95e9364446c8fe5fcb3dcb5bd3b3252,True,5
7149,2460,021026_ML.npy,2026-10-02,2026-10-02 04:02:26.386924,7C0D65,DA42,DIAMOND AIRCRAFT INDUSTRIES INC.,DA 42,f61b4117c718084a91f40e26c2e7079117d43ef7b607ad887b4d42fa3bcb4286,True,3
7150,2461,021026_ML.npy,2026-10-02,2026-10-02 04:02:26.392710,7C0D65,DA42,DIAMOND AIRCRAFT INDUSTRIES INC.,DA 42,20333a80d493891a59d884b7f557adb9af2bf1b229940bd1560b96c13f085da4,True,3
7152,2463,021026_ML.npy,2026-10-02,2026-10-02 04:02:27.694454,7C0D65,DA42,DIAMOND AIRCRAFT INDUSTRIES INC.,DA 42,b435e3882741c726ca2ee16602e2d38c5c1cb28d29b208320f71f3ccd4b16e75,True,5
7153,2464,021026_ML.npy,2026-10-02,2026-10-02 04:02:27.702208,7C0D65,DA42,DIAMOND AIRCRAFT INDUSTRIES INC.,DA 42,c1d9d49f4c71106f6ef71b863da343acf3fafe44b580d322ac1747f0ab417b97,True,1
7154,2465,021026_ML.npy,2026-10-02,2026-10-02 04:02:28.396385,7C0D65,DA42,DIAMOND AIRCRAFT INDUSTRIES INC.,DA 42,66f3a45fe00ecb30b9392f3e8cb1b3626e7ebfb9956000bdef158083073f3808,True,3
7155,2466,021026_ML.npy,2026-10-02,2026-10-02 04:02:30.976943,7C0D65,DA42,DIAMOND AIRCRAFT INDUSTRIES INC.,DA 42,66f3a45fe00ecb30b9392f3e8cb1b3626e7ebfb9956000bdef158083073f3808,True,1
7157,2468,021026_ML.npy,2026-10-02,2026-10-02 04:02:31.175006,7C0D65,DA42,DIAMOND AIRCRAFT INDUSTRIES INC.,DA 42,00e1936996ec92d00187253cb2ef22114c4c432a61a909dfaa2e4e76f01f0b65,True,5
7159,2470,021026_ML.npy,2026-10-02,2026-10-02 04:02:33.101907,7C0D65,DA42,DIAMOND AIRCRAFT INDUSTRIES INC.,DA 42,4fe5cc5b3342e3b56c2808be543191645fcfc313a653ce2aea0973f0521e5b52,True,2
7163,2474,021026_ML.npy,2026-10-02,2026-10-02 04:02:39.589822,7C0D65,DA42,DIAMOND AIRCRAFT INDUSTRIES INC.,DA 42,04b686c1dec303818333a823dea86669591a2b34efd8efd724eb57585ffe13ec,True,1
7165,2476,021026_ML.npy,2026-10-02,2026-10-02 04:02:42.264150,7C0D65,DA42,DIAMOND AIRCRAFT INDUSTRIES INC.,DA 42,767b8184e97192db91bf49ab56718f4b3b50e8d7029db411ed58c64e5fed2820,True,5
7171,2482,021026_ML.npy,2026-10-02,2026-10-02 04:02:48.761484,7C0D65,DA42,DIAMOND AIRCRAFT INDUSTRIES INC.,DA 42,6ede928cebd4b2b4949d64ca8626fec21edb1ba4ec9e826511cc3341d1ba630d,True,2
7172,2483,021026_ML.npy,2026-10-02,2026-10-02 04:02:48.765964,7C0D65,DA42,DIAMOND AIRCRAFT INDUSTRIES INC.,DA 42,b686664a3b0017739bf1efec1ba9477b2f95da5fd8fa392d8ef60ab33b209f10,True,5
7174,2485,021026_ML.npy,2026-10-02,2026-10-02 04:02:50.949519,7C0D65,DA42,DIAMOND AIRCRAFT INDUSTRIES INC.,DA 42,66f3a45fe00ecb30b9392f3e8cb1b3626e7ebfb9956000bdef158083073f3808,True,4
7175,2486,021026_ML.npy,2026-10-02,2026-10-02 04:02:51.882753,7C0D65,DA42,DIAMOND AIRCRAFT INDUSTRIES INC.,DA 42,59c17b248b7d76a8a55f17d5406de695e274a5125a53c485fc8bff91c3867f15,True,4
7176,2487,021026_ML.npy,2026-10-02,2026-10-02 04:02:51.888868,7C0D65,DA42,DIAMOND AIRCRAFT INDUSTRIES INC.,DA 42,29d6579101694a2224679afb1e144b01ec6187e7bec0fea24b6fd7c9bea90f23,True,3
7177,2488,021026_ML.npy,2026-10-02,2026-10-02 04:02:52.842152,7C0D65,DA42,DIAMOND AIRCRAFT INDUSTRIES INC.,DA 42,513f20fb6df6fcee3a1bab2daf1852297d19ef82d097448494355da8ecf93c83,True,3
7178,2489,021026_ML.npy,2026-10-02,2026-10-02 04:02:54.256846,7C0D65,DA42,DIAMOND AIRCRAFT INDUSTRIES INC.,DA 42,2e2eadab1beba8a8a63d3d4e327e2138cd5c71302f9c98632193e6c6cc00a7c1,True,4
7179,2490,021026_ML.npy,2026-10-02,2026-10-02 04:02:54.260258,7C0D65,DA42,DIAMOND AIRCRAFT INDUSTRIES INC.,DA 42,2a71994595fef1da0cdf01fa7a070ea5365eb0a505e81310a2e0bc2ec2bb1cf4,True,5
7180,2491,021026_ML.npy,2026-10-02,2026-10-02 04:02:54.815780,7C0D65,DA42,DIAMOND AIRCRAFT INDUSTRIES INC.,DA 42,bd7bc04c04368ff243521c322af3d711e3cfb33aba59c28f667f4a183c8f0c43,True,5
7182,2493,021026_ML.npy,2026-10-02,2026-10-02 04:02:57.533522,7C0D65,DA42,DIAMOND AIRCRAFT INDUSTRIES INC.,DA 42,9cf2d6aa71462676ab33173608b11ce98adafd7d52187a389282b24f911ef8f0,True,1
7183,2494,021026_ML.npy,2026-10-02,2026-10-02 04:02:59.115467,7C0D65,DA42,DIAMOND AIRCRAFT INDUSTRIES INC.,DA 42,8cc24b9952b36881a4f73de7c72eda4a24ee4417fe6f24920db64cb67a93eac8,True,1
7184,2495,021026_ML.npy,2026-10-02,2026-10-02 04:02:59.121629,7C0D65,DA42,DIAMOND AIRCRAFT INDUSTRIES INC.,DA 42,a1134c6941bddef5d6ae0a22fd1192a78f563e458cfb3304e06b26d550f0cccd,True,4
7186,2497,021026_ML.npy,2026-10-02,2026-10-02 04:02:59.923008,7C0D65,DA42,DIAMOND AIRCRAFT INDUSTRIES INC.,DA 42,04b686c1dec303818333a823dea86669591a2b34efd8efd724eb57585ffe13ec,True,5
7188,2499,021026_ML.npy,2026-10-02,2026-10-02 04:03:02.491297,7C0D65,DA42,DIAMOND AIRCRAFT INDUSTRIES INC.,DA 42,6cbe5135f36b61942b47fcd55f0049194b966df7560f6a396fa7eeaa8b6ab050,True,3
7189,2500,021026_ML.npy,2026-10-02,2026-10-02 04:03:03.268572,7C0D65,DA42,DIAMOND AIRCRAFT INDUSTRIES INC.,DA 42,a380979842bc993deff6e8077e318b0b0bff5ee53182a298f4aa3b9baf2f54fc,True,1
7190,2501,021026_ML.npy,2026-10-02,2026-10-02 04:03:03.274254,7C0D65,DA42,DIAMOND AIRCRAFT INDUSTRIES INC.,DA 42,a103bf7e1218ea46f500a84d9b68ed32bfba90e7451b78f88b25a69ae706f8dd,True,2
7191,2502,021026_ML.npy,2026-10-02,2026-10-02 04:03:06.350582,7C0D65,DA42,DIAMOND AIRCRAFT INDUSTRIES INC.,DA 42,1152036c3318b73c0d98693fd8b87d15d4c447ab851fc0e8f1b6d4a3e56329c7,True,5
7192,2503,021026_ML.npy,2026-10-02,2026-10-02 04:03:06.356285,7C0D65,DA42,DIAMOND AIRCRAFT INDUSTRIES INC.,DA 42,5ce5a5d0e305df8b68f4ad4d3ec27f0e6f251919407907e30012cc5766f357b2,True,2
7195,2506,021026_ML.npy,2026-10-02,2026-10-02 04:03:55.832195,7C0D65,DA42,DIAMOND AIRCRAFT INDUSTRIES INC.,DA 42,66f3a45fe00ecb30b9392f3e8cb1b3626e7ebfb9956000bdef158083073f3808,True,5
7196,2507,021026_ML.npy,2026-10-02,2026-10-02 04:04:04.807664,7C79B4,DA42,DIAMOND AIRCRAFT INDUSTRIES,DA 42,a784a4816aeb10d4dc5684a45cdeeddc1a32f9849bc670d4d3460c9736ee9e5f,True,2
7197,2508,021026_ML.npy,2026-10-02,2026-10-02 04:04:05.650881,7C79B4,DA42,DIAMOND AIRCRAFT INDUSTRIES,DA 42,8dce2ff9afbfe7b19dc2d6458abebe089cbb6eb6ec30768f099145e340aa94f4,True,3
7198,2509,021026_ML.npy,2026-10-02,2026-10-02 04:04:09.363676,7C79B4,DA42,DIAMOND AIRCRAFT INDUSTRIES,DA 42,86cc4e768dae68300ce3a9275be92f90124f6a4e51472161c146a68e80cce46c,True,5
7200,2511,021026_ML.npy,2026-10-02,2026-10-02 04:04:09.590147,7C0D65,DA42,DIAMOND AIRCRAFT INDUSTRIES INC.,DA 42,b6edb64b39e518b0009d177798f6eae7599c1e4cc96008bf48dd7769ab93f168,True,3
7201,2512,021026_ML.npy,2026-10-02,2026-10-02 04:04:11.776930,7C79B4,DA42,DIAMOND AIRCRAFT INDUSTRIES,DA 42,80090aa521432a024b43a445cd0eaf0818535865c12d1414c4684a5754a3dab1,True,2
7204,2515,021026_ML.npy,2026-10-02,2026-10-02 04:04:13.819607,7C79B4,DA42,DIAMOND AIRCRAFT INDUSTRIES,DA 42,ecbf899ec5ec598a2d071d818c2d704a41550f38982a6d937619d8bc15e4ec47,True,1
7206,2517,021026_ML.npy,2026-10-02,2026-10-02 04:04:14.877096,7C79B4,DA42,DIAMOND AIRCRAFT INDUSTRIES,DA 42,c784ab1cc95b3ecf2f7def0026759c11de519e6488a01919c58d90345d8d33b2,True,1
7207,2518,021026_ML.npy,2026-10-02,2026-10-02 04:04:18.835357,7C79B4,DA42,DIAMOND AIRCRAFT INDUSTRIES,DA 42,e30b78e00931b2c739a95be47121a129d41d44db867ca2c852578428cec819f9,True,2
7210,2521,021026_ML.npy,2026-10-02,2026-10-02 04:04:21.296559,7C79B4,DA42,DIAMOND AIRCRAFT INDUSTRIES,DA 42,3a45e3a8cc71a98ad8892195dce7b74af5353a4b882de87c0ff85c62ab105be8,True,3
7212,2523,021026_ML.npy,2026-10-02,2026-10-02 04:04:22.539922,7C0D65,DA42,DIAMOND AIRCRAFT INDUSTRIES INC.,DA 42,d82caf379016b39f1be935a9a6e16c09d6588ee9b2f6ac90b27cca41e82ba82d,True,3
7215,2526,021026_ML.npy,2026-10-02,2026-10-02 04:04:31.536759,7C79B4,DA42,DIAMOND AIRCRAFT INDUSTRIES,DA 42,0bada3c2600f4ebb6c58d7b67e6e2d1bc8e9cab9a78488c8f814dbe170eba063,True,2
7217,2528,021026_ML.npy,2026-10-02,2026-10-02 04:04:37.394415,7C79B4,DA42,DIAMOND AIRCRAFT INDUSTRIES,DA 42,0b8e3d3be753b9550d29f6178ab559a121b7cb0010c132c95f66e990740aa787,True,1
7225,2536,021026_ML.npy,2026-10-02,2026-10-02 04:04:44.815046,7C79B4,DA42,DIAMOND AIRCRAFT INDUSTRIES,DA 42,1365c704ed1f327030fb8876bd24f3766bc31ac28d8bb34f5a58135e6abb3486,True,5
7226,2537,021026_ML.npy,2026-10-02,2026-10-02 04:04:46.394165,7C79B4,DA42,DIAMOND AIRCRAFT INDUSTRIES,DA 42,05ca74e104f1891bf956520d3a7723c421923364dc4015d851c1e58c9daeb818,True,1
7227,2538,021026_ML.npy,2026-10-02,2026-10-02 04:04:46.399607,7C79B4,DA42,DIAMOND AIRCRAFT INDUSTRIES,DA 42,e6cbeb785a21be11371bab07fb5449e9251aac3f54649ffa983596fd77afcba0,True,3
7231,2542,021026_ML.npy,2026-10-02,2026-10-02 04:05:00.408185,7C79B4,DA42,DIAMOND AIRCRAFT INDUSTRIES,DA 42,4ca69f3da41698344b4c1277945201dc0d8a2b4f3971a4a785d4ad1f64918672,True,4
7235,2546,021026_ML.npy,2026-10-02,2026-10-02 04:05:09.275866,7C79B4,DA42,DIAMOND AIRCRAFT INDUSTRIES,DA 42,69c2f77990c16d3447c499e766b820ec486e780615e14ad51f6d446c5b04a6bd,True,4
7236,2547,021026_ML.npy,2026-10-02,2026-10-02 04:05:11.037303,7C79B4,DA42,DIAMOND AIRCRAFT INDUSTRIES,DA 42,d048b1e0d7ebb06619d4e719eab2795f77d96c4d64e85776fe84ea4e22db2079,True,1
7237,2548,021026_ML.npy,2026-10-02,2026-10-02 04:05:43.470035,7C79B4,DA42,DIAMOND AIRCRAFT INDUSTRIES,DA 42,d048b1e0d7ebb06619d4e719eab2795f77d96c4d64e85776fe84ea4e22db2079,True,1
7240,2551,021026_ML.npy,2026-10-02,2026-10-02 04:05:50.928145,7C79B4,DA42,DIAMOND AIRCRAFT INDUSTRIES,DA 42,d048b1e0d7ebb06619d4e719eab2795f77d96c4d64e85776fe84ea4e22db2079,True,1
7242,2553,021026_ML.npy,2026-10-02,2026-10-02 04:05:52.666510,7C79B4,DA42,DIAMOND AIRCRAFT INDUSTRIES,DA 42,f0d6bed582761fca81a2212b54bf93fa593218d99fbbf98c93ea83218191e656,True,1
7246,2557,021026_ML.npy,2026-10-02,2026-10-02 04:06:02.595544,7C79B4,DA42,DIAMOND AIRCRAFT INDUSTRIES,DA 42,f4f2eb41d19d9aff14d2662aef36df69e446c526abe4ae391cdc0fc65d576e46,True,1
7247,2558,021026_ML.npy,2026-10-02,2026-10-02 04:06:20.499264,7C79B4,DA42,DIAMOND AIRCRAFT INDUSTRIES,DA 42,21844399e538ff874383a6f8d9e0a2af083d88589e154200a9bdf40cbaa13675,True,3
7248,2559,021026_ML.npy,2026-10-02,2026-10-02 04:06:54.193929,7C0D65,DA42,DIAMOND AIRCRAFT INDUSTRIES INC.,DA 42,d692d0f046eeea1e2411dfd12cfb4ab6c8d19e30ddb34741e963c153bd8bbb71,True,1
7253,2564,021026_ML.npy,2026-10-02,2026-10-02 04:07:01.995725,7C7B60,DA40,DIAMOND AIRCRAFT INDUSTRIES INC.,DA 40,9b3417430e70196eb4bc2bf0cc9e168245fc25cf1853accd5f72acab1095fcaa,True,1
7257,2568,021026_ML.npy,2026-10-02,2026-10-02 04:07:04.291538,7C0D65,DA42,DIAMOND AIRCRAFT INDUSTRIES INC.,DA 42,66f3a45fe00ecb30b9392f3e8cb1b3626e7ebfb9956000bdef158083073f3808,True,2
7259,2570,021026_ML.npy,2026-10-02,2026-10-02 04:07:04.852807,7C0D65,DA42,DIAMOND AIRCRAFT INDUSTRIES INC.,DA 42,04b686c1dec303818333a823dea86669591a2b34efd8efd724eb57585ffe13ec,True,2
7260,2571,021026_ML.npy,2026-10-02,2026-10-02 04:07:05.216167,7C0D65,DA42,DIAMOND AIRCRAFT INDUSTRIES INC.,DA 42,99e110db35ebfbf72f9e0e12cb68bf13a637ada65a863a3bff281aed4dd4f6f1,True,4
7261,2572,021026_ML.npy,2026-10-02,2026-10-02 04:07:06.091898,7C0D65,DA42,DIAMOND AIRCRAFT INDUSTRIES INC.,DA 42,72517940b35901c459bed7c9c80abe5bad7e78bf7735da04c7ae728f0a69a163,True,5
7264,2575,021026_ML.npy,2026-10-02,2026-10-02 04:07:09.148076,7C0D65,DA42,DIAMOND AIRCRAFT INDUSTRIES INC.,DA 42,bef875cb3aefaa41c41c06ce032cce74ddf506a2391e0daa0323b0c34f605456,True,2
7271,2582,021026_ML.npy,2026-10-02,2026-10-02 04:07:20.619838,7C0D65,DA42,DIAMOND AIRCRAFT INDUSTRIES INC.,DA 42,66f3a45fe00ecb30b9392f3e8cb1b3626e7ebfb9956000bdef158083073f3808,True,3
7274,2585,021026_ML.npy,2026-10-02,2026-10-02 04:07:23.013668,7C0D65,DA42,DIAMOND AIRCRAFT INDUSTRIES INC.,DA 42,f46de38ed4a60cdc1043783dc5b5c64c91bea0b5df4b3692799c5110e3c8efc2,True,3
7275,2586,021026_ML.npy,2026-10-02,2026-10-02 04:07:26.609139,7C0D65,DA42,DIAMOND AIRCRAFT INDUSTRIES INC.,DA 42,a0f6052ac8c2d89a94d3a43b3ca9f0d7fd83233e2e22bcce8690a2280099a73c,True,5
7281,2592,021026_ML.npy,2026-10-02,2026-10-02 04:07:28.814447,7C0D65,DA42,DIAMOND AIRCRAFT INDUSTRIES INC.,DA 42,edeba00acf38b5c58356460f4e96268425aaf2776db0db7806d286bf6c0068fd,True,1
7282,2593,021026_ML.npy,2026-10-02,2026-10-02 04:07:29.697355,7C0D65,DA42,DIAMOND AIRCRAFT INDUSTRIES INC.,DA 42,fd0df9814c5081cc4944650154c9a1880f750c3dd0fe3b0012c8129b40bdf05a,True,2
7283,2594,021026_ML.npy,2026-10-02,2026-10-02 04:07:33.296758,7C0D65,DA42,DIAMOND AIRCRAFT INDUSTRIES INC.,DA 42,402e41620c44692077f8a805479d2f7b67c9bd83a3af1a45180572d1b8c17585,True,3
7284,2595,021026_ML.npy,2026-10-02,2026-10-02 04:07:33.301147,7C0D65,DA42,DIAMOND AIRCRAFT INDUSTRIES INC.,DA 42,d6e38355119367d74ad971dc65b3a27c7fa59572243c92d752b2849a2bb64579,True,5
7289,2600,021026_ML.npy,2026-10-02,2026-10-02 04:07:37.974146,7C0D65,DA42,DIAMOND AIRCRAFT INDUSTRIES INC.,DA 42,6cbe5135f36b61942b47fcd55f0049194b966df7560f6a396fa7eeaa8b6ab050,True,1
7292,2603,021026_ML.npy,2026-10-02,2026-10-02 04:07:41.114986,7C0D65,DA42,DIAMOND AIRCRAFT INDUSTRIES INC.,DA 42,fd09a568f5ee15b90b403cc6585c029a89a400775f853bc9b172c2329db31203,True,4
7293,2604,021026_ML.npy,2026-10-02,2026-10-02 04:07:41.118997,7C0D65,DA42,DIAMOND AIRCRAFT INDUSTRIES INC.,DA 42,e6a56fc0f373beccea002404e68e5f75823df1da3adc19647e2c8e9ce49ddf3c,True,2
7295,2606,021026_ML.npy,2026-10-02,2026-10-02 04:07:42.977893,7C0D65,DA42,DIAMOND AIRCRAFT INDUSTRIES INC.,DA 42,6cbe5135f36b61942b47fcd55f0049194b966df7560f6a396fa7eeaa8b6ab050,True,1
7299,2610,021026_ML.npy,2026-10-02,2026-10-02 04:07:45.479801,7C0D65,DA42,DIAMOND AIRCRAFT INDUSTRIES INC.,DA 42,6cbe5135f36b61942b47fcd55f0049194b966df7560f6a396fa7eeaa8b6ab050,True,5
7300,2611,021026_ML.npy,2026-10-02,2026-10-02 04:07:46.804039,7C0D65,DA42,DIAMOND AIRCRAFT INDUSTRIES INC.,DA 42,66f3a45fe00ecb30b9392f3e8cb1b3626e7ebfb9956000bdef158083073f3808,True,2
7301,2612,021026_ML.npy,2026-10-02,2026-10-02 04:07:48.081486,7C0D65,DA42,DIAMOND AIRCRAFT INDUSTRIES INC.,DA 42,f3fff1e9e49248c99a714b898d73270a33cf075702ac480e2e898ce22e13fcab,True,3
7302,2613,021026_ML.npy,2026-10-02,2026-10-02 04:07:51.518783,7C0D65,DA42,DIAMOND AIRCRAFT INDUSTRIES INC.,DA 42,773f5b4fb77e176f9da99ec5e343dd27e162d087317d9cd39ebcbc2f79291b7c,True,3
7303,2614,021026_ML.npy,2026-10-02,2026-10-02 04:07:51.522613,7C0D65,DA42,DIAMOND AIRCRAFT INDUSTRIES INC.,DA 42,a840b72ac7b82bdeb2c59a9d26c2894b4d37340f0e44541f42857f69647f8b91,True,4
7304,2615,021026_ML.npy,2026-10-02,2026-10-02 04:07:53.022062,7C0D65,DA42,DIAMOND AIRCRAFT INDUSTRIES INC.,DA 42,8115f9161b7bd577996e505815b6493885fcb833c7d2c09b3bb0e85e3dec5875,True,4
7305,2616,021026_ML.npy,2026-10-02,2026-10-02 04:07:53.027716,7C0D65,DA42,DIAMOND AIRCRAFT INDUSTRIES INC.,DA 42,b66e5015bc194eaff1e3d31fba7b16900ae5165c18f34c29be9bc6fd4853d874,True,5
7306,2617,021026_ML.npy,2026-10-02,2026-10-02 04:07:53.524295,7C0D65,DA42,DIAMOND AIRCRAFT INDUSTRIES INC.,DA 42,06426039ed495c2f52ea0ddd197e49a0c9994a40808243be105dbedc41574a5a,True,1
7307,2618,021026_ML.npy,2026-10-02,2026-10-02 04:07:53.530454,7C0D65,DA42,DIAMOND AIRCRAFT INDUSTRIES INC.,DA 42,23aa5c37e5f9e9599aa7baf398ba5576f6f8f0c19444709fe1eebe3b7a6058ac,True,4
7310,2621,021026_ML.npy,2026-10-02,2026-10-02 04:07:56.368461,7C0D65,DA42,DIAMOND AIRCRAFT INDUSTRIES INC.,DA 42,7b8a78a1fadf3b19a05f6fb88f541298b9bfb5d17da6a01d93e0c9f5e6792c96,True,5
7311,2622,021026_ML.npy,2026-10-02,2026-10-02 04:07:56.372875,7C0D65,DA42,DIAMOND AIRCRAFT INDUSTRIES INC.,DA 42,1258145dcd3f5c94a67e427042c082815e22b37c80e5a339f525b308703af3f3,True,5
7313,2624,021026_ML.npy,2026-10-02,2026-10-02 04:07:58.175553,7C0D65,DA42,DIAMOND AIRCRAFT INDUSTRIES INC.,DA 42,6cbe5135f36b61942b47fcd55f0049194b966df7560f6a396fa7eeaa8b6ab050,True,2
7317,2628,021026_ML.npy,2026-10-02,2026-10-02 04:08:14.816178,7C0D65,DA42,DIAMOND AIRCRAFT INDUSTRIES INC.,DA 42,3181bc519729dac36006d684c11c272f9fbc5eac42254eabb01512598008e307,True,2
7322,2633,021026_ML.npy,2026-10-02,2026-10-02 04:08:47.283967,7C0D65,DA42,DIAMOND AIRCRAFT INDUSTRIES INC.,DA 42,5d1b757748241f7d403ee414668fe6702287a04e70634f9dd7f49b267916b20c,True,2
7324,2635,021026_ML.npy,2026-10-02,2026-10-02 04:08:52.987981,7C0D65,DA42,DIAMOND AIRCRAFT INDUSTRIES INC.,DA 42,7baac72d37e07d919dbc551d2dab19c1ff1ea22c9c3c284fd65851a475351e89,True,3
7325,2636,021026_ML.npy,2026-10-02,2026-10-02 04:08:53.624334,7C0D65,DA42,DIAMOND AIRCRAFT INDUSTRIES INC.,DA 42,433e7d016e43a29c61cdfdc05002e2975cd1f5ee89d83e3e0655b6f92c60abf4,True,5
7326,2637,021026_ML.npy,2026-10-02,2026-10-02 04:08:58.567641,7C0D65,DA42,DIAMOND AIRCRAFT INDUSTRIES INC.,DA 42,f01d80e60e685db0ec2f6d6674abb96d2c1d4db8065684d36cf779a5917135db,True,5
7327,2638,021026_ML.npy,2026-10-02,2026-10-02 04:09:18.828293,7C79B4,DA42,DIAMOND AIRCRAFT INDUSTRIES,DA 42,c7361d03b4f7e6dd062bb2e312faf3961248a0a2d032b75f640e9d803b4cd143,True,1
7329,2640,021026_ML.npy,2026-10-02,2026-10-02 04:09:21.997019,7C79B4,DA42,DIAMOND AIRCRAFT INDUSTRIES,DA 42,d95cc2af2848f87e0a2ea872dc0480f5b22678fb9a27b0eecff591998051c57f,True,5
7331,2642,021026_ML.npy,2026-10-02,2026-10-02 04:09:23.356714,7C79B4,DA42,DIAMOND AIRCRAFT INDUSTRIES,DA 42,3c98244225ddf53856001bfbb739105c17e84aaa5377f084fb90ffe32db5f0b2,True,5
7332,2643,021026_ML.npy,2026-10-02,2026-10-02 04:09:23.360560,7C79B4,DA42,DIAMOND AIRCRAFT INDUSTRIES,DA 42,80c8c31d1ec7fe7ddf389af62f704adda5e57532b9675a4b02d81630eb9ff03d,True,5
7333,2644,021026_ML.npy,2026-10-02,2026-10-02 04:09:23.907223,7C79B4,DA42,DIAMOND AIRCRAFT INDUSTRIES,DA 42,ba5792ea490ccca1caa88d70b1340e40a8d50b26f33d7ace301bf83acc4a6891,True,1
7336,2647,021026_ML.npy,2026-10-02,2026-10-02 04:09:27.326652,7C79B4,DA42,DIAMOND AIRCRAFT INDUSTRIES,DA 42,f04c497901029ed4caeab8fa02ee1b80f282e02a81ce2c0e9cc2af30af56622b,True,2
7337,2648,021026_ML.npy,2026-10-02,2026-10-02 04:09:27.331485,7C79B4,DA42,DIAMOND AIRCRAFT INDUSTRIES,DA 42,e54822042ef21ebc6c3aff76515c5572c072b4ccebb140b8b1c2da173f824bb7,True,4
7343,2654,021026_ML.npy,2026-10-02,2026-10-02 04:09:36.985343,7C79B4,DA42,DIAMOND AIRCRAFT INDUSTRIES,DA 42,d048b1e0d7ebb06619d4e719eab2795f77d96c4d64e85776fe84ea4e22db2079,True,2
7346,2657,021026_ML.npy,2026-10-02,2026-10-02 04:09:43.216882,7C79B4,DA42,DIAMOND AIRCRAFT INDUSTRIES,DA 42,d048b1e0d7ebb06619d4e719eab2795f77d96c4d64e85776fe84ea4e22db2079,True,2
7347,2658,021026_ML.npy,2026-10-02,2026-10-02 04:09:45.740704,7C79B4,DA42,DIAMOND AIRCRAFT INDUSTRIES,DA 42,2642a9b5d247eeaae1c6842aa7b1bca4e3bce649dd70234f96ae08fc9f974d14,True,2
7350,2661,021026_ML.npy,2026-10-02,2026-10-02 04:09:50.769077,7C79B4,DA42,DIAMOND AIRCRAFT INDUSTRIES,DA 42,0f7e28129a6bec317c7989038d2592dc736a6761ee9029730f581ceddcf47caa,True,5
7352,2663,021026_ML.npy,2026-10-02,2026-10-02 04:09:51.273535,7C79B4,DA42,DIAMOND AIRCRAFT INDUSTRIES,DA 42,3e4d31b47b1274aa1ec13f56c8762cf8c9f7b750646ddb4fc23486f6bd68b72d,True,4
7354,2665,021026_ML.npy,2026-10-02,2026-10-02 04:09:54.779836,7C79B4,DA42,DIAMOND AIRCRAFT INDUSTRIES,DA 42,8006213130637909a0ff672f36937f63bce1bdfa27da285247261a954863b65b,True,5
7355,2666,021026_ML.npy,2026-10-02,2026-10-02 04:09:55.664601,7C79B4,DA42,DIAMOND AIRCRAFT INDUSTRIES,DA 42,d048b1e0d7ebb06619d4e719eab2795f77d96c4d64e85776fe84ea4e22db2079,True,2
7357,2668,021026_ML.npy,2026-10-02,2026-10-02 04:09:56.881820,7C79B4,DA42,DIAMOND AIRCRAFT INDUSTRIES,DA 42,1f7e2ea25cb02b8c0328d757e65e7ef21a46913c3f7da93fa46f6a2a7c902950,True,5
7358,2669,021026_ML.npy,2026-10-02,2026-10-02 04:09:57.284306,7C79B4,DA42,DIAMOND AIRCRAFT INDUSTRIES,DA 42,4c059a55f46da780c89a1e702dbefad19816cac456b7e75b491d24e5be7211be,True,5
7361,2672,021026_ML.npy,2026-10-02,2026-10-02 04:09:59.686179,7C79B4,DA42,DIAMOND AIRCRAFT INDUSTRIES,DA 42,86d5547ce75119e661fb897ac6825e56d34c14706f0564d03326624a1525ce91,True,1
7362,2673,021026_ML.npy,2026-10-02,2026-10-02 04:10:01.440063,7C79B4,DA42,DIAMOND AIRCRAFT INDUSTRIES,DA 42,76316d9ce0c021b10e5954246027599631c4df22a0a0bc0004dacdcf4ec7b1ba,True,3
7365,2676,021026_ML.npy,2026-10-02,2026-10-02 04:10:03.186972,7C79B4,DA42,DIAMOND AIRCRAFT INDUSTRIES,DA 42,1dbd42fbb7fcb8c21210782a2ecfb49e4ebb7e47eeac9faed4d6c9dc69b4af7e,True,3
7366,2677,021026_ML.npy,2026-10-02,2026-10-02 04:10:04.425860,7C79B4,DA42,DIAMOND AIRCRAFT INDUSTRIES,DA 42,d048b1e0d7ebb06619d4e719eab2795f77d96c4d64e85776fe84ea4e22db2079,True,2
7367,2678,021026_ML.npy,2026-10-02,2026-10-02 04:10:04.655567,7C79B4,DA42,DIAMOND AIRCRAFT INDUSTRIES,DA 42,7e36be4208344e85a1abf984fae3edd85dfd87a5b5f02de512bc6a113b307bce,True,1
7370,2681,021026_ML.npy,2026-10-02,2026-10-02 04:10:06.337465,7C79B4,DA42,DIAMOND AIRCRAFT INDUSTRIES,DA 42,21844399e538ff874383a6f8d9e0a2af083d88589e154200a9bdf40cbaa13675,True,5
7371,2682,021026_ML.npy,2026-10-02,2026-10-02 04:10:13.098060,7C79B4,DA42,DIAMOND AIRCRAFT INDUSTRIES,DA 42,f1ff8c638e1151979f0d718f8f334d9e3da8a8a0514b19e422f35ae1f814b772,True,2
7374,2685,021026_ML.npy,2026-10-02,2026-10-02 04:10:18.348185,7C79B4,DA42,DIAMOND AIRCRAFT INDUSTRIES,DA 42,02df919067673ad9f4f0275c7b3587941f92b3e06c00da661940f80ebb83a8b9,True,3
7375,2686,021026_ML.npy,2026-10-02,2026-10-02 04:10:50.473974,7C79B4,DA42,DIAMOND AIRCRAFT INDUSTRIES,DA 42,5f7471654073e0c75e15df713128059564d34d35b3504655569d77f0726bc3e3,True,5
7376,2687,021026_ML.npy,2026-10-02,2026-10-02 04:10:50.481046,7C79B4,DA42,DIAMOND AIRCRAFT INDUSTRIES,DA 42,b02ebf9a87004c06fbcf0de57736a54cb6fa16344eb4810dbc9d7d13a5c7974d,True,3
7378,2689,021026_ML.npy,2026-10-02,2026-10-02 04:10:51.878832,7C79B4,DA42,DIAMOND AIRCRAFT INDUSTRIES,DA 42,21844399e538ff874383a6f8d9e0a2af083d88589e154200a9bdf40cbaa13675,True,4
7381,2692,021026_ML.npy,2026-10-02,2026-10-02 04:10:52.026747,7C79B4,DA42,DIAMOND AIRCRAFT INDUSTRIES,DA 42,70e606fd9b8d05753639f7cf02a611a5f3a9fca7a41cefc47cbe5cc3b6ca6a99,True,1
7384,2695,021026_ML.npy,2026-10-02,2026-10-02 04:11:04.064438,7C79B4,DA42,DIAMOND AIRCRAFT INDUSTRIES,DA 42,76316d9ce0c021b10e5954246027599631c4df22a0a0bc0004dacdcf4ec7b1ba,True,1
7385,2696,021026_ML.npy,2026-10-02,2026-10-02 04:11:12.628319,7C79B4,DA42,DIAMOND AIRCRAFT INDUSTRIES,DA 42,d048b1e0d7ebb06619d4e719eab2795f77d96c4d64e85776fe84ea4e22db2079,True,5
7386,2697,021026_ML.npy,2026-10-02,2026-10-02 04:12:08.637440,7C0D65,DA42,DIAMOND AIRCRAFT INDUSTRIES INC.,DA 42,4088b7610bb8ba5eb1dac40d4c3e32e77f5b93321739c07511e6d7a7c3b1d8dd,True,1
7388,2699,021026_ML.npy,2026-10-02,2026-10-02 04:12:10.402285,7C0D65,DA42,DIAMOND AIRCRAFT INDUSTRIES INC.,DA 42,66f3a45fe00ecb30b9392f3e8cb1b3626e7ebfb9956000bdef158083073f3808,True,2
7389,2700,021026_ML.npy,2026-10-02,2026-10-02 04:12:16.147525,7C0D65,DA42,DIAMOND AIRCRAFT INDUSTRIES INC.,DA 42,6cbe5135f36b61942b47fcd55f0049194b966df7560f6a396fa7eeaa8b6ab050,True,3
7391,2702,021026_ML.npy,2026-10-02,2026-10-02 04:12:19.681620,7C0D65,DA42,DIAMOND AIRCRAFT INDUSTRIES INC.,DA 42,81824380bfb7a6186abab22c25d75413030277d4ba74be1d16a7adfab442f6df,True,2
7392,2703,021026_ML.npy,2026-10-02,2026-10-02 04:12:20.177294,7C0D65,DA42,DIAMOND AIRCRAFT INDUSTRIES INC.,DA 42,888aece87ad8bd7c2fa352a531afbde418e6dcbca411c9d723a161175c4b30d6,True,2
7393,2704,021026_ML.npy,2026-10-02,2026-10-02 04:12:21.914575,7C0D65,DA42,DIAMOND AIRCRAFT INDUSTRIES INC.,DA 42,81eb57ce8b00254f61f3d1ef2749b4dcf9a1583c97a22dcca691d2820ffe52e6,True,3
7394,2705,021026_ML.npy,2026-10-02,2026-10-02 04:12:23.597272,7C0D65,DA42,DIAMOND AIRCRAFT INDUSTRIES INC.,DA 42,6cbe5135f36b61942b47fcd55f0049194b966df7560f6a396fa7eeaa8b6ab050,True,4
7395,2706,021026_ML.npy,2026-10-02,2026-10-02 04:12:24.903055,7C0D65,DA42,DIAMOND AIRCRAFT INDUSTRIES INC.,DA 42,433e7d016e43a29c61cdfdc05002e2975cd1f5ee89d83e3e0655b6f92c60abf4,True,3
7396,2707,021026_ML.npy,2026-10-02,2026-10-02 04:12:26.585501,7C0D65,DA42,DIAMOND AIRCRAFT INDUSTRIES INC.,DA 42,66f3a45fe00ecb30b9392f3e8cb1b3626e7ebfb9956000bdef158083073f3808,True,4
7397,2708,021026_ML.npy,2026-10-02,2026-10-02 04:12:26.910065,7C0D65,DA42,DIAMOND AIRCRAFT INDUSTRIES INC.,DA 42,0a710e41ed6d04a00d92a8d2841c907dcd2b3e0c91f4424384fc308bc973ff8b,True,4
7398,2709,021026_ML.npy,2026-10-02,2026-10-02 04:12:29.376882,7C0D65,DA42,DIAMOND AIRCRAFT INDUSTRIES INC.,DA 42,4a648b0286cdfed44ea033b153040b92dab34276846c6b9def7dc076daf97b2e,True,1
7403,2714,021026_ML.npy,2026-10-02,2026-10-02 04:12:33.453771,7C0D65,DA42,DIAMOND AIRCRAFT INDUSTRIES INC.,DA 42,6cbe5135f36b61942b47fcd55f0049194b966df7560f6a396fa7eeaa8b6ab050,True,4
7404,2715,021026_ML.npy,2026-10-02,2026-10-02 04:12:34.536001,7C0D65,DA42,DIAMOND AIRCRAFT INDUSTRIES INC.,DA 42,89ffa339f9f51b3c10082f9091aeacb84c53fda405e0cac599e7a1d59a4921f7,True,3
7405,2716,021026_ML.npy,2026-10-02,2026-10-02 04:12:34.543122,7C0D65,DA42,DIAMOND AIRCRAFT INDUSTRIES INC.,DA 42,e4af879fb3e6b518cff48abe4eedc36246339c4c4a42a226dac26acf695a1e91,True,2
7407,2718,021026_ML.npy,2026-10-02,2026-10-02 04:12:35.499403,7C0D65,DA42,DIAMOND AIRCRAFT INDUSTRIES INC.,DA 42,d2667e82039a95760a7034d42e1b49025b8b3517f41dc12763bacfc83b0ba4e9,True,5
7410,2721,021026_ML.npy,2026-10-02,2026-10-02 04:12:43.061449,7C0D65,DA42,DIAMOND AIRCRAFT INDUSTRIES INC.,DA 42,66f3a45fe00ecb30b9392f3e8cb1b3626e7ebfb9956000bdef158083073f3808,True,4
7411,2722,021026_ML.npy,2026-10-02,2026-10-02 04:12:43.485090,7C0D65,DA42,DIAMOND AIRCRAFT INDUSTRIES INC.,DA 42,fad823e06a3b2c7b6175d6b87969c633695516ee7b562d7ecc6958188078f79a,True,3
7415,2726,021026_ML.npy,2026-10-02,2026-10-02 04:12:46.098306,7C0D65,DA42,DIAMOND AIRCRAFT INDUSTRIES INC.,DA 42,3d41fc6147aa567903b0c705033945ae81e3eebf9ce2a70d669309f46f23a58d,True,1
7416,2727,021026_ML.npy,2026-10-02,2026-10-02 04:12:46.633754,7C0D65,DA42,DIAMOND AIRCRAFT INDUSTRIES INC.,DA 42,f946911ce76eddd86418e5462b81f67de9b1071b9a83eee69263c1f659fd59fe,True,3
7420,2731,021026_ML.npy,2026-10-02,2026-10-02 04:12:51.876835,7C67D3,C172,CESSNA AIRCRAFT COMPANY,172S,084e7fc37e657df8fb2a10b059fc28fe750fd3780ff6a9078d50f9d65724c193,True,3
7423,2734,021026_ML.npy,2026-10-02,2026-10-02 04:12:54.326699,7C67D3,C172,CESSNA AIRCRAFT COMPANY,172S,98859d8ea52d3abc13b89f0cfa5ce70c558330590022b9c06eec1825df9c2c73,True,2
7427,2738,021026_ML.npy,2026-10-02,2026-10-02 04:12:57.011579,7C0D65,DA42,DIAMOND AIRCRAFT INDUSTRIES INC.,DA 42,15946144bed0c141a6198147eac7f69561cb2e1bad41320d959d6d823c3025c3,True,5
7437,2748,021026_ML.npy,2026-10-02,2026-10-02 04:13:06.670281,7C67D3,C172,CESSNA AIRCRAFT COMPANY,172S,ef56a895cbd0b868d19d450d8487abd84baffb944f18a4394cbc0a2bf155aa2b,True,5
7441,2752,021026_ML.npy,2026-10-02,2026-10-02 04:13:08.173766,7C0D65,DA42,DIAMOND AIRCRAFT INDUSTRIES INC.,DA 42,66f3a45fe00ecb30b9392f3e8cb1b3626e7ebfb9956000bdef158083073f3808,True,3
7447,2758,021026_ML.npy,2026-10-02,2026-10-02 04:13:21.370024,7C67D3,C172,CESSNA AIRCRAFT COMPANY,172S,b80d371805090ab316eb77f028b6e21c842e5bd4fb136d28921c5b285f5b6e4b,True,1
7456,2767,021026_ML.npy,2026-10-02,2026-10-02 04:13:38.784229,7C0D65,DA42,DIAMOND AIRCRAFT INDUSTRIES INC.,DA 42,e68cb26767e8dd9de84356fa04827cd64de971a67a715ff1014a166fb04f572d,True,1
7459,2770,021026_ML.npy,2026-10-02,2026-10-02 04:13:40.068151,7C67D3,C172,CESSNA AIRCRAFT COMPANY,172S,592bd666283a82c0e879eef19593f7e20c3ec83f587ba1b419e3406409f67f31,True,3
7460,2771,021026_ML.npy,2026-10-02,2026-10-02 04:13:40.873564,7C0D65,DA42,DIAMOND AIRCRAFT INDUSTRIES INC.,DA 42,1ceb37eaf0037c1886c878fe317180af099eb039fd31e6b6b85e39e8b5a1b5b2,True,1
7461,2772,021026_ML.npy,2026-10-02,2026-10-02 04:13:40.877500,7C0D65,DA42,DIAMOND AIRCRAFT INDUSTRIES INC.,DA 42,c7b9f80bdc48bf05d8551a6c8b6dae8a1221d7bea4b72db2bbe3df22e8bd6c59,True,3
7463,2774,021026_ML.npy,2026-10-02,2026-10-02 04:13:42.234893,7C0D65,DA42,DIAMOND AIRCRAFT INDUSTRIES INC.,DA 42,d2f460ef64daf7ba57a6cafd62f993b39d4ca5b8b6bdbe15cbf0e708b211c1f7,True,4
7470,2781,021026_ML.npy,2026-10-02,2026-10-02 04:14:30.344658,7C79B4,DA42,DIAMOND AIRCRAFT INDUSTRIES,DA 42,f765e88f331a659f2ddb43960bff6657b15924146a147903c9d0b6d3a7e15769,True,3
7471,2782,021026_ML.npy,2026-10-02,2026-10-02 04:14:33.655389,7C79B4,DA42,DIAMOND AIRCRAFT INDUSTRIES,DA 42,5f1ca5fc516f06e685b31d269476fd51508314210a5ad6234896a6e47bffe8f0,True,4
7473,2784,021026_ML.npy,2026-10-02,2026-10-02 04:14:38.303312,7C67D3,C172,CESSNA AIRCRAFT COMPANY,172S,53c826e0d24a4b7ea81148f9dfbf3dda761d575cf7c33c522b0e24e03c4fe736,True,2
7474,2785,021026_ML.npy,2026-10-02,2026-10-02 04:14:39.542601,7C79B4,DA42,DIAMOND AIRCRAFT INDUSTRIES,DA 42,c011595ae5342c89074c8f636635d688bdaf9ed1fb33c9bcf6d3967d182dbc3a,True,5
7476,2787,021026_ML.npy,2026-10-02,2026-10-02 04:14:41.633997,7C79B4,DA42,DIAMOND AIRCRAFT INDUSTRIES,DA 42,880fb78aedd384a640126a2adaa60ab537bf9aa391d140fc16e0965e99787c25,True,3
7477,2788,021026_ML.npy,2026-10-02,2026-10-02 04:14:41.743680,7C79B4,DA42,DIAMOND AIRCRAFT INDUSTRIES,DA 42,d048b1e0d7ebb06619d4e719eab2795f77d96c4d64e85776fe84ea4e22db2079,True,4
7482,2793,021026_ML.npy,2026-10-02,2026-10-02 04:14:45.475200,7C67D3,C172,CESSNA AIRCRAFT COMPANY,172S,084e7fc37e657df8fb2a10b059fc28fe750fd3780ff6a9078d50f9d65724c193,True,5
7486,2797,021026_ML.npy,2026-10-02,2026-10-02 04:14:47.401531,7C79B4,DA42,DIAMOND AIRCRAFT INDUSTRIES,DA 42,80090aa521432a024b43a445cd0eaf0818535865c12d1414c4684a5754a3dab1,True,2
7493,2804,021026_ML.npy,2026-10-02,2026-10-02 04:14:58.147986,7C79B4,DA42,DIAMOND AIRCRAFT INDUSTRIES,DA 42,f0e141c7faccf60861269fbae232e886322f0af97b507b9d36409bfad97d22ea,True,3
7496,2807,021026_ML.npy,2026-10-02,2026-10-02 04:15:02.291502,7C79B4,DA42,DIAMOND AIRCRAFT INDUSTRIES,DA 42,80090aa521432a024b43a445cd0eaf0818535865c12d1414c4684a5754a3dab1,True,1
7500,2811,021026_ML.npy,2026-10-02,2026-10-02 04:15:05.715602,7C79B4,DA42,DIAMOND AIRCRAFT INDUSTRIES,DA 42,d048b1e0d7ebb06619d4e719eab2795f77d96c4d64e85776fe84ea4e22db2079,True,3
7501,2812,021026_ML.npy,2026-10-02,2026-10-02 04:15:08.702566,7C79B4,DA42,DIAMOND AIRCRAFT INDUSTRIES,DA 42,6cb280c9528027d86801119b6081f0f904e6b72f02afee71f2a277ca9b6d1ea5,True,1
7503,2814,021026_ML.npy,2026-10-02,2026-10-02 04:15:09.454481,7C79B4,DA42,DIAMOND AIRCRAFT INDUSTRIES,DA 42,d048b1e0d7ebb06619d4e719eab2795f77d96c4d64e85776fe84ea4e22db2079,True,2
7504,2815,021026_ML.npy,2026-10-02,2026-10-02 04:15:11.687564,7C79B4,DA42,DIAMOND AIRCRAFT INDUSTRIES,DA 42,c8c6e72e15b95d7154563bfb09ad54650dc7c347b432e41b00e570e686d10adc,True,3
7506,2817,021026_ML.npy,2026-10-02,2026-10-02 04:15:12.246264,7C79B4,DA42,DIAMOND AIRCRAFT INDUSTRIES,DA 42,d632b2cca9d6047865c5ef3bd601e49fc3ce33acefc85563a5126beea1f946c1,True,4
7510,2821,021026_ML.npy,2026-10-02,2026-10-02 04:15:15.845968,7C79B4,DA42,DIAMOND AIRCRAFT INDUSTRIES,DA 42,86ef82978baa85f7a049fc21a21746efbc2031150ab1fdb165e03d812c507a5c,True,2
7511,2822,021026_ML.npy,2026-10-02,2026-10-02 04:15:15.852284,7C79B4,DA42,DIAMOND AIRCRAFT INDUSTRIES,DA 42,7013a47b11572c7536cb1e2c3679efc6dbbea6592cb8d9b1a1f677aefee00612,True,4
7512,2823,021026_ML.npy,2026-10-02,2026-10-02 04:15:19.232502,7C79B4,DA42,DIAMOND AIRCRAFT INDUSTRIES,DA 42,511c5715bd503571321f40e3e8ec885f0bb1a6a665d2614d5f9246efeead6337,True,4
7513,2824,021026_ML.npy,2026-10-02,2026-10-02 04:15:21.797037,7C79B4,DA42,DIAMOND AIRCRAFT INDUSTRIES,DA 42,21844399e538ff874383a6f8d9e0a2af083d88589e154200a9bdf40cbaa13675,True,4
7515,2826,021026_ML.npy,2026-10-02,2026-10-02 04:15:24.737479,7C79B4,DA42,DIAMOND AIRCRAFT INDUSTRIES,DA 42,af018a0ed49811a84ab6ff4487a2f0b91f635ca99448da32d13c32225dfcedf5,True,4
7516,2827,021026_ML.npy,2026-10-02,2026-10-02 04:15:38.020082,7C79B4,DA42,DIAMOND AIRCRAFT INDUSTRIES,DA 42,52e04cf9e2c711151bc9719c3cd3d7331bba42f50960ec0c3563f36d8cdcad6a,True,1
7517,2828,021026_ML.npy,2026-10-02,2026-10-02 04:15:44.418981,7C79B4,DA42,DIAMOND AIRCRAFT INDUSTRIES,DA 42,0f9d8b30c3a3dbca52ba1c760fa6990f07bf09dbec407f8d286f7002cd2fb144,True,2
7518,2829,021026_ML.npy,2026-10-02,2026-10-02 04:16:17.650499,7C0D65,DA42,DIAMOND AIRCRAFT INDUSTRIES INC.,DA 42,8f0ef2af548068728fbf4623e8cf6cb56dd03b669fead57ad7b56fb8ddaecb59,True,4
7524,2835,021026_ML.npy,2026-10-02,2026-10-02 04:16:22.840591,7C79B4,DA42,DIAMOND AIRCRAFT INDUSTRIES,DA 42,f168d58d0c767bc1ad83e019f206807ce7a6db3e5c82a28c612790925aedfd19,True,5
7525,2836,021026_ML.npy,2026-10-02,2026-10-02 04:16:23.058411,7C79B4,DA42,DIAMOND AIRCRAFT INDUSTRIES,DA 42,d048b1e0d7ebb06619d4e719eab2795f77d96c4d64e85776fe84ea4e22db2079,True,5
7527,2838,021026_ML.npy,2026-10-02,2026-10-02 04:16:32.648203,7C0D65,DA42,DIAMOND AIRCRAFT INDUSTRIES INC.,DA 42,1ed7330c08d5cc93adb8dc757cdd1e800b44947af07d231bc05bd410b3e62ffd,True,5
7528,2839,021026_ML.npy,2026-10-02,2026-10-02 04:16:33.580701,7C0D65,DA42,DIAMOND AIRCRAFT INDUSTRIES INC.,DA 42,3d8a9b56ec080687457526992dbb363ef5d4f32df67d2e9858949299dfcf0215,True,2
7529,2840,021026_ML.npy,2026-10-02,2026-10-02 04:16:34.046563,7C0D65,DA42,DIAMOND AIRCRAFT INDUSTRIES INC.,DA 42,dcde352cae54e7c3b65f8e6dd4ec426e81edf610050b16ac9aa0221b892aa087,True,3
7534,2845,021026_ML.npy,2026-10-02,2026-10-02 04:16:40.350007,7C79B4,DA42,DIAMOND AIRCRAFT INDUSTRIES,DA 42,cac266ba0fc586b9cc773e3709423bd3ec0c6048b6ac53c655db8e8a47184669,True,4
7536,2847,021026_ML.npy,2026-10-02,2026-10-02 04:16:40.367588,7C0D65,DA42,DIAMOND AIRCRAFT INDUSTRIES INC.,DA 42,6cbe5135f36b61942b47fcd55f0049194b966df7560f6a396fa7eeaa8b6ab050,True,4
7538,2849,021026_ML.npy,2026-10-02,2026-10-02 04:16:42.551462,7C0D65,DA42,DIAMOND AIRCRAFT INDUSTRIES INC.,DA 42,66f3a45fe00ecb30b9392f3e8cb1b3626e7ebfb9956000bdef158083073f3808,True,1
7539,2850,021026_ML.npy,2026-10-02,2026-10-02 04:16:42.621164,7C0D65,DA42,DIAMOND AIRCRAFT INDUSTRIES INC.,DA 42,29923b5267d51140651f560528c699598cb88a237019f2dc45dff7994020b131,True,5
7541,2852,021026_ML.npy,2026-10-02,2026-10-02 04:16:43.645126,7C0D65,DA42,DIAMOND AIRCRAFT INDUSTRIES INC.,DA 42,04b686c1dec303818333a823dea86669591a2b34efd8efd724eb57585ffe13ec,True,2
7543,2854,021026_ML.npy,2026-10-02,2026-10-02 04:16:44.070361,7C0D65,DA42,DIAMOND AIRCRAFT INDUSTRIES INC.,DA 42,66a3dbce8af15a94fe057c92707c1e7e97396474b65e94bad1d6e7d68e2631d0,True,3
7545,2856,021026_ML.npy,2026-10-02,2026-10-02 04:16:44.652696,7C0D65,DA42,DIAMOND AIRCRAFT INDUSTRIES INC.,DA 42,ccf10f4b5648d9fce902e2fac299435ddfe4b00d7c49c215d6dd0ce77d049192,True,1
7546,2857,021026_ML.npy,2026-10-02,2026-10-02 04:16:44.656553,7C0D65,DA42,DIAMOND AIRCRAFT INDUSTRIES INC.,DA 42,b8ef6ce226d8bfcbf284b8649256a2ff2de462d210db6fa221c96a6cd162e57d,True,3
7547,2858,021026_ML.npy,2026-10-02,2026-10-02 04:16:45.057270,7C0D65,DA42,DIAMOND AIRCRAFT INDUSTRIES INC.,DA 42,47a30336021c64924d3a9d86c94ffeb58f8102748ace25a1f9bd9aeeb8d3f0f2,True,1
7549,2860,021026_ML.npy,2026-10-02,2026-10-02 04:16:45.458414,7C79B4,DA42,DIAMOND AIRCRAFT INDUSTRIES,DA 42,e0e65d88568eeb02fc054f4a93a395f2ac5424b9db5d0904c8e81598e231a820,True,1
7553,2864,021026_ML.npy,2026-10-02,2026-10-02 04:16:52.920043,7C0D65,DA42,DIAMOND AIRCRAFT INDUSTRIES INC.,DA 42,d8075c4479fd8a529741895b0fb71e148d20a7171bab6c2b4640683b9a095c3c,True,3
7554,2865,021026_ML.npy,2026-10-02,2026-10-02 04:16:52.924434,7C0D65,DA42,DIAMOND AIRCRAFT INDUSTRIES INC.,DA 42,1e8a864cb0a90936cf5f3d0bddff6b956802d6bb3473fc0c042765482073495a,True,4
7555,2866,021026_ML.npy,2026-10-02,2026-10-02 04:16:53.335576,7C0D65,DA42,DIAMOND AIRCRAFT INDUSTRIES INC.,DA 42,0052a0170572633c27642cb7508d1a2683c6916202dd7d985a473fe9a9ed1534,True,3
7559,2870,021026_ML.npy,2026-10-02,2026-10-02 04:16:59.435821,7C0D65,DA42,DIAMOND AIRCRAFT INDUSTRIES INC.,DA 42,989bfe559107b06cf4b71fce2321760cbb132662757473f6b13ad40cf0a72c55,True,3
7560,2871,021026_ML.npy,2026-10-02,2026-10-02 04:16:59.746935,7C0D65,DA42,DIAMOND AIRCRAFT INDUSTRIES INC.,DA 42,66f3a45fe00ecb30b9392f3e8cb1b3626e7ebfb9956000bdef158083073f3808,True,3
7563,2874,021026_ML.npy,2026-10-02,2026-10-02 04:17:04.729724,7C0D65,DA42,DIAMOND AIRCRAFT INDUSTRIES INC.,DA 42,1146bdaab7fd0aeda51d43a14cb30ba7bdadb68fbf7ab79fc61f5955035d2683,True,4
7569,2880,021026_ML.npy,2026-10-02,2026-10-02 04:17:08.438085,7C0D65,DA42,DIAMOND AIRCRAFT INDUSTRIES INC.,DA 42,c8c109d218dce2e059cbf659c7d4df48ac6fd1c5053e911b4511d094d98e19fa,True,3
7572,2883,021026_ML.npy,2026-10-02,2026-10-02 04:17:13.419330,7C0D65,DA42,DIAMOND AIRCRAFT INDUSTRIES INC.,DA 42,66f3a45fe00ecb30b9392f3e8cb1b3626e7ebfb9956000bdef158083073f3808,True,1
7573,2884,021026_ML.npy,2026-10-02,2026-10-02 04:17:16.186924,7C0D65,DA42,DIAMOND AIRCRAFT INDUSTRIES INC.,DA 42,7f0112ce07c2e52368f7fdd47a071aafb488dc1b2e6a621d2a3f98c3168e3cf0,True,4
7578,2889,021026_ML.npy,2026-10-02,2026-10-02 04:17:20.831368,7C0D65,DA42,DIAMOND AIRCRAFT INDUSTRIES INC.,DA 42,f987131bf53837bbc7bfe8794d0d8b98be55522d06a05cbf80351c9ff554831d,True,2
7579,2890,021026_ML.npy,2026-10-02,2026-10-02 04:17:21.871211,7C0D65,DA42,DIAMOND AIRCRAFT INDUSTRIES INC.,DA 42,a8d98140837b3d393fa0423b4fb726fb4a39b69bb0ca06490d609675c145f5d1,True,3
7581,2892,021026_ML.npy,2026-10-02,2026-10-02 04:17:24.510597,7C0D65,DA42,DIAMOND AIRCRAFT INDUSTRIES INC.,DA 42,4b34a8cd9061d45028e528abe082e76d49d6a75ca36d6325a08dbbd689395e34,True,4
7584,2895,021026_ML.npy,2026-10-02,2026-10-02 04:17:35.112319,7C67D3,C172,CESSNA AIRCRAFT COMPANY,172S,98859d8ea52d3abc13b89f0cfa5ce70c558330590022b9c06eec1825df9c2c73,True,3
7593,2904,021026_ML.npy,2026-10-02,2026-10-02 04:17:51.137723,7C67D3,C172,CESSNA AIRCRAFT COMPANY,172S,cac9f7af7132bf8f18100a2077360f28aaece7d154bd949f22ca1fe01cdc77f5,True,2
7596,2907,021026_ML.npy,2026-10-02,2026-10-02 04:17:53.046781,7C67D3,C172,CESSNA AIRCRAFT COMPANY,172S,1a8d1dbcad8fffdf3ecac6e5adc0978321c8931c132126329a8384ca43b3f5a7,True,4
7597,2908,021026_ML.npy,2026-10-02,2026-10-02 04:17:53.969746,7C67D3,C172,CESSNA AIRCRAFT COMPANY,172S,c865cd016f7c69041ff38cb1cf02041f12468f9aecfe9d68bca30a71daeec212,True,4
7601,2912,021026_ML.npy,2026-10-02,2026-10-02 04:18:02.340142,7C0D65,DA42,DIAMOND AIRCRAFT INDUSTRIES INC.,DA 42,66f3a45fe00ecb30b9392f3e8cb1b3626e7ebfb9956000bdef158083073f3808,True,3
7603,2914,021026_ML.npy,2026-10-02,2026-10-02 04:18:07.728681,7C67D3,C172,CESSNA AIRCRAFT COMPANY,172S,98859d8ea52d3abc13b89f0cfa5ce70c558330590022b9c06eec1825df9c2c73,True,5
7606,2917,021026_ML.npy,2026-10-02,2026-10-02 04:18:20.341219,7C0D65,DA42,DIAMOND AIRCRAFT INDUSTRIES INC.,DA 42,bfe08532152a92b5616680613212af10d9f074ec4a0e6886bf24dc53c4a697ed,True,3
7607,2918,021026_ML.npy,2026-10-02,2026-10-02 04:18:20.345947,7C0D65,DA42,DIAMOND AIRCRAFT INDUSTRIES INC.,DA 42,4a0887323a861c17734cfcab52a2850ed4f3f44c2444362c22c9242a0a1b24c9,True,5
7609,2920,021026_ML.npy,2026-10-02,2026-10-02 04:18:20.879504,7C67D3,C172,CESSNA AIRCRAFT COMPANY,172S,6f9a07cdafb0f4e53d69b4f785709de2c5750fe925f86f7632dd5f86dc483263,True,3
7610,2921,021026_ML.npy,2026-10-02,2026-10-02 04:18:24.631048,7C67D3,C172,CESSNA AIRCRAFT COMPANY,172S,1ba20410e9e9fb8658f45e0f411f0d46ed27e1e303d8fe44a4c93266a88c7d2a,True,1
7619,2930,021026_ML.npy,2026-10-02,2026-10-02 04:19:04.057622,7C7C39,DA40,DIAMOND AIRCRAFT INDUSTRIES INC.,DA 40,4e9ac11f1d556756de806974acf526835dc78aeffa1512371276c8e917622562,True,1
7623,2934,021026_ML.npy,2026-10-02,2026-10-02 04:19:10.197552,7C7C39,DA40,DIAMOND AIRCRAFT INDUSTRIES INC.,DA 40,4e9ac11f1d556756de806974acf526835dc78aeffa1512371276c8e917622562,True,1
7631,2942,021026_ML.npy,2026-10-02,2026-10-02 04:19:17.322854,7C7C39,DA40,DIAMOND AIRCRAFT INDUSTRIES INC.,DA 40,0ea3cc7169c6256d1d2fcfc71efaa0ce014562f80cdb064e1072104635aa2cd8,True,4
7644,2955,021026_ML.npy,2026-10-02,2026-10-02 04:19:32.606567,7C79B4,DA42,DIAMOND AIRCRAFT INDUSTRIES,DA 42,453cad09e39fbd94911b5cf1c0c0059b2a75d118a13454116e792b69b84a871f,True,1
7648,2959,021026_ML.npy,2026-10-02,2026-10-02 04:19:33.855268,7C7C39,DA40,DIAMOND AIRCRAFT INDUSTRIES INC.,DA 40,d978578a9352387723f1c7911482591ed41fcf09bc62f97830bb6c6f2608e7c6,True,2
7649,2960,021026_ML.npy,2026-10-02,2026-10-02 04:19:35.617342,7C79B4,DA42,DIAMOND AIRCRAFT INDUSTRIES,DA 42,b8ee0ef83a3128857ff5666ba88206a2044a56877024a58b1943d0eb3e901083,True,5
7650,2961,021026_ML.npy,2026-10-02,2026-10-02 04:19:35.624264,7C79B4,DA42,DIAMOND AIRCRAFT INDUSTRIES,DA 42,e1d3789592a20dd560b1d237233b7e87f19b26b8c8d60e32061d440bdf2fcabc,True,5
7655,2966,021026_ML.npy,2026-10-02,2026-10-02 04:19:40.915599,7C79B4,DA42,DIAMOND AIRCRAFT INDUSTRIES,DA 42,037749dd4e92eb9e13894e2c3fb6e5f9d268e1dd3ccda218e9bef73f11712bf4,True,1
7656,2967,021026_ML.npy,2026-10-02,2026-10-02 04:19:42.259963,7C79B4,DA42,DIAMOND AIRCRAFT INDUSTRIES,DA 42,d048b1e0d7ebb06619d4e719eab2795f77d96c4d64e85776fe84ea4e22db2079,True,4
7661,2972,021026_ML.npy,2026-10-02,2026-10-02 04:20:01.731186,7C79B4,DA42,DIAMOND AIRCRAFT INDUSTRIES,DA 42,00bc1c858085a335c99fba9ea8d579f308206c6f746c527a779c627d773385a5,True,4
7662,2973,021026_ML.npy,2026-10-02,2026-10-02 04:20:09.287241,7C79B4,DA42,DIAMOND AIRCRAFT INDUSTRIES,DA 42,06ccaf4ba66f89cd0b4f2c08af50c6340e5dd3d55b2e32ab6c119a846aef74ae,True,3
7663,2974,021026_ML.npy,2026-10-02,2026-10-02 04:20:09.786933,7C79B4,DA42,DIAMOND AIRCRAFT INDUSTRIES,DA 42,0f78e496f58330cf7eb8996290fedef145b5276f451319a29826fd9e25b6308e,True,4
7664,2975,021026_ML.npy,2026-10-02,2026-10-02 04:20:12.060962,7C79B4,DA42,DIAMOND AIRCRAFT INDUSTRIES,DA 42,32f0349f340aa8cda41a4f60f63ddb4f2369e306f9d6d4ae79231ab29517d90f,True,4
7666,2977,021026_ML.npy,2026-10-02,2026-10-02 04:20:16.712308,7C79B4,DA42,DIAMOND AIRCRAFT INDUSTRIES,DA 42,9345f5c34e88d9244410ee625354a3e0858300f60533c33abbd4a49371b748fa,True,1
7668,2979,021026_ML.npy,2026-10-02,2026-10-02 04:20:17.688720,7C79B4,DA42,DIAMOND AIRCRAFT INDUSTRIES,DA 42,fc6f56e3ea9efa509675267e1bb5a99650c81d442fa7d4edb4515b397a88b331,True,5
7669,2980,021026_ML.npy,2026-10-02,2026-10-02 04:20:20.629561,7C79B4,DA42,DIAMOND AIRCRAFT INDUSTRIES,DA 42,21844399e538ff874383a6f8d9e0a2af083d88589e154200a9bdf40cbaa13675,True,2
7672,2983,021026_ML.npy,2026-10-02,2026-10-02 04:20:23.072489,7C7C39,DA40,DIAMOND AIRCRAFT INDUSTRIES INC.,DA 40,b2f763de1163237066ef211d2ea092e182493a92d77d34880c1087b2c9f870f9,True,5
7674,2985,021026_ML.npy,2026-10-02,2026-10-02 04:20:24.481660,7C79B4,DA42,DIAMOND AIRCRAFT INDUSTRIES,DA 42,2a195c29e60d6c8339d91b26a4e1e6aafa4a9f273cc869a01bfb934e349a4e0a,True,5
7675,2986,021026_ML.npy,2026-10-02,2026-10-02 04:20:29.916185,7C79B4,DA42,DIAMOND AIRCRAFT INDUSTRIES,DA 42,d048b1e0d7ebb06619d4e719eab2795f77d96c4d64e85776fe84ea4e22db2079,True,3
7676,2987,021026_ML.npy,2026-10-02,2026-10-02 04:20:30.081658,7C79B4,DA42,DIAMOND AIRCRAFT INDUSTRIES,DA 42,412cd32605773d039c22686f72c0e65ebdf0f358bf7ba0cfddea7eb3d7c255f7,True,2
7679,2990,021026_ML.npy,2026-10-02,2026-10-02 04:20:30.961391,7C79B4,DA42,DIAMOND AIRCRAFT INDUSTRIES,DA 42,aad7ac66a04d3a9e7c20092165925fca6c2df53f1fbdd7b103ee926ffced518f,True,4
7681,2992,021026_ML.npy,2026-10-02,2026-10-02 04:20:32.456635,7C79B4,DA42,DIAMOND AIRCRAFT INDUSTRIES,DA 42,d048b1e0d7ebb06619d4e719eab2795f77d96c4d64e85776fe84ea4e22db2079,True,3
7682,2993,021026_ML.npy,2026-10-02,2026-10-02 04:20:33.368298,7C79B4,DA42,DIAMOND AIRCRAFT INDUSTRIES,DA 42,76316d9ce0c021b10e5954246027599631c4df22a0a0bc0004dacdcf4ec7b1ba,True,1
7686,2997,021026_ML.npy,2026-10-02,2026-10-02 04:20:35.618787,7C79B4,DA42,DIAMOND AIRCRAFT INDUSTRIES,DA 42,357693bb099219cc6bcb48b1cd95a91c71b1e962e60f08e8747a74aa2924ffce,True,4
7687,2998,021026_ML.npy,2026-10-02,2026-10-02 04:20:38.196791,7C79B4,DA42,DIAMOND AIRCRAFT INDUSTRIES,DA 42,1687a5a3266854118ce296c8f1acd966df673e2159ea5f226af46b6eb2105583,True,3
7688,2999,021026_ML.npy,2026-10-02,2026-10-02 04:20:39.736708,7C79B4,DA42,DIAMOND AIRCRAFT INDUSTRIES,DA 42,a0ee387186f0b78b803231e5c077f963294d814fcd326ce6b46166c1320ec50c,True,5
7690,3001,021026_ML.npy,2026-10-02,2026-10-02 04:20:42.263836,7C79B4,DA42,DIAMOND AIRCRAFT INDUSTRIES,DA 42,a6d25e8d75a0f38f54cd127bef70d27235d9a716dbade942797563f16db49868,True,4
7693,3004,021026_ML.npy,2026-10-02,2026-10-02 04:20:44.699970,7C79B4,DA42,DIAMOND AIRCRAFT INDUSTRIES,DA 42,7a12c7e23fa5d860c5870bbe11a9f29f1381dc92e78321a3259de16088fa5d4a,True,3
7696,3007,021026_ML.npy,2026-10-02,2026-10-02 04:20:52.919347,7C79B4,DA42,DIAMOND AIRCRAFT INDUSTRIES,DA 42,80090aa521432a024b43a445cd0eaf0818535865c12d1414c4684a5754a3dab1,True,2
7697,3008,021026_ML.npy,2026-10-02,2026-10-02 04:20:54.522823,7C79B4,DA42,DIAMOND AIRCRAFT INDUSTRIES,DA 42,468dbfcc73329195d46e2db4ca7d2cdb26b2e354bee89ca444d5d6db4f3f6f27,True,2
7699,3010,021026_ML.npy,2026-10-02,2026-10-02 04:20:56.326782,7C0D65,DA42,DIAMOND AIRCRAFT INDUSTRIES INC.,DA 42,0ac918b4de2488336a850100034138be79a1e5b6aa50ad9e65791ec10b0dff79,True,1
7703,3014,021026_ML.npy,2026-10-02,2026-10-02 04:21:19.971029,7C0D65,DA42,DIAMOND AIRCRAFT INDUSTRIES INC.,DA 42,5f1cfc0fd10bbbc428a5bb3c6df79941fd244394148deaa87b2a9bf60cfeca02,True,4
7704,3015,021026_ML.npy,2026-10-02,2026-10-02 04:21:23.679978,7C0D65,DA42,DIAMOND AIRCRAFT INDUSTRIES INC.,DA 42,9adee4bcfd4c806e67ef59600ad6b4e42a06b70897734bf7968e7e790c157a87,True,3
7708,3019,021026_ML.npy,2026-10-02,2026-10-02 04:21:28.219466,7C0D65,DA42,DIAMOND AIRCRAFT INDUSTRIES INC.,DA 42,561a6cfd8ea11eb2c46da203f89f15c7e0710e1fa857127a5cbb33a9276e5c6c,True,2
7714,3025,021026_ML.npy,2026-10-02,2026-10-02 04:21:36.360501,7C0D65,DA42,DIAMOND AIRCRAFT INDUSTRIES INC.,DA 42,66f3a45fe00ecb30b9392f3e8cb1b3626e7ebfb9956000bdef158083073f3808,True,1
7719,3030,021026_ML.npy,2026-10-02,2026-10-02 04:21:40.398492,7C0D65,DA42,DIAMOND AIRCRAFT INDUSTRIES INC.,DA 42,8da8a786e497402c9a0493b2edb6a1b057d9bf860a57d4811f1ad05d8e50affd,True,1
7721,3032,021026_ML.npy,2026-10-02,2026-10-02 04:21:41.957428,7C0D65,DA42,DIAMOND AIRCRAFT INDUSTRIES INC.,DA 42,77ad1406beb835ca74456121412add9b8d1d3db8925aabc24c599311adbbdf05,True,5
7724,3035,021026_ML.npy,2026-10-02,2026-10-02 04:21:46.104135,7C0D65,DA42,DIAMOND AIRCRAFT INDUSTRIES INC.,DA 42,2e38613aa9414a706cd9bedebd6fb4979b26e4a7bdc5c518daad70ee83b57c0e,True,3
7726,3037,021026_ML.npy,2026-10-02,2026-10-02 04:21:46.264205,7C79B4,DA42,DIAMOND AIRCRAFT INDUSTRIES,DA 42,d048b1e0d7ebb06619d4e719eab2795f77d96c4d64e85776fe84ea4e22db2079,True,4
7727,3038,021026_ML.npy,2026-10-02,2026-10-02 04:21:46.347495,7C79B4,DA42,DIAMOND AIRCRAFT INDUSTRIES,DA 42,7f526f6975ed534e91cf8e5abdb6bb893616e8b2d5c333abf458630679e619bc,True,5
7729,3040,021026_ML.npy,2026-10-02,2026-10-02 04:21:47.624549,7C0D65,DA42,DIAMOND AIRCRAFT INDUSTRIES INC.,DA 42,66f3a45fe00ecb30b9392f3e8cb1b3626e7ebfb9956000bdef158083073f3808,True,1
7730,3041,021026_ML.npy,2026-10-02,2026-10-02 04:21:48.240510,7C0D65,DA42,DIAMOND AIRCRAFT INDUSTRIES INC.,DA 42,7c8dca113bd80c45efe0215d3aa8f920f0369bb9c9ca83a4972ae1799ae14553,True,5
7732,3043,021026_ML.npy,2026-10-02,2026-10-02 04:21:51.173304,7C0D65,DA42,DIAMOND AIRCRAFT INDUSTRIES INC.,DA 42,8ee1711378bccd38700075ccce199dcab3c9cd0eb8f4b99bf2f9fe99adf1944b,True,5
7734,3045,021026_ML.npy,2026-10-02,2026-10-02 04:21:55.054629,7C0D65,DA42,DIAMOND AIRCRAFT INDUSTRIES INC.,DA 42,66f3a45fe00ecb30b9392f3e8cb1b3626e7ebfb9956000bdef158083073f3808,True,5
7737,3048,021026_ML.npy,2026-10-02,2026-10-02 04:22:01.265040,7C0D65,DA42,DIAMOND AIRCRAFT INDUSTRIES INC.,DA 42,e690a91c62d09e8db35dcf9f1c50ae5c33899b48ee1f37cf811acf4732c89321,True,2
7740,3051,021026_ML.npy,2026-10-02,2026-10-02 04:22:12.730256,7C0D65,DA42,DIAMOND AIRCRAFT INDUSTRIES INC.,DA 42,99a3d7482c788cf4c8269ff49bf080647efb2ce733d59d4d3ba7721329ebbd91,True,2
7741,3052,021026_ML.npy,2026-10-02,2026-10-02 04:22:17.189919,7C0D65,DA42,DIAMOND AIRCRAFT INDUSTRIES INC.,DA 42,69feba7ac8e1fe8ada50aeb47eb9919898b681eb1559d264e7206de56d33f3ae,True,5
7742,3053,021026_ML.npy,2026-10-02,2026-10-02 04:22:21.598716,7C67D3,C172,CESSNA AIRCRAFT COMPANY,172S,98859d8ea52d3abc13b89f0cfa5ce70c558330590022b9c06eec1825df9c2c73,True,3
7754,3065,021026_ML.npy,2026-10-02,2026-10-02 04:22:44.088034,7C67D3,C172,CESSNA AIRCRAFT COMPANY,172S,edacb6d2cbcab5d0a087542cecee103486fe8edddae2904386e1417fbbe39648,True,3
7761,3072,021026_ML.npy,2026-10-02,2026-10-02 04:22:55.535551,7C67D3,C172,CESSNA AIRCRAFT COMPANY,172S,4d8e0f6aeb3fb3dd443a3a040ba37edce956653b96b9bcb4e8b0d18e9a91c6b2,True,4
7762,3073,021026_ML.npy,2026-10-02,2026-10-02 04:22:56.495767,7C67D3,C172,CESSNA AIRCRAFT COMPANY,172S,40ff22e1bf2490ba83b41f3562b8e664168cfb7a58d1858a23d0404daae48ede,True,5
7764,3075,021026_ML.npy,2026-10-02,2026-10-02 04:22:57.451382,7C67D3,C172,CESSNA AIRCRAFT COMPANY,172S,084e7fc37e657df8fb2a10b059fc28fe750fd3780ff6a9078d50f9d65724c193,True,4
7765,3076,021026_ML.npy,2026-10-02,2026-10-02 04:22:57.830463,7C0D65,DA42,DIAMOND AIRCRAFT INDUSTRIES INC.,DA 42,e7c04e52130f32ec44f99e6e1de63fb4fac1ace94e0b2d3ecaaf269cfa8db5ea,True,2
7766,3077,021026_ML.npy,2026-10-02,2026-10-02 04:22:57.839169,7C0D65,DA42,DIAMOND AIRCRAFT INDUSTRIES INC.,DA 42,f198a43920c319893d5bc83cb49eb1cf417a35d4ef3f77f716a796c4e37fbf2f,True,2
7771,3082,021026_ML.npy,2026-10-02,2026-10-02 04:23:01.951869,7C67D3,C172,CESSNA AIRCRAFT COMPANY,172S,2f5af13eeca9034d2c49ad68bf79e28ea523849de15497f0c93c289428aab96e,True,1
7776,3087,021026_ML.npy,2026-10-02,2026-10-02 04:24:15.208632,7C67D3,C172,CESSNA AIRCRAFT COMPANY,172S,40add6b3837d742e170833a9aee469afc0f4a41a2122961f07ab27e8d1b6245d,True,2
7780,3091,021026_ML.npy,2026-10-02,2026-10-02 04:25:12.456364,7C79B4,DA42,DIAMOND AIRCRAFT INDUSTRIES,DA 42,0d831d6e2462317cb84ead305dd482bcfcf5969b698e5948287d293f488a5bbd,True,4
7782,3093,021026_ML.npy,2026-10-02,2026-10-02 04:25:15.058672,7C79B4,DA42,DIAMOND AIRCRAFT INDUSTRIES,DA 42,d048b1e0d7ebb06619d4e719eab2795f77d96c4d64e85776fe84ea4e22db2079,True,5
7784,3095,021026_ML.npy,2026-10-02,2026-10-02 04:25:16.236088,7C79B4,DA42,DIAMOND AIRCRAFT INDUSTRIES,DA 42,76316d9ce0c021b10e5954246027599631c4df22a0a0bc0004dacdcf4ec7b1ba,True,5
7785,3096,021026_ML.npy,2026-10-02,2026-10-02 04:25:19.973981,7C79B4,DA42,DIAMOND AIRCRAFT INDUSTRIES,DA 42,d048b1e0d7ebb06619d4e719eab2795f77d96c4d64e85776fe84ea4e22db2079,True,4
7786,3097,021026_ML.npy,2026-10-02,2026-10-02 04:25:21.196482,7C79B4,DA42,DIAMOND AIRCRAFT INDUSTRIES,DA 42,d048b1e0d7ebb06619d4e719eab2795f77d96c4d64e85776fe84ea4e22db2079,True,1
7787,3098,021026_ML.npy,2026-10-02,2026-10-02 04:25:22.102424,7C79B4,DA42,DIAMOND AIRCRAFT INDUSTRIES,DA 42,80090aa521432a024b43a445cd0eaf0818535865c12d1414c4684a5754a3dab1,True,1
7790,3101,021026_ML.npy,2026-10-02,2026-10-02 04:25:23.638991,7C79B4,DA42,DIAMOND AIRCRAFT INDUSTRIES,DA 42,d048b1e0d7ebb06619d4e719eab2795f77d96c4d64e85776fe84ea4e22db2079,True,5
7795,3106,021026_ML.npy,2026-10-02,2026-10-02 04:25:36.100694,7C79B4,DA42,DIAMOND AIRCRAFT INDUSTRIES,DA 42,215915771a8147789576b362602fbb372ef248e1d2019749a6a1f410e9aad257,True,2
7797,3108,021026_ML.npy,2026-10-02,2026-10-02 04:25:43.511607,7C79B4,DA42,DIAMOND AIRCRAFT INDUSTRIES,DA 42,d048b1e0d7ebb06619d4e719eab2795f77d96c4d64e85776fe84ea4e22db2079,True,4
7798,3109,021026_ML.npy,2026-10-02,2026-10-02 04:25:45.749295,7C79B4,DA42,DIAMOND AIRCRAFT INDUSTRIES,DA 42,de82333491422327b94c282815cb5144753b493d90a5f49d273eb27fdfa21724,True,3
7800,3111,021026_ML.npy,2026-10-02,2026-10-02 04:25:47.178715,7C79B4,DA42,DIAMOND AIRCRAFT INDUSTRIES,DA 42,63d8f8315413eb67643c5f3a078163822860d9dcdb7a4cacec872ee4fdebda98,True,5
7801,3112,021026_ML.npy,2026-10-02,2026-10-02 04:25:47.184947,7C79B4,DA42,DIAMOND AIRCRAFT INDUSTRIES,DA 42,b937fe11522e4f71e7360fecc2c15660b48a961fe9069f568fab1cf48111dfd9,True,3
7802,3113,021026_ML.npy,2026-10-02,2026-10-02 04:25:48.252102,7C79B4,DA42,DIAMOND AIRCRAFT INDUSTRIES,DA 42,a22bdcf476a76a7d711b01a8a2268ea22bad503dd7af825f3d2e8abaf1a3b07b,True,5
7804,3115,021026_ML.npy,2026-10-02,2026-10-02 04:25:48.399564,7C79B4,DA42,DIAMOND AIRCRAFT INDUSTRIES,DA 42,d048b1e0d7ebb06619d4e719eab2795f77d96c4d64e85776fe84ea4e22db2079,True,4
7806,3117,021026_ML.npy,2026-10-02,2026-10-02 04:25:49.205468,7C79B4,DA42,DIAMOND AIRCRAFT INDUSTRIES,DA 42,42ff5c47aa128a54f689f3cdd4d400d564747b899bc97d9510bcce73f926b406,True,4
7812,3123,021026_ML.npy,2026-10-02,2026-10-02 04:25:55.176763,7C79B4,DA42,DIAMOND AIRCRAFT INDUSTRIES,DA 42,51e5be00be76070daa7307a9849caeb067fdabae14d2d80d69dbaf690a045a42,True,5
7815,3126,021026_ML.npy,2026-10-02,2026-10-02 04:26:05.665512,7C79B4,DA42,DIAMOND AIRCRAFT INDUSTRIES,DA 42,95a817fc8d388767859676a5079bc3f5c6c7d34cb5d3947727544c9aad454502,True,5
7819,3130,021026_ML.npy,2026-10-02,2026-10-02 04:26:32.586849,7C0D65,DA42,DIAMOND AIRCRAFT INDUSTRIES INC.,DA 42,4317254fbfb96ff01fa800a7b44e9e67e9189334cc3b2a7460816f9c6fe522d2,True,3
7820,3131,021026_ML.npy,2026-10-02,2026-10-02 04:26:33.632570,7C0D65,DA42,DIAMOND AIRCRAFT INDUSTRIES INC.,DA 42,2f5fe3d8765a8477d7d27bfa3136c4f177a8c4b72e2fa72dba8df3d887a668c7,True,1
7821,3132,021026_ML.npy,2026-10-02,2026-10-02 04:26:39.277174,7C0D65,DA42,DIAMOND AIRCRAFT INDUSTRIES INC.,DA 42,10ae3ef68c4ab04e08296ba33a3d4fce0353b427804f3e5838a139cec54c6bf2,True,5
7822,3133,021026_ML.npy,2026-10-02,2026-10-02 04:26:39.683440,7C0D65,DA42,DIAMOND AIRCRAFT INDUSTRIES INC.,DA 42,60715d50605c2a089769aee4ad2519496f72bd4d6f36a3d4a123af19d56c7576,True,3
7823,3134,021026_ML.npy,2026-10-02,2026-10-02 04:26:41.927746,7C0D65,DA42,DIAMOND AIRCRAFT INDUSTRIES INC.,DA 42,66f3a45fe00ecb30b9392f3e8cb1b3626e7ebfb9956000bdef158083073f3808,True,5
7826,3137,021026_ML.npy,2026-10-02,2026-10-02 04:26:44.008124,7C0D65,DA42,DIAMOND AIRCRAFT INDUSTRIES INC.,DA 42,691b2d9d94e6efb7ea57b46156cece067288329168f152695d3b2c578349e243,True,5
7828,3139,021026_ML.npy,2026-10-02,2026-10-02 04:26:48.119988,7C0D65,DA42,DIAMOND AIRCRAFT INDUSTRIES INC.,DA 42,3e549747123c1c6e6ba6dcb9e40a2ea054ef52c6d1a49b2cef6fda9312a1e639,True,5
7829,3140,021026_ML.npy,2026-10-02,2026-10-02 04:26:48.125753,7C0D65,DA42,DIAMOND AIRCRAFT INDUSTRIES INC.,DA 42,82eae953acd8736fd156a60ecc6654f8907dd207cde252030c3ade73c491050d,True,1
7833,3144,021026_ML.npy,2026-10-02,2026-10-02 04:26:51.651685,7C0D65,DA42,DIAMOND AIRCRAFT INDUSTRIES INC.,DA 42,8eaba49b6fd10858063a8004bc1d9866d6e48688a53e3235cd151784cf195c2c,True,3
7836,3147,021026_ML.npy,2026-10-02,2026-10-02 04:26:58.372973,7C0D65,DA42,DIAMOND AIRCRAFT INDUSTRIES INC.,DA 42,04b686c1dec303818333a823dea86669591a2b34efd8efd724eb57585ffe13ec,True,3
7837,3148,021026_ML.npy,2026-10-02,2026-10-02 04:26:59.387191,7C0D65,DA42,DIAMOND AIRCRAFT INDUSTRIES INC.,DA 42,1f7c7fc25981c085ddd88525c04bc9aead7f0cd5f0148ac24a78472309f92a90,True,1
7838,3149,021026_ML.npy,2026-10-02,2026-10-02 04:26:59.393099,7C0D65,DA42,DIAMOND AIRCRAFT INDUSTRIES INC.,DA 42,66f3a45fe00ecb30b9392f3e8cb1b3626e7ebfb9956000bdef158083073f3808,True,2
7839,3150,021026_ML.npy,2026-10-02,2026-10-02 04:26:59.800779,7C0D65,DA42,DIAMOND AIRCRAFT INDUSTRIES INC.,DA 42,acfbc0e5b0535c99a993890c21dcc9edd8d8e19857ac524ebda47e61c7a0c94d,True,3
7841,3152,021026_ML.npy,2026-10-02,2026-10-02 04:27:01.871775,7C0D65,DA42,DIAMOND AIRCRAFT INDUSTRIES INC.,DA 42,66f3a45fe00ecb30b9392f3e8cb1b3626e7ebfb9956000bdef158083073f3808,True,4
7843,3154,021026_ML.npy,2026-10-02,2026-10-02 04:27:02.661806,7C0D65,DA42,DIAMOND AIRCRAFT INDUSTRIES INC.,DA 42,f44739da4384ceff854787d8eab0b7df11a688c7a6cd565acaf5f5cbd820e8ee,True,5
7850,3161,021026_ML.npy,2026-10-02,2026-10-02 04:27:09.432412,7C0D65,DA42,DIAMOND AIRCRAFT INDUSTRIES INC.,DA 42,5c34c630a5053d19931075cc8ff2f9483be52586082e7fd04a663896ff2a38b7,True,1
7853,3164,021026_ML.npy,2026-10-02,2026-10-02 04:27:11.047059,7C79B4,DA42,DIAMOND AIRCRAFT INDUSTRIES,DA 42,76316d9ce0c021b10e5954246027599631c4df22a0a0bc0004dacdcf4ec7b1ba,True,1
7855,3166,021026_ML.npy,2026-10-02,2026-10-02 04:27:20.813852,7C0D65,DA42,DIAMOND AIRCRAFT INDUSTRIES INC.,DA 42,6cbe5135f36b61942b47fcd55f0049194b966df7560f6a396fa7eeaa8b6ab050,True,2
7858,3169,021026_ML.npy,2026-10-02,2026-10-02 04:27:24.517463,7C0D65,DA42,DIAMOND AIRCRAFT INDUSTRIES INC.,DA 42,66f3a45fe00ecb30b9392f3e8cb1b3626e7ebfb9956000bdef158083073f3808,True,1
7859,3170,021026_ML.npy,2026-10-02,2026-10-02 04:27:24.529697,7C0D65,DA42,DIAMOND AIRCRAFT INDUSTRIES INC.,DA 42,3e267614c7042b2c85435c0a9d6349bcacbe316b6c8c923989a2c9fc61abfb79,True,5
7860,3171,021026_ML.npy,2026-10-02,2026-10-02 04:27:26.932417,7C0D65,DA42,DIAMOND AIRCRAFT INDUSTRIES INC.,DA 42,66f3a45fe00ecb30b9392f3e8cb1b3626e7ebfb9956000bdef158083073f3808,True,5
7861,3172,021026_ML.npy,2026-10-02,2026-10-02 04:27:31.963874,7C0D65,DA42,DIAMOND AIRCRAFT INDUSTRIES INC.,DA 42,66f3a45fe00ecb30b9392f3e8cb1b3626e7ebfb9956000bdef158083073f3808,True,3
7863,3174,021026_ML.npy,2026-10-02,2026-10-02 04:27:33.254953,7C0D65,DA42,DIAMOND AIRCRAFT INDUSTRIES INC.,DA 42,6cbe5135f36b61942b47fcd55f0049194b966df7560f6a396fa7eeaa8b6ab050,True,5
7864,3175,021026_ML.npy,2026-10-02,2026-10-02 04:27:34.048057,7C0D65,DA42,DIAMOND AIRCRAFT INDUSTRIES INC.,DA 42,326e6d5ae5f06d166b2ee8e1e6ba7167fe6d820a50f472b4763afb38158f303a,True,1
7865,3176,021026_ML.npy,2026-10-02,2026-10-02 04:27:34.051589,7C0D65,DA42,DIAMOND AIRCRAFT INDUSTRIES INC.,DA 42,85b44527d5b4f4acdb7cfa148ed927b2f89a7d27f29881c56124a331aa4b8470,True,5
7867,3178,021026_ML.npy,2026-10-02,2026-10-02 04:28:26.310132,7C0D65,DA42,DIAMOND AIRCRAFT INDUSTRIES INC.,DA 42,994cd8fb4ebe84e0e56232c4616c45d67f68bb6d1c50612cf5623140d770cce0,True,1
7873,3184,021026_ML.npy,2026-10-02,2026-10-02 04:28:32.271933,7C0D65,DA42,DIAMOND AIRCRAFT INDUSTRIES INC.,DA 42,b415db82c39795399707520ac5d235a4187305299fbb50dfff0a0bf3c5b3b14e,True,4
7874,3185,021026_ML.npy,2026-10-02,2026-10-02 04:28:34.216923,7C0D65,DA42,DIAMOND AIRCRAFT INDUSTRIES INC.,DA 42,8f23a7b0bdaf5d6ee992ec6f25c65161784515c65b3e958fc8ba32fa91a9033a,True,1
7875,3186,021026_ML.npy,2026-10-02,2026-10-02 04:28:34.223989,7C0D65,DA42,DIAMOND AIRCRAFT INDUSTRIES INC.,DA 42,94dd448fb3d3ee7f591b13480a6fb120389de283468bd80b23dd7b761cdef2c1,True,3
7876,3187,021026_ML.npy,2026-10-02,2026-10-02 04:28:41.008251,7C0D65,DA42,DIAMOND AIRCRAFT INDUSTRIES INC.,DA 42,5d41a714a7198b8a248dcbbd50bf05a41e872e1618c381393d5c97e4c9dd63e2,True,1
7884,3195,021026_ML.npy,2026-10-02,2026-10-02 04:52:44.260044,7C7B60,DA40,DIAMOND AIRCRAFT INDUSTRIES INC.,DA 40,004573e803be4497a3ddd93a0c29da879c8b579d372ec9d7de4d63f64c02fd1d,True,5
7894,3205,021026_ML.npy,2026-10-02,2026-10-02 04:52:58.808913,7C7B60,DA40,DIAMOND AIRCRAFT INDUSTRIES INC.,DA 40,51dab2c07a70bfc6770cbd68a989639bf29619f451ff0f518b6af254f47fae14,True,2
7904,3215,021026_ML.npy,2026-10-02,2026-10-02 04:53:10.893300,7C7B60,DA40,DIAMOND AIRCRAFT INDUSTRIES INC.,DA 40,b29182ba06e298d1b21eac3d575919e58b32798d7b785ccda7473324d99002cb,True,3
7905,3216,021026_ML.npy,2026-10-02,2026-10-02 04:53:12.419333,7C7B60,DA40,DIAMOND AIRCRAFT INDUSTRIES INC.,DA 40,9215986e3f5f08d46cb44dc0bcffa0c85e47306e3f2c82bc93a3d16bca1586ac,True,4
7907,3218,021026_ML.npy,2026-10-02,2026-10-02 04:53:15.014814,7C7B60,DA40,DIAMOND AIRCRAFT INDUSTRIES INC.,DA 40,d8984032b8b462f888362978be5b9cb26bd95fde4a1a535624913505dff37985,True,4
7916,3227,021026_ML.npy,2026-10-02,2026-10-02 05:04:33.908771,7C79B4,DA42,DIAMOND AIRCRAFT INDUSTRIES,DA 42,80090aa521432a024b43a445cd0eaf0818535865c12d1414c4684a5754a3dab1,True,5
7919,3230,021026_ML.npy,2026-10-02,2026-10-02 05:04:47.976765,7C79B4,DA42,DIAMOND AIRCRAFT INDUSTRIES,DA 42,c704d3638d71425d299dfb75861ee64886458ce98da9d4406401d01dcf4de7c0,True,4
7921,3232,021026_ML.npy,2026-10-02,2026-10-02 05:04:49.449741,7C79B4,DA42,DIAMOND AIRCRAFT INDUSTRIES,DA 42,3c0de43fe19dcbf56f79624f59fa2389de34a899d1f22e9cf469899016c02e53,True,2
7922,3233,021026_ML.npy,2026-10-02,2026-10-02 05:04:51.767589,7C79B4,DA42,DIAMOND AIRCRAFT INDUSTRIES,DA 42,644281b5289e49151f51165097a2016891577deddb1129c64d8a42e1092923c8,True,1
7923,3234,021026_ML.npy,2026-10-02,2026-10-02 05:04:53.226473,7C79B4,DA42,DIAMOND AIRCRAFT INDUSTRIES,DA 42,d048b1e0d7ebb06619d4e719eab2795f77d96c4d64e85776fe84ea4e22db2079,True,2
7926,3237,021026_ML.npy,2026-10-02,2026-10-02 05:04:59.557805,7C79B4,DA42,DIAMOND AIRCRAFT INDUSTRIES,DA 42,e66ab55c7a618e4fa87938e3536e0e62d95345924fcf5bdbc8432e005b11fb0e,True,2
7927,3238,021026_ML.npy,2026-10-02,2026-10-02 05:04:59.561383,7C79B4,DA42,DIAMOND AIRCRAFT INDUSTRIES,DA 42,30c5a47ae3cf2eafd62b01a9c3e2e0f3f0fae4a91e45cefb7b9a54ea3f5969ed,True,4
7929,3240,021026_ML.npy,2026-10-02,2026-10-02 05:05:02.168669,7C79B4,DA42,DIAMOND AIRCRAFT INDUSTRIES,DA 42,8e14343752aeb728a3d34c8462792f151f26dfb563dcd67f0284784e408e082b,True,2
7930,3241,021026_ML.npy,2026-10-02,2026-10-02 05:05:02.175011,7C79B4,DA42,DIAMOND AIRCRAFT INDUSTRIES,DA 42,21c2e1d84281dc025e73cbc146d8fd3b3b7d898c021435148126e5969a6716e0,True,5
7931,3242,021026_ML.npy,2026-10-02,2026-10-02 05:05:06.048476,7C79B4,DA42,DIAMOND AIRCRAFT INDUSTRIES,DA 42,90307f417d00eb4a8bd99c47a8bf6736bdfa9f066cfb8299867ef06e787742ca,True,3
7932,3243,021026_ML.npy,2026-10-02,2026-10-02 05:05:06.054370,7C79B4,DA42,DIAMOND AIRCRAFT INDUSTRIES,DA 42,0cc2e1d462b7ce861c9403abf9bee5096f43b4b7308529548255ce635a368210,True,4
7933,3244,021026_ML.npy,2026-10-02,2026-10-02 05:05:07.968584,7C79B4,DA42,DIAMOND AIRCRAFT INDUSTRIES,DA 42,d048b1e0d7ebb06619d4e719eab2795f77d96c4d64e85776fe84ea4e22db2079,True,4
7935,3246,021026_ML.npy,2026-10-02,2026-10-02 05:05:20.128606,7C79B4,DA42,DIAMOND AIRCRAFT INDUSTRIES,DA 42,0d4c587e2f621261096129253b95fc89159830195e7d3e9cfd24e1393c44f64d,True,5
7937,3248,021026_ML.npy,2026-10-02,2026-10-02 05:06:17.717795,7C79B4,DA42,DIAMOND AIRCRAFT INDUSTRIES,DA 42,f24aaf8cdc3f122b62fb0809af64234d88fc8572ebf200a916ee8f4f58da741e,True,2
7939,3250,021026_ML.npy,2026-10-02,2026-10-02 05:06:20.233981,7C79B4,DA42,DIAMOND AIRCRAFT INDUSTRIES,DA 42,eb9c33920bbdeaa86709ae77448b919e6db59e61778f433c667560e87431acf9,True,1
7940,3251,021026_ML.npy,2026-10-02,2026-10-02 05:06:20.239684,7C79B4,DA42,DIAMOND AIRCRAFT INDUSTRIES,DA 42,4449e1b51855811f97f37c5723a9904966ff1595842f58c5710de90316bfe4f4,True,5
7941,3252,021026_ML.npy,2026-10-02,2026-10-02 05:06:43.136130,7C79B4,DA42,DIAMOND AIRCRAFT INDUSTRIES,DA 42,d048b1e0d7ebb06619d4e719eab2795f77d96c4d64e85776fe84ea4e22db2079,True,5
7943,3254,021026_ML.npy,2026-10-02,2026-10-02 05:08:47.109127,7C79B4,DA42,DIAMOND AIRCRAFT INDUSTRIES,DA 42,a9df247313d2b58254ecc977a9b20f00f8e257cc1a30044dd681a975810d3af1,True,3
7944,3255,021026_ML.npy,2026-10-02,2026-10-02 05:09:04.284141,7C79B4,DA42,DIAMOND AIRCRAFT INDUSTRIES,DA 42,0a336ff8e7e88ee17b83f97b69e1f1be4113240ea68dd3642fd5d22c125647d8,True,5
7945,3256,021026_ML.npy,2026-10-02,2026-10-02 05:09:06.781526,7C79B4,DA42,DIAMOND AIRCRAFT INDUSTRIES,DA 42,ac0f33f33b4bc9c26d033534f82a1ee593c92f17acebdc385069918eafc2cf2a,True,4
7946,3257,021026_ML.npy,2026-10-02,2026-10-02 05:09:07.634709,7C79B4,DA42,DIAMOND AIRCRAFT INDUSTRIES,DA 42,43a4d9a50f4776bebe42d815b31c1ccd5b8ca0c1e6c446ad0c9b0e023e47f40e,True,5
7948,3259,021026_ML.npy,2026-10-02,2026-10-02 05:09:26.249208,7C79B4,DA42,DIAMOND AIRCRAFT INDUSTRIES,DA 42,352ff54f119c13493fea48e484c6a9cb348d7a8a74d5bbbf814d4aae0ca80d6a,True,3
7953,3264,021026_ML.npy,2026-10-02,2026-10-02 05:09:31.889098,7C79B4,DA42,DIAMOND AIRCRAFT INDUSTRIES,DA 42,9227684353055150508176597172604238f89ef4a97352f93d6abc4db52da499,True,3
7955,3266,021026_ML.npy,2026-10-02,2026-10-02 05:09:32.866803,7C79B4,DA42,DIAMOND AIRCRAFT INDUSTRIES,DA 42,f91a0eee5ca1d95da2b7cd6c1a67d04e9ea26066a48da1730523ac64c9e894cc,True,2
7958,3269,021026_ML.npy,2026-10-02,2026-10-02 05:09:34.781724,7C79B4,DA42,DIAMOND AIRCRAFT INDUSTRIES,DA 42,aba14921c87852ebee9fa7fd797aa7e62d8985a7e5892d1c8465437e0de83af4,True,2
7963,3274,021026_ML.npy,2026-10-02,2026-10-02 05:09:37.260484,7C79B4,DA42,DIAMOND AIRCRAFT INDUSTRIES,DA 42,a01522eda3782a1ce4092ff74e350c2db0be73084ed5cc843000c4c46f5a2930,True,4
7964,3275,021026_ML.npy,2026-10-02,2026-10-02 05:09:37.264174,7C79B4,DA42,DIAMOND AIRCRAFT INDUSTRIES,DA 42,b31c6f89aacc80f8842378ee2e646e0ea3c8bffc758f96cb8040b79e9ca78f86,True,3
7966,3277,021026_ML.npy,2026-10-02,2026-10-02 05:09:38.800522,7C79B4,DA42,DIAMOND AIRCRAFT INDUSTRIES,DA 42,aa06b765e7b6b30b9e6c32d1123b5e2249fc5e8372c4c5e177a0e84d3ac9215a,True,3
7968,3279,021026_ML.npy,2026-10-02,2026-10-02 05:09:39.784552,7C79B4,DA42,DIAMOND AIRCRAFT INDUSTRIES,DA 42,80090aa521432a024b43a445cd0eaf0818535865c12d1414c4684a5754a3dab1,True,4
7969,3280,021026_ML.npy,2026-10-02,2026-10-02 05:09:40.695568,7C79B4,DA42,DIAMOND AIRCRAFT INDUSTRIES,DA 42,a06556a20487e89aa87564f43adf835e125e7ad87c2c97816d4dda1527be463e,True,2
7970,3281,021026_ML.npy,2026-10-02,2026-10-02 05:09:40.702993,7C79B4,DA42,DIAMOND AIRCRAFT INDUSTRIES,DA 42,a798842af3b567fd21ab878671a074995f600831096027b913f8cc66dde56ece,True,4
7971,3282,021026_ML.npy,2026-10-02,2026-10-02 05:09:41.161748,7C79B4,DA42,DIAMOND AIRCRAFT INDUSTRIES,DA 42,1b6299f3da4b534c61c396c243a51382c56a8f218c3b61b97c58bf6ec787c47b,True,2
7972,3283,021026_ML.npy,2026-10-02,2026-10-02 05:09:42.108286,7C79B4,DA42,DIAMOND AIRCRAFT INDUSTRIES,DA 42,d048b1e0d7ebb06619d4e719eab2795f77d96c4d64e85776fe84ea4e22db2079,True,1
7974,3285,021026_ML.npy,2026-10-02,2026-10-02 05:09:44.579954,7C79B4,DA42,DIAMOND AIRCRAFT INDUSTRIES,DA 42,21844399e538ff874383a6f8d9e0a2af083d88589e154200a9bdf40cbaa13675,True,3
7975,3286,021026_ML.npy,2026-10-02,2026-10-02 05:09:44.910250,7C79B4,DA42,DIAMOND AIRCRAFT INDUSTRIES,DA 42,36af5d9f58f25e06c551f8d91a0b9320b9f4ccfced9266beba64a3f0469a826c,True,5
7977,3288,021026_ML.npy,2026-10-02,2026-10-02 05:09:45.487118,7C79B4,DA42,DIAMOND AIRCRAFT INDUSTRIES,DA 42,3158dea8fa61878a08a04e2c6d16c30986fc88adc8d86ec1605946b45623f572,True,5
7978,3289,021026_ML.npy,2026-10-02,2026-10-02 05:09:47.511220,7C79B4,DA42,DIAMOND AIRCRAFT INDUSTRIES,DA 42,e962aab4aa76962226af3420a40aa9793e97fc48f7e94597fb276682ce2584ea,True,1
7980,3291,021026_ML.npy,2026-10-02,2026-10-02 05:09:48.011901,7C79B4,DA42,DIAMOND AIRCRAFT INDUSTRIES,DA 42,76316d9ce0c021b10e5954246027599631c4df22a0a0bc0004dacdcf4ec7b1ba,True,2
7981,3292,021026_ML.npy,2026-10-02,2026-10-02 05:09:48.651499,7C79B4,DA42,DIAMOND AIRCRAFT INDUSTRIES,DA 42,cf57f7faad8d647965b56ac116a0827c709b166257413b1763b3d7c695928e33,True,1
7984,3295,021026_ML.npy,2026-10-02,2026-10-02 05:09:50.173821,7C79B4,DA42,DIAMOND AIRCRAFT INDUSTRIES,DA 42,5d99fbdac4b8a7cb6cfd145a9d42b93f3733ea01daf01e25ebea1e861fad7b94,True,1
7985,3296,021026_ML.npy,2026-10-02,2026-10-02 05:09:50.180988,7C79B4,DA42,DIAMOND AIRCRAFT INDUSTRIES,DA 42,a83e2a4ba9775da1b6a91ee933c8671d2d8e0914f45ae43f21391cd42783828c,True,3
7988,3299,021026_ML.npy,2026-10-02,2026-10-02 05:09:52.583329,7C79B4,DA42,DIAMOND AIRCRAFT INDUSTRIES,DA 42,5383a72657dae76d63d05c0f19cb93e3885e2f484c724b423c67dc4318aea2d7,True,5
7989,3300,021026_ML.npy,2026-10-02,2026-10-02 05:09:57.839049,7C79B4,DA42,DIAMOND AIRCRAFT INDUSTRIES,DA 42,8c688b5bb51e3a7a1ef03ceda95c0f76e8c8aa2c9c66b704e5353106d2c7c4a4,True,3
7992,3303,021026_ML.npy,2026-10-02,2026-10-02 05:10:07.425285,7C79B4,DA42,DIAMOND AIRCRAFT INDUSTRIES,DA 42,242251c0cbe9291730b75851e03d626c283398953be90856c4ed665e4997134d,True,4
7995,3306,021026_ML.npy,2026-10-02,2026-10-02 05:10:09.061924,7C79B4,DA42,DIAMOND AIRCRAFT INDUSTRIES,DA 42,935085576ae8683e347fcd97959e778267b5d863a157930385e62a63099d5188,True,4
7996,3307,021026_ML.npy,2026-10-02,2026-10-02 05:10:31.030963,7C79B4,DA42,DIAMOND AIRCRAFT INDUSTRIES,DA 42,82518166c888b74d747a9211b5c4f74682cc36ad561b817bbad6ed3746236607,True,4
7997,3308,021026_ML.npy,2026-10-02,2026-10-02 05:10:32.153945,7C79B4,DA42,DIAMOND AIRCRAFT INDUSTRIES,DA 42,fbe38d25a79ade9dd4ca5d90c073c19126dd009e6b2c1835aec65347b07bb98d,True,5
8000,3311,021026_ML.npy,2026-10-02,2026-10-02 05:10:34.630503,7C79B4,DA42,DIAMOND AIRCRAFT INDUSTRIES,DA 42,f7aa25a2d0d1a884fce2dba773de5cff073e06fdadb762d53b0b87ea2bc80250,True,3
8001,3312,021026_ML.npy,2026-10-02,2026-10-02 05:10:35.708596,7C79B4,DA42,DIAMOND AIRCRAFT INDUSTRIES,DA 42,d048b1e0d7ebb06619d4e719eab2795f77d96c4d64e85776fe84ea4e22db2079,True,5
8003,3314,021026_ML.npy,2026-10-02,2026-10-02 05:10:45.376107,7C79B4,DA42,DIAMOND AIRCRAFT INDUSTRIES,DA 42,e4dd2f4b808f3852a7f7873e23f0e8ade62afa7fc271cc346c86b0d7467b311d,True,1
8004,3315,021026_ML.npy,2026-10-02,2026-10-02 05:10:45.954737,7C79B4,DA42,DIAMOND AIRCRAFT INDUSTRIES,DA 42,b7bdffdbf5c7b836152472b771850dd5685051f76f127e42ab4d4673b7eb4a82,True,3
8005,3316,021026_ML.npy,2026-10-02,2026-10-02 05:10:45.961904,7C79B4,DA42,DIAMOND AIRCRAFT INDUSTRIES,DA 42,b88936544d74ea01170d8490f816c0ab0634d496b36c49669d717a3049f0fc65,True,4
8006,3317,021026_ML.npy,2026-10-02,2026-10-02 05:10:46.531850,7C79B4,DA42,DIAMOND AIRCRAFT INDUSTRIES,DA 42,50944c874c8a839ef44761c33e32983ab8206f7b0b917d9641b74cd7a65447b1,True,3
8008,3319,021026_ML.npy,2026-10-02,2026-10-02 05:10:49.415471,7C79B4,DA42,DIAMOND AIRCRAFT INDUSTRIES,DA 42,3939dddd3203ecd620a86f7f45939355e54b666b72495c2970d174d5cb85bfe4,True,1
8010,3321,021026_ML.npy,2026-10-02,2026-10-02 05:14:06.186665,7C79B4,DA42,DIAMOND AIRCRAFT INDUSTRIES,DA 42,d048b1e0d7ebb06619d4e719eab2795f77d96c4d64e85776fe84ea4e22db2079,True,5
8011,3322,021026_ML.npy,2026-10-02,2026-10-02 05:14:06.966373,7C79B4,DA42,DIAMOND AIRCRAFT INDUSTRIES,DA 42,16eaabebdf8d77168d65ef4f7a2b041e5755393a8978da75a15fe38a58bf4130,True,4
8013,3324,021026_ML.npy,2026-10-02,2026-10-02 05:14:08.471490,7C79B4,DA42,DIAMOND AIRCRAFT INDUSTRIES,DA 42,dd1551fc91c6b03c7a64a8958398c9e8421905d47c24a22bded637a4e1fd6f7f,True,5
8014,3325,021026_ML.npy,2026-10-02,2026-10-02 05:14:08.477499,7C79B4,DA42,DIAMOND AIRCRAFT INDUSTRIES,DA 42,3cdcafe4f77247f350891265f7a87dd7b4a70b035a41721bbd1e2758ebaafc61,True,2
8016,3327,021026_ML.npy,2026-10-02,2026-10-02 05:14:09.973731,7C79B4,DA42,DIAMOND AIRCRAFT INDUSTRIES,DA 42,501b6468645259e9df38081149d992bd9f9caf57b79327fa8a698f8bf0fd34e4,True,3
8017,3328,021026_ML.npy,2026-10-02,2026-10-02 05:14:14.355562,7C79B4,DA42,DIAMOND AIRCRAFT INDUSTRIES,DA 42,7948b6c536c198549a80dad1a63fe097c2a7412c0bdc0e3f755fa13f445ed432,True,4
8018,3329,021026_ML.npy,2026-10-02,2026-10-02 05:14:14.739857,7C79B4,DA42,DIAMOND AIRCRAFT INDUSTRIES,DA 42,80090aa521432a024b43a445cd0eaf0818535865c12d1414c4684a5754a3dab1,True,3
8019,3330,021026_ML.npy,2026-10-02,2026-10-02 05:14:15.197080,7C79B4,DA42,DIAMOND AIRCRAFT INDUSTRIES,DA 42,d863ec0c301397af9d691ce9e20988521f04c4baee48db6e68cc26b124b33e01,True,4
8021,3332,021026_ML.npy,2026-10-02,2026-10-02 05:14:16.763000,7C79B4,DA42,DIAMOND AIRCRAFT INDUSTRIES,DA 42,6e79575e5f811e1a2a70384119d1639beb2f5502e2643e018f7fe1caa59c0978,True,2
8022,3333,021026_ML.npy,2026-10-02,2026-10-02 05:14:19.372370,7C79B4,DA42,DIAMOND AIRCRAFT INDUSTRIES,DA 42,3547c8b19288c3495e9ecfa469cb6adaffcb034aaeec411046575f65809a6de6,True,5
8024,3335,021026_ML.npy,2026-10-02,2026-10-02 05:14:22.352766,7C79B4,DA42,DIAMOND AIRCRAFT INDUSTRIES,DA 42,00c5b2e0b3dde00d8a6fa5a6182098895e19747458c7cd8836d94711e411e164,True,2
8025,3336,021026_ML.npy,2026-10-02,2026-10-02 05:14:22.356632,7C79B4,DA42,DIAMOND AIRCRAFT INDUSTRIES,DA 42,bd4dcf0a58a520d7719f1373a1584adfad4e79175299974adc303a9a767436d8,True,1
8026,3337,021026_ML.npy,2026-10-02,2026-10-02 05:14:23.313124,7C79B4,DA42,DIAMOND AIRCRAFT INDUSTRIES,DA 42,8b1a9f590692d60f14155a8456cf5e7681cef8e8aab17808e4b461fb43b4e557,True,4
8027,3338,021026_ML.npy,2026-10-02,2026-10-02 05:14:23.318202,7C79B4,DA42,DIAMOND AIRCRAFT INDUSTRIES,DA 42,17dbb0aebc58a9cfb9a571de0d091045efe732d5bfbfe1c63187388f58394d28,True,3
8028,3339,021026_ML.npy,2026-10-02,2026-10-02 05:14:26.076144,7C79B4,DA42,DIAMOND AIRCRAFT INDUSTRIES,DA 42,17e90306f234b9814b33f4796225db7dbdf58386df0f1c29bd39cc37abba6843,True,1
8029,3340,021026_ML.npy,2026-10-02,2026-10-02 05:14:26.084904,7C79B4,DA42,DIAMOND AIRCRAFT INDUSTRIES,DA 42,0f3df12dfc414bfa8cc95ac88c4c12d0324b3ffa30c6e9f245e63231c27209fb,True,5
8031,3342,021026_ML.npy,2026-10-02,2026-10-02 05:14:30.240358,7C79B4,DA42,DIAMOND AIRCRAFT INDUSTRIES,DA 42,bde8e29c569f8f079922a0ecb46ff6abe8fa16917178b657e4e11257e4565978,True,3
8032,3343,021026_ML.npy,2026-10-02,2026-10-02 05:14:30.797881,7C79B4,DA42,DIAMOND AIRCRAFT INDUSTRIES,DA 42,1ce7185df15026813d10383bafede21f71971a2d669f8853d89b6853b461f241,True,2
8034,3345,021026_ML.npy,2026-10-02,2026-10-02 05:14:31.327993,7C79B4,DA42,DIAMOND AIRCRAFT INDUSTRIES,DA 42,d048b1e0d7ebb06619d4e719eab2795f77d96c4d64e85776fe84ea4e22db2079,True,3
8035,3346,021026_ML.npy,2026-10-02,2026-10-02 05:14:32.214602,7C79B4,DA42,DIAMOND AIRCRAFT INDUSTRIES,DA 42,38b3fb4a979e497335b87496dc852902ff14f8a0ad9d11ced48c79e677364407,True,3
8038,3349,021026_ML.npy,2026-10-02,2026-10-02 05:14:38.887652,7C79B4,DA42,DIAMOND AIRCRAFT INDUSTRIES,DA 42,d048b1e0d7ebb06619d4e719eab2795f77d96c4d64e85776fe84ea4e22db2079,True,5
8039,3350,021026_ML.npy,2026-10-02,2026-10-02 05:14:39.502749,7C79B4,DA42,DIAMOND AIRCRAFT INDUSTRIES,DA 42,5122a845e2d74042d79b3d0405a2642eb282f7f2ee569b01d03e7f590de0c113,True,2
8041,3352,021026_ML.npy,2026-10-02,2026-10-02 05:14:45.135445,7C79B4,DA42,DIAMOND AIRCRAFT INDUSTRIES,DA 42,80090aa521432a024b43a445cd0eaf0818535865c12d1414c4684a5754a3dab1,True,3
8044,3355,021026_ML.npy,2026-10-02,2026-10-02 05:14:48.657481,7C79B4,DA42,DIAMOND AIRCRAFT INDUSTRIES,DA 42,76316d9ce0c021b10e5954246027599631c4df22a0a0bc0004dacdcf4ec7b1ba,True,1
8046,3357,021026_ML.npy,2026-10-02,2026-10-02 05:14:53.786802,7C79B4,DA42,DIAMOND AIRCRAFT INDUSTRIES,DA 42,270ba9051baa2bd0177f6751022eb27806541858288799ac2b474dd73609132c,True,3
8049,3360,021026_ML.npy,2026-10-02,2026-10-02 05:14:57.286154,7C79B4,DA42,DIAMOND AIRCRAFT INDUSTRIES,DA 42,1bab1a4f133f5ab80b558004119bc28c1a5d08da9b230203c61ef4700eef0d88,True,4
8050,3361,021026_ML.npy,2026-10-02,2026-10-02 05:14:57.748656,7C79B4,DA42,DIAMOND AIRCRAFT INDUSTRIES,DA 42,87541919f0a948124c2d32598a4e3e4df8e18b3bd5f446fa38411dea419345b2,True,5
8054,3365,021026_ML.npy,2026-10-02,2026-10-02 05:15:21.521120,7C79B4,DA42,DIAMOND AIRCRAFT INDUSTRIES,DA 42,8a6dfa2002fa7f5492ff29980ce2d1b7114bdbb6b76742e8dfba4c13d16d59a5,True,2
8059,3370,021026_ML.npy,2026-10-02,2026-10-02 05:15:26.242974,7C79B4,DA42,DIAMOND AIRCRAFT INDUSTRIES,DA 42,eb5846263c811f273b54bbe28ebd154e7a4973642e3e6b9b6d786bbac40b2a3d,True,2
8060,3371,021026_ML.npy,2026-10-02,2026-10-02 05:15:26.250168,7C79B4,DA42,DIAMOND AIRCRAFT INDUSTRIES,DA 42,22c079935bbec024da45ed85dea537181e5e3b0d778260061b93c4e39a0f0f61,True,2
8061,3372,021026_ML.npy,2026-10-02,2026-10-02 05:15:26.531740,7C79B4,DA42,DIAMOND AIRCRAFT INDUSTRIES,DA 42,d048b1e0d7ebb06619d4e719eab2795f77d96c4d64e85776fe84ea4e22db2079,True,3
8063,3374,021026_ML.npy,2026-10-02,2026-10-02 05:15:26.732411,7C79B4,DA42,DIAMOND AIRCRAFT INDUSTRIES,DA 42,f028a9c07c0f20d616a0d7ec6e49512246cb3ca714718ac0de4544b58815bb87,True,2
8065,3376,021026_ML.npy,2026-10-02,2026-10-02 05:15:28.255205,7C79B4,DA42,DIAMOND AIRCRAFT INDUSTRIES,DA 42,e3758236421bcb90325bd2921a98e6cfdd9ca14178336791713c05dcdee8ce0f,True,2
8067,3378,021026_ML.npy,2026-10-02,2026-10-02 05:15:31.795808,7C79B4,DA42,DIAMOND AIRCRAFT INDUSTRIES,DA 42,2e24817c0a6122f0b00cef109d38159742857924917868fd66d5979a1c5421b2,True,3
8070,3381,021026_ML.npy,2026-10-02,2026-10-02 05:15:35.305299,7C79B4,DA42,DIAMOND AIRCRAFT INDUSTRIES,DA 42,98291666f7fe298e9f6cc498cfff7006384463f5e96040a3888a010376844d78,True,3
8072,3383,021026_ML.npy,2026-10-02,2026-10-02 05:15:37.824173,7C79B4,DA42,DIAMOND AIRCRAFT INDUSTRIES,DA 42,64fec3d807392c1fabb7aa3f8517cfe4e8d914d287e180be554092d53b59e17b,True,4
8076,3387,021026_ML.npy,2026-10-02,2026-10-02 05:18:59.971554,7C79B4,DA42,DIAMOND AIRCRAFT INDUSTRIES,DA 42,69200403bace55064953709f7cddc183fa08a0df294d6c75680cafc11c189746,True,4
8077,3388,021026_ML.npy,2026-10-02,2026-10-02 05:19:02.739334,7C79B4,DA42,DIAMOND AIRCRAFT INDUSTRIES,DA 42,d048b1e0d7ebb06619d4e719eab2795f77d96c4d64e85776fe84ea4e22db2079,True,3
8081,3392,021026_ML.npy,2026-10-02,2026-10-02 05:19:10.158535,7C79B4,DA42,DIAMOND AIRCRAFT INDUSTRIES,DA 42,bece7d7c63fe445f2f9a0df5efb5da357477154268dc061a3d13371d19c52188,True,4
8082,3393,021026_ML.npy,2026-10-02,2026-10-02 05:19:10.704695,7C79B4,DA42,DIAMOND AIRCRAFT INDUSTRIES,DA 42,fb1af835e34953c7693a7049c0b35861dc63e56f7759408543ab919668f4ca47,True,2
8083,3394,021026_ML.npy,2026-10-02,2026-10-02 05:19:10.710442,7C79B4,DA42,DIAMOND AIRCRAFT INDUSTRIES,DA 42,2c5cf01b74fa605decdad28652cc02bdc53df33ddf6679bea1cf4145d2711895,True,3
8086,3397,021026_ML.npy,2026-10-02,2026-10-02 05:19:12.749850,7C79B4,DA42,DIAMOND AIRCRAFT INDUSTRIES,DA 42,65b19de07e32f6ae3ff2ff2176427ac8e1d15f213efc6442347b56f2ff82e8af,True,3
8087,3398,021026_ML.npy,2026-10-02,2026-10-02 05:19:15.918716,7C79B4,DA42,DIAMOND AIRCRAFT INDUSTRIES,DA 42,0659f93d39371661df3287dd5996890c2b202cf4654d27b2b9c931f6b69d3888,True,5
8093,3404,021026_ML.npy,2026-10-02,2026-10-02 05:19:27.962467,7C79B4,DA42,DIAMOND AIRCRAFT INDUSTRIES,DA 42,d2cc1a423e29f12e6217281a532abd2e7595b6a047c0613180f142a242568f5b,True,2
8094,3405,021026_ML.npy,2026-10-02,2026-10-02 05:19:27.966314,7C79B4,DA42,DIAMOND AIRCRAFT INDUSTRIES,DA 42,5ea83b17f4179cdaf30426ad778889724b4c71aff721c0a01051bc3cc12af489,True,3
8095,3406,021026_ML.npy,2026-10-02,2026-10-02 05:19:28.950417,7C79B4,DA42,DIAMOND AIRCRAFT INDUSTRIES,DA 42,d048b1e0d7ebb06619d4e719eab2795f77d96c4d64e85776fe84ea4e22db2079,True,4
8097,3408,021026_ML.npy,2026-10-02,2026-10-02 05:19:29.446398,7C79B4,DA42,DIAMOND AIRCRAFT INDUSTRIES,DA 42,1d86e280a7386b2d24b521dd581f8628a6a38a7c2ea5ec35be67f686031af89e,True,4
8098,3409,021026_ML.npy,2026-10-02,2026-10-02 05:19:30.016970,7C79B4,DA42,DIAMOND AIRCRAFT INDUSTRIES,DA 42,c4b77144666b0d7b824427de3da004c625b0523f98380320e134a3070e3e1447,True,4
8099,3410,021026_ML.npy,2026-10-02,2026-10-02 05:19:30.023577,7C79B4,DA42,DIAMOND AIRCRAFT INDUSTRIES,DA 42,22ea79da0d937e8baca2f196eac86fd75819990db5db96f06b5e97e2dc6227da,True,4
8107,3418,021026_ML.npy,2026-10-02,2026-10-02 05:19:41.735934,7C79B4,DA42,DIAMOND AIRCRAFT INDUSTRIES,DA 42,b12b8efd04565567473aac6237c44e99cb4510aa7c2150aa7d0240b52b27c581,True,1
8109,3420,021026_ML.npy,2026-10-02,2026-10-02 05:19:43.920639,7C79B4,DA42,DIAMOND AIRCRAFT INDUSTRIES,DA 42,80090aa521432a024b43a445cd0eaf0818535865c12d1414c4684a5754a3dab1,True,4
8111,3422,021026_ML.npy,2026-10-02,2026-10-02 05:19:46.805538,7C79B4,DA42,DIAMOND AIRCRAFT INDUSTRIES,DA 42,7843b31a62312539631c45d1af9b7f5e210838aa490f2274e890293261b176f5,True,3
8113,3424,021026_ML.npy,2026-10-02,2026-10-02 05:19:48.676735,7C79B4,DA42,DIAMOND AIRCRAFT INDUSTRIES,DA 42,d048b1e0d7ebb06619d4e719eab2795f77d96c4d64e85776fe84ea4e22db2079,True,5
8115,3426,021026_ML.npy,2026-10-02,2026-10-02 05:20:17.987146,7C79B4,DA42,DIAMOND AIRCRAFT INDUSTRIES,DA 42,e7bfd5e270eaffad3e8ff0301393e19b69532a8b376ec79459edbdc262815d0c,True,5
8119,3430,021026_ML.npy,2026-10-02,2026-10-02 05:21:48.964811,7C7B5E,DA40,DIAMOND AIRCRAFT INDUSTRIES INC.,DA 40,8d4e42294e8e13fac4a2fba7398a8cd4a77bbe99fe838b99478f3240e8f220a5,True,5
8131,3442,021026_ML.npy,2026-10-02,2026-10-02 05:23:39.233074,7C79B4,DA42,DIAMOND AIRCRAFT INDUSTRIES,DA 42,60ef12cb1c96f2df04ef414ec84a493daa4b655a1b16875e24625359645c0dbb,True,3
8133,3444,021026_ML.npy,2026-10-02,2026-10-02 05:23:42.450238,7C79B4,DA42,DIAMOND AIRCRAFT INDUSTRIES,DA 42,3106a2ee407484ed0d056018c598ff8073bfd78ad28623bddb1b79e3c494a1f9,True,5
8134,3445,021026_ML.npy,2026-10-02,2026-10-02 05:23:43.309231,7C79B4,DA42,DIAMOND AIRCRAFT INDUSTRIES,DA 42,76316d9ce0c021b10e5954246027599631c4df22a0a0bc0004dacdcf4ec7b1ba,True,3
8136,3447,021026_ML.npy,2026-10-02,2026-10-02 05:23:46.913942,7C79B4,DA42,DIAMOND AIRCRAFT INDUSTRIES,DA 42,21844399e538ff874383a6f8d9e0a2af083d88589e154200a9bdf40cbaa13675,True,5
8137,3448,021026_ML.npy,2026-10-02,2026-10-02 05:23:46.931904,7C79B4,DA42,DIAMOND AIRCRAFT INDUSTRIES,DA 42,ce7627251bd370c6764af779bce37cd3b3ab5485077b1db7f05abf71b54ae2bc,True,1
8138,3449,021026_ML.npy,2026-10-02,2026-10-02 05:23:47.331483,7C79B4,DA42,DIAMOND AIRCRAFT INDUSTRIES,DA 42,9be2397fbbddba007c73fb6aaeb5c7b8cee1b2b1f396af4d80b83057461900dd,True,2
8139,3450,021026_ML.npy,2026-10-02,2026-10-02 05:23:48.802745,7C79B4,DA42,DIAMOND AIRCRAFT INDUSTRIES,DA 42,1c361de96297cb6e873da011a61ab5988a5c502d89ce79dfbf7e9fc0e83562e9,True,5
8141,3452,021026_ML.npy,2026-10-02,2026-10-02 05:23:51.124516,7C79B4,DA42,DIAMOND AIRCRAFT INDUSTRIES,DA 42,1abd1045074d39315512769d028ff9e338843aef30186dfcef5c21d0627d79d4,True,2
8143,3454,021026_ML.npy,2026-10-02,2026-10-02 05:23:51.901016,7C79B4,DA42,DIAMOND AIRCRAFT INDUSTRIES,DA 42,21844399e538ff874383a6f8d9e0a2af083d88589e154200a9bdf40cbaa13675,True,3
8145,3456,021026_ML.npy,2026-10-02,2026-10-02 05:23:53.411977,7C79B4,DA42,DIAMOND AIRCRAFT INDUSTRIES,DA 42,d048b1e0d7ebb06619d4e719eab2795f77d96c4d64e85776fe84ea4e22db2079,True,1
8148,3459,021026_ML.npy,2026-10-02,2026-10-02 05:24:01.714503,7C79B4,DA42,DIAMOND AIRCRAFT INDUSTRIES,DA 42,1bf9004528409d378649881aa4f4bb387953a74289d4e85ce81f2867977ee84d,True,3
8149,3460,021026_ML.npy,2026-10-02,2026-10-02 05:24:01.746083,7C79B4,DA42,DIAMOND AIRCRAFT INDUSTRIES,DA 42,21844399e538ff874383a6f8d9e0a2af083d88589e154200a9bdf40cbaa13675,True,4
8151,3462,021026_ML.npy,2026-10-02,2026-10-02 05:24:06.659389,7C79B4,DA42,DIAMOND AIRCRAFT INDUSTRIES,DA 42,bf9bbb22801b172c04f4a50752e559af070b6e3f03ea5acd7654a89f70cb0c00,True,2
8154,3465,021026_ML.npy,2026-10-02,2026-10-02 05:24:09.741449,7C79B4,DA42,DIAMOND AIRCRAFT INDUSTRIES,DA 42,d048b1e0d7ebb06619d4e719eab2795f77d96c4d64e85776fe84ea4e22db2079,True,4
8157,3468,021026_ML.npy,2026-10-02,2026-10-02 05:24:13.195247,7C79B4,DA42,DIAMOND AIRCRAFT INDUSTRIES,DA 42,9539a532a5bbcf9a53faf67764dd13bf0e0f47b0ab072a1e9e44bad9cca5c3d5,True,4
8159,3470,021026_ML.npy,2026-10-02,2026-10-02 05:24:13.596816,7C79B4,DA42,DIAMOND AIRCRAFT INDUSTRIES,DA 42,1f6bb2a6b1860a0adfcb098ec0986593b4fe79b661ad136639c45962f7f87e06,True,1
8161,3472,021026_ML.npy,2026-10-02,2026-10-02 05:24:15.077847,7C79B4,DA42,DIAMOND AIRCRAFT INDUSTRIES,DA 42,36f5a17ca59b5566c56df6349f8ba4d2b22dbaad1b0996880fc13017804d5a23,True,5
8162,3473,021026_ML.npy,2026-10-02,2026-10-02 05:24:15.081464,7C79B4,DA42,DIAMOND AIRCRAFT INDUSTRIES,DA 42,d4880c62406e72d6b050cd211c1bb494b89ee0964fc2d3aef4cd908ae8011f21,True,2
8163,3474,021026_ML.npy,2026-10-02,2026-10-02 05:24:17.053682,7C79B4,DA42,DIAMOND AIRCRAFT INDUSTRIES,DA 42,700de50e941d81c4b87258a1daf8c2e7aff343e1fc039da439fe90fa74277f20,True,4
8164,3475,021026_ML.npy,2026-10-02,2026-10-02 05:24:17.057531,7C79B4,DA42,DIAMOND AIRCRAFT INDUSTRIES,DA 42,4d03e4377fde7e0ec4da52ab9c3e3c8670f563ab4c2a6c02ce0598de3a355966,True,5
8166,3477,021026_ML.npy,2026-10-02,2026-10-02 05:24:17.972747,7C79B4,DA42,DIAMOND AIRCRAFT INDUSTRIES,DA 42,83043b38fcc9b0944c81bc59cff9d46af4c8aa74b9c85c3e91b3d6789f4a4262,True,2
8167,3478,021026_ML.npy,2026-10-02,2026-10-02 05:24:18.239944,7C79B4,DA42,DIAMOND AIRCRAFT INDUSTRIES,DA 42,76316d9ce0c021b10e5954246027599631c4df22a0a0bc0004dacdcf4ec7b1ba,True,2
8169,3480,021026_ML.npy,2026-10-02,2026-10-02 05:24:24.039279,7C79B4,DA42,DIAMOND AIRCRAFT INDUSTRIES,DA 42,80090aa521432a024b43a445cd0eaf0818535865c12d1414c4684a5754a3dab1,True,5
8170,3481,021026_ML.npy,2026-10-02,2026-10-02 05:24:28.873258,7C79B4,DA42,DIAMOND AIRCRAFT INDUSTRIES,DA 42,80090aa521432a024b43a445cd0eaf0818535865c12d1414c4684a5754a3dab1,True,5
8172,3483,021026_ML.npy,2026-10-02,2026-10-02 05:24:35.770843,7C79B4,DA42,DIAMOND AIRCRAFT INDUSTRIES,DA 42,76316d9ce0c021b10e5954246027599631c4df22a0a0bc0004dacdcf4ec7b1ba,True,2
8175,3486,021026_ML.npy,2026-10-02,2026-10-02 05:25:06.208464,7C79B4,DA42,DIAMOND AIRCRAFT INDUSTRIES,DA 42,99863ad93de76dde81ef51e2f020523c6b204b0b759759d2e93f04c92a1480c3,True,2
8178,3489,021026_ML.npy,2026-10-02,2026-10-02 05:25:07.722263,7C79B4,DA42,DIAMOND AIRCRAFT INDUSTRIES,DA 42,76316d9ce0c021b10e5954246027599631c4df22a0a0bc0004dacdcf4ec7b1ba,True,1
8180,3491,021026_ML.npy,2026-10-02,2026-10-02 05:25:10.904345,7C79B4,DA42,DIAMOND AIRCRAFT INDUSTRIES,DA 42,d048b1e0d7ebb06619d4e719eab2795f77d96c4d64e85776fe84ea4e22db2079,True,4
8181,3492,021026_ML.npy,2026-10-02,2026-10-02 05:25:11.739812,7C79B4,DA42,DIAMOND AIRCRAFT INDUSTRIES,DA 42,1c209af7f2566d4744929e38a5e0dbd07e16b4ea8aeeb79cf18833c24e022333,True,4
8182,3493,021026_ML.npy,2026-10-02,2026-10-02 05:25:11.746813,7C79B4,DA42,DIAMOND AIRCRAFT INDUSTRIES,DA 42,96a9d6718cdef83ac6931a0a0069952bf61d81318a8f0bd25345d5663117c732,True,3
8183,3494,021026_ML.npy,2026-10-02,2026-10-02 05:25:12.348932,7C79B4,DA42,DIAMOND AIRCRAFT INDUSTRIES,DA 42,21844399e538ff874383a6f8d9e0a2af083d88589e154200a9bdf40cbaa13675,True,2
8184,3495,021026_ML.npy,2026-10-02,2026-10-02 05:25:13.768777,7C79B4,DA42,DIAMOND AIRCRAFT INDUSTRIES,DA 42,80090aa521432a024b43a445cd0eaf0818535865c12d1414c4684a5754a3dab1,True,4
8186,3497,021026_ML.npy,2026-10-02,2026-10-02 05:25:19.061556,7C79B4,DA42,DIAMOND AIRCRAFT INDUSTRIES,DA 42,afe66caf00ea64e9ce11b221ec932f5464817f9e8ecbd4e7b1231b45d73e77fc,True,3
8196,3507,021026_ML.npy,2026-10-02,2026-10-02 05:28:39.539319,7C79B4,DA42,DIAMOND AIRCRAFT INDUSTRIES,DA 42,d048b1e0d7ebb06619d4e719eab2795f77d96c4d64e85776fe84ea4e22db2079,True,5
8197,3508,021026_ML.npy,2026-10-02,2026-10-02 05:28:39.602297,7C79B4,DA42,DIAMOND AIRCRAFT INDUSTRIES,DA 42,26e6e1de9568171e6fa23220a9d556c4e2a51fcd24d6a734a0883ea225f15a88,True,1
8198,3509,021026_ML.npy,2026-10-02,2026-10-02 05:28:41.483114,7C79B4,DA42,DIAMOND AIRCRAFT INDUSTRIES,DA 42,92f86c5db564f13186ee6427884c98f222495c8ee06c080e2154acdce3079873,True,1
8199,3510,021026_ML.npy,2026-10-02,2026-10-02 05:28:42.379940,7C79B4,DA42,DIAMOND AIRCRAFT INDUSTRIES,DA 42,80090aa521432a024b43a445cd0eaf0818535865c12d1414c4684a5754a3dab1,True,3
8200,3511,021026_ML.npy,2026-10-02,2026-10-02 05:28:44.506607,7C79B4,DA42,DIAMOND AIRCRAFT INDUSTRIES,DA 42,d048b1e0d7ebb06619d4e719eab2795f77d96c4d64e85776fe84ea4e22db2079,True,4
8206,3517,021026_ML.npy,2026-10-02,2026-10-02 05:28:51.685111,7C79B4,DA42,DIAMOND AIRCRAFT INDUSTRIES,DA 42,f8b758bdad01997b6664bb19691ccc800e85294cec538f4a8797c36171c4c934,True,2
8207,3518,021026_ML.npy,2026-10-02,2026-10-02 05:28:52.854443,7C79B4,DA42,DIAMOND AIRCRAFT INDUSTRIES,DA 42,21844399e538ff874383a6f8d9e0a2af083d88589e154200a9bdf40cbaa13675,True,2
8208,3519,021026_ML.npy,2026-10-02,2026-10-02 05:28:54.190622,7C79B4,DA42,DIAMOND AIRCRAFT INDUSTRIES,DA 42,a67e2d2a1e175ba0075859310d17667386b039404a966c4d96ac56ca2bc371bd,True,4
8210,3521,021026_ML.npy,2026-10-02,2026-10-02 05:28:54.387846,7C79B4,DA42,DIAMOND AIRCRAFT INDUSTRIES,DA 42,d048b1e0d7ebb06619d4e719eab2795f77d96c4d64e85776fe84ea4e22db2079,True,5
8212,3523,021026_ML.npy,2026-10-02,2026-10-02 05:28:54.740976,7C79B4,DA42,DIAMOND AIRCRAFT INDUSTRIES,DA 42,3cd3648f236f6c779b84066c37c2d6e277cd1343b02480e84e82fd9fe12237fd,True,4
8217,3528,021026_ML.npy,2026-10-02,2026-10-02 05:28:57.684246,7C79B4,DA42,DIAMOND AIRCRAFT INDUSTRIES,DA 42,3d9e0f23ea6d511103ca1f52c59ca8979d2cc20b942c1a1cef53f8856f6568ff,True,2
8218,3529,021026_ML.npy,2026-10-02,2026-10-02 05:28:58.106596,7C79B4,DA42,DIAMOND AIRCRAFT INDUSTRIES,DA 42,aa7b3d3bb0efb4dab7ffbfc46d346b815c7acec7b1aea75991a64495746fba66,True,3
8220,3531,021026_ML.npy,2026-10-02,2026-10-02 05:28:59.259155,7C79B4,DA42,DIAMOND AIRCRAFT INDUSTRIES,DA 42,895acb4ee4f1d3a8a2252560cae587f16e38c8ca3ae50328ea6c7a30388eda1f,True,3
8222,3533,021026_ML.npy,2026-10-02,2026-10-02 05:29:01.139720,7C79B4,DA42,DIAMOND AIRCRAFT INDUSTRIES,DA 42,5bcc779d30772d6d7af400ad126e31a90198ef1b71e54df753ba518873200bb1,True,2
8224,3535,021026_ML.npy,2026-10-02,2026-10-02 05:29:02.380146,7C79B4,DA42,DIAMOND AIRCRAFT INDUSTRIES,DA 42,80090aa521432a024b43a445cd0eaf0818535865c12d1414c4684a5754a3dab1,True,2
8226,3537,021026_ML.npy,2026-10-02,2026-10-02 05:29:06.974144,7C79B4,DA42,DIAMOND AIRCRAFT INDUSTRIES,DA 42,3af5caeffe36ab89ede4ac6be3bc58850d8195578ed5c0c1ccbfc0f2a1e4037b,True,3
8229,3540,021026_ML.npy,2026-10-02,2026-10-02 05:29:08.596725,7C79B4,DA42,DIAMOND AIRCRAFT INDUSTRIES,DA 42,9e51fea1e842521ab21071fdcd38993fa2b9e068aaa2736aec217e72688f39d4,True,4
8230,3541,021026_ML.npy,2026-10-02,2026-10-02 05:29:09.429959,7C79B4,DA42,DIAMOND AIRCRAFT INDUSTRIES,DA 42,d048b1e0d7ebb06619d4e719eab2795f77d96c4d64e85776fe84ea4e22db2079,True,5
8232,3543,021026_ML.npy,2026-10-02,2026-10-02 05:29:10.655207,7C79B4,DA42,DIAMOND AIRCRAFT INDUSTRIES,DA 42,53aaa9efe36a1b1a4de6af036b392ac03a68ba251f103ab392eaecb9cd3f8b64,True,1
8239,3550,021026_ML.npy,2026-10-02,2026-10-02 05:29:13.671755,7C79B4,DA42,DIAMOND AIRCRAFT INDUSTRIES,DA 42,8295d5c13936b7741d4ef0dc7871c811b090b53dd84ba0e95d4bd658b89a79ff,True,1
8244,3555,021026_ML.npy,2026-10-02,2026-10-02 05:29:15.723207,7C79B4,DA42,DIAMOND AIRCRAFT INDUSTRIES,DA 42,06fc84d9807cc192ee0f59df13e2666b2a2d7b5fdfb194d832cef7e78aee57ef,True,5
8245,3556,021026_ML.npy,2026-10-02,2026-10-02 05:29:16.721796,7C79B4,DA42,DIAMOND AIRCRAFT INDUSTRIES,DA 42,d9a0a3b03f286cbf7d0c18c18f01462c313a179bd7976eb585f7d8f83b5f2b7b,True,4
8249,3560,021026_ML.npy,2026-10-02,2026-10-02 05:29:18.844474,7C79B4,DA42,DIAMOND AIRCRAFT INDUSTRIES,DA 42,4c741268a84806c9b5d908c3f09aab95fdd6c17a8e4595a510f1defbb4cc9aec,True,2
8251,3562,021026_ML.npy,2026-10-02,2026-10-02 05:29:20.911924,7C79B4,DA42,DIAMOND AIRCRAFT INDUSTRIES,DA 42,76316d9ce0c021b10e5954246027599631c4df22a0a0bc0004dacdcf4ec7b1ba,True,4
8252,3563,021026_ML.npy,2026-10-02,2026-10-02 05:29:22.706835,7C79B4,DA42,DIAMOND AIRCRAFT INDUSTRIES,DA 42,64c5bb90a7f28cc03e310490989fa098b354f1847d89997d7c131875386f0a11,True,3
8255,3566,021026_ML.npy,2026-10-02,2026-10-02 05:29:23.238142,7C79B4,DA42,DIAMOND AIRCRAFT INDUSTRIES,DA 42,60b4cfcdc74c993b7f993945b17edca68aebdb2e2bf4d739a39a992ae47e60a3,True,3
8259,3570,021026_ML.npy,2026-10-02,2026-10-02 05:29:37.097925,7C79B4,DA42,DIAMOND AIRCRAFT INDUSTRIES,DA 42,5f82cc7914c10baca4fc35e9e83f4415c1baaf03422bf4ea8930a97bfb0b382f,True,4
8273,3584,021026_ML.npy,2026-10-02,2026-10-02 05:30:11.176468,7C79B4,DA42,DIAMOND AIRCRAFT INDUSTRIES,DA 42,435269da94075a5da93fc61a80d34a5c4c973aed41a6d788239f924a2899d976,True,1
8274,3585,021026_ML.npy,2026-10-02,2026-10-02 05:30:11.183426,7C79B4,DA42,DIAMOND AIRCRAFT INDUSTRIES,DA 42,bf3e86c2e74fe400355617f6f92e3877c40580d688591ff8f943304b692dadbe,True,3
8275,3586,021026_ML.npy,2026-10-02,2026-10-02 05:30:11.415864,7C79B4,DA42,DIAMOND AIRCRAFT INDUSTRIES,DA 42,d048b1e0d7ebb06619d4e719eab2795f77d96c4d64e85776fe84ea4e22db2079,True,1
8277,3588,021026_ML.npy,2026-10-02,2026-10-02 05:30:11.755156,7C79B4,DA42,DIAMOND AIRCRAFT INDUSTRIES,DA 42,d0a8fc2a89a8265d5a5900b48d71d196018b98d156d679e567876c0c064193fe,True,1
8279,3590,021026_ML.npy,2026-10-02,2026-10-02 05:30:16.468593,7C79B4,DA42,DIAMOND AIRCRAFT INDUSTRIES,DA 42,d048b1e0d7ebb06619d4e719eab2795f77d96c4d64e85776fe84ea4e22db2079,True,3
8280,3591,021026_ML.npy,2026-10-02,2026-10-02 05:30:20.659679,7C79B4,DA42,DIAMOND AIRCRAFT INDUSTRIES,DA 42,76316d9ce0c021b10e5954246027599631c4df22a0a0bc0004dacdcf4ec7b1ba,True,4
8281,3592,021026_ML.npy,2026-10-02,2026-10-02 05:30:21.508348,7C79B4,DA42,DIAMOND AIRCRAFT INDUSTRIES,DA 42,5d115dff2735df08f8efcef863b70bd26af3c74829233d04f295a8f52d573edc,True,2
8282,3593,021026_ML.npy,2026-10-02,2026-10-02 05:30:21.511735,7C79B4,DA42,DIAMOND AIRCRAFT INDUSTRIES,DA 42,00e013e23a80f9e28b3540703362e0a172ea2497255c29f3e396e92f8c50e9ae,True,3
8289,3600,021026_ML.npy,2026-10-02,2026-10-02 05:30:28.361077,7C79B4,DA42,DIAMOND AIRCRAFT INDUSTRIES,DA 42,937b9f2e7aa22536cd8cacf8c5ff4c82a26a4d49d77052ee2a17adc0177038f5,True,2
8291,3602,021026_ML.npy,2026-10-02,2026-10-02 05:30:29.785387,7C7B60,DA40,DIAMOND AIRCRAFT INDUSTRIES INC.,DA 40,84000d5669027a22e944e41ab33b98f243bb2fcb1d24948c0092697c3866c483,True,4
8294,3605,021026_ML.npy,2026-10-02,2026-10-02 05:30:36.508065,7C79B4,DA42,DIAMOND AIRCRAFT INDUSTRIES,DA 42,6650a0cfc215c152f7c6833ba0cf28c4c4d30b410accf2d900deb75249206d5c,True,3
8299,3610,021026_ML.npy,2026-10-02,2026-10-02 05:30:42.307816,7C7B60,DA40,DIAMOND AIRCRAFT INDUSTRIES INC.,DA 40,cce29e4fe9a0668fa6f5d6b1d0b433f67fa643ecf17b61085a306e4ce595b3e9,True,3
8330,3641,021026_ML.npy,2026-10-02,2026-10-02 05:33:26.240810,7C79B4,DA42,DIAMOND AIRCRAFT INDUSTRIES,DA 42,76316d9ce0c021b10e5954246027599631c4df22a0a0bc0004dacdcf4ec7b1ba,True,2
8331,3642,021026_ML.npy,2026-10-02,2026-10-02 05:33:26.963157,7C79B4,DA42,DIAMOND AIRCRAFT INDUSTRIES,DA 42,9bf082eb9a0378f597f4cc1faf8e158769dbe304afe11eaea1f48b2cef6f1bf3,True,1
8332,3643,021026_ML.npy,2026-10-02,2026-10-02 05:33:26.969441,7C79B4,DA42,DIAMOND AIRCRAFT INDUSTRIES,DA 42,f454e94359015805e8565629b2fb9d4dc7cea331703eb5e4c6a21ec4cf15bfbc,True,1
8333,3644,021026_ML.npy,2026-10-02,2026-10-02 05:33:32.992969,7C79B4,DA42,DIAMOND AIRCRAFT INDUSTRIES,DA 42,d7fb216278737104e075e5e581c49a8d69af1443e635836bb00149c6eda29838,True,1
8334,3645,021026_ML.npy,2026-10-02,2026-10-02 05:33:36.685605,7C79B4,DA42,DIAMOND AIRCRAFT INDUSTRIES,DA 42,d048b1e0d7ebb06619d4e719eab2795f77d96c4d64e85776fe84ea4e22db2079,True,4
8336,3647,021026_ML.npy,2026-10-02,2026-10-02 05:33:37.556157,7C79B4,DA42,DIAMOND AIRCRAFT INDUSTRIES,DA 42,031979558674422e79b44dc498b8aee3531ede06c48cfca51e19755079008270,True,2
8339,3650,021026_ML.npy,2026-10-02,2026-10-02 05:33:38.676923,7C79B4,DA42,DIAMOND AIRCRAFT INDUSTRIES,DA 42,492dad71e6198c8b81054029547af7cba49ed265ff7e515f1b90be620d3c6bb9,True,3
8340,3651,021026_ML.npy,2026-10-02,2026-10-02 05:33:39.096443,7C79B4,DA42,DIAMOND AIRCRAFT INDUSTRIES,DA 42,e73e0ab76d0960ad8defb8425a4b5e236cc606523e478f8843c9ee550dbf2485,True,3
8343,3654,021026_ML.npy,2026-10-02,2026-10-02 05:33:43.448435,7C79B4,DA42,DIAMOND AIRCRAFT INDUSTRIES,DA 42,55b4e8889cac6c628eb0bc133839e04b0f4b22cbe85916e564b2de719efe23ff,True,4
8348,3659,021026_ML.npy,2026-10-02,2026-10-02 05:33:50.920816,7C79B4,DA42,DIAMOND AIRCRAFT INDUSTRIES,DA 42,a20560b26decef9a766b780018dbdedb6c3664df93caaa4abb993dd7b1d347f0,True,3
8349,3660,021026_ML.npy,2026-10-02,2026-10-02 05:33:50.925272,7C79B4,DA42,DIAMOND AIRCRAFT INDUSTRIES,DA 42,eb429f92b23661d5e7fef1003ac2bb16f00d16391d36589ee6414df38975264c,True,1
8350,3661,021026_ML.npy,2026-10-02,2026-10-02 05:33:53.850065,7C79B4,DA42,DIAMOND AIRCRAFT INDUSTRIES,DA 42,76316d9ce0c021b10e5954246027599631c4df22a0a0bc0004dacdcf4ec7b1ba,True,3
8351,3662,021026_ML.npy,2026-10-02,2026-10-02 05:33:54.580531,7C79B4,DA42,DIAMOND AIRCRAFT INDUSTRIES,DA 42,5d32ade658e27fb90c0f6671cbd983fc64ff4945ddb6044783c40298c4b3084c,True,2
8356,3667,021026_ML.npy,2026-10-02,2026-10-02 05:33:57.913493,7C79B4,DA42,DIAMOND AIRCRAFT INDUSTRIES,DA 42,3908db8acf58b63deccd316c32cdc8c05828b667b076ec0580587e84224cadd1,True,3
8358,3669,021026_ML.npy,2026-10-02,2026-10-02 05:33:58.391937,7C79B4,DA42,DIAMOND AIRCRAFT INDUSTRIES,DA 42,80090aa521432a024b43a445cd0eaf0818535865c12d1414c4684a5754a3dab1,True,4
8360,3671,021026_ML.npy,2026-10-02,2026-10-02 05:33:59.381766,7C79B4,DA42,DIAMOND AIRCRAFT INDUSTRIES,DA 42,3a537d76fc0eb4e6a2e038b60fe7d4dae33b376470680189df11b54df450416a,True,4
8362,3673,021026_ML.npy,2026-10-02,2026-10-02 05:34:06.350461,7C79B4,DA42,DIAMOND AIRCRAFT INDUSTRIES,DA 42,76316d9ce0c021b10e5954246027599631c4df22a0a0bc0004dacdcf4ec7b1ba,True,2
8365,3676,021026_ML.npy,2026-10-02,2026-10-02 05:34:06.938048,7C79B4,DA42,DIAMOND AIRCRAFT INDUSTRIES,DA 42,d048b1e0d7ebb06619d4e719eab2795f77d96c4d64e85776fe84ea4e22db2079,True,4
8367,3678,021026_ML.npy,2026-10-02,2026-10-02 05:34:08.305091,7C79B4,DA42,DIAMOND AIRCRAFT INDUSTRIES,DA 42,a287d69a06ea64dde826a11c9f3aec96171d56917ecf08f9c6a9d6d657316c60,True,1
8369,3680,021026_ML.npy,2026-10-02,2026-10-02 05:34:09.302007,7C79B4,DA42,DIAMOND AIRCRAFT INDUSTRIES,DA 42,30865334089827af2e28ff849824ed35f5e5748d649265237cecf982e9e33895,True,4
8370,3681,021026_ML.npy,2026-10-02,2026-10-02 05:34:09.453821,7C79B4,DA42,DIAMOND AIRCRAFT INDUSTRIES,DA 42,d048b1e0d7ebb06619d4e719eab2795f77d96c4d64e85776fe84ea4e22db2079,True,1
8376,3687,021026_ML.npy,2026-10-02,2026-10-02 05:34:22.677910,7C79B4,DA42,DIAMOND AIRCRAFT INDUSTRIES,DA 42,afb67a29c8c867a3b0f9ffcd27560a4490bbaf271758791723555b64938f03a8,True,1
8377,3688,021026_ML.npy,2026-10-02,2026-10-02 05:34:22.682684,7C79B4,DA42,DIAMOND AIRCRAFT INDUSTRIES,DA 42,c68a34a3643d7b71867b5a5f9303590b0790c6f29562119a4c54d746e057c660,True,1
8378,3689,021026_ML.npy,2026-10-02,2026-10-02 05:34:28.187699,7C79B4,DA42,DIAMOND AIRCRAFT INDUSTRIES,DA 42,d048b1e0d7ebb06619d4e719eab2795f77d96c4d64e85776fe84ea4e22db2079,True,3
8379,3690,021026_ML.npy,2026-10-02,2026-10-02 05:34:32.125396,7C79B4,DA42,DIAMOND AIRCRAFT INDUSTRIES,DA 42,3ca9a4c0db0abc87df4d6cab54a4102cebbdd6edc5e8323e6b86f903da5ec77c,True,1
8382,3693,021026_ML.npy,2026-10-02,2026-10-02 05:34:35.007589,7C79B4,DA42,DIAMOND AIRCRAFT INDUSTRIES,DA 42,57a1ada69e7c89baaabef4423612d64c60e90abb1e514723b9792a6c8d0a1cf9,True,5
8383,3694,021026_ML.npy,2026-10-02,2026-10-02 05:34:35.704716,7C79B4,DA42,DIAMOND AIRCRAFT INDUSTRIES,DA 42,d048b1e0d7ebb06619d4e719eab2795f77d96c4d64e85776fe84ea4e22db2079,True,4
8391,3702,021026_ML.npy,2026-10-02,2026-10-02 05:35:14.697514,7C79B4,DA42,DIAMOND AIRCRAFT INDUSTRIES,DA 42,8eadee2422f94aa113e6f51cd64b5821e3ba12879aeb60dd8fe572801d5ac0e9,True,4
8392,3703,021026_ML.npy,2026-10-02,2026-10-02 05:35:18.472953,7C79B4,DA42,DIAMOND AIRCRAFT INDUSTRIES,DA 42,21844399e538ff874383a6f8d9e0a2af083d88589e154200a9bdf40cbaa13675,True,2
8393,3704,021026_ML.npy,2026-10-02,2026-10-02 05:35:19.348846,7C79B4,DA42,DIAMOND AIRCRAFT INDUSTRIES,DA 42,d048b1e0d7ebb06619d4e719eab2795f77d96c4d64e85776fe84ea4e22db2079,True,1
8394,3705,021026_ML.npy,2026-10-02,2026-10-02 05:35:20.246678,7C79B4,DA42,DIAMOND AIRCRAFT INDUSTRIES,DA 42,a7964f3e486709ac0593909a72d32f8a3122ebcf70004b86a02906a9a4ded43d,True,5
8395,3706,021026_ML.npy,2026-10-02,2026-10-02 05:35:23.753901,7C79B4,DA42,DIAMOND AIRCRAFT INDUSTRIES,DA 42,b88c99b2a869cfdf4b8bc19ed64cbb953e6e64fdeff941f00d31e1e94ce47830,True,4
8396,3707,021026_ML.npy,2026-10-02,2026-10-02 05:35:25.503386,7C79B4,DA42,DIAMOND AIRCRAFT INDUSTRIES,DA 42,d048b1e0d7ebb06619d4e719eab2795f77d96c4d64e85776fe84ea4e22db2079,True,2
8424,3735,021026_ML.npy,2026-10-02,2026-10-02 05:38:32.768893,7C79B4,DA42,DIAMOND AIRCRAFT INDUSTRIES,DA 42,ce300ab69e719590fe4043f6fa3c1a923df8e6dac5b76429f72a2431634d3fa4,True,5
8425,3736,021026_ML.npy,2026-10-02,2026-10-02 05:38:32.772247,7C79B4,DA42,DIAMOND AIRCRAFT INDUSTRIES,DA 42,16ac1984f5517fa0c66f096a6d4fe408660bf986e73e9fc7ed6f2ba403e3c2ab,True,4
8426,3737,021026_ML.npy,2026-10-02,2026-10-02 05:38:32.932540,7C79B4,DA42,DIAMOND AIRCRAFT INDUSTRIES,DA 42,76316d9ce0c021b10e5954246027599631c4df22a0a0bc0004dacdcf4ec7b1ba,True,3
8429,3740,021026_ML.npy,2026-10-02,2026-10-02 05:38:37.744613,7C79B4,DA42,DIAMOND AIRCRAFT INDUSTRIES,DA 42,0042fff5bbf5605061a0885624092ec5c2418d5ccb87c89a90767189d8ba28ed,True,1
8430,3741,021026_ML.npy,2026-10-02,2026-10-02 05:38:42.254979,7C79B4,DA42,DIAMOND AIRCRAFT INDUSTRIES,DA 42,d048b1e0d7ebb06619d4e719eab2795f77d96c4d64e85776fe84ea4e22db2079,True,3
8431,3742,021026_ML.npy,2026-10-02,2026-10-02 05:38:42.403412,7C79B4,DA42,DIAMOND AIRCRAFT INDUSTRIES,DA 42,89211754820d1dbe7b8b6ab3aad698884dd2025079c81cd4e170233a7039f7bb,True,2
8432,3743,021026_ML.npy,2026-10-02,2026-10-02 05:38:42.902134,7C79B4,DA42,DIAMOND AIRCRAFT INDUSTRIES,DA 42,342615b29f81947df752f26964ce647575cff69c1f75fdd280f703f6a672b873,True,5
8433,3744,021026_ML.npy,2026-10-02,2026-10-02 05:38:42.905143,7C79B4,DA42,DIAMOND AIRCRAFT INDUSTRIES,DA 42,f0cb63fba25b9f7453e59442c860d1722b2c9854eb8d2b0f06581efffaba156b,True,3
8434,3745,021026_ML.npy,2026-10-02,2026-10-02 05:38:43.478778,7C79B4,DA42,DIAMOND AIRCRAFT INDUSTRIES,DA 42,80090aa521432a024b43a445cd0eaf0818535865c12d1414c4684a5754a3dab1,True,4
8435,3746,021026_ML.npy,2026-10-02,2026-10-02 05:38:44.764249,7C79B4,DA42,DIAMOND AIRCRAFT INDUSTRIES,DA 42,d048b1e0d7ebb06619d4e719eab2795f77d96c4d64e85776fe84ea4e22db2079,True,2
8437,3748,021026_ML.npy,2026-10-02,2026-10-02 05:38:44.815917,7C79B4,DA42,DIAMOND AIRCRAFT INDUSTRIES,DA 42,126edb0a60926a23137029815634ff0038e133710f5a9d77fd394264a8edf904,True,1
8441,3752,021026_ML.npy,2026-10-02,2026-10-02 05:38:49.509461,7C79B4,DA42,DIAMOND AIRCRAFT INDUSTRIES,DA 42,21844399e538ff874383a6f8d9e0a2af083d88589e154200a9bdf40cbaa13675,True,3
8442,3753,021026_ML.npy,2026-10-02,2026-10-02 05:38:50.311803,7C79B4,DA42,DIAMOND AIRCRAFT INDUSTRIES,DA 42,6fa1861eeb97421833a48429d93b3a53d260cba1f3b6dcc9d6c842eb69f1797f,True,2
8444,3755,021026_ML.npy,2026-10-02,2026-10-02 05:38:52.336608,7C79B4,DA42,DIAMOND AIRCRAFT INDUSTRIES,DA 42,d1d94e0a7d5d95c649dbace49bd9aee422ca609d26ed39e1ed2e4873244a81b6,True,2
8446,3757,021026_ML.npy,2026-10-02,2026-10-02 05:38:55.578464,7C79B4,DA42,DIAMOND AIRCRAFT INDUSTRIES,DA 42,76316d9ce0c021b10e5954246027599631c4df22a0a0bc0004dacdcf4ec7b1ba,True,1
8447,3758,021026_ML.npy,2026-10-02,2026-10-02 05:39:03.048143,7C79B4,DA42,DIAMOND AIRCRAFT INDUSTRIES,DA 42,76316d9ce0c021b10e5954246027599631c4df22a0a0bc0004dacdcf4ec7b1ba,True,4
8455,3766,021026_ML.npy,2026-10-02,2026-10-02 05:39:11.212167,7C79B4,DA42,DIAMOND AIRCRAFT INDUSTRIES,DA 42,d048b1e0d7ebb06619d4e719eab2795f77d96c4d64e85776fe84ea4e22db2079,True,5
8459,3770,021026_ML.npy,2026-10-02,2026-10-02 05:39:13.551604,7C79B4,DA42,DIAMOND AIRCRAFT INDUSTRIES,DA 42,e2a1e1c519a23abd41aadaa044c3120e2c9cfedeb4276e34d44aba986563a08a,True,1
8460,3771,021026_ML.npy,2026-10-02,2026-10-02 05:39:14.896165,7C79B4,DA42,DIAMOND AIRCRAFT INDUSTRIES,DA 42,d048b1e0d7ebb06619d4e719eab2795f77d96c4d64e85776fe84ea4e22db2079,True,4
8462,3773,021026_ML.npy,2026-10-02,2026-10-02 05:39:15.535825,7C79B4,DA42,DIAMOND AIRCRAFT INDUSTRIES,DA 42,04e4e18b8833d3d03898f02cc8ed999cd617924f8a1278998c47290b96f9755c,True,1
8463,3774,021026_ML.npy,2026-10-02,2026-10-02 05:39:15.539367,7C79B4,DA42,DIAMOND AIRCRAFT INDUSTRIES,DA 42,013eebcffd57a3c6197dfe531065038f7fdd699491de529f8e096a458450381b,True,5
8465,3776,021026_ML.npy,2026-10-02,2026-10-02 05:39:19.001169,7C79B4,DA42,DIAMOND AIRCRAFT INDUSTRIES,DA 42,5493b8788140940578b528be54a5a433748fdbf37e475f64ecb447fcb003dac9,True,1
8466,3777,021026_ML.npy,2026-10-02,2026-10-02 05:39:19.008165,7C79B4,DA42,DIAMOND AIRCRAFT INDUSTRIES,DA 42,fd52a4c2c6017f4ab7585d0353b27c55c35a1a7e30a3157897033a616e11d687,True,3
8467,3778,021026_ML.npy,2026-10-02,2026-10-02 05:39:20.391197,7C79B4,DA42,DIAMOND AIRCRAFT INDUSTRIES,DA 42,cfae7e848fbdc54da27d8decc730d41754ec2332b8ce7125bf9bf9fe932eb482,True,5
8468,3779,021026_ML.npy,2026-10-02,2026-10-02 05:39:22.436506,7C79B4,DA42,DIAMOND AIRCRAFT INDUSTRIES,DA 42,44d46b0afa0cd22fd693bf6b46a622539c01b7a91ec18bfd399f1c738526e468,True,2
8471,3782,021026_ML.npy,2026-10-02,2026-10-02 05:39:29.908787,7C79B4,DA42,DIAMOND AIRCRAFT INDUSTRIES,DA 42,d048b1e0d7ebb06619d4e719eab2795f77d96c4d64e85776fe84ea4e22db2079,True,2
8472,3783,021026_ML.npy,2026-10-02,2026-10-02 05:39:31.202040,7C79B4,DA42,DIAMOND AIRCRAFT INDUSTRIES,DA 42,d048b1e0d7ebb06619d4e719eab2795f77d96c4d64e85776fe84ea4e22db2079,True,5
8474,3785,021026_ML.npy,2026-10-02,2026-10-02 05:40:00.627577,7C79B4,DA42,DIAMOND AIRCRAFT INDUSTRIES,DA 42,3c73464141a4be691aecf111abad826306b5435f9e58ec026f3818fffe5b36a0,True,3
8475,3786,021026_ML.npy,2026-10-02,2026-10-02 05:40:04.104759,7C79B4,DA42,DIAMOND AIRCRAFT INDUSTRIES,DA 42,5089b50f8dae3ca9f37650a242825b45e15940bf9e1eb502095298170074c418,True,2
8478,3789,021026_ML.npy,2026-10-02,2026-10-02 05:43:17.436336,7C79B4,DA42,DIAMOND AIRCRAFT INDUSTRIES,DA 42,76316d9ce0c021b10e5954246027599631c4df22a0a0bc0004dacdcf4ec7b1ba,True,4
8480,3791,021026_ML.npy,2026-10-02,2026-10-02 05:43:18.709015,7C79B4,DA42,DIAMOND AIRCRAFT INDUSTRIES,DA 42,8989ede4bdd1b4a57ba324279846311105d95f2ff95b268c3ee92073942a23c9,True,3
8482,3793,021026_ML.npy,2026-10-02,2026-10-02 05:43:26.445094,7C79B4,DA42,DIAMOND AIRCRAFT INDUSTRIES,DA 42,d048b1e0d7ebb06619d4e719eab2795f77d96c4d64e85776fe84ea4e22db2079,True,1
8483,3794,021026_ML.npy,2026-10-02,2026-10-02 05:43:28.132659,7C79B4,DA42,DIAMOND AIRCRAFT INDUSTRIES,DA 42,1af09ebcd6cb9e313ec9150641a778db460e23f37896db8dddedd87866089723,True,2
8487,3798,021026_ML.npy,2026-10-02,2026-10-02 05:43:29.739105,7C79B4,DA42,DIAMOND AIRCRAFT INDUSTRIES,DA 42,18af1e7f3a9371dd22779003b48e4a07a7d40967272fd5f0c396b4da785bf61e,True,4
8489,3800,021026_ML.npy,2026-10-02,2026-10-02 05:43:31.362930,7C79B4,DA42,DIAMOND AIRCRAFT INDUSTRIES,DA 42,d048b1e0d7ebb06619d4e719eab2795f77d96c4d64e85776fe84ea4e22db2079,True,1
8490,3801,021026_ML.npy,2026-10-02,2026-10-02 05:43:34.253767,7C79B4,DA42,DIAMOND AIRCRAFT INDUSTRIES,DA 42,b1c84df01f4a66a1a81cca08666569bee0015ce13a595f915a6ce083bc6886ed,True,5
8492,3803,021026_ML.npy,2026-10-02,2026-10-02 05:43:35.384763,7C79B4,DA42,DIAMOND AIRCRAFT INDUSTRIES,DA 42,7af73f22c8978fe06837826525a9d047268bfa0b9fb6050e591516ad12ea44db,True,4
8494,3805,021026_ML.npy,2026-10-02,2026-10-02 05:43:40.070146,7C79B4,DA42,DIAMOND AIRCRAFT INDUSTRIES,DA 42,d048b1e0d7ebb06619d4e719eab2795f77d96c4d64e85776fe84ea4e22db2079,True,3
8495,3806,021026_ML.npy,2026-10-02,2026-10-02 05:43:40.134771,7C79B4,DA42,DIAMOND AIRCRAFT INDUSTRIES,DA 42,da93e598892640d0b65ebedfe2f385efaff515adece22ab0277635de8d77d47d,True,5
8496,3807,021026_ML.npy,2026-10-02,2026-10-02 05:43:41.142430,7C79B4,DA42,DIAMOND AIRCRAFT INDUSTRIES,DA 42,40ca99da56632fd97e31759b3d347f7a30f5f10d0df699b108d1fb5556472da5,True,1
8497,3808,021026_ML.npy,2026-10-02,2026-10-02 05:43:41.146021,7C79B4,DA42,DIAMOND AIRCRAFT INDUSTRIES,DA 42,5aafdc3f1bb451b9218665a4d38556515eac0ac3f6f601719b377d9476247f38,True,4
8498,3809,021026_ML.npy,2026-10-02,2026-10-02 05:43:41.286885,7C79B4,DA42,DIAMOND AIRCRAFT INDUSTRIES,DA 42,d048b1e0d7ebb06619d4e719eab2795f77d96c4d64e85776fe84ea4e22db2079,True,3
8499,3810,021026_ML.npy,2026-10-02,2026-10-02 05:43:42.587254,7C79B4,DA42,DIAMOND AIRCRAFT INDUSTRIES,DA 42,76316d9ce0c021b10e5954246027599631c4df22a0a0bc0004dacdcf4ec7b1ba,True,3
8500,3811,021026_ML.npy,2026-10-02,2026-10-02 05:43:45.145066,7C79B4,DA42,DIAMOND AIRCRAFT INDUSTRIES,DA 42,f42d59ad3168aa8fa262064ece9c3f300561db044b664d42dce6e4b6a1fdb1bb,True,4
8504,3815,021026_ML.npy,2026-10-02,2026-10-02 05:43:49.924254,7C79B4,DA42,DIAMOND AIRCRAFT INDUSTRIES,DA 42,76316d9ce0c021b10e5954246027599631c4df22a0a0bc0004dacdcf4ec7b1ba,True,2
8505,3816,021026_ML.npy,2026-10-02,2026-10-02 05:43:51.615846,7C79B4,DA42,DIAMOND AIRCRAFT INDUSTRIES,DA 42,c0a396ae87347fae48e0608791967b8f8805c5c4f6035203758289979b0333b0,True,3
8508,3819,021026_ML.npy,2026-10-02,2026-10-02 05:43:54.955853,7C79B4,DA42,DIAMOND AIRCRAFT INDUSTRIES,DA 42,80090aa521432a024b43a445cd0eaf0818535865c12d1414c4684a5754a3dab1,True,4
8511,3822,021026_ML.npy,2026-10-02,2026-10-02 05:43:58.449996,7C79B4,DA42,DIAMOND AIRCRAFT INDUSTRIES,DA 42,2bfd61667d1445c38872ad22ea4188000ea1d043acbe79bc21e8394c70802512,True,1
8513,3824,021026_ML.npy,2026-10-02,2026-10-02 05:43:58.952039,7C79B4,DA42,DIAMOND AIRCRAFT INDUSTRIES,DA 42,325b7f596b704ba086bca0b468f2b674d34cbb18c68d2ea42d40498a5b6953d0,True,2
8519,3830,021026_ML.npy,2026-10-02,2026-10-02 05:44:19.995501,7C79B4,DA42,DIAMOND AIRCRAFT INDUSTRIES,DA 42,80090aa521432a024b43a445cd0eaf0818535865c12d1414c4684a5754a3dab1,True,3
8520,3831,021026_ML.npy,2026-10-02,2026-10-02 05:44:20.087317,7C79B4,DA42,DIAMOND AIRCRAFT INDUSTRIES,DA 42,76316d9ce0c021b10e5954246027599631c4df22a0a0bc0004dacdcf4ec7b1ba,True,5
8524,3835,021026_ML.npy,2026-10-02,2026-10-02 05:44:46.478874,7C79B4,DA42,DIAMOND AIRCRAFT INDUSTRIES,DA 42,e2a32a05b573d939cd5196f4bc975e277a8a87de359949b52fc914159367a2a4,True,2
8525,3836,021026_ML.npy,2026-10-02,2026-10-02 05:44:48.827537,7C79B4,DA42,DIAMOND AIRCRAFT INDUSTRIES,DA 42,4adbf9eed1153e92ca8b7ffe5ee3185fed9dea3868c2fee98b5105ae237dc886,True,5
8528,3839,021026_ML.npy,2026-10-02,2026-10-02 05:44:54.249121,7C79B4,DA42,DIAMOND AIRCRAFT INDUSTRIES,DA 42,94951a6b90ffe3ddebc3abe83ac88037eaa9dfacfa4e37fa2618408697e2896a,True,1
8530,3841,021026_ML.npy,2026-10-02,2026-10-02 05:49:03.610609,7C79B4,DA42,DIAMOND AIRCRAFT INDUSTRIES,DA 42,c9ae23d8fa2f205b9bb41b63b060373727a3ded0dc7465a3d187070982947b8b,True,4
8532,3843,021026_ML.npy,2026-10-02,2026-10-02 05:49:11.157671,7C79B4,DA42,DIAMOND AIRCRAFT INDUSTRIES,DA 42,2af6dd514529bc9aeaf80772b99c3c82078a9f425d69536f6d11e12ed92671f7,True,5
8536,3847,021026_ML.npy,2026-10-02,2026-10-02 05:49:16.980714,7C79B4,DA42,DIAMOND AIRCRAFT INDUSTRIES,DA 42,d048b1e0d7ebb06619d4e719eab2795f77d96c4d64e85776fe84ea4e22db2079,True,2
8540,3851,021026_ML.npy,2026-10-02,2026-10-02 05:53:58.058433,7C79B4,DA42,DIAMOND AIRCRAFT INDUSTRIES,DA 42,21844399e538ff874383a6f8d9e0a2af083d88589e154200a9bdf40cbaa13675,True,2
8543,3854,021026_ML.npy,2026-10-02,2026-10-02 05:54:05.264152,7C79B4,DA42,DIAMOND AIRCRAFT INDUSTRIES,DA 42,76316d9ce0c021b10e5954246027599631c4df22a0a0bc0004dacdcf4ec7b1ba,True,4
8591,3902,021026_ML.npy,2026-10-02,2026-10-02 18:41:44.602947,7C7AF0,DA40,DIAMOND AIRCRAFT INDUSTRIES INC.,DA 40,6480ac49af5dd18320c2b0a0a82fd31c27ed9f571d7771a58948669e31f5cbc0,True,3
8595,3906,021026_ML.npy,2026-10-02,2026-10-02 18:41:55.168159,7C7AF0,DA40,DIAMOND AIRCRAFT INDUSTRIES INC.,DA 40,40a64f51a175cd274e770a8fe60bea95d79c6232d009c8bbd312f87c9d07be6e,True,4
8603,3914,021026_ML.npy,2026-10-02,2026-10-02 18:42:04.111293,7C7AF0,DA40,DIAMOND AIRCRAFT INDUSTRIES INC.,DA 40,8446693965687f7c1a6a58083473cf24dac31af63b06ccc7f915a97ad8b2c478,True,4
8654,3965,021026_ML.npy,2026-10-02,2026-10-02 18:44:27.814511,7C7B5E,DA40,DIAMOND AIRCRAFT INDUSTRIES INC.,DA 40,d80ebadeb3814fd7ea3318a3d7eed9284d2d4337aa4400bd361339036453b074,True,2
8684,3995,021026_ML.npy,2026-10-02,2026-10-02 18:47:00.147256,7C168B,DA40,DIAMOND AIRCRAFT INDUSTRIES INC.,DA 40,d5e73a7ff4e2be6274efcb36cedd62fc657b5fcb7060087aa0600b0058d2cdde,True,1
8686,3997,021026_ML.npy,2026-10-02,2026-10-02 18:47:06.015058,7C168B,DA40,DIAMOND AIRCRAFT INDUSTRIES INC.,DA 40,491181b264e8e96b55beb13f3d428d65b687266539e622549853b109fee5a76d,True,5
8691,4002,021026_ML.npy,2026-10-02,2026-10-02 18:47:14.637130,7C168B,DA40,DIAMOND AIRCRAFT INDUSTRIES INC.,DA 40,fa5cc3c1c03e6e73546416528a81200c0293c9780d3eb2bff9d8f9c281ef3f7f,True,1
8692,4003,021026_ML.npy,2026-10-02,2026-10-02 18:47:16.295408,7C168B,DA40,DIAMOND AIRCRAFT INDUSTRIES INC.,DA 40,526ea84ad9929c14273f285e7f90aa322437269be2346d9f5b5221f1e63c88f1,True,4
8709,4020,021026_ML.npy,2026-10-02,2026-10-02 18:47:42.412153,7C168B,DA40,DIAMOND AIRCRAFT INDUSTRIES INC.,DA 40,f3eb6bf06d7a9236a59d39541569a8f450995a29a7f495449224601ba1eda8d6,True,1
8711,4022,021026_ML.npy,2026-10-02,2026-10-02 18:47:44.516349,7C168B,DA40,DIAMOND AIRCRAFT INDUSTRIES INC.,DA 40,aaa5de78085f8fc061878dc6d056dd07c4a8660913c799dcb944aad47bb90243,True,2
8717,4028,021026_ML.npy,2026-10-02,2026-10-02 18:49:06.036358,7C1689,DA40,DIAMOND AIRCRAFT INDUSTRIES INC.,DA 40,637f1e0a055a351198e3a719d4b543a7a2a9b635fc292f3a4a1698a4dcbc1f87,True,2
8720,4031,021026_ML.npy,2026-10-02,2026-10-02 18:49:10.481269,7C1689,DA40,DIAMOND AIRCRAFT INDUSTRIES INC.,DA 40,89bb0cc4c2d1e5a9af6c0a679ba134d6e32489364aa9992539eb05c1252e6739,True,1
8776,4087,021026_ML.npy,2026-10-02,2026-10-02 19:02:51.109508,7C7C31,DA40,DIAMOND AIRCRAFT INDUSTRIES INC.,DA 40,bc65a9b138a75fead580598cc492484f0d5129af0c9031e3f98d99383a0442ae,True,1
8785,4096,021026_ML.npy,2026-10-02,2026-10-02 19:03:06.180816,7C7C31,DA40,DIAMOND AIRCRAFT INDUSTRIES INC.,DA 40,697698a1bf2436945e7290b8042a09e6045eaac12a27b52ac8f546fdec3b8797,True,4
8794,4105,021026_ML.npy,2026-10-02,2026-10-02 19:03:21.700667,7C7C31,DA40,DIAMOND AIRCRAFT INDUSTRIES INC.,DA 40,6b39926653b80769417ab22132d147684c05eb2d8212df4d9477523789fba265,True,3
8795,4106,021026_ML.npy,2026-10-02,2026-10-02 19:03:21.888834,7C7C31,DA40,DIAMOND AIRCRAFT INDUSTRIES INC.,DA 40,49e425ca71f4b62891ab8405391810fcbeb74ac7a91f88d4ea40048b6aafa827,True,1
8803,4114,021026_ML.npy,2026-10-02,2026-10-02 19:03:29.712574,7C7C31,DA40,DIAMOND AIRCRAFT INDUSTRIES INC.,DA 40,cff3ebe1391b1e868e5338bd54b9a4c628c3c00a3e1c2088b701b198c1fe4811,True,4
8826,4137,021026_ML.npy,2026-10-02,2026-10-02 19:06:00.107827,7C7B55,DA40,DIAMOND AIRCRAFT INDUSTRIES INC.,DA 40,c0aa89e27ee343e2b259eb16249eda88647cc93e543f8c8c2ccd4e1916f21981,True,1
8832,4143,021026_ML.npy,2026-10-02,2026-10-02 19:06:05.813529,7C7B55,DA40,DIAMOND AIRCRAFT INDUSTRIES INC.,DA 40,6dd4e05adf63fd8bdcb58c7e1a6029030a4995661939922e7576fde2e07b4350,True,1
8835,4146,021026_ML.npy,2026-10-02,2026-10-02 19:06:07.748609,7C7B55,DA40,DIAMOND AIRCRAFT INDUSTRIES INC.,DA 40,a5aaa5863f298a7955928f23ed571ceb2f0c12c26d5c0ff9fe2d602daba0981d,True,1
8843,4154,021026_ML.npy,2026-10-02,2026-10-02 19:06:19.573573,7C7B55,DA40,DIAMOND AIRCRAFT INDUSTRIES INC.,DA 40,23ed337621deb8e2defab55958ea380528c43af8363178c9d47706701de2fe34,True,5
8852,4163,021026_ML.npy,2026-10-02,2026-10-02 19:06:27.404327,7C7B55,DA40,DIAMOND AIRCRAFT INDUSTRIES INC.,DA 40,acd180b819b4ac56af4ce6f75b8807a83610201cf6406b512501d785eb77b311,True,4
8856,4167,021026_ML.npy,2026-10-02,2026-10-02 19:06:33.364269,7C7B55,DA40,DIAMOND AIRCRAFT INDUSTRIES INC.,DA 40,ae72bd4e75e273066c32ac876b7963a509848f7bfba3ca53bda7299ed5819336,True,4
8875,4186,021026_ML.npy,2026-10-02,2026-10-02 19:40:28.850542,7C7C39,DA40,DIAMOND AIRCRAFT INDUSTRIES INC.,DA 40,56a68fea38d43dd521e2baacb7c546f390b0fd271dea2ab7d2260a95b4ce33a9,True,2
8878,4189,021026_ML.npy,2026-10-02,2026-10-02 19:40:32.924576,7C7C39,DA40,DIAMOND AIRCRAFT INDUSTRIES INC.,DA 40,ee7caeba71f0838c5d081261cc733f78cee9212f375468a9923b30c790ac188d,True,3
8975,4286,021026_ML.npy,2026-10-02,2026-10-02 19:46:04.536480,7C7C39,DA40,DIAMOND AIRCRAFT INDUSTRIES INC.,DA 40,db7a44f4675e749a82b1b277bfa6644e4297fbfff246e92cbc9189f5013d19d3,True,3
8979,4290,021026_ML.npy,2026-10-02,2026-10-02 19:46:12.160011,7C7C39,DA40,DIAMOND AIRCRAFT INDUSTRIES INC.,DA 40,0b94b2af513529d43f2ca58951b29665d4b73edd773acdb5d36b212eeb1fdb83,True,5
8980,4291,021026_ML.npy,2026-10-02,2026-10-02 19:46:12.944951,7C7C39,DA40,DIAMOND AIRCRAFT INDUSTRIES INC.,DA 40,1009a4e8905aa5a4f2dc74cf1b410ff46ec1756589a1113830c72c82e633f358,True,4
8989,4300,021026_ML.npy,2026-10-02,2026-10-02 19:46:23.730058,7C7C39,DA40,DIAMOND AIRCRAFT INDUSTRIES INC.,DA 40,56a68fea38d43dd521e2baacb7c546f390b0fd271dea2ab7d2260a95b4ce33a9,True,1
8993,4304,021026_ML.npy,2026-10-02,2026-10-02 19:46:29.957543,7C7C39,DA40,DIAMOND AIRCRAFT INDUSTRIES INC.,DA 40,4cf04228cdd0df1f3ab16704dcf3c6d0962f2e2fb90ccb556d93227d3a00be65,True,2
8997,4308,021026_ML.npy,2026-10-02,2026-10-02 19:46:34.762928,7C7C39,DA40,DIAMOND AIRCRAFT INDUSTRIES INC.,DA 40,2fbb9b2f9b0fe2a7688da69bb7c901637144f5c55cf25fe965c2fc1dfe36a30a,True,5
9007,4318,021026_ML.npy,2026-10-02,2026-10-02 19:46:44.804595,7C7C39,DA40,DIAMOND AIRCRAFT INDUSTRIES INC.,DA 40,88327412da41b8c5c728ab745236325c2c53fda00e54c9054bbe6f58df6559bc,True,4
9009,4320,021026_ML.npy,2026-10-02,2026-10-02 19:46:47.522786,7C7C39,DA40,DIAMOND AIRCRAFT INDUSTRIES INC.,DA 40,56a68fea38d43dd521e2baacb7c546f390b0fd271dea2ab7d2260a95b4ce33a9,True,5
9010,4321,021026_ML.npy,2026-10-02,2026-10-02 19:46:47.589815,7C7C39,DA40,DIAMOND AIRCRAFT INDUSTRIES INC.,DA 40,004876a4db8d076ce777bd57dbc8f1cbb84e0e6254753fbfa63fa2fb7f11966b,True,3
9011,4322,021026_ML.npy,2026-10-02,2026-10-02 19:46:47.593392,7C7C39,DA40,DIAMOND AIRCRAFT INDUSTRIES INC.,DA 40,50c2de1be9fee5ee026c1a1e1f1b3c7da4e5aa2c8321c13da3f40804fc361b08,True,3
9012,4323,021026_ML.npy,2026-10-02,2026-10-02 19:46:49.730388,7C7C39,DA40,DIAMOND AIRCRAFT INDUSTRIES INC.,DA 40,b9b9b2e11dd08afda686eecd35e35d2e0936f219567e7926da86d2605501a228,True,2
9020,4331,021026_ML.npy,2026-10-02,2026-10-02 19:47:32.810428,7C7C39,DA40,DIAMOND AIRCRAFT INDUSTRIES INC.,DA 40,43ef8b8032bec92a64f64082e44b84147eb745b9c0db65ffa36794ebaf44e58e,True,2
9028,4339,021026_ML.npy,2026-10-02,2026-10-02 19:51:35.427007,7C7C39,DA40,DIAMOND AIRCRAFT INDUSTRIES INC.,DA 40,014eb26bf1685865d06ff0826f5e7ffafc8a28a2288ac92cb5b168dc09dbda1d,True,5
9029,4340,021026_ML.npy,2026-10-02,2026-10-02 19:51:36.888504,7C7C39,DA40,DIAMOND AIRCRAFT INDUSTRIES INC.,DA 40,eea445d51d1ce4898dd0debe421755637f9d418b3548c99d30a67da29e24034c,True,1
9033,4344,021026_ML.npy,2026-10-02,2026-10-02 19:51:42.482932,7C7C39,DA40,DIAMOND AIRCRAFT INDUSTRIES INC.,DA 40,9a562c41b739365d4f8faa7670305c7073e0a76c1c393ae1515a16abccf5afc8,True,2
9042,4353,021026_ML.npy,2026-10-02,2026-10-02 19:51:59.398073,7C7C39,DA40,DIAMOND AIRCRAFT INDUSTRIES INC.,DA 40,56a68fea38d43dd521e2baacb7c546f390b0fd271dea2ab7d2260a95b4ce33a9,True,3
9075,4386,021026_ML.npy,2026-10-02,2026-10-02 19:53:03.793032,7C7B5F,DA40,DIAMOND AIRCRAFT INDUSTRIES INC.,DA 40,e46474fd9cf04e53c4be56d62bee5ca2338caa7847cca6a1e90fd81a84cbfdd4,True,2
9085,4396,021026_ML.npy,2026-10-02,2026-10-02 19:53:17.000147,7C7B5F,DA40,DIAMOND AIRCRAFT INDUSTRIES INC.,DA 40,8c26efb7099f5dbc706f8282e36af06751a13ca61203df74812c93f4a8b7a514,True,5
9091,4402,021026_ML.npy,2026-10-02,2026-10-02 19:53:23.946011,7C7B5F,DA40,DIAMOND AIRCRAFT INDUSTRIES INC.,DA 40,a1eb48dcdee1ed9c371e2f370cfa809a46bbf27e27a461e065e7b920b4b6859a,True,4
9101,4412,021026_ML.npy,2026-10-02,2026-10-02 19:55:10.523955,7C7C2E,DA40,DIAMOND AIRCRAFT INDUSTRIES INC.,DA 40,e241579d0127df20f3a98485067547489bca9ee0af2bca55ecec43731a3225b8,True,1
9106,4417,021026_ML.npy,2026-10-02,2026-10-02 19:55:14.124988,7C7C2E,DA40,DIAMOND AIRCRAFT INDUSTRIES INC.,DA 40,ab985764ff9649d3b92c1c5845b1848efb212061aa52bd3d65f4e31cca6bea6b,True,1
9118,4429,021026_ML.npy,2026-10-02,2026-10-02 19:55:38.396245,7C7C2E,DA40,DIAMOND AIRCRAFT INDUSTRIES INC.,DA 40,bb9dfb3e415da0174ff451deaf842381374fae16d937a7720e6e0762eebd81d3,True,3
9125,4436,021026_ML.npy,2026-10-02,2026-10-02 19:56:19.780356,7C7C39,DA40,DIAMOND AIRCRAFT INDUSTRIES INC.,DA 40,284d88d9c9d5060c156267e5b679543da0a7d1461adf44ecd3e3ed6ad7097690,True,2
9134,4445,021026_ML.npy,2026-10-02,2026-10-02 19:56:31.902205,7C7C39,DA40,DIAMOND AIRCRAFT INDUSTRIES INC.,DA 40,b8e0baea1cd36e6445c51310740c79fcfc08b775c2ab614c7062b277f32af77d,True,2
9137,4448,021026_ML.npy,2026-10-02,2026-10-02 19:56:36.557133,7C7C39,DA40,DIAMOND AIRCRAFT INDUSTRIES INC.,DA 40,2d29901ae399ccb5a4afaea1d8c34240db5de65e6054ae20484d359147341fa4,True,4
9170,4481,021026_ML.npy,2026-10-02,2026-10-02 20:00:22.937645,7C7C39,DA40,DIAMOND AIRCRAFT INDUSTRIES INC.,DA 40,86523a6ded520cd00b8e83a340cfd380c3af21f3e4543394ce87791639c5a45c,True,4
9173,4484,021026_ML.npy,2026-10-02,2026-10-02 20:00:36.515732,7C7C39,DA40,DIAMOND AIRCRAFT INDUSTRIES INC.,DA 40,e954e925816e6453904bc2dde3fb3c548402c7e6d3b18764b1cb0d90b885c8c3,True,2
9174,4485,021026_ML.npy,2026-10-02,2026-10-02 20:00:39.903960,7C7C2E,DA40,DIAMOND AIRCRAFT INDUSTRIES INC.,DA 40,17199b99218d13e07cbd2a09a9d133f118bdce757c1c07e66a8898790cadca42,True,5
9180,4491,021026_ML.npy,2026-10-02,2026-10-02 20:00:45.097535,7C7C39,DA40,DIAMOND AIRCRAFT INDUSTRIES INC.,DA 40,bcc54d6d9d24692fa830fe01eba98eb5d1cf8002b610c1f1a349dbf7ea17a29f,True,1
9190,4501,021026_ML.npy,2026-10-02,2026-10-02 20:00:55.071419,7C7C39,DA40,DIAMOND AIRCRAFT INDUSTRIES INC.,DA 40,e9ac7553d0556abc796af6af0722488a0161a6e60ce7e10d6d09fb2a8e36144c,True,3
9193,4504,021026_ML.npy,2026-10-02,2026-10-02 20:01:00.935097,7C7C39,DA40,DIAMOND AIRCRAFT INDUSTRIES INC.,DA 40,0ec65fbfe98df76ff8b2f77efe4afb77e53c549f5d633ca8b070c777752012b9,True,4
9195,4506,021026_ML.npy,2026-10-02,2026-10-02 20:01:01.465242,7C7C39,DA40,DIAMOND AIRCRAFT INDUSTRIES INC.,DA 40,84cef54141be826880dedc038151478635f73fe3d48d3d98131c9d451c95a7f7,True,3
9202,4513,021026_ML.npy,2026-10-02,2026-10-02 20:01:05.393008,7C7C2E,DA40,DIAMOND AIRCRAFT INDUSTRIES INC.,DA 40,883b0678c4f6685c9699ba97d5efa9293057e2df322bd26b8a1f418b13c4f9b0,True,2
9208,4519,021026_ML.npy,2026-10-02,2026-10-02 20:01:08.655309,7C7C39,DA40,DIAMOND AIRCRAFT INDUSTRIES INC.,DA 40,6ee2259f39b4b3dc4324a1fdb3adadfc8aa8c22edc2720c6fbb9453e6c928c8b,True,1
9212,4523,021026_ML.npy,2026-10-02,2026-10-02 20:01:13.176165,7C7C39,DA40,DIAMOND AIRCRAFT INDUSTRIES INC.,DA 40,1f515edafd18e2ed2ee7c059418d59e0bcbc966aa24925ca3a57d32c16006e81,True,1
9258,4569,021026_ML.npy,2026-10-02,2026-10-02 20:05:38.203866,7C7C39,DA40,DIAMOND AIRCRAFT INDUSTRIES INC.,DA 40,1f515edafd18e2ed2ee7c059418d59e0bcbc966aa24925ca3a57d32c16006e81,True,3
9261,4572,021026_ML.npy,2026-10-02,2026-10-02 20:05:40.125732,7C7C39,DA40,DIAMOND AIRCRAFT INDUSTRIES INC.,DA 40,73f08efeadecbcceb0e82e196c233cec52507caf57bf0290bb78508669458e7f,True,2
9300,4611,021026_ML.npy,2026-10-02,2026-10-02 20:06:20.865978,7C7C39,DA40,DIAMOND AIRCRAFT INDUSTRIES INC.,DA 40,56a68fea38d43dd521e2baacb7c546f390b0fd271dea2ab7d2260a95b4ce33a9,True,4
9320,4631,021026_ML.npy,2026-10-02,2026-10-02 20:06:52.528262,7C6C18,C172,CESSNA AIRCRAFT COMPANY,172S,520813066fa2845f59555ae24d8c9646d791571b350ab6586c8fc22cd636cd0f,True,5
9321,4632,021026_ML.npy,2026-10-02,2026-10-02 20:06:52.536019,7C6C18,C172,CESSNA AIRCRAFT COMPANY,172S,f181fe4ca7d8b658d3d06b12bc3ad0eb2fdf0565052df30baa790cb5df8ee2e6,True,3
9324,4635,021026_ML.npy,2026-10-02,2026-10-02 20:06:59.617722,7C6C18,C172,CESSNA AIRCRAFT COMPANY,172S,d4c94f54c2e788283b0df7b45201e0db353013d749834ab7fc0de668f80153a5,True,5
9325,4636,021026_ML.npy,2026-10-02,2026-10-02 20:06:59.624425,7C6C18,C172,CESSNA AIRCRAFT COMPANY,172S,49e9cb3ca6ff15ab00eefa02c7b9873b6a8826534f5497e2458b196198f8b94c,True,1
9335,4646,021026_ML.npy,2026-10-02,2026-10-02 20:07:06.309644,7C6C18,C172,CESSNA AIRCRAFT COMPANY,172S,58c4fd3638417241e0fd8dd7a0c6060778e6d828a959b963f753e13ac4fb1bb9,True,2
9339,4650,021026_ML.npy,2026-10-02,2026-10-02 20:07:13.685378,7C6C18,C172,CESSNA AIRCRAFT COMPANY,172S,58c4fd3638417241e0fd8dd7a0c6060778e6d828a959b963f753e13ac4fb1bb9,True,3
9349,4660,021026_ML.npy,2026-10-02,2026-10-02 20:07:30.514916,7C6C18,C172,CESSNA AIRCRAFT COMPANY,172S,c0ac0c81cebbc8b11f3b205a9f70781de41db59dfe3c64b64f32961f0924f24e,True,4
9350,4661,021026_ML.npy,2026-10-02,2026-10-02 20:07:30.637828,7C6C18,C172,CESSNA AIRCRAFT COMPANY,172S,203f99fc5ce3a09610df6060ca908e496d451043719572c6b25efbe7ae9cf6e2,True,3
9357,4668,021026_ML.npy,2026-10-02,2026-10-02 20:07:39.244219,7C6C18,C172,CESSNA AIRCRAFT COMPANY,172S,a94ef40f0dc677104cb11b50e2ea25a9196495ce5fa66dec21b7d870f918d0b8,True,5
9358,4669,021026_ML.npy,2026-10-02,2026-10-02 20:07:40.748150,7C6C18,C172,CESSNA AIRCRAFT COMPANY,172S,9d0244a90d085cfd32d49b0dbcff95b735eaf9541e9e0202ed0ba7097e87279f,True,2
9367,4678,021026_ML.npy,2026-10-02,2026-10-02 20:07:54.535838,7C6C18,C172,CESSNA AIRCRAFT COMPANY,172S,774dfa3d483d29bfedce002ac99e388c0a526f526e11f98093958a336263dbc3,True,1
9368,4679,021026_ML.npy,2026-10-02,2026-10-02 20:08:01.682058,7C6C18,C172,CESSNA AIRCRAFT COMPANY,172S,429ed2ae5ed27ec7a6968167b000918c475b56a0d1274b44ce9c6570b29d5820,True,5
9393,4704,021026_ML.npy,2026-10-02,2026-10-02 20:08:47.617729,7C7B5F,DA40,DIAMOND AIRCRAFT INDUSTRIES INC.,DA 40,93c6e3e328c8b3fc6fcdfa6d3ae7223c82f00ff03a05cfffec7b5d019811de61,True,3
9410,4721,021026_ML.npy,2026-10-02,2026-10-02 20:09:01.782711,7C7C41,DA40,DIAMOND AIRCRAFT INDUSTRIES INC.,DA 40,a6559539474624d96ab026a4ef898c14d07082f1497609b76a4c7e7a86267376,True,2
9420,4731,021026_ML.npy,2026-10-02,2026-10-02 20:09:10.587952,7C7C41,DA40,DIAMOND AIRCRAFT INDUSTRIES INC.,DA 40,513f96cea50f3ad8494ea7e96fcf949431375aedfac313cb90e42f9811311311,True,1
9421,4732,021026_ML.npy,2026-10-02,2026-10-02 20:09:11.100185,7C6C18,C172,CESSNA AIRCRAFT COMPANY,172S,58c4fd3638417241e0fd8dd7a0c6060778e6d828a959b963f753e13ac4fb1bb9,True,5
9432,4743,021026_ML.npy,2026-10-02,2026-10-02 20:09:30.401049,7C7C41,DA40,DIAMOND AIRCRAFT INDUSTRIES INC.,DA 40,2c0f216bcc31e790816221c9f3ac057aaa73fe9b8521ea5a60fa7f6af5215b92,True,5
9444,4755,021026_ML.npy,2026-10-02,2026-10-02 20:09:53.044285,7C7C41,DA40,DIAMOND AIRCRAFT INDUSTRIES INC.,DA 40,2c0f216bcc31e790816221c9f3ac057aaa73fe9b8521ea5a60fa7f6af5215b92,True,1
9445,4756,021026_ML.npy,2026-10-02,2026-10-02 20:09:55.658675,7C7C41,DA40,DIAMOND AIRCRAFT INDUSTRIES INC.,DA 40,e4e3219eaaeaf1db02e74b6dd793743d6ce01ee6d3c7ecdc4dd73afa01f15e05,True,5
9446,4757,021026_ML.npy,2026-10-02,2026-10-02 20:09:58.153920,7C7C41,DA40,DIAMOND AIRCRAFT INDUSTRIES INC.,DA 40,5de8a98ba61399ee4ec0a1cf4b31dde96640be8babcb9233f508f9936ab07fce,True,4
9453,4764,021026_ML.npy,2026-10-02,2026-10-02 20:10:13.579980,7C7C39,DA40,DIAMOND AIRCRAFT INDUSTRIES INC.,DA 40,a7d063be803e062478bc214292e4b7d2b1d1c518a2917cf3dffe1941db571938,True,3
9474,4785,021026_ML.npy,2026-10-02,2026-10-02 20:10:39.820240,7C7C39,DA40,DIAMOND AIRCRAFT INDUSTRIES INC.,DA 40,25f76257bc0619d94d4703cd9ada6e34737103f4e63e54439fdfd9b228cdbaf1,True,3
9489,4800,021026_ML.npy,2026-10-02,2026-10-02 20:10:54.260673,7C7C39,DA40,DIAMOND AIRCRAFT INDUSTRIES INC.,DA 40,aba8750d6368bc8fcb98626fb26364f5c0fb2dee4934167063a257a37abf021e,True,3
9507,4818,021026_ML.npy,2026-10-02,2026-10-02 20:13:28.672237,7C6C18,C172,CESSNA AIRCRAFT COMPANY,172S,a77d510daa1c365c23dfaa95e4069a429513c921922ef7784db427366b930467,True,5
9510,4821,021026_ML.npy,2026-10-02,2026-10-02 20:13:32.168901,7C6C18,C172,CESSNA AIRCRAFT COMPANY,172S,efc7cb644984ccea5cc174bd8ec2722fa8fa8cacc1ca5272e2d1b5e9a4f05f69,True,1
9513,4824,021026_ML.npy,2026-10-02,2026-10-02 20:13:39.916076,7C6C18,C172,CESSNA AIRCRAFT COMPANY,172S,f9df5e5b7e53821bf89a9f948211c75190bb9cbd72cdcf0e5c4afa41a2e1d9ae,True,4
9515,4826,021026_ML.npy,2026-10-02,2026-10-02 20:13:40.474330,7C6C18,C172,CESSNA AIRCRAFT COMPANY,172S,91d43557b1521caae827d74b8ad15c1a58e4d3dff5585ad10f952fa76275ffec,True,1
9517,4828,021026_ML.npy,2026-10-02,2026-10-02 20:13:43.188658,7C6C18,C172,CESSNA AIRCRAFT COMPANY,172S,0d837e95c49fa2c361376602bfa322a17d87b78d94586950054a3675540a928e,True,1
9519,4830,021026_ML.npy,2026-10-02,2026-10-02 20:13:44.112004,7C6C18,C172,CESSNA AIRCRAFT COMPANY,172S,b310eea1c32c29d31a64bdcb5c9850aa1ef0ff8196f2da8ac85270464d4d25b2,True,1
9525,4836,021026_ML.npy,2026-10-02,2026-10-02 20:13:53.834948,7C6C18,C172,CESSNA AIRCRAFT COMPANY,172S,203f99fc5ce3a09610df6060ca908e496d451043719572c6b25efbe7ae9cf6e2,True,3
9530,4841,021026_ML.npy,2026-10-02,2026-10-02 20:13:57.248358,7C6C18,C172,CESSNA AIRCRAFT COMPANY,172S,eb88c2637f875e9a7587b6cafb177259b2d3de6dedf4ab169a651d97e35086d2,True,3
9542,4853,021026_ML.npy,2026-10-02,2026-10-02 20:14:12.173567,7C6C18,C172,CESSNA AIRCRAFT COMPANY,172S,58c4fd3638417241e0fd8dd7a0c6060778e6d828a959b963f753e13ac4fb1bb9,True,5
9545,4856,021026_ML.npy,2026-10-02,2026-10-02 20:14:16.004739,7C6C18,C172,CESSNA AIRCRAFT COMPANY,172S,203f99fc5ce3a09610df6060ca908e496d451043719572c6b25efbe7ae9cf6e2,True,3
9574,4885,021026_ML.npy,2026-10-02,2026-10-02 20:15:12.439351,7C6C18,C172,CESSNA AIRCRAFT COMPANY,172S,d34ed6ae7fb50a9ae17938ec544e89cec39c9d84fe84adfdcbc09ce411943bf4,True,2
9586,4897,021026_ML.npy,2026-10-02,2026-10-02 20:17:22.090058,7C7C2E,DA40,DIAMOND AIRCRAFT INDUSTRIES INC.,DA 40,6d1d48d29083a2d56a9a184b5e0ce83f7f9b223669e5fa2b20f6a4d8c73b6eb2,True,3
9596,4907,021026_ML.npy,2026-10-02,2026-10-02 20:18:55.670265,7C6C18,C172,CESSNA AIRCRAFT COMPANY,172S,3e0c6960a3a9d86dc7b38e2b7b72507f6c6949d08792228c7ad3791e412410ee,True,3
9601,4912,021026_ML.npy,2026-10-02,2026-10-02 20:19:12.135206,7C6C18,C172,CESSNA AIRCRAFT COMPANY,172S,3805daab6f0cdf490d829043f34bb27c5a2f1489c9aeb42cdebbe81b2bdce004,True,5
9625,4936,021026_ML.npy,2026-10-02,2026-10-02 20:20:11.143463,7C7B5F,DA40,DIAMOND AIRCRAFT INDUSTRIES INC.,DA 40,28c8074cfb3b9eafbc6fea781483cac79f955ac4b40e8b9f80c27237a01c10e1,True,2
9671,4982,021026_ML.npy,2026-10-02,2026-10-02 20:22:55.698317,7C7C2E,DA40,DIAMOND AIRCRAFT INDUSTRIES INC.,DA 40,8f368fd44f11f4644b748bf8ba9ff28ef4799aba30f38f131dd9bbc4d615915f,True,3
9682,4993,021026_ML.npy,2026-10-02,2026-10-02 20:24:33.555299,7C6C18,C172,CESSNA AIRCRAFT COMPANY,172S,71b574593a12229a787b133594a2f5439725e71f6ce8c76215e33253de416ed5,True,2
9684,4995,021026_ML.npy,2026-10-02,2026-10-02 20:24:37.961124,7C6C18,C172,CESSNA AIRCRAFT COMPANY,172S,7f4f986d3bf98081c742218efe40e2b0d4471424521662c9c9079929743fd8c6,True,5
9685,4996,021026_ML.npy,2026-10-02,2026-10-02 20:24:38.487502,7C6C18,C172,CESSNA AIRCRAFT COMPANY,172S,4bafef010f83f7ac695aacbb7d7f7a674b45508f6006ccfa5470a757b9390743,True,2
9691,5002,021026_ML.npy,2026-10-02,2026-10-02 20:24:48.852315,7C6C18,C172,CESSNA AIRCRAFT COMPANY,172S,3cdd4f79c0014270705a3e259089d2479061f028312d6cc543f978e2529b61c8,True,5
9710,5021,021026_ML.npy,2026-10-02,2026-10-02 20:25:07.102468,7C6C18,C172,CESSNA AIRCRAFT COMPANY,172S,4db5bedb73f1e61a520b6dd3d53c75a4f170d96dc25fca542540452bf94294c2,True,5
9711,5022,021026_ML.npy,2026-10-02,2026-10-02 20:25:07.106571,7C6C18,C172,CESSNA AIRCRAFT COMPANY,172S,3983e940d13458ba8f8500d8c54ca02e6c700eaa363bd36372a735ae3f66e604,True,5
9720,5031,021026_ML.npy,2026-10-02,2026-10-02 20:25:41.271046,7C7B5F,DA40,DIAMOND AIRCRAFT INDUSTRIES INC.,DA 40,b85fca76204460ffcc63b4db84a62489bd621409060cee3574ec16d33f990c04,True,5
9738,5049,021026_ML.npy,2026-10-02,2026-10-02 20:26:09.259466,7C6C18,C172,CESSNA AIRCRAFT COMPANY,172S,f23f34945f6c81b2c4815a2326f75d606ed94a46b38b509ffed0eeee881567c9,True,2
9741,5052,021026_ML.npy,2026-10-02,2026-10-02 20:26:11.431888,7C6C18,C172,CESSNA AIRCRAFT COMPANY,172S,58c4fd3638417241e0fd8dd7a0c6060778e6d828a959b963f753e13ac4fb1bb9,True,1
9743,5054,021026_ML.npy,2026-10-02,2026-10-02 20:26:11.894922,7C7B5F,DA40,DIAMOND AIRCRAFT INDUSTRIES INC.,DA 40,8bb906858145fc2f2a2b9c0ac9a6a8d3f0b80bf87cd867782ed525caf4bcd1de,True,1
9757,5068,021026_ML.npy,2026-10-02,2026-10-02 20:27:45.600556,7C7C2E,DA40,DIAMOND AIRCRAFT INDUSTRIES INC.,DA 40,17199b99218d13e07cbd2a09a9d133f118bdce757c1c07e66a8898790cadca42,True,2
9761,5072,021026_ML.npy,2026-10-02,2026-10-02 20:27:50.239353,7C1697,DA40,DIAMOND AIRCRAFT INDUSTRIES INC.,DA 40,77aa3afc2e1e324fdc51e799ca62b76ddc8b58b6fd7c4c1fd038b2a4ea2e336a,True,5
9771,5082,021026_ML.npy,2026-10-02,2026-10-02 20:27:59.440927,7C7C2E,DA40,DIAMOND AIRCRAFT INDUSTRIES INC.,DA 40,17199b99218d13e07cbd2a09a9d133f118bdce757c1c07e66a8898790cadca42,True,1
9778,5089,021026_ML.npy,2026-10-02,2026-10-02 20:28:04.623049,7C1697,DA40,DIAMOND AIRCRAFT INDUSTRIES INC.,DA 40,e0686b687b30c40ae50b8dd9b587d078452d91f17438fc9f0af36fc64e74bbdb,True,1
9808,5119,021026_ML.npy,2026-10-02,2026-10-02 20:29:49.688617,7C6C18,C172,CESSNA AIRCRAFT COMPANY,172S,a744e7b585ba8618ee4953ea2bfa8b16c4dd2609eea0c9104f2ce5e1b7774b0f,True,4
9813,5124,021026_ML.npy,2026-10-02,2026-10-02 20:29:56.394413,7C6C18,C172,CESSNA AIRCRAFT COMPANY,172S,35b5324d65fb808f7952fa2a12a8af33f7428e9cbfbc5a8ba4c5d42f16000e9b,True,5
9817,5128,021026_ML.npy,2026-10-02,2026-10-02 20:30:03.837604,7C6C18,C172,CESSNA AIRCRAFT COMPANY,172S,429ed2ae5ed27ec7a6968167b000918c475b56a0d1274b44ce9c6570b29d5820,True,2
9820,5131,021026_ML.npy,2026-10-02,2026-10-02 20:30:04.551873,7C6C18,C172,CESSNA AIRCRAFT COMPANY,172S,8f3088b1dfcc9de10277447a99c377e8e54cb08942d5a74b4d92297ceaa01004,True,5
9823,5134,021026_ML.npy,2026-10-02,2026-10-02 20:30:08.641016,7C6C18,C172,CESSNA AIRCRAFT COMPANY,172S,e04d026e77280d900d825c4b352ec9030e9e6e8bc7021a64a5306b3495c45a75,True,4
9825,5136,021026_ML.npy,2026-10-02,2026-10-02 20:30:10.879399,7C6C18,C172,CESSNA AIRCRAFT COMPANY,172S,203f99fc5ce3a09610df6060ca908e496d451043719572c6b25efbe7ae9cf6e2,True,2
9829,5140,021026_ML.npy,2026-10-02,2026-10-02 20:30:20.859731,7C6C18,C172,CESSNA AIRCRAFT COMPANY,172S,203f99fc5ce3a09610df6060ca908e496d451043719572c6b25efbe7ae9cf6e2,True,1
9834,5145,021026_ML.npy,2026-10-02,2026-10-02 20:30:35.712206,7C6C18,C172,CESSNA AIRCRAFT COMPANY,172S,203f99fc5ce3a09610df6060ca908e496d451043719572c6b25efbe7ae9cf6e2,True,1
9853,5164,021026_ML.npy,2026-10-02,2026-10-02 20:31:21.378160,7C7B5F,DA40,DIAMOND AIRCRAFT INDUSTRIES INC.,DA 40,50defa16ea43bf03792c84216f67f7bf32eeb8ae52e9e1a4377db0b0bff928ce,True,5
9860,5171,021026_ML.npy,2026-10-02,2026-10-02 20:31:26.571846,7C7B5F,DA40,DIAMOND AIRCRAFT INDUSTRIES INC.,DA 40,523489ee762e5d0f32eb283008d4309656bd8153de3c6e9ecb265c3ac45c3922,True,2
9864,5175,021026_ML.npy,2026-10-02,2026-10-02 20:31:31.158968,7C7B5F,DA40,DIAMOND AIRCRAFT INDUSTRIES INC.,DA 40,1b035aa00b1b9f5d0335c501cd24df031008de4a03639d77d46a732b7db7a2c8,True,3
9868,5179,021026_ML.npy,2026-10-02,2026-10-02 20:31:33.129519,7C6C18,C172,CESSNA AIRCRAFT COMPANY,172S,203f99fc5ce3a09610df6060ca908e496d451043719572c6b25efbe7ae9cf6e2,True,5
9874,5185,021026_ML.npy,2026-10-02,2026-10-02 20:31:45.414158,7C7B5F,DA40,DIAMOND AIRCRAFT INDUSTRIES INC.,DA 40,a7fcde032a3f737d26152314b777a4231d49596088e5280a6fa8ef52f8555b9b,True,3
9899,5210,021026_ML.npy,2026-10-02,2026-10-02 20:33:10.897325,7C7C2E,DA40,DIAMOND AIRCRAFT INDUSTRIES INC.,DA 40,2dcd3c58a75d10acf90d4da146d31047b74930d7313421dac0d36bddbdd1a4bd,True,3
9904,5215,021026_ML.npy,2026-10-02,2026-10-02 20:33:15.228516,7C7C2E,DA40,DIAMOND AIRCRAFT INDUSTRIES INC.,DA 40,05f1e0f77e75f0c6cd9d50be377551af4352c39ba69c0105014f0e6e23c62723,True,3
9910,5221,021026_ML.npy,2026-10-02,2026-10-02 20:33:30.190150,7C7C2E,DA40,DIAMOND AIRCRAFT INDUSTRIES INC.,DA 40,acc34a03376459cb5f50f9186c9deed859d4689ae4b55032d42bfa0c45ade482,True,4
9911,5222,021026_ML.npy,2026-10-02,2026-10-02 20:33:30.193897,7C7C2E,DA40,DIAMOND AIRCRAFT INDUSTRIES INC.,DA 40,765c5e42e3ea7ebc4bd01c71ce48d8e3683b0d56ee28b0f9937ee36804b4e4c4,True,1
9920,5231,021026_ML.npy,2026-10-02,2026-10-02 20:33:44.261577,7C7C2E,DA40,DIAMOND AIRCRAFT INDUSTRIES INC.,DA 40,57885098446d798340cca4b22b053180e955ee947f86afd5473d97634bc73fb5,True,3
9923,5234,021026_ML.npy,2026-10-02,2026-10-02 20:34:53.819570,7C6C18,C172,CESSNA AIRCRAFT COMPANY,172S,e0506db3541281c21e721518c2800509c826c4edac320a1998e12c40ec56c3a2,True,5
9927,5238,021026_ML.npy,2026-10-02,2026-10-02 20:35:10.098432,7C6C18,C172,CESSNA AIRCRAFT COMPANY,172S,203f99fc5ce3a09610df6060ca908e496d451043719572c6b25efbe7ae9cf6e2,True,5
9933,5244,021026_ML.npy,2026-10-02,2026-10-02 20:35:22.378580,7C6C18,C172,CESSNA AIRCRAFT COMPANY,172S,363707203aeb0b1d415e88415405928e74751dd52aa74df6b8bc7d6ff22ad42e,True,3
9938,5249,021026_ML.npy,2026-10-02,2026-10-02 20:35:24.716143,7C6C18,C172,CESSNA AIRCRAFT COMPANY,172S,58c4fd3638417241e0fd8dd7a0c6060778e6d828a959b963f753e13ac4fb1bb9,True,3
9952,5263,021026_ML.npy,2026-10-02,2026-10-02 20:36:16.659196,7C7B5F,DA40,DIAMOND AIRCRAFT INDUSTRIES INC.,DA 40,4a404f38fdba4b23aaebd4c53f6da740da86abdc9f9c6791ddb51400240226b6,True,4
9956,5267,021026_ML.npy,2026-10-02,2026-10-02 20:36:24.827994,7C7B5F,DA40,DIAMOND AIRCRAFT INDUSTRIES INC.,DA 40,900cfe7c02c50c3eda2a8ffbd71d56690e7974759713aaa45536b972e942ad25,True,1
9963,5274,021026_ML.npy,2026-10-02,2026-10-02 20:36:30.365989,7C7B5F,DA40,DIAMOND AIRCRAFT INDUSTRIES INC.,DA 40,9e1cae0b6798fdf921c091709012a3def7eca81088dae6ebcb2419602c10da7a,True,3
9966,5277,021026_ML.npy,2026-10-02,2026-10-02 20:36:37.853314,7C6C18,C172,CESSNA AIRCRAFT COMPANY,172S,429ed2ae5ed27ec7a6968167b000918c475b56a0d1274b44ce9c6570b29d5820,True,5
9968,5279,021026_ML.npy,2026-10-02,2026-10-02 20:36:43.760592,7C6C18,C172,CESSNA AIRCRAFT COMPANY,172S,58c4fd3638417241e0fd8dd7a0c6060778e6d828a959b963f753e13ac4fb1bb9,True,3
9971,5282,021026_ML.npy,2026-10-02,2026-10-02 20:40:12.051261,7C6C18,C172,CESSNA AIRCRAFT COMPANY,172S,854e4af12c60d23c38892b499a78cfbe19ba66bfbc1589113553a62c63ec2f3b,True,4
9973,5284,021026_ML.npy,2026-10-02,2026-10-02 20:40:15.186145,7C6C18,C172,CESSNA AIRCRAFT COMPANY,172S,62c704548314f7dfce3e1f88287d080b27156e7d7fb9557c3b6c1ca80f3e1afc,True,4
9975,5286,021026_ML.npy,2026-10-02,2026-10-02 20:40:20.926966,7C6C18,C172,CESSNA AIRCRAFT COMPANY,172S,4f9496e15ab5e20f365f90f699d9e848ca30109e0890e5914fdd79d8bb071992,True,2
9976,5287,021026_ML.npy,2026-10-02,2026-10-02 20:40:21.819845,7C6C18,C172,CESSNA AIRCRAFT COMPANY,172S,e242dbb4a2910b3ce7f147b74670ea8260c46f251be0bf5fab58d8aead2b760c,True,3
9978,5289,021026_ML.npy,2026-10-02,2026-10-02 20:40:22.413592,7C41FD,DA40,DIAMOND AIRCRAFT INDUSTRIES INC.,DA 40,98444cf97301079cc1db33fbfc96c58ed99793961c3d179835af79d85e6f6a37,True,2
9984,5295,021026_ML.npy,2026-10-02,2026-10-02 20:40:27.212274,7C6C18,C172,CESSNA AIRCRAFT COMPANY,172S,943d290e47d0a3c7df3c67a5dea7775aa0587b0c46f0096f6e837692660a484c,True,5
9986,5297,021026_ML.npy,2026-10-02,2026-10-02 20:40:27.856681,7C6C18,C172,CESSNA AIRCRAFT COMPANY,172S,58c4fd3638417241e0fd8dd7a0c6060778e6d828a959b963f753e13ac4fb1bb9,True,3
9989,5300,021026_ML.npy,2026-10-02,2026-10-02 20:40:29.196429,7C6C18,C172,CESSNA AIRCRAFT COMPANY,172S,261d13b1346fce60220b9f59e82ebba1991c38fdf508a483ec4a4e3936a1f2cf,True,5
9997,5308,021026_ML.npy,2026-10-02,2026-10-02 20:40:38.631458,7C41FD,DA40,DIAMOND AIRCRAFT INDUSTRIES INC.,DA 40,173974810db77b7cc24d0d38791c886f6876489a27682dcd9a522ba47882d535,True,2
10007,5318,021026_ML.npy,2026-10-02,2026-10-02 20:40:43.526139,7C41FD,DA40,DIAMOND AIRCRAFT INDUSTRIES INC.,DA 40,3dc139d3d9a1d45db0ffeabcb4800930c93c9f010ea81b2fafe2cc2fc6330fec,True,2
10009,5320,021026_ML.npy,2026-10-02,2026-10-02 20:40:44.966926,7C6C18,C172,CESSNA AIRCRAFT COMPANY,172S,aee41b0035827640d9437d6c1f71fa0e2e905455178afad20bff34bf466a94cd,True,4
10014,5325,021026_ML.npy,2026-10-02,2026-10-02 20:40:48.300451,7C6C18,C172,CESSNA AIRCRAFT COMPANY,172S,38f0bac815deb19c4133e89406d21dd4eb7eb59205ae4f55a99edb4c499f53e0,True,4
10021,5332,021026_ML.npy,2026-10-02,2026-10-02 20:40:52.997509,7C41FD,DA40,DIAMOND AIRCRAFT INDUSTRIES INC.,DA 40,9edcecafa18e34d1c6dce8d9b05bc51c82a5101954f345eac4fdf22060a6ed0d,True,3
10032,5343,021026_ML.npy,2026-10-02,2026-10-02 20:40:55.278902,7C6C18,C172,CESSNA AIRCRAFT COMPANY,172S,58c4fd3638417241e0fd8dd7a0c6060778e6d828a959b963f753e13ac4fb1bb9,True,2
10034,5345,021026_ML.npy,2026-10-02,2026-10-02 20:40:56.332935,7C6C18,C172,CESSNA AIRCRAFT COMPANY,172S,06bfdae6a05c54d4f2ab4b058ebf8a89c6da2934c54a2b7390e4fdae1c39d732,True,4
10036,5347,021026_ML.npy,2026-10-02,2026-10-02 20:40:56.577507,7C41FD,DA40,DIAMOND AIRCRAFT INDUSTRIES INC.,DA 40,4483c96153720a4deb64b196670450e23779776cabf65c419f9ed5ec54d49603,True,5
10067,5378,021026_ML.npy,2026-10-02,2026-10-02 20:41:19.221186,7C7B5F,DA40,DIAMOND AIRCRAFT INDUSTRIES INC.,DA 40,6ad56bfbdae8873df181d57b5d291be47871695ad228eceeee982bad02152ba0,True,1
10077,5388,021026_ML.npy,2026-10-02,2026-10-02 20:41:34.362173,7C7B5F,DA40,DIAMOND AIRCRAFT INDUSTRIES INC.,DA 40,900bf00b7c8bafb8c3c571dbf67fc4026894cdd4a6122a5e848cf319378f425c,True,1
10106,5417,021026_ML.npy,2026-10-02,2026-10-02 20:43:15.125301,7C168A,DA40,DIAMOND AIRCRAFT INDUSTRIES INC.,DA 40,f1d35d0b2d7d2ca6a0d4f459e8a4d9af0c9c3f9c2df806627b12056ac8ab30ab,True,3
10118,5429,021026_ML.npy,2026-10-02,2026-10-02 20:43:37.013638,7C168A,DA40,DIAMOND AIRCRAFT INDUSTRIES INC.,DA 40,a8e77f5b0fb6857d90c5be03bc3eb7d7712b338580332607f8f43815954f90ae,True,4
10123,5434,021026_ML.npy,2026-10-02,2026-10-02 20:45:14.759084,7C6C18,C172,CESSNA AIRCRAFT COMPANY,172S,9c0a6f51380f2d229217d2984beca6647c4b4110a2234f2427cc3b4961a6aabd,True,3
10126,5437,021026_ML.npy,2026-10-02,2026-10-02 20:45:17.184088,7C6C18,C172,CESSNA AIRCRAFT COMPANY,172S,4a8f6be6b154ccf3bee18c91d43e929d9f02965acb181a83301701fa187203d0,True,3
10131,5442,021026_ML.npy,2026-10-02,2026-10-02 20:45:25.631461,7C6C18,C172,CESSNA AIRCRAFT COMPANY,172S,58c4fd3638417241e0fd8dd7a0c6060778e6d828a959b963f753e13ac4fb1bb9,True,4
10138,5449,021026_ML.npy,2026-10-02,2026-10-02 20:45:29.237504,7C6C18,C172,CESSNA AIRCRAFT COMPANY,172S,33bd980858150e4d37b00c854f9abd9e60541f1fc37e7c93eb5f0066868a3205,True,3
10142,5453,021026_ML.npy,2026-10-02,2026-10-02 20:45:31.925873,7C6C18,C172,CESSNA AIRCRAFT COMPANY,172S,f55494cde1bb3f50b9f5a7d3ff8c7f169f81a372680524294957ac781986a078,True,1
10147,5458,021026_ML.npy,2026-10-02,2026-10-02 20:45:44.451384,7C6C18,C172,CESSNA AIRCRAFT COMPANY,172S,58c4fd3638417241e0fd8dd7a0c6060778e6d828a959b963f753e13ac4fb1bb9,True,3
10153,5464,021026_ML.npy,2026-10-02,2026-10-02 20:46:45.311533,7C6C18,C172,CESSNA AIRCRAFT COMPANY,172S,58c4fd3638417241e0fd8dd7a0c6060778e6d828a959b963f753e13ac4fb1bb9,True,1
10154,5465,021026_ML.npy,2026-10-02,2026-10-02 20:46:46.210143,7C6C18,C172,CESSNA AIRCRAFT COMPANY,172S,4968b6440577a0fd85f77e99606c035f5e2db30c4c9f2281691ce5a965de9d7b,True,2
10156,5467,021026_ML.npy,2026-10-02,2026-10-02 20:46:48.197463,7C6C18,C172,CESSNA AIRCRAFT COMPANY,172S,d78efafd0dd5f9c3808eddb7734c349e68cd56c577a5a7a0ae1bdd5fd02d0652,True,4
10157,5468,021026_ML.npy,2026-10-02,2026-10-02 20:46:51.325469,7C6C18,C172,CESSNA AIRCRAFT COMPANY,172S,ac1bacd6c999640447ba25dd7c11522348530c0992411ebf3f30d6e257735d4f,True,1
10165,5476,021026_ML.npy,2026-10-02,2026-10-02 20:58:20.825461,7C7C2E,DA40,DIAMOND AIRCRAFT INDUSTRIES INC.,DA 40,17199b99218d13e07cbd2a09a9d133f118bdce757c1c07e66a8898790cadca42,True,5
10179,5490,021026_ML.npy,2026-10-02,2026-10-02 20:59:22.770897,7C0077,DA40,DIAMOND AIRCRAFT INDUSTRIES INC.,DA 40,0b4e7e27bced0fa1aa8df781713931393997cc178f510fea49b8df2d345f5803,True,2
10180,5491,021026_ML.npy,2026-10-02,2026-10-02 20:59:22.777894,7C0077,DA40,DIAMOND AIRCRAFT INDUSTRIES INC.,DA 40,d5eb1cddbcf4e50618099332af8488820ad94536857d6038e535ddd4e9ad55af,True,5
10191,5502,021026_ML.npy,2026-10-02,2026-10-02 20:59:38.097883,7C0077,DA40,DIAMOND AIRCRAFT INDUSTRIES INC.,DA 40,a01439e805852bd5eca2897b38fde9659f0b53606e7ba09746cf5f98977a2c15,True,2
10192,5503,021026_ML.npy,2026-10-02,2026-10-02 20:59:38.230520,7C0077,DA40,DIAMOND AIRCRAFT INDUSTRIES INC.,DA 40,5225a830843c27a6ad9b5c31d1fab6c204d5b511786d0782d6e71fb49a1eaff8,True,3
10201,5512,021026_ML.npy,2026-10-02,2026-10-02 20:59:44.727281,7C0077,DA40,DIAMOND AIRCRAFT INDUSTRIES INC.,DA 40,fd6a0bff0ded184ef1ed4b3c6c0231fcc984a2246ae51ad646840d98bd097abe,True,3
10222,5533,021026_ML.npy,2026-10-02,2026-10-02 21:00:03.405932,7C0077,DA40,DIAMOND AIRCRAFT INDUSTRIES INC.,DA 40,1b2f5598ca95f956195af32f73864081ad17d348abc4ec323e96884acbe16698,True,4
10234,5545,021026_ML.npy,2026-10-02,2026-10-02 21:00:17.255740,7C0077,DA40,DIAMOND AIRCRAFT INDUSTRIES INC.,DA 40,8273c9ba6dfc5e10a43d415485cf965240ca6dc3c1f1828e8dc52edcdb401224,True,1
10256,5567,021026_ML.npy,2026-10-02,2026-10-02 21:04:26.729431,7C7B5F,DA40,DIAMOND AIRCRAFT INDUSTRIES INC.,DA 40,fb57c838e3f16ecee9e3ac911532bcab614ea55de479563a4be61eba094ec0bf,True,2
10265,5576,021026_ML.npy,2026-10-02,2026-10-02 21:04:43.581607,7C41D4,C172,CESSNA AIRCRAFT COMPANY,R172K,eaabbdaa25c25b3e43f11cc6a9496cf47168fd7dd80da4c6e859710d0dd2d4ce,True,2
10269,5580,021026_ML.npy,2026-10-02,2026-10-02 21:04:46.213680,7C41D4,C172,CESSNA AIRCRAFT COMPANY,R172K,a0350b61f04c1eca5d67844359fa7c324f750e8671c3605e0eaf5388c8b36bd1,True,3
10278,5589,021026_ML.npy,2026-10-02,2026-10-02 21:04:56.862727,7C41D4,C172,CESSNA AIRCRAFT COMPANY,R172K,f9a6cc0552b8855abbd268b7ed390a41bddeda58f3602e5382fc7600ea37e847,True,1
10291,5602,021026_ML.npy,2026-10-02,2026-10-02 21:05:07.211860,7C41D4,C172,CESSNA AIRCRAFT COMPANY,R172K,6a4c2b63eda267d04256615f937d23824b2ee9f575559b2f8679e7545a8794e5,True,4
10294,5605,021026_ML.npy,2026-10-02,2026-10-02 21:05:10.551531,7C41D4,C172,CESSNA AIRCRAFT COMPANY,R172K,65e1b630cfa9cf9d57dd407d53672741fa88e67483a60e0258ab8391ad97ab1c,True,5
10301,5612,021026_ML.npy,2026-10-02,2026-10-02 21:05:19.720753,7C41D4,C172,CESSNA AIRCRAFT COMPANY,R172K,e8da1e2fa4808ca723b77e043e2ba32b2216d28fb3f75a236b064c4f092d7a0b,True,4
10307,5618,021026_ML.npy,2026-10-02,2026-10-02 21:05:32.079528,7C41D4,C172,CESSNA AIRCRAFT COMPANY,R172K,1f25e3eadfa376c9a0036ec6dc49f487d0490ad8d56725f37c481ce90ba276a2,True,1
10318,5629,021026_ML.npy,2026-10-02,2026-10-02 21:05:43.936180,7C41D4,C172,CESSNA AIRCRAFT COMPANY,R172K,6ff6dc4d59ef27f1b31202b7b0445039baf822decd5b88abc351bccba3c69f56,True,1
10321,5632,021026_ML.npy,2026-10-02,2026-10-02 21:05:48.585560,7C41D4,C172,CESSNA AIRCRAFT COMPANY,R172K,eb1da428fcf49b15dfdb748d34251910e887013b525d0594876c9ce0d1523ff8,True,3
10327,5638,021026_ML.npy,2026-10-02,2026-10-02 21:06:03.124342,7C41D4,C172,CESSNA AIRCRAFT COMPANY,R172K,25e7e614532f89ddb3106f0ac376a5a8225466e21bd5133211f10a9a67313b9a,True,5
10328,5639,021026_ML.npy,2026-10-02,2026-10-02 21:06:04.294258,7C41D4,C172,CESSNA AIRCRAFT COMPANY,R172K,dbea3d75e170791194deee4f68cf058c5a9b55af07f536e5b91bfc874fcaf5ee,True,5
10337,5648,021026_ML.npy,2026-10-02,2026-10-02 21:06:16.145639,7C41D4,C172,CESSNA AIRCRAFT COMPANY,R172K,efe87846ca043dd5b7fa3edc2b499b3b87fd22aa07e1e6289641cf989d78b5f9,True,5
10345,5656,021026_ML.npy,2026-10-02,2026-10-02 21:08:40.218113,7C1689,DA40,DIAMOND AIRCRAFT INDUSTRIES INC.,DA 40,9fc108412bd29059c9dea5a823748fa82ae5c4c4f6a01b1cd02551c05be8a7ff,True,1
10346,5657,021026_ML.npy,2026-10-02,2026-10-02 21:09:00.708721,7C7B5F,DA40,DIAMOND AIRCRAFT INDUSTRIES INC.,DA 40,2062d96491762f9864bf666c23d5aeefd9a626bc3ddcf87afa49c9b4a981e4c2,True,2
10354,5665,021026_ML.npy,2026-10-02,2026-10-02 21:09:10.735946,7C7B5F,DA40,DIAMOND AIRCRAFT INDUSTRIES INC.,DA 40,008fdbde522ff882d30f34d1aa8cd830fde6e41884aacd61d5fdf345e755581b,True,4
10369,5680,021026_ML.npy,2026-10-02,2026-10-02 21:09:24.576449,7C7B5F,DA40,DIAMOND AIRCRAFT INDUSTRIES INC.,DA 40,fc84d675256ffbf67f291c50936662c72ffac7df0e182bc544a863865c467753,True,3
10383,5694,021026_ML.npy,2026-10-02,2026-10-02 21:18:00.590381,7C4E44,DA40,DIAMOND AIRCRAFT INDUSTRIES INC.,DA 40,7fb8380ae12002a04015aae91b85e417fe6cc35cb2a8fcacdab4c41e71020888,True,4
10388,5699,021026_ML.npy,2026-10-02,2026-10-02 21:18:11.444927,7C4E44,DA40,DIAMOND AIRCRAFT INDUSTRIES INC.,DA 40,41ca93a9555fb36313b546b678351128d5dc722798ac489b2d9f4524919a6074,True,3
10401,5712,021026_ML.npy,2026-10-02,2026-10-02 21:18:34.024180,7C4E44,DA40,DIAMOND AIRCRAFT INDUSTRIES INC.,DA 40,719e2fcc8c97eb4a238435f9a0352f4b8fe54e7cc28fd6d7f944b85c1b6671da,True,5
10402,5713,021026_ML.npy,2026-10-02,2026-10-02 21:18:34.031282,7C4E44,DA40,DIAMOND AIRCRAFT INDUSTRIES INC.,DA 40,0d3e6079150d33f857f46624c992672931d08867870632316fbf2fd1e3df9e40,True,5
10430,5741,021026_ML.npy,2026-10-02,2026-10-02 21:19:20.746634,7C4E44,DA40,DIAMOND AIRCRAFT INDUSTRIES INC.,DA 40,3ad6d9e989dc91d26ef339796f7c9d2b5df729670c27484f86156c7d4378d371,True,5
10482,5793,021026_ML.npy,2026-10-02,2026-10-02 21:30:26.715876,7C7AEF,DA40,DIAMOND AIRCRAFT INDUSTRIES INC.,DA 40,ac12264deeccede41e7fbc89ef3023e2c355959c1d64effaf1cdc2076d262357,True,3
10502,5813,021026_ML.npy,2026-10-02,2026-10-02 21:33:10.989647,7C259E,P28A,PIPER AIRCRAFT CORP,PA-28-180,37a3c97c7d238d96ad550b1cc953d4493cecb7b6296c42091e31644d2153f40d,True,5
10503,5814,021026_ML.npy,2026-10-02,2026-10-02 21:33:10.996701,7C259E,P28A,PIPER AIRCRAFT CORP,PA-28-180,089cf7c08bdbc05943cf019986abe262c52df9a9d81756fb3a5d9a0984e99803,True,3
10505,5816,021026_ML.npy,2026-10-02,2026-10-02 21:33:13.905193,7C259E,P28A,PIPER AIRCRAFT CORP,PA-28-180,e54010c799ab59610339a30029673292b668c763e13a5d76035d25b950eda4a9,True,4
10506,5817,021026_ML.npy,2026-10-02,2026-10-02 21:33:13.909634,7C259E,P28A,PIPER AIRCRAFT CORP,PA-28-180,fc23a4d7f2ae4b2f3a730eae961df41cc8dc9265df4b8a302caf5ca1ddad9ab8,True,4
10507,5818,021026_ML.npy,2026-10-02,2026-10-02 21:33:14.940674,7C259E,P28A,PIPER AIRCRAFT CORP,PA-28-180,b32dc822d0259a4c788e26be02de41471a60ef51cff05c06f4376b5e6d456258,True,5
10508,5819,021026_ML.npy,2026-10-02,2026-10-02 21:33:14.945113,7C259E,P28A,PIPER AIRCRAFT CORP,PA-28-180,8e61be3927ef43ae0a90d396ad60f8eb507eaf2e9a361fe919bb89ab15acc75f,True,3
10514,5825,021026_ML.npy,2026-10-02,2026-10-02 21:33:18.269410,7C259E,P28A,PIPER AIRCRAFT CORP,PA-28-180,4dea048752a7262d3ff6028b1280901c2890a623efa94196f250862096243a2a,True,1
10517,5828,021026_ML.npy,2026-10-02,2026-10-02 21:33:20.232724,7C259E,P28A,PIPER AIRCRAFT CORP,PA-28-180,b907bbcd04c4cc0354c80ff4ff130935c0e98a8aa2ae8f24fd0e228d9b27f5b2,True,5
10518,5829,021026_ML.npy,2026-10-02,2026-10-02 21:33:20.237178,7C259E,P28A,PIPER AIRCRAFT CORP,PA-28-180,159afa42fd7bf04f5503a5be36cc8ba646b11d7cc713d78d067b8cb374bc7694,True,5
10519,5830,021026_ML.npy,2026-10-02,2026-10-02 21:33:20.678252,7C259E,P28A,PIPER AIRCRAFT CORP,PA-28-180,cd3724509647243e1d36ddb3e2d81ca575a6049b74255801f3471c7a8166350f,True,3
10522,5833,021026_ML.npy,2026-10-02,2026-10-02 21:33:24.407327,7C259E,P28A,PIPER AIRCRAFT CORP,PA-28-180,7e794899ea25a0478a68e2444f77dd4c731eebd80110bffc4c16609f54da92ea,True,2
10523,5834,021026_ML.npy,2026-10-02,2026-10-02 21:33:24.413426,7C259E,P28A,PIPER AIRCRAFT CORP,PA-28-180,a706166a82bf820d9369f3770d2d5927663926b9c43134f577fca6b31e83c847,True,5
10528,5839,021026_ML.npy,2026-10-02,2026-10-02 21:33:28.342137,7C259E,P28A,PIPER AIRCRAFT CORP,PA-28-180,bb93c3780462b9b3d376ab5ba5f23e0fcc13a9879c8922286621232acd9e7265,True,3
10534,5845,021026_ML.npy,2026-10-02,2026-10-02 21:33:33.085812,7C259E,P28A,PIPER AIRCRAFT CORP,PA-28-180,cd3724509647243e1d36ddb3e2d81ca575a6049b74255801f3471c7a8166350f,True,4
10535,5846,021026_ML.npy,2026-10-02,2026-10-02 21:33:33.148456,7C259E,P28A,PIPER AIRCRAFT CORP,PA-28-180,74a5bac01a9ab01474c7ab873617152badf49f803522e17a5f0da9b91e6ccfe1,True,1
10536,5847,021026_ML.npy,2026-10-02,2026-10-02 21:33:34.865154,7C259E,P28A,PIPER AIRCRAFT CORP,PA-28-180,0c5271b3cfcd87296376ee02518d00deb4d696bc4a4cef1ee84cb96e86910c50,True,4
10539,5850,021026_ML.npy,2026-10-02,2026-10-02 21:33:38.244487,7C259E,P28A,PIPER AIRCRAFT CORP,PA-28-180,cd3724509647243e1d36ddb3e2d81ca575a6049b74255801f3471c7a8166350f,True,3
10541,5852,021026_ML.npy,2026-10-02,2026-10-02 21:33:43.214378,7C259E,P28A,PIPER AIRCRAFT CORP,PA-28-180,cbf3e29c94e851abce445e3438fca510a39a67535d397ad631cc55690069319f,True,5
10542,5853,021026_ML.npy,2026-10-02,2026-10-02 21:33:43.219297,7C259E,P28A,PIPER AIRCRAFT CORP,PA-28-180,2fde1864043eda2a04e697c331d80102471168b701070b584189a84ec223d40a,True,1
10543,5854,021026_ML.npy,2026-10-02,2026-10-02 21:33:44.793224,7C259E,P28A,PIPER AIRCRAFT CORP,PA-28-180,17e962c3d1a439e08de2f65ce05c2223577d661fe70a4d4de0564a3bcb40fdb7,True,5
10544,5855,021026_ML.npy,2026-10-02,2026-10-02 21:33:45.120876,7C259E,P28A,PIPER AIRCRAFT CORP,PA-28-180,a1ac6362d52ee511d1feb72701b280b3cd3f2e1b8f85b41dfcc897e779002ba6,True,3
10545,5856,021026_ML.npy,2026-10-02,2026-10-02 21:33:49.262773,7C259E,P28A,PIPER AIRCRAFT CORP,PA-28-180,05567bee60cbb7069cb3ffe75cb640731a6105fe6e72b5b60f9eda229b8970af,True,1
10546,5857,021026_ML.npy,2026-10-02,2026-10-02 21:33:49.819651,7C259E,P28A,PIPER AIRCRAFT CORP,PA-28-180,17e962c3d1a439e08de2f65ce05c2223577d661fe70a4d4de0564a3bcb40fdb7,True,1
10547,5858,021026_ML.npy,2026-10-02,2026-10-02 21:33:50.958447,7C259E,P28A,PIPER AIRCRAFT CORP,PA-28-180,81d834ef17884c7c3ce65a8119e84eb6db03e0f3543600f6e5debca700719897,True,4
10548,5859,021026_ML.npy,2026-10-02,2026-10-02 21:33:50.965298,7C259E,P28A,PIPER AIRCRAFT CORP,PA-28-180,a4efa3fe80893ff56f05a8715f95343a0dd5d8570287d89c1ed11aa331d083ca,True,4
10549,5860,021026_ML.npy,2026-10-02,2026-10-02 21:33:51.486309,7C259E,P28A,PIPER AIRCRAFT CORP,PA-28-180,9ff705d23aef51257197a9ce87bba7f7ae559a33b91392f225c810daed5bd9e2,True,3
10552,5863,021026_ML.npy,2026-10-02,2026-10-02 21:33:54.980744,7C259E,P28A,PIPER AIRCRAFT CORP,PA-28-180,993bec9d9444dbd239f95d5d7c2c58adc2ca6e7f10952a3ac61d54eef63ffacc,True,4
10554,5865,021026_ML.npy,2026-10-02,2026-10-02 21:33:56.418274,7C259E,P28A,PIPER AIRCRAFT CORP,PA-28-180,4c90d3723cf61694dba3618a1e83d508c354b40f05bdf1b7f6d465ef4d837e39,True,5
10556,5867,021026_ML.npy,2026-10-02,2026-10-02 21:33:58.108329,7C259E,P28A,PIPER AIRCRAFT CORP,PA-28-180,35a8d1e4a7f8467831c791e7a53d2690eb9379531e5085f50bc35317b837af58,True,4
10557,5868,021026_ML.npy,2026-10-02,2026-10-02 21:33:58.115885,7C259E,P28A,PIPER AIRCRAFT CORP,PA-28-180,f7b5e176b610d2d0db75c94235805b29b7c4128c40d84a867f7e580a50b788a5,True,1
10558,5869,021026_ML.npy,2026-10-02,2026-10-02 21:33:59.002168,7C259E,P28A,PIPER AIRCRAFT CORP,PA-28-180,0a95654de1602043ccec0cbf7e88e9863dc33d2bca4ab63ed025cdd8dfc19c15,True,2
10559,5870,021026_ML.npy,2026-10-02,2026-10-02 21:34:04.422715,7C259E,P28A,PIPER AIRCRAFT CORP,PA-28-180,e3e06c6323bf77529ad58ed4b7a634d4af1dd179869140f22c99e43f3da06ddb,True,5
10560,5871,021026_ML.npy,2026-10-02,2026-10-02 21:34:04.973945,7C259E,P28A,PIPER AIRCRAFT CORP,PA-28-180,958b7f560fb1385b17b79bd6c9405e1c5c1d5a54e4b649b168b3d350fca8a72d,True,5
10561,5872,021026_ML.npy,2026-10-02,2026-10-02 21:34:04.977208,7C259E,P28A,PIPER AIRCRAFT CORP,PA-28-180,86b9f9f6cf257f16dbc7b7da5c94f2b8682cd2980a720fb7288b6fe5613fb69a,True,3
10562,5873,021026_ML.npy,2026-10-02,2026-10-02 21:34:06.444466,7C259E,P28A,PIPER AIRCRAFT CORP,PA-28-180,75c19903362c49a8cabbc17bfe0f7d2421fd335c1c6d12689b994ad38d293f79,True,1
10563,5874,021026_ML.npy,2026-10-02,2026-10-02 21:34:10.867453,7C259E,P28A,PIPER AIRCRAFT CORP,PA-28-180,1e578cefbbb3ce199d61afd9a500277e14fd025d1d674881901e6c7a601f0f02,True,4
10564,5875,021026_ML.npy,2026-10-02,2026-10-02 21:34:11.848855,7C259E,P28A,PIPER AIRCRAFT CORP,PA-28-180,ca5bc4796aa512ad95ac33fc77df4668987495b5f0ce04074cc4fad3206c73bc,True,4
10565,5876,021026_ML.npy,2026-10-02,2026-10-02 21:34:12.977303,7C259E,P28A,PIPER AIRCRAFT CORP,PA-28-180,c78b08bbc63ea9c10ad97b1b18ac8ac503ff3dca0845e4c2b0c0a81660a43a36,True,1
10566,5877,021026_ML.npy,2026-10-02,2026-10-02 21:34:12.981205,7C259E,P28A,PIPER AIRCRAFT CORP,PA-28-180,09bb8e43fedb3102227af583bb08c50e4718b1d614e0f15cb6d7fb1b27132131,True,2
10567,5878,021026_ML.npy,2026-10-02,2026-10-02 21:34:14.638079,7C259E,P28A,PIPER AIRCRAFT CORP,PA-28-180,17e962c3d1a439e08de2f65ce05c2223577d661fe70a4d4de0564a3bcb40fdb7,True,1
10568,5879,021026_ML.npy,2026-10-02,2026-10-02 21:34:15.433473,7C259E,P28A,PIPER AIRCRAFT CORP,PA-28-180,248ead2f360c3e012b25b736f829d0baa1cf0fa90df6be1a41fe99a25785794d,True,3
10569,5880,021026_ML.npy,2026-10-02,2026-10-02 21:34:15.995495,7C259E,P28A,PIPER AIRCRAFT CORP,PA-28-180,e122d0cf224bb52a7e2bb9461d1929623dda8628429c448dcbfc44bbabcf86ab,True,4
10570,5881,021026_ML.npy,2026-10-02,2026-10-02 21:34:18.701383,7C259E,P28A,PIPER AIRCRAFT CORP,PA-28-180,8ed93ff56bd856fa7b0fb7ce23bbd9d5430df5374ef608686c450802026d5d0e,True,4
10571,5882,021026_ML.npy,2026-10-02,2026-10-02 21:34:18.707221,7C259E,P28A,PIPER AIRCRAFT CORP,PA-28-180,5af7f2d9fac36bdbcbb58eb23a1b5da2d089548ea28301eb0060cd7bca84caa2,True,1
10573,5884,021026_ML.npy,2026-10-02,2026-10-02 21:34:22.496458,7C259E,P28A,PIPER AIRCRAFT CORP,PA-28-180,ebda53ebb25ad93f8daf137347db87a033342fcc1a85eb7052ca63c223a4ef88,True,4
10574,5885,021026_ML.npy,2026-10-02,2026-10-02 21:34:22.501183,7C259E,P28A,PIPER AIRCRAFT CORP,PA-28-180,ddb3361fcee168c484edfec5bfc658973fbd7f587e77571340a4f702dd7b4a7d,True,2
10576,5887,021026_ML.npy,2026-10-02,2026-10-02 21:34:23.046423,7C259E,P28A,PIPER AIRCRAFT CORP,PA-28-180,a5746f78c20d7c6c2c8c9506ae4a3f8b21d657dfa0ea75d6e2fa543876a40393,True,3
10578,5889,021026_ML.npy,2026-10-02,2026-10-02 21:34:24.051790,7C259E,P28A,PIPER AIRCRAFT CORP,PA-28-180,e41f2cc64d59c4a58ed3445a31746fe648f8a0b0c12b315d844d8bd3607a813e,True,1
10580,5891,021026_ML.npy,2026-10-02,2026-10-02 21:34:27.426934,7C259E,P28A,PIPER AIRCRAFT CORP,PA-28-180,c44ab314972e37bb07af8f08a317d2acc1da53a8e8635aa98adb18a1ef566313,True,3
10583,5894,021026_ML.npy,2026-10-02,2026-10-02 21:34:30.000375,7C259E,P28A,PIPER AIRCRAFT CORP,PA-28-180,0c5271b3cfcd87296376ee02518d00deb4d696bc4a4cef1ee84cb96e86910c50,True,3
10584,5895,021026_ML.npy,2026-10-02,2026-10-02 21:34:30.038975,7C259E,P28A,PIPER AIRCRAFT CORP,PA-28-180,6d470dc94d61f2f6fd157fb6c6d4a9c13f5d46e90078e50f2325531889c29240,True,5
10585,5896,021026_ML.npy,2026-10-02,2026-10-02 21:34:30.045128,7C259E,P28A,PIPER AIRCRAFT CORP,PA-28-180,70814ebe262003659b06cd3008bf08fd833e64eb4379bc9aa76e79cc32ecb9f8,True,5
10587,5898,021026_ML.npy,2026-10-02,2026-10-02 21:34:33.511893,7C41D4,C172,CESSNA AIRCRAFT COMPANY,R172K,710a0f33a89feb1070481cdefdb02c0c18b64f2f649790b319ef934b16843e59,True,3
10590,5901,021026_ML.npy,2026-10-02,2026-10-02 21:34:45.898382,7C41D4,C172,CESSNA AIRCRAFT COMPANY,R172K,fe1bb0b092a003d450b20da126a7633d684ffe43ebe2572912a4f1890508360c,True,5
10599,5910,021026_ML.npy,2026-10-02,2026-10-02 21:36:09.034370,7C444D,P28A,PIPER AIRCRAFT CORP,PA-28-181,d9411216746a00f24af956dc1e990c061b13c2c7a83fdd106444b532a8c21d43,True,1
10600,5911,021026_ML.npy,2026-10-02,2026-10-02 21:36:09.192364,7C444D,P28A,PIPER AIRCRAFT CORP,PA-28-181,1d18f83a3d91b985e7c37e2bd388492dc4abd3385729db1f22a2e208d1b564ad,True,4
10601,5912,021026_ML.npy,2026-10-02,2026-10-02 21:36:11.853801,7C444D,P28A,PIPER AIRCRAFT CORP,PA-28-181,da0256980207e2c6108741e857e0d76443f5e235a4d9722beaf1959be69e4125,True,1
10602,5913,021026_ML.npy,2026-10-02,2026-10-02 21:36:12.041677,7C444D,P28A,PIPER AIRCRAFT CORP,PA-28-181,00f7234216a049595460aa73227392a8cb11f6a22832a556fe40f8e8a9d2babc,True,2
10603,5914,021026_ML.npy,2026-10-02,2026-10-02 21:36:16.676778,7C444D,P28A,PIPER AIRCRAFT CORP,PA-28-181,6c4cdc976dc2ffd2ceb3d6fd84f89c850c803df1193a5684bd05debc795f912b,True,3
10604,5915,021026_ML.npy,2026-10-02,2026-10-02 21:36:16.956622,7C444D,P28A,PIPER AIRCRAFT CORP,PA-28-181,393af6b184c7d6fff184a4c644a929f907a329615fd191293bc94f4e954dda87,True,4
10605,5916,021026_ML.npy,2026-10-02,2026-10-02 21:36:18.924213,7C444D,P28A,PIPER AIRCRAFT CORP,PA-28-181,bb37180b1d293412cf412f0e1043fdfb5665c677386b2c448719df6f78f630c4,True,2
10606,5917,021026_ML.npy,2026-10-02,2026-10-02 21:36:19.348035,7C444D,P28A,PIPER AIRCRAFT CORP,PA-28-181,f615d336cd7c0e00800c15e0787708f21a7c4635be3ba62a773bf45ea6b5597e,True,5
10607,5918,021026_ML.npy,2026-10-02,2026-10-02 21:36:20.368086,7C444D,P28A,PIPER AIRCRAFT CORP,PA-28-181,0a712d93c3b436632b6313eca8379ae14858b33e3b9968582f2fdcbbff01ea49,True,1
10608,5919,021026_ML.npy,2026-10-02,2026-10-02 21:36:21.043338,7C444D,P28A,PIPER AIRCRAFT CORP,PA-28-181,58e91c22bbf9c4f4a49117083d15fafad35d73571dab1e260adefc823132249f,True,5
10609,5920,021026_ML.npy,2026-10-02,2026-10-02 21:36:21.637529,7C444D,P28A,PIPER AIRCRAFT CORP,PA-28-181,d8134a2741d7579af67a0f5bffda6a5b3692ab2360cff74d7eb85e9757ef8862,True,1
10610,5921,021026_ML.npy,2026-10-02,2026-10-02 21:36:21.817530,7C444D,P28A,PIPER AIRCRAFT CORP,PA-28-181,cfc111aa9880ae25d7ffdded1edc1ecdd0091c4fa16b14d587adf46a21739876,True,3
10611,5922,021026_ML.npy,2026-10-02,2026-10-02 21:36:22.753350,7C444D,P28A,PIPER AIRCRAFT CORP,PA-28-181,10252428e15795aaf516764909b029bfe8883f52419f0967fd23dae8292aa93f,True,4
10612,5923,021026_ML.npy,2026-10-02,2026-10-02 21:36:24.668980,7C444D,P28A,PIPER AIRCRAFT CORP,PA-28-181,ab33b9a36b41864014faa0d4d39ddaaa6fa66629121099856fba98cdcca36e4f,True,3
10613,5924,021026_ML.npy,2026-10-02,2026-10-02 21:36:25.540728,7C444D,P28A,PIPER AIRCRAFT CORP,PA-28-181,168147e7c96e746f9d304a4a4e9e53ee8da5f6ec0b069b811db3346d0ed0502a,True,1
10614,5925,021026_ML.npy,2026-10-02,2026-10-02 21:36:33.144771,7C444D,P28A,PIPER AIRCRAFT CORP,PA-28-181,b5e037900bc2d48f915363bd41dede9dadbf2ab3557ee5cf4ac985f72e6e9880,True,5
10615,5926,021026_ML.npy,2026-10-02,2026-10-02 21:36:33.540875,7C444D,P28A,PIPER AIRCRAFT CORP,PA-28-181,02919e80686369616720bbbdcd8b45de850576f56c0d744abbcceca6f7ff9609,True,2
10616,5927,021026_ML.npy,2026-10-02,2026-10-02 21:36:33.980837,7C444D,P28A,PIPER AIRCRAFT CORP,PA-28-181,02919e80686369616720bbbdcd8b45de850576f56c0d744abbcceca6f7ff9609,True,4
10617,5928,021026_ML.npy,2026-10-02,2026-10-02 21:36:34.990497,7C444D,P28A,PIPER AIRCRAFT CORP,PA-28-181,30416f1bda0d6758593dbd7037f8ab75543a316bd2370919d1791bf2757d0ef2,True,1
10618,5929,021026_ML.npy,2026-10-02,2026-10-02 21:36:38.331715,7C444D,P28A,PIPER AIRCRAFT CORP,PA-28-181,0d3d925dd970084ec80f8a637e840a86d141ab7d5ff58173981b78cb0601c401,True,1
10619,5930,021026_ML.npy,2026-10-02,2026-10-02 21:36:38.847151,7C444D,P28A,PIPER AIRCRAFT CORP,PA-28-181,bed606650bda21cac7f05df1aaacc6a7676f047b998df9a1b7c6660eadf9810c,True,4
10621,5932,021026_ML.npy,2026-10-02,2026-10-02 21:36:44.564367,7C444D,P28A,PIPER AIRCRAFT CORP,PA-28-181,d86ac838116daabca5006e9c16b5ca21d070f194c0240d4589e1a0af654ce5d2,True,3
10622,5933,021026_ML.npy,2026-10-02,2026-10-02 21:36:47.053559,7C444D,P28A,PIPER AIRCRAFT CORP,PA-28-181,b483ed9eab3406c2fb52543ccfb027325b8213b716c6710645f9672d9b03a07e,True,1
10623,5934,021026_ML.npy,2026-10-02,2026-10-02 21:36:49.142998,7C444D,P28A,PIPER AIRCRAFT CORP,PA-28-181,c3e9a36bbf51bb1c80a86c8109f8757c81631250e852e0c635079d73ace996ae,True,1
10624,5935,021026_ML.npy,2026-10-02,2026-10-02 21:36:50.810444,7C444D,P28A,PIPER AIRCRAFT CORP,PA-28-181,fbd59723313f221b1b6e2cc7db7155a247b8296351fd959e8837217e93865c65,True,4
10625,5936,021026_ML.npy,2026-10-02,2026-10-02 21:36:56.887556,7C444D,P28A,PIPER AIRCRAFT CORP,PA-28-181,4037d44ceccd3f0f3c0088b071113b361e115b95b035c3255ae6674328aa45e7,True,3
10626,5937,021026_ML.npy,2026-10-02,2026-10-02 21:37:00.914524,7C444D,P28A,PIPER AIRCRAFT CORP,PA-28-181,876e2c83087133016b70dfd4cf1e81eee3c41599397955f8e3521c97e0ea0230,True,3
10627,5938,021026_ML.npy,2026-10-02,2026-10-02 21:37:02.068751,7C444D,P28A,PIPER AIRCRAFT CORP,PA-28-181,5147ed79d815c651c2ed63a95ae171500c2befa7c7036bca309641edcf68a31f,True,5
10628,5939,021026_ML.npy,2026-10-02,2026-10-02 21:37:03.792183,7C444D,P28A,PIPER AIRCRAFT CORP,PA-28-181,8628a037df6023b05e4886b3fbcb3ea17d9112dd2c62408b44c5a935e90790ad,True,4
10629,5940,021026_ML.npy,2026-10-02,2026-10-02 21:37:04.219905,7C444D,P28A,PIPER AIRCRAFT CORP,PA-28-181,64d725941100028ecb153fd457243d2c5f17275d540106a1c5fafc53c6c69d4e,True,2
10630,5941,021026_ML.npy,2026-10-02,2026-10-02 21:37:04.656976,7C444D,P28A,PIPER AIRCRAFT CORP,PA-28-181,5c55d52384f22bec24b4912cc9b8da42caa1f47f4fe56fb44dd0cb1121327516,True,1
10631,5942,021026_ML.npy,2026-10-02,2026-10-02 21:37:10.372622,7C444D,P28A,PIPER AIRCRAFT CORP,PA-28-181,a3613dd411d2b4344c71e57ab72ce955b27c28abf0c10c7e1c54bdb160aa3e34,True,1
10632,5943,021026_ML.npy,2026-10-02,2026-10-02 21:37:10.489835,7C444D,P28A,PIPER AIRCRAFT CORP,PA-28-181,c79bcfc28a335a804adc51438057672785e1b8f7f513e5c20a5ceed1b74572f9,True,2
10638,5949,021026_ML.npy,2026-10-02,2026-10-02 21:39:06.918544,7C41D4,C172,CESSNA AIRCRAFT COMPANY,R172K,e6e6be84927e6d1340a435fa91f862938a37541987e81420d38de9a76e219708,True,3
10641,5952,021026_ML.npy,2026-10-02,2026-10-02 21:39:08.427464,7C41D4,C172,CESSNA AIRCRAFT COMPANY,R172K,1f7bec95e18f67762fa58dcc9834fc8687a853abb69a7b43a9b246f5cac82c22,True,5
10648,5959,021026_ML.npy,2026-10-02,2026-10-02 21:39:21.226705,7C41D4,C172,CESSNA AIRCRAFT COMPANY,R172K,8bd6369197e9c18f5f3c77d3a066a6ba911a066f27e86d816f6b1ddf5d934453,True,3
10652,5963,021026_ML.npy,2026-10-02,2026-10-02 21:39:24.453713,7C41D4,C172,CESSNA AIRCRAFT COMPANY,R172K,3cd2e8004a04b01781ae431f9abfee169757e379a81beddc9a12bd6d2acd1bb8,True,3
10653,5964,021026_ML.npy,2026-10-02,2026-10-02 21:39:25.295951,7C41D4,C172,CESSNA AIRCRAFT COMPANY,R172K,edde6cacc68ea360cc2d0f3efe2e7072c48679478ca68da9c0d2185e6b5a65ca,True,5
10658,5969,021026_ML.npy,2026-10-02,2026-10-02 21:39:40.404678,7C41D4,C172,CESSNA AIRCRAFT COMPANY,R172K,39ae896a3ba7a99cc8c4be8781dcd53f74c2cbc7e31160096d2526ea4d858714,True,1
10659,5970,021026_ML.npy,2026-10-02,2026-10-02 21:39:57.813115,7C41D4,C172,CESSNA AIRCRAFT COMPANY,R172K,406f0e2e1a44a479c71498a5ab6154c788c488146e8750bee4fdeeaa14d378e4,True,2
10663,5974,021026_ML.npy,2026-10-02,2026-10-02 21:41:00.987689,7C41D4,C172,CESSNA AIRCRAFT COMPANY,R172K,dbea3d75e170791194deee4f68cf058c5a9b55af07f536e5b91bfc874fcaf5ee,True,3
10665,5976,021026_ML.npy,2026-10-02,2026-10-02 21:42:14.644316,7C444D,P28A,PIPER AIRCRAFT CORP,PA-28-181,5fdda52a4d018bc74b9fd0db7aa297584611fe3880308a797c96dc406c20a01a,True,2
10666,5977,021026_ML.npy,2026-10-02,2026-10-02 21:42:16.171521,7C444D,P28A,PIPER AIRCRAFT CORP,PA-28-181,74f8dfe5291bf0023cd3b5ec5020f1bdbce2b7c2ded0a98ea8a93baa2c34c872,True,4
10667,5978,021026_ML.npy,2026-10-02,2026-10-02 21:42:16.409916,7C444D,P28A,PIPER AIRCRAFT CORP,PA-28-181,c1754e71081513262a6dac4f076053c71402208bc9d656c78df32d6f589f3f5f,True,1
10668,5979,021026_ML.npy,2026-10-02,2026-10-02 21:42:17.229985,7C444D,P28A,PIPER AIRCRAFT CORP,PA-28-181,b303c76decf8a02ff6b49be34e70fffa9599ddc75a9a4a7207a7c27a8439b63a,True,5
10669,5980,021026_ML.npy,2026-10-02,2026-10-02 21:42:18.235321,7C444D,P28A,PIPER AIRCRAFT CORP,PA-28-181,d79bf5af896491904cf81765bdcdd9979be36a12dd67873e9b350438bff05fb5,True,3
10670,5981,021026_ML.npy,2026-10-02,2026-10-02 21:42:18.650867,7C444D,P28A,PIPER AIRCRAFT CORP,PA-28-181,4e2db51ebcdc132e086eccd2dd45b6de2a2616433bde767e4d2758cc150ea106,True,4
10671,5982,021026_ML.npy,2026-10-02,2026-10-02 21:42:19.696507,7C444D,P28A,PIPER AIRCRAFT CORP,PA-28-181,2393c88dcf091350118a6c3293e38340f67c453b63011cfa8b21abab8a090009,True,2
10672,5983,021026_ML.npy,2026-10-02,2026-10-02 21:42:19.908878,7C444D,P28A,PIPER AIRCRAFT CORP,PA-28-181,bdbea92283397c39fbb177d0e95a1912f7416a11383c2ccf93c282201996d94c,True,2
10673,5984,021026_ML.npy,2026-10-02,2026-10-02 21:42:22.052111,7C444D,P28A,PIPER AIRCRAFT CORP,PA-28-181,b53a4c78be952621d66c5e39deb7d73f7fd06b4f5db3276bf2f05f6462359066,True,4
10674,5985,021026_ML.npy,2026-10-02,2026-10-02 21:42:22.298418,7C444D,P28A,PIPER AIRCRAFT CORP,PA-28-181,a0e11ab6ae6ce61a749e5db2159b838c151ab193534e3ae80a05b70ba44c0d09,True,5
10675,5986,021026_ML.npy,2026-10-02,2026-10-02 21:42:23.064111,7C444D,P28A,PIPER AIRCRAFT CORP,PA-28-181,cbbe2b2b97da2d0ccf3ff600b250d8a742e47ba1f6da2eb75bee31f4f4f0b50d,True,5
10676,5987,021026_ML.npy,2026-10-02,2026-10-02 21:42:23.934036,7C444D,P28A,PIPER AIRCRAFT CORP,PA-28-181,ba7ed856388078685d052c4277b9afe8ec6f82b5b7fee4be84b1369f0e54fac4,True,5
10677,5988,021026_ML.npy,2026-10-02,2026-10-02 21:42:25.813304,7C444D,P28A,PIPER AIRCRAFT CORP,PA-28-181,0a712d93c3b436632b6313eca8379ae14858b33e3b9968582f2fdcbbff01ea49,True,1
10678,5989,021026_ML.npy,2026-10-02,2026-10-02 21:42:29.018368,7C444D,P28A,PIPER AIRCRAFT CORP,PA-28-181,c6ab0987cd3ea88d83274017471265d792853d5bd3e25c06776ac9a99c76a374,True,2
10679,5990,021026_ML.npy,2026-10-02,2026-10-02 21:42:29.558733,7C444D,P28A,PIPER AIRCRAFT CORP,PA-28-181,2aac82ddb6bb292aac0a16b372c35c26cfd35ef46a4d9ea3d184548c1dc1c653,True,1
10680,5991,021026_ML.npy,2026-10-02,2026-10-02 21:42:32.598112,7C444D,P28A,PIPER AIRCRAFT CORP,PA-28-181,ffcdbc3c72d61f8ead905f36b287fa6be52d0f2e8dae4747168a5cfa76d2c9ea,True,4
10681,5992,021026_ML.npy,2026-10-02,2026-10-02 21:42:33.157773,7C444D,P28A,PIPER AIRCRAFT CORP,PA-28-181,859c9493b1a905a240a08bbaf25fa6f842ea4bf24c4aa9953c10212fe02e0a8a,True,4
10682,5993,021026_ML.npy,2026-10-02,2026-10-02 21:42:34.685727,7C444D,P28A,PIPER AIRCRAFT CORP,PA-28-181,ac59d26bc143408d9efb7fd09a0ec02291a06fd3ee00649d1e781872cde3b196,True,5
10683,5994,021026_ML.npy,2026-10-02,2026-10-02 21:42:36.197766,7C444D,P28A,PIPER AIRCRAFT CORP,PA-28-181,82b0b8c5bae91a789a31714eb7ad82860b35a2e94bff37a0bc0f1815a38d5913,True,5
10684,5995,021026_ML.npy,2026-10-02,2026-10-02 21:42:38.552800,7C444D,P28A,PIPER AIRCRAFT CORP,PA-28-181,e5ff3f2924dbdd2f4a9bd75ee09281b2443b86fbaa0c8773221d7b1bd71b3dd8,True,5
10685,5996,021026_ML.npy,2026-10-02,2026-10-02 21:42:40.796142,7C444D,P28A,PIPER AIRCRAFT CORP,PA-28-181,0a712d93c3b436632b6313eca8379ae14858b33e3b9968582f2fdcbbff01ea49,True,5
10686,5997,021026_ML.npy,2026-10-02,2026-10-02 21:42:40.850152,7C444D,P28A,PIPER AIRCRAFT CORP,PA-28-181,c1b84a98024fdb15ad7c08860d2236720363275623d706164203a77a3e49e6ef,True,1
10687,5998,021026_ML.npy,2026-10-02,2026-10-02 21:42:41.442063,7C444D,P28A,PIPER AIRCRAFT CORP,PA-28-181,575ba22e2a97d454693c3f0f563256f7ef7e5d0988230c071cc7010cca9a9239,True,5
10688,5999,021026_ML.npy,2026-10-02,2026-10-02 21:42:43.815344,7C444D,P28A,PIPER AIRCRAFT CORP,PA-28-181,7bfb36a17d50d7ba7aee399b4132df736420e45e289e703c8222ef0dbb8a1c2a,True,1
10689,6000,021026_ML.npy,2026-10-02,2026-10-02 21:42:44.267320,7C444D,P28A,PIPER AIRCRAFT CORP,PA-28-181,dffd8ea14850f195c2597f01eac253050e404d32e7b31d80c5845301c7003d6c,True,1
10690,6001,021026_ML.npy,2026-10-02,2026-10-02 21:42:46.113772,7C444D,P28A,PIPER AIRCRAFT CORP,PA-28-181,92b29589d53a5b563cbc1892b04d9a2def93851f4b0dec7c28f417e3269eb093,True,1
10691,6002,021026_ML.npy,2026-10-02,2026-10-02 21:42:46.538708,7C444D,P28A,PIPER AIRCRAFT CORP,PA-28-181,d8ca3e90afb3bc1d4dca52ed572384b0662a75fc6da6c43081f935eb45116e9f,True,1
10692,6003,021026_ML.npy,2026-10-02,2026-10-02 21:42:47.602181,7C444D,P28A,PIPER AIRCRAFT CORP,PA-28-181,5b740d94b84e085e89dadd9cfcffa62d974b376a976c42267adfc18e639ccf84,True,3
10693,6004,021026_ML.npy,2026-10-02,2026-10-02 21:42:48.228323,7C444D,P28A,PIPER AIRCRAFT CORP,PA-28-181,9ca11e6bdff88e5c92dc3c52f1db67ceb72779e3dbee2ccf36bce539d064b8e5,True,4
10694,6005,021026_ML.npy,2026-10-02,2026-10-02 21:42:53.937114,7C444D,P28A,PIPER AIRCRAFT CORP,PA-28-181,384a1732a7e8fee24f1ce3ad9aa2c2d6487b00b76aa6159c465d655bc18a429f,True,3
10695,6006,021026_ML.npy,2026-10-02,2026-10-02 21:42:57.696468,7C444D,P28A,PIPER AIRCRAFT CORP,PA-28-181,fd9c6608f5d423be2f719f1a4e7b9294e5ca5e017864ef1866e827050d2635e3,True,3
10696,6007,021026_ML.npy,2026-10-02,2026-10-02 21:43:06.312293,7C444D,P28A,PIPER AIRCRAFT CORP,PA-28-181,d0e2e18733038f075bee09444a1b36b12169095f1068661d5f1d90517366f1ce,True,3
10697,6008,021026_ML.npy,2026-10-02,2026-10-02 21:43:06.466136,7C444D,P28A,PIPER AIRCRAFT CORP,PA-28-181,14f4752a16ad98e3ca86f7ee3da74c23f7342ddaba6cf013b9171f35879734cf,True,3
10698,6009,021026_ML.npy,2026-10-02,2026-10-02 21:43:06.634049,7C444D,P28A,PIPER AIRCRAFT CORP,PA-28-181,d8ca3e90afb3bc1d4dca52ed572384b0662a75fc6da6c43081f935eb45116e9f,True,1
10699,6010,021026_ML.npy,2026-10-02,2026-10-02 21:43:07.146057,7C444D,P28A,PIPER AIRCRAFT CORP,PA-28-181,4d24eb92a1507e95a24ed3027d50f9ba035aa99c4dae385218909100ba7e4ad1,True,2
10720,6031,021026_ML.npy,2026-10-02,2026-10-02 21:47:55.581686,7C444D,P28A,PIPER AIRCRAFT CORP,PA-28-181,bb11efe78daebf5dab8d77cb5020868b7ac7e38a7e2e8c2077208b6a8338732e,True,3
10721,6032,021026_ML.npy,2026-10-02,2026-10-02 21:48:01.792365,7C444D,P28A,PIPER AIRCRAFT CORP,PA-28-181,ccfbb7af3f1a028431d7af0f6e68ad9d14bcafb8639def9360f8218e040f1edd,True,2
10722,6033,021026_ML.npy,2026-10-02,2026-10-02 21:48:03.426041,7C444D,P28A,PIPER AIRCRAFT CORP,PA-28-181,5f914f41b4e8c36fec6beeeaf57998735b3420295bdd2e5cece4b2f730626beb,True,1
10723,6034,021026_ML.npy,2026-10-02,2026-10-02 21:48:04.903701,7C444D,P28A,PIPER AIRCRAFT CORP,PA-28-181,d8ca3e90afb3bc1d4dca52ed572384b0662a75fc6da6c43081f935eb45116e9f,True,3
10724,6035,021026_ML.npy,2026-10-02,2026-10-02 21:48:05.443674,7C444D,P28A,PIPER AIRCRAFT CORP,PA-28-181,ab6cbdad8c8a03bdf557132fdda57136dd1d20733dff49ea2f4a7487c8fa2108,True,3
10725,6036,021026_ML.npy,2026-10-02,2026-10-02 21:48:06.287297,7C444D,P28A,PIPER AIRCRAFT CORP,PA-28-181,ff55b567aac1f0bcdd884e5f4a45655da819ab6a33f472c27394528ce6f44e8c,True,1
10726,6037,021026_ML.npy,2026-10-02,2026-10-02 21:48:07.406789,7C444D,P28A,PIPER AIRCRAFT CORP,PA-28-181,efce5c512a5f428d345e85fe15f10ad2d49575320dd4b94d46b54ae5b15105ba,True,5
10727,6038,021026_ML.npy,2026-10-02,2026-10-02 21:48:07.688676,7C444D,P28A,PIPER AIRCRAFT CORP,PA-28-181,95d4af50ea73596a0060eddac69da16c89d6ec767e1b85bf0213a52db3980c41,True,2
10728,6039,021026_ML.npy,2026-10-02,2026-10-02 21:48:08.223058,7C444D,P28A,PIPER AIRCRAFT CORP,PA-28-181,bd7e37743a31fbfe017a380cb4d624eed14fcdd01edc1b409d4862b2fc76170b,True,4
10729,6040,021026_ML.npy,2026-10-02,2026-10-02 21:48:14.507261,7C444D,P28A,PIPER AIRCRAFT CORP,PA-28-181,cef33187aad354f5c0cc84665e1565e9454ddeea107cb2c179c472bcb4d73a57,True,4
10730,6041,021026_ML.npy,2026-10-02,2026-10-02 21:48:15.675392,7C444D,P28A,PIPER AIRCRAFT CORP,PA-28-181,040b958c8d1a7eb4d24cccdcf121ddd0c9d9f156383ba581265ddf0707844a1c,True,3
10731,6042,021026_ML.npy,2026-10-02,2026-10-02 21:48:17.090650,7C444D,P28A,PIPER AIRCRAFT CORP,PA-28-181,d8ca3e90afb3bc1d4dca52ed572384b0662a75fc6da6c43081f935eb45116e9f,True,1
10732,6043,021026_ML.npy,2026-10-02,2026-10-02 21:48:18.710694,7C444D,P28A,PIPER AIRCRAFT CORP,PA-28-181,69506a05c1966cd88a37c25694772f53f867c137099dea5911c916b430c584cd,True,1
10733,6044,021026_ML.npy,2026-10-02,2026-10-02 21:48:19.644344,7C444D,P28A,PIPER AIRCRAFT CORP,PA-28-181,d8ca3e90afb3bc1d4dca52ed572384b0662a75fc6da6c43081f935eb45116e9f,True,5
10734,6045,021026_ML.npy,2026-10-02,2026-10-02 21:48:22.195369,7C444D,P28A,PIPER AIRCRAFT CORP,PA-28-181,bf4ffcd7e717a67c0b552c9ad30b7204304d1c48e1bd083bb14c0edd3cafe495,True,5
10735,6046,021026_ML.npy,2026-10-02,2026-10-02 21:48:22.617685,7C444D,P28A,PIPER AIRCRAFT CORP,PA-28-181,8b0eb1016648e596200c5210e6bc85e6264b1df8cbf4351cb7064bb947ee9430,True,5
10736,6047,021026_ML.npy,2026-10-02,2026-10-02 21:48:24.383364,7C444D,P28A,PIPER AIRCRAFT CORP,PA-28-181,931963df2c1c7215c23d5b21318c9462895722e2816b064368987a7c66bd0ac2,True,2
10737,6048,021026_ML.npy,2026-10-02,2026-10-02 21:48:28.556231,7C444D,P28A,PIPER AIRCRAFT CORP,PA-28-181,ccc1d4387bb9867209cc1e885e160f4cb2bc62205fbb24e2a8f784c603936605,True,2
10738,6049,021026_ML.npy,2026-10-02,2026-10-02 21:48:29.018235,7C444D,P28A,PIPER AIRCRAFT CORP,PA-28-181,81222192336761f66b70035bc36b598481e550f87261dacf802e65e46eb392c4,True,4
10739,6050,021026_ML.npy,2026-10-02,2026-10-02 21:48:38.553982,7C444D,P28A,PIPER AIRCRAFT CORP,PA-28-181,c1a78f646a6816ca99beb66cefc5644c5952cfe171d8c76df035414a0f98aa29,True,3
10740,6051,021026_ML.npy,2026-10-02,2026-10-02 21:48:39.731981,7C444D,P28A,PIPER AIRCRAFT CORP,PA-28-181,d8ca3e90afb3bc1d4dca52ed572384b0662a75fc6da6c43081f935eb45116e9f,True,4
10741,6052,021026_ML.npy,2026-10-02,2026-10-02 21:48:45.032567,7C444D,P28A,PIPER AIRCRAFT CORP,PA-28-181,fe9c622e7eca9777fd0d15b72b85b9a0d9f217c8668b4580c83c83ef1f7b4999,True,1
10742,6053,021026_ML.npy,2026-10-02,2026-10-02 21:48:45.460463,7C444D,P28A,PIPER AIRCRAFT CORP,PA-28-181,6606f2c482958df72dc2c3017e66c0c924369db0c027ae539475d01b2813ecd5,True,5
10743,6054,021026_ML.npy,2026-10-02,2026-10-02 21:48:45.904319,7C444D,P28A,PIPER AIRCRAFT CORP,PA-28-181,6606f2c482958df72dc2c3017e66c0c924369db0c027ae539475d01b2813ecd5,True,2
10744,6055,021026_ML.npy,2026-10-02,2026-10-02 21:48:45.974454,7C444D,P28A,PIPER AIRCRAFT CORP,PA-28-181,ad7c77bc897a253a5db2d0d657720a772791f84bd9c059295b6efba18534a6cb,True,4
10769,6080,021026_ML.npy,2026-10-02,2026-10-02 21:53:41.228846,7C444D,P28A,PIPER AIRCRAFT CORP,PA-28-181,1ed67f00845a10793b860e7a9db9131df12294c859ac5427913f43a70183aedd,True,3
10770,6081,021026_ML.npy,2026-10-02,2026-10-02 21:53:42.246616,7C444D,P28A,PIPER AIRCRAFT CORP,PA-28-181,05733d1fa28e1fb0f45e74aeaf8116efbfe0e9c42dd0731c6093555ab4392e19,True,3
10771,6082,021026_ML.npy,2026-10-02,2026-10-02 21:53:42.494463,7C444D,P28A,PIPER AIRCRAFT CORP,PA-28-181,f6df567c817a4491f7d1b85a7a06f109b24bbc43cf83c26aa8b366d1b47b00db,True,1
10772,6083,021026_ML.npy,2026-10-02,2026-10-02 21:53:45.241924,7C444D,P28A,PIPER AIRCRAFT CORP,PA-28-181,ef749642e4a2c28303ce7b4ab72a9136644099f8ef8aedf3a80293b47091d072,True,5
10773,6084,021026_ML.npy,2026-10-02,2026-10-02 21:53:55.035563,7C444D,P28A,PIPER AIRCRAFT CORP,PA-28-181,3a3d2e6b3f4065a6bf85f242880775b7a689b489be3cf35d9bf3b1b983a970e8,True,3
10774,6085,021026_ML.npy,2026-10-02,2026-10-02 21:53:58.816424,7C444D,P28A,PIPER AIRCRAFT CORP,PA-28-181,d8ca3e90afb3bc1d4dca52ed572384b0662a75fc6da6c43081f935eb45116e9f,True,2
10775,6086,021026_ML.npy,2026-10-02,2026-10-02 21:53:59.394397,7C444D,P28A,PIPER AIRCRAFT CORP,PA-28-181,3325d95d9479aaa4be205286bf49beacc28e63d83dab7b1a8a645cbdb0e5de0f,True,3
10776,6087,021026_ML.npy,2026-10-02,2026-10-02 21:54:00.210359,7C444D,P28A,PIPER AIRCRAFT CORP,PA-28-181,7edbfb11f179a3be6b6ede93a7905c4b2f4c25bf2966e49b546dc627a27f6abc,True,4
10777,6088,021026_ML.npy,2026-10-02,2026-10-02 21:54:05.135167,7C444D,P28A,PIPER AIRCRAFT CORP,PA-28-181,0a712d93c3b436632b6313eca8379ae14858b33e3b9968582f2fdcbbff01ea49,True,3
10778,6089,021026_ML.npy,2026-10-02,2026-10-02 21:54:06.313021,7C444D,P28A,PIPER AIRCRAFT CORP,PA-28-181,aa3f966e78cc86c916fc1ea8dfe77f11f564d3348f2ce208e7d61e3e822a9b78,True,3
10779,6090,021026_ML.npy,2026-10-02,2026-10-02 21:54:06.802799,7C444D,P28A,PIPER AIRCRAFT CORP,PA-28-181,45c2170c52022e0f4748e1894b30ef91db888be7ae56f61c580ad10e7e04de6a,True,3
10780,6091,021026_ML.npy,2026-10-02,2026-10-02 21:54:06.874597,7C444D,P28A,PIPER AIRCRAFT CORP,PA-28-181,d07ebc44497edb81139cdc88c7a35055962888dff41dc340acbe824bdc018423,True,5
10781,6092,021026_ML.npy,2026-10-02,2026-10-02 21:54:08.328574,7C444D,P28A,PIPER AIRCRAFT CORP,PA-28-181,1436450133c21f2e5b1caf160a586af85ce5d2cde591361b5ec706f7f539da61,True,3
10782,6093,021026_ML.npy,2026-10-02,2026-10-02 21:54:10.473929,7C444D,P28A,PIPER AIRCRAFT CORP,PA-28-181,0686eec5398a00b03ca9596c042f4ee95ba2f3474fb713f61d5d1187da7b1f43,True,3
10783,6094,021026_ML.npy,2026-10-02,2026-10-02 21:54:24.369186,7C444D,P28A,PIPER AIRCRAFT CORP,PA-28-181,278ca8c81d34faaa2757f88a71658d377ad717c57433ff24bf5bec45979de844,True,3
10784,6095,021026_ML.npy,2026-10-02,2026-10-02 21:54:26.509873,7C444D,P28A,PIPER AIRCRAFT CORP,PA-28-181,d8ca3e90afb3bc1d4dca52ed572384b0662a75fc6da6c43081f935eb45116e9f,True,5
10785,6096,021026_ML.npy,2026-10-02,2026-10-02 21:54:27.587131,7C444D,P28A,PIPER AIRCRAFT CORP,PA-28-181,373de0e1eaf89f3f195e7d107d331af35b56ada52675da46055cd2e070ac4820,True,3
10786,6097,021026_ML.npy,2026-10-02,2026-10-02 21:54:28.084134,7C444D,P28A,PIPER AIRCRAFT CORP,PA-28-181,612af59ab4e71e6af7369af8474fe6af73602faa450e35cad063a5bf7e8d150f,True,2
10787,6098,021026_ML.npy,2026-10-02,2026-10-02 21:54:34.900422,7C444D,P28A,PIPER AIRCRAFT CORP,PA-28-181,c5eda1d2e68912db00cc45ec4492024fe32d80e01e476bf19738400d65bd3918,True,1
10811,6122,021026_ML.npy,2026-10-02,2026-10-02 21:58:53.659544,7C444D,P28A,PIPER AIRCRAFT CORP,PA-28-181,d9e8a2e6344138513ef53b84b0a9c4f98e43695fcb308f86c5c766331156a45e,True,3
10812,6123,021026_ML.npy,2026-10-02,2026-10-02 21:58:56.494981,7C444D,P28A,PIPER AIRCRAFT CORP,PA-28-181,d7f5cd6b646083e78c7e651b1dd5e68877fd4cc84d9d9ca87f27c95520c88cb8,True,5
10813,6124,021026_ML.npy,2026-10-02,2026-10-02 21:58:57.040789,7C444D,P28A,PIPER AIRCRAFT CORP,PA-28-181,7d61777988ae58ac9704fd08424798de35d84e6f6ff1ae8ae43e15668304d6b6,True,5
10814,6125,021026_ML.npy,2026-10-02,2026-10-02 21:58:59.463382,7C444D,P28A,PIPER AIRCRAFT CORP,PA-28-181,948cbda1826bd5b80515347c8a7b2a2ec12c3252d206c129bd939e7127f758d7,True,2
10815,6126,021026_ML.npy,2026-10-02,2026-10-02 21:59:00.173979,7C444D,P28A,PIPER AIRCRAFT CORP,PA-28-181,1999d4f6a908dba5c3ad100ee0646d7920f2025f8608981a9ec5c3821c1d1a89,True,2
10816,6127,021026_ML.npy,2026-10-02,2026-10-02 21:59:03.309244,7C444D,P28A,PIPER AIRCRAFT CORP,PA-28-181,253ac361645894b7dc41ba0b711ac67a6ceb48faa27c7dff66371aba38115aac,True,2
10817,6128,021026_ML.npy,2026-10-02,2026-10-02 21:59:04.391240,7C444D,P28A,PIPER AIRCRAFT CORP,PA-28-181,7b1d2f29d2db85082f0500cd51b07a975a02da2dc548d5a2871f25c63c39bac3,True,5
10818,6129,021026_ML.npy,2026-10-02,2026-10-02 21:59:04.710873,7C444D,P28A,PIPER AIRCRAFT CORP,PA-28-181,0a712d93c3b436632b6313eca8379ae14858b33e3b9968582f2fdcbbff01ea49,True,4
10819,6130,021026_ML.npy,2026-10-02,2026-10-02 21:59:08.603962,7C444D,P28A,PIPER AIRCRAFT CORP,PA-28-181,eeeccd578e031c1f2085a3fd9cb801ae63ea53e175a2048b797a47146bc56863,True,5
10820,6131,021026_ML.npy,2026-10-02,2026-10-02 21:59:10.149595,7C444D,P28A,PIPER AIRCRAFT CORP,PA-28-181,b481d4c66b48d1970d59123024987391f5f04d484450c20509305fbee7e69297,True,3
10821,6132,021026_ML.npy,2026-10-02,2026-10-02 21:59:15.436357,7C444D,P28A,PIPER AIRCRAFT CORP,PA-28-181,bdbea92283397c39fbb177d0e95a1912f7416a11383c2ccf93c282201996d94c,True,4
10822,6133,021026_ML.npy,2026-10-02,2026-10-02 21:59:16.358261,7C444D,P28A,PIPER AIRCRAFT CORP,PA-28-181,526fbd6ec859cd34eb40c7d8655a04e1f921139ebf22c9dca089e0275acd3933,True,2
10823,6134,021026_ML.npy,2026-10-02,2026-10-02 21:59:20.588972,7C444D,P28A,PIPER AIRCRAFT CORP,PA-28-181,bdbea92283397c39fbb177d0e95a1912f7416a11383c2ccf93c282201996d94c,True,1
10824,6135,021026_ML.npy,2026-10-02,2026-10-02 21:59:23.728503,7C444D,P28A,PIPER AIRCRAFT CORP,PA-28-181,221db7a9bc1881af03a3e46eb1f990110cda37cdac821bee0ccacac450d31903,True,3
10825,6136,021026_ML.npy,2026-10-02,2026-10-02 21:59:27.733531,7C444D,P28A,PIPER AIRCRAFT CORP,PA-28-181,11cd1211f163dbcf1183720c7c05a3bf248ff6a9b3be89b21c96d6306aaef6aa,True,1
10826,6137,021026_ML.npy,2026-10-02,2026-10-02 21:59:33.012515,7C444D,P28A,PIPER AIRCRAFT CORP,PA-28-181,5c70e15749952a0f57070128b88b4c700659514ced2aafd29905e39e0bbeb930,True,4
10827,6138,021026_ML.npy,2026-10-02,2026-10-02 21:59:34.852780,7C444D,P28A,PIPER AIRCRAFT CORP,PA-28-181,0a712d93c3b436632b6313eca8379ae14858b33e3b9968582f2fdcbbff01ea49,True,3
10828,6139,021026_ML.npy,2026-10-02,2026-10-02 21:59:34.935810,7C444D,P28A,PIPER AIRCRAFT CORP,PA-28-181,ff9f9e2a134780eb14dc462ca47dabf384eca958c2da8544af7e429992cbfa1b,True,4
10829,6140,021026_ML.npy,2026-10-02,2026-10-02 21:59:39.099080,7C444D,P28A,PIPER AIRCRAFT CORP,PA-28-181,5f80d752898656da10c2c76ff9e38870c05ed9828657bb9bcc7e8007ca7bb334,True,1
10830,6141,021026_ML.npy,2026-10-02,2026-10-02 21:59:40.122327,7C444D,P28A,PIPER AIRCRAFT CORP,PA-28-181,960da97f2adbd1e5e37fe4324dbf6f7171fa5f9186355be4efccf2aa39b9a56e,True,2
10831,6142,021026_ML.npy,2026-10-02,2026-10-02 21:59:40.474445,7C444D,P28A,PIPER AIRCRAFT CORP,PA-28-181,84ab6f30f3eddca345efab9dd99d9213adce5f20ad5504a7dcebf0736e9e3f1f,True,2
10862,6173,021026_ML.npy,2026-10-02,2026-10-02 22:02:36.865902,7C7B55,DA40,DIAMOND AIRCRAFT INDUSTRIES INC.,DA 40,7a16bbded19b3fd26cc75b2e10537d9ef7bde758754d94c9fbf4491f9de68424,True,3
10876,6187,021026_ML.npy,2026-10-02,2026-10-02 22:03:07.073149,7C7B55,DA40,DIAMOND AIRCRAFT INDUSTRIES INC.,DA 40,8763cd4fbfe590ca73f62631fb353e309381055d9447ff4a504c19e66cbd138c,True,1
10880,6191,021026_ML.npy,2026-10-02,2026-10-02 22:03:09.029011,7C7B55,DA40,DIAMOND AIRCRAFT INDUSTRIES INC.,DA 40,4bfb856e14af13db3362d018f2d8cea315b71a5674e88f082184dddfaef3aa87,True,3
10881,6192,021026_ML.npy,2026-10-02,2026-10-02 22:03:10.614599,7C444D,P28A,PIPER AIRCRAFT CORP,PA-28-181,55e441aa5e8673251ca25485ac0c3f4efc89ed7f5d6019f44b47bf429df40d45,True,1
10884,6195,021026_ML.npy,2026-10-02,2026-10-02 22:03:15.237756,7C444D,P28A,PIPER AIRCRAFT CORP,PA-28-181,5d8b038aa954f6626bb7629c01d6a7c1c56ef8da78a79454e6d1a8f449cf305d,True,2
10886,6197,021026_ML.npy,2026-10-02,2026-10-02 22:03:17.519211,7C444D,P28A,PIPER AIRCRAFT CORP,PA-28-181,ebfe2fb66c27bce8dd0298eb94493dc21458d7510e1d3f54d0cad54b02081f70,True,1
10887,6198,021026_ML.npy,2026-10-02,2026-10-02 22:03:17.789245,7C444D,P28A,PIPER AIRCRAFT CORP,PA-28-181,2711645bdde4e01bc81544ca1dc68602f1a19a0de7b5573ba8f86203e1cbcd39,True,5
10888,6199,021026_ML.npy,2026-10-02,2026-10-02 22:03:18.265549,7C444D,P28A,PIPER AIRCRAFT CORP,PA-28-181,d8ca3e90afb3bc1d4dca52ed572384b0662a75fc6da6c43081f935eb45116e9f,True,3
10889,6200,021026_ML.npy,2026-10-02,2026-10-02 22:03:18.895186,7C444D,P28A,PIPER AIRCRAFT CORP,PA-28-181,f92a1d51d88c0279e8d25b29fd1b5119e2012a2ea02ef0fd6ba3bb0bdd9236f7,True,5
10892,6203,021026_ML.npy,2026-10-02,2026-10-02 22:03:20.718550,7C444D,P28A,PIPER AIRCRAFT CORP,PA-28-181,d8ca3e90afb3bc1d4dca52ed572384b0662a75fc6da6c43081f935eb45116e9f,True,2
10893,6204,021026_ML.npy,2026-10-02,2026-10-02 22:03:20.876219,7C444D,P28A,PIPER AIRCRAFT CORP,PA-28-181,bdbea92283397c39fbb177d0e95a1912f7416a11383c2ccf93c282201996d94c,True,4
10894,6205,021026_ML.npy,2026-10-02,2026-10-02 22:03:22.636266,7C444D,P28A,PIPER AIRCRAFT CORP,PA-28-181,1f4af7c62a5c357a0153b142fbedafa428c1133398757d4f8ce7b13cfa63027d,True,4
10895,6206,021026_ML.npy,2026-10-02,2026-10-02 22:03:22.894078,7C444D,P28A,PIPER AIRCRAFT CORP,PA-28-181,045e2c94b1e0ca1773699573e349fcfa809844bb4350c997a247683b0d12d470,True,4
10896,6207,021026_ML.npy,2026-10-02,2026-10-02 22:03:23.498262,7C444D,P28A,PIPER AIRCRAFT CORP,PA-28-181,ef705b944319d4231b441c4de58553f0ed7238938dbe55444b69887d65e8d4d9,True,1
10897,6208,021026_ML.npy,2026-10-02,2026-10-02 22:03:24.001701,7C444D,P28A,PIPER AIRCRAFT CORP,PA-28-181,c79226c1ca8e522948ac44c93f1aeadff786809db9de42813088dba95fea8573,True,5
10898,6209,021026_ML.npy,2026-10-02,2026-10-02 22:03:28.208969,7C444D,P28A,PIPER AIRCRAFT CORP,PA-28-181,d8ca3e90afb3bc1d4dca52ed572384b0662a75fc6da6c43081f935eb45116e9f,True,5
10899,6210,021026_ML.npy,2026-10-02,2026-10-02 22:03:28.429690,7C444D,P28A,PIPER AIRCRAFT CORP,PA-28-181,a90543a13df7000635f885a8b1988ce04222937dd239919625ff93697b4831bd,True,3
10900,6211,021026_ML.npy,2026-10-02,2026-10-02 22:03:30.620234,7C444D,P28A,PIPER AIRCRAFT CORP,PA-28-181,d8ca3e90afb3bc1d4dca52ed572384b0662a75fc6da6c43081f935eb45116e9f,True,3
10901,6212,021026_ML.npy,2026-10-02,2026-10-02 22:03:31.544115,7C444D,P28A,PIPER AIRCRAFT CORP,PA-28-181,3def43bfb771738d9b18d39f210f7f5910f0cf1934a9417473286b4ffc87a016,True,2
10902,6213,021026_ML.npy,2026-10-02,2026-10-02 22:03:33.471379,7C444D,P28A,PIPER AIRCRAFT CORP,PA-28-181,3f4263c78472aea948dea9b3aa2ea25094e0ceba957313db7deae93eab739338,True,2
10903,6214,021026_ML.npy,2026-10-02,2026-10-02 22:03:34.473494,7C444D,P28A,PIPER AIRCRAFT CORP,PA-28-181,ac7a877b54aebefa8ef51372b74137b0ee715c6fdaa066503bad6a4e9af3e838,True,4
10904,6215,021026_ML.npy,2026-10-02,2026-10-02 22:03:34.659289,7C444D,P28A,PIPER AIRCRAFT CORP,PA-28-181,f26d95414149fb59d13de5f6b2cf45bb3f7b41111e8fc155c0e53b6d0f9bb42e,True,5
10905,6216,021026_ML.npy,2026-10-02,2026-10-02 22:03:35.753241,7C444D,P28A,PIPER AIRCRAFT CORP,PA-28-181,2520ba43a0c0a50fe9630ddfeaedfbb079e591a8a9399078ba638700502bd83b,True,4
10906,6217,021026_ML.npy,2026-10-02,2026-10-02 22:03:35.903251,7C444D,P28A,PIPER AIRCRAFT CORP,PA-28-181,cd4b4d1855b164b42fb36c3e4874cdd4bf9174d9368bbc5b6486c7d9e2d00db4,True,5
10907,6218,021026_ML.npy,2026-10-02,2026-10-02 22:03:40.070091,7C444D,P28A,PIPER AIRCRAFT CORP,PA-28-181,afc4401492e27ce782ce48e4df1592e94ce2966702019bb0fda915a6296b7aa3,True,1
10908,6219,021026_ML.npy,2026-10-02,2026-10-02 22:03:40.953463,7C444D,P28A,PIPER AIRCRAFT CORP,PA-28-181,cb70af8b8fa92b84fda533910637be5a968525cd01ad2dcc17b0f48034f732d3,True,4
10909,6220,021026_ML.npy,2026-10-02,2026-10-02 22:03:41.567422,7C444D,P28A,PIPER AIRCRAFT CORP,PA-28-181,c27eca9d75f276919b2208b5c6ac8100c585ff68876e3350c378a3ba180eb54c,True,1
10910,6221,021026_ML.npy,2026-10-02,2026-10-02 22:03:42.503538,7C444D,P28A,PIPER AIRCRAFT CORP,PA-28-181,96409d467716d97f66e48c8441138be374edc80508c98b7b30c53dc45ddce902,True,1
10911,6222,021026_ML.npy,2026-10-02,2026-10-02 22:03:45.460954,7C444D,P28A,PIPER AIRCRAFT CORP,PA-28-181,0a712d93c3b436632b6313eca8379ae14858b33e3b9968582f2fdcbbff01ea49,True,5
10912,6223,021026_ML.npy,2026-10-02,2026-10-02 22:03:45.897026,7C444D,P28A,PIPER AIRCRAFT CORP,PA-28-181,bdbea92283397c39fbb177d0e95a1912f7416a11383c2ccf93c282201996d94c,True,4
10913,6224,021026_ML.npy,2026-10-02,2026-10-02 22:03:46.550483,7C444D,P28A,PIPER AIRCRAFT CORP,PA-28-181,964a28408c0e31a81d6ebab2eb1172531eed5aa220bafae7693e86664587a2b7,True,3
10914,6225,021026_ML.npy,2026-10-02,2026-10-02 22:03:47.066835,7C444D,P28A,PIPER AIRCRAFT CORP,PA-28-181,46098978bcb2ffa134fea193e979950599828ea8072dd6c29e3185ebd8b2feaa,True,2
10915,6226,021026_ML.npy,2026-10-02,2026-10-02 22:03:48.966173,7C444D,P28A,PIPER AIRCRAFT CORP,PA-28-181,4e842be8b5002b206549dd64a0e9c27575ffc489d2c32954492456fe0992b461,True,1
10916,6227,021026_ML.npy,2026-10-02,2026-10-02 22:03:49.282103,7C444D,P28A,PIPER AIRCRAFT CORP,PA-28-181,d0beac672144fc812d97ea8784c75fb48cd0138a52bb79f55b05c4b27c23a4cd,True,4
10917,6228,021026_ML.npy,2026-10-02,2026-10-02 22:03:50.794101,7C444D,P28A,PIPER AIRCRAFT CORP,PA-28-181,d8ca3e90afb3bc1d4dca52ed572384b0662a75fc6da6c43081f935eb45116e9f,True,1
10918,6229,021026_ML.npy,2026-10-02,2026-10-02 22:03:57.148338,7C444D,P28A,PIPER AIRCRAFT CORP,PA-28-181,d6eadc99fc4a9e766bd88aa3d82f69bcd1d8458b6fb86d8c4c23e36a92c7357d,True,1
10919,6230,021026_ML.npy,2026-10-02,2026-10-02 22:03:57.628224,7C444D,P28A,PIPER AIRCRAFT CORP,PA-28-181,4037fd10c37aa9d0644f983a946b92bf3e1e4ece2caa9437e5fe8ca92b979508,True,5
10920,6231,021026_ML.npy,2026-10-02,2026-10-02 22:03:57.934153,7C444D,P28A,PIPER AIRCRAFT CORP,PA-28-181,5f907f009f3b205656ed00f7dce4ee4d7be8487e36a99b33874692147c8337cb,True,4
10921,6232,021026_ML.npy,2026-10-02,2026-10-02 22:04:04.740667,7C444D,P28A,PIPER AIRCRAFT CORP,PA-28-181,b6d2363510cbaf1c2a20237187f148f70bd356e18d1a427b61c4955e4f5744e4,True,2
10922,6233,021026_ML.npy,2026-10-02,2026-10-02 22:04:05.546534,7C444D,P28A,PIPER AIRCRAFT CORP,PA-28-181,4ea413241fd3dc64bdd2644a58f252fdd10a9b110188866b289cf220f4e3ad35,True,2
10923,6234,021026_ML.npy,2026-10-02,2026-10-02 22:04:11.353192,7C444D,P28A,PIPER AIRCRAFT CORP,PA-28-181,041d65d001e630baedfa0b7d3b7d49c602f4c19638ece2a1332f250d5f8ce22b,True,5
10924,6235,021026_ML.npy,2026-10-02,2026-10-02 22:04:11.540962,7C444D,P28A,PIPER AIRCRAFT CORP,PA-28-181,24f9d2cc6c9a403a60ab7cd0ee98b3e11e1e33c424350dbaf3e6ff77f659557d,True,5
10925,6236,021026_ML.npy,2026-10-02,2026-10-02 22:04:35.105599,7C444D,P28A,PIPER AIRCRAFT CORP,PA-28-181,0a712d93c3b436632b6313eca8379ae14858b33e3b9968582f2fdcbbff01ea49,True,1
10944,6255,021026_ML.npy,2026-10-02,2026-10-02 22:08:01.289246,7C7B55,DA40,DIAMOND AIRCRAFT INDUSTRIES INC.,DA 40,c1a2e643e16197b6d2bdeca243118414e3a9e24bb1b4242c794ca854a4303120,True,3
10949,6260,021026_ML.npy,2026-10-02,2026-10-02 22:08:58.739764,7C444D,P28A,PIPER AIRCRAFT CORP,PA-28-181,3d479088bc4e595610cc0825e1728cc62560aaeaf028dd0a5f366722f82380e9,True,1
10950,6261,021026_ML.npy,2026-10-02,2026-10-02 22:08:59.649642,7C444D,P28A,PIPER AIRCRAFT CORP,PA-28-181,98b7c538cbf50434aae8a191a7311cc074f1f385d850eeeba1754f0677b8b296,True,3
10951,6262,021026_ML.npy,2026-10-02,2026-10-02 22:09:00.085366,7C444D,P28A,PIPER AIRCRAFT CORP,PA-28-181,0a712d93c3b436632b6313eca8379ae14858b33e3b9968582f2fdcbbff01ea49,True,3
10952,6263,021026_ML.npy,2026-10-02,2026-10-02 22:09:01.807042,7C444D,P28A,PIPER AIRCRAFT CORP,PA-28-181,26d366b0d71c5303a08e69640e9c8cd4abae5264f83d8f03bee4a024e91a0668,True,2
10953,6264,021026_ML.npy,2026-10-02,2026-10-02 22:09:02.944307,7C444D,P28A,PIPER AIRCRAFT CORP,PA-28-181,243ec19afb4f1e5677946899140996a5f2379049c6f3648a339f53e285bb7ace,True,4
10954,6265,021026_ML.npy,2026-10-02,2026-10-02 22:09:03.500768,7C444D,P28A,PIPER AIRCRAFT CORP,PA-28-181,a5e6b14fefca04a702629c15953b6593ac92e37e8d890cc807054ae11378e6d8,True,1
10955,6266,021026_ML.npy,2026-10-02,2026-10-02 22:09:04.486382,7C444D,P28A,PIPER AIRCRAFT CORP,PA-28-181,8a10cb2895afaf0db1788b591813ef90a1d8c2cf8448c94da0cf8833081e3417,True,2
10956,6267,021026_ML.npy,2026-10-02,2026-10-02 22:09:06.212187,7C444D,P28A,PIPER AIRCRAFT CORP,PA-28-181,353eb470077c7404d7cae044ccd6b7e351239fe5d24205eab4cf9fa39194182a,True,3
10957,6268,021026_ML.npy,2026-10-02,2026-10-02 22:09:07.699552,7C444D,P28A,PIPER AIRCRAFT CORP,PA-28-181,9661d699a7f819578e9510afc336cebff6bcba8c6836bb625792e506d3296304,True,1
10958,6269,021026_ML.npy,2026-10-02,2026-10-02 22:09:11.324619,7C444D,P28A,PIPER AIRCRAFT CORP,PA-28-181,a94869152c3e877f02e14da8ffb3bbe9026cb8ae199f23c96048473f8b23f97d,True,5
10959,6270,021026_ML.npy,2026-10-02,2026-10-02 22:09:13.002522,7C444D,P28A,PIPER AIRCRAFT CORP,PA-28-181,24f06b1f88087b67e0d0727e5f7929d5ac8dc2245bca546e39ae23621bfffe08,True,3
10960,6271,021026_ML.npy,2026-10-02,2026-10-02 22:09:13.436435,7C444D,P28A,PIPER AIRCRAFT CORP,PA-28-181,dda4c39ba6fd903ea9a0378c71f424ddb9afd26707e15e809db4fd3bcc8ad8d8,True,3
10961,6272,021026_ML.npy,2026-10-02,2026-10-02 22:09:15.345612,7C444D,P28A,PIPER AIRCRAFT CORP,PA-28-181,dda629feaaacf3da411930331d915ae045a06898f9832777cdca7729f201f6db,True,4
10962,6273,021026_ML.npy,2026-10-02,2026-10-02 22:09:15.369860,7C444D,P28A,PIPER AIRCRAFT CORP,PA-28-181,0a712d93c3b436632b6313eca8379ae14858b33e3b9968582f2fdcbbff01ea49,True,3
10963,6274,021026_ML.npy,2026-10-02,2026-10-02 22:09:17.381596,7C444D,P28A,PIPER AIRCRAFT CORP,PA-28-181,0a196c736a3434e21eb943600e9fc2fdd8d3dab85491f51a9fb641fc3c5ab5af,True,1
10964,6275,021026_ML.npy,2026-10-02,2026-10-02 22:09:19.416990,7C444D,P28A,PIPER AIRCRAFT CORP,PA-28-181,177fe89a4c96cd98f9923ae7093446bf6b436ac71b2aafc8e723d2d166c668dd,True,2
10965,6276,021026_ML.npy,2026-10-02,2026-10-02 22:09:21.326602,7C444D,P28A,PIPER AIRCRAFT CORP,PA-28-181,cbb72f344adf0bc0df9a8c692710a7ce69190553045c52fc77962863d0e38fe0,True,1
10966,6277,021026_ML.npy,2026-10-02,2026-10-02 22:09:25.195984,7C444D,P28A,PIPER AIRCRAFT CORP,PA-28-181,d8ca3e90afb3bc1d4dca52ed572384b0662a75fc6da6c43081f935eb45116e9f,True,1
10967,6278,021026_ML.npy,2026-10-02,2026-10-02 22:09:30.064656,7C444D,P28A,PIPER AIRCRAFT CORP,PA-28-181,0d1aef9de2a5785a846a4e5301d76cb516453890d98c152a0c17402fa727fded,True,2
10968,6279,021026_ML.npy,2026-10-02,2026-10-02 22:09:30.318320,7C444D,P28A,PIPER AIRCRAFT CORP,PA-28-181,bdbea92283397c39fbb177d0e95a1912f7416a11383c2ccf93c282201996d94c,True,3
10969,6280,021026_ML.npy,2026-10-02,2026-10-02 22:09:35.377550,7C444D,P28A,PIPER AIRCRAFT CORP,PA-28-181,61dd5749bad218a252b5ce66b1d8072c972f0354f09d2aabec47072eae7e29e5,True,5
10970,6281,021026_ML.npy,2026-10-02,2026-10-02 22:09:44.253013,7C444D,P28A,PIPER AIRCRAFT CORP,PA-28-181,f163d6744088fb68d1fb51cf0b318c4aa36d7e2ce66ef7d922abd824de0cd464,True,2
10971,6282,021026_ML.npy,2026-10-02,2026-10-02 22:09:45.420870,7C444D,P28A,PIPER AIRCRAFT CORP,PA-28-181,bdbea92283397c39fbb177d0e95a1912f7416a11383c2ccf93c282201996d94c,True,4
10972,6283,021026_ML.npy,2026-10-02,2026-10-02 22:09:45.768703,7C444D,P28A,PIPER AIRCRAFT CORP,PA-28-181,0a59afa0d40e82c1757fc6134fe35db30b73ab3719fb1c35b204b3a5ec286222,True,1
10973,6284,021026_ML.npy,2026-10-02,2026-10-02 22:09:46.338445,7C444D,P28A,PIPER AIRCRAFT CORP,PA-28-181,e95be8a830159269fe1d8558e5d6ab8468d8e34f3c564bf120628930ad5a6200,True,5
10974,6285,021026_ML.npy,2026-10-02,2026-10-02 22:09:51.937826,7C444D,P28A,PIPER AIRCRAFT CORP,PA-28-181,e2afa8510f8fac3fbce9336db82571bf6c0899c0c14e52e36de61f6445d7da88,True,1
10996,6307,021026_ML.npy,2026-10-02,2026-10-02 22:14:14.282021,7C444D,P28A,PIPER AIRCRAFT CORP,PA-28-181,263ea76d7680ba1fa006a76b12c1813141fa7348ea82cb0b1550a72c61e0563f,True,2
10997,6308,021026_ML.npy,2026-10-02,2026-10-02 22:14:14.530011,7C444D,P28A,PIPER AIRCRAFT CORP,PA-28-181,0a712d93c3b436632b6313eca8379ae14858b33e3b9968582f2fdcbbff01ea49,True,5
10998,6309,021026_ML.npy,2026-10-02,2026-10-02 22:14:16.179596,7C444D,P28A,PIPER AIRCRAFT CORP,PA-28-181,0a712d93c3b436632b6313eca8379ae14858b33e3b9968582f2fdcbbff01ea49,True,2
10999,6310,021026_ML.npy,2026-10-02,2026-10-02 22:14:17.856873,7C444D,P28A,PIPER AIRCRAFT CORP,PA-28-181,0a712d93c3b436632b6313eca8379ae14858b33e3b9968582f2fdcbbff01ea49,True,2
11000,6311,021026_ML.npy,2026-10-02,2026-10-02 22:14:19.252974,7C444D,P28A,PIPER AIRCRAFT CORP,PA-28-181,2b41f85e512c1c1f4a0a8550f2276eec106db8fd6a9991e806c8279988836ae3,True,2
11001,6312,021026_ML.npy,2026-10-02,2026-10-02 22:14:19.372862,7C444D,P28A,PIPER AIRCRAFT CORP,PA-28-181,2979fe0c70e9008f652da24d7f287050ed5aa9fd321811787aae7bf166966adc,True,1
11002,6313,021026_ML.npy,2026-10-02,2026-10-02 22:14:19.406683,7C444D,P28A,PIPER AIRCRAFT CORP,PA-28-181,0a712d93c3b436632b6313eca8379ae14858b33e3b9968582f2fdcbbff01ea49,True,5
11003,6314,021026_ML.npy,2026-10-02,2026-10-02 22:14:19.782743,7C444D,P28A,PIPER AIRCRAFT CORP,PA-28-181,62a90f830d31a670c81c44c6cd545687fc39b08be5b37f95c3ba9be3f226223c,True,3
11004,6315,021026_ML.npy,2026-10-02,2026-10-02 22:14:20.296278,7C444D,P28A,PIPER AIRCRAFT CORP,PA-28-181,f149fe78a189f6ec9e31b348a99a13182cbc0a214c983c3ed9fb6fee502eeb17,True,4
11005,6316,021026_ML.npy,2026-10-02,2026-10-02 22:14:21.808082,7C444D,P28A,PIPER AIRCRAFT CORP,PA-28-181,0a712d93c3b436632b6313eca8379ae14858b33e3b9968582f2fdcbbff01ea49,True,1
11006,6317,021026_ML.npy,2026-10-02,2026-10-02 22:14:21.921951,7C444D,P28A,PIPER AIRCRAFT CORP,PA-28-181,7bb8adf2e1735f13a5a6a63d399f1bfb1558554a23537f61eb5842a46f93fabb,True,4
11007,6318,021026_ML.npy,2026-10-02,2026-10-02 22:14:22.396206,7C444D,P28A,PIPER AIRCRAFT CORP,PA-28-181,c680e275b96e4b71a5b7550b0ca107ec3fabbeb5f9336b5ef5d2fe0b18e50aeb,True,2
11008,6319,021026_ML.npy,2026-10-02,2026-10-02 22:14:23.547572,7C444D,P28A,PIPER AIRCRAFT CORP,PA-28-181,c44d541c99026326ae330c7179015eecaab65c850b2f687bd7dc462dce203911,True,2
11009,6320,021026_ML.npy,2026-10-02,2026-10-02 22:14:24.463352,7C444D,P28A,PIPER AIRCRAFT CORP,PA-28-181,723b1dd5c71f5bf725736e2850d679e2722bff8efedcafd15f2898e138a5c201,True,4
11010,6321,021026_ML.npy,2026-10-02,2026-10-02 22:14:26.199412,7C444D,P28A,PIPER AIRCRAFT CORP,PA-28-181,9dea6c6f1d421b5cad0935b485d4db6907e6c8d24043022da2c1b4289723fb50,True,3
11011,6322,021026_ML.npy,2026-10-02,2026-10-02 22:14:26.410706,7C444D,P28A,PIPER AIRCRAFT CORP,PA-28-181,356b850819ef097cbb1f12bff2e958854e80d139ed174697aeacf767bc1fc47b,True,5
11012,6323,021026_ML.npy,2026-10-02,2026-10-02 22:14:27.381177,7C444D,P28A,PIPER AIRCRAFT CORP,PA-28-181,421bd40db35bd4ce8545b82e9da972c87412e17310317b8faba67c86581ea81c,True,1
11013,6324,021026_ML.npy,2026-10-02,2026-10-02 22:14:27.866921,7C444D,P28A,PIPER AIRCRAFT CORP,PA-28-181,421bd40db35bd4ce8545b82e9da972c87412e17310317b8faba67c86581ea81c,True,3
11014,6325,021026_ML.npy,2026-10-02,2026-10-02 22:14:29.074731,7C444D,P28A,PIPER AIRCRAFT CORP,PA-28-181,b270b7c7e97135a5151b83cba7bdf0e083501e0e56d3fab1c9f4945f7c774f1a,True,2
11015,6326,021026_ML.npy,2026-10-02,2026-10-02 22:14:30.390237,7C444D,P28A,PIPER AIRCRAFT CORP,PA-28-181,0a712d93c3b436632b6313eca8379ae14858b33e3b9968582f2fdcbbff01ea49,True,5
11016,6327,021026_ML.npy,2026-10-02,2026-10-02 22:14:31.036128,7C444D,P28A,PIPER AIRCRAFT CORP,PA-28-181,d8ca3e90afb3bc1d4dca52ed572384b0662a75fc6da6c43081f935eb45116e9f,True,3
11017,6328,021026_ML.npy,2026-10-02,2026-10-02 22:14:31.422277,7C444D,P28A,PIPER AIRCRAFT CORP,PA-28-181,b1a1180aa1eb3377cf1e9d089c772f31ab4c1ab61c3739f6ed34ba1667541e25,True,2
11018,6329,021026_ML.npy,2026-10-02,2026-10-02 22:14:33.505852,7C444D,P28A,PIPER AIRCRAFT CORP,PA-28-181,557af0249f9dc29432ec55dea7649e8c96093bb707a293a8e482c95eaa7bf45e,True,3
11019,6330,021026_ML.npy,2026-10-02,2026-10-02 22:14:33.579714,7C444D,P28A,PIPER AIRCRAFT CORP,PA-28-181,f73b6083d33b554942108b3cc020d0eb179971a1c7c3c5a8a0c24817d57a638a,True,4
11020,6331,021026_ML.npy,2026-10-02,2026-10-02 22:14:34.721435,7C444D,P28A,PIPER AIRCRAFT CORP,PA-28-181,b9cca216c29d6669329cf65a401e2b9e244869857989f96dc20cc4b2e06d5c6b,True,3
11021,6332,021026_ML.npy,2026-10-02,2026-10-02 22:14:35.305263,7C444D,P28A,PIPER AIRCRAFT CORP,PA-28-181,bcd95340a00dbd96466de1b6a088b4c4ee65d3b619741d363a899c0a2b92d704,True,5
11022,6333,021026_ML.npy,2026-10-02,2026-10-02 22:14:35.947239,7C444D,P28A,PIPER AIRCRAFT CORP,PA-28-181,d8ca3e90afb3bc1d4dca52ed572384b0662a75fc6da6c43081f935eb45116e9f,True,1
11023,6334,021026_ML.npy,2026-10-02,2026-10-02 22:14:37.858432,7C444D,P28A,PIPER AIRCRAFT CORP,PA-28-181,ebceb1be24121d0562ad799edcc2e61f51c577c098106ae1ad2554fa5055ea2d,True,2
11024,6335,021026_ML.npy,2026-10-02,2026-10-02 22:14:38.874431,7C444D,P28A,PIPER AIRCRAFT CORP,PA-28-181,6c0f3d6cc418140289a2b11cb8d5967aabd41349c1016448b4407b8622686d58,True,1
11026,6337,021026_ML.npy,2026-10-02,2026-10-02 22:14:42.437700,7C444D,P28A,PIPER AIRCRAFT CORP,PA-28-181,0a712d93c3b436632b6313eca8379ae14858b33e3b9968582f2fdcbbff01ea49,True,5
11027,6338,021026_ML.npy,2026-10-02,2026-10-02 22:14:42.607510,7C444D,P28A,PIPER AIRCRAFT CORP,PA-28-181,05ab1ddd301dc0d82235a886fe49df356ea41b4c18d125135073cdc95843a92d,True,3
11028,6339,021026_ML.npy,2026-10-02,2026-10-02 22:14:44.963138,7C444D,P28A,PIPER AIRCRAFT CORP,PA-28-181,0a712d93c3b436632b6313eca8379ae14858b33e3b9968582f2fdcbbff01ea49,True,2
11029,6340,021026_ML.npy,2026-10-02,2026-10-02 22:14:46.676488,7C444D,P28A,PIPER AIRCRAFT CORP,PA-28-181,fada90d2487540c5156f64ae7e4b6f5a398cca2657d0fa94a3ee1143e406e753,True,1
11030,6341,021026_ML.npy,2026-10-02,2026-10-02 22:14:46.968110,7C444D,P28A,PIPER AIRCRAFT CORP,PA-28-181,54dbd826743ef98b688559d212aa516b26be2b0d2a10818d0f0624e20b05a97b,True,2
11031,6342,021026_ML.npy,2026-10-02,2026-10-02 22:14:47.268562,7C444D,P28A,PIPER AIRCRAFT CORP,PA-28-181,42be518a0d218474e62f06a57b494efd21478845377c43034c871226f77d2015,True,4
11032,6343,021026_ML.npy,2026-10-02,2026-10-02 22:14:48.086378,7C444D,P28A,PIPER AIRCRAFT CORP,PA-28-181,0a712d93c3b436632b6313eca8379ae14858b33e3b9968582f2fdcbbff01ea49,True,3
11033,6344,021026_ML.npy,2026-10-02,2026-10-02 22:14:49.298115,7C444D,P28A,PIPER AIRCRAFT CORP,PA-28-181,52a0817cd07d507d9cbe48a77ae0e2c0802cf4e52b4e028983db756226054165,True,3
11034,6345,021026_ML.npy,2026-10-02,2026-10-02 22:14:49.318184,7C444D,P28A,PIPER AIRCRAFT CORP,PA-28-181,bdbea92283397c39fbb177d0e95a1912f7416a11383c2ccf93c282201996d94c,True,2
11035,6346,021026_ML.npy,2026-10-02,2026-10-02 22:14:49.935715,7C444D,P28A,PIPER AIRCRAFT CORP,PA-28-181,d379a283bc6524a9d03babfb91fb589924026903b5d697d7614b18faa897085b,True,3
11036,6347,021026_ML.npy,2026-10-02,2026-10-02 22:14:50.419790,7C444D,P28A,PIPER AIRCRAFT CORP,PA-28-181,54daf583336d95a3298f6dfdd4ac0d953f78d4b5cb08b329ec4458b45e2db793,True,2
11037,6348,021026_ML.npy,2026-10-02,2026-10-02 22:14:51.399572,7C444D,P28A,PIPER AIRCRAFT CORP,PA-28-181,44ad22f91bdff6fefa42e1947f7b70d4adac5ab2fd1ce09ef11ead4e4892d12f,True,1
11038,6349,021026_ML.npy,2026-10-02,2026-10-02 22:14:51.651600,7C444D,P28A,PIPER AIRCRAFT CORP,PA-28-181,d533f8fc4ff6b93c5f282d170880a74566c25edb2cf9582d0b3baaa4b63a049a,True,4
11039,6350,021026_ML.npy,2026-10-02,2026-10-02 22:14:54.179181,7C444D,P28A,PIPER AIRCRAFT CORP,PA-28-181,bdbea92283397c39fbb177d0e95a1912f7416a11383c2ccf93c282201996d94c,True,5
11040,6351,021026_ML.npy,2026-10-02,2026-10-02 22:14:54.364945,7C444D,P28A,PIPER AIRCRAFT CORP,PA-28-181,e58f1ad44024ff15479351e8e6961e569300a183b4483b3ea1de10716558a42d,True,5
11041,6352,021026_ML.npy,2026-10-02,2026-10-02 22:14:58.445830,7C444D,P28A,PIPER AIRCRAFT CORP,PA-28-181,813c59c8590e4d549079149648e897f22d308e924e7a777eba95e286628ef1a8,True,1
11042,6353,021026_ML.npy,2026-10-02,2026-10-02 22:15:02.391153,7C444D,P28A,PIPER AIRCRAFT CORP,PA-28-181,e93b77f530ed033dfa199fb6ff7023d061337e837e53450202c9b116b31451be,True,3
11043,6354,021026_ML.npy,2026-10-02,2026-10-02 22:15:02.398617,7C444D,P28A,PIPER AIRCRAFT CORP,PA-28-181,353a9ed37876af36901ac10ba871a85d7fa8f60f6b1276982c9a0c486bcb6c45,True,1
11044,6355,021026_ML.npy,2026-10-02,2026-10-02 22:15:02.485234,7C444D,P28A,PIPER AIRCRAFT CORP,PA-28-181,0a712d93c3b436632b6313eca8379ae14858b33e3b9968582f2fdcbbff01ea49,True,5
11045,6356,021026_ML.npy,2026-10-02,2026-10-02 22:15:02.870772,7C444D,P28A,PIPER AIRCRAFT CORP,PA-28-181,637cf6fcd6be9d98c243093f1339b303e0c83b433aa6c6151355ee6a007ca636,True,4
11053,6364,021026_ML.npy,2026-10-02,2026-10-02 22:16:48.528755,7C1B2A,DA40,DIAMOND AIRCRAFT INDUSTRIES INC.,DA 40,4ae5ace27ebdfb373aca15f74b0ecb41ea54485e31ed6f2818d9ff507ef29f1c,True,3
11076,6387,021026_ML.npy,2026-10-02,2026-10-02 22:17:07.529010,7C1B2A,DA40,DIAMOND AIRCRAFT INDUSTRIES INC.,DA 40,2de2c36b2b2078dd3f138c8d5a18d69d78a4d2fd7cfc61ec5301f5cf9135b0fb,True,3
11085,6396,021026_ML.npy,2026-10-02,2026-10-02 22:17:18.173444,7C1B2A,DA40,DIAMOND AIRCRAFT INDUSTRIES INC.,DA 40,87cb647f511bee90042f0ae4bdd28d8c7a9b47693fc9d4316bb8956d956a66ff,True,2
11092,6403,021026_ML.npy,2026-10-02,2026-10-02 22:17:26.909775,7C1B2A,DA40,DIAMOND AIRCRAFT INDUSTRIES INC.,DA 40,bf48895281a15faacccf8cbb4543e8a6eb9aecd1d41b8db205b0b5cc87d20a8a,True,1
11131,6442,021026_ML.npy,2026-10-02,2026-10-02 23:00:51.561092,7C41D4,C172,CESSNA AIRCRAFT COMPANY,R172K,de1a667ea593640111a77ddbb942196abd4dfef049f64f346a05c2559bdc2007,True,5
11135,6446,021026_ML.npy,2026-10-02,2026-10-02 23:00:53.632406,7C41D4,C172,CESSNA AIRCRAFT COMPANY,R172K,32cd3f448b2ccbbb967f8fac48fb638614d8b6c64634287928a38857d75d1d61,True,3
11144,6455,021026_ML.npy,2026-10-02,2026-10-02 23:00:57.741758,7C41D4,C172,CESSNA AIRCRAFT COMPANY,R172K,03799b36a95c1695db4714f57783064658e9398ad55872d2a6ec936e8dbfbddd,True,5
11148,6459,021026_ML.npy,2026-10-02,2026-10-02 23:00:58.861677,7C41D4,C172,CESSNA AIRCRAFT COMPANY,R172K,8734649dca4e0c28ded9c83e28b1dc185de1b1bf431910ae5f024028f65069ae,True,2
11150,6461,021026_ML.npy,2026-10-02,2026-10-02 23:01:01.051885,7C41D4,C172,CESSNA AIRCRAFT COMPANY,R172K,c8371c7d0d5ae6cb956bd2198b7bc765bd2a2cfa3a858e90a98c3ba95a564432,True,4
11153,6464,021026_ML.npy,2026-10-02,2026-10-02 23:01:02.791550,7C41D4,C172,CESSNA AIRCRAFT COMPANY,R172K,e223e270d6b249fd4c911a9bf62667c80aca70f899a0a2882a24c89e2c343be2,True,5
11155,6466,021026_ML.npy,2026-10-02,2026-10-02 23:01:04.768837,7C41D4,C172,CESSNA AIRCRAFT COMPANY,R172K,09a5b37cb5f6a2c6cf0e91a3e7a493fa798acfd212e83c955685dc5cd491d252,True,4
11162,6473,021026_ML.npy,2026-10-02,2026-10-02 23:01:08.331033,7C41D4,C172,CESSNA AIRCRAFT COMPANY,R172K,7a8e358ceade755e6e039f804e8ab56010793d01a578c3a58ce4ea5d001f3644,True,4
11169,6480,021026_ML.npy,2026-10-02,2026-10-02 23:01:13.050940,7C41D4,C172,CESSNA AIRCRAFT COMPANY,R172K,2f9713aadc66b1df69f3771df43a577d8b713262baee22b69715d203df60b7d6,True,1
11171,6482,021026_ML.npy,2026-10-02,2026-10-02 23:01:14.380560,7C41D4,C172,CESSNA AIRCRAFT COMPANY,R172K,481d370d60b16592d3ef652d117da369af100999c2cf46b8375c896b80c585fc,True,4
11174,6485,021026_ML.npy,2026-10-02,2026-10-02 23:01:17.240299,7C41D4,C172,CESSNA AIRCRAFT COMPANY,R172K,0419a3e47bcb9d0871bb6e848765a1477ca2ab2fc0da208c9fcc4e9a7fc9c111,True,2
11183,6494,021026_ML.npy,2026-10-02,2026-10-02 23:01:30.536892,7C41D4,C172,CESSNA AIRCRAFT COMPANY,R172K,c69ea201713f7d577abae97c16a30753f7436f0ac42b9524bd15f8333587cf76,True,1
11184,6495,021026_ML.npy,2026-10-02,2026-10-02 23:01:31.778884,7C41D4,C172,CESSNA AIRCRAFT COMPANY,R172K,a6d81cc51b5b0fa7e1ca9821944f62812696167510c3d964e1ec30f8e0e13ee3,True,3
11196,6507,021026_ML.npy,2026-10-02,2026-10-02 23:01:42.598504,7C41D4,C172,CESSNA AIRCRAFT COMPANY,R172K,7809bda972e2d3693bdcc96544f01cf17b209c84d0924cd24680967c19a35e83,True,1
11206,6517,021026_ML.npy,2026-10-02,2026-10-02 23:01:52.657631,7C41D4,C172,CESSNA AIRCRAFT COMPANY,R172K,6f1babcd56d6ae1c020c03b82a5ea89bb714c9f03376a70636d0bad39124a5c0,True,4
11207,6518,021026_ML.npy,2026-10-02,2026-10-02 23:01:53.347679,7C41D4,C172,CESSNA AIRCRAFT COMPANY,R172K,59c76608dcfa2c163ae9589c40415a1ed570eae402852ceae09be7b895148ff5,True,5
11208,6519,021026_ML.npy,2026-10-02,2026-10-02 23:02:00.486595,7C41D4,C172,CESSNA AIRCRAFT COMPANY,R172K,c8371c7d0d5ae6cb956bd2198b7bc765bd2a2cfa3a858e90a98c3ba95a564432,True,1
11211,6522,021026_ML.npy,2026-10-02,2026-10-02 23:02:04.626164,7C41D4,C172,CESSNA AIRCRAFT COMPANY,R172K,713808f518dfc58a49449e7bc03d369bdaa8ebadd1d191789a0c44aef3e2040b,True,2
11216,6527,021026_ML.npy,2026-10-02,2026-10-02 23:03:26.739674,7C4E44,DA40,DIAMOND AIRCRAFT INDUSTRIES INC.,DA 40,973d8a8d1f7907ef011a3cda4b8a64ce6c0db3020fa765813bb97fbe138b2052,True,1
11307,6618,021026_ML.npy,2026-10-02,2026-10-02 23:54:55.632721,7C259E,P28A,PIPER AIRCRAFT CORP,PA-28-180,acbafdd711cac5564c6385847591eda693c707de1b5b02464484499162aec808,True,5
11308,6619,021026_ML.npy,2026-10-02,2026-10-02 23:55:00.643029,7C259E,P28A,PIPER AIRCRAFT CORP,PA-28-180,88f7851acf2954518baeed2a2edd4dde7c8934e725009606747cc64b1df94bd0,True,3
11309,6620,021026_ML.npy,2026-10-02,2026-10-02 23:55:00.647037,7C259E,P28A,PIPER AIRCRAFT CORP,PA-28-180,67328468bf60dc35a4a65c9e1d577fb975e7d82d245ac230d8121c5d26eabba3,True,5
11310,6621,021026_ML.npy,2026-10-02,2026-10-02 23:55:01.658744,7C259E,P28A,PIPER AIRCRAFT CORP,PA-28-180,b7128af929b3d251f000a0fe1d5d94dd58c1a9682f7b6ef202eab757303dbf24,True,3
11311,6622,021026_ML.npy,2026-10-02,2026-10-02 23:55:02.554998,7C259E,P28A,PIPER AIRCRAFT CORP,PA-28-180,7319ab088431914d0c9cf7a727e1dfe289c40b544f1dbd77788dc32e93f353f5,True,5
11312,6623,021026_ML.npy,2026-10-02,2026-10-02 23:55:02.558832,7C259E,P28A,PIPER AIRCRAFT CORP,PA-28-180,b88a2d844f567fb211f5e61d32d340d390da5c9492ecb829a423c72c5749da70,True,5
11313,6624,021026_ML.npy,2026-10-02,2026-10-02 23:55:06.505942,7C259E,P28A,PIPER AIRCRAFT CORP,PA-28-180,cd3724509647243e1d36ddb3e2d81ca575a6049b74255801f3471c7a8166350f,True,1
11314,6625,021026_ML.npy,2026-10-02,2026-10-02 23:55:08.420461,7C259E,P28A,PIPER AIRCRAFT CORP,PA-28-180,2d1a73b323b0d258d37b6b261da6e6fcc9612972e9302ae04b34949fdc495cc0,True,2
11315,6626,021026_ML.npy,2026-10-02,2026-10-02 23:55:09.026686,7C259E,P28A,PIPER AIRCRAFT CORP,PA-28-180,cd3724509647243e1d36ddb3e2d81ca575a6049b74255801f3471c7a8166350f,True,1
11316,6627,021026_ML.npy,2026-10-02,2026-10-02 23:55:13.043169,7C259E,P28A,PIPER AIRCRAFT CORP,PA-28-180,d79e870d5be4e04b80620884a5cff3b87bf456290bc1043bb5ea9765123d283f,True,1
11317,6628,021026_ML.npy,2026-10-02,2026-10-02 23:55:13.050278,7C259E,P28A,PIPER AIRCRAFT CORP,PA-28-180,283edded03fa22914b054627dc645f9c6dd42628c135319122c5631bc7210d53,True,3
11318,6629,021026_ML.npy,2026-10-02,2026-10-02 23:55:13.502136,7C259E,P28A,PIPER AIRCRAFT CORP,PA-28-180,e0fd2bb69b134563da6e7f5d4dcc855791e91bd6dcf4ecb885d6c26e6b2674f3,True,3
11319,6630,021026_ML.npy,2026-10-02,2026-10-02 23:55:17.192490,7C259E,P28A,PIPER AIRCRAFT CORP,PA-28-180,55b0a4ab628ed8576fee3652cdd4c34b7e1f931672900e62babe784f33ba3969,True,5
11320,6631,021026_ML.npy,2026-10-02,2026-10-02 23:55:18.727597,7C259E,P28A,PIPER AIRCRAFT CORP,PA-28-180,6c692f6a92ba702f6b5c8abf0d3002c6629df3bcb6517795cdb9f85bafd4a363,True,2
11321,6632,021026_ML.npy,2026-10-02,2026-10-02 23:55:18.730867,7C259E,P28A,PIPER AIRCRAFT CORP,PA-28-180,0cac051d70ed67e97bb16092b8ce69dceaedf4f973be0520e813c9d6874d0b7a,True,5
11322,6633,021026_ML.npy,2026-10-02,2026-10-02 23:55:20.153737,7C259E,P28A,PIPER AIRCRAFT CORP,PA-28-180,17e962c3d1a439e08de2f65ce05c2223577d661fe70a4d4de0564a3bcb40fdb7,True,2
11324,6635,021026_ML.npy,2026-10-02,2026-10-02 23:55:23.492062,7C259E,P28A,PIPER AIRCRAFT CORP,PA-28-180,7fd2a231de3d80c9e7ceb24d63ab59e6d8dcc3002a5bd8429b586f291c0190ac,True,1
11325,6636,021026_ML.npy,2026-10-02,2026-10-02 23:55:23.499010,7C259E,P28A,PIPER AIRCRAFT CORP,PA-28-180,35c73a58c8ca925678dc01e050a194f91774c6701935f0c98ade1bf0ec30f2f3,True,2
11326,6637,021026_ML.npy,2026-10-02,2026-10-02 23:55:24.438407,7C259E,P28A,PIPER AIRCRAFT CORP,PA-28-180,a01c687ff7c1ab1b55474921b171cee368dee60b3572f8b5602cf043b42eebe6,True,5
11327,6638,021026_ML.npy,2026-10-02,2026-10-02 23:55:24.445987,7C259E,P28A,PIPER AIRCRAFT CORP,PA-28-180,593002649c02f0e08f8d55a7123d9dec2a66ee9ab05684683c07b37be870e0f0,True,1
11328,6639,021026_ML.npy,2026-10-02,2026-10-02 23:55:26.492126,7C259E,P28A,PIPER AIRCRAFT CORP,PA-28-180,cd3724509647243e1d36ddb3e2d81ca575a6049b74255801f3471c7a8166350f,True,5
11329,6640,021026_ML.npy,2026-10-02,2026-10-02 23:55:27.408605,7C259E,P28A,PIPER AIRCRAFT CORP,PA-28-180,3b9380a553340d4140aef414ff769d6fa4365ad2fa7bffb5e4575b26421cfac6,True,5
11330,6641,021026_ML.npy,2026-10-02,2026-10-02 23:55:27.416363,7C259E,P28A,PIPER AIRCRAFT CORP,PA-28-180,6369620cec639248ef7809fff56c5625f321c25fefc67a3005d40c9eff1ff6d6,True,5
11331,6642,021026_ML.npy,2026-10-02,2026-10-02 23:55:29.024937,7C259E,P28A,PIPER AIRCRAFT CORP,PA-28-180,34a5d4976e233afdcf8aad944f4f6009311d5d4c864076b94cf1174be57b08b3,True,1
11332,6643,021026_ML.npy,2026-10-02,2026-10-02 23:55:29.942282,7C259E,P28A,PIPER AIRCRAFT CORP,PA-28-180,17e962c3d1a439e08de2f65ce05c2223577d661fe70a4d4de0564a3bcb40fdb7,True,4
11333,6644,021026_ML.npy,2026-10-02,2026-10-02 23:55:30.538776,7C259E,P28A,PIPER AIRCRAFT CORP,PA-28-180,ec42ebcc538ada17315e6e172276c792dc244255ae8d93d5d2bd39e3dbc907c4,True,2
11334,6645,021026_ML.npy,2026-10-02,2026-10-02 23:55:33.522292,7C259E,P28A,PIPER AIRCRAFT CORP,PA-28-180,cec8c068768e479f7069aa45af4c9fec83f36722dcde0fe74c8ba73d430e32ae,True,4
11335,6646,021026_ML.npy,2026-10-02,2026-10-02 23:55:33.966335,7C259E,P28A,PIPER AIRCRAFT CORP,PA-28-180,cd3724509647243e1d36ddb3e2d81ca575a6049b74255801f3471c7a8166350f,True,4
11336,6647,021026_ML.npy,2026-10-02,2026-10-02 23:55:34.633149,7C259E,P28A,PIPER AIRCRAFT CORP,PA-28-180,673ded0f8e2a51afe9d27bfa521b8f1d7d0e476cdebe7627d9c1b75df0ea8b05,True,3
11337,6648,021026_ML.npy,2026-10-02,2026-10-02 23:55:35.991509,7C259E,P28A,PIPER AIRCRAFT CORP,PA-28-180,8ea687fcb6b03b69950e35c11786ee77430123b2e469b87bed45914a7a8f6ed5,True,5
11338,6649,021026_ML.npy,2026-10-02,2026-10-02 23:55:35.995399,7C259E,P28A,PIPER AIRCRAFT CORP,PA-28-180,cf2f8fdd582da64f1bd4b98eb99099b2ea3bb5e867315bba4e672c1937bf86d4,True,3
11339,6650,021026_ML.npy,2026-10-02,2026-10-02 23:55:38.464865,7C259E,P28A,PIPER AIRCRAFT CORP,PA-28-180,fc22f34b4be851c63152a9fd9ab6903b2266d3a106b0c2cc94fa6a30dc21b516,True,5
11340,6651,021026_ML.npy,2026-10-02,2026-10-02 23:55:40.936532,7C259E,P28A,PIPER AIRCRAFT CORP,PA-28-180,42478227cf28acb81c41a2932b2ecfddc50495de36081568b05a6a178dd67a84,True,4
11341,6652,021026_ML.npy,2026-10-02,2026-10-02 23:55:42.852350,7C259E,P28A,PIPER AIRCRAFT CORP,PA-28-180,09b73abd4bb8a01f7ab793c0459574e8648f06f8569835150e8c19b8b23e4ef8,True,1
11342,6653,021026_ML.npy,2026-10-02,2026-10-02 23:55:42.858428,7C259E,P28A,PIPER AIRCRAFT CORP,PA-28-180,6ec487ef1d18780607a42fad160490f2cb38d24fbdf49bfa077dd832284e259b,True,1
11343,6654,021026_ML.npy,2026-10-02,2026-10-02 23:55:43.270075,7C259E,P28A,PIPER AIRCRAFT CORP,PA-28-180,45f0be2ab10dd11f8c2dba9f913a512b0b78364ca291659be7b3efc34f155289,True,2
11344,6655,021026_ML.npy,2026-10-02,2026-10-02 23:55:43.275739,7C259E,P28A,PIPER AIRCRAFT CORP,PA-28-180,67e3adc6b8984002e368671032a57ee5c62f7a864c5eaccee7df42bbef876434,True,1
11345,6656,021026_ML.npy,2026-10-02,2026-10-02 23:55:44.774943,7C259E,P28A,PIPER AIRCRAFT CORP,PA-28-180,793084ce82ef0a0416f6b9d35346fc88fc9bfb37284950891449b1f7b2fec1c7,True,5
11346,6657,021026_ML.npy,2026-10-02,2026-10-02 23:55:45.256534,7C259E,P28A,PIPER AIRCRAFT CORP,PA-28-180,67eacadafddae0344fded1f651e94e61a6ed7b8c8ef65a1cc3a65c5389f2f38b,True,5
11347,6658,021026_ML.npy,2026-10-02,2026-10-02 23:55:45.262821,7C259E,P28A,PIPER AIRCRAFT CORP,PA-28-180,c07893c415ab393da28f618ebb1022ddceb5b4aba69dd82150ac4224a44450e8,True,5
11348,6659,021026_ML.npy,2026-10-02,2026-10-02 23:55:45.720150,7C259E,P28A,PIPER AIRCRAFT CORP,PA-28-180,41d967798f18f86c058d932518a506e89a2e0777011ebbc064bfb4c8a29b4767,True,4
11349,6660,021026_ML.npy,2026-10-02,2026-10-02 23:55:45.724008,7C259E,P28A,PIPER AIRCRAFT CORP,PA-28-180,44976eae846b51e59ffcc74b2df406cb366cf029a1bce764b9154301e2214703,True,1
11350,6661,021026_ML.npy,2026-10-02,2026-10-02 23:55:47.058021,7C259E,P28A,PIPER AIRCRAFT CORP,PA-28-180,038f86ce80b9d92b3ed962415dfab703e3be2676ccbd96ff7d24debb2450e063,True,3
11351,6662,021026_ML.npy,2026-10-02,2026-10-02 23:55:47.063392,7C259E,P28A,PIPER AIRCRAFT CORP,PA-28-180,8ee935f80a917b1c4ecf17a92f6cbb1f01679ad0b3a5a259553221b9e40cc9f2,True,3
11352,6663,021026_ML.npy,2026-10-02,2026-10-02 23:55:47.871341,7C259E,P28A,PIPER AIRCRAFT CORP,PA-28-180,74b8cd0135e3f4912324fbaea3df475ae97a146933f7dcc5bee40fa33bdac513,True,3
11353,6664,021026_ML.npy,2026-10-02,2026-10-02 23:55:51.811560,7C259E,P28A,PIPER AIRCRAFT CORP,PA-28-180,a5d304c5a91d6f7c7ffaa73ddb6a8c48dfcb69a1fdce6bdf767d2f4a3249d505,True,3
11354,6665,021026_ML.npy,2026-10-02,2026-10-02 23:55:51.815402,7C259E,P28A,PIPER AIRCRAFT CORP,PA-28-180,efb4e5a0a6778990220eee197e55c18a21ce1b74b60ee49d49ef519f07c12294,True,2
11355,6666,021026_ML.npy,2026-10-02,2026-10-02 23:55:54.963298,7C259E,P28A,PIPER AIRCRAFT CORP,PA-28-180,17e962c3d1a439e08de2f65ce05c2223577d661fe70a4d4de0564a3bcb40fdb7,True,5
11356,6667,021026_ML.npy,2026-10-02,2026-10-02 23:55:56.689173,7C259E,P28A,PIPER AIRCRAFT CORP,PA-28-180,27fbd3f1615ca82ba8d2c8fb8393be93914db15bef251200fcd1bd1475b0fdc6,True,4
11357,6668,021026_ML.npy,2026-10-02,2026-10-02 23:55:56.693065,7C259E,P28A,PIPER AIRCRAFT CORP,PA-28-180,5500b41ba6e06c8adeaa8eb47ce3855171f40240622e1e5b8e53f6c53ec88b9d,True,1
11358,6669,021026_ML.npy,2026-10-02,2026-10-02 23:56:13.151128,7C259E,P28A,PIPER AIRCRAFT CORP,PA-28-180,baf5c23498413b7bf5395832fcad6859762e75ce22fb9864f9857ec5bede6525,True,5
11359,6670,021026_ML.npy,2026-10-02,2026-10-02 23:56:13.156668,7C259E,P28A,PIPER AIRCRAFT CORP,PA-28-180,1d6882a8cec2fa92868d27b46e471c07ab1cb4a815490fc3476a18cf2c8cf80e,True,2
11360,6671,021026_ML.npy,2026-10-02,2026-10-02 23:56:13.608948,7C259E,P28A,PIPER AIRCRAFT CORP,PA-28-180,022f0b780c5df0bd975cd6f1fbad7bc3b39305e58ab6a27962838e437d52aff1,True,5
11361,6672,021026_ML.npy,2026-10-02,2026-10-02 23:56:13.615391,7C259E,P28A,PIPER AIRCRAFT CORP,PA-28-180,61fd41c0dad25364fdea03f9f25d0cafcc437c8e80a15bf8fbe05c4d986446c0,True,3
11362,6673,021026_ML.npy,2026-10-02,2026-10-02 23:56:39.765729,7C259E,P28A,PIPER AIRCRAFT CORP,PA-28-180,0c5271b3cfcd87296376ee02518d00deb4d696bc4a4cef1ee84cb96e86910c50,True,3
11363,6674,021026_ML.npy,2026-10-03,2026-10-03 00:00:13.298661,7C259E,P28A,PIPER AIRCRAFT CORP,PA-28-180,35a9d6efdd97d63c942a86e4cd93dd6de88b95d657ee234c53cd5f0ba2d15c16,True,3
11364,6675,021026_ML.npy,2026-10-03,2026-10-03 00:00:17.290394,7C259E,P28A,PIPER AIRCRAFT CORP,PA-28-180,702d9e5a1e564c2753475b4e797863885fdcf80d172b24785be57f15b12aa5c6,True,5
11365,6676,021026_ML.npy,2026-10-03,2026-10-03 00:00:23.415373,7C259E,P28A,PIPER AIRCRAFT CORP,PA-28-180,d3deb55b0a1a2d3e5cabbdec676becda9eac8acb3d6e0427411dd2ac786241d5,True,5
11366,6677,021026_ML.npy,2026-10-03,2026-10-03 00:00:24.861264,7C259E,P28A,PIPER AIRCRAFT CORP,PA-28-180,d23685e023d5c914375a5823d826842c76aa8fe34d07ec992cbec8478ed8ff37,True,4
11367,6678,021026_ML.npy,2026-10-03,2026-10-03 00:00:25.389810,7C259E,P28A,PIPER AIRCRAFT CORP,PA-28-180,7df54056749728a8fc58f9685effccfe72183c685948356b418632724967f6f1,True,2
11368,6679,021026_ML.npy,2026-10-03,2026-10-03 00:00:28.465811,7C259E,P28A,PIPER AIRCRAFT CORP,PA-28-180,39ecfd81c2e1f43c5d82b0ff2f494de34fc024de513434facabcb12f228fa715,True,4
11369,6680,021026_ML.npy,2026-10-03,2026-10-03 00:00:35.412650,7C259E,P28A,PIPER AIRCRAFT CORP,PA-28-180,ed70ba8c30f1a4f13c5ded59df6f3b300d4b3d87315368086cb73b20072a189a,True,3
11370,6681,021026_ML.npy,2026-10-03,2026-10-03 00:00:35.416417,7C259E,P28A,PIPER AIRCRAFT CORP,PA-28-180,6a21b176d5765557475a5a7e2667cfcfe34255c1fc666cc9d04243888f305df1,True,1
11371,6682,021026_ML.npy,2026-10-03,2026-10-03 00:00:37.524445,7C259E,P28A,PIPER AIRCRAFT CORP,PA-28-180,aee94c2f86987a43631d2ca19e1aebd00b4dd825185a6a03d2a8c4b06097f895,True,3
11372,6683,021026_ML.npy,2026-10-03,2026-10-03 00:00:42.323829,7C259E,P28A,PIPER AIRCRAFT CORP,PA-28-180,7c8517c475457bb0fb8e0ce9c72a56fc213fc5f1a62ad3a5dfbf351cee69d216,True,3
11373,6684,021026_ML.npy,2026-10-03,2026-10-03 00:00:42.600096,7C259E,P28A,PIPER AIRCRAFT CORP,PA-28-180,cd3724509647243e1d36ddb3e2d81ca575a6049b74255801f3471c7a8166350f,True,1
11374,6685,021026_ML.npy,2026-10-03,2026-10-03 00:00:42.865522,7C259E,P28A,PIPER AIRCRAFT CORP,PA-28-180,1b43e918e6465f96a7499c38b34888142b768021826fa006366f0fdf7bc503d0,True,2
11375,6686,021026_ML.npy,2026-10-03,2026-10-03 00:00:43.447184,7C259E,P28A,PIPER AIRCRAFT CORP,PA-28-180,3ffddc2f28898137db2357cfc782824e1a9e72905d341e5ec4a7ac43eb28eeb9,True,3
11376,6687,021026_ML.npy,2026-10-03,2026-10-03 00:00:43.451671,7C259E,P28A,PIPER AIRCRAFT CORP,PA-28-180,5f32369d1359253e0e48b649a20c3c776331e3fa5ba43bed374281990e446a5c,True,2
11377,6688,021026_ML.npy,2026-10-03,2026-10-03 00:00:45.400496,7C259E,P28A,PIPER AIRCRAFT CORP,PA-28-180,f6d550c6e1b4a95c614032341cc7e78f9dde8f0e765378a6f023670ae6c67388,True,4
11378,6689,021026_ML.npy,2026-10-03,2026-10-03 00:00:45.676243,7C259E,P28A,PIPER AIRCRAFT CORP,PA-28-180,0c5271b3cfcd87296376ee02518d00deb4d696bc4a4cef1ee84cb96e86910c50,True,3
11379,6690,021026_ML.npy,2026-10-03,2026-10-03 00:00:48.966375,7C259E,P28A,PIPER AIRCRAFT CORP,PA-28-180,a724735870de0affde798a40d4db05f923ebc469c4df5ae9cf96e2d6e9b997be,True,3
11380,6691,021026_ML.npy,2026-10-03,2026-10-03 00:00:48.973218,7C259E,P28A,PIPER AIRCRAFT CORP,PA-28-180,97d0e62efca2f1bed00ca10dd0375abc2059b43892d8e17e7d2a3565768dd49e,True,3
11381,6692,021026_ML.npy,2026-10-03,2026-10-03 00:00:50.559475,7C259E,P28A,PIPER AIRCRAFT CORP,PA-28-180,9fd3f026cba9d853fb23f4eeaafa339041772dd50af1c7dbb7156db9655d5fec,True,1
11382,6693,021026_ML.npy,2026-10-03,2026-10-03 00:00:57.624065,7C259E,P28A,PIPER AIRCRAFT CORP,PA-28-180,cd3724509647243e1d36ddb3e2d81ca575a6049b74255801f3471c7a8166350f,True,1
11383,6694,021026_ML.npy,2026-10-03,2026-10-03 00:00:58.511411,7C259E,P28A,PIPER AIRCRAFT CORP,PA-28-180,d3bc434e34394a757c0f690f90e0e804edf913eed6c1e19b9e6d91cf46c7b64b,True,3
11384,6695,021026_ML.npy,2026-10-03,2026-10-03 00:00:58.518056,7C259E,P28A,PIPER AIRCRAFT CORP,PA-28-180,7d2523f239f3fef44f939639d1971bdcc9644c436e0e5c3e48c3823ad241438c,True,4
11385,6696,021026_ML.npy,2026-10-03,2026-10-03 00:00:59.047503,7C259E,P28A,PIPER AIRCRAFT CORP,PA-28-180,fdf50cd870f77c14aa917c891c3daeb8a0d978c7ae650f1fafbd43d77e203342,True,2
11386,6697,021026_ML.npy,2026-10-03,2026-10-03 00:01:03.883014,7C259E,P28A,PIPER AIRCRAFT CORP,PA-28-180,b579754f6b3c22a74bef4f045587ba8258c5420f080fb84a2fd0798ab423a848,True,5
11387,6698,021026_ML.npy,2026-10-03,2026-10-03 00:01:04.925293,7C259E,P28A,PIPER AIRCRAFT CORP,PA-28-180,f9e56acc723371acc1dd6653fd530fc6c888a7fb7930c8b281e9c99dbeaff55e,True,4
11388,6699,021026_ML.npy,2026-10-03,2026-10-03 00:01:05.798955,7C259E,P28A,PIPER AIRCRAFT CORP,PA-28-180,c8a9bb250ecfdacf3ff7e46aadafc55775ca22396882851cd4c7603e14344595,True,2
11389,6700,021026_ML.npy,2026-10-03,2026-10-03 00:01:05.805532,7C259E,P28A,PIPER AIRCRAFT CORP,PA-28-180,ea5756c470a10044159101ff625d520c252344913f5a016656656da2b9c422ac,True,4
11390,6701,021026_ML.npy,2026-10-03,2026-10-03 00:01:07.174770,7C259E,P28A,PIPER AIRCRAFT CORP,PA-28-180,c0f8dcc5c03d8a709a7d14a157e1cf1ecc8b5a71f5baf63653d83766d938102e,True,4
11391,6702,021026_ML.npy,2026-10-03,2026-10-03 00:01:09.758124,7C259E,P28A,PIPER AIRCRAFT CORP,PA-28-180,31321444f9a41ad42e4107d58289551d794c41456c7b59fe2563de6d71124766,True,3
11392,6703,021026_ML.npy,2026-10-03,2026-10-03 00:01:10.107333,7C259E,P28A,PIPER AIRCRAFT CORP,PA-28-180,cd3724509647243e1d36ddb3e2d81ca575a6049b74255801f3471c7a8166350f,True,3
11393,6704,021026_ML.npy,2026-10-03,2026-10-03 00:01:10.546299,7C259E,P28A,PIPER AIRCRAFT CORP,PA-28-180,17e962c3d1a439e08de2f65ce05c2223577d661fe70a4d4de0564a3bcb40fdb7,True,1
11394,6705,021026_ML.npy,2026-10-03,2026-10-03 00:01:11.370317,7C259E,P28A,PIPER AIRCRAFT CORP,PA-28-180,3343690fa8f9be66de45aa4fa288f9951653d2f720d68adffb8207ec003300a5,True,4
11395,6706,021026_ML.npy,2026-10-03,2026-10-03 00:01:14.491548,7C259E,P28A,PIPER AIRCRAFT CORP,PA-28-180,e599bd1364b6cd37ce094164e78480f612462842fb7e9b4b52855a87ab2c79f2,True,1
11396,6707,021026_ML.npy,2026-10-03,2026-10-03 00:01:14.893837,7C259E,P28A,PIPER AIRCRAFT CORP,PA-28-180,8a999df492e3c13194d4106b01d8d438ee5ff0e28207501b1f75ff4f2c9b1e7f,True,3
11397,6708,021026_ML.npy,2026-10-03,2026-10-03 00:01:14.899357,7C259E,P28A,PIPER AIRCRAFT CORP,PA-28-180,28daf9da53fb65ea1edef709f7cc97db8a25ae13eaa3e386c9c730b106dfbb1b,True,4
11398,6709,021026_ML.npy,2026-10-03,2026-10-03 00:01:15.769659,7C259E,P28A,PIPER AIRCRAFT CORP,PA-28-180,d2f6dcee48f16d1d13c230e5fe3e9bbd679de596c5d5ae3b85a2d28fc54c076a,True,1
11399,6710,021026_ML.npy,2026-10-03,2026-10-03 00:01:15.776704,7C259E,P28A,PIPER AIRCRAFT CORP,PA-28-180,31d253896773fd017614d9d3cd4e97d5a0761a4282cf4d9c2bab7650eb5ffeb5,True,1
11400,6711,021026_ML.npy,2026-10-03,2026-10-03 00:01:18.249969,7C259E,P28A,PIPER AIRCRAFT CORP,PA-28-180,ce52c4667891d8fc70fc089592aa61969cad97a119916245d76acaf34b0c6076,True,3
11401,6712,021026_ML.npy,2026-10-03,2026-10-03 00:01:22.171146,7C259E,P28A,PIPER AIRCRAFT CORP,PA-28-180,8166c98d12f7f1afee67655501ad69a770e524d7d6f05509b93991b26da61ad8,True,4
11402,6713,021026_ML.npy,2026-10-03,2026-10-03 00:01:22.652364,7C259E,P28A,PIPER AIRCRAFT CORP,PA-28-180,cd3724509647243e1d36ddb3e2d81ca575a6049b74255801f3471c7a8166350f,True,2
11403,6714,021026_ML.npy,2026-10-03,2026-10-03 00:01:38.279441,7C259E,P28A,PIPER AIRCRAFT CORP,PA-28-180,6c1345f9f5707631b8a850414f1d66b28f9018709129c8128af88f7f06e3e535,True,1
11404,6715,021026_ML.npy,2026-10-03,2026-10-03 00:01:38.283272,7C259E,P28A,PIPER AIRCRAFT CORP,PA-28-180,bd92593bdd2bc655befd669472426efa5ade7c111199fb37e08c3cf8d1256663,True,5
11405,6716,021026_ML.npy,2026-10-03,2026-10-03 00:05:20.181945,7C259E,P28A,PIPER AIRCRAFT CORP,PA-28-180,ef066486827d1bbeb5aa718ae4463b81a8d9d75f391dda946d6ec71e15f77bf9,True,5
11406,6717,021026_ML.npy,2026-10-03,2026-10-03 00:05:20.185757,7C259E,P28A,PIPER AIRCRAFT CORP,PA-28-180,2c71786dbf01ad9dacd2122f8b8dc4860868a7fe4f9656808dfd71e42ea16055,True,4
11407,6718,021026_ML.npy,2026-10-03,2026-10-03 00:05:24.356280,7C259E,P28A,PIPER AIRCRAFT CORP,PA-28-180,8b5ae9ec720a176438bc69b01d93456130fc8d8a1c5db406e57a8403d0c212a0,True,5
11408,6719,021026_ML.npy,2026-10-03,2026-10-03 00:05:27.325860,7C259E,P28A,PIPER AIRCRAFT CORP,PA-28-180,a91bb493a63659eaa948afe103c4cfcbf3cd500e3e60ca6c9a053ce17d49104b,True,2
11409,6720,021026_ML.npy,2026-10-03,2026-10-03 00:05:27.331578,7C259E,P28A,PIPER AIRCRAFT CORP,PA-28-180,f7fdb5d8b07667a35e258af2326c8b67ae5f37f081acdc32c8d9b323f9a783ac,True,5
11410,6721,021026_ML.npy,2026-10-03,2026-10-03 00:05:29.258469,7C259E,P28A,PIPER AIRCRAFT CORP,PA-28-180,7b630cbe987ed9b2357e67cb901ec48e3260c74f2ac11093d5b4ec9e26cca6d8,True,5
11411,6722,021026_ML.npy,2026-10-03,2026-10-03 00:05:29.689776,7C259E,P28A,PIPER AIRCRAFT CORP,PA-28-180,00dea12ff1089ffe5c96560a23b0f728559da3cd5d725a9c6960222607f47691,True,3
11412,6723,021026_ML.npy,2026-10-03,2026-10-03 00:05:30.767376,7C259E,P28A,PIPER AIRCRAFT CORP,PA-28-180,aedcb848ba122b48ac61376fbbe037097386f1599cc7a7f80a04e527e2c4560b,True,1
11413,6724,021026_ML.npy,2026-10-03,2026-10-03 00:05:30.770954,7C259E,P28A,PIPER AIRCRAFT CORP,PA-28-180,b972a65603b1c93f1e5954d6a206bbec88ad16a99476a3b462516b7f06a28f65,True,4
11414,6725,021026_ML.npy,2026-10-03,2026-10-03 00:05:31.193455,7C259E,P28A,PIPER AIRCRAFT CORP,PA-28-180,d34c07c4c4fdfd1670f96edb625bee32b6ac4218261af312aad0acaca9022dca,True,4
11415,6726,021026_ML.npy,2026-10-03,2026-10-03 00:05:32.184576,7C259E,P28A,PIPER AIRCRAFT CORP,PA-28-180,f355316bc5296f4dfe6c56f0827adf801a3fe993bd8cde96845473e73df3f014,True,4
11416,6727,021026_ML.npy,2026-10-03,2026-10-03 00:05:34.216099,7C259E,P28A,PIPER AIRCRAFT CORP,PA-28-180,89a07d452d07348dfed8a441cf9ebf8e556ae588bc1faaf4a28aee4f79c6fbcd,True,2
11417,6728,021026_ML.npy,2026-10-03,2026-10-03 00:05:34.723172,7C259E,P28A,PIPER AIRCRAFT CORP,PA-28-180,a1a4a57465a82d9d7ad822f690a9ce007fd2b028b8f06b66619f3713a230522f,True,3
11418,6729,021026_ML.npy,2026-10-03,2026-10-03 00:05:35.154918,7C259E,P28A,PIPER AIRCRAFT CORP,PA-28-180,923958cb1487f4c8f3eab555563fcf9faf069d3271a2706000adc362d6783bec,True,4
11419,6730,021026_ML.npy,2026-10-03,2026-10-03 00:05:35.654624,7C259E,P28A,PIPER AIRCRAFT CORP,PA-28-180,c86f8395acb10e39ed5f5596375ecb7972396262119b4cd615d535efd9b837d4,True,5
11420,6731,021026_ML.npy,2026-10-03,2026-10-03 00:05:36.624540,7C259E,P28A,PIPER AIRCRAFT CORP,PA-28-180,6493d9951a5eab60dd31872858062139e523d031dbd642ed761b5e238a97545c,True,3
11421,6732,021026_ML.npy,2026-10-03,2026-10-03 00:05:38.496512,7C259E,P28A,PIPER AIRCRAFT CORP,PA-28-180,5aadf73f6cdd8fdb73a43b013cc43a8998a42e9068b8da82c9cbc99494782e0e,True,5
11422,6733,021026_ML.npy,2026-10-03,2026-10-03 00:05:38.503647,7C259E,P28A,PIPER AIRCRAFT CORP,PA-28-180,07b28be76b22d1be20f687600f91150631953f402ab752934d1df9c03654a3cf,True,5
11423,6734,021026_ML.npy,2026-10-03,2026-10-03 00:05:39.478769,7C259E,P28A,PIPER AIRCRAFT CORP,PA-28-180,3b7685a410df6e4ff2a4b20ebd5c13b73df9f2f425d08c9e20f478d954a6ef84,True,4
11424,6735,021026_ML.npy,2026-10-03,2026-10-03 00:05:40.824721,7C259E,P28A,PIPER AIRCRAFT CORP,PA-28-180,b989ff2768429c1b3af5cf8ee6e378ac53cd2b8ecba92c3c6de3c03a8d6fc68a,True,1
11425,6736,021026_ML.npy,2026-10-03,2026-10-03 00:05:42.576508,7C259E,P28A,PIPER AIRCRAFT CORP,PA-28-180,187c2bff76c907860a504d0931adb7014d85f3d71efded30cb0f16cb9cf20540,True,2
11426,6737,021026_ML.npy,2026-10-03,2026-10-03 00:05:45.072115,7C259E,P28A,PIPER AIRCRAFT CORP,PA-28-180,727b8eb07a5bd9a995cdd9be042a5688870772a5ed172f5e53bdcbaf2a1e731c,True,2
11427,6738,021026_ML.npy,2026-10-03,2026-10-03 00:05:45.591494,7C259E,P28A,PIPER AIRCRAFT CORP,PA-28-180,cd3724509647243e1d36ddb3e2d81ca575a6049b74255801f3471c7a8166350f,True,4
11428,6739,021026_ML.npy,2026-10-03,2026-10-03 00:05:47.534497,7C259E,P28A,PIPER AIRCRAFT CORP,PA-28-180,4f694a155d5a79e8aa0022039ca57f1dccc8ee032aa582940319f0b162e9a1a3,True,1
11429,6740,021026_ML.npy,2026-10-03,2026-10-03 00:05:47.538290,7C259E,P28A,PIPER AIRCRAFT CORP,PA-28-180,7a5a976ec6b90de3ddaab20e9357de125c7710c5df852b13e5db8bc7976f76ba,True,2
11430,6741,021026_ML.npy,2026-10-03,2026-10-03 00:05:50.595111,7C259E,P28A,PIPER AIRCRAFT CORP,PA-28-180,cd3724509647243e1d36ddb3e2d81ca575a6049b74255801f3471c7a8166350f,True,4
11431,6742,021026_ML.npy,2026-10-03,2026-10-03 00:05:51.085052,7C259E,P28A,PIPER AIRCRAFT CORP,PA-28-180,0c5271b3cfcd87296376ee02518d00deb4d696bc4a4cef1ee84cb96e86910c50,True,4
11432,6743,021026_ML.npy,2026-10-03,2026-10-03 00:05:52.955183,7C259E,P28A,PIPER AIRCRAFT CORP,PA-28-180,ab043b9ba64590b40bc1bcf5538bead672aacbfc730d6088d0bc46552cb8153e,True,2
11433,6744,021026_ML.npy,2026-10-03,2026-10-03 00:05:52.961137,7C259E,P28A,PIPER AIRCRAFT CORP,PA-28-180,d86117c54030488d76b80f58ec75ef31be1485e1f46e886861af83f23bd57860,True,1
11434,6745,021026_ML.npy,2026-10-03,2026-10-03 00:05:53.519755,7C259E,P28A,PIPER AIRCRAFT CORP,PA-28-180,a7f30415c6a78fbdf5a2633286136c296667593bc078b1c9d84c89ec6f879a16,True,1
11435,6746,021026_ML.npy,2026-10-03,2026-10-03 00:05:55.436386,7C259E,P28A,PIPER AIRCRAFT CORP,PA-28-180,4b281e2ce9cba47fe2176e8e1ba0c73c3e366bb5845b6f37f04ee86fd100c104,True,3
11436,6747,021026_ML.npy,2026-10-03,2026-10-03 00:05:55.440235,7C259E,P28A,PIPER AIRCRAFT CORP,PA-28-180,6e36bc3e35072475de3cbbf7ee6d4566b11fb38f7d015c59fdf02a17723e63ad,True,3
11437,6748,021026_ML.npy,2026-10-03,2026-10-03 00:05:55.672422,7C259E,P28A,PIPER AIRCRAFT CORP,PA-28-180,cd3724509647243e1d36ddb3e2d81ca575a6049b74255801f3471c7a8166350f,True,3
11438,6749,021026_ML.npy,2026-10-03,2026-10-03 00:05:55.875523,7C259E,P28A,PIPER AIRCRAFT CORP,PA-28-180,17e962c3d1a439e08de2f65ce05c2223577d661fe70a4d4de0564a3bcb40fdb7,True,4
11439,6750,021026_ML.npy,2026-10-03,2026-10-03 00:05:56.367323,7C259E,P28A,PIPER AIRCRAFT CORP,PA-28-180,a3d547e62ec0bf55252578cd784e73ad217c4cd785f93199281eb09110e21686,True,4
11440,6751,021026_ML.npy,2026-10-03,2026-10-03 00:05:58.526507,7C259E,P28A,PIPER AIRCRAFT CORP,PA-28-180,1a7c65ea015f0fd1ed2115d5f83cafa92b02d8685913647427d4930a9c45b394,True,2
11441,6752,021026_ML.npy,2026-10-03,2026-10-03 00:05:58.533602,7C259E,P28A,PIPER AIRCRAFT CORP,PA-28-180,62546f13987b4ef49237768e3d3fee8dd840e190f8ee178be56e41f2848748cb,True,5
11442,6753,021026_ML.npy,2026-10-03,2026-10-03 00:06:01.632845,7C259E,P28A,PIPER AIRCRAFT CORP,PA-28-180,a68aa6f029dac8bdef785d5242d69757a51f678d5967f56883544f7f82a69e0c,True,3
11443,6754,021026_ML.npy,2026-10-03,2026-10-03 00:06:03.231264,7C259E,P28A,PIPER AIRCRAFT CORP,PA-28-180,971e60f97f4c360a64c0faec372ffd119deebfb98e56a48c7e3cd05dc83f348c,True,2
11444,6755,021026_ML.npy,2026-10-03,2026-10-03 00:06:03.237041,7C259E,P28A,PIPER AIRCRAFT CORP,PA-28-180,e2725fdf7854ceffbdbd441a10a9a9224913400d2fd936ae1313c457c4584a6f,True,1
11445,6756,021026_ML.npy,2026-10-03,2026-10-03 00:06:04.373916,7C259E,P28A,PIPER AIRCRAFT CORP,PA-28-180,8a406ee118663447cd706f939a403101820555a0db4d7f493d3984858b1af785,True,5
11446,6757,021026_ML.npy,2026-10-03,2026-10-03 00:06:04.377439,7C259E,P28A,PIPER AIRCRAFT CORP,PA-28-180,7fe7f906407220206a3b979a06263b032da9885d8f50bcad8ead0c40be28f26f,True,4
11447,6758,021026_ML.npy,2026-10-03,2026-10-03 00:06:05.507023,7C259E,P28A,PIPER AIRCRAFT CORP,PA-28-180,26d2df4da1ad366019169a2891c1f7d34b4789dcadcfc28008df63e31333c5b5,True,1
11448,6759,021026_ML.npy,2026-10-03,2026-10-03 00:06:05.513118,7C259E,P28A,PIPER AIRCRAFT CORP,PA-28-180,056e09b57cc40a4584e8fe614e1db5beb8aaa0a1e008a084149a76b7bffe4dfa,True,1
11449,6760,021026_ML.npy,2026-10-03,2026-10-03 00:06:05.959268,7C259E,P28A,PIPER AIRCRAFT CORP,PA-28-180,864862a0834c1d6126b7ff54fc0c7cff0e0874c3d618bc3edac9a3396cb4c67d,True,1
11450,6761,021026_ML.npy,2026-10-03,2026-10-03 00:06:08.251363,7C259E,P28A,PIPER AIRCRAFT CORP,PA-28-180,dbba2db59c6e1e26487aa2fa23da0bbdf1022033cad3892d0013fe298bf9489e,True,2
11451,6762,021026_ML.npy,2026-10-03,2026-10-03 00:06:08.256932,7C259E,P28A,PIPER AIRCRAFT CORP,PA-28-180,8ef2ed89d47a7cc3b29a600041a851880b0e7a6e47700cebc5d52d8bd24d3e70,True,4
11452,6763,021026_ML.npy,2026-10-03,2026-10-03 00:06:08.709260,7C259E,P28A,PIPER AIRCRAFT CORP,PA-28-180,8ebdcf82ffab2ec6c113b37427ed93131fcf45d895b724103cb0036ef1f09b96,True,2
11453,6764,021026_ML.npy,2026-10-03,2026-10-03 00:06:08.712898,7C259E,P28A,PIPER AIRCRAFT CORP,PA-28-180,c3dcd863b5443811b5a20958b0bf536b197dba5ae9faa6fcbff486bdbd31e908,True,5
11454,6765,021026_ML.npy,2026-10-03,2026-10-03 00:06:10.816608,7C259E,P28A,PIPER AIRCRAFT CORP,PA-28-180,887864a004c2252477213bf5cc0222321ee17b97ab5dff9ef9ca245a0503b85e,True,2
11455,6766,021026_ML.npy,2026-10-03,2026-10-03 00:06:10.824470,7C259E,P28A,PIPER AIRCRAFT CORP,PA-28-180,3ede33f669348e6edb3bc4bbca590af92a957a970d6ff8e394593c760393ad38,True,1
11456,6767,021026_ML.npy,2026-10-03,2026-10-03 00:06:11.797871,7C259E,P28A,PIPER AIRCRAFT CORP,PA-28-180,3056397fccd3522e6cc6e24e67ea73240da0c432f47e09255733311b9cdbb661,True,2
11457,6768,021026_ML.npy,2026-10-03,2026-10-03 00:06:11.801786,7C259E,P28A,PIPER AIRCRAFT CORP,PA-28-180,b4faee15757fb573a19fa5ce083c2c1ceb396ffa4878d06ca2ba7d5283531fdb,True,4
11458,6769,021026_ML.npy,2026-10-03,2026-10-03 00:06:12.329305,7C259E,P28A,PIPER AIRCRAFT CORP,PA-28-180,2db54e510825095173b0f23a961eae8e71239c08e25f5775e1b8d25520654180,True,4
11459,6770,021026_ML.npy,2026-10-03,2026-10-03 00:06:12.335032,7C259E,P28A,PIPER AIRCRAFT CORP,PA-28-180,b5779ced2d169f84c64f3d50e6bff0498307a23027060f067f91e88463935250,True,4
11460,6771,021026_ML.npy,2026-10-03,2026-10-03 00:06:15.944174,7C259E,P28A,PIPER AIRCRAFT CORP,PA-28-180,cb06cd4d09615a29780d0023d1bf5dbab62476ebce579534fc796054f3bda042,True,2
11461,6772,021026_ML.npy,2026-10-03,2026-10-03 00:06:15.949060,7C259E,P28A,PIPER AIRCRAFT CORP,PA-28-180,5d07a0815b1c76a63ec908454cd146d93608eabd15a187471f39d407054e4dea,True,2
11462,6773,021026_ML.npy,2026-10-03,2026-10-03 00:06:16.382700,7C259E,P28A,PIPER AIRCRAFT CORP,PA-28-180,0c5271b3cfcd87296376ee02518d00deb4d696bc4a4cef1ee84cb96e86910c50,True,2
11463,6774,021026_ML.npy,2026-10-03,2026-10-03 00:06:16.985786,7C259E,P28A,PIPER AIRCRAFT CORP,PA-28-180,c71876c895df4de7a44f28b8b5531a4240032ca2eca7f4c971cacf14ea3df011,True,5
11464,6775,021026_ML.npy,2026-10-03,2026-10-03 00:06:18.080885,7C259E,P28A,PIPER AIRCRAFT CORP,PA-28-180,681f099af2754c68ae28fa2b5f9abaa43e62d779b7f14c66d64839049402f900,True,5
11465,6776,021026_ML.npy,2026-10-03,2026-10-03 00:06:19.112614,7C259E,P28A,PIPER AIRCRAFT CORP,PA-28-180,91aedc18aeb1e2df207f65581653d6f001d7ade005a30a058a160a3656ed486b,True,3
11466,6777,021026_ML.npy,2026-10-03,2026-10-03 00:06:22.445530,7C259E,P28A,PIPER AIRCRAFT CORP,PA-28-180,bc3fbbf54c4c92423fa6563758196eec2c748457cd074fc717d339f77cf827df,True,1
11467,6778,021026_ML.npy,2026-10-03,2026-10-03 00:06:38.148958,7C259E,P28A,PIPER AIRCRAFT CORP,PA-28-180,654266feec84620423bb0aec2888744613e19b867a5995a07541bc8afada3e37,True,1
11468,6779,021026_ML.npy,2026-10-03,2026-10-03 00:06:38.156218,7C259E,P28A,PIPER AIRCRAFT CORP,PA-28-180,1b163f59a561b5aa87bd3e63f7720c1cd06fdff63dc3cde179d086f5c495ccba,True,5
11469,6780,021026_ML.npy,2026-10-03,2026-10-03 00:09:09.508504,7C259E,P28A,PIPER AIRCRAFT CORP,PA-28-180,ffce2d35440199481c98ed8893f12a92f01f46b145bc42277c52d1242420928c,True,2
11470,6781,021026_ML.npy,2026-10-03,2026-10-03 00:09:12.533522,7C259E,P28A,PIPER AIRCRAFT CORP,PA-28-180,c2c98fefc31259869b5626d261e6570a37cfa45415fe396bf62dac85868fc72a,True,5
11471,6782,021026_ML.npy,2026-10-03,2026-10-03 00:09:12.536450,7C259E,P28A,PIPER AIRCRAFT CORP,PA-28-180,c63c1bf1ed78f073c3fe6322b421e6d312cfa3a3282bcd8ad255038e3912deaf,True,1
11472,6783,021026_ML.npy,2026-10-03,2026-10-03 00:09:15.607235,7C259E,P28A,PIPER AIRCRAFT CORP,PA-28-180,ec9ea2aea1d986c53543d94c30f2c942eccd063c4cc63db7d7943160b550a5f3,True,2
11473,6784,021026_ML.npy,2026-10-03,2026-10-03 00:09:22.447596,7C259E,P28A,PIPER AIRCRAFT CORP,PA-28-180,3f5c589b7e81164a1c768a2a859337a6370c46481e0c194392d81abe31b2e610,True,5
11474,6785,021026_ML.npy,2026-10-03,2026-10-03 00:09:25.449446,7C259E,P28A,PIPER AIRCRAFT CORP,PA-28-180,490a6d20327de5cd00c57f1a228ac46d4bd20495a8e135ed3c03865f2885ef0a,True,5
11475,6786,021026_ML.npy,2026-10-03,2026-10-03 00:09:28.820855,7C259E,P28A,PIPER AIRCRAFT CORP,PA-28-180,cd3724509647243e1d36ddb3e2d81ca575a6049b74255801f3471c7a8166350f,True,4
11476,6787,021026_ML.npy,2026-10-03,2026-10-03 00:09:30.961489,7C259E,P28A,PIPER AIRCRAFT CORP,PA-28-180,0c5271b3cfcd87296376ee02518d00deb4d696bc4a4cef1ee84cb96e86910c50,True,3
11477,6788,021026_ML.npy,2026-10-03,2026-10-03 00:09:31.371870,7C259E,P28A,PIPER AIRCRAFT CORP,PA-28-180,cd3724509647243e1d36ddb3e2d81ca575a6049b74255801f3471c7a8166350f,True,1
11478,6789,021026_ML.npy,2026-10-03,2026-10-03 00:09:33.456111,7C259E,P28A,PIPER AIRCRAFT CORP,PA-28-180,1fd097f3dde3212d6580861a17b3a4fbe90c99c5b283af91731107037feb38a6,True,5
11479,6790,021026_ML.npy,2026-10-03,2026-10-03 00:09:36.152030,7C259E,P28A,PIPER AIRCRAFT CORP,PA-28-180,ee0fa53b4c4a3c84a68467b21b1cc3a3213a98d76907c8c6ad9b154cf9e77604,True,3
11480,6791,021026_ML.npy,2026-10-03,2026-10-03 00:09:36.160354,7C259E,P28A,PIPER AIRCRAFT CORP,PA-28-180,47c177066332cb2221d6bf824ce4ec7aeb1cb8b7bcb72b83ec3a96faa058586e,True,5
11481,6792,021026_ML.npy,2026-10-03,2026-10-03 00:09:38.080972,7C259E,P28A,PIPER AIRCRAFT CORP,PA-28-180,6932f3ef5734ff99797aeeb34c5644b73bb4ab34278a7f6adabeb2092a03f627,True,5
11482,6793,021026_ML.npy,2026-10-03,2026-10-03 00:09:38.085363,7C259E,P28A,PIPER AIRCRAFT CORP,PA-28-180,6d5abdfac90faa41051065746779c9270a74b51a9cf941804dcf9dcacb4f46ee,True,3
11483,6794,021026_ML.npy,2026-10-03,2026-10-03 00:09:38.541472,7C259E,P28A,PIPER AIRCRAFT CORP,PA-28-180,e0de9a560fb3b8d6f0e903dbbb45a5178e0456d797cabf8a24bcc928d050802e,True,4
11484,6795,021026_ML.npy,2026-10-03,2026-10-03 00:09:41.030118,7C259E,P28A,PIPER AIRCRAFT CORP,PA-28-180,17e962c3d1a439e08de2f65ce05c2223577d661fe70a4d4de0564a3bcb40fdb7,True,4
11485,6796,021026_ML.npy,2026-10-03,2026-10-03 00:09:41.067914,7C259E,P28A,PIPER AIRCRAFT CORP,PA-28-180,f8637e84a629ed19f538f0c4125f49d30ae45b5459ffaaf604b9237ebc1b1202,True,4
11486,6797,021026_ML.npy,2026-10-03,2026-10-03 00:09:41.071696,7C259E,P28A,PIPER AIRCRAFT CORP,PA-28-180,4fee22686dffdc505010ab0742f3068485bcec686a4cf91305648e2febc63b24,True,4
11487,6798,021026_ML.npy,2026-10-03,2026-10-03 00:09:45.814979,7C259E,P28A,PIPER AIRCRAFT CORP,PA-28-180,0c5271b3cfcd87296376ee02518d00deb4d696bc4a4cef1ee84cb96e86910c50,True,5
11488,6799,021026_ML.npy,2026-10-03,2026-10-03 00:09:46.949598,7C259E,P28A,PIPER AIRCRAFT CORP,PA-28-180,d3193647ba1b26d685df0ff629dcc93f65c4cd5b3e8f8d035106cf62809defdf,True,4
11489,6800,021026_ML.npy,2026-10-03,2026-10-03 00:09:50.640095,7C259E,P28A,PIPER AIRCRAFT CORP,PA-28-180,0c5271b3cfcd87296376ee02518d00deb4d696bc4a4cef1ee84cb96e86910c50,True,5
11490,6801,021026_ML.npy,2026-10-03,2026-10-03 00:09:51.840857,7C259E,P28A,PIPER AIRCRAFT CORP,PA-28-180,007aea24fc072dd694a3df3bdfcabd03b05e38e692f3dce5f8b2636ecd47ccc5,True,2
11491,6802,021026_ML.npy,2026-10-03,2026-10-03 00:09:53.544230,7C259E,P28A,PIPER AIRCRAFT CORP,PA-28-180,cd3724509647243e1d36ddb3e2d81ca575a6049b74255801f3471c7a8166350f,True,2
11492,6803,021026_ML.npy,2026-10-03,2026-10-03 00:09:59.213262,7C259E,P28A,PIPER AIRCRAFT CORP,PA-28-180,b76cc2859b900cf2130f351915a9d46c609b95b1e2bacd14128f7fc7d05da0fb,True,4
11493,6804,021026_ML.npy,2026-10-03,2026-10-03 00:09:59.747994,7C259E,P28A,PIPER AIRCRAFT CORP,PA-28-180,c1b615d4f8956fc6d810f886d12b96b11b785f3962691e94a33617fafedb96d7,True,5
11494,6805,021026_ML.npy,2026-10-03,2026-10-03 00:09:59.753781,7C259E,P28A,PIPER AIRCRAFT CORP,PA-28-180,ac69eea12f1aed8e5eed750b0c7e85086cc1af99746304ea551cfb5902728160,True,4
11495,6806,021026_ML.npy,2026-10-03,2026-10-03 00:10:02.311289,7C259E,P28A,PIPER AIRCRAFT CORP,PA-28-180,8fd8d77810ae291e06309a26e68204088730a6faa00dc08fb2f2d2d377b196ca,True,3
11496,6807,021026_ML.npy,2026-10-03,2026-10-03 00:10:03.585312,7C259E,P28A,PIPER AIRCRAFT CORP,PA-28-180,8272d2f4db6e1a22d750884f967aaf34cd868a16d1a827738ceea30a7bb38696,True,4
11497,6808,021026_ML.npy,2026-10-03,2026-10-03 00:10:13.595831,7C259E,P28A,PIPER AIRCRAFT CORP,PA-28-180,e0972ccca9e28a831c0f96a07f3b71b4e2825b065decd2d2da8dac85252df589,True,5
11498,6809,021026_ML.npy,2026-10-03,2026-10-03 00:10:13.601759,7C259E,P28A,PIPER AIRCRAFT CORP,PA-28-180,767ec23d29f9f5906fc12cc96c7943458a2f50f45980b849cb7e0626c1d6e80b,True,4
11546,6857,021026_ML.npy,2026-10-03,2026-10-03 00:28:42.279691,7C444D,P28A,PIPER AIRCRAFT CORP,PA-28-181,10984579257706ef1957a52aff6430264bc62559696625df06fc11b65911e42e,True,5
11547,6858,021026_ML.npy,2026-10-03,2026-10-03 00:28:44.437367,7C444D,P28A,PIPER AIRCRAFT CORP,PA-28-181,85466dcba63b3e1f05e087599a1d0153a27432222eaf1ddd9dab8626a8af4e6f,True,3
11548,6859,021026_ML.npy,2026-10-03,2026-10-03 00:28:46.108873,7C444D,P28A,PIPER AIRCRAFT CORP,PA-28-181,6eb4346b8911d82d0b2351e53e7e430b0bd84e0426f78ca93ad7adf1c7f318dd,True,3
11549,6860,021026_ML.npy,2026-10-03,2026-10-03 00:28:46.150814,7C444D,P28A,PIPER AIRCRAFT CORP,PA-28-181,0a712d93c3b436632b6313eca8379ae14858b33e3b9968582f2fdcbbff01ea49,True,4
11550,6861,021026_ML.npy,2026-10-03,2026-10-03 00:28:51.061537,7C444D,P28A,PIPER AIRCRAFT CORP,PA-28-181,5be34dedc8ac120558d1fea992e111f40f63fef03bd5ee6da216827e853129b1,True,2
11551,6862,021026_ML.npy,2026-10-03,2026-10-03 00:28:54.808972,7C444D,P28A,PIPER AIRCRAFT CORP,PA-28-181,8fefdcba7e888e61a1a1e2b974f5cc100c0c774a4ad45a4505b0286edff836b1,True,2
11552,6863,021026_ML.npy,2026-10-03,2026-10-03 00:28:55.722476,7C444D,P28A,PIPER AIRCRAFT CORP,PA-28-181,67d6ede9c85a8d1fe36733e1a86857f2b97311c64b40e0d329ee7f921e8b61a0,True,5
11553,6864,021026_ML.npy,2026-10-03,2026-10-03 00:28:56.264610,7C444D,P28A,PIPER AIRCRAFT CORP,PA-28-181,1fe5e70282b0af7db4ff66ddb53b59683f224a403106b0273146649219959085,True,5
11554,6865,021026_ML.npy,2026-10-03,2026-10-03 00:28:56.753933,7C444D,P28A,PIPER AIRCRAFT CORP,PA-28-181,d8ca3e90afb3bc1d4dca52ed572384b0662a75fc6da6c43081f935eb45116e9f,True,5
11555,6866,021026_ML.npy,2026-10-03,2026-10-03 00:29:00.431597,7C444D,P28A,PIPER AIRCRAFT CORP,PA-28-181,17f2354fa8d37c03965844ffe7b80f7c6c018f4333db25aec6ed9a460bea9a05,True,3
11556,6867,021026_ML.npy,2026-10-03,2026-10-03 00:29:01.135297,7C444D,P28A,PIPER AIRCRAFT CORP,PA-28-181,0a712d93c3b436632b6313eca8379ae14858b33e3b9968582f2fdcbbff01ea49,True,3
11557,6868,021026_ML.npy,2026-10-03,2026-10-03 00:29:02.408876,7C444D,P28A,PIPER AIRCRAFT CORP,PA-28-181,2285f80e695b28a0fe9d37ff49eff44350048244d571352460e3fdddbad8d5b7,True,4
11558,6869,021026_ML.npy,2026-10-03,2026-10-03 00:29:03.524800,7C444D,P28A,PIPER AIRCRAFT CORP,PA-28-181,6cfa0d57ce58b77555ca54831527f18c23329e21038d96554d66841b622aa657,True,3
11559,6870,021026_ML.npy,2026-10-03,2026-10-03 00:29:04.468570,7C444D,P28A,PIPER AIRCRAFT CORP,PA-28-181,440a88a2ba9bbec86cc60cc4d515120b1a50ce33322b4693b89b31302ed72468,True,1
11560,6871,021026_ML.npy,2026-10-03,2026-10-03 00:29:05.034172,7C444D,P28A,PIPER AIRCRAFT CORP,PA-28-181,b2ed44686ac325ef8882df83ddf07b729b9178e56d3ab19ddfaadaf366c15fd9,True,1
11561,6872,021026_ML.npy,2026-10-03,2026-10-03 00:29:11.146742,7C444D,P28A,PIPER AIRCRAFT CORP,PA-28-181,0a712d93c3b436632b6313eca8379ae14858b33e3b9968582f2fdcbbff01ea49,True,4
11562,6873,021026_ML.npy,2026-10-03,2026-10-03 00:29:15.402436,7C444D,P28A,PIPER AIRCRAFT CORP,PA-28-181,459c407820ac9bdb8a03a5ecea6d96c3d72a5672ec9fe37ae5d138358ed4ac53,True,1
11563,6874,021026_ML.npy,2026-10-03,2026-10-03 00:29:17.081393,7C444D,P28A,PIPER AIRCRAFT CORP,PA-28-181,bdbea92283397c39fbb177d0e95a1912f7416a11383c2ccf93c282201996d94c,True,5
11564,6875,021026_ML.npy,2026-10-03,2026-10-03 00:29:17.781633,7C444D,P28A,PIPER AIRCRAFT CORP,PA-28-181,6f4afd48a4e9c0a51359668166bf6e966e5e74dd5dcd32d078ac114a5178b9ce,True,1
11565,6876,021026_ML.npy,2026-10-03,2026-10-03 00:29:17.843445,7C444D,P28A,PIPER AIRCRAFT CORP,PA-28-181,41f05abb45055e73690d99b42cac2345d7f3a9f2e43cd0bc85976d6939c20bc2,True,1
11566,6877,021026_ML.npy,2026-10-03,2026-10-03 00:29:19.865090,7C444D,P28A,PIPER AIRCRAFT CORP,PA-28-181,aab0bdcf21b3ac8674029dcfbfebc61b345e16e9e7cd1d32c8daa15c2cb9cdb9,True,5
11567,6878,021026_ML.npy,2026-10-03,2026-10-03 00:29:20.822873,7C444D,P28A,PIPER AIRCRAFT CORP,PA-28-181,cca461cb80c034ec4f306cde1721e121caeaf61dbc74b6ecd733e7eba5bd18f4,True,1
11568,6879,021026_ML.npy,2026-10-03,2026-10-03 00:29:23.310338,7C444D,P28A,PIPER AIRCRAFT CORP,PA-28-181,53ab6a72131a08d7e37aab55d4328b53389b44565e79745f5707f7f3909bf492,True,5
11569,6880,021026_ML.npy,2026-10-03,2026-10-03 00:29:23.859895,7C444D,P28A,PIPER AIRCRAFT CORP,PA-28-181,cd0c509580378262c7f6ea751c3fa1085c77b77e1a8454db46485e216a2af3f9,True,4
11570,6881,021026_ML.npy,2026-10-03,2026-10-03 00:29:25.397842,7C444D,P28A,PIPER AIRCRAFT CORP,PA-28-181,e233b8ff67bd83a7f1720298af433f6a387014c8a4c1d16179dd56411b81b86e,True,4
11571,6882,021026_ML.npy,2026-10-03,2026-10-03 00:29:25.859844,7C444D,P28A,PIPER AIRCRAFT CORP,PA-28-181,47b62999174bd5ff3b7e1383a0fefeb50cc74040278d04a2aa9305c0fbc53dae,True,5
11572,6883,021026_ML.npy,2026-10-03,2026-10-03 00:29:26.097308,7C444D,P28A,PIPER AIRCRAFT CORP,PA-28-181,0a712d93c3b436632b6313eca8379ae14858b33e3b9968582f2fdcbbff01ea49,True,2
11573,6884,021026_ML.npy,2026-10-03,2026-10-03 00:29:26.841190,7C444D,P28A,PIPER AIRCRAFT CORP,PA-28-181,d8ca3e90afb3bc1d4dca52ed572384b0662a75fc6da6c43081f935eb45116e9f,True,1
11574,6885,021026_ML.npy,2026-10-03,2026-10-03 00:29:26.935500,7C444D,P28A,PIPER AIRCRAFT CORP,PA-28-181,ea82a801cf77562ce000bca46065b7053f160da3e63e7fcd88834a73486a60cb,True,1
11575,6886,021026_ML.npy,2026-10-03,2026-10-03 00:29:30.466528,7C444D,P28A,PIPER AIRCRAFT CORP,PA-28-181,06394ef085d24096e1690e9b7cdd28cb6e37a0ef5ccf5df075f80b9cdb3dbda1,True,5
11576,6887,021026_ML.npy,2026-10-03,2026-10-03 00:29:31.814039,7C444D,P28A,PIPER AIRCRAFT CORP,PA-28-181,d8ca3e90afb3bc1d4dca52ed572384b0662a75fc6da6c43081f935eb45116e9f,True,2
11577,6888,021026_ML.npy,2026-10-03,2026-10-03 00:29:34.037524,7C444D,P28A,PIPER AIRCRAFT CORP,PA-28-181,8382b65bcc32921ee47d10cae1fa359bf6c246819e142be4bd895e38e7e13772,True,1
11578,6889,021026_ML.npy,2026-10-03,2026-10-03 00:29:34.499898,7C444D,P28A,PIPER AIRCRAFT CORP,PA-28-181,d55b3ec68316779b9fc20d98906e08c3a2201fe33d386c7e420dba241a660bac,True,3
11579,6890,021026_ML.npy,2026-10-03,2026-10-03 00:29:36.505388,7C444D,P28A,PIPER AIRCRAFT CORP,PA-28-181,10e47b55e8dd75d2c583b354d163cea0051455e4370d7acf90723f578e79e756,True,4
11580,6891,021026_ML.npy,2026-10-03,2026-10-03 00:29:37.603236,7C444D,P28A,PIPER AIRCRAFT CORP,PA-28-181,273eb63e4f2ad8fad8b3f4638c80936f98e1fb79fc18f41264e08fe1fd1deaca,True,5
11581,6892,021026_ML.npy,2026-10-03,2026-10-03 00:29:40.008640,7C444D,P28A,PIPER AIRCRAFT CORP,PA-28-181,1fb748a63b84ceb9441a96c6b3f723f3372e3e8094066ffdb6d4fdce97d6cb67,True,1
11582,6893,021026_ML.npy,2026-10-03,2026-10-03 00:29:41.658104,7C444D,P28A,PIPER AIRCRAFT CORP,PA-28-181,0a3eb686757f0dcc6cc10108ee61caa52927f7436d8b5d4c0d18f319fa1a7d21,True,2
11583,6894,021026_ML.npy,2026-10-03,2026-10-03 00:29:44.307149,7C444D,P28A,PIPER AIRCRAFT CORP,PA-28-181,575ace0b8c317184c2e12871e303625cedb3f50a93af8be7ac5d91a4b91afe4c,True,4
11584,6895,021026_ML.npy,2026-10-03,2026-10-03 00:29:44.830944,7C444D,P28A,PIPER AIRCRAFT CORP,PA-28-181,1da9939c0c3bceaaac0cbd2b6ab7d521a02f3d70694bdec81b4197a44631736e,True,3
11585,6896,021026_ML.npy,2026-10-03,2026-10-03 00:29:46.738996,7C444D,P28A,PIPER AIRCRAFT CORP,PA-28-181,2ff71c3c5bda8f58c850ef1daa9374e552cee6f017f0e310005dfd4e2f164633,True,1
11586,6897,021026_ML.npy,2026-10-03,2026-10-03 00:29:47.688943,7C444D,P28A,PIPER AIRCRAFT CORP,PA-28-181,873e66081371f691bf1b724f3f75c76fdab998691fbc134d93b08dc0be00cc93,True,4
11587,6898,021026_ML.npy,2026-10-03,2026-10-03 00:29:50.904246,7C444D,P28A,PIPER AIRCRAFT CORP,PA-28-181,f7ca1725e7fed567824a0bdf0d66ff93dbf48df474db7228e33182b5a44fbd4d,True,4
11588,6899,021026_ML.npy,2026-10-03,2026-10-03 00:29:51.417979,7C444D,P28A,PIPER AIRCRAFT CORP,PA-28-181,0a712d93c3b436632b6313eca8379ae14858b33e3b9968582f2fdcbbff01ea49,True,1
11589,6900,021026_ML.npy,2026-10-03,2026-10-03 00:29:54.187366,7C444D,P28A,PIPER AIRCRAFT CORP,PA-28-181,d8ca3e90afb3bc1d4dca52ed572384b0662a75fc6da6c43081f935eb45116e9f,True,2
11590,6901,021026_ML.npy,2026-10-03,2026-10-03 00:29:56.432612,7C444D,P28A,PIPER AIRCRAFT CORP,PA-28-181,8d739441a90a80af1597cda4137f7cdadc19f9d5b52482930620fcd4fc609d49,True,1
11591,6902,021026_ML.npy,2026-10-03,2026-10-03 00:30:07.142518,7C444D,P28A,PIPER AIRCRAFT CORP,PA-28-181,bdbea92283397c39fbb177d0e95a1912f7416a11383c2ccf93c282201996d94c,True,1
11592,6903,021026_ML.npy,2026-10-03,2026-10-03 00:30:12.896658,7C444D,P28A,PIPER AIRCRAFT CORP,PA-28-181,d3a7d41996b178d3fed83657a003f059a82032ce72bc2670cf02e38b29f3a693,True,3
11593,6904,021026_ML.npy,2026-10-03,2026-10-03 00:30:28.285640,7C444D,P28A,PIPER AIRCRAFT CORP,PA-28-181,17b93ac470e1b15f3b273abbd7ddcad4960300e612338710b5041ddb62c9ca77,True,1
11594,6905,021026_ML.npy,2026-10-03,2026-10-03 00:30:28.745517,7C444D,P28A,PIPER AIRCRAFT CORP,PA-28-181,a20d351f7d304160b758749713aa2686eaeaaa59c9b0429b9575d4dfbd2d3282,True,3
11595,6906,021026_ML.npy,2026-10-03,2026-10-03 00:30:36.743389,7C444D,P28A,PIPER AIRCRAFT CORP,PA-28-181,586807a9dc78628c39a4e3aa62dab8e398f81daf27fd4b233f709e81453c74f6,True,4
11596,6907,021026_ML.npy,2026-10-03,2026-10-03 00:30:36.833655,7C444D,P28A,PIPER AIRCRAFT CORP,PA-28-181,822e1dc4a58ce58f47922cdcd8ab45bfaaa7ec2b0160c2fdd2c88ab3a8a39e21,True,2
11597,6908,021026_ML.npy,2026-10-03,2026-10-03 00:34:26.301524,7C444D,P28A,PIPER AIRCRAFT CORP,PA-28-181,d8ca3e90afb3bc1d4dca52ed572384b0662a75fc6da6c43081f935eb45116e9f,True,3
11598,6909,021026_ML.npy,2026-10-03,2026-10-03 00:34:26.791419,7C444D,P28A,PIPER AIRCRAFT CORP,PA-28-181,cb2878a824cc688b386fa344917a281273dee1753942f2f0017e586f38ba69f1,True,5
11599,6910,021026_ML.npy,2026-10-03,2026-10-03 00:34:26.813170,7C444D,P28A,PIPER AIRCRAFT CORP,PA-28-181,bdbea92283397c39fbb177d0e95a1912f7416a11383c2ccf93c282201996d94c,True,3
11600,6911,021026_ML.npy,2026-10-03,2026-10-03 00:34:27.325438,7C444D,P28A,PIPER AIRCRAFT CORP,PA-28-181,fcabb42d334564fb61c3af8e6d3dca9642052622721d28110d1676595eed8b39,True,5
11601,6912,021026_ML.npy,2026-10-03,2026-10-03 00:34:28.735074,7C444D,P28A,PIPER AIRCRAFT CORP,PA-28-181,833cd92cb66cb30403fe91c21b70196f3956a0b633541269766586ecd47377a3,True,1
11602,6913,021026_ML.npy,2026-10-03,2026-10-03 00:34:35.933457,7C444D,P28A,PIPER AIRCRAFT CORP,PA-28-181,0414de21a40305d6691c96f5ceb2f603c495ada595ab883245d67e5584b0ff5b,True,2
11603,6914,021026_ML.npy,2026-10-03,2026-10-03 00:34:36.172413,7C444D,P28A,PIPER AIRCRAFT CORP,PA-28-181,6f932b10218cb91c94cc4b79f92a8f2bf2b4df753119790714ba53e7e446bc68,True,3
11604,6915,021026_ML.npy,2026-10-03,2026-10-03 00:34:40.682080,7C444D,P28A,PIPER AIRCRAFT CORP,PA-28-181,342bb70d096c51fe7b545e1dcb2397f62afba66e8805250004fb879d7ed56594,True,1
11605,6916,021026_ML.npy,2026-10-03,2026-10-03 00:34:41.690253,7C444D,P28A,PIPER AIRCRAFT CORP,PA-28-181,9ce96e9ff0b68a3d9611ad312ad93bf02bd48197cf5f41493ffc309864858a61,True,2
11606,6917,021026_ML.npy,2026-10-03,2026-10-03 00:34:43.673765,7C444D,P28A,PIPER AIRCRAFT CORP,PA-28-181,d8ca3e90afb3bc1d4dca52ed572384b0662a75fc6da6c43081f935eb45116e9f,True,3
11607,6918,021026_ML.npy,2026-10-03,2026-10-03 00:34:43.865490,7C444D,P28A,PIPER AIRCRAFT CORP,PA-28-181,966a6c523a9ecf0330c0e8b4d5d9fb843bc0e2e0246444e3eb1f284e5ec74062,True,1
11608,6919,021026_ML.npy,2026-10-03,2026-10-03 00:34:44.111598,7C444D,P28A,PIPER AIRCRAFT CORP,PA-28-181,fd9f1d7ebd7035fe00ed8437350fcf892aae0b850b1edfb62bf12497010dbfbc,True,1
11609,6920,021026_ML.npy,2026-10-03,2026-10-03 00:34:46.547175,7C444D,P28A,PIPER AIRCRAFT CORP,PA-28-181,bdbea92283397c39fbb177d0e95a1912f7416a11383c2ccf93c282201996d94c,True,2
11610,6921,021026_ML.npy,2026-10-03,2026-10-03 00:34:51.425703,7C444D,P28A,PIPER AIRCRAFT CORP,PA-28-181,0d40354c47f94f60b6a336bf44e4e36fc3f1cfcecf9bf6d4cc6c64fc08cf5922,True,4
11611,6922,021026_ML.npy,2026-10-03,2026-10-03 00:34:53.793616,7C444D,P28A,PIPER AIRCRAFT CORP,PA-28-181,58a4f9d6ce5b15215dbbbd813ca7c084861a3daae1b6d90cc0176e57455edd5b,True,1
11612,6923,021026_ML.npy,2026-10-03,2026-10-03 00:34:54.470889,7C444D,P28A,PIPER AIRCRAFT CORP,PA-28-181,5ea4e44b1c7d840d1a44ebe79ce7c60893f454ebcfcaa7c0a9cdaf3d3cb3d514,True,1
11613,6924,021026_ML.npy,2026-10-03,2026-10-03 00:34:54.961352,7C444D,P28A,PIPER AIRCRAFT CORP,PA-28-181,22337d9a00d0c79ca99c9ddd0fc4ac3a428dcedfdeb6f69edcddc73399b04f52,True,5
11614,6925,021026_ML.npy,2026-10-03,2026-10-03 00:34:56.356889,7C444D,P28A,PIPER AIRCRAFT CORP,PA-28-181,1c01742e961167cc014d7728115874ad0f95350c97d99ff1307b9a4ad70c8418,True,1
11615,6926,021026_ML.npy,2026-10-03,2026-10-03 00:34:57.906540,7C444D,P28A,PIPER AIRCRAFT CORP,PA-28-181,d54624f11934f0e35f3aa06259e5305795905ace427176f4da6ab171edfc2258,True,2
11616,6927,021026_ML.npy,2026-10-03,2026-10-03 00:34:58.444186,7C444D,P28A,PIPER AIRCRAFT CORP,PA-28-181,7182bbd722addb48aed9b1b46d63666ba9b7cb63442df58cbd8d9b9e068094d0,True,5
11617,6928,021026_ML.npy,2026-10-03,2026-10-03 00:34:59.855643,7C444D,P28A,PIPER AIRCRAFT CORP,PA-28-181,3dc37cf7b43e54188a3cf55390cb1ccf782b9ceed860d63c6bcdaef65574ca97,True,2
11618,6929,021026_ML.npy,2026-10-03,2026-10-03 00:35:00.895145,7C444D,P28A,PIPER AIRCRAFT CORP,PA-28-181,d8ca3e90afb3bc1d4dca52ed572384b0662a75fc6da6c43081f935eb45116e9f,True,3
11619,6930,021026_ML.npy,2026-10-03,2026-10-03 00:35:01.585545,7C444D,P28A,PIPER AIRCRAFT CORP,PA-28-181,8e176cf158813191bbe6b116337310712435e3dd2d9414a5b59a5349f794a9a9,True,5
11620,6931,021026_ML.npy,2026-10-03,2026-10-03 00:35:02.031222,7C444D,P28A,PIPER AIRCRAFT CORP,PA-28-181,5c281f7953e33a7db1ac3bf7c16e32a717c5bb8aeb4d5c85d359eef58daf6637,True,1
11621,6932,021026_ML.npy,2026-10-03,2026-10-03 00:35:02.670961,7C444D,P28A,PIPER AIRCRAFT CORP,PA-28-181,7df653db33e04a3c3ad76f7a666bc1f95b158bec0e7a9c324740a42d9b1dbb44,True,2
11622,6933,021026_ML.npy,2026-10-03,2026-10-03 00:35:05.058573,7C444D,P28A,PIPER AIRCRAFT CORP,PA-28-181,3b582356b5f920543f77bb3e0f134951404ea12b79b4dbc0abbb6111d954af9e,True,4
11623,6934,021026_ML.npy,2026-10-03,2026-10-03 00:35:05.430789,7C444D,P28A,PIPER AIRCRAFT CORP,PA-28-181,01ce85eeb7ffaff781e173cdbc48d8b421e2973164c6be19b01ea52bbeed8ed2,True,4
11624,6935,021026_ML.npy,2026-10-03,2026-10-03 00:35:06.368056,7C444D,P28A,PIPER AIRCRAFT CORP,PA-28-181,8f4540624e45a4b648ae99fc614927fad154afe228465a2bff2aff1048ffb948,True,5
11625,6936,021026_ML.npy,2026-10-03,2026-10-03 00:35:06.590895,7C444D,P28A,PIPER AIRCRAFT CORP,PA-28-181,bdbea92283397c39fbb177d0e95a1912f7416a11383c2ccf93c282201996d94c,True,2
11626,6937,021026_ML.npy,2026-10-03,2026-10-03 00:35:07.710194,7C444D,P28A,PIPER AIRCRAFT CORP,PA-28-181,9386ff5d575669b1f09e22e27feccb204395d5903ca3be71b32a8d14320c3a91,True,3
11627,6938,021026_ML.npy,2026-10-03,2026-10-03 00:35:09.583775,7C444D,P28A,PIPER AIRCRAFT CORP,PA-28-181,e1d9023b068b9363c5fa71bc5012b36f780c4d436695b0c0b5467aab359915c2,True,4
11628,6939,021026_ML.npy,2026-10-03,2026-10-03 00:35:11.053445,7C444D,P28A,PIPER AIRCRAFT CORP,PA-28-181,513e4811dfa84888d631342b56d4574395940ffb0f84d85b46137dd6e4267e69,True,2
11629,6940,021026_ML.npy,2026-10-03,2026-10-03 00:35:16.184018,7C444D,P28A,PIPER AIRCRAFT CORP,PA-28-181,dc100f6e039645ddb78ff8314bdcc836a66d3b27e0ad2a2ccccce9eb281a87fc,True,5
11630,6941,021026_ML.npy,2026-10-03,2026-10-03 00:35:16.807828,7C444D,P28A,PIPER AIRCRAFT CORP,PA-28-181,20832cbaf88eea3372849eb13461827649bd985dce1c7539e1620b20efc1adff,True,1
11631,6942,021026_ML.npy,2026-10-03,2026-10-03 00:35:19.227572,7C444D,P28A,PIPER AIRCRAFT CORP,PA-28-181,6ff529ef8763763a5d93f3b323421cc8cfda58e17cc5c3263f7c135052f551e8,True,2
11632,6943,021026_ML.npy,2026-10-03,2026-10-03 00:35:20.749162,7C444D,P28A,PIPER AIRCRAFT CORP,PA-28-181,e0bc4523a6396b155e28d1744346988f67a2a1ed867813a8c92f10679089ac68,True,1
11633,6944,021026_ML.npy,2026-10-03,2026-10-03 00:35:21.381117,7C444D,P28A,PIPER AIRCRAFT CORP,PA-28-181,0a712d93c3b436632b6313eca8379ae14858b33e3b9968582f2fdcbbff01ea49,True,4
11634,6945,021026_ML.npy,2026-10-03,2026-10-03 00:35:22.233042,7C444D,P28A,PIPER AIRCRAFT CORP,PA-28-181,af7ca767102b317d758ffbb148ced2f4bb57eb0c243e234317af0bcbab125d0c,True,2
11635,6946,021026_ML.npy,2026-10-03,2026-10-03 00:35:26.359644,7C444D,P28A,PIPER AIRCRAFT CORP,PA-28-181,0a712d93c3b436632b6313eca8379ae14858b33e3b9968582f2fdcbbff01ea49,True,4
11636,6947,021026_ML.npy,2026-10-03,2026-10-03 00:35:26.393636,7C444D,P28A,PIPER AIRCRAFT CORP,PA-28-181,3dee53681e2c37083dafb88bc7bc6dd2240fafda7e5877394b2c2cbfbf40f546,True,4
11637,6948,021026_ML.npy,2026-10-03,2026-10-03 00:35:28.864959,7C444D,P28A,PIPER AIRCRAFT CORP,PA-28-181,ba71657171b97a5413951ce8e2868d22dc690d3e6ebdf68ce60f103826ff677c,True,4
11638,6949,021026_ML.npy,2026-10-03,2026-10-03 00:35:37.771378,7C444D,P28A,PIPER AIRCRAFT CORP,PA-28-181,b0b387e74e8e2fd78b630dfdf50af25865adbbcee879200283e1fe72fccee9ef,True,3
11639,6950,021026_ML.npy,2026-10-03,2026-10-03 00:35:38.141398,7C444D,P28A,PIPER AIRCRAFT CORP,PA-28-181,2156c851946cebefce60a195b228a31affe145c7ae3eb6027ef74b37f9034960,True,4
11640,6951,021026_ML.npy,2026-10-03,2026-10-03 00:35:45.249714,7C444D,P28A,PIPER AIRCRAFT CORP,PA-28-181,0f5e0e6684e5b2a3899087f503b40b0008fbd415c9eb62349b54ffbaa21b02e9,True,3
11641,6952,021026_ML.npy,2026-10-03,2026-10-03 00:35:46.155605,7C444D,P28A,PIPER AIRCRAFT CORP,PA-28-181,d8ca3e90afb3bc1d4dca52ed572384b0662a75fc6da6c43081f935eb45116e9f,True,1
11642,6953,021026_ML.npy,2026-10-03,2026-10-03 00:35:46.561678,7C444D,P28A,PIPER AIRCRAFT CORP,PA-28-181,0a712d93c3b436632b6313eca8379ae14858b33e3b9968582f2fdcbbff01ea49,True,4
11643,6954,021026_ML.npy,2026-10-03,2026-10-03 00:35:46.719400,7C444D,P28A,PIPER AIRCRAFT CORP,PA-28-181,9e694c31e26307e4c900fd8ac521aafe367a3aa66e4a06ef284c577f77b8d2fc,True,3
11644,6955,021026_ML.npy,2026-10-03,2026-10-03 00:35:48.031177,7C444D,P28A,PIPER AIRCRAFT CORP,PA-28-181,3c1d5d47152172a9797e8b75b8e6f6ee4dc1682efa6a2cfdf3fb13ea4962078d,True,2
11645,6956,021026_ML.npy,2026-10-03,2026-10-03 00:35:48.680882,7C444D,P28A,PIPER AIRCRAFT CORP,PA-28-181,d8ca3e90afb3bc1d4dca52ed572384b0662a75fc6da6c43081f935eb45116e9f,True,4
11648,6959,021026_ML.npy,2026-10-03,2026-10-03 00:35:52.538022,7C444D,P28A,PIPER AIRCRAFT CORP,PA-28-181,0e9415e5b4eff7a2d6f34c6471073776d990d60d9b64e17df5054c57be98c572,True,2
11649,6960,021026_ML.npy,2026-10-03,2026-10-03 00:35:53.074853,7C444D,P28A,PIPER AIRCRAFT CORP,PA-28-181,ae6b7f0d82aa0d661a479ffb710cfa57dd4d3e60591ab9c349b0f565eaef2fcd,True,4
11650,6961,021026_ML.npy,2026-10-03,2026-10-03 00:35:54.019196,7C444D,P28A,PIPER AIRCRAFT CORP,PA-28-181,ac147e9374e803ca40820a93a91332993c6b58262618305b29d7a725d673fd63,True,1
11651,6962,021026_ML.npy,2026-10-03,2026-10-03 00:35:56.667599,7C67D3,C172,CESSNA AIRCRAFT COMPANY,172S,c0b892088d3e2c123ed93145d83afbf9ad7993fd54e383437a91a1e28e33ffcb,True,3
11655,6966,021026_ML.npy,2026-10-03,2026-10-03 00:35:59.740617,7C444D,P28A,PIPER AIRCRAFT CORP,PA-28-181,7fdd7d5913a5a8f3fe639d2427eee688614d513f66f79664217fcd58409fc4d1,True,2
11657,6968,021026_ML.npy,2026-10-03,2026-10-03 00:36:01.199744,7C444D,P28A,PIPER AIRCRAFT CORP,PA-28-181,ea53f45c7502139a2f777a6a1315ff0940b12c63ee7ee572cf1f732de28fdd04,True,3
11660,6971,021026_ML.npy,2026-10-03,2026-10-03 00:36:02.873828,7C444D,P28A,PIPER AIRCRAFT CORP,PA-28-181,6bd20dcd4ccecf48bd0e8832da7581069a27e85a427c99b8369c32ed1e9eecc3,True,3
11662,6973,021026_ML.npy,2026-10-03,2026-10-03 00:36:03.039291,7C444D,P28A,PIPER AIRCRAFT CORP,PA-28-181,e0f9c103fc02e3c5fdbd0a2b7a57768b138d1e8d8064dea98c49e7a17ae06d93,True,4
11664,6975,021026_ML.npy,2026-10-03,2026-10-03 00:36:05.206448,7C67D3,C172,CESSNA AIRCRAFT COMPANY,172S,c4388fcf482d621db4eb87922b3c572ad96b1a1f49b5930dd82997f04ff28d0a,True,2
11666,6977,021026_ML.npy,2026-10-03,2026-10-03 00:36:06.859151,7C67D3,C172,CESSNA AIRCRAFT COMPANY,172S,bd03132437608a66702afb8c9281610f9a061d038bd11d2ec34548ffaa722b7a,True,5
11675,6986,021026_ML.npy,2026-10-03,2026-10-03 00:36:13.942537,7C67D3,C172,CESSNA AIRCRAFT COMPANY,172S,f0af86f53720eb9ea9f425b5aabf7c4a88b2dee40a6cc543e371b39e1dd05544,True,2
11679,6990,021026_ML.npy,2026-10-03,2026-10-03 00:36:17.372716,7C67D3,C172,CESSNA AIRCRAFT COMPANY,172S,6187dff26a240a9401fd90f402a57869202423bc95d901722833eeac08e0e7df,True,2
11683,6994,021026_ML.npy,2026-10-03,2026-10-03 00:36:18.448258,7C444D,P28A,PIPER AIRCRAFT CORP,PA-28-181,162fb64522e1d37cc78d5a54ab126475c45552e5fd6aa9c24f150c8c07d4ab9b,True,5
11696,7007,021026_ML.npy,2026-10-03,2026-10-03 00:36:37.089592,7C67D3,C172,CESSNA AIRCRAFT COMPANY,172S,21b154b0ded92c6d324f9917cab0c03c0f178fafa6bc4172d1feb6fdba2a1b23,True,5
11706,7017,021026_ML.npy,2026-10-03,2026-10-03 00:36:54.684108,7C67D3,C172,CESSNA AIRCRAFT COMPANY,172S,98859d8ea52d3abc13b89f0cfa5ce70c558330590022b9c06eec1825df9c2c73,True,5
11707,7018,021026_ML.npy,2026-10-03,2026-10-03 00:36:56.304565,7C67D3,C172,CESSNA AIRCRAFT COMPANY,172S,bc58407091d59a644851245fea0c5a707c069cfddb675f1c267b8cf65e0b334d,True,3
11723,7034,021026_ML.npy,2026-10-03,2026-10-03 00:37:53.824735,7C67D3,C172,CESSNA AIRCRAFT COMPANY,172S,71b15ea44b10ff674bb29898f87faeea490a5bede70700916668be0540d5f6bd,True,4
11728,7039,021026_ML.npy,2026-10-03,2026-10-03 00:40:29.213489,7C444D,P28A,PIPER AIRCRAFT CORP,PA-28-181,96a22df9c8d71863ba2ed6ad18cf0a2ec186ac6aa264922e57bfd68040f08a08,True,3
11729,7040,021026_ML.npy,2026-10-03,2026-10-03 00:40:33.568457,7C444D,P28A,PIPER AIRCRAFT CORP,PA-28-181,0a97c58b7a88f925b4c433df8ef68c5a57da6c22808a14a86e2428a482af00c8,True,4
11730,7041,021026_ML.npy,2026-10-03,2026-10-03 00:40:34.606107,7C444D,P28A,PIPER AIRCRAFT CORP,PA-28-181,b35ef8cdb324b500887b2efd0a8b55ac3fecfbb3b9465fc06e89773a8c8d3a90,True,2
11731,7042,021026_ML.npy,2026-10-03,2026-10-03 00:40:34.631775,7C444D,P28A,PIPER AIRCRAFT CORP,PA-28-181,33503be5e89fbe566806d3cce780504e1d6fa937b57145bd739b36d8ce35e2ac,True,3
11732,7043,021026_ML.npy,2026-10-03,2026-10-03 00:40:35.147914,7C444D,P28A,PIPER AIRCRAFT CORP,PA-28-181,13000712f3db759a1a490efcee4d0d080539561301208d524b1cbf0c52721370,True,5
11733,7044,021026_ML.npy,2026-10-03,2026-10-03 00:40:37.435539,7C444D,P28A,PIPER AIRCRAFT CORP,PA-28-181,9a369704aeae78dd3bca496632192b7a782506e55c9ef374e5241755c20eb17d,True,3
11734,7045,021026_ML.npy,2026-10-03,2026-10-03 00:40:37.771647,7C444D,P28A,PIPER AIRCRAFT CORP,PA-28-181,f3acd603c421f7ac0e82b0f8bbe9199b7c45f0eb85000a62123066ae5bee3bbb,True,4
11735,7046,021026_ML.npy,2026-10-03,2026-10-03 00:40:37.847555,7C444D,P28A,PIPER AIRCRAFT CORP,PA-28-181,7a09caa92b227a001d1e34ee32c32d3a25fa15b3fd88051ad7fe7f58da517fdd,True,4
11736,7047,021026_ML.npy,2026-10-03,2026-10-03 00:40:41.576773,7C444D,P28A,PIPER AIRCRAFT CORP,PA-28-181,bdbea92283397c39fbb177d0e95a1912f7416a11383c2ccf93c282201996d94c,True,4
11737,7048,021026_ML.npy,2026-10-03,2026-10-03 00:40:41.834604,7C444D,P28A,PIPER AIRCRAFT CORP,PA-28-181,1be26c545c40e11825f8d1f62a6491933bb0ec7ed209dbc2c7ca9988e1684ec7,True,4
11738,7049,021026_ML.npy,2026-10-03,2026-10-03 00:40:42.270346,7C444D,P28A,PIPER AIRCRAFT CORP,PA-28-181,d8ca3e90afb3bc1d4dca52ed572384b0662a75fc6da6c43081f935eb45116e9f,True,4
11739,7050,021026_ML.npy,2026-10-03,2026-10-03 00:40:43.946099,7C444D,P28A,PIPER AIRCRAFT CORP,PA-28-181,9c19f90542fb7a6edc38561e8d9991476e78f5b4615b4e4d6df37bf153a586bd,True,1
11740,7051,021026_ML.npy,2026-10-03,2026-10-03 00:40:44.378080,7C444D,P28A,PIPER AIRCRAFT CORP,PA-28-181,3d7601173940e784ffe2a61dacaed5b5a6459c1a559ee2f72a777d8c4bba5744,True,3
11741,7052,021026_ML.npy,2026-10-03,2026-10-03 00:40:46.565500,7C444D,P28A,PIPER AIRCRAFT CORP,PA-28-181,bdbea92283397c39fbb177d0e95a1912f7416a11383c2ccf93c282201996d94c,True,5
11742,7053,021026_ML.npy,2026-10-03,2026-10-03 00:40:47.487004,7C444D,P28A,PIPER AIRCRAFT CORP,PA-28-181,c58619ace926ad580286077d1fbb5f666a461a522f0e3949f8ac273dab877db3,True,4
11743,7054,021026_ML.npy,2026-10-03,2026-10-03 00:40:48.166976,7C444D,P28A,PIPER AIRCRAFT CORP,PA-28-181,5cdb5d05fe77784f4e7bd0c25b24013172f6bfb58e2d831f031a048d86ecdd17,True,2
11744,7055,021026_ML.npy,2026-10-03,2026-10-03 00:40:50.104556,7C444D,P28A,PIPER AIRCRAFT CORP,PA-28-181,4004beccdf3217778cfbaa1cca0cb0e15f24e002af8e2ead30d27e77e68eb906,True,4
11745,7056,021026_ML.npy,2026-10-03,2026-10-03 00:40:50.530678,7C444D,P28A,PIPER AIRCRAFT CORP,PA-28-181,b8c9236b69fb61f424088434ddbc4568ab3c6452fcb4bd9888290673245d7ec2,True,5
11746,7057,021026_ML.npy,2026-10-03,2026-10-03 00:40:51.010546,7C444D,P28A,PIPER AIRCRAFT CORP,PA-28-181,8e91e93ed7645e6c74c90daded272567d65883a64ae495b225f615ab0cd167f9,True,4
11747,7058,021026_ML.npy,2026-10-03,2026-10-03 00:40:51.912352,7C444D,P28A,PIPER AIRCRAFT CORP,PA-28-181,c02d5b1a3c3c1708d3418b08fce2c1050e233f7f86962065978dc63af769d448,True,5
11748,7059,021026_ML.npy,2026-10-03,2026-10-03 00:40:54.662129,7C444D,P28A,PIPER AIRCRAFT CORP,PA-28-181,d8ca3e90afb3bc1d4dca52ed572384b0662a75fc6da6c43081f935eb45116e9f,True,3
11749,7060,021026_ML.npy,2026-10-03,2026-10-03 00:40:55.509569,7C444D,P28A,PIPER AIRCRAFT CORP,PA-28-181,2ec95df52aac34d87c89c710ff5be785d62eee534c921cb230c35bad7407c227,True,1
11750,7061,021026_ML.npy,2026-10-03,2026-10-03 00:40:56.883569,7C444D,P28A,PIPER AIRCRAFT CORP,PA-28-181,1e81f039ed90e32865db448a57cde582870bdea6c8d52c16f54dcc0792ffbafd,True,3
11752,7063,021026_ML.npy,2026-10-03,2026-10-03 00:40:57.808467,7C444D,P28A,PIPER AIRCRAFT CORP,PA-28-181,ecba9a54adf5612df557d14cb85321ae39b6a9616412acb4db83a8f26deb4e97,True,1
11753,7064,021026_ML.npy,2026-10-03,2026-10-03 00:40:58.680708,7C444D,P28A,PIPER AIRCRAFT CORP,PA-28-181,56bf2de0c47f5f3c654d23bb8dea053531e5f30ab46ef3483d4d8546fc2b2988,True,1
11754,7065,021026_ML.npy,2026-10-03,2026-10-03 00:40:59.516139,7C444D,P28A,PIPER AIRCRAFT CORP,PA-28-181,cc1c0f68ef61a3014807cc43bcad38e400134da4cb4060b3c8560722da56db05,True,4
11755,7066,021026_ML.npy,2026-10-03,2026-10-03 00:41:00.026447,7C444D,P28A,PIPER AIRCRAFT CORP,PA-28-181,ffbe915caf0180e3f1f5177e505fa12aab40afed9768ccbd68188df6d5801ba0,True,1
11756,7067,021026_ML.npy,2026-10-03,2026-10-03 00:41:00.516474,7C444D,P28A,PIPER AIRCRAFT CORP,PA-28-181,43d587b36aca0dada41f67985efcbaa01972f7fc3a2e17e80330142bd92c0dd7,True,5
11757,7068,021026_ML.npy,2026-10-03,2026-10-03 00:41:04.593333,7C444D,P28A,PIPER AIRCRAFT CORP,PA-28-181,89bc522e61aad58d13d36089efbab0629c35c5f2009251d3502729550079741a,True,4
11758,7069,021026_ML.npy,2026-10-03,2026-10-03 00:41:06.009101,7C444D,P28A,PIPER AIRCRAFT CORP,PA-28-181,0a712d93c3b436632b6313eca8379ae14858b33e3b9968582f2fdcbbff01ea49,True,4
11759,7070,021026_ML.npy,2026-10-03,2026-10-03 00:41:06.021402,7C444D,P28A,PIPER AIRCRAFT CORP,PA-28-181,e2b367281a907ef19c7a94a3e187efbfaa2c4f658787d078682f6a3661992bf2,True,3
11760,7071,021026_ML.npy,2026-10-03,2026-10-03 00:41:06.904964,7C444D,P28A,PIPER AIRCRAFT CORP,PA-28-181,fa9d5a7d143a7df4437d0bf498a107dbcf0dffdb973affeb039423aa1a580022,True,1
11761,7072,021026_ML.npy,2026-10-03,2026-10-03 00:41:07.902563,7C444D,P28A,PIPER AIRCRAFT CORP,PA-28-181,45f4dee0e85268cf2cacff5019c90c6ce93817157d6b03ff1e0a075fe965dd83,True,5
11762,7073,021026_ML.npy,2026-10-03,2026-10-03 00:41:08.672227,7C444D,P28A,PIPER AIRCRAFT CORP,PA-28-181,9e17f93d8a014e43dbb710965b803b4a3f584491ea338803f18e3b7418d3bd26,True,5
11763,7074,021026_ML.npy,2026-10-03,2026-10-03 00:41:09.384348,7C444D,P28A,PIPER AIRCRAFT CORP,PA-28-181,e3479754a54b515f77d314901a0f439d57d8ac7cbe09d9d96811d254bd18e925,True,5
11764,7075,021026_ML.npy,2026-10-03,2026-10-03 00:41:11.740123,7C444D,P28A,PIPER AIRCRAFT CORP,PA-28-181,972a765000a7a4c9c18f9653a2b50f963ea12b42858e098308ca019134706954,True,5
11765,7076,021026_ML.npy,2026-10-03,2026-10-03 00:41:11.849331,7C444D,P28A,PIPER AIRCRAFT CORP,PA-28-181,7b9f6b0a8790a80111082b33591466d275917f2449afed7f09a9bfdd12c9c90c,True,2
11766,7077,021026_ML.npy,2026-10-03,2026-10-03 00:41:12.219692,7C444D,P28A,PIPER AIRCRAFT CORP,PA-28-181,e9c5b1529ba41e47384e82a2113bf5075a6340282d69291b67bf6a6ea54c9881,True,2
11767,7078,021026_ML.npy,2026-10-03,2026-10-03 00:41:12.801185,7C444D,P28A,PIPER AIRCRAFT CORP,PA-28-181,1449758d47c92b71205bcf00e197f7dc7eceb6fcff1c558c611c454a2e5fdb9d,True,3
11768,7079,021026_ML.npy,2026-10-03,2026-10-03 00:41:13.251592,7C444D,P28A,PIPER AIRCRAFT CORP,PA-28-181,13eca166e0ea64b836ce53d3c247974a8fde2177b6a33274ee2529aba51f8d5e,True,2
11769,7080,021026_ML.npy,2026-10-03,2026-10-03 00:41:13.724812,7C444D,P28A,PIPER AIRCRAFT CORP,PA-28-181,bdef441cf42d904d2e4b788a02813732f372212b444e3676e1a84cadcea5ee51,True,1
11770,7081,021026_ML.npy,2026-10-03,2026-10-03 00:41:14.679241,7C444D,P28A,PIPER AIRCRAFT CORP,PA-28-181,d8ca3e90afb3bc1d4dca52ed572384b0662a75fc6da6c43081f935eb45116e9f,True,4
11771,7082,021026_ML.npy,2026-10-03,2026-10-03 00:41:15.876983,7C444D,P28A,PIPER AIRCRAFT CORP,PA-28-181,a4add965b6ef5b0995ed15323374adea66528b0f746f0f25c782b1cc7533a64d,True,4
11772,7083,021026_ML.npy,2026-10-03,2026-10-03 00:41:16.064874,7C444D,P28A,PIPER AIRCRAFT CORP,PA-28-181,cddf2ab0f5925b98638e8eed10698d72bb784543b08b76bee5b14f019197e03c,True,1
11773,7084,021026_ML.npy,2026-10-03,2026-10-03 00:41:16.944730,7C444D,P28A,PIPER AIRCRAFT CORP,PA-28-181,166514ea71ce503e3d5548f6021f74e6a23742bef1097f618d41afade989d0b4,True,5
11774,7085,021026_ML.npy,2026-10-03,2026-10-03 00:41:17.982545,7C444D,P28A,PIPER AIRCRAFT CORP,PA-28-181,87e9f0fff5e2e37652aa08f662aac5845bc97f1d63ba1afe0bb37f9ecb8c16bc,True,3
11775,7086,021026_ML.npy,2026-10-03,2026-10-03 00:41:20.495704,7C444D,P28A,PIPER AIRCRAFT CORP,PA-28-181,b3a86c48fefc8f270693901a299fb600bb302e38ed07bc6d967bb3490f44a73d,True,3
11776,7087,021026_ML.npy,2026-10-03,2026-10-03 00:41:20.631819,7C444D,P28A,PIPER AIRCRAFT CORP,PA-28-181,3f0719e0f7609aaab1bb35d7736922ffe013c0a57d1a240b59c05d16eb227cc2,True,2
11777,7088,021026_ML.npy,2026-10-03,2026-10-03 00:41:21.747685,7C444D,P28A,PIPER AIRCRAFT CORP,PA-28-181,b6046ac0be32c3d7a5b6f2be8f136e0fe921cd10c4d4f2d00328db80839579cf,True,3
11778,7089,021026_ML.npy,2026-10-03,2026-10-03 00:41:24.970954,7C444D,P28A,PIPER AIRCRAFT CORP,PA-28-181,711fb1edcba54ffdeafb006068f8cc713b5b61b79d47a77cb379d9688e6a2aa4,True,2
11779,7090,021026_ML.npy,2026-10-03,2026-10-03 00:41:25.470412,7C444D,P28A,PIPER AIRCRAFT CORP,PA-28-181,f1edc1b3afd63f00b2fe636567603318f491580041e49799f776932ea7b45932,True,5
11780,7091,021026_ML.npy,2026-10-03,2026-10-03 00:41:26.424486,7C444D,P28A,PIPER AIRCRAFT CORP,PA-28-181,a354358fb1227e5697a8403661edc4117b0a378ffc58d6e9ef06bddd97885773,True,5
11781,7092,021026_ML.npy,2026-10-03,2026-10-03 00:41:26.905967,7C444D,P28A,PIPER AIRCRAFT CORP,PA-28-181,50377934e61ad0878deab5510ac29ec8d0019f4035dee898ba0806f080ab71a9,True,5
11782,7093,021026_ML.npy,2026-10-03,2026-10-03 00:41:27.094311,7C444D,P28A,PIPER AIRCRAFT CORP,PA-28-181,d8ca3e90afb3bc1d4dca52ed572384b0662a75fc6da6c43081f935eb45116e9f,True,2
11783,7094,021026_ML.npy,2026-10-03,2026-10-03 00:41:28.367607,7C444D,P28A,PIPER AIRCRAFT CORP,PA-28-181,0ed5ec9be6cb06c625fb774a1164483b7ad9b253e3b3e413f6549490f3d42c7e,True,3
11784,7095,021026_ML.npy,2026-10-03,2026-10-03 00:41:28.481983,7C444D,P28A,PIPER AIRCRAFT CORP,PA-28-181,0331445565f8f68a187be66da6322e036d265fe0e2ffb622c4435f0e2d5da141,True,3
11785,7096,021026_ML.npy,2026-10-03,2026-10-03 00:41:31.493041,7C444D,P28A,PIPER AIRCRAFT CORP,PA-28-181,da59d03c53160074a45f924ef98088d7439ff5f2d1c8393d5bac9c348d6aa357,True,2
11786,7097,021026_ML.npy,2026-10-03,2026-10-03 00:41:53.394405,7C444D,P28A,PIPER AIRCRAFT CORP,PA-28-181,729f9de73ac8f407736e60cd457fe7a4e0dda0390b8c23f4b7a36c75cf885dcc,True,3
11787,7098,021026_ML.npy,2026-10-03,2026-10-03 00:41:55.446052,7C444D,P28A,PIPER AIRCRAFT CORP,PA-28-181,097ea7688e06431cb03af0434f7bab14fe7156254b40645e5af6ec586f658f84,True,4
11795,7106,021026_ML.npy,2026-10-03,2026-10-03 00:42:24.090430,7C67D3,C172,CESSNA AIRCRAFT COMPANY,172S,33f722503927e7dbb0faa98d965d3cd84569979f67d7fbc12420d39bc1b4f6b9,True,4
11798,7109,021026_ML.npy,2026-10-03,2026-10-03 00:42:25.661385,7C67D3,C172,CESSNA AIRCRAFT COMPANY,172S,4d8e0f6aeb3fb3dd443a3a040ba37edce956653b96b9bcb4e8b0d18e9a91c6b2,True,2
11802,7113,021026_ML.npy,2026-10-03,2026-10-03 00:42:30.646873,7C67D3,C172,CESSNA AIRCRAFT COMPANY,172S,201c07f582759989db700a56d5df21240ce2af5ed8795cb757b485e9122dcf5d,True,1
11807,7118,021026_ML.npy,2026-10-03,2026-10-03 00:42:36.956186,7C67D3,C172,CESSNA AIRCRAFT COMPANY,172S,c65d9052453e017b5921f7c4fcdaac1c90610585ec872283479e9b706b10e122,True,3
11812,7123,021026_ML.npy,2026-10-03,2026-10-03 00:42:43.450553,7C67D3,C172,CESSNA AIRCRAFT COMPANY,172S,f68cbe2d5e68b1d91f48437f8eb46cc9b012e5d3bcddb1580e2d8112ca3625dc,True,5
11815,7126,021026_ML.npy,2026-10-03,2026-10-03 00:42:44.379335,7C67D3,C172,CESSNA AIRCRAFT COMPANY,172S,4946f43971d6e38eef86a3f8e9b509f1a329217a590e35556a450a92f02a47e8,True,3
11816,7127,021026_ML.npy,2026-10-03,2026-10-03 00:42:45.521806,7C67D3,C172,CESSNA AIRCRAFT COMPANY,172S,4d8e0f6aeb3fb3dd443a3a040ba37edce956653b96b9bcb4e8b0d18e9a91c6b2,True,2
11817,7128,021026_ML.npy,2026-10-03,2026-10-03 00:42:46.290033,7C67D3,C172,CESSNA AIRCRAFT COMPANY,172S,bc58407091d59a644851245fea0c5a707c069cfddb675f1c267b8cf65e0b334d,True,2
11819,7130,021026_ML.npy,2026-10-03,2026-10-03 00:42:50.007518,7C67D3,C172,CESSNA AIRCRAFT COMPANY,172S,bc58407091d59a644851245fea0c5a707c069cfddb675f1c267b8cf65e0b334d,True,4
11820,7131,021026_ML.npy,2026-10-03,2026-10-03 00:42:50.616444,7C67D3,C172,CESSNA AIRCRAFT COMPANY,172S,4d8e0f6aeb3fb3dd443a3a040ba37edce956653b96b9bcb4e8b0d18e9a91c6b2,True,4
11821,7132,021026_ML.npy,2026-10-03,2026-10-03 00:42:51.256102,7C67D3,C172,CESSNA AIRCRAFT COMPANY,172S,bc58407091d59a644851245fea0c5a707c069cfddb675f1c267b8cf65e0b334d,True,4
11826,7137,021026_ML.npy,2026-10-03,2026-10-03 00:43:04.373723,7C67D3,C172,CESSNA AIRCRAFT COMPANY,172S,c189e484402ea8f3f370e8ca43899577e63580a8845e83085ff26ac34843ae66,True,5
11831,7142,021026_ML.npy,2026-10-03,2026-10-03 00:43:13.233508,7C67D3,C172,CESSNA AIRCRAFT COMPANY,172S,e67f696bfe8ab9a6a95cf033812647fce169969f9054b6185b9e8fc52affdf51,True,3
11839,7150,021026_ML.npy,2026-10-03,2026-10-03 00:45:51.532519,7C444D,P28A,PIPER AIRCRAFT CORP,PA-28-181,bdbea92283397c39fbb177d0e95a1912f7416a11383c2ccf93c282201996d94c,True,5
11840,7151,021026_ML.npy,2026-10-03,2026-10-03 00:45:52.171919,7C444D,P28A,PIPER AIRCRAFT CORP,PA-28-181,8f4a7abab3cfc21bf8811c5ee1f67918224ba2969840dc4ac3e963c98f07ae47,True,4
11841,7152,021026_ML.npy,2026-10-03,2026-10-03 00:45:59.772734,7C444D,P28A,PIPER AIRCRAFT CORP,PA-28-181,e83f9a43b8316c194b774bfe64797250218cdf142cf704b2435bb1bc0d649d82,True,4
11842,7153,021026_ML.npy,2026-10-03,2026-10-03 00:46:04.329449,7C444D,P28A,PIPER AIRCRAFT CORP,PA-28-181,caa6033648afec75ade4315bad98ae353f1783da0b986f4bc206492700319635,True,1
11843,7154,021026_ML.npy,2026-10-03,2026-10-03 00:46:04.861037,7C444D,P28A,PIPER AIRCRAFT CORP,PA-28-181,d8ca3e90afb3bc1d4dca52ed572384b0662a75fc6da6c43081f935eb45116e9f,True,2
11844,7155,021026_ML.npy,2026-10-03,2026-10-03 00:46:05.084040,7C444D,P28A,PIPER AIRCRAFT CORP,PA-28-181,e9edadd88b78340e219ce094ec450df27665a8d89d964671c355417cf62c9063,True,3
11845,7156,021026_ML.npy,2026-10-03,2026-10-03 00:46:06.125361,7C444D,P28A,PIPER AIRCRAFT CORP,PA-28-181,1403249f4c81faf9a90cffb842c2b780cd8a6549be4ad8244caaf3151032bd7e,True,5
11846,7157,021026_ML.npy,2026-10-03,2026-10-03 00:46:06.494734,7C444D,P28A,PIPER AIRCRAFT CORP,PA-28-181,bdbea92283397c39fbb177d0e95a1912f7416a11383c2ccf93c282201996d94c,True,1
11847,7158,021026_ML.npy,2026-10-03,2026-10-03 00:46:06.801103,7C444D,P28A,PIPER AIRCRAFT CORP,PA-28-181,f9e92de1ac0b50124debd4afb4348130de263a1fbb35c70a56346c9e977c0d5b,True,1
11848,7159,021026_ML.npy,2026-10-03,2026-10-03 00:46:08.476716,7C444D,P28A,PIPER AIRCRAFT CORP,PA-28-181,aa20b5ab9cc9788d6ca83df808c1c49c72bafdb20b7ce91ad07a8e566c64e5ce,True,2
11849,7160,021026_ML.npy,2026-10-03,2026-10-03 00:46:09.444576,7C444D,P28A,PIPER AIRCRAFT CORP,PA-28-181,531c690c648dcadc45c989565f068200f06c36414ac451a85afcea82aa407120,True,1
11850,7161,021026_ML.npy,2026-10-03,2026-10-03 00:46:10.559983,7C444D,P28A,PIPER AIRCRAFT CORP,PA-28-181,56e1a94c19e0e46bf56ae6fb1ef6732f30e68fd42b37b013048663d8bf82c586,True,3
11851,7162,021026_ML.npy,2026-10-03,2026-10-03 00:46:11.426022,7C444D,P28A,PIPER AIRCRAFT CORP,PA-28-181,873c5c2628116f1f3ab7a7d3759a4a928db3867f213cbf09543b3044865de670,True,2
11852,7163,021026_ML.npy,2026-10-03,2026-10-03 00:46:12.923281,7C444D,P28A,PIPER AIRCRAFT CORP,PA-28-181,2d89f9f1875b854df0cf89b79887ba2deaae9efe22017bcd6dfdac21f363fcfe,True,2
11853,7164,021026_ML.npy,2026-10-03,2026-10-03 00:46:16.352975,7C444D,P28A,PIPER AIRCRAFT CORP,PA-28-181,8fc7c447bdae8675882433562adeba719f5668b704c6f9a64f1fa4cca54ce855,True,2
11854,7165,021026_ML.npy,2026-10-03,2026-10-03 00:46:18.678400,7C444D,P28A,PIPER AIRCRAFT CORP,PA-28-181,4a7ff681b24c0411b0446968d469ca10c90f8d0c162017eee7a736ec9c31b039,True,3
11855,7166,021026_ML.npy,2026-10-03,2026-10-03 00:46:19.006480,7C444D,P28A,PIPER AIRCRAFT CORP,PA-28-181,8063259052b8c07e264a771d06b2e408c3c70cae6cc02ccebc8c70d25ca5ba20,True,4
11856,7167,021026_ML.npy,2026-10-03,2026-10-03 00:46:19.874040,7C444D,P28A,PIPER AIRCRAFT CORP,PA-28-181,d8ca3e90afb3bc1d4dca52ed572384b0662a75fc6da6c43081f935eb45116e9f,True,1
11857,7168,021026_ML.npy,2026-10-03,2026-10-03 00:46:20.121970,7C444D,P28A,PIPER AIRCRAFT CORP,PA-28-181,cd438a0e4c7d6b63e33b8145c6695e324158a2554cecf64901bf436216da0a49,True,1
11858,7169,021026_ML.npy,2026-10-03,2026-10-03 00:46:21.547735,7C444D,P28A,PIPER AIRCRAFT CORP,PA-28-181,1b3fa00393a40cedfaad6b22142446ea13a1f0a2665427c09371383b71c7e361,True,1
11859,7170,021026_ML.npy,2026-10-03,2026-10-03 00:46:25.490526,7C444D,P28A,PIPER AIRCRAFT CORP,PA-28-181,ca300db15e45a0bf7de4c208d54d530ac6e7b90d87619f72db0e5f05ff9c7da4,True,5
11860,7171,021026_ML.npy,2026-10-03,2026-10-03 00:46:25.970722,7C444D,P28A,PIPER AIRCRAFT CORP,PA-28-181,6e23e50e18f75453c52f83eb9ee3fe2e5a3769d0cedf2a6eeda7211046ab953c,True,1
11861,7172,021026_ML.npy,2026-10-03,2026-10-03 00:46:26.460611,7C444D,P28A,PIPER AIRCRAFT CORP,PA-28-181,bdbea92283397c39fbb177d0e95a1912f7416a11383c2ccf93c282201996d94c,True,5
11862,7173,021026_ML.npy,2026-10-03,2026-10-03 00:46:33.254853,7C444D,P28A,PIPER AIRCRAFT CORP,PA-28-181,c85f249f3640414211b3e6fe553b4a94fcde315242b43f3a1907dea92161410f,True,3
11863,7174,021026_ML.npy,2026-10-03,2026-10-03 00:46:33.628997,7C444D,P28A,PIPER AIRCRAFT CORP,PA-28-181,ef3fba83b1cbd05ca39664bda903e6ba344f0ce2022b1ace741512a17756ac9c,True,4
11864,7175,021026_ML.npy,2026-10-03,2026-10-03 00:46:35.812591,7C444D,P28A,PIPER AIRCRAFT CORP,PA-28-181,0a712d93c3b436632b6313eca8379ae14858b33e3b9968582f2fdcbbff01ea49,True,1
11865,7176,021026_ML.npy,2026-10-03,2026-10-03 00:46:36.178521,7C444D,P28A,PIPER AIRCRAFT CORP,PA-28-181,a5bf4cc210a1e3d7831afd54aea2986c337c6c7eff96675e98b49078a5a58698,True,2
11866,7177,021026_ML.npy,2026-10-03,2026-10-03 00:46:36.548279,7C444D,P28A,PIPER AIRCRAFT CORP,PA-28-181,bdbea92283397c39fbb177d0e95a1912f7416a11383c2ccf93c282201996d94c,True,1
11867,7178,021026_ML.npy,2026-10-03,2026-10-03 00:46:36.673986,7C444D,P28A,PIPER AIRCRAFT CORP,PA-28-181,d176d13ca48ae2d1990886c95ef3c541fcfdddcecea2cc2902098703e632d2b6,True,1
11868,7179,021026_ML.npy,2026-10-03,2026-10-03 00:46:38.084140,7C444D,P28A,PIPER AIRCRAFT CORP,PA-28-181,db1e96558d13d3ffba87412cd389be5132f4209479b80e1fe5a95d975d58339e,True,4
11869,7180,021026_ML.npy,2026-10-03,2026-10-03 00:46:41.417279,7C444D,P28A,PIPER AIRCRAFT CORP,PA-28-181,292ff32cfe0f3acc791af2025f467d47340eeb3d6d741c291cf60f746963070e,True,2
11870,7181,021026_ML.npy,2026-10-03,2026-10-03 00:46:41.601415,7C444D,P28A,PIPER AIRCRAFT CORP,PA-28-181,bdbea92283397c39fbb177d0e95a1912f7416a11383c2ccf93c282201996d94c,True,3
11871,7182,021026_ML.npy,2026-10-03,2026-10-03 00:46:42.074888,7C444D,P28A,PIPER AIRCRAFT CORP,PA-28-181,e5a1b0cb14bcf9f7e86d43f5c5925948d9022dc068808fa6401f684edb8593ab,True,1
11872,7183,021026_ML.npy,2026-10-03,2026-10-03 00:46:42.542994,7C444D,P28A,PIPER AIRCRAFT CORP,PA-28-181,e5a1b0cb14bcf9f7e86d43f5c5925948d9022dc068808fa6401f684edb8593ab,True,4
11873,7184,021026_ML.npy,2026-10-03,2026-10-03 00:46:45.268458,7C444D,P28A,PIPER AIRCRAFT CORP,PA-28-181,1906a0c8d2f5f68c2e06e54d8f7877049cd00da369f8f9d22d77e4c6f7075dc4,True,4
11874,7185,021026_ML.npy,2026-10-03,2026-10-03 00:46:49.687367,7C444D,P28A,PIPER AIRCRAFT CORP,PA-28-181,c809ff7c4eaa5a042f8c75f5c9896e649f1ba617429f6c642ebb5df90e9e59f2,True,5
11875,7186,021026_ML.npy,2026-10-03,2026-10-03 00:46:50.788654,7C444D,P28A,PIPER AIRCRAFT CORP,PA-28-181,1a1ed9e621a40e1a5888463365c7cf7037f2feb39a6abedbcfc34e0f26a1eefe,True,3
11876,7187,021026_ML.npy,2026-10-03,2026-10-03 00:46:51.674903,7C444D,P28A,PIPER AIRCRAFT CORP,PA-28-181,afa81d6ffa17f8368bc1a6b735b1205c16aae3b7b9a91a30e873e890a40ce208,True,4
11877,7188,021026_ML.npy,2026-10-03,2026-10-03 00:46:52.176481,7C444D,P28A,PIPER AIRCRAFT CORP,PA-28-181,c7009b03295439f1185cba65a88e252dac8a8f737d3b09e5b6ca1f16d8bcc317,True,5
11878,7189,021026_ML.npy,2026-10-03,2026-10-03 00:46:53.232584,7C444D,P28A,PIPER AIRCRAFT CORP,PA-28-181,d335c415d500af457129136c6502784ade4d6eaa1148e9c4c13338ad70843854,True,5
11879,7190,021026_ML.npy,2026-10-03,2026-10-03 00:46:53.690578,7C444D,P28A,PIPER AIRCRAFT CORP,PA-28-181,81caa0a36ea45c165f0de8005ecc1f5f23ce262b00a68c4b5beaaee334c3aacf,True,2
11880,7191,021026_ML.npy,2026-10-03,2026-10-03 00:46:55.148291,7C444D,P28A,PIPER AIRCRAFT CORP,PA-28-181,c444b9a0e8eccb88dcf2455e836d7cffc7daef686fdf389d971670045357ff6d,True,3
11881,7192,021026_ML.npy,2026-10-03,2026-10-03 00:46:55.694044,7C444D,P28A,PIPER AIRCRAFT CORP,PA-28-181,0a712d93c3b436632b6313eca8379ae14858b33e3b9968582f2fdcbbff01ea49,True,2
11882,7193,021026_ML.npy,2026-10-03,2026-10-03 00:46:55.707943,7C444D,P28A,PIPER AIRCRAFT CORP,PA-28-181,31cd82b8f8a6bbec5149d95ecace8dc0fce75a30257f0831b9afb277eadc41b3,True,5
11883,7194,021026_ML.npy,2026-10-03,2026-10-03 00:46:56.709668,7C444D,P28A,PIPER AIRCRAFT CORP,PA-28-181,bdbea92283397c39fbb177d0e95a1912f7416a11383c2ccf93c282201996d94c,True,3
11884,7195,021026_ML.npy,2026-10-03,2026-10-03 00:46:59.083160,7C444D,P28A,PIPER AIRCRAFT CORP,PA-28-181,afb9d0d1ad753dd63bd7c3f1f12b76ecb0c86424c9d3af31e1b02d2a1e579b29,True,4
11885,7196,021026_ML.npy,2026-10-03,2026-10-03 00:46:59.343331,7C444D,P28A,PIPER AIRCRAFT CORP,PA-28-181,33864ab78d6f2cc12a153fb2de2a5e2f3d37d2894d7421173f3d20f0ce7a574b,True,2
11886,7197,021026_ML.npy,2026-10-03,2026-10-03 00:46:59.799095,7C444D,P28A,PIPER AIRCRAFT CORP,PA-28-181,f65c6fc18e26084000b12dd59ddb2a82e2df928cda799540749ff6d1e2cf4049,True,4
11887,7198,021026_ML.npy,2026-10-03,2026-10-03 00:47:00.780574,7C444D,P28A,PIPER AIRCRAFT CORP,PA-28-181,352c17ea5558745ab445da5dc419d4e02afa817e302f0e315c3e4e5ed46dec6f,True,2
11888,7199,021026_ML.npy,2026-10-03,2026-10-03 00:47:14.003490,7C444D,P28A,PIPER AIRCRAFT CORP,PA-28-181,42106f6adaedf425ff16391dc0526508643e36667c64305a82009d9ef040bb62,True,2
11889,7200,021026_ML.npy,2026-10-03,2026-10-03 00:47:19.754825,7C444D,P28A,PIPER AIRCRAFT CORP,PA-28-181,d8ca3e90afb3bc1d4dca52ed572384b0662a75fc6da6c43081f935eb45116e9f,True,2
11891,7202,021026_ML.npy,2026-10-03,2026-10-03 00:47:41.663113,7C67D3,C172,CESSNA AIRCRAFT COMPANY,172S,9be6dbcbb268d26a80cbcf6017bc92c22ff38764edc9783c41b0186a3b062ecc,True,5
11898,7209,021026_ML.npy,2026-10-03,2026-10-03 00:47:49.637734,7C444D,P28A,PIPER AIRCRAFT CORP,PA-28-181,d8ca3e90afb3bc1d4dca52ed572384b0662a75fc6da6c43081f935eb45116e9f,True,2
11901,7212,021026_ML.npy,2026-10-03,2026-10-03 00:47:50.995871,7C67D3,C172,CESSNA AIRCRAFT COMPANY,172S,bc58407091d59a644851245fea0c5a707c069cfddb675f1c267b8cf65e0b334d,True,1
11902,7213,021026_ML.npy,2026-10-03,2026-10-03 00:47:51.565391,7C67D3,C172,CESSNA AIRCRAFT COMPANY,172S,6c68a1c69f1414196ff883bc489280ca0d8abdb4e9bc2c3513b15d02ac4f4f75,True,1
11903,7214,021026_ML.npy,2026-10-03,2026-10-03 00:47:51.572094,7C67D3,C172,CESSNA AIRCRAFT COMPANY,172S,5a80a386d953c1bf8348e4b40643a67946d9a0af33fc2057d9b511350defc3e5,True,2
11908,7219,021026_ML.npy,2026-10-03,2026-10-03 00:47:58.446578,7C67D3,C172,CESSNA AIRCRAFT COMPANY,172S,25e12e2ebd04b041c13592681434e53e9863714010e621276f7c48bd10238000,True,4
11909,7220,021026_ML.npy,2026-10-03,2026-10-03 00:47:58.453342,7C67D3,C172,CESSNA AIRCRAFT COMPANY,172S,36ccdccdcca6088a36856eb8abeeeb6825a2ffaceb8cfff10e7e3552072ecb1d,True,3
11912,7223,021026_ML.npy,2026-10-03,2026-10-03 00:48:06.589733,7C67D3,C172,CESSNA AIRCRAFT COMPANY,172S,5bf01cd6ef636fe30a1c5aa5349b27faea2bde01597c1b734de6b7c556c43ead,True,3
11916,7227,021026_ML.npy,2026-10-03,2026-10-03 00:48:09.745529,7C67D3,C172,CESSNA AIRCRAFT COMPANY,172S,82782d1f631af496fc4fc72b56a1203e92d6c5e0ad57381be97370e964009dee,True,2
11925,7236,021026_ML.npy,2026-10-03,2026-10-03 00:48:21.649925,7C67D3,C172,CESSNA AIRCRAFT COMPANY,172S,01fcfd51ad18da921945e62ce18f8aed4eb10cba84f45831c7281f4c90ce70a5,True,1
11933,7244,021026_ML.npy,2026-10-03,2026-10-03 00:48:29.904025,7C67D3,C172,CESSNA AIRCRAFT COMPANY,172S,bc58407091d59a644851245fea0c5a707c069cfddb675f1c267b8cf65e0b334d,True,3
11936,7247,021026_ML.npy,2026-10-03,2026-10-03 00:48:31.140361,7C67D3,C172,CESSNA AIRCRAFT COMPANY,172S,bc58407091d59a644851245fea0c5a707c069cfddb675f1c267b8cf65e0b334d,True,4
11951,7262,021026_ML.npy,2026-10-03,2026-10-03 00:48:53.758197,7C67D3,C172,CESSNA AIRCRAFT COMPANY,172S,2a55019cf5cf4c0d853f042c3dab95da36039cbd3fdda4cd9a1e2180663155b6,True,1
11959,7270,021026_ML.npy,2026-10-03,2026-10-03 00:49:00.062991,7C67D3,C172,CESSNA AIRCRAFT COMPANY,172S,bc58407091d59a644851245fea0c5a707c069cfddb675f1c267b8cf65e0b334d,True,4
11961,7272,021026_ML.npy,2026-10-03,2026-10-03 00:49:02.192003,7C67D3,C172,CESSNA AIRCRAFT COMPANY,172S,4d8e0f6aeb3fb3dd443a3a040ba37edce956653b96b9bcb4e8b0d18e9a91c6b2,True,5
11962,7273,021026_ML.npy,2026-10-03,2026-10-03 00:49:05.721349,7C67D3,C172,CESSNA AIRCRAFT COMPANY,172S,d9848cd92d4fa831bc7eb9843a4c277f293176cc7c4119e9a9822a8707778303,True,2
11965,7276,021026_ML.npy,2026-10-03,2026-10-03 00:49:11.735504,7C67D3,C172,CESSNA AIRCRAFT COMPANY,172S,e4b8f7f2f9d0aa30dc7e2149ac55974f46786b0e89ecfc2b54933a24bec2b8a4,True,3
11966,7277,021026_ML.npy,2026-10-03,2026-10-03 00:49:12.123535,7C67D3,C172,CESSNA AIRCRAFT COMPANY,172S,4d8e0f6aeb3fb3dd443a3a040ba37edce956653b96b9bcb4e8b0d18e9a91c6b2,True,2
11971,7282,021026_ML.npy,2026-10-03,2026-10-03 00:49:26.233594,7C67D3,C172,CESSNA AIRCRAFT COMPANY,172S,05aaf754ab5c64f49cae038a078b1d8697b684ef67457d60260511911226d5b9,True,4
11974,7285,021026_ML.npy,2026-10-03,2026-10-03 00:49:37.330092,7C67D3,C172,CESSNA AIRCRAFT COMPANY,172S,b6905de2ace1f815e0cfd89b14e4821e497cf7c572d2b9668515734039f9e469,True,2
11975,7286,021026_ML.npy,2026-10-03,2026-10-03 00:49:38.497123,7C67D3,C172,CESSNA AIRCRAFT COMPANY,172S,8374bce2892bde3e7b28aee925c3b37813e3db48093efbb5abdd17d99ad66975,True,1
11980,7291,021026_ML.npy,2026-10-03,2026-10-03 00:51:04.687264,7C444D,P28A,PIPER AIRCRAFT CORP,PA-28-181,11936faadd3c04263b232e9dfbbc1c7c8c095c1925ae99a42342aaec9eed2050,True,3
11981,7292,021026_ML.npy,2026-10-03,2026-10-03 00:51:11.716316,7C444D,P28A,PIPER AIRCRAFT CORP,PA-28-181,d8ca3e90afb3bc1d4dca52ed572384b0662a75fc6da6c43081f935eb45116e9f,True,3
11982,7293,021026_ML.npy,2026-10-03,2026-10-03 00:51:12.217607,7C444D,P28A,PIPER AIRCRAFT CORP,PA-28-181,c32be4f6ff5bf9bd8d032664cdac4c82f3be53f15a4dae7c59c3338224362d3c,True,5
11983,7294,021026_ML.npy,2026-10-03,2026-10-03 00:51:12.857819,7C444D,P28A,PIPER AIRCRAFT CORP,PA-28-181,2855bc7dafc78f458943e51fe2a8c7f37fa6ea73d3c490348b5b286253d513c7,True,2
11984,7295,021026_ML.npy,2026-10-03,2026-10-03 00:51:15.034977,7C444D,P28A,PIPER AIRCRAFT CORP,PA-28-181,03fd659293d7c8469bf7d3db4dbb901d645338d37817a8d584613ddbfe565b35,True,5
11985,7296,021026_ML.npy,2026-10-03,2026-10-03 00:51:15.282957,7C444D,P28A,PIPER AIRCRAFT CORP,PA-28-181,27be92c400f8897c21774540ae4fa461bf0de74b25d379e248d374802c19bf87,True,3
11986,7297,021026_ML.npy,2026-10-03,2026-10-03 00:51:18.384660,7C444D,P28A,PIPER AIRCRAFT CORP,PA-28-181,a377fc0b8ef1f79dc4ab2956a421abc9a9a2d864905bf704dd2ebde65f21bc40,True,4
11987,7298,021026_ML.npy,2026-10-03,2026-10-03 00:51:18.544457,7C444D,P28A,PIPER AIRCRAFT CORP,PA-28-181,689ff60c270d3013c495dcc78b83464cbf6653d93ab43a6df924baeeccb8c41c,True,1
11988,7299,021026_ML.npy,2026-10-03,2026-10-03 00:51:22.989793,7C444D,P28A,PIPER AIRCRAFT CORP,PA-28-181,22728f1cc4a091e9dacc31212691b60f4e3819916873d4dacce6b34e05d77ca3,True,5
11989,7300,021026_ML.npy,2026-10-03,2026-10-03 00:51:23.067063,7C444D,P28A,PIPER AIRCRAFT CORP,PA-28-181,6ff53a7e964d09af1faf55ad98fb2b2d6dadd4ccde9d8774e0c430bee1b315ed,True,3
11990,7301,021026_ML.npy,2026-10-03,2026-10-03 00:51:25.452536,7C444D,P28A,PIPER AIRCRAFT CORP,PA-28-181,e9bc2ec09a1a7d79a7124f46b702684d40567da5f2bf4e0b01eb7f22196417f9,True,5
11991,7302,021026_ML.npy,2026-10-03,2026-10-03 00:51:26.118784,7C444D,P28A,PIPER AIRCRAFT CORP,PA-28-181,0a712d93c3b436632b6313eca8379ae14858b33e3b9968582f2fdcbbff01ea49,True,4
11992,7303,021026_ML.npy,2026-10-03,2026-10-03 00:51:26.400815,7C444D,P28A,PIPER AIRCRAFT CORP,PA-28-181,43e261400bcd71387824638d25abe518f36fe0d6e0e59ab890752ece1443b09b,True,1
11993,7304,021026_ML.npy,2026-10-03,2026-10-03 00:51:26.816749,7C444D,P28A,PIPER AIRCRAFT CORP,PA-28-181,50c3014dfec61447a2ba7630a896bcc0109690db1249a6a2f8962750b691652a,True,1
11994,7305,021026_ML.npy,2026-10-03,2026-10-03 00:51:30.159894,7C444D,P28A,PIPER AIRCRAFT CORP,PA-28-181,cfdee3c563aeac1d70a6a1c1813e41eaa9948b8f75ee79f077c0a120cf92cad4,True,3
11995,7306,021026_ML.npy,2026-10-03,2026-10-03 00:51:31.587241,7C444D,P28A,PIPER AIRCRAFT CORP,PA-28-181,bdbea92283397c39fbb177d0e95a1912f7416a11383c2ccf93c282201996d94c,True,4
11996,7307,021026_ML.npy,2026-10-03,2026-10-03 00:51:34.397105,7C444D,P28A,PIPER AIRCRAFT CORP,PA-28-181,d8ca3e90afb3bc1d4dca52ed572384b0662a75fc6da6c43081f935eb45116e9f,True,4
11997,7308,021026_ML.npy,2026-10-03,2026-10-03 00:51:35.402323,7C444D,P28A,PIPER AIRCRAFT CORP,PA-28-181,893a3787f39940b2d819b37475a199ada4ed789bdadd339abd2ccb42eb10e456,True,4
11998,7309,021026_ML.npy,2026-10-03,2026-10-03 00:51:36.492228,7C444D,P28A,PIPER AIRCRAFT CORP,PA-28-181,00e0d9e9defab0aca8225c7ba3201670e99a95d5e478c3c8c86a4bceb0aa350b,True,3
11999,7310,021026_ML.npy,2026-10-03,2026-10-03 00:51:36.780588,7C444D,P28A,PIPER AIRCRAFT CORP,PA-28-181,7cde258e1565fb4dd085971c9b5249ff6e139cd1ee14e28985c6f315f78e728f,True,3
12000,7311,021026_ML.npy,2026-10-03,2026-10-03 00:51:38.324149,7C444D,P28A,PIPER AIRCRAFT CORP,PA-28-181,0b802601bd584dfee4b096bcd49408e79bb0041ab51bd93c14ae16ff335be18d,True,1
12001,7312,021026_ML.npy,2026-10-03,2026-10-03 00:51:40.905267,7C444D,P28A,PIPER AIRCRAFT CORP,PA-28-181,42efa2bd96868dfc6df28675df1c63d2e195747365c206591820ab341a9b97b9,True,1
12002,7313,021026_ML.npy,2026-10-03,2026-10-03 00:51:41.865355,7C444D,P28A,PIPER AIRCRAFT CORP,PA-28-181,d8ca3e90afb3bc1d4dca52ed572384b0662a75fc6da6c43081f935eb45116e9f,True,5
12003,7314,021026_ML.npy,2026-10-03,2026-10-03 00:51:44.572749,7C444D,P28A,PIPER AIRCRAFT CORP,PA-28-181,95429a76d592af07e33ac126fbd06984237b0df6a74f21b7bc0f28a1c3f524a6,True,2
12004,7315,021026_ML.npy,2026-10-03,2026-10-03 00:51:45.374133,7C444D,P28A,PIPER AIRCRAFT CORP,PA-28-181,8d3d9a24ce995e1a62e64cb02f8df7f1dff4d8b7d4ff0b56836df837d7740096,True,5
12005,7316,021026_ML.npy,2026-10-03,2026-10-03 00:51:45.544688,7C444D,P28A,PIPER AIRCRAFT CORP,PA-28-181,24a7884b52696f20d0ab41d77faae470ae0d531c94dbe01f9179184e730626bc,True,2
12006,7317,021026_ML.npy,2026-10-03,2026-10-03 00:51:46.030443,7C444D,P28A,PIPER AIRCRAFT CORP,PA-28-181,8966933ad592e33782af7ee8d7445d39a219ad49489de2b95107e3d27dd9fb94,True,5
12007,7318,021026_ML.npy,2026-10-03,2026-10-03 00:51:46.516710,7C444D,P28A,PIPER AIRCRAFT CORP,PA-28-181,995f09184bf7a2ea184587be552c6f141912bed3ed18b497ac603eb9ec9607e6,True,5
12008,7319,021026_ML.npy,2026-10-03,2026-10-03 00:51:49.361519,7C444D,P28A,PIPER AIRCRAFT CORP,PA-28-181,c574aca93dc218f4befa564d609871f2858a173f84d5a0785c6723932016b9aa,True,3
12009,7320,021026_ML.npy,2026-10-03,2026-10-03 00:51:50.105267,7C444D,P28A,PIPER AIRCRAFT CORP,PA-28-181,92690713a775e81def069feeaff74eee82d905dddf31cb3d8e2109de5b50de76,True,1
12010,7321,021026_ML.npy,2026-10-03,2026-10-03 00:52:01.023064,7C444D,P28A,PIPER AIRCRAFT CORP,PA-28-181,f3612d606e062f12a92e00e29ce9247319fb56a0cb1b47df25479128a0d2b2bb,True,3
12011,7322,021026_ML.npy,2026-10-03,2026-10-03 00:52:01.609091,7C444D,P28A,PIPER AIRCRAFT CORP,PA-28-181,a453e5377344362fcb3e08f58bd9375057f540c5ae6b5e5c885156e150456903,True,4
12012,7323,021026_ML.npy,2026-10-03,2026-10-03 00:52:10.824817,7C444D,P28A,PIPER AIRCRAFT CORP,PA-28-181,e2074cf56e46cdfc5f2df286fc147e058cd2aa30b44de57a4a9feb2158d0c512,True,2
12013,7324,021026_ML.npy,2026-10-03,2026-10-03 00:52:10.940660,7C444D,P28A,PIPER AIRCRAFT CORP,PA-28-181,d7fd11f5f36c353bb3e6d06f832cfa6f05720072444e156f451f284932413b2c,True,1
12014,7325,021026_ML.npy,2026-10-03,2026-10-03 00:52:14.315886,7C444D,P28A,PIPER AIRCRAFT CORP,PA-28-181,dfbd4c20d8aebe0b6fc28da3432bb0018239a853a2d632e4fa1d286e2ecda9bb,True,2
12015,7326,021026_ML.npy,2026-10-03,2026-10-03 00:52:15.941653,7C444D,P28A,PIPER AIRCRAFT CORP,PA-28-181,e072ccbdf7ec82f7e7b7ce05bb4382b3784b35e182ed036e573bd28d3adeaa29,True,1
12016,7327,021026_ML.npy,2026-10-03,2026-10-03 00:52:16.431263,7C444D,P28A,PIPER AIRCRAFT CORP,PA-28-181,0a712d93c3b436632b6313eca8379ae14858b33e3b9968582f2fdcbbff01ea49,True,2
12017,7328,021026_ML.npy,2026-10-03,2026-10-03 00:52:16.555660,7C444D,P28A,PIPER AIRCRAFT CORP,PA-28-181,e2da8d86c8f737fab95653e0a56ebd7cc904bbcead0cc2754c17ffd544db9dc4,True,4
12018,7329,021026_ML.npy,2026-10-03,2026-10-03 00:52:19.074928,7C444D,P28A,PIPER AIRCRAFT CORP,PA-28-181,ca86e8bc35a724716680a913d245f4732130c6cde432ad4224bf0038e7567dd3,True,5
12019,7330,021026_ML.npy,2026-10-03,2026-10-03 00:52:19.928667,7C444D,P28A,PIPER AIRCRAFT CORP,PA-28-181,c84774b9c7bf44ab35431a4b0c4eb781f9a5dc5b861933c3e4e5e612d29bee3f,True,5
12022,7333,021026_ML.npy,2026-10-03,2026-10-03 00:52:40.793434,7C67D3,C172,CESSNA AIRCRAFT COMPANY,172S,dc2b5487a6ae64dc10025697741f632f5a0ad5ee7fc4382be67308d594791b13,True,4
12023,7334,021026_ML.npy,2026-10-03,2026-10-03 00:52:41.039684,7C444D,P28A,PIPER AIRCRAFT CORP,PA-28-181,30e6a5bf1c29009dd2eb8c5d0799017c13dd3fb472944a2576f4a6e6558d7a82,True,3
12024,7335,021026_ML.npy,2026-10-03,2026-10-03 00:52:41.141770,7C444D,P28A,PIPER AIRCRAFT CORP,PA-28-181,0a712d93c3b436632b6313eca8379ae14858b33e3b9968582f2fdcbbff01ea49,True,2
12028,7339,021026_ML.npy,2026-10-03,2026-10-03 00:52:52.212925,7C67D3,C172,CESSNA AIRCRAFT COMPANY,172S,db35e6e97e9c05ba51a1771929c07e2ee9e8b4ad795d2dc5a690cbca6a110b5c,True,1
12031,7342,021026_ML.npy,2026-10-03,2026-10-03 00:52:53.714308,7C67D3,C172,CESSNA AIRCRAFT COMPANY,172S,8e09dfc772ea5fa9acf3122988d4fe25121bbe1a9cb8b727f04815a9103a1a8c,True,1
12035,7346,021026_ML.npy,2026-10-03,2026-10-03 00:52:59.412395,7C67D3,C172,CESSNA AIRCRAFT COMPANY,172S,cd2b9a9ec8d41e1f272855aa6ac470fde3d6c1e5fbe8e145837a916899efeec6,True,1
12050,7361,021026_ML.npy,2026-10-03,2026-10-03 00:53:16.205765,7C67D3,C172,CESSNA AIRCRAFT COMPANY,172S,80842094b603aac30e5cfe0f3834d8148d67e6fa61e6549fc5e271219a61d189,True,5
12053,7364,021026_ML.npy,2026-10-03,2026-10-03 00:53:21.828224,7C67D3,C172,CESSNA AIRCRAFT COMPANY,172S,98859d8ea52d3abc13b89f0cfa5ce70c558330590022b9c06eec1825df9c2c73,True,1
12059,7370,021026_ML.npy,2026-10-03,2026-10-03 00:53:26.743307,7C67D3,C172,CESSNA AIRCRAFT COMPANY,172S,98859d8ea52d3abc13b89f0cfa5ce70c558330590022b9c06eec1825df9c2c73,True,1
12061,7372,021026_ML.npy,2026-10-03,2026-10-03 00:53:27.959789,7C67D3,C172,CESSNA AIRCRAFT COMPANY,172S,ca66e03d893720ba37de50f1f3214a1455f5b20b5fad13317182c5405eb15c37,True,1
12068,7379,021026_ML.npy,2026-10-03,2026-10-03 00:53:32.396730,7C67D3,C172,CESSNA AIRCRAFT COMPANY,172S,c89740c095a9ad95801c28c512ddb5f3b390a96adc50d502d6197c80ace2723f,True,3
12071,7382,021026_ML.npy,2026-10-03,2026-10-03 00:53:35.856693,7C67D3,C172,CESSNA AIRCRAFT COMPANY,172S,5caaf51eb43d5324251f93d7c73dfd86701950d15047e0e565bedb0b6235fcdf,True,3
12075,7386,021026_ML.npy,2026-10-03,2026-10-03 00:53:41.096285,7C67D3,C172,CESSNA AIRCRAFT COMPANY,172S,78c83ea72ef96e23f391f11104b79308a77a6604c277e392001754e52bb240ea,True,3
12082,7393,021026_ML.npy,2026-10-03,2026-10-03 00:53:52.442454,7C67D3,C172,CESSNA AIRCRAFT COMPANY,172S,58e4ff5bd56e02b10979bb6a2fdd39535500dd27e0482320361145316ea01a71,True,1
12086,7397,021026_ML.npy,2026-10-03,2026-10-03 00:53:59.487795,7C67D3,C172,CESSNA AIRCRAFT COMPANY,172S,2ad6bfa5e674e1e8630aa88aa636153b52ab7e246056be6566f37af3346edad1,True,2
12090,7401,021026_ML.npy,2026-10-03,2026-10-03 00:54:08.641440,7C67D3,C172,CESSNA AIRCRAFT COMPANY,172S,cefb7287d0d8f59d58a59fecefdccf2892d78eb584383689dcaef0029150da08,True,3
12095,7406,021026_ML.npy,2026-10-03,2026-10-03 00:54:22.063903,7C67D3,C172,CESSNA AIRCRAFT COMPANY,172S,98859d8ea52d3abc13b89f0cfa5ce70c558330590022b9c06eec1825df9c2c73,True,2
12096,7407,021026_ML.npy,2026-10-03,2026-10-03 00:54:33.167364,7C67D3,C172,CESSNA AIRCRAFT COMPANY,172S,b62e6ed4c7ee4588197fdad6d3e0d2889682e277a6a21c7adeb09ad6a13fd787,True,5
12100,7411,021026_ML.npy,2026-10-03,2026-10-03 00:55:17.956575,7C444D,P28A,PIPER AIRCRAFT CORP,PA-28-181,bbc8d35a13ead981454da0612a42d48245f1e4267ffcfe5877d08405c0f10fd5,True,2
12101,7412,021026_ML.npy,2026-10-03,2026-10-03 00:55:18.122399,7C444D,P28A,PIPER AIRCRAFT CORP,PA-28-181,9832fe786b32b86c91cb52c70f9ed52461e1ba4b4eacf16936064b4e08f0ad01,True,4
12102,7413,021026_ML.npy,2026-10-03,2026-10-03 00:55:32.642955,7C444D,P28A,PIPER AIRCRAFT CORP,PA-28-181,b1b9fd779f34815b71dbc6e542e2ddb68349afba1246cfa871cb6e4ab77ff642,True,4
12103,7414,021026_ML.npy,2026-10-03,2026-10-03 00:55:33.703525,7C444D,P28A,PIPER AIRCRAFT CORP,PA-28-181,978f91222501ecf47fca2bddba09006d46f54597dbc1703ad81527b0862ae9ce,True,4
12104,7415,021026_ML.npy,2026-10-03,2026-10-03 00:55:37.499005,7C444D,P28A,PIPER AIRCRAFT CORP,PA-28-181,47bcee4d65606d621091cc86fa7bbad8f6e63a3343b018c4758452b7a58f69eb,True,3
12105,7416,021026_ML.npy,2026-10-03,2026-10-03 00:55:40.777451,7C444D,P28A,PIPER AIRCRAFT CORP,PA-28-181,d47b0c607ea10a95239984d90d0dd5532a0e39c978eeb8539191531796eccc87,True,2
12106,7417,021026_ML.npy,2026-10-03,2026-10-03 00:55:42.073043,7C444D,P28A,PIPER AIRCRAFT CORP,PA-28-181,bdbea92283397c39fbb177d0e95a1912f7416a11383c2ccf93c282201996d94c,True,3
12107,7418,021026_ML.npy,2026-10-03,2026-10-03 00:55:43.272703,7C444D,P28A,PIPER AIRCRAFT CORP,PA-28-181,c9d3c299e4f1e63027133fc9734a251f6b6a7ad3cc7af97054ea6614cf0dc700,True,1
12108,7419,021026_ML.npy,2026-10-03,2026-10-03 00:55:43.944626,7C444D,P28A,PIPER AIRCRAFT CORP,PA-28-181,b6c22a49a724b3e5e9007e1693c12a0606bd973558a1c9250280f3227ff2ef32,True,2
12109,7420,021026_ML.npy,2026-10-03,2026-10-03 00:55:45.630227,7C444D,P28A,PIPER AIRCRAFT CORP,PA-28-181,ee91b56bf0896416c75a44753dc4856b5d4abf3d8f542be331e843eff3ae0865,True,5
12110,7421,021026_ML.npy,2026-10-03,2026-10-03 00:55:47.357818,7C444D,P28A,PIPER AIRCRAFT CORP,PA-28-181,99ccc17ca3caf74006e13e85697dda90055a5c5596d3709240b97a324eb96995,True,5
12111,7422,021026_ML.npy,2026-10-03,2026-10-03 00:55:49.509344,7C444D,P28A,PIPER AIRCRAFT CORP,PA-28-181,5a218fe298b6dfb8eaf4abecdd02969c3e88775dc87dc7f2215be5ccb42c8dc9,True,2
12112,7423,021026_ML.npy,2026-10-03,2026-10-03 00:55:52.548346,7C444D,P28A,PIPER AIRCRAFT CORP,PA-28-181,7054d5d9de69ff9e057334aa9a3c53fe3db47093a70dd4d13343507b6db71d2e,True,4
12113,7424,021026_ML.npy,2026-10-03,2026-10-03 00:55:54.069880,7C444D,P28A,PIPER AIRCRAFT CORP,PA-28-181,8e01f7f69a9627a3172ce407471dac4f9d9f6ed5a4675d476eb3384a1417dd4f,True,5
12114,7425,021026_ML.npy,2026-10-03,2026-10-03 00:55:54.135965,7C444D,P28A,PIPER AIRCRAFT CORP,PA-28-181,b4ef756798a21203fdb188fdcc4e2d82d49f359298c8c2d49d8835dea4ff69c3,True,3
12115,7426,021026_ML.npy,2026-10-03,2026-10-03 00:55:55.066030,7C444D,P28A,PIPER AIRCRAFT CORP,PA-28-181,0b6fc51949845e20e0999c60a7a18fff461b428ca3de5677c68b20474f43daf0,True,1
12116,7427,021026_ML.npy,2026-10-03,2026-10-03 00:55:56.347638,7C444D,P28A,PIPER AIRCRAFT CORP,PA-28-181,d8ca3e90afb3bc1d4dca52ed572384b0662a75fc6da6c43081f935eb45116e9f,True,4
12117,7428,021026_ML.npy,2026-10-03,2026-10-03 00:55:58.525356,7C444D,P28A,PIPER AIRCRAFT CORP,PA-28-181,050fd8d56bb5bcb12691d28c11224ff7bebdcb5f8e071bec54dfebe659c826fc,True,4
12118,7429,021026_ML.npy,2026-10-03,2026-10-03 00:55:59.495138,7C444D,P28A,PIPER AIRCRAFT CORP,PA-28-181,ddd65db9b2cab1648158a5771acc60835ec488ebdcc2d16783619b410f9c8b48,True,4
12119,7430,021026_ML.npy,2026-10-03,2026-10-03 00:56:00.043017,7C444D,P28A,PIPER AIRCRAFT CORP,PA-28-181,0c1365695a10cd42ddfbaebc0352e6a37e988d59818f30d77a6702b81ef02aed,True,2
12120,7431,021026_ML.npy,2026-10-03,2026-10-03 00:56:00.372490,7C444D,P28A,PIPER AIRCRAFT CORP,PA-28-181,ef66634215e02ed38563abae1254eab0a379dffbc062f91f6f48a25c4e9c2607,True,2
12122,7433,021026_ML.npy,2026-10-03,2026-10-03 00:56:11.294023,7C444D,P28A,PIPER AIRCRAFT CORP,PA-28-181,2f146c0bc40fd3cbcf9dfa749515fdba067729a942ed76e5d6829aaebc2fe764,True,5
12123,7434,021026_ML.npy,2026-10-03,2026-10-03 00:56:14.119376,7C444D,P28A,PIPER AIRCRAFT CORP,PA-28-181,b0d62a1c12d0f0c2ce87b81ceacb00bf9bf7d771eef9ec7e2694445bbc2140e5,True,1
12124,7435,021026_ML.npy,2026-10-03,2026-10-03 00:56:15.611489,7C444D,P28A,PIPER AIRCRAFT CORP,PA-28-181,0f656bd7ec2b6d4bb7f1e08b74d4f579161f39763d61833a740b9cda41576e7a,True,4
12125,7436,021026_ML.npy,2026-10-03,2026-10-03 00:56:16.089296,7C444D,P28A,PIPER AIRCRAFT CORP,PA-28-181,d8ca3e90afb3bc1d4dca52ed572384b0662a75fc6da6c43081f935eb45116e9f,True,1
12126,7437,021026_ML.npy,2026-10-03,2026-10-03 00:56:16.549337,7C444D,P28A,PIPER AIRCRAFT CORP,PA-28-181,365da736a9fb669ddeddcd99594d70dc15184e4f902b50ca5fadd264dac5bc1e,True,4
12127,7438,021026_ML.npy,2026-10-03,2026-10-03 00:56:17.126796,7C444D,P28A,PIPER AIRCRAFT CORP,PA-28-181,e6ea8c101fc34efa0fae9be6108b823de4582962a9efb3ea5a12c8779da0c02a,True,5
12128,7439,021026_ML.npy,2026-10-03,2026-10-03 00:56:18.552564,7C444D,P28A,PIPER AIRCRAFT CORP,PA-28-181,d8ca3e90afb3bc1d4dca52ed572384b0662a75fc6da6c43081f935eb45116e9f,True,1
12129,7440,021026_ML.npy,2026-10-03,2026-10-03 00:56:18.630760,7C444D,P28A,PIPER AIRCRAFT CORP,PA-28-181,1358d37cbdcc93b04045916042441238fc8c6092fa62accb3dcd6d165fba62bc,True,1
12130,7441,021026_ML.npy,2026-10-03,2026-10-03 00:56:19.598493,7C444D,P28A,PIPER AIRCRAFT CORP,PA-28-181,4e909019da256b19c477dbc3959f4d30d380230827cd7f1b08f4e35936da163b,True,3
12131,7442,021026_ML.npy,2026-10-03,2026-10-03 00:56:21.852177,7C444D,P28A,PIPER AIRCRAFT CORP,PA-28-181,341543004e50a5c04bc8b5db38e95e352adc1791d2b19976aa51204cb85084d5,True,2
12132,7443,021026_ML.npy,2026-10-03,2026-10-03 00:56:22.861763,7C444D,P28A,PIPER AIRCRAFT CORP,PA-28-181,1150ba2629c8a025006a7d09c702c679b81f1b184b3d459502dcceddebc55e5f,True,4
12133,7444,021026_ML.npy,2026-10-03,2026-10-03 00:56:23.691645,7C444D,P28A,PIPER AIRCRAFT CORP,PA-28-181,a7f497e1184f8808815eb16b3487cdef83bac10d3a4a0d483cfe37564cab2a0a,True,4
12134,7445,021026_ML.npy,2026-10-03,2026-10-03 00:56:24.283081,7C444D,P28A,PIPER AIRCRAFT CORP,PA-28-181,afa854663cdacb259aa8c203df4da7bf9fd03c1a84ba0ff0f02460e42827e2bd,True,5
12135,7446,021026_ML.npy,2026-10-03,2026-10-03 00:56:24.377372,7C444D,P28A,PIPER AIRCRAFT CORP,PA-28-181,9e711e4abbc51a94e9b1e5de564084bdc976af8cfd5db0da96810f778f95e8cf,True,5
12136,7447,021026_ML.npy,2026-10-03,2026-10-03 00:56:24.787359,7C444D,P28A,PIPER AIRCRAFT CORP,PA-28-181,1ef202f5bf807b9ddc6f132388d8bbc55947b1df94faf978c65e0210e58db53e,True,5
12137,7448,021026_ML.npy,2026-10-03,2026-10-03 00:56:26.606938,7C444D,P28A,PIPER AIRCRAFT CORP,PA-28-181,9a194424e718313fa9fcc037c0289d0dcff70f6d1e457e5279afa0821cf39760,True,2
12138,7449,021026_ML.npy,2026-10-03,2026-10-03 00:56:27.159244,7C444D,P28A,PIPER AIRCRAFT CORP,PA-28-181,bdbea92283397c39fbb177d0e95a1912f7416a11383c2ccf93c282201996d94c,True,5
12139,7450,021026_ML.npy,2026-10-03,2026-10-03 00:56:30.517929,7C444D,P28A,PIPER AIRCRAFT CORP,PA-28-181,11b735c8549dee49acbbcda4fb342d3ac0960b5a5326ad44cac696d3474e6154,True,5
12140,7451,021026_ML.npy,2026-10-03,2026-10-03 00:56:32.639681,7C444D,P28A,PIPER AIRCRAFT CORP,PA-28-181,11144368bf8aac2e58e0c8bcc121196bbbc38db170c55e2d2234e19b76ecc4a4,True,2
12141,7452,021026_ML.npy,2026-10-03,2026-10-03 00:56:37.162791,7C444D,P28A,PIPER AIRCRAFT CORP,PA-28-181,2abd04ccd14d0cad963a05a20e9ba65694b7e9172351e4ca2148475e91f54d6a,True,3
12142,7453,021026_ML.npy,2026-10-03,2026-10-03 00:56:43.399308,7C444D,P28A,PIPER AIRCRAFT CORP,PA-28-181,72c45c9fa5ebc56a6cecd52d406f9fdf77c40d6cf15d82dd4366941bbc9015e0,True,5
12143,7454,021026_ML.npy,2026-10-03,2026-10-03 00:56:44.506899,7C444D,P28A,PIPER AIRCRAFT CORP,PA-28-181,7532719b3fd7d01e26e60f1656dc5a50de40343fdf6d2a60561ec0b1be5cc203,True,2
12144,7455,021026_ML.npy,2026-10-03,2026-10-03 00:56:48.544212,7C444D,P28A,PIPER AIRCRAFT CORP,PA-28-181,d8ca3e90afb3bc1d4dca52ed572384b0662a75fc6da6c43081f935eb45116e9f,True,5
12145,7456,021026_ML.npy,2026-10-03,2026-10-03 00:56:52.169272,7C444D,P28A,PIPER AIRCRAFT CORP,PA-28-181,d871ce9abba4db6cc71d1ad46b90a376f1505547de86134a6b407e06053fcdf7,True,1
12146,7457,021026_ML.npy,2026-10-03,2026-10-03 00:56:57.944379,7C444D,P28A,PIPER AIRCRAFT CORP,PA-28-181,e2cf6bf3481bc26c36a24942e01e3da7f622f93a13a868d9f9c2079752d3c8e8,True,1
12147,7458,021026_ML.npy,2026-10-03,2026-10-03 00:57:06.828035,7C444D,P28A,PIPER AIRCRAFT CORP,PA-28-181,42bf9317237f7d7ae6126060f54c0424a6355b943d59d58c2552bfb7330835f0,True,5
12151,7462,021026_ML.npy,2026-10-03,2026-10-03 00:58:02.173859,7C67D3,C172,CESSNA AIRCRAFT COMPANY,172S,c6ba026bd8f1f042b66a96201a81c8071731d9509d6ae0ff0099abe23faf8b8c,True,4
12154,7465,021026_ML.npy,2026-10-03,2026-10-03 00:58:07.145899,7C67D3,C172,CESSNA AIRCRAFT COMPANY,172S,f189fa0fa7050f3dfc45f135db40eab9f70b055354129d33ecc398cb68dfb157,True,1
12155,7466,021026_ML.npy,2026-10-03,2026-10-03 00:58:07.149499,7C67D3,C172,CESSNA AIRCRAFT COMPANY,172S,14c728cb05f581ee42bebd2070771a377d76c8e352ce24821c035c1cb649afdd,True,4
12159,7470,021026_ML.npy,2026-10-03,2026-10-03 00:58:10.352426,7C67D3,C172,CESSNA AIRCRAFT COMPANY,172S,4d8e0f6aeb3fb3dd443a3a040ba37edce956653b96b9bcb4e8b0d18e9a91c6b2,True,4
12164,7475,021026_ML.npy,2026-10-03,2026-10-03 00:58:19.607547,7C67D3,C172,CESSNA AIRCRAFT COMPANY,172S,98859d8ea52d3abc13b89f0cfa5ce70c558330590022b9c06eec1825df9c2c73,True,4
12167,7478,021026_ML.npy,2026-10-03,2026-10-03 00:58:20.623676,7C67D3,C172,CESSNA AIRCRAFT COMPANY,172S,4ab4098f43f9d68c288d29687aaa27e0241dc42bef6f4ebc877860336374a276,True,5
12170,7481,021026_ML.npy,2026-10-03,2026-10-03 00:58:26.133860,7C67D3,C172,CESSNA AIRCRAFT COMPANY,172S,a8654065ad08ce365d793bae3b5e8aba40bdad30dc985733e099ef87c5208f56,True,2
12171,7482,021026_ML.npy,2026-10-03,2026-10-03 00:58:26.140441,7C67D3,C172,CESSNA AIRCRAFT COMPANY,172S,7d2095493351e8cc54371c9a00cb9cad6bac68e1d166aa90bddf7103d8d521b5,True,1
12176,7487,021026_ML.npy,2026-10-03,2026-10-03 00:58:28.185017,7C67D3,C172,CESSNA AIRCRAFT COMPANY,172S,e7b508de1e12c3b890e93da1e367ce792294ab89d9ac8eaafb6fa7006830e169,True,4
12196,7507,021026_ML.npy,2026-10-03,2026-10-03 00:58:43.016559,7C67D3,C172,CESSNA AIRCRAFT COMPANY,172S,886cdeff567af2575bb1a5deace6be79f8c2852f2b7d29531299a73826d59829,True,3
12199,7510,021026_ML.npy,2026-10-03,2026-10-03 00:58:45.036390,7C67D3,C172,CESSNA AIRCRAFT COMPANY,172S,40ab35aa1b952b14f643981d174caa65579f200298c77298f6faa32b4034493c,True,2
12216,7527,021026_ML.npy,2026-10-03,2026-10-03 00:59:05.358775,7C67D3,C172,CESSNA AIRCRAFT COMPANY,172S,c610828c21c37d7ab5faa3704c021f0e7cae2c8f348104895ef4e4b3eb185d20,True,1
12218,7529,021026_ML.npy,2026-10-03,2026-10-03 00:59:10.236339,7C67D3,C172,CESSNA AIRCRAFT COMPANY,172S,c82c9e6308bd665cf415ddc12fd162ef776347b44026feabe7687f6419886d46,True,2
12219,7530,021026_ML.npy,2026-10-03,2026-10-03 00:59:10.242289,7C67D3,C172,CESSNA AIRCRAFT COMPANY,172S,5c9f0782cc44b2077793876d62074202895e9e1db814e1447d258f85281395fa,True,1
12224,7535,021026_ML.npy,2026-10-03,2026-10-03 00:59:18.518769,7C67D3,C172,CESSNA AIRCRAFT COMPANY,172S,495b61af90dcb155eb81f014492b8736d5346a73344be3a64b32d5fb2797f80e,True,4
12225,7536,021026_ML.npy,2026-10-03,2026-10-03 00:59:18.525738,7C67D3,C172,CESSNA AIRCRAFT COMPANY,172S,5a5dea463b1ee126b6e48bd6bee05a385dd9eaad780e9ced58c5f899a788bfb9,True,3
12234,7545,021026_ML.npy,2026-10-03,2026-10-03 01:02:18.004192,7C67D3,C172,CESSNA AIRCRAFT COMPANY,172S,e292ef080e6648c3d8d198c10a33c327a664b49a393df2e2ceeb021d5ed744ab,True,3
12237,7548,021026_ML.npy,2026-10-03,2026-10-03 01:02:20.021657,7C67D3,C172,CESSNA AIRCRAFT COMPANY,172S,c0b892088d3e2c123ed93145d83afbf9ad7993fd54e383437a91a1e28e33ffcb,True,2
12240,7551,021026_ML.npy,2026-10-03,2026-10-03 01:02:27.788291,7C67D3,C172,CESSNA AIRCRAFT COMPANY,172S,d215f9176b06c4bb1cc8fb7b28e6558887be61a6db793197cdfa023e92277a23,True,4
12251,7562,021026_ML.npy,2026-10-03,2026-10-03 01:02:41.248558,7C67D3,C172,CESSNA AIRCRAFT COMPANY,172S,98859d8ea52d3abc13b89f0cfa5ce70c558330590022b9c06eec1825df9c2c73,True,5
12258,7569,021026_ML.npy,2026-10-03,2026-10-03 01:02:48.689902,7C67D3,C172,CESSNA AIRCRAFT COMPANY,172S,98859d8ea52d3abc13b89f0cfa5ce70c558330590022b9c06eec1825df9c2c73,True,2
12260,7571,021026_ML.npy,2026-10-03,2026-10-03 01:02:53.574919,7C67D3,C172,CESSNA AIRCRAFT COMPANY,172S,98859d8ea52d3abc13b89f0cfa5ce70c558330590022b9c06eec1825df9c2c73,True,4
12261,7572,021026_ML.npy,2026-10-03,2026-10-03 01:02:56.029855,7C67D3,C172,CESSNA AIRCRAFT COMPANY,172S,98859d8ea52d3abc13b89f0cfa5ce70c558330590022b9c06eec1825df9c2c73,True,4
12265,7576,021026_ML.npy,2026-10-03,2026-10-03 01:03:05.000132,7C67D3,C172,CESSNA AIRCRAFT COMPANY,172S,a481b8288926a72e3333a21432d8e12dc6b133fdb7990cafa75b75971c23f20a,True,1
12266,7577,021026_ML.npy,2026-10-03,2026-10-03 01:03:05.004646,7C67D3,C172,CESSNA AIRCRAFT COMPANY,172S,8765896a84f6e90e1d5024b8687a6b4834d8636a713812e4dd5670bcf67ba5f5,True,3
12277,7588,021026_ML.npy,2026-10-03,2026-10-03 01:03:16.535717,7C67D3,C172,CESSNA AIRCRAFT COMPANY,172S,5145b56ebd0fef6a29d30041629e660b9c1e0bc41d19534d86d2c1ecd18b2aba,True,4
12282,7593,021026_ML.npy,2026-10-03,2026-10-03 01:03:31.369120,7C67D3,C172,CESSNA AIRCRAFT COMPANY,172S,bc58407091d59a644851245fea0c5a707c069cfddb675f1c267b8cf65e0b334d,True,1
12296,7607,021026_ML.npy,2026-10-03,2026-10-03 01:03:42.425629,7C41FD,DA40,DIAMOND AIRCRAFT INDUSTRIES INC.,DA 40,973aff9dad293f4db6c06dda49b0c7b14c9c7cd361a1f580d301160b67964ba0,True,5
12300,7611,021026_ML.npy,2026-10-03,2026-10-03 01:03:47.773435,7C67D3,C172,CESSNA AIRCRAFT COMPANY,172S,ec0806e0c0bf27616148f1ec37699ad41ad66e9e738e407f1a4caaca0fe3bfbc,True,2
12302,7613,021026_ML.npy,2026-10-03,2026-10-03 01:03:47.847066,7C41FD,DA40,DIAMOND AIRCRAFT INDUSTRIES INC.,DA 40,06c4a57d3cbac2fcdb71a19f0e01fb95927f0531edb382ce7dc9f9f9a8f1570b,True,4
12307,7618,021026_ML.npy,2026-10-03,2026-10-03 01:03:51.341245,7C41FD,DA40,DIAMOND AIRCRAFT INDUSTRIES INC.,DA 40,925d48f9018053f0acfc676522be2870d799f7d80f5fe83eacec1e96f4c252bf,True,2
12309,7620,021026_ML.npy,2026-10-03,2026-10-03 01:03:52.597029,7C67D3,C172,CESSNA AIRCRAFT COMPANY,172S,60f6678db7db1e077b660a54dbfce28d47fc637acea9927d226c8583b0c0d60f,True,1
12310,7621,021026_ML.npy,2026-10-03,2026-10-03 01:03:53.705909,7C67D3,C172,CESSNA AIRCRAFT COMPANY,172S,f19f918c94ccc4d6fc5e121842ef56dc48b0bbfb56fd6317ce83e8fe7dd2c4ce,True,2
12340,7651,021026_ML.npy,2026-10-03,2026-10-03 01:04:13.816974,7C67D3,C172,CESSNA AIRCRAFT COMPANY,172S,ae5a2563d9c5135c660a03d7dc14e1b0492562d010b86b41cc2c9595a04c2e8a,True,1
12345,7656,021026_ML.npy,2026-10-03,2026-10-03 01:04:21.540375,7C41FD,DA40,DIAMOND AIRCRAFT INDUSTRIES INC.,DA 40,43fb3b80f4069bb3eede09fd7465583a9bb9e4cd568259d28dc951b88a30890c,True,4
12347,7658,021026_ML.npy,2026-10-03,2026-10-03 01:07:33.290127,7C67D3,C172,CESSNA AIRCRAFT COMPANY,172S,03ada3e174d5fa142f16b3a25033100101ff7f8c7548257321a95cfcb68c38f3,True,3
12351,7662,021026_ML.npy,2026-10-03,2026-10-03 01:07:35.490367,7C67D3,C172,CESSNA AIRCRAFT COMPANY,172S,1de3d10f9671bdb255fbd6defa0c75dd3dba8355ccdaf7368a21967958aa1b2f,True,4
12354,7665,021026_ML.npy,2026-10-03,2026-10-03 01:07:37.939595,7C67D3,C172,CESSNA AIRCRAFT COMPANY,172S,b4a1631bb8961e937741a9ec882e9cb2fa8ce85e2f70a5f172e1dd896cd552de,True,5
12361,7672,021026_ML.npy,2026-10-03,2026-10-03 01:07:48.980268,7C67D3,C172,CESSNA AIRCRAFT COMPANY,172S,98859d8ea52d3abc13b89f0cfa5ce70c558330590022b9c06eec1825df9c2c73,True,3
12375,7686,021026_ML.npy,2026-10-03,2026-10-03 01:08:13.602664,7C67D3,C172,CESSNA AIRCRAFT COMPANY,172S,bc58407091d59a644851245fea0c5a707c069cfddb675f1c267b8cf65e0b334d,True,2
12382,7693,021026_ML.npy,2026-10-03,2026-10-03 01:08:17.392345,7C67D3,C172,CESSNA AIRCRAFT COMPANY,172S,63d16d03852222789817ab227860c3cef8dc1552af709373830914e3cd849bbd,True,4
12398,7709,021026_ML.npy,2026-10-03,2026-10-03 01:08:45.115917,7C67D3,C172,CESSNA AIRCRAFT COMPANY,172S,4d8e0f6aeb3fb3dd443a3a040ba37edce956653b96b9bcb4e8b0d18e9a91c6b2,True,4
12399,7710,021026_ML.npy,2026-10-03,2026-10-03 01:08:56.286464,7C67D3,C172,CESSNA AIRCRAFT COMPANY,172S,dbc52658fda2d190426f0f03ae84e195cc94c8970599f8e032a82726625b215b,True,2
12403,7714,021026_ML.npy,2026-10-03,2026-10-03 01:08:59.777867,7C67D3,C172,CESSNA AIRCRAFT COMPANY,172S,bc58407091d59a644851245fea0c5a707c069cfddb675f1c267b8cf65e0b334d,True,5
12418,7729,021026_ML.npy,2026-10-03,2026-10-03 01:12:39.248615,7C67D3,C172,CESSNA AIRCRAFT COMPANY,172S,ecf106b5d432991e66af86785b390c9588dc9a83a49e3702b8d903a7f1f0b477,True,4
12420,7731,021026_ML.npy,2026-10-03,2026-10-03 01:12:41.880659,7C67D3,C172,CESSNA AIRCRAFT COMPANY,172S,98859d8ea52d3abc13b89f0cfa5ce70c558330590022b9c06eec1825df9c2c73,True,5
12423,7734,021026_ML.npy,2026-10-03,2026-10-03 01:12:51.808201,7C67D3,C172,CESSNA AIRCRAFT COMPANY,172S,98859d8ea52d3abc13b89f0cfa5ce70c558330590022b9c06eec1825df9c2c73,True,4
12431,7742,021026_ML.npy,2026-10-03,2026-10-03 01:13:03.206024,7C67D3,C172,CESSNA AIRCRAFT COMPANY,172S,6fc840838f66c8b57dfe50a23c10df69f50a0ff9bc0ae9c004963c32ca5d0a79,True,1
12432,7743,021026_ML.npy,2026-10-03,2026-10-03 01:13:05.157696,7C67D3,C172,CESSNA AIRCRAFT COMPANY,172S,f513de625202d423422d14eda8a15121aa664645ba76298d871793c16765b40e,True,1
12433,7744,021026_ML.npy,2026-10-03,2026-10-03 01:13:05.161226,7C67D3,C172,CESSNA AIRCRAFT COMPANY,172S,ea895cf58eba7d78deb2cb204ffb834f6ec8582f34e2ac7e6231efa859052131,True,3
12436,7747,021026_ML.npy,2026-10-03,2026-10-03 01:13:07.078014,7C67D3,C172,CESSNA AIRCRAFT COMPANY,172S,bc58407091d59a644851245fea0c5a707c069cfddb675f1c267b8cf65e0b334d,True,3
12442,7753,021026_ML.npy,2026-10-03,2026-10-03 01:13:17.885180,7C67D3,C172,CESSNA AIRCRAFT COMPANY,172S,9107c46d4ccc543357d9479b864807c36f5565d7682f7ec34ce1a6d7bcd3a165,True,3
12445,7756,021026_ML.npy,2026-10-03,2026-10-03 01:13:21.807180,7C67D3,C172,CESSNA AIRCRAFT COMPANY,172S,0ed360d937d40e011ac66522441fa09306e0cc72320d7d4165729202d2f9ac10,True,1
12449,7760,021026_ML.npy,2026-10-03,2026-10-03 01:13:23.842920,7C67D3,C172,CESSNA AIRCRAFT COMPANY,172S,330ab37ed556bc9a0137ad5c1ba9ce38dd0a3482d1bcc48dd082dad7bbb92f1d,True,2
12450,7761,021026_ML.npy,2026-10-03,2026-10-03 01:13:23.850085,7C67D3,C172,CESSNA AIRCRAFT COMPANY,172S,391d28ec0654072299f7a54a2ed372af02f81a2db0ba04517600878736173f76,True,2
12462,7773,021026_ML.npy,2026-10-03,2026-10-03 01:13:59.132699,7C67D3,C172,CESSNA AIRCRAFT COMPANY,172S,98859d8ea52d3abc13b89f0cfa5ce70c558330590022b9c06eec1825df9c2c73,True,3
12494,7805,021026_ML.npy,2026-10-03,2026-10-03 01:14:41.572536,7C67D3,C172,CESSNA AIRCRAFT COMPANY,172S,98859d8ea52d3abc13b89f0cfa5ce70c558330590022b9c06eec1825df9c2c73,True,3
12506,7817,021026_ML.npy,2026-10-03,2026-10-03 01:17:57.608867,7C67D3,C172,CESSNA AIRCRAFT COMPANY,172S,25a504acd98e64dd0f56c76ce0146dddb2ef2c9f9838e96e16e9121f0d35832f,True,5
12508,7819,021026_ML.npy,2026-10-03,2026-10-03 01:18:01.286659,7C67D3,C172,CESSNA AIRCRAFT COMPANY,172S,e808377246a6d64272d0cc801292b30bd1473919a9756af520801c88d3ce94cb,True,5
12516,7827,021026_ML.npy,2026-10-03,2026-10-03 01:18:17.722880,7C67D3,C172,CESSNA AIRCRAFT COMPANY,172S,57827947a92fb9670884c67c60f7da1ebd4c0f735525880b3e7692148a1fc03c,True,4
12519,7830,021026_ML.npy,2026-10-03,2026-10-03 01:18:20.062538,7C67D3,C172,CESSNA AIRCRAFT COMPANY,172S,f6761e2eb8700b419273194347d02256d8ea502a0f6ca72969f7bb6f1dd5f078,True,3
12523,7834,021026_ML.npy,2026-10-03,2026-10-03 01:18:23.661992,7C67D3,C172,CESSNA AIRCRAFT COMPANY,172S,98859d8ea52d3abc13b89f0cfa5ce70c558330590022b9c06eec1825df9c2c73,True,4
12529,7840,021026_ML.npy,2026-10-03,2026-10-03 01:18:35.370852,7C67D3,C172,CESSNA AIRCRAFT COMPANY,172S,bc58407091d59a644851245fea0c5a707c069cfddb675f1c267b8cf65e0b334d,True,2
12531,7842,021026_ML.npy,2026-10-03,2026-10-03 01:18:36.403692,7C67D3,C172,CESSNA AIRCRAFT COMPANY,172S,51de1f6b9bfc383a83139d8118124bbfe3f1b3bf63b643280c8f7123afb32f57,True,2
12534,7845,021026_ML.npy,2026-10-03,2026-10-03 01:18:37.240915,7C67D3,C172,CESSNA AIRCRAFT COMPANY,172S,383bdf67d506e04cb2803d606900441414a7805a0055af88baebf5e59ee1ece5,True,1
12543,7854,021026_ML.npy,2026-10-03,2026-10-03 01:18:49.438979,7C67D3,C172,CESSNA AIRCRAFT COMPANY,172S,d674ff22f9bae47047f628bd73b514dc809bb464ea889e63e2473c8e7817c69e,True,5
12553,7864,021026_ML.npy,2026-10-03,2026-10-03 01:18:56.371826,7C0077,DA40,DIAMOND AIRCRAFT INDUSTRIES INC.,DA 40,282cd1aba136d48e82cd033f691e19006c41d7e6bdbf435a753ceb51c92e24ba,True,4
12554,7865,021026_ML.npy,2026-10-03,2026-10-03 01:18:56.532827,7C67D3,C172,CESSNA AIRCRAFT COMPANY,172S,bc58407091d59a644851245fea0c5a707c069cfddb675f1c267b8cf65e0b334d,True,4
12563,7874,021026_ML.npy,2026-10-03,2026-10-03 01:19:03.788866,7C0077,DA40,DIAMOND AIRCRAFT INDUSTRIES INC.,DA 40,282cd1aba136d48e82cd033f691e19006c41d7e6bdbf435a753ceb51c92e24ba,True,5
12565,7876,021026_ML.npy,2026-10-03,2026-10-03 01:19:04.254583,7C67D3,C172,CESSNA AIRCRAFT COMPANY,172S,d41ad658c9641d2d8d61ce62dae78c2447206ff29c1ac5fd41eed1e5a57e225f,True,1
12567,7878,021026_ML.npy,2026-10-03,2026-10-03 01:19:06.704180,7C67D3,C172,CESSNA AIRCRAFT COMPANY,172S,bc58407091d59a644851245fea0c5a707c069cfddb675f1c267b8cf65e0b334d,True,5
12589,7900,021026_ML.npy,2026-10-03,2026-10-03 01:19:30.504196,7C0077,DA40,DIAMOND AIRCRAFT INDUSTRIES INC.,DA 40,f7320f886c400d83cca085ae24c09c580b701001cac0d7359fdbd1ffe2062215,True,1
12596,7907,021026_ML.npy,2026-10-03,2026-10-03 01:19:40.307305,7C0077,DA40,DIAMOND AIRCRAFT INDUSTRIES INC.,DA 40,bc8ceee4a522749ec9175ff8d151d4c51042db33bf629a2e8528ab3f71f1f5e0,True,4
12599,7910,021026_ML.npy,2026-10-03,2026-10-03 01:19:46.544650,7C0077,DA40,DIAMOND AIRCRAFT INDUSTRIES INC.,DA 40,0ee95eebacb6c64161db7fb565b8770d74cf3d849667f5eabac3278d349ce5a7,True,1
12616,7927,021026_ML.npy,2026-10-03,2026-10-03 01:22:37.930250,7C67D3,C172,CESSNA AIRCRAFT COMPANY,172S,bc58407091d59a644851245fea0c5a707c069cfddb675f1c267b8cf65e0b334d,True,3
12630,7941,021026_ML.npy,2026-10-03,2026-10-03 01:22:52.913195,7C67D3,C172,CESSNA AIRCRAFT COMPANY,172S,bed314937bf28848b3cfd68fc5c8237d40aaac86e06a6f03e3b9052742d46874,True,5
12633,7944,021026_ML.npy,2026-10-03,2026-10-03 01:22:55.794372,7C67D3,C172,CESSNA AIRCRAFT COMPANY,172S,98859d8ea52d3abc13b89f0cfa5ce70c558330590022b9c06eec1825df9c2c73,True,1
12634,7945,021026_ML.npy,2026-10-03,2026-10-03 01:22:56.390285,7C67D3,C172,CESSNA AIRCRAFT COMPANY,172S,8d7c8b2b029f902776576ead02fd85870f4b542a61bdc1645aa6e83d0e51145a,True,3
12635,7946,021026_ML.npy,2026-10-03,2026-10-03 01:22:57.980825,7C67D3,C172,CESSNA AIRCRAFT COMPANY,172S,bc58407091d59a644851245fea0c5a707c069cfddb675f1c267b8cf65e0b334d,True,5
12644,7955,021026_ML.npy,2026-10-03,2026-10-03 01:23:05.682714,7C67D3,C172,CESSNA AIRCRAFT COMPANY,172S,98859d8ea52d3abc13b89f0cfa5ce70c558330590022b9c06eec1825df9c2c73,True,5
12645,7956,021026_ML.npy,2026-10-03,2026-10-03 01:23:09.640014,7C67D3,C172,CESSNA AIRCRAFT COMPANY,172S,bbadff60f24f55bc308d9a2f04673888defabf1d3eebcedbf73e95c7086d295a,True,2
12653,7964,021026_ML.npy,2026-10-03,2026-10-03 01:23:24.132621,7C67D3,C172,CESSNA AIRCRAFT COMPANY,172S,bc58407091d59a644851245fea0c5a707c069cfddb675f1c267b8cf65e0b334d,True,4
12657,7968,021026_ML.npy,2026-10-03,2026-10-03 01:23:28.489422,7C67D3,C172,CESSNA AIRCRAFT COMPANY,172S,a4e24dbc93647db7ef5bcef4b4c2b08d2309d1d13bd4bd28b6647193829ab39d,True,4
12660,7971,021026_ML.npy,2026-10-03,2026-10-03 01:23:32.059550,7C67D3,C172,CESSNA AIRCRAFT COMPANY,172S,57e0536914e62baec55ea9c68f92359091fe58a49ffcc225732eb23426cf08b5,True,5
12661,7972,021026_ML.npy,2026-10-03,2026-10-03 01:23:34.081875,7C67D3,C172,CESSNA AIRCRAFT COMPANY,172S,707609641e5947b51545c9c29c3c9cbbcaa9e2bbd6704511179bc12a05046503,True,4
12665,7976,021026_ML.npy,2026-10-03,2026-10-03 01:23:57.985032,7C67D3,C172,CESSNA AIRCRAFT COMPANY,172S,bb48691412896d9fd2eb6e3659cdb29fa8a70b0a878cd5357b25be0ca94a314f,True,5
12667,7978,021026_ML.npy,2026-10-03,2026-10-03 01:24:17.243447,7C67D3,C172,CESSNA AIRCRAFT COMPANY,172S,626a2f661b0036c18dc2db5053e3b8c40393958ff23e653bc701a374715bc2fd,True,2
12672,7983,021026_ML.npy,2026-10-03,2026-10-03 01:27:27.849523,7C67D3,C172,CESSNA AIRCRAFT COMPANY,172S,f8c6a212473d2c07990f93b122b7be44102d1abb15f3208b1901dc1fa75c9717,True,1
12679,7990,021026_ML.npy,2026-10-03,2026-10-03 01:27:44.319447,7C67D3,C172,CESSNA AIRCRAFT COMPANY,172S,55ebbbd7e26ccc1873df7bac28a1d4e97ff353a41e7de33cd58033317087879e,True,1
12681,7992,021026_ML.npy,2026-10-03,2026-10-03 01:27:45.723681,7C67D3,C172,CESSNA AIRCRAFT COMPANY,172S,56488520b5d0458153bd3d669ff99798caa1fc25a2534322aac6e45f19290383,True,2
12686,7997,021026_ML.npy,2026-10-03,2026-10-03 01:27:51.822218,7C67D3,C172,CESSNA AIRCRAFT COMPANY,172S,d21cccfdfbfd3b65c3a0cc87a0cdf808ee23e53f07da9d9b503f890f037e5a22,True,5
12689,8000,021026_ML.npy,2026-10-03,2026-10-03 01:27:56.938911,7C67D3,C172,CESSNA AIRCRAFT COMPANY,172S,5ae6091ebd0e979c517836cecdaa327d40990194537b55025b8d3858072f5346,True,3
12695,8006,021026_ML.npy,2026-10-03,2026-10-03 01:28:04.273748,7C67D3,C172,CESSNA AIRCRAFT COMPANY,172S,c62d8f64035b44e365438b58a59c0fc1d0ab8c1a340bb19ab61b01ff865d993a,True,3
12701,8012,021026_ML.npy,2026-10-03,2026-10-03 01:28:15.769801,7C67D3,C172,CESSNA AIRCRAFT COMPANY,172S,d76714653ada717691df80be6507cca17d42ae6555e8802d39b8569b31217c58,True,3
12703,8014,021026_ML.npy,2026-10-03,2026-10-03 01:28:18.739654,7C67D3,C172,CESSNA AIRCRAFT COMPANY,172S,2f1f1d884bc11f0d007605eee5c9184bf93b04d5e41900af695b92f5b71a5271,True,2
12733,8044,021026_ML.npy,2026-10-03,2026-10-03 01:28:49.040191,7C67D3,C172,CESSNA AIRCRAFT COMPANY,172S,e487b5ad9e6585607bb6e95050f8d97fd2c141c47cab891dcc0891780b73f129,True,2
12734,8045,021026_ML.npy,2026-10-03,2026-10-03 01:28:49.484913,7C67D3,C172,CESSNA AIRCRAFT COMPANY,172S,45cfaca286628a0babd13dc8ac246654995c32a630f2ae91983cbc5bdb04c374,True,3
12740,8051,021026_ML.npy,2026-10-03,2026-10-03 01:29:02.693469,7C67D3,C172,CESSNA AIRCRAFT COMPANY,172S,9ed15d14c2c5264a62966f750d24b317da92b4fcebfccfbcded2d10bd96a5238,True,3
12807,8118,021026_ML.npy,2026-10-03,2026-10-03 01:32:09.866275,7C67D3,C172,CESSNA AIRCRAFT COMPANY,172S,9977495f660950174d7dec8bbd7c8cc4e815354ff5aaac47aa1876b7d905948f,True,4
12810,8121,021026_ML.npy,2026-10-03,2026-10-03 01:32:19.808751,7C67D3,C172,CESSNA AIRCRAFT COMPANY,172S,571623b9b8ac0000019039c0713ee5714f31fe01c1b8559bb1ba2c64a061476a,True,1
12812,8123,021026_ML.npy,2026-10-03,2026-10-03 01:32:24.602166,7C67D3,C172,CESSNA AIRCRAFT COMPANY,172S,020f6f0b023d9aac2b00d55cf8b5d5ffd66424e7b9dd7a721d009f2b911f9379,True,3
12813,8124,021026_ML.npy,2026-10-03,2026-10-03 01:32:25.409563,7C67D3,C172,CESSNA AIRCRAFT COMPANY,172S,c0b892088d3e2c123ed93145d83afbf9ad7993fd54e383437a91a1e28e33ffcb,True,2
12817,8128,021026_ML.npy,2026-10-03,2026-10-03 01:32:26.549806,7C67D3,C172,CESSNA AIRCRAFT COMPANY,172S,cdebbcbeaf0550b38915a7202c25b57d5d1b42f994f4ea872d2edd72ca63debd,True,4
12822,8133,021026_ML.npy,2026-10-03,2026-10-03 01:32:30.259182,7C67D3,C172,CESSNA AIRCRAFT COMPANY,172S,c0b892088d3e2c123ed93145d83afbf9ad7993fd54e383437a91a1e28e33ffcb,True,5
12823,8134,021026_ML.npy,2026-10-03,2026-10-03 01:32:33.851243,7C67D3,C172,CESSNA AIRCRAFT COMPANY,172S,7e445ab38695cacf602dc93542480ab20e21da9eb4a15f57d2ecf3cb88c3fa11,True,1
12828,8139,021026_ML.npy,2026-10-03,2026-10-03 01:32:42.293782,7C67D3,C172,CESSNA AIRCRAFT COMPANY,172S,dfbc85dc667f5419779efbb2343c526eeea35ab7491d3883749de857d7180d9c,True,2
12830,8141,021026_ML.npy,2026-10-03,2026-10-03 01:32:45.914654,7C67D3,C172,CESSNA AIRCRAFT COMPANY,172S,bc58407091d59a644851245fea0c5a707c069cfddb675f1c267b8cf65e0b334d,True,4
12831,8142,021026_ML.npy,2026-10-03,2026-10-03 01:32:46.671786,7C67D3,C172,CESSNA AIRCRAFT COMPANY,172S,9a5185b8f0bbb2ef6fa0bfbf8cb5e9da77677b1e10387895b865b5139a3a8cf7,True,1
12833,8144,021026_ML.npy,2026-10-03,2026-10-03 01:32:48.714175,7C67D3,C172,CESSNA AIRCRAFT COMPANY,172S,3676b738a8b37e17861c91050ecbc7de9d36aa9f36cbc8f50477bfe60798a61d,True,2
12834,8145,021026_ML.npy,2026-10-03,2026-10-03 01:32:52.225592,7C67D3,C172,CESSNA AIRCRAFT COMPANY,172S,bc58407091d59a644851245fea0c5a707c069cfddb675f1c267b8cf65e0b334d,True,3
12849,8160,021026_ML.npy,2026-10-03,2026-10-03 01:33:04.821780,7C67D3,C172,CESSNA AIRCRAFT COMPANY,172S,97f41b4ed1058bdfa0a68e0c35ffff26662915417c68c697377f689ffaa1c1ca,True,1
12850,8161,021026_ML.npy,2026-10-03,2026-10-03 01:33:04.826516,7C67D3,C172,CESSNA AIRCRAFT COMPANY,172S,7f4c9af9aa6fc4e8346e4f15957a9dc08406bf179ab977139d3a54fd4e4033a8,True,2
12855,8166,021026_ML.npy,2026-10-03,2026-10-03 01:33:10.350976,7C67D3,C172,CESSNA AIRCRAFT COMPANY,172S,4d8e0f6aeb3fb3dd443a3a040ba37edce956653b96b9bcb4e8b0d18e9a91c6b2,True,1
12862,8173,021026_ML.npy,2026-10-03,2026-10-03 01:33:51.793706,7C67D3,C172,CESSNA AIRCRAFT COMPANY,172S,fa107cb8c460c4910baa2d8c66b865cdf6b4cad6a3641d21e7756ee01bac4cd5,True,1
12863,8174,021026_ML.npy,2026-10-03,2026-10-03 01:33:53.565810,7C67D3,C172,CESSNA AIRCRAFT COMPANY,172S,50321bc2cae87e871ab567532d559530489df26f6f8c82fa214cf2e8119b9087,True,3
12866,8177,021026_ML.npy,2026-10-03,2026-10-03 01:33:55.183446,7C67D3,C172,CESSNA AIRCRAFT COMPANY,172S,c0b892088d3e2c123ed93145d83afbf9ad7993fd54e383437a91a1e28e33ffcb,True,5
12868,8179,021026_ML.npy,2026-10-03,2026-10-03 01:33:59.472998,7C67D3,C172,CESSNA AIRCRAFT COMPANY,172S,317cbcab40c1c9c03dd944299a706e633d1f400f9ad3703d4e95e09755e5d19c,True,5
12874,8185,021026_ML.npy,2026-10-03,2026-10-03 01:34:07.017613,7C67D3,C172,CESSNA AIRCRAFT COMPANY,172S,ab1a602be6c9273b2337f62d0d33bec85cf733325e390d6d974de98f8d57153c,True,2
12879,8190,021026_ML.npy,2026-10-03,2026-10-03 01:34:16.008158,7C67D3,C172,CESSNA AIRCRAFT COMPANY,172S,beced7c831d9b04f758adfd11d1314c1009044aca67cbd0572b79f6ad81d9d20,True,4
12883,8194,021026_ML.npy,2026-10-03,2026-10-03 01:34:29.124245,7C67D3,C172,CESSNA AIRCRAFT COMPANY,172S,45cc1889df6b6ccbe38ba064bb0c95e6b84de70ddc766b88615e024e51ed7f48,True,5
12886,8197,021026_ML.npy,2026-10-03,2026-10-03 01:34:53.444655,7C67D3,C172,CESSNA AIRCRAFT COMPANY,172S,3b30ab35bbd2546810a8cf71ca3f364cee410068c08d734ad4d45889215d4b60,True,4
12888,8199,021026_ML.npy,2026-10-03,2026-10-03 01:46:37.000192,7C259E,P28A,PIPER AIRCRAFT CORP,PA-28-180,4bbd486e319a4f3285b79de2649a09eab62a1d00ace42fad0ba0e933d69659f4,True,3
12889,8200,021026_ML.npy,2026-10-03,2026-10-03 01:46:49.716505,7C259E,P28A,PIPER AIRCRAFT CORP,PA-28-180,aeb3f2b189e6ad0c5d42f8633a385f839e12cbe257a098945785ae532a8afb07,True,5
12890,8201,021026_ML.npy,2026-10-03,2026-10-03 01:46:49.722795,7C259E,P28A,PIPER AIRCRAFT CORP,PA-28-180,322372eaa180ab98bb3df513cbb46739af78bf3a5c8a83d1081b99be471479f8,True,3
12891,8202,021026_ML.npy,2026-10-03,2026-10-03 01:46:51.639210,7C259E,P28A,PIPER AIRCRAFT CORP,PA-28-180,bf54b17a91adb96a3c1dea0c09053505e66867d3c1f59a98e508f779650a9d2f,True,1
12892,8203,021026_ML.npy,2026-10-03,2026-10-03 01:46:51.643947,7C259E,P28A,PIPER AIRCRAFT CORP,PA-28-180,14ae5bad8c233ee2bddae82a671a102f56aaf0022629e18a71a4c425f5d4eb46,True,5
12893,8204,021026_ML.npy,2026-10-03,2026-10-03 01:46:52.286282,7C259E,P28A,PIPER AIRCRAFT CORP,PA-28-180,cd3724509647243e1d36ddb3e2d81ca575a6049b74255801f3471c7a8166350f,True,1
12894,8205,021026_ML.npy,2026-10-03,2026-10-03 01:46:53.922377,7C259E,P28A,PIPER AIRCRAFT CORP,PA-28-180,f7ec01998ce97822b615f0b9bed82e02aa2839a0cb3cfdd0dcdf02c267acc685,True,1
12895,8206,021026_ML.npy,2026-10-03,2026-10-03 01:46:53.929486,7C259E,P28A,PIPER AIRCRAFT CORP,PA-28-180,394d3d5f6c8e816bc0331b337563ba77e1c35525c427835cbd2da45d3c88550c,True,4
12896,8207,021026_ML.npy,2026-10-03,2026-10-03 01:46:58.673724,7C259E,P28A,PIPER AIRCRAFT CORP,PA-28-180,1074b1706d53eaa0acd1b537ea98327480158303702f593d7b82e65d34f94206,True,4
12897,8208,021026_ML.npy,2026-10-03,2026-10-03 01:47:04.582619,7C259E,P28A,PIPER AIRCRAFT CORP,PA-28-180,e8d389815498d680d4b76ff328a48ccc617d533a274affcf12842560fc26ce7c,True,2
12898,8209,021026_ML.npy,2026-10-03,2026-10-03 01:48:00.196356,7C259E,P28A,PIPER AIRCRAFT CORP,PA-28-180,e2ac5c2f8f64089c0b64f5149819b61bd7b4f49952d3a6ba43473801ed89660f,True,5
12899,8210,021026_ML.npy,2026-10-03,2026-10-03 01:51:01.343339,7C259E,P28A,PIPER AIRCRAFT CORP,PA-28-180,cd3724509647243e1d36ddb3e2d81ca575a6049b74255801f3471c7a8166350f,True,5
12900,8211,021026_ML.npy,2026-10-03,2026-10-03 01:51:02.394994,7C259E,P28A,PIPER AIRCRAFT CORP,PA-28-180,1da0c10223e5e26a24fdd184a4336a68a48c2df7232957ac10630f1dbafb68f5,True,3
12901,8212,021026_ML.npy,2026-10-03,2026-10-03 01:51:02.427903,7C259E,P28A,PIPER AIRCRAFT CORP,PA-28-180,0c5271b3cfcd87296376ee02518d00deb4d696bc4a4cef1ee84cb96e86910c50,True,5
12902,8213,021026_ML.npy,2026-10-03,2026-10-03 01:51:05.012710,7C259E,P28A,PIPER AIRCRAFT CORP,PA-28-180,ef425058b56b269cb81a23dc3ab9bedb09018ea247e5662edc11fffb8f9c0d6c,True,3
12903,8214,021026_ML.npy,2026-10-03,2026-10-03 01:51:06.256375,7C259E,P28A,PIPER AIRCRAFT CORP,PA-28-180,c53897d319c1918613fba30fc53a92fbca1adb3ffdce354a4d40b3590f230d92,True,1
12904,8215,021026_ML.npy,2026-10-03,2026-10-03 01:51:09.399326,7C259E,P28A,PIPER AIRCRAFT CORP,PA-28-180,0deb121656dec76797b425d8275ee8219694d155ef2762661bb229488f307fd5,True,3
12905,8216,021026_ML.npy,2026-10-03,2026-10-03 01:51:13.632153,7C259E,P28A,PIPER AIRCRAFT CORP,PA-28-180,cd3724509647243e1d36ddb3e2d81ca575a6049b74255801f3471c7a8166350f,True,4
12906,8217,021026_ML.npy,2026-10-03,2026-10-03 01:51:16.229430,7C259E,P28A,PIPER AIRCRAFT CORP,PA-28-180,cd3724509647243e1d36ddb3e2d81ca575a6049b74255801f3471c7a8166350f,True,5
12907,8218,021026_ML.npy,2026-10-03,2026-10-03 01:55:08.876700,7C259E,P28A,PIPER AIRCRAFT CORP,PA-28-180,e08dedbcd3e289e4f5e1cc5d87e656e445c495cf2804cbe6678dc74aca2ee743,True,1
12908,8219,021026_ML.npy,2026-10-03,2026-10-03 01:55:08.880281,7C259E,P28A,PIPER AIRCRAFT CORP,PA-28-180,722d3287d32f4ea9d629da31ab65cad06c1bc42475fc493e9801fb78fc6827e1,True,3
12909,8220,021026_ML.npy,2026-10-03,2026-10-03 01:55:11.389743,7C259E,P28A,PIPER AIRCRAFT CORP,PA-28-180,c1a0aad8940dd6e152344fb57a1abdb53b8dcc3c1dfc4357998e650178b25e39,True,5
12910,8221,021026_ML.npy,2026-10-03,2026-10-03 01:55:11.396366,7C259E,P28A,PIPER AIRCRAFT CORP,PA-28-180,d1fc51bcaa59d36301c4ae35d25e8eeca90075f6195a4b56ea697cd1650ad5eb,True,2
12911,8222,021026_ML.npy,2026-10-03,2026-10-03 01:55:12.424999,7C259E,P28A,PIPER AIRCRAFT CORP,PA-28-180,e967a6448b318b00cf2e9d511e7727f6e881f3ea25e5396c165bd7c1104f2337,True,5
12912,8223,021026_ML.npy,2026-10-03,2026-10-03 01:55:21.397207,7C259E,P28A,PIPER AIRCRAFT CORP,PA-28-180,f12b7817920343050a15b50a698c8a183efb1ba1212f0f34ff3802f1dc3263ba,True,1
12913,8224,021026_ML.npy,2026-10-03,2026-10-03 01:55:21.404254,7C259E,P28A,PIPER AIRCRAFT CORP,PA-28-180,87e4b6be3ec8594fe3643bf51821c6766ea7a487162ea189e45ca9c05e1ecd55,True,3
12914,8225,021026_ML.npy,2026-10-03,2026-10-03 01:55:21.919752,7C259E,P28A,PIPER AIRCRAFT CORP,PA-28-180,6d230c948003e5bf6dadc2d00695f7c1f0979acf40e4942170dab43053b8dab6,True,1
12915,8226,021026_ML.npy,2026-10-03,2026-10-03 01:55:21.924068,7C259E,P28A,PIPER AIRCRAFT CORP,PA-28-180,cc5852f742a3eff1f581c6cb989434a350a98628479e3c550f797f5a4d21a8c4,True,5
12916,8227,021026_ML.npy,2026-10-03,2026-10-03 01:55:24.441341,7C259E,P28A,PIPER AIRCRAFT CORP,PA-28-180,2e1abc32defce7e2534cee836076c2cdc965eab305b2209b024acc943f7df1bf,True,5
12917,8228,021026_ML.npy,2026-10-03,2026-10-03 01:55:24.444594,7C259E,P28A,PIPER AIRCRAFT CORP,PA-28-180,f4949efe47bb25b117bb76f6d3413a582d9c21e2d049b89b80f9999b5adf5050,True,2
12918,8229,021026_ML.npy,2026-10-03,2026-10-03 01:55:24.919777,7C259E,P28A,PIPER AIRCRAFT CORP,PA-28-180,3d91aa72afb09effedc55d8c9e7e59cf3f35699d278641e13c81bdbd218e5d51,True,3
12919,8230,021026_ML.npy,2026-10-03,2026-10-03 01:55:24.923313,7C259E,P28A,PIPER AIRCRAFT CORP,PA-28-180,d32eec3942a808c6baa67ba2ffee566466503e00851255ccc402ebabaf28df03,True,5
12920,8231,021026_ML.npy,2026-10-03,2026-10-03 01:59:34.185501,7C259E,P28A,PIPER AIRCRAFT CORP,PA-28-180,c0583ae35f3fce2b200a1bdce6a0489d3fe612c9342342575c04c9be630712d2,True,3
12921,8232,021026_ML.npy,2026-10-03,2026-10-03 01:59:34.191949,7C259E,P28A,PIPER AIRCRAFT CORP,PA-28-180,2bfe318c6f8895e9b41fbb161188f30daf2c6ba1dea678032f46ebaed7604c3b,True,5
12922,8233,021026_ML.npy,2026-10-03,2026-10-03 01:59:35.876661,7C259E,P28A,PIPER AIRCRAFT CORP,PA-28-180,48a842de81e76a295ae0983d6e8ff11c8feeb7c77545aa4411da3a5b86c420a3,True,1
12923,8234,021026_ML.npy,2026-10-03,2026-10-03 01:59:36.350867,7C259E,P28A,PIPER AIRCRAFT CORP,PA-28-180,98e35ddba2d8ca452996151abc07bf2383182162795b616d98d66032fe9979f0,True,5
12924,8235,021026_ML.npy,2026-10-03,2026-10-03 01:59:39.633393,7C259E,P28A,PIPER AIRCRAFT CORP,PA-28-180,cd3724509647243e1d36ddb3e2d81ca575a6049b74255801f3471c7a8166350f,True,5
12925,8236,021026_ML.npy,2026-10-03,2026-10-03 01:59:41.279070,7C259E,P28A,PIPER AIRCRAFT CORP,PA-28-180,b1a5e05a166f8b4675eda9876533db22cb2ab83d4fea26e0ed97bc813acbb8b2,True,1
12926,8237,021026_ML.npy,2026-10-03,2026-10-03 01:59:41.283974,7C259E,P28A,PIPER AIRCRAFT CORP,PA-28-180,06b5056ce833e0e19f99d56700ea807b113b2cf3137084d95e5991a4667605fd,True,3
12927,8238,021026_ML.npy,2026-10-03,2026-10-03 01:59:42.233459,7C259E,P28A,PIPER AIRCRAFT CORP,PA-28-180,de21a962fcc9d82cfe307774461b516cc5d1f3027eb1c71ac5e02173780fe888,True,1
12928,8239,021026_ML.npy,2026-10-03,2026-10-03 01:59:42.238702,7C259E,P28A,PIPER AIRCRAFT CORP,PA-28-180,18405c8a1eda6a69793067ec47d58c51bdf3725f2cb90570d2db3832aceab826,True,3
12929,8240,021026_ML.npy,2026-10-03,2026-10-03 01:59:45.121371,7C259E,P28A,PIPER AIRCRAFT CORP,PA-28-180,fe7004b83ee24d4b7a3a4e53d7c3107cac8b24817bca2fe322e32846d9b8de0a,True,5
12930,8241,021026_ML.npy,2026-10-03,2026-10-03 01:59:48.697757,7C259E,P28A,PIPER AIRCRAFT CORP,PA-28-180,c8972aeb55691876eabfdbef751fa0602e8173fec3366a041134d127ba91d2ba,True,3
12931,8242,021026_ML.npy,2026-10-03,2026-10-03 02:03:41.459100,7C259E,P28A,PIPER AIRCRAFT CORP,PA-28-180,cd3724509647243e1d36ddb3e2d81ca575a6049b74255801f3471c7a8166350f,True,4
12932,8243,021026_ML.npy,2026-10-03,2026-10-03 02:03:41.537657,7C259E,P28A,PIPER AIRCRAFT CORP,PA-28-180,361c4451d2e417b3c7e5576e7cea79f6a37bcc5dbb998b3076ed0be9e42e9b9c,True,5
12933,8244,021026_ML.npy,2026-10-03,2026-10-03 02:03:41.541866,7C259E,P28A,PIPER AIRCRAFT CORP,PA-28-180,87e029aae7f9a722fac81a9bb3a6255e6ca3059fbae903b64c963b27f3355cce,True,5
12934,8245,021026_ML.npy,2026-10-03,2026-10-03 02:03:48.907237,7C259E,P28A,PIPER AIRCRAFT CORP,PA-28-180,cd3724509647243e1d36ddb3e2d81ca575a6049b74255801f3471c7a8166350f,True,4
12935,8246,021026_ML.npy,2026-10-03,2026-10-03 02:03:51.951657,7C259E,P28A,PIPER AIRCRAFT CORP,PA-28-180,0c5271b3cfcd87296376ee02518d00deb4d696bc4a4cef1ee84cb96e86910c50,True,4
12936,8247,021026_ML.npy,2026-10-03,2026-10-03 02:03:53.825947,7C259E,P28A,PIPER AIRCRAFT CORP,PA-28-180,5c81cd219ab72cd3401ab47fe813752053db71f6c6970c8eb1865750f9315d40,True,5
12937,8248,021026_ML.npy,2026-10-03,2026-10-03 02:03:53.832647,7C259E,P28A,PIPER AIRCRAFT CORP,PA-28-180,de42093627014c89ac3f23c7dfd777f8ffeea911f66fce118e3d1081aa91f0b6,True,1
12938,8249,021026_ML.npy,2026-10-03,2026-10-03 02:03:58.953234,7C259E,P28A,PIPER AIRCRAFT CORP,PA-28-180,bea9a1cd9d0de70657505f31234c335c4b2f52d33780b2a1554db2e998291ec1,True,4
12940,8251,021026_ML.npy,2026-10-03,2026-10-03 02:04:06.493852,7C259E,P28A,PIPER AIRCRAFT CORP,PA-28-180,cd3724509647243e1d36ddb3e2d81ca575a6049b74255801f3471c7a8166350f,True,3
12941,8252,021026_ML.npy,2026-10-03,2026-10-03 02:04:12.427939,7C259E,P28A,PIPER AIRCRAFT CORP,PA-28-180,e0365171270e1c4827e431bec65f386b5186db9911c4bd595ad4714c5c452670,True,1
12942,8253,021026_ML.npy,2026-10-03,2026-10-03 02:04:12.435020,7C259E,P28A,PIPER AIRCRAFT CORP,PA-28-180,041145fed502638f79e9dc125f3a2830f23ee31ad7ff2faa634e5ce6e203b015,True,5
12943,8254,021026_ML.npy,2026-10-03,2026-10-03 02:04:16.983439,7C259E,P28A,PIPER AIRCRAFT CORP,PA-28-180,17e962c3d1a439e08de2f65ce05c2223577d661fe70a4d4de0564a3bcb40fdb7,True,5
12947,8258,021026_ML.npy,2026-10-03,2026-10-03 02:06:52.616045,7C7144,C172,CESSNA AIRCRAFT COMPANY,172N,b99ab38cbbce6321f1a2930a76a9333b8fef5b10949fa81f3c4bc9abe164153e,True,1
12949,8260,021026_ML.npy,2026-10-03,2026-10-03 02:06:53.139766,7C7144,C172,CESSNA AIRCRAFT COMPANY,172N,2c8322bf9e74649057f9e98644fc64fa3067f384f8e2249101cd633403cde3fd,True,5
12955,8266,021026_ML.npy,2026-10-03,2026-10-03 02:06:59.456327,7C7144,C172,CESSNA AIRCRAFT COMPANY,172N,945005b160e3056f8ebfe75c2d38a7d45861d3c049aa279a8479033f476a950a,True,1
13015,8326,021026_ML.npy,2026-10-03,2026-10-03 02:16:14.506803,7C7144,C172,CESSNA AIRCRAFT COMPANY,172N,25ecffd02a618058de3b2945417e026c76c8237f5d9bff411fb8d6879bd15d24,True,3
13024,8335,021026_ML.npy,2026-10-03,2026-10-03 02:16:25.927143,7C7144,C172,CESSNA AIRCRAFT COMPANY,172N,05b60d9733356e4ac28fb9d65dc168f38e871d6c2224fc99d3281b38d5275336,True,1
13025,8336,021026_ML.npy,2026-10-03,2026-10-03 02:16:26.797546,7C7144,C172,CESSNA AIRCRAFT COMPANY,172N,a75c599da3aed9986b0c398a90238b54b7ccf22f1410bf2fb3edc89856f09ded,True,2
13028,8339,021026_ML.npy,2026-10-03,2026-10-03 02:16:35.349530,7C7144,C172,CESSNA AIRCRAFT COMPANY,172N,6684cc73cfd7807d42c99e8da9e6fa805dad59a3bbe986d5cdda937228478297,True,1
13033,8344,021026_ML.npy,2026-10-03,2026-10-03 02:17:04.176087,7C7144,C172,CESSNA AIRCRAFT COMPANY,172N,f69c0de6637d1518d78657c3b6c649129c52ac27eb8015bbb9fdd122b79c3a49,True,5
13036,8347,021026_ML.npy,2026-10-03,2026-10-03 02:17:44.827409,7C7144,C172,CESSNA AIRCRAFT COMPANY,172N,ed330cd9aaab561a6052baa3e0ec25e779fd7a190e1195891e314aab08df22f6,True,3
13050,8361,021026_ML.npy,2026-10-03,2026-10-03 02:21:14.921551,7C7144,C172,CESSNA AIRCRAFT COMPANY,172N,a36e59fd33a46e58c4f2ae8f094f950fc5c6c82824652b835cc94ee250ce2436,True,2
13056,8367,021026_ML.npy,2026-10-03,2026-10-03 02:21:26.388547,7C7144,C172,CESSNA AIRCRAFT COMPANY,172N,52ffb41d68c4f4c8c630a2d3fee1af1b39208ca93a546b54bc0d8425a9d8b371,True,2
13059,8370,021026_ML.npy,2026-10-03,2026-10-03 02:21:28.455002,7C7144,C172,CESSNA AIRCRAFT COMPANY,172N,05b4b8ea4e48ffaaf145c8c4dff7554e80c748b606c8e40b164193cd2f39cbd3,True,2
13061,8372,021026_ML.npy,2026-10-03,2026-10-03 02:21:30.123232,7C7144,C172,CESSNA AIRCRAFT COMPANY,172N,25ecffd02a618058de3b2945417e026c76c8237f5d9bff411fb8d6879bd15d24,True,3
13062,8373,021026_ML.npy,2026-10-03,2026-10-03 02:21:34.082387,7C7144,C172,CESSNA AIRCRAFT COMPANY,172N,2799be71461cc71ea96e9dc75a30ccab0748ab7cec53ed3669ab727e61a87572,True,3
13063,8374,021026_ML.npy,2026-10-03,2026-10-03 02:21:34.519795,7C7144,C172,CESSNA AIRCRAFT COMPANY,172N,24d4bbdeaaac44b02c6b03daec6e26a9ba6e70b2b5e352f2faf2028dabb981ce,True,5
13070,8381,021026_ML.npy,2026-10-03,2026-10-03 02:21:39.990148,7C7144,C172,CESSNA AIRCRAFT COMPANY,172N,9a9307cfc30ad24712096b5bccbc401535f803943106ff28422915478df478a1,True,1
13076,8387,021026_ML.npy,2026-10-03,2026-10-03 02:22:00.358849,7C7144,C172,CESSNA AIRCRAFT COMPANY,172N,44c74ceeb76096e8505eeee72ade0f0d2590be18edcca15f56f81f774354368a,True,2
13077,8388,021026_ML.npy,2026-10-03,2026-10-03 02:22:00.363774,7C7144,C172,CESSNA AIRCRAFT COMPANY,172N,9e4864ad471ca09ffa71a94c17cb4f4418b669a7ea5976326d8c947bbc46df3a,True,3
13079,8390,021026_ML.npy,2026-10-03,2026-10-03 02:22:00.895500,7C7144,C172,CESSNA AIRCRAFT COMPANY,172N,bea99e0fec842cb31f0b4fe50b4c978df1ab807417deef81f02c5fcf10e09d65,True,5
13104,8415,021026_ML.npy,2026-10-03,2026-10-03 02:25:47.622643,7C7144,C172,CESSNA AIRCRAFT COMPANY,172N,dba24bd4db04308f7b44d6e1bb9a836ed57fb89865f91517c9cae6e3a3882818,True,5
13108,8419,021026_ML.npy,2026-10-03,2026-10-03 02:25:59.349547,7C7144,C172,CESSNA AIRCRAFT COMPANY,172N,47bf27b712391952d0106b873fe22f6265ff75f6cf0bd9bfd8727971a43bd9a6,True,1
13118,8429,021026_ML.npy,2026-10-03,2026-10-03 02:26:04.709853,7C7144,C172,CESSNA AIRCRAFT COMPANY,172N,98f448a2f20d17c63990013ae54d75e2b6502234159427e1b103a618de4a811c,True,3
13129,8440,021026_ML.npy,2026-10-03,2026-10-03 02:26:20.129487,7C7144,C172,CESSNA AIRCRAFT COMPANY,172N,6684cc73cfd7807d42c99e8da9e6fa805dad59a3bbe986d5cdda937228478297,True,5
13135,8446,021026_ML.npy,2026-10-03,2026-10-03 02:26:27.102642,7C7144,C172,CESSNA AIRCRAFT COMPANY,172N,d3c5c2abf4d3dac5fb29a6f613b512854b52094cf249a22a314a2cfacde09187,True,5
13137,8448,021026_ML.npy,2026-10-03,2026-10-03 02:26:28.600844,7C7144,C172,CESSNA AIRCRAFT COMPANY,172N,4834105ded337b0e1ce22d6359f1f16ebf0546bc5b64c43c7e6443e2a6196372,True,4
13138,8449,021026_ML.npy,2026-10-03,2026-10-03 02:26:30.158905,7C7144,C172,CESSNA AIRCRAFT COMPANY,172N,20705c3cf280e5f8574c50e896bb4dc220d0d271304bd878266eeaf3dd1d2cd8,True,4
13144,8455,021026_ML.npy,2026-10-03,2026-10-03 02:26:50.400672,7C7144,C172,CESSNA AIRCRAFT COMPANY,172N,9a555e78f8255f12a34639d399a9c6f626e91096cbf9ab683b59cf2588f3bb7c,True,4
13155,8466,021026_ML.npy,2026-10-03,2026-10-03 02:30:31.010929,7C7144,C172,CESSNA AIRCRAFT COMPANY,172N,775d5f2b0ec1ce1deeba14f845eada7162dc8ded8a82da08d7b56fda478d96b0,True,5
13157,8468,021026_ML.npy,2026-10-03,2026-10-03 02:30:35.361584,7C7144,C172,CESSNA AIRCRAFT COMPANY,172N,7bae11a58161f56a3deab75bf98ed20df1c963472a920b7f143320ecbe548625,True,1
13159,8470,021026_ML.npy,2026-10-03,2026-10-03 02:30:42.734416,7C7144,C172,CESSNA AIRCRAFT COMPANY,172N,f168a798b76923e69bd9889081c32b7c0869132c1b7d2bcd2de8ce577ef5c2e0,True,5
13162,8473,021026_ML.npy,2026-10-03,2026-10-03 02:30:43.733612,7C7144,C172,CESSNA AIRCRAFT COMPANY,172N,3a268caf5db284a29fab9b8b6f56ea2b0a58fd091dc4734a8dce8cc2fd0dd9d9,True,2
13168,8479,021026_ML.npy,2026-10-03,2026-10-03 02:30:57.668375,7C7144,C172,CESSNA AIRCRAFT COMPANY,172N,8cf099d1c90dfc12c23ab3170a7dffdc111ec1bce3e883b688c7b38ecc01a6ff,True,4
13179,8490,021026_ML.npy,2026-10-03,2026-10-03 02:34:13.607772,7C7144,C172,CESSNA AIRCRAFT COMPANY,172N,e2da9e12d5832ae762359c8f697ac1c948136c15dde2665fde97491dd7d22da9,True,1
13183,8494,021026_ML.npy,2026-10-03,2026-10-03 02:34:19.233001,7C7144,C172,CESSNA AIRCRAFT COMPANY,172N,5af7f4416699038f5fcaf9d56fff017bc40cd023a71c6d8247685b43bf9637db,True,5
13185,8496,021026_ML.npy,2026-10-03,2026-10-03 02:34:25.319606,7C7144,C172,CESSNA AIRCRAFT COMPANY,172N,6184d3a801114a9e8e9235cea01d277a51c82e1e5ea1dfea3b32a9fd2144411d,True,3
13190,8501,021026_ML.npy,2026-10-03,2026-10-03 02:34:32.200143,7C7144,C172,CESSNA AIRCRAFT COMPANY,172N,984dd06d2857857c1dea67b0b5a1f8b32ce5d617dfb0b1a3f40464c30b2ce6da,True,4
13205,8516,021026_ML.npy,2026-10-03,2026-10-03 02:38:35.527580,7C7144,C172,CESSNA AIRCRAFT COMPANY,172N,18456cea7d9b8257e1fc42b08dcc26b7e963e19ea015d977e2b9e096dc5da05f,True,5
13208,8519,021026_ML.npy,2026-10-03,2026-10-03 02:38:39.526411,7C7144,C172,CESSNA AIRCRAFT COMPANY,172N,5fc4f440bee04044ae69db622cb9fc4d6a2e3d530ea41408c8f46d85f17e09fa,True,5
13210,8521,021026_ML.npy,2026-10-03,2026-10-03 02:39:03.543718,7C7144,C172,CESSNA AIRCRAFT COMPANY,172N,8c87a6029abb27a983432d264b9645ebfdc2dfe5c7ca07dd6a2e801202d6a3e5,True,5
13211,8522,021026_ML.npy,2026-10-03,2026-10-03 02:39:05.067877,7C7144,C172,CESSNA AIRCRAFT COMPANY,172N,a341d43df5618959215884665fa90270c953c763e6cd63bdfa969d34506d4ddb,True,5
13223,8534,021026_ML.npy,2026-10-03,2026-10-03 02:41:53.601324,7C7144,C172,CESSNA AIRCRAFT COMPANY,172N,df7c4cf22e7cfb760bf4d5c3dde00b00ce07a2821d0ba1b7889f39de386d7947,True,4
13224,8535,021026_ML.npy,2026-10-03,2026-10-03 02:41:53.608183,7C7144,C172,CESSNA AIRCRAFT COMPANY,172N,d7de2d6bd46367ec63b1ff5ecc42fc0911815d1145c83e2ccccda1e729732942,True,1
13226,8537,021026_ML.npy,2026-10-03,2026-10-03 02:41:56.182677,7C7144,C172,CESSNA AIRCRAFT COMPANY,172N,a6cdae351c6d59707fd1b11bb012f75698bc39c89fbd20ff4a267f1ca47315ed,True,5
13227,8538,021026_ML.npy,2026-10-03,2026-10-03 02:41:58.654895,7C7144,C172,CESSNA AIRCRAFT COMPANY,172N,a4eb5ee272befac454df19fa277e94f95fc53861f2e56acc247c23e8e606ed20,True,5
13252,8563,021026_ML.npy,2026-10-03,2026-10-03 02:44:09.459941,7C2E75,C172,CESSNA AIRCRAFT COMPANY,172N,f39997f22fadf77a027a71be423db57507566506c8ff31101f84e79e73e8cbdc,True,5
13257,8568,021026_ML.npy,2026-10-03,2026-10-03 02:44:11.348750,7C2E75,C172,CESSNA AIRCRAFT COMPANY,172N,5c4e83dc2cfaa22d05a4831a2c14b8b809c476d311ba959152c5f91838f83a24,True,4
13258,8569,021026_ML.npy,2026-10-03,2026-10-03 02:44:14.802116,7C2E75,C172,CESSNA AIRCRAFT COMPANY,172N,f53e4a1757f4e75caa11e489cbbee77f23ff0872a91ca77e9fb7a67fb671e35e,True,2
13260,8571,021026_ML.npy,2026-10-03,2026-10-03 02:44:15.199093,7C2E75,C172,CESSNA AIRCRAFT COMPANY,172N,6bc90e0e2ce2ba570e1eeef4cff946625001bb27e947ac9dbe73b1841260ca10,True,4
13262,8573,021026_ML.npy,2026-10-03,2026-10-03 02:44:27.265838,7C2E75,C172,CESSNA AIRCRAFT COMPANY,172N,0e66d150e80b2bb80c2d48012e58321c98289bab0bf2f1f773432dee0d96386e,True,5
13267,8578,021026_ML.npy,2026-10-03,2026-10-03 02:44:29.406388,7C2E75,C172,CESSNA AIRCRAFT COMPANY,172N,6ed9f95e60ab9e238a9682f34e70f1178c8895d84d6a4debdede4c953ca5ea2f,True,5
13270,8581,021026_ML.npy,2026-10-03,2026-10-03 02:44:31.576280,7C2E75,C172,CESSNA AIRCRAFT COMPANY,172N,1655c892b5afb231526dbde0c8405aa62487dfcec61f333a8936f81afefd813a,True,5
13271,8582,021026_ML.npy,2026-10-03,2026-10-03 02:44:31.580159,7C2E75,C172,CESSNA AIRCRAFT COMPANY,172N,db9c437e3113139bc91870f1665f1228ace63381909d7d00ea9fb3f35ab1029e,True,4
13279,8590,021026_ML.npy,2026-10-03,2026-10-03 02:46:10.467379,7C7144,C172,CESSNA AIRCRAFT COMPANY,172N,e0af4c274a1d97ed548ecba02a778bf41e74928fc064db4ede7e8ad7d9c63079,True,3
13290,8601,021026_ML.npy,2026-10-03,2026-10-03 02:46:19.498297,7C7144,C172,CESSNA AIRCRAFT COMPANY,172N,f5ee4d980b9fc35b1f94cd9b084e4327bbd7533fee75251f59ce73d962767a62,True,3
13291,8602,021026_ML.npy,2026-10-03,2026-10-03 02:46:19.899836,7C7144,C172,CESSNA AIRCRAFT COMPANY,172N,15a1d630b149b4c5e02926c90300ca27cd1057d97f31410e92e884cdae1f588f,True,4
13300,8611,021026_ML.npy,2026-10-03,2026-10-03 02:46:33.596707,7C7144,C172,CESSNA AIRCRAFT COMPANY,172N,23a152591408269d9b78f6ea2d9b2141f8d873ecdfb82b15028f43c12cc17f5a,True,2
13301,8612,021026_ML.npy,2026-10-03,2026-10-03 02:46:33.608615,7C7144,C172,CESSNA AIRCRAFT COMPANY,172N,20705c3cf280e5f8574c50e896bb4dc220d0d271304bd878266eeaf3dd1d2cd8,True,2
13303,8614,021026_ML.npy,2026-10-03,2026-10-03 02:46:39.954685,7C7144,C172,CESSNA AIRCRAFT COMPANY,172N,6684cc73cfd7807d42c99e8da9e6fa805dad59a3bbe986d5cdda937228478297,True,1
13304,8615,021026_ML.npy,2026-10-03,2026-10-03 02:46:43.230060,7C7144,C172,CESSNA AIRCRAFT COMPANY,172N,20a6cbf945135a94b3e0813c87961908ab6737158ccb960cc3412b52476453e9,True,5
13323,8634,021026_ML.npy,2026-10-03,2026-10-03 02:49:54.715051,7C2E75,C172,CESSNA AIRCRAFT COMPANY,172N,96a6492c5631aa592d0ee21f6343049fd82203ae2e710d6f133f8fe1fca6a509,True,5
13327,8638,021026_ML.npy,2026-10-03,2026-10-03 02:50:17.282163,7C2E75,C172,CESSNA AIRCRAFT COMPANY,172N,1f54ae53fa6f692216e0e438c407e8bed5e95af52e106c4c8ca244ab8fa66641,True,5
13328,8639,021026_ML.npy,2026-10-03,2026-10-03 02:50:17.286927,7C2E75,C172,CESSNA AIRCRAFT COMPANY,172N,ea26f17ade9cfdd86c90ba4981f27df714964734826cee1bbe1c41dcff5be14b,True,3
13333,8644,021026_ML.npy,2026-10-03,2026-10-03 02:50:34.681677,7C2E75,C172,CESSNA AIRCRAFT COMPANY,172N,2563e9f45b1bb2a41dab1dd64bfe19b2ba29fc5e63360cb7ba43ea1587bf524e,True,4
13334,8645,021026_ML.npy,2026-10-03,2026-10-03 02:50:34.688109,7C2E75,C172,CESSNA AIRCRAFT COMPANY,172N,71fe7c2c2907900c280fc402968ea8ccb27c6aced037547a2fd5d27336c9c65c,True,5
13339,8650,021026_ML.npy,2026-10-03,2026-10-03 02:51:02.916722,7C7144,C172,CESSNA AIRCRAFT COMPANY,172N,38229680e4486ba5d529ae42d81d75a1ed9cf67b73a081e2ddb08e61d19191a4,True,5
13340,8651,021026_ML.npy,2026-10-03,2026-10-03 02:51:02.922488,7C7144,C172,CESSNA AIRCRAFT COMPANY,172N,41fd9a736d659b39f3b3bd952b642c9e3318c2f97672e7e00a717774bb852dd9,True,4
13347,8658,021026_ML.npy,2026-10-03,2026-10-03 02:51:09.830525,7C7144,C172,CESSNA AIRCRAFT COMPANY,172N,615f241f90aec625c439da1507781b9738dff2a269a66f5941b591dc92b2cb94,True,1
13348,8659,021026_ML.npy,2026-10-03,2026-10-03 02:51:11.442840,7C7144,C172,CESSNA AIRCRAFT COMPANY,172N,7018b4bb1ef3665755df90e44b70d04fc08c758b7d612f2229e754e995be23da,True,2
13350,8661,021026_ML.npy,2026-10-03,2026-10-03 02:51:11.866286,7C7144,C172,CESSNA AIRCRAFT COMPANY,172N,6684cc73cfd7807d42c99e8da9e6fa805dad59a3bbe986d5cdda937228478297,True,1
13355,8666,021026_ML.npy,2026-10-03,2026-10-03 02:51:20.719288,7C7144,C172,CESSNA AIRCRAFT COMPANY,172N,25ecffd02a618058de3b2945417e026c76c8237f5d9bff411fb8d6879bd15d24,True,3
13356,8667,021026_ML.npy,2026-10-03,2026-10-03 02:51:23.492949,7C7144,C172,CESSNA AIRCRAFT COMPANY,172N,458d49712e96654d7baba155d9f105b7e58586e76a606e97bf67fdd9e1cb0cba,True,5
13357,8668,021026_ML.npy,2026-10-03,2026-10-03 02:51:26.017719,7C7144,C172,CESSNA AIRCRAFT COMPANY,172N,313b0778a28d46520ec806a18e7fef5c69d7e57f2f5bd4d7621424521402c14a,True,1
13359,8670,021026_ML.npy,2026-10-03,2026-10-03 02:51:29.492100,7C7144,C172,CESSNA AIRCRAFT COMPANY,172N,6684cc73cfd7807d42c99e8da9e6fa805dad59a3bbe986d5cdda937228478297,True,4
13364,8675,021026_ML.npy,2026-10-03,2026-10-03 02:54:48.940267,7C2E75,C172,CESSNA AIRCRAFT COMPANY,172N,1de46c7a95d34cb238be39670fd670c5cab3817804f1d4cee991643d69197d55,True,3
13372,8683,021026_ML.npy,2026-10-03,2026-10-03 02:55:03.128323,7C2E75,C172,CESSNA AIRCRAFT COMPANY,172N,46b18a3fe43cca60f363bf9a353e1f51c1dc1b180db45193db646f814d7636d6,True,1
13375,8686,021026_ML.npy,2026-10-03,2026-10-03 02:55:07.959173,7C2E75,C172,CESSNA AIRCRAFT COMPANY,172N,5de3602ef89199e47d1640367f690647f1d8f2b336c25f17476be71a2a9e63c9,True,5
13391,8702,021026_ML.npy,2026-10-03,2026-10-03 02:55:34.521236,7C2E75,C172,CESSNA AIRCRAFT COMPANY,172N,d756891f8abf9b6329905fcb8ba1b97a08386e0bd87d211ab2a61e937111a614,True,2
13397,8708,021026_ML.npy,2026-10-03,2026-10-03 02:55:57.802422,7C2E75,C172,CESSNA AIRCRAFT COMPANY,172N,6bc90e0e2ce2ba570e1eeef4cff946625001bb27e947ac9dbe73b1841260ca10,True,4
13400,8711,021026_ML.npy,2026-10-03,2026-10-03 02:56:02.479923,7C2E75,C172,CESSNA AIRCRAFT COMPANY,172N,9804509732803d8d2111f984c6abf6a69d21c205e387975cc91dba812f9d845f,True,4
13408,8719,021026_ML.npy,2026-10-03,2026-10-03 02:59:59.493532,7C2E75,C172,CESSNA AIRCRAFT COMPANY,172N,6bc90e0e2ce2ba570e1eeef4cff946625001bb27e947ac9dbe73b1841260ca10,True,4
13424,8735,021026_ML.npy,2026-10-03,2026-10-03 03:00:19.324562,7C2E75,C172,CESSNA AIRCRAFT COMPANY,172N,ceb4fe10df4cd8571f41d5ec71938356146e75749738d8d10fff6da277892dd4,True,3
13428,8739,021026_ML.npy,2026-10-03,2026-10-03 03:00:32.352484,7C2E75,C172,CESSNA AIRCRAFT COMPANY,172N,3940d1c29bc0875c3a9b25e102f9f12bec73fbdcc4efefeff88e22961deca3ac,True,2
13437,8748,021026_ML.npy,2026-10-03,2026-10-03 03:00:56.191528,7C2E75,C172,CESSNA AIRCRAFT COMPANY,172N,ddc8da0c96146dc40c73cee94ca67be775e46f0e71592387d34018516b03c463,True,4
13438,8749,021026_ML.npy,2026-10-03,2026-10-03 03:00:56.195898,7C2E75,C172,CESSNA AIRCRAFT COMPANY,172N,51251726947b216b5461cefe4f9c8821c7392469537e8a526887ebaf9337471c,True,4
13442,8753,021026_ML.npy,2026-10-03,2026-10-03 03:00:59.764748,7C2E75,C172,CESSNA AIRCRAFT COMPANY,172N,f76ae45b5636122ac9be6b1cba5002ae4324bf306b2dd8795b6a1a9653ec46e4,True,4
13460,8771,021026_ML.npy,2026-10-03,2026-10-03 03:06:11.508904,7C2E75,C172,CESSNA AIRCRAFT COMPANY,172N,a94907d677e7d7c29d67eee66c9add72c292615c20a3e70b25d3d9062277221c,True,4
13469,8780,021026_ML.npy,2026-10-03,2026-10-03 03:10:38.387076,7C2E75,C172,CESSNA AIRCRAFT COMPANY,172N,6f331e017c5c7e665d68cdd8ddc91df3b180e6cac86c1333cc859033024ca3b3,True,1
13474,8785,021026_ML.npy,2026-10-03,2026-10-03 03:10:44.812369,7C2E75,C172,CESSNA AIRCRAFT COMPANY,172N,f8399c93cdf53c9518162b36ea1c85f8dea9538eb36146ca2ce56dfaf1c5c305,True,1
13475,8786,021026_ML.npy,2026-10-03,2026-10-03 03:10:45.307232,7C2E75,C172,CESSNA AIRCRAFT COMPANY,172N,1348d0c75aabb968379974a226d1573dfa353703f362f07c5f13297193435acd,True,3
13477,8788,021026_ML.npy,2026-10-03,2026-10-03 03:10:47.274209,7C2E75,C172,CESSNA AIRCRAFT COMPANY,172N,b054cac776aadf96e266ff73f9fefd138a62b1651361ab2f925a54ce147f915b,True,3
13479,8790,021026_ML.npy,2026-10-03,2026-10-03 03:10:50.413017,7C2E75,C172,CESSNA AIRCRAFT COMPANY,172N,957d13491028f447963b198c46f53a8b03ddb089914e953e28ee4452b12dc6a9,True,4
13481,8792,021026_ML.npy,2026-10-03,2026-10-03 03:10:54.574033,7C2E75,C172,CESSNA AIRCRAFT COMPANY,172N,93737de7459268d3f4a0c0d8fad9a0f4f049db01f2a4b4b13bce611064cafaf8,True,1
13488,8799,021026_ML.npy,2026-10-03,2026-10-03 03:11:08.291753,7C2E75,C172,CESSNA AIRCRAFT COMPANY,172N,28bdacb1ea1b0cf77bcf7635049478e235ab8deeaf0886f11625442809587bd8,True,4
13502,8813,021026_ML.npy,2026-10-03,2026-10-03 03:15:31.974633,7C2E75,C172,CESSNA AIRCRAFT COMPANY,172N,072d7f1aa7c23e6db9b78c14075011ab2079a803bb3c3dcdf1e4a8812f3544df,True,2
13505,8816,021026_ML.npy,2026-10-03,2026-10-03 03:15:42.553090,7C2E75,C172,CESSNA AIRCRAFT COMPANY,172N,87ae3376b5514bb79c17b50ca954ca451bdc077dce0fd909b1fa2cc8cca69172,True,5
13510,8821,021026_ML.npy,2026-10-03,2026-10-03 03:15:50.057790,7C2E75,C172,CESSNA AIRCRAFT COMPANY,172N,537a411f6d666b5552508369672999737cfab429b0e5d0136716492142f23c12,True,1
13511,8822,021026_ML.npy,2026-10-03,2026-10-03 03:15:52.370169,7C2E75,C172,CESSNA AIRCRAFT COMPANY,172N,6918a1e197cc2078dd4bf71df98928def3ea8750085d1d9385fb5879a0b6edad,True,1
13550,8861,021026_ML.npy,2026-10-03,2026-10-03 03:20:20.218846,7C2E75,C172,CESSNA AIRCRAFT COMPANY,172N,c5be0ed8d86ce510b5efd2c9085d167345bf48ed2cea42a6b61dc533d55d14c0,True,1
13551,8862,021026_ML.npy,2026-10-03,2026-10-03 03:20:26.467249,7C2E75,C172,CESSNA AIRCRAFT COMPANY,172N,b054cac776aadf96e266ff73f9fefd138a62b1651361ab2f925a54ce147f915b,True,3
13556,8867,021026_ML.npy,2026-10-03,2026-10-03 03:20:31.639737,7C2E75,C172,CESSNA AIRCRAFT COMPANY,172N,6326811f5285f1d9d103bf506978e0aee717609a68a0448cbe31c1864260b1d3,True,1
13558,8869,021026_ML.npy,2026-10-03,2026-10-03 03:20:33.035501,7C2E75,C172,CESSNA AIRCRAFT COMPANY,172N,32db8e03a6b9de6cab36daef2dc776c063fb72cd70ed5321b1dbd627fa19d34f,True,1
13573,8884,021026_ML.npy,2026-10-03,2026-10-03 03:20:45.096922,7C2E75,C172,CESSNA AIRCRAFT COMPANY,172N,d178c8699f3c7656490d3298111abaa2d2b00635f4c313ba1b99bdef1dac7905,True,3
13577,8888,021026_ML.npy,2026-10-03,2026-10-03 03:20:53.941296,7C2E75,C172,CESSNA AIRCRAFT COMPANY,172N,b190f4f35f7e0e054b93d329a251794b3ff7383f2fead7bd08101aea5577d4f6,True,3
13578,8889,021026_ML.npy,2026-10-03,2026-10-03 03:20:53.946223,7C2E75,C172,CESSNA AIRCRAFT COMPANY,172N,b67a5c6d2529f7fa71b98197e14228d41000e4e681205b873e2a45f8446e53b7,True,4
13590,8901,021026_ML.npy,2026-10-03,2026-10-03 03:21:16.564900,7C2E75,C172,CESSNA AIRCRAFT COMPANY,172N,07a155837bec2ef376b1efd601d765fd58fc8967f27b5503f8c441590f146da9,True,5
13597,8908,021026_ML.npy,2026-10-03,2026-10-03 03:21:32.085234,7C2E75,C172,CESSNA AIRCRAFT COMPANY,172N,b3f7f566561a602fbdb1956d2f7aeb1f30ac066d4b41fedf5bb8fe34f2c3b78e,True,1
13598,8909,021026_ML.npy,2026-10-03,2026-10-03 03:25:41.224050,7C2E75,C172,CESSNA AIRCRAFT COMPANY,172N,202b1ee3c2a79ae19caf21daf8bce3a74f668c6dfb490fe1a08bc6322464a77b,True,4
13603,8914,021026_ML.npy,2026-10-03,2026-10-03 03:25:47.556332,7C2E75,C172,CESSNA AIRCRAFT COMPANY,172N,6bc90e0e2ce2ba570e1eeef4cff946625001bb27e947ac9dbe73b1841260ca10,True,5
13615,8926,021026_ML.npy,2026-10-03,2026-10-03 03:25:58.155234,7C2E75,C172,CESSNA AIRCRAFT COMPANY,172N,ce8d811ab87d4578c05ca617c552edce5dd276050866e80326c3e235e9d53b51,True,4
13634,8945,021026_ML.npy,2026-10-03,2026-10-03 03:26:22.011672,7C2E75,C172,CESSNA AIRCRAFT COMPANY,172N,94062895926ac25f0a8941c89bd7a55553c5150b66d6033ae6a41a3657cbacb1,True,3
13642,8953,021026_ML.npy,2026-10-03,2026-10-03 03:30:54.260477,7C2E75,C172,CESSNA AIRCRAFT COMPANY,172N,6bc90e0e2ce2ba570e1eeef4cff946625001bb27e947ac9dbe73b1841260ca10,True,1
13643,8954,021026_ML.npy,2026-10-03,2026-10-03 03:31:06.666445,7C2E75,C172,CESSNA AIRCRAFT COMPANY,172N,537a411f6d666b5552508369672999737cfab429b0e5d0136716492142f23c12,True,5
13646,8957,021026_ML.npy,2026-10-03,2026-10-03 03:31:08.158933,7C2E75,C172,CESSNA AIRCRAFT COMPANY,172N,7f6498173e61f2bb5751f5a1aa52fafcb2fda6f24aea6bbcc4cec20ca32ea77b,True,1
13657,8968,021026_ML.npy,2026-10-03,2026-10-03 03:31:27.275654,7C2E75,C172,CESSNA AIRCRAFT COMPANY,172N,e53621a3d1738936a64102678b7c17d72ad72179b55b0840bc588b7b1c16594f,True,4
13704,9015,021026_ML.npy,2026-10-03,2026-10-03 03:38:17.097041,7C41FD,DA40,DIAMOND AIRCRAFT INDUSTRIES INC.,DA 40,dadc2e0f18d6e6adc58577e434fa032c368d73f1e81e3ce4daab02d4b181deaa,True,1
13705,9016,021026_ML.npy,2026-10-03,2026-10-03 03:38:17.888153,7C41FD,DA40,DIAMOND AIRCRAFT INDUSTRIES INC.,DA 40,4d0121f8b8c25ec7498afc2969403136a4cb2c25a418b7f03965729b9c78f9d2,True,1
13714,9025,021026_ML.npy,2026-10-03,2026-10-03 03:38:26.311508,7C41FD,DA40,DIAMOND AIRCRAFT INDUSTRIES INC.,DA 40,f38604711480504c1f92206d8f7a224da944e345b1902dd7e1770f14c16b98a8,True,2
13719,9030,021026_ML.npy,2026-10-03,2026-10-03 03:38:34.712893,7C41FD,DA40,DIAMOND AIRCRAFT INDUSTRIES INC.,DA 40,f42b12a6c2b68d58415e8805de6fe817e5467727550c20b449a8c51b3109a6f7,True,1
13788,9099,021026_ML.npy,2026-10-03,2026-10-03 04:06:29.911254,7C7144,C172,CESSNA AIRCRAFT COMPANY,172N,b2582223d474c1bbde91e78ac24dfdea4aa04d6c78303e4fd1b50eb3102492c4,True,3
13811,9122,021026_ML.npy,2026-10-03,2026-10-03 04:07:04.892267,7C7144,C172,CESSNA AIRCRAFT COMPANY,172N,377408313781ad92c44d4940076a4c17e83193d5197dba7bc668d39c03055435,True,1
13813,9124,021026_ML.npy,2026-10-03,2026-10-03 04:07:06.874206,7C7144,C172,CESSNA AIRCRAFT COMPANY,172N,b79480ed6283fe5048abe6a6c58e134f0db278e625206220f89864b49ec9f014,True,3
13815,9126,021026_ML.npy,2026-10-03,2026-10-03 04:07:08.760311,7C7144,C172,CESSNA AIRCRAFT COMPANY,172N,039bf9e9763e7a8a7287bc07f443a77a09586badc32aa155764253f717230649,True,3
13817,9128,021026_ML.npy,2026-10-03,2026-10-03 04:07:11.789893,7C7144,C172,CESSNA AIRCRAFT COMPANY,172N,7d40fb0e0c81242f981aa0afa74eb84774f6b84804973103057f1e245c0aa38a,True,3
13863,9174,021026_ML.npy,2026-10-03,2026-10-03 04:11:47.851696,7C7144,C172,CESSNA AIRCRAFT COMPANY,172N,6fafbb58e819b6c014a770c4406984e3e3b204d962f4bd6487b28e982277f634,True,2
13867,9178,021026_ML.npy,2026-10-03,2026-10-03 04:11:52.995129,7C7144,C172,CESSNA AIRCRAFT COMPANY,172N,09fe504fd628ef566590f0524fea4af792a0a6ba2bcf6f713fb7d61058cd330a,True,4
13874,9185,021026_ML.npy,2026-10-03,2026-10-03 04:11:58.655902,7C7144,C172,CESSNA AIRCRAFT COMPANY,172N,ee2fbc1a32dfc6eddc4bf5796bf299efb933047c436f2d7c6a5f72d70d8df505,True,5
13876,9187,021026_ML.npy,2026-10-03,2026-10-03 04:12:04.942453,7C7144,C172,CESSNA AIRCRAFT COMPANY,172N,20705c3cf280e5f8574c50e896bb4dc220d0d271304bd878266eeaf3dd1d2cd8,True,3
13882,9193,021026_ML.npy,2026-10-03,2026-10-03 04:12:14.445449,7C7144,C172,CESSNA AIRCRAFT COMPANY,172N,17aa798997883e1d179aadf6297cde2eed391b72b0ae7191fdebdb2598ee252a,True,5
13885,9196,021026_ML.npy,2026-10-03,2026-10-03 04:12:18.773743,7C7144,C172,CESSNA AIRCRAFT COMPANY,172N,582b5b343d333f94d3d22e5dd5b79dbb376cc4a9da0e5a92e179b50940353114,True,1
13887,9198,021026_ML.npy,2026-10-03,2026-10-03 04:12:29.808279,7C7144,C172,CESSNA AIRCRAFT COMPANY,172N,df5bc1178cb1f2b3280d05aa84248c8967e212e4adba42dc6892a96fd47c3b55,True,1
13891,9202,021026_ML.npy,2026-10-03,2026-10-03 04:12:54.747972,7C7144,C172,CESSNA AIRCRAFT COMPANY,172N,0d160fb0b8e128afecc229311c89a5c5a554e860ef749a5dc617ebb8a380c546,True,2
13893,9204,021026_ML.npy,2026-10-03,2026-10-03 04:16:56.753281,7C7144,C172,CESSNA AIRCRAFT COMPANY,172N,146d6b5c40681955d95f93bb85d72f8a2dbe71182fbbe90f592d104da13d4018,True,4
13896,9207,021026_ML.npy,2026-10-03,2026-10-03 04:17:01.090144,7C7144,C172,CESSNA AIRCRAFT COMPANY,172N,b76f71cc968fb8b90d4233110644a435e0b836ac6e70ce27603a8ab30520549e,True,4
13900,9211,021026_ML.npy,2026-10-03,2026-10-03 04:17:08.625095,7C7144,C172,CESSNA AIRCRAFT COMPANY,172N,bc31a020d2e9e5fb11761a2d9d5e8393cd60cc152c83eafae2dd249f339eef26,True,1
13903,9214,021026_ML.npy,2026-10-03,2026-10-03 04:17:09.207655,7C7144,C172,CESSNA AIRCRAFT COMPANY,172N,934a20b9611f904a1d58b1f55883328c7203b690ad86b033b200e13c68ff8b9f,True,4
13908,9219,021026_ML.npy,2026-10-03,2026-10-03 04:17:14.572383,7C7144,C172,CESSNA AIRCRAFT COMPANY,172N,62e97bdbb3e315a3d92a81bf4f5b6752ff2dc159dae6e580bb280454a12ff686,True,2
13910,9221,021026_ML.npy,2026-10-03,2026-10-03 04:17:17.222678,7C7144,C172,CESSNA AIRCRAFT COMPANY,172N,7ec73667988f083715ed86aefc01d8347043b29875d6fc375f48a5a9ddce9f90,True,3
13911,9222,021026_ML.npy,2026-10-03,2026-10-03 04:17:17.351972,7C7144,C172,CESSNA AIRCRAFT COMPANY,172N,6684cc73cfd7807d42c99e8da9e6fa805dad59a3bbe986d5cdda937228478297,True,2
13922,9233,021026_ML.npy,2026-10-03,2026-10-03 04:17:27.548029,7C7144,C172,CESSNA AIRCRAFT COMPANY,172N,288b9a9719dd0312a321112d4d3c6f71c741a4994879bdf25ef8ea4d73abcf1f,True,2
13923,9234,021026_ML.npy,2026-10-03,2026-10-03 04:17:30.526334,7C7144,C172,CESSNA AIRCRAFT COMPANY,172N,9868c960392a10b828eb5263c91daa839caa8afe6a0863bf45d47d29e199456f,True,4
13926,9237,021026_ML.npy,2026-10-03,2026-10-03 04:17:34.162783,7C7144,C172,CESSNA AIRCRAFT COMPANY,172N,63d21daaeef598e241e2537720046656fad1fc1430f5477878e4d511f2aa5a84,True,3
13928,9239,021026_ML.npy,2026-10-03,2026-10-03 04:17:40.793197,7C7144,C172,CESSNA AIRCRAFT COMPANY,172N,c49dfc79e9361fbcce85ac156fbd2981355792639641843e3ba5863f9083a964,True,2
13929,9240,021026_ML.npy,2026-10-03,2026-10-03 04:17:41.250368,7C7144,C172,CESSNA AIRCRAFT COMPANY,172N,1459ffa67c19899028753183281b96d2fa0e133a3fe64ab874c0260d9a18f6f9,True,1
13930,9241,021026_ML.npy,2026-10-03,2026-10-03 04:17:41.257393,7C7144,C172,CESSNA AIRCRAFT COMPANY,172N,368ede93480037e4495c599aed6cde943c9c5c9b69321f353ca606908412dc4d,True,4
13939,9250,021026_ML.npy,2026-10-03,2026-10-03 04:18:05.244511,7C7144,C172,CESSNA AIRCRAFT COMPANY,172N,263ab09153498c390eb74575f07590a3df75e6d7d27ac9030d82b8cbc96761bd,True,2
13940,9251,021026_ML.npy,2026-10-03,2026-10-03 04:18:07.659653,7C7144,C172,CESSNA AIRCRAFT COMPANY,172N,6684cc73cfd7807d42c99e8da9e6fa805dad59a3bbe986d5cdda937228478297,True,1
13942,9253,021026_ML.npy,2026-10-03,2026-10-03 04:18:09.826199,7C7144,C172,CESSNA AIRCRAFT COMPANY,172N,a3b53dd0c2608960a470e3351c73bee83c6a9075f7cad8a927ba30d54fc280c1,True,4
13943,9254,021026_ML.npy,2026-10-03,2026-10-03 04:22:19.948262,7C7144,C172,CESSNA AIRCRAFT COMPANY,172N,e54e38faa09133ef55ae188f9bf6d836975346d3ecfd6bdf6e72394066ced211,True,1
13953,9264,021026_ML.npy,2026-10-03,2026-10-03 04:22:36.393765,7C7144,C172,CESSNA AIRCRAFT COMPANY,172N,4e98b0f45663767d16986fd62be6cebb3583485b713953a67b7ebe34c01715c3,True,2
13956,9267,021026_ML.npy,2026-10-03,2026-10-03 04:22:39.943130,7C7144,C172,CESSNA AIRCRAFT COMPANY,172N,df83fd7ea5affabe607bea2a05d814b1bddcb10b7a0cf71c8dc772123655a8cf,True,2
13957,9268,021026_ML.npy,2026-10-03,2026-10-03 04:22:41.093511,7C7144,C172,CESSNA AIRCRAFT COMPANY,172N,20705c3cf280e5f8574c50e896bb4dc220d0d271304bd878266eeaf3dd1d2cd8,True,3
13965,9276,021026_ML.npy,2026-10-03,2026-10-03 04:22:56.146115,7C7144,C172,CESSNA AIRCRAFT COMPANY,172N,20705c3cf280e5f8574c50e896bb4dc220d0d271304bd878266eeaf3dd1d2cd8,True,3
13977,9288,021026_ML.npy,2026-10-03,2026-10-03 04:27:47.225472,7C7144,C172,CESSNA AIRCRAFT COMPANY,172N,6684cc73cfd7807d42c99e8da9e6fa805dad59a3bbe986d5cdda937228478297,True,4
13980,9291,021026_ML.npy,2026-10-03,2026-10-03 04:27:53.392068,7C7144,C172,CESSNA AIRCRAFT COMPANY,172N,4b20aa9ca5563ee92a5c6691348fb283d50766a5842b42d492ef2a632c9af880,True,4
13986,9297,021026_ML.npy,2026-10-03,2026-10-03 04:27:59.027891,7C7144,C172,CESSNA AIRCRAFT COMPANY,172N,2a09db19ef8474a401ae7f35c56056771674582c85be207668a3bb4300f22513,True,5
13987,9298,021026_ML.npy,2026-10-03,2026-10-03 04:27:59.986991,7C7144,C172,CESSNA AIRCRAFT COMPANY,172N,b83bcf646a1b6c1777d611be76366f3ded3e6faee54507617106a28802e0cb8c,True,5
13989,9300,021026_ML.npy,2026-10-03,2026-10-03 04:28:04.447345,7C7144,C172,CESSNA AIRCRAFT COMPANY,172N,a82de2006cdf38c2aac898ea530ae32189e83910e65c2f0af453dde89c5c8c68,True,4
13995,9306,021026_ML.npy,2026-10-03,2026-10-03 04:28:09.980211,7C7144,C172,CESSNA AIRCRAFT COMPANY,172N,c88aebc71eafd2a99db20c4ac8b85e25e5ec7380225c089f512c5a8967921a8b,True,1
14000,9311,021026_ML.npy,2026-10-03,2026-10-03 04:28:25.829258,7C7144,C172,CESSNA AIRCRAFT COMPANY,172N,dba54472d0276378c52eb95a2870fe628195740a4d7dd5ea64a5fcc752c2ad01,True,1
14001,9312,021026_ML.npy,2026-10-03,2026-10-03 04:28:34.220167,7C7144,C172,CESSNA AIRCRAFT COMPANY,172N,25ecffd02a618058de3b2945417e026c76c8237f5d9bff411fb8d6879bd15d24,True,4
14002,9313,021026_ML.npy,2026-10-03,2026-10-03 04:28:39.713049,7C7144,C172,CESSNA AIRCRAFT COMPANY,172N,c2582c4d072c95193d9ee95ee592938bc32ccabc7be351fb9d0d5862d584080b,True,3
14004,9315,021026_ML.npy,2026-10-03,2026-10-03 04:28:50.245447,7C7144,C172,CESSNA AIRCRAFT COMPANY,172N,6684cc73cfd7807d42c99e8da9e6fa805dad59a3bbe986d5cdda937228478297,True,5
14006,9317,021026_ML.npy,2026-10-03,2026-10-03 04:33:10.096027,7C7144,C172,CESSNA AIRCRAFT COMPANY,172N,fe5cfd55461f0d085984e785f781ab69c9defdf4310524d8363a1c448ab2651f,True,2
14010,9321,021026_ML.npy,2026-10-03,2026-10-03 04:33:17.172385,7C7144,C172,CESSNA AIRCRAFT COMPANY,172N,e75f6bd62a3fb99cadf905929658189b03486e68ad6ec8e5c1d1858786b1e243,True,5
14011,9322,021026_ML.npy,2026-10-03,2026-10-03 04:33:19.557805,7C7144,C172,CESSNA AIRCRAFT COMPANY,172N,6684cc73cfd7807d42c99e8da9e6fa805dad59a3bbe986d5cdda937228478297,True,4
14022,9333,021026_ML.npy,2026-10-03,2026-10-03 04:33:32.894829,7C7144,C172,CESSNA AIRCRAFT COMPANY,172N,2f5f9b7587255e5dd6270bc5f2ac963d1f5794b1d2a5047f8e6faae4f6c4a69e,True,3
14028,9339,021026_ML.npy,2026-10-03,2026-10-03 04:34:06.054725,7C7144,C172,CESSNA AIRCRAFT COMPANY,172N,28be6b7f56d88e82e54f7f68197c8aebb84b28883ea8a87d34bdf49969c4f5d4,True,2
14088,9399,021026_ML.npy,2026-10-03,2026-10-03 05:31:29.793784,7C0077,DA40,DIAMOND AIRCRAFT INDUSTRIES INC.,DA 40,282cd1aba136d48e82cd033f691e19006c41d7e6bdbf435a753ceb51c92e24ba,True,3
14089,9400,021026_ML.npy,2026-10-03,2026-10-03 05:31:30.852329,7C0077,DA40,DIAMOND AIRCRAFT INDUSTRIES INC.,DA 40,fff1b4f31574d1d12bab73468e9364d263c0a65bc01827005f9276f9a78bbf9d,True,1
14093,9404,021026_ML.npy,2026-10-03,2026-10-03 05:31:33.924830,7C0077,DA40,DIAMOND AIRCRAFT INDUSTRIES INC.,DA 40,6532e698a5b11d2dbe6c043140cb51d33ab0c6f97d8096c1e1a11c2ac7eed4aa,True,4
14104,9415,021026_ML.npy,2026-10-03,2026-10-03 05:31:45.125810,7C0077,DA40,DIAMOND AIRCRAFT INDUSTRIES INC.,DA 40,956ce83ad7305afbda0822e097f75af8f1c08fef0a882771bb2ad0c039604570,True,1
14110,9421,021026_ML.npy,2026-10-03,2026-10-03 05:31:47.492661,7C0077,DA40,DIAMOND AIRCRAFT INDUSTRIES INC.,DA 40,d97140d028ab37a26ecde97d26011eb7d00a9d1610e3196353fc56bdb73d5e6d,True,1
14117,9428,021026_ML.npy,2026-10-03,2026-10-03 05:31:58.724525,7C0077,DA40,DIAMOND AIRCRAFT INDUSTRIES INC.,DA 40,7c6b1ac04dd6fa5a70c435de01a5622c7cb3ecaada8d527a4c714335917e8151,True,2
14137,9448,021026_ML.npy,2026-10-03,2026-10-03 05:32:24.101736,7C0077,DA40,DIAMOND AIRCRAFT INDUSTRIES INC.,DA 40,a23fc50791ce802596b551cd3e111373906364cdf8f54c0c15af31aebde561c0,True,4
14705,10016,021026_ML.npy,2026-10-03,2026-10-03 19:58:40.448072,7C444D,P28A,PIPER AIRCRAFT CORP,PA-28-181,860b967f9e488bc59c3a3102709aeca166c114568a98fc4ad9bd80ce1cfc4b34,True,1
14706,10017,021026_ML.npy,2026-10-03,2026-10-03 19:58:51.691469,7C444D,P28A,PIPER AIRCRAFT CORP,PA-28-181,387a44268e90233888f45b9836b30cd13c546f0474f2f96d631328e3e7efea8e,True,5
14707,10018,021026_ML.npy,2026-10-03,2026-10-03 19:59:57.628204,7C444D,P28A,PIPER AIRCRAFT CORP,PA-28-181,5e4c2be5e82593a8e6d1afeb888549948793efa8537be453fb5fc353b4a9e2e1,True,2
14708,10019,021026_ML.npy,2026-10-03,2026-10-03 20:00:04.522673,7C444D,P28A,PIPER AIRCRAFT CORP,PA-28-181,0a712d93c3b436632b6313eca8379ae14858b33e3b9968582f2fdcbbff01ea49,True,1
14709,10020,021026_ML.npy,2026-10-03,2026-10-03 20:00:05.526507,7C444D,P28A,PIPER AIRCRAFT CORP,PA-28-181,9ada6a6bd76435a0517296fd572344b6ebaa5f489367e5d0fd736002696d0db7,True,3
14710,10021,021026_ML.npy,2026-10-03,2026-10-03 20:00:09.195531,7C444D,P28A,PIPER AIRCRAFT CORP,PA-28-181,e60982d657e65b45bf8c6cbd942c9d98b3429c528b32a4375650fa4c7437e6b3,True,5
14711,10022,021026_ML.npy,2026-10-03,2026-10-03 20:00:11.009266,7C444D,P28A,PIPER AIRCRAFT CORP,PA-28-181,b08ddda0cc3c12b44f5e05996c2074318eb7df01805f99a6dd442635aeb755ac,True,4
14712,10023,021026_ML.npy,2026-10-03,2026-10-03 20:00:11.429205,7C444D,P28A,PIPER AIRCRAFT CORP,PA-28-181,0dcbfcb45836550c73240c7e395996a725eb7aaa7a1507a18a69787ddbffade5,True,3
14713,10024,021026_ML.npy,2026-10-03,2026-10-03 20:00:13.870011,7C444D,P28A,PIPER AIRCRAFT CORP,PA-28-181,dcfc69e3456f8e8892f6e3d1e53c404ea5e1dc2cd93cb11f9e55598ebbd63b15,True,3
14714,10025,021026_ML.npy,2026-10-03,2026-10-03 20:00:14.468459,7C444D,P28A,PIPER AIRCRAFT CORP,PA-28-181,a53e1af7b787f11db4ba090004e7bdfe776d6fdea6984f6939c03c0115fbd348,True,4
14715,10026,021026_ML.npy,2026-10-03,2026-10-03 20:00:14.985996,7C444D,P28A,PIPER AIRCRAFT CORP,PA-28-181,9a865836d0f48aa82e8490bd9389175203d9ecdf412d0560dc531a8b69d142be,True,5
14716,10027,021026_ML.npy,2026-10-03,2026-10-03 20:00:15.421890,7C444D,P28A,PIPER AIRCRAFT CORP,PA-28-181,dcfc69e3456f8e8892f6e3d1e53c404ea5e1dc2cd93cb11f9e55598ebbd63b15,True,1
14717,10028,021026_ML.npy,2026-10-03,2026-10-03 20:00:15.535221,7C444D,P28A,PIPER AIRCRAFT CORP,PA-28-181,3c138a1255b0ab5a7524b606191f416d87c113804d62ba377e78795542c6c03a,True,3
14718,10029,021026_ML.npy,2026-10-03,2026-10-03 20:00:17.591241,7C444D,P28A,PIPER AIRCRAFT CORP,PA-28-181,31b8d97dec65e32b4b4c520c99ed6e9a07ddab2fb5f642a59fd6915593db961e,True,2
14719,10030,021026_ML.npy,2026-10-03,2026-10-03 20:00:20.420993,7C444D,P28A,PIPER AIRCRAFT CORP,PA-28-181,aeccad365795914f109b06a9fb39d5db3998262db74ef670f33f37d0f74f2c68,True,5
14720,10031,021026_ML.npy,2026-10-03,2026-10-03 20:00:20.840359,7C444D,P28A,PIPER AIRCRAFT CORP,PA-28-181,bb11f0ae16259ea8d16513de44aee695ce50c0eb46f5adcf2de9ff2ed7574eb0,True,1
14721,10032,021026_ML.npy,2026-10-03,2026-10-03 20:00:23.986063,7C444D,P28A,PIPER AIRCRAFT CORP,PA-28-181,5d973a59347ee19ef1ebca4446b2c1b6f5d6939fc0748b7526e9bac94e74b544,True,3
14722,10033,021026_ML.npy,2026-10-03,2026-10-03 20:00:25.997456,7C444D,P28A,PIPER AIRCRAFT CORP,PA-28-181,65efab8721a03efe4af5c628b4f35a3cb7e60030dc64775986f241ef5f5e28e5,True,4
14723,10034,021026_ML.npy,2026-10-03,2026-10-03 20:01:04.800844,7C444D,P28A,PIPER AIRCRAFT CORP,PA-28-181,b6160551c91a5aa77c862cdf5688614d83be59f090cdaa95cd6f5155ee6298fa,True,4
14724,10035,021026_ML.npy,2026-10-03,2026-10-03 20:01:04.812869,7C444D,P28A,PIPER AIRCRAFT CORP,PA-28-181,1408d46fe1959de22538d66f2051046630058ea7735f111e0fbae4586605cc88,True,3
14725,10036,021026_ML.npy,2026-10-03,2026-10-03 20:01:13.486836,7C444D,P28A,PIPER AIRCRAFT CORP,PA-28-181,4fee73edbf3c6945c445801641aa9f5521a9bb2d2bcee42285d7762ac3e8449a,True,4
14726,10037,021026_ML.npy,2026-10-03,2026-10-03 20:01:14.704501,7C444D,P28A,PIPER AIRCRAFT CORP,PA-28-181,d8ca3e90afb3bc1d4dca52ed572384b0662a75fc6da6c43081f935eb45116e9f,True,1
14727,10038,021026_ML.npy,2026-10-03,2026-10-03 20:01:32.306167,7C444D,P28A,PIPER AIRCRAFT CORP,PA-28-181,86bb4262fa792912dddde5f8b2c881496793ced0ea93e762309cefec4ae7eec4,True,3
14728,10039,021026_ML.npy,2026-10-03,2026-10-03 20:01:43.363361,7C444D,P28A,PIPER AIRCRAFT CORP,PA-28-181,652dcc36ad05dd9c77fee462d1614c1cfe97c28f621879c6be02aaee60fd6e1b,True,2
14729,10040,021026_ML.npy,2026-10-03,2026-10-03 20:01:43.553967,7C444D,P28A,PIPER AIRCRAFT CORP,PA-28-181,0011d5ec7a1e5f6c10e535d22f856b6c81ea23e80ccfa8738ff4045491e2890e,True,5
14730,10041,021026_ML.npy,2026-10-03,2026-10-03 20:01:43.901670,7C444D,P28A,PIPER AIRCRAFT CORP,PA-28-181,208b0d8672bf14cb79db7a52e0149d406b734e19357138b396301ae65843de08,True,4
14731,10042,021026_ML.npy,2026-10-03,2026-10-03 20:01:51.707918,7C444D,P28A,PIPER AIRCRAFT CORP,PA-28-181,2a254c21e906e91e3b75d1e9af172d16b662d937ee47616a3a570a9f11d0d776,True,4
14732,10043,021026_ML.npy,2026-10-03,2026-10-03 20:01:52.057554,7C444D,P28A,PIPER AIRCRAFT CORP,PA-28-181,aa7e51cc3ddcd44bc9bd2adadc66da7f1b3576a1795ce7d7d19c84dcb20b8984,True,1
14733,10044,021026_ML.npy,2026-10-03,2026-10-03 20:01:52.113748,7C444D,P28A,PIPER AIRCRAFT CORP,PA-28-181,30b995a01fcdb5103c5db04a1abf79b532ac0ecb40f2561ef58eadaa8fc167ba,True,1
14734,10045,021026_ML.npy,2026-10-03,2026-10-03 20:01:52.433644,7C444D,P28A,PIPER AIRCRAFT CORP,PA-28-181,d8ca3e90afb3bc1d4dca52ed572384b0662a75fc6da6c43081f935eb45116e9f,True,4
14735,10046,021026_ML.npy,2026-10-03,2026-10-03 20:01:53.039739,7C444D,P28A,PIPER AIRCRAFT CORP,PA-28-181,41d1d22e1aefde1c7e9fc1d25cfac8e3a5fd0f890a48e722e5cbc141762f5367,True,4
14736,10047,021026_ML.npy,2026-10-03,2026-10-03 20:02:12.834974,7C444D,P28A,PIPER AIRCRAFT CORP,PA-28-181,01610836bbecde0e0419a438d39dc2b5e16d891f924c3287482c8e3cca3e4468,True,1
14737,10048,021026_ML.npy,2026-10-03,2026-10-03 20:04:19.318104,7C444D,P28A,PIPER AIRCRAFT CORP,PA-28-181,f0614a7bd2a1fc477bc878b2eaa0c6a17b2e8510304a776402e36820abbfb2a0,True,3
14738,10049,021026_ML.npy,2026-10-03,2026-10-03 20:05:16.908809,7C444D,P28A,PIPER AIRCRAFT CORP,PA-28-181,e813d40eee199c836a9cc963778021def2b191131c284b6412c4ea4172a01410,True,1
14739,10050,021026_ML.npy,2026-10-03,2026-10-03 20:05:27.126404,7C444D,P28A,PIPER AIRCRAFT CORP,PA-28-181,6955653f50cb8a858abd8ba189f4402c9f812450246f0ef4825593068040890d,True,2
14740,10051,021026_ML.npy,2026-10-03,2026-10-03 20:05:29.513933,7C444D,P28A,PIPER AIRCRAFT CORP,PA-28-181,d34cd21740a4dc6343feb6961c3d57233ce182471387e506014f4ff627b05c65,True,3
14741,10052,021026_ML.npy,2026-10-03,2026-10-03 20:05:32.909911,7C444D,P28A,PIPER AIRCRAFT CORP,PA-28-181,cb810600656c4f1ced71650a38192fdb141155f50a6fc1cfb85321c74a169101,True,5
14742,10053,021026_ML.npy,2026-10-03,2026-10-03 20:05:33.930339,7C444D,P28A,PIPER AIRCRAFT CORP,PA-28-181,5303c3e4e74612c54eb7575d93964e397432c5b5975d72754f8b48d85856783b,True,3
14743,10054,021026_ML.npy,2026-10-03,2026-10-03 20:05:34.294347,7C444D,P28A,PIPER AIRCRAFT CORP,PA-28-181,d8ca3e90afb3bc1d4dca52ed572384b0662a75fc6da6c43081f935eb45116e9f,True,5
14744,10055,021026_ML.npy,2026-10-03,2026-10-03 20:05:35.890278,7C444D,P28A,PIPER AIRCRAFT CORP,PA-28-181,20370d20afeddad6cf2827bc1475b70120a5b98c7875ca73d885b65d2fc45b19,True,4
14745,10056,021026_ML.npy,2026-10-03,2026-10-03 20:05:38.093813,7C444D,P28A,PIPER AIRCRAFT CORP,PA-28-181,59d036b3ac706fe2d61e212fd3cf03412b3f9242535f6d60ba08c9031057ea09,True,4
14746,10057,021026_ML.npy,2026-10-03,2026-10-03 20:05:38.917639,7C444D,P28A,PIPER AIRCRAFT CORP,PA-28-181,0a712d93c3b436632b6313eca8379ae14858b33e3b9968582f2fdcbbff01ea49,True,2
14747,10058,021026_ML.npy,2026-10-03,2026-10-03 20:05:40.591267,7C444D,P28A,PIPER AIRCRAFT CORP,PA-28-181,77784ae402a5db316c3a4a3d5388d5cb34e699eb1e595952700cb40cabf52b33,True,1
14748,10059,021026_ML.npy,2026-10-03,2026-10-03 20:05:41.775062,7C444D,P28A,PIPER AIRCRAFT CORP,PA-28-181,44163fbcc00192b926a2739a8b9732590b6bd9e7bf43dd5755e87fa02aa2ad0d,True,2
14750,10061,021026_ML.npy,2026-10-03,2026-10-03 20:05:45.207693,7C444D,P28A,PIPER AIRCRAFT CORP,PA-28-181,53f442b080cca01b4e970cf603fa804116644f880a6d9b08a6c6d880ae189c98,True,2
14751,10062,021026_ML.npy,2026-10-03,2026-10-03 20:05:50.169063,7C444D,P28A,PIPER AIRCRAFT CORP,PA-28-181,541a2bdb4adb744b6331071059d80ac3fce3e4ff76801460c679936125f4df81,True,5
14752,10063,021026_ML.npy,2026-10-03,2026-10-03 20:05:50.658857,7C444D,P28A,PIPER AIRCRAFT CORP,PA-28-181,88e88583abdcb3e33cf6cfccf6e4712da1f6cdbcac2d0afc5dd06635975af71a,True,3
14753,10064,021026_ML.npy,2026-10-03,2026-10-03 20:05:51.382932,7C444D,P28A,PIPER AIRCRAFT CORP,PA-28-181,1be1728219070b2a7eadf9055e0f8ab3496e940ef5ccfaa2bfee4297776d28fe,True,2
14754,10065,021026_ML.npy,2026-10-03,2026-10-03 20:05:52.348595,7C444D,P28A,PIPER AIRCRAFT CORP,PA-28-181,c3c17a43a20bf80adad2f41afa6ec8534fcea61c57a8e2523f788df3206f2c48,True,4
14755,10066,021026_ML.npy,2026-10-03,2026-10-03 20:05:52.800432,7C444D,P28A,PIPER AIRCRAFT CORP,PA-28-181,898e4067a22e9e3049386fc828015e4c7353c572e63da262f6115828f7501763,True,1
14756,10067,021026_ML.npy,2026-10-03,2026-10-03 20:05:53.700281,7C444D,P28A,PIPER AIRCRAFT CORP,PA-28-181,d5a9d6606da4d9003a2f1ca1f9b7805b4c4ed71ef5d89f9d3a605ce6feb7a960,True,1
14757,10068,021026_ML.npy,2026-10-03,2026-10-03 20:06:59.896987,7C444D,P28A,PIPER AIRCRAFT CORP,PA-28-181,50a066e41ab2b18ae46c79aaad9cbefd5e39823ec4dbae3b64179b86f450af54,True,4
14758,10069,021026_ML.npy,2026-10-03,2026-10-03 20:07:01.434969,7C444D,P28A,PIPER AIRCRAFT CORP,PA-28-181,45db4550ea5f275929e931f2460c420e43d3cb97973101ca5480012b073c85f7,True,5
14759,10070,021026_ML.npy,2026-10-03,2026-10-03 20:07:02.100214,7C444D,P28A,PIPER AIRCRAFT CORP,PA-28-181,d8ca3e90afb3bc1d4dca52ed572384b0662a75fc6da6c43081f935eb45116e9f,True,3
14760,10071,021026_ML.npy,2026-10-03,2026-10-03 20:07:03.026304,7C444D,P28A,PIPER AIRCRAFT CORP,PA-28-181,a01918bddb3ef88e3d98e324e6e87c49ca69623ced1833e848ef9b2e68e62473,True,4
14761,10072,021026_ML.npy,2026-10-03,2026-10-03 20:07:06.889085,7C444D,P28A,PIPER AIRCRAFT CORP,PA-28-181,5dd2b57ed947d06f91a8904bae9b4733485758e492f28ea7908f9febb1a45732,True,3
14762,10073,021026_ML.npy,2026-10-03,2026-10-03 20:07:08.741069,7C444D,P28A,PIPER AIRCRAFT CORP,PA-28-181,0a712d93c3b436632b6313eca8379ae14858b33e3b9968582f2fdcbbff01ea49,True,5
14763,10074,021026_ML.npy,2026-10-03,2026-10-03 20:07:10.576577,7C444D,P28A,PIPER AIRCRAFT CORP,PA-28-181,556a2160b7cd03acf9d5c3c01aced868826666bcf22963e904fee0643108cf87,True,2
14764,10075,021026_ML.npy,2026-10-03,2026-10-03 20:07:18.602850,7C444D,P28A,PIPER AIRCRAFT CORP,PA-28-181,a47db962846503fcb11d8af10358872e9b0f7b8026ac7683a2b19c4c8b2e07a7,True,4
14765,10076,021026_ML.npy,2026-10-03,2026-10-03 20:07:18.688343,7C444D,P28A,PIPER AIRCRAFT CORP,PA-28-181,0a712d93c3b436632b6313eca8379ae14858b33e3b9968582f2fdcbbff01ea49,True,3
14766,10077,021026_ML.npy,2026-10-03,2026-10-03 20:07:18.808840,7C444D,P28A,PIPER AIRCRAFT CORP,PA-28-181,bdbea92283397c39fbb177d0e95a1912f7416a11383c2ccf93c282201996d94c,True,1
14767,10078,021026_ML.npy,2026-10-03,2026-10-03 20:09:33.281863,7C444D,P28A,PIPER AIRCRAFT CORP,PA-28-181,ee52212df4706a88167439f333e81d80b8141e56dd85cb82a3ec0c307e90509b,True,4
14768,10079,021026_ML.npy,2026-10-03,2026-10-03 20:09:34.257728,7C444D,P28A,PIPER AIRCRAFT CORP,PA-28-181,8e026008d4eba0db5cebf8f0982abf7843aa752ffbe180e178493e40a7edbfb6,True,4
14769,10080,021026_ML.npy,2026-10-03,2026-10-03 20:09:34.435959,7C444D,P28A,PIPER AIRCRAFT CORP,PA-28-181,2a6c194d5e3251bd90197dfd2e3e8ee1e8f3c08c96ff3142f72a2f5c291addec,True,5
14770,10081,021026_ML.npy,2026-10-03,2026-10-03 20:09:44.391443,7C444D,P28A,PIPER AIRCRAFT CORP,PA-28-181,0042a78f0efc269a511a26ce7fdf280b3e760f75416303d7204b1e785c5742a5,True,2
14771,10082,021026_ML.npy,2026-10-03,2026-10-03 20:10:28.771230,7C444D,P28A,PIPER AIRCRAFT CORP,PA-28-181,0a712d93c3b436632b6313eca8379ae14858b33e3b9968582f2fdcbbff01ea49,True,3
14772,10083,021026_ML.npy,2026-10-03,2026-10-03 20:10:28.833150,7C444D,P28A,PIPER AIRCRAFT CORP,PA-28-181,e251e94f61170e3d71b7ed9621e931b7cd1cde23ebcfb15b13727b5b5babe74b,True,3
14773,10084,021026_ML.npy,2026-10-03,2026-10-03 20:10:33.357701,7C444D,P28A,PIPER AIRCRAFT CORP,PA-28-181,d95f8a2641813e47712d08e6b3ed4bbdc25fc26986afc41d6891b833ac704a52,True,3
14774,10085,021026_ML.npy,2026-10-03,2026-10-03 20:10:34.583416,7C444D,P28A,PIPER AIRCRAFT CORP,PA-28-181,bdbea92283397c39fbb177d0e95a1912f7416a11383c2ccf93c282201996d94c,True,5
14775,10086,021026_ML.npy,2026-10-03,2026-10-03 20:10:35.247071,7C444D,P28A,PIPER AIRCRAFT CORP,PA-28-181,1ca4745fa6aaa502ef34cbcde42aa6be1a863a04ded6dce5b8e39cbce3183ae5,True,4
14776,10087,021026_ML.npy,2026-10-03,2026-10-03 20:10:40.046740,7C444D,P28A,PIPER AIRCRAFT CORP,PA-28-181,8ffd5b75e50b3803f99fb263dd16a85edb6ffb18c0f3e3614a4a5ddaa692624f,True,5
14777,10088,021026_ML.npy,2026-10-03,2026-10-03 20:10:40.980343,7C444D,P28A,PIPER AIRCRAFT CORP,PA-28-181,723dc9e8b042b1bc46cc120a4d7b2b0f6d493513013b572cc3e4f8f3cdabfc3d,True,1
14778,10089,021026_ML.npy,2026-10-03,2026-10-03 20:10:41.974099,7C444D,P28A,PIPER AIRCRAFT CORP,PA-28-181,65d67afe8b854b7497b03cb447d4d8935c9af6302691a9d34f51f729b0c961fa,True,4
14779,10090,021026_ML.npy,2026-10-03,2026-10-03 20:10:43.845297,7C444D,P28A,PIPER AIRCRAFT CORP,PA-28-181,8449298d869344dd9ebe7f1fe4b26a27b912db9637b41145b7b0e7f126cb224d,True,1
14780,10091,021026_ML.npy,2026-10-03,2026-10-03 20:10:45.217364,7C444D,P28A,PIPER AIRCRAFT CORP,PA-28-181,7529f6a907866c175d4760a4b9b40109f7479d886071d72b805247a14cff9deb,True,4
14781,10092,021026_ML.npy,2026-10-03,2026-10-03 20:10:45.360902,7C444D,P28A,PIPER AIRCRAFT CORP,PA-28-181,59a0a56a28bf54b28594baa822f61e48fb57f311db140b45f02ddedd3a48eeae,True,5
14782,10093,021026_ML.npy,2026-10-03,2026-10-03 20:10:45.657464,7C444D,P28A,PIPER AIRCRAFT CORP,PA-28-181,38ac39fd4325fcb4217ca02d550dd89c3bbe8b7cb9d8b06580404087f873bb2d,True,4
14783,10094,021026_ML.npy,2026-10-03,2026-10-03 20:10:47.620918,7C444D,P28A,PIPER AIRCRAFT CORP,PA-28-181,9d601b74209c3f2f70a603ad1ea40457c0764de8f4db426fa1c2746690000353,True,4
14784,10095,021026_ML.npy,2026-10-03,2026-10-03 20:10:49.504266,7C444D,P28A,PIPER AIRCRAFT CORP,PA-28-181,bdbea92283397c39fbb177d0e95a1912f7416a11383c2ccf93c282201996d94c,True,1
14785,10096,021026_ML.npy,2026-10-03,2026-10-03 20:10:49.864574,7C444D,P28A,PIPER AIRCRAFT CORP,PA-28-181,bdf008dc1d4ec4ed2a04144c1d175882881087debc33cc4485c5ba3eb5f55140,True,5
14786,10097,021026_ML.npy,2026-10-03,2026-10-03 20:10:54.851146,7C444D,P28A,PIPER AIRCRAFT CORP,PA-28-181,d8ca3e90afb3bc1d4dca52ed572384b0662a75fc6da6c43081f935eb45116e9f,True,1
14787,10098,021026_ML.npy,2026-10-03,2026-10-03 20:12:22.251775,7C444D,P28A,PIPER AIRCRAFT CORP,PA-28-181,7713ef8c6f515510d289d1b40c402f8b76b59b5f5b43161c0b7d1fcc30f86444,True,4
14788,10099,021026_ML.npy,2026-10-03,2026-10-03 20:12:22.709077,7C444D,P28A,PIPER AIRCRAFT CORP,PA-28-181,7713ef8c6f515510d289d1b40c402f8b76b59b5f5b43161c0b7d1fcc30f86444,True,4
14789,10100,021026_ML.npy,2026-10-03,2026-10-03 20:12:23.692442,7C444D,P28A,PIPER AIRCRAFT CORP,PA-28-181,bdbea92283397c39fbb177d0e95a1912f7416a11383c2ccf93c282201996d94c,True,1
14790,10101,021026_ML.npy,2026-10-03,2026-10-03 20:12:27.703951,7C444D,P28A,PIPER AIRCRAFT CORP,PA-28-181,c8c680b2a533dd757769bbfe4059df309ab2a5301cfdcbad424336b353abe894,True,5
14791,10102,021026_ML.npy,2026-10-03,2026-10-03 20:13:32.775157,7C444D,P28A,PIPER AIRCRAFT CORP,PA-28-181,d8ca3e90afb3bc1d4dca52ed572384b0662a75fc6da6c43081f935eb45116e9f,True,1
14792,10103,021026_ML.npy,2026-10-03,2026-10-03 20:14:47.587979,7C444D,P28A,PIPER AIRCRAFT CORP,PA-28-181,f0dd8030e8e07916be74f8b32eaacb7a532a682a955f8ad01ade785944b6d1c9,True,2
14793,10104,021026_ML.npy,2026-10-03,2026-10-03 20:15:24.067521,7C444D,P28A,PIPER AIRCRAFT CORP,PA-28-181,37511361ccc85259f3ca68c42e9c0fd4fbdaba1a6aab661eb562e516ebe4da1c,True,4
14794,10105,021026_ML.npy,2026-10-03,2026-10-03 20:15:39.767538,7C444D,P28A,PIPER AIRCRAFT CORP,PA-28-181,d8ca3e90afb3bc1d4dca52ed572384b0662a75fc6da6c43081f935eb45116e9f,True,5
14795,10106,021026_ML.npy,2026-10-03,2026-10-03 20:15:39.869957,7C444D,P28A,PIPER AIRCRAFT CORP,PA-28-181,cb3aad63f8d99cc41e5d6252e9b94bf79921abfe13771c8d839c13d13cbc1692,True,3
14796,10107,021026_ML.npy,2026-10-03,2026-10-03 20:15:41.451692,7C444D,P28A,PIPER AIRCRAFT CORP,PA-28-181,fa6317a6dfd063f233b8b6b2f073ea732abb4cc4a97a642e4b80bdec7a6b7c72,True,2
14797,10108,021026_ML.npy,2026-10-03,2026-10-03 20:15:44.390846,7C444D,P28A,PIPER AIRCRAFT CORP,PA-28-181,18732b11dd10573422d80dd728e55c09e7ed490dab941e5a10723723e27c0b2e,True,2
14798,10109,021026_ML.npy,2026-10-03,2026-10-03 20:15:44.896862,7C444D,P28A,PIPER AIRCRAFT CORP,PA-28-181,3beb4cffcdf2f99c5647be93802f5879e9cf4bf31767c29a3afcb69e05a07d0c,True,2
14799,10110,021026_ML.npy,2026-10-03,2026-10-03 20:15:47.691763,7C444D,P28A,PIPER AIRCRAFT CORP,PA-28-181,b6e0ddd630dffdc75a6e756d0b98277d3541bc61a2c90e900728bb5c178633b4,True,5
14800,10111,021026_ML.npy,2026-10-03,2026-10-03 20:15:48.436043,7C444D,P28A,PIPER AIRCRAFT CORP,PA-28-181,26cac554777dd5cf2094b1921ce0535d94606cb81320c26b121f4eabc28d4c8c,True,2
14801,10112,021026_ML.npy,2026-10-03,2026-10-03 20:15:48.689804,7C444D,P28A,PIPER AIRCRAFT CORP,PA-28-181,b6e0ddd630dffdc75a6e756d0b98277d3541bc61a2c90e900728bb5c178633b4,True,3
14802,10113,021026_ML.npy,2026-10-03,2026-10-03 20:15:49.389404,7C444D,P28A,PIPER AIRCRAFT CORP,PA-28-181,bdbea92283397c39fbb177d0e95a1912f7416a11383c2ccf93c282201996d94c,True,3
14803,10114,021026_ML.npy,2026-10-03,2026-10-03 20:15:49.557593,7C444D,P28A,PIPER AIRCRAFT CORP,PA-28-181,713bcfe9d5f932696c13de23b6ad28edf36590aefffa68c36b71d6fcd25e2987,True,4
14804,10115,021026_ML.npy,2026-10-03,2026-10-03 20:15:51.331294,7C444D,P28A,PIPER AIRCRAFT CORP,PA-28-181,fa42e95b6c057b984c04b3912f9c135d07f67cfd44a3bf8ba8fed4cbd0d74706,True,1
14805,10116,021026_ML.npy,2026-10-03,2026-10-03 20:15:52.824627,7C444D,P28A,PIPER AIRCRAFT CORP,PA-28-181,f412441d31268902f41081271f928a866669708110865892ff16f9e617f2a782,True,1
14806,10117,021026_ML.npy,2026-10-03,2026-10-03 20:15:54.814604,7C444D,P28A,PIPER AIRCRAFT CORP,PA-28-181,d8ca3e90afb3bc1d4dca52ed572384b0662a75fc6da6c43081f935eb45116e9f,True,4
14807,10118,021026_ML.npy,2026-10-03,2026-10-03 20:15:57.369718,7C444D,P28A,PIPER AIRCRAFT CORP,PA-28-181,741219278b571c068b4cb1ea211898a8487db1ffdf94e3f1af7d778927ec6704,True,2
14808,10119,021026_ML.npy,2026-10-03,2026-10-03 20:15:59.357152,7C444D,P28A,PIPER AIRCRAFT CORP,PA-28-181,bdbea92283397c39fbb177d0e95a1912f7416a11383c2ccf93c282201996d94c,True,3
14809,10120,021026_ML.npy,2026-10-03,2026-10-03 20:16:01.434860,7C444D,P28A,PIPER AIRCRAFT CORP,PA-28-181,9b4f33f9245844b4326d6fdbc50c18a69f37618d3d5faade908d70ac93eba711,True,5
14810,10121,021026_ML.npy,2026-10-03,2026-10-03 20:16:02.962708,7C444D,P28A,PIPER AIRCRAFT CORP,PA-28-181,95bbf3e2e705576d8aa0277b7bd763cbdd0a39d4bb1810885741b4bccbb1506c,True,4
14811,10122,021026_ML.npy,2026-10-03,2026-10-03 20:16:03.294627,7C444D,P28A,PIPER AIRCRAFT CORP,PA-28-181,0a712d93c3b436632b6313eca8379ae14858b33e3b9968582f2fdcbbff01ea49,True,4
14812,10123,021026_ML.npy,2026-10-03,2026-10-03 20:16:03.538604,7C444D,P28A,PIPER AIRCRAFT CORP,PA-28-181,ba5157ec080c8977f81866476c2023983f3bd733244866d8cdce2aa6f6a5b7ff,True,2
14813,10124,021026_ML.npy,2026-10-03,2026-10-03 20:16:04.072345,7C444D,P28A,PIPER AIRCRAFT CORP,PA-28-181,7eceab428999a51b99218a664d5cff5211997df9ee3b21c48a17fd3d2596fd5e,True,3
14815,10126,021026_ML.npy,2026-10-03,2026-10-03 20:16:12.154691,7C444D,P28A,PIPER AIRCRAFT CORP,PA-28-181,abcf3542f5ac155f678d01d18af2ded0e9e3f0bcd0cd3e1e8dff036567f60c3f,True,1
14816,10127,021026_ML.npy,2026-10-03,2026-10-03 20:16:54.715230,7C444D,P28A,PIPER AIRCRAFT CORP,PA-28-181,9d33bfde48d90dedba47ca04362bde4776726fd1a5b8a1000307be020a4b0d1c,True,2
14817,10128,021026_ML.npy,2026-10-03,2026-10-03 20:16:55.800563,7C444D,P28A,PIPER AIRCRAFT CORP,PA-28-181,a130c346909a1ef98da3ab764b8c9681aae0041b63163fd9909e6a2d4af8093e,True,1
14818,10129,021026_ML.npy,2026-10-03,2026-10-03 20:16:57.274248,7C444D,P28A,PIPER AIRCRAFT CORP,PA-28-181,d8ca3e90afb3bc1d4dca52ed572384b0662a75fc6da6c43081f935eb45116e9f,True,4
14819,10130,021026_ML.npy,2026-10-03,2026-10-03 20:17:00.485511,7C444D,P28A,PIPER AIRCRAFT CORP,PA-28-181,a9bbbc3f1904af8d915966395a1f883318cb879887e6c884e267c1c58146cccd,True,2
14820,10131,021026_ML.npy,2026-10-03,2026-10-03 20:17:01.254163,7C444D,P28A,PIPER AIRCRAFT CORP,PA-28-181,e3b2d68f264fdc9c782298522f99e37c505d5949e42d79f554cbc2f3fb0d577a,True,5
14821,10132,021026_ML.npy,2026-10-03,2026-10-03 20:17:21.080862,7C444D,P28A,PIPER AIRCRAFT CORP,PA-28-181,2753b324cfda55c0bb019f95610c0aad8184082e964ac98ad04cee167fa25d34,True,4
14822,10133,021026_ML.npy,2026-10-03,2026-10-03 20:17:21.196932,7C444D,P28A,PIPER AIRCRAFT CORP,PA-28-181,1222bf585f7e77c1e7e58d5421e931801e8bc9765e409cd0768ef64752442b2a,True,5
14823,10134,021026_ML.npy,2026-10-03,2026-10-03 20:17:21.700595,7C444D,P28A,PIPER AIRCRAFT CORP,PA-28-181,c6421aa90dc1c9b8604adbf9439ededd02c3395754e34ec33fd56514ea48160b,True,4
14824,10135,021026_ML.npy,2026-10-03,2026-10-03 20:17:24.733900,7C444D,P28A,PIPER AIRCRAFT CORP,PA-28-181,4a3a400270d259de6b9373d292c824df1b66415f33b59668662e76afa080dc8f,True,2
14825,10136,021026_ML.npy,2026-10-03,2026-10-03 20:17:37.503789,7C444D,P28A,PIPER AIRCRAFT CORP,PA-28-181,d8ca3e90afb3bc1d4dca52ed572384b0662a75fc6da6c43081f935eb45116e9f,True,5
14826,10137,021026_ML.npy,2026-10-03,2026-10-03 20:17:53.921402,7C444D,P28A,PIPER AIRCRAFT CORP,PA-28-181,c60c3c0180c5a8c9df349c0d984e9e44c5dc1542d4d81230bcb47beb45b08f83,True,2
14827,10138,021026_ML.npy,2026-10-03,2026-10-03 20:17:59.890012,7C444D,P28A,PIPER AIRCRAFT CORP,PA-28-181,d8ca3e90afb3bc1d4dca52ed572384b0662a75fc6da6c43081f935eb45116e9f,True,2
14828,10139,021026_ML.npy,2026-10-03,2026-10-03 20:19:49.615114,7C444D,P28A,PIPER AIRCRAFT CORP,PA-28-181,d8ca3e90afb3bc1d4dca52ed572384b0662a75fc6da6c43081f935eb45116e9f,True,4
14829,10140,021026_ML.npy,2026-10-03,2026-10-03 20:19:49.636464,7C444D,P28A,PIPER AIRCRAFT CORP,PA-28-181,f7754bedc71f2a8fc8aeb401741b3b2dd74fcf24747dfa0d2be808462005f077,True,4
14830,10141,021026_ML.npy,2026-10-03,2026-10-03 20:19:58.970820,7C444D,P28A,PIPER AIRCRAFT CORP,PA-28-181,bdbea92283397c39fbb177d0e95a1912f7416a11383c2ccf93c282201996d94c,True,4
14832,10143,021026_ML.npy,2026-10-03,2026-10-03 20:20:38.336959,7C444D,P28A,PIPER AIRCRAFT CORP,PA-28-181,9d4f1e517626be4efb58151f8cdccd038ada8770a66de6564f720a2fd6bf776a,True,1
14833,10144,021026_ML.npy,2026-10-03,2026-10-03 20:20:47.017465,7C444D,P28A,PIPER AIRCRAFT CORP,PA-28-181,5d3b7cf110f5977fb0ba190744a52aae61a87fde8b5984313c8a5f3dcb5bc7a2,True,1
14834,10145,021026_ML.npy,2026-10-03,2026-10-03 20:20:47.127378,7C444D,P28A,PIPER AIRCRAFT CORP,PA-28-181,d8ca3e90afb3bc1d4dca52ed572384b0662a75fc6da6c43081f935eb45116e9f,True,3
14835,10146,021026_ML.npy,2026-10-03,2026-10-03 20:20:53.401837,7C444D,P28A,PIPER AIRCRAFT CORP,PA-28-181,efb96563c4fd4459a6bb72f0228f4fdd0da09ed7aeb3ef8170903a79afe9701d,True,2
14836,10147,021026_ML.npy,2026-10-03,2026-10-03 20:20:53.508282,7C444D,P28A,PIPER AIRCRAFT CORP,PA-28-181,1c7759f761ad2b291a56297a2a94e96df8893427a7019d5663c2030f6a7a84eb,True,2
14837,10148,021026_ML.npy,2026-10-03,2026-10-03 20:20:58.350635,7C444D,P28A,PIPER AIRCRAFT CORP,PA-28-181,fc12e9505c2cc7f6a5df1756620da9fd2069615b11047e5839b34daf4b724474,True,5
14838,10149,021026_ML.npy,2026-10-03,2026-10-03 20:21:00.820739,7C444D,P28A,PIPER AIRCRAFT CORP,PA-28-181,0e580f0be3b108e805ea2a3d79233a6d0415f950b44f963328279680c1db81fe,True,1
14839,10150,021026_ML.npy,2026-10-03,2026-10-03 20:21:02.222345,7C444D,P28A,PIPER AIRCRAFT CORP,PA-28-181,d8ca3e90afb3bc1d4dca52ed572384b0662a75fc6da6c43081f935eb45116e9f,True,3
14840,10151,021026_ML.npy,2026-10-03,2026-10-03 20:21:02.883796,7C444D,P28A,PIPER AIRCRAFT CORP,PA-28-181,651b2b1abbfd364a722bbccaa039a3cbd7d91398199f9e6af4ce371a04008ed2,True,5
14841,10152,021026_ML.npy,2026-10-03,2026-10-03 20:21:03.993900,7C444D,P28A,PIPER AIRCRAFT CORP,PA-28-181,bdbea92283397c39fbb177d0e95a1912f7416a11383c2ccf93c282201996d94c,True,1
14842,10153,021026_ML.npy,2026-10-03,2026-10-03 20:21:05.521200,7C444D,P28A,PIPER AIRCRAFT CORP,PA-28-181,2903ca5f003351eddbb3a32463fda7df79953721387b7c47cebdf0abe7f6169a,True,3
14843,10154,021026_ML.npy,2026-10-03,2026-10-03 20:21:09.680329,7C444D,P28A,PIPER AIRCRAFT CORP,PA-28-181,a96a9b003b54842f72ef91fabc613d82585775c255d3da881697b7a795f96bc9,True,4
14844,10155,021026_ML.npy,2026-10-03,2026-10-03 20:21:12.727519,7C444D,P28A,PIPER AIRCRAFT CORP,PA-28-181,30270cb07a2a73d92ae32635dd14d7ef6727f0a287bfd4b1721af1f9eae6b80e,True,4
14845,10156,021026_ML.npy,2026-10-03,2026-10-03 20:21:12.837831,7C444D,P28A,PIPER AIRCRAFT CORP,PA-28-181,0a712d93c3b436632b6313eca8379ae14858b33e3b9968582f2fdcbbff01ea49,True,2
14846,10157,021026_ML.npy,2026-10-03,2026-10-03 20:21:16.437462,7C444D,P28A,PIPER AIRCRAFT CORP,PA-28-181,ffb5ee9d6262c45cf1b583de6bff3c1be8987ee37aa78f20760753160172ca53,True,1
14847,10158,021026_ML.npy,2026-10-03,2026-10-03 20:21:17.948713,7C444D,P28A,PIPER AIRCRAFT CORP,PA-28-181,2a5d1eb3f18f0f989254a90f2bd7e83c7589a169ddd71adb7b4577a6bded6bd7,True,2
14848,10159,021026_ML.npy,2026-10-03,2026-10-03 20:21:19.296527,7C444D,P28A,PIPER AIRCRAFT CORP,PA-28-181,79ef49d2cd01397902fc149e3338ceb30972b2b64e76f897d0c4f6bb67a74be0,True,5
14849,10160,021026_ML.npy,2026-10-03,2026-10-03 20:21:19.984334,7C444D,P28A,PIPER AIRCRAFT CORP,PA-28-181,d5eb52bf5ecf6f5c81d41c3f30504d04ba3f0c4bc715b4cc53612960f2d3ed86,True,2
14850,10161,021026_ML.npy,2026-10-03,2026-10-03 20:21:20.421963,7C444D,P28A,PIPER AIRCRAFT CORP,PA-28-181,25761226ecb43e794e7cf45d3bfef414de9f34a9e68b71d79e1ebe87d915c603,True,4
14851,10162,021026_ML.npy,2026-10-03,2026-10-03 20:21:21.363927,7C444D,P28A,PIPER AIRCRAFT CORP,PA-28-181,25761226ecb43e794e7cf45d3bfef414de9f34a9e68b71d79e1ebe87d915c603,True,4
14852,10163,021026_ML.npy,2026-10-03,2026-10-03 20:21:32.043509,7C444D,P28A,PIPER AIRCRAFT CORP,PA-28-181,f151a296fca01ec3c64e941f13cade5959acac6789e4f67f97e74ab9322f61c3,True,4
14853,10164,021026_ML.npy,2026-10-03,2026-10-03 20:22:40.844246,7C444D,P28A,PIPER AIRCRAFT CORP,PA-28-181,a9e6e839566c82c2ffb49fda31ab275f1a1a64b282842dd6bee6cf4945e24fa8,True,5
14854,10165,021026_ML.npy,2026-10-03,2026-10-03 20:22:43.247410,7C444D,P28A,PIPER AIRCRAFT CORP,PA-28-181,aad05bdc781ce075e6eaf65f60d9185675a42d7f33793cd192788f97a238423b,True,2
14855,10166,021026_ML.npy,2026-10-03,2026-10-03 20:22:44.533039,7C444D,P28A,PIPER AIRCRAFT CORP,PA-28-181,bdbea92283397c39fbb177d0e95a1912f7416a11383c2ccf93c282201996d94c,True,3
14856,10167,021026_ML.npy,2026-10-03,2026-10-03 20:22:45.410497,7C444D,P28A,PIPER AIRCRAFT CORP,PA-28-181,20aa20eb5e31e67202710a7bf61fa49f9e3233b6671a26e832c6099862953915,True,2
14857,10168,021026_ML.npy,2026-10-03,2026-10-03 20:22:49.927420,7C444D,P28A,PIPER AIRCRAFT CORP,PA-28-181,994d2a5bc8eeb612279812673ab45468c4f7f140bcc47db02b2ce8f74687a8e4,True,2
14858,10169,021026_ML.npy,2026-10-03,2026-10-03 20:22:58.036190,7C444D,P28A,PIPER AIRCRAFT CORP,PA-28-181,3d77c2802c56c798f4b032d0cf39413762b7ca4ecc8aa8044682e567f8562c0c,True,5
14859,10170,021026_ML.npy,2026-10-03,2026-10-03 20:22:58.447775,7C444D,P28A,PIPER AIRCRAFT CORP,PA-28-181,2ceebf161f3de5c30eb16e87028caa44ece32fbc7892959587bc8d212612aa06,True,4
14860,10171,021026_ML.npy,2026-10-03,2026-10-03 20:22:59.515297,7C444D,P28A,PIPER AIRCRAFT CORP,PA-28-181,196e806af1a2236405933d245c0e869daae760a4aa7b619fa6766bd82c9f8158,True,3
14861,10172,021026_ML.npy,2026-10-03,2026-10-03 20:23:02.632595,7C444D,P28A,PIPER AIRCRAFT CORP,PA-28-181,7dfe509edf81ba0b50d1681656a2115660b546fe1e21e16051108c0a5ffd621c,True,5
14862,10173,021026_ML.npy,2026-10-03,2026-10-03 20:23:17.901058,7C444D,P28A,PIPER AIRCRAFT CORP,PA-28-181,fdc96c079c5c6a47745b603e45424e7759a8562ad68e7e0ca99d010f2b14f1e2,True,4
14863,10174,021026_ML.npy,2026-10-03,2026-10-03 20:24:54.647322,7C444D,P28A,PIPER AIRCRAFT CORP,PA-28-181,b483ac1b7ca7668fb820195906c3dcceb307846ad40d619f94bbfc266f304cc8,True,5
14864,10175,021026_ML.npy,2026-10-03,2026-10-03 20:25:09.087796,7C444D,P28A,PIPER AIRCRAFT CORP,PA-28-181,b27be6edd9d0c7c56b1a8f8ea23aecc87f5bc37c4918016f6c242080378dd974,True,4
14865,10176,021026_ML.npy,2026-10-03,2026-10-03 20:25:09.274142,7C444D,P28A,PIPER AIRCRAFT CORP,PA-28-181,87c4368f98c992e1f5087d10727d91297fb259a2b1634c5f918f4872bc388643,True,4
14866,10177,021026_ML.npy,2026-10-03,2026-10-03 20:25:10.657717,7C444D,P28A,PIPER AIRCRAFT CORP,PA-28-181,6d517962dfa405a3368291d04fd81cb31adca00be1d554d1353c1d953bcd8304,True,4
14867,10178,021026_ML.npy,2026-10-03,2026-10-03 20:25:11.109654,7C444D,P28A,PIPER AIRCRAFT CORP,PA-28-181,8d7ba92af07b76f199b3c47f0f0c2784636680f0bb65600d5eec420523909c6c,True,4
14868,10179,021026_ML.npy,2026-10-03,2026-10-03 20:25:50.742765,7C444D,P28A,PIPER AIRCRAFT CORP,PA-28-181,d8ca3e90afb3bc1d4dca52ed572384b0662a75fc6da6c43081f935eb45116e9f,True,1
14869,10180,021026_ML.npy,2026-10-03,2026-10-03 20:25:57.001239,7C444D,P28A,PIPER AIRCRAFT CORP,PA-28-181,5f74202acf84a3a19986e0b2f8a4608206f7a5a62c342c799834b77a184215ee,True,5
14870,10181,021026_ML.npy,2026-10-03,2026-10-03 20:25:59.826637,7C444D,P28A,PIPER AIRCRAFT CORP,PA-28-181,fb6e4163d51f5049ebc1d6a03a8050b3040ccb360cff5b50662af110bf2829d0,True,4
14871,10182,021026_ML.npy,2026-10-03,2026-10-03 20:26:00.366499,7C444D,P28A,PIPER AIRCRAFT CORP,PA-28-181,83172dfc5b7acb30c16994918820be49694322afe573675a130e10ab10fc016e,True,3
14872,10183,021026_ML.npy,2026-10-03,2026-10-03 20:26:04.111165,7C444D,P28A,PIPER AIRCRAFT CORP,PA-28-181,13ced3981bd5bc080dd506893c7569fc3681cc171685d7d9b13b713dec776f1a,True,4
14873,10184,021026_ML.npy,2026-10-03,2026-10-03 20:26:08.738459,7C444D,P28A,PIPER AIRCRAFT CORP,PA-28-181,ce2e4fc60996e82c3e846e15b640420cfc231a08507e796cf7635b4c2afc4bee,True,3
14874,10185,021026_ML.npy,2026-10-03,2026-10-03 20:26:09.192009,7C444D,P28A,PIPER AIRCRAFT CORP,PA-28-181,b7d17894ba3d775073cdb9da6e520986c974f3b1d824174884899b2f61e6dc9d,True,3
14875,10186,021026_ML.npy,2026-10-03,2026-10-03 20:26:09.754132,7C444D,P28A,PIPER AIRCRAFT CORP,PA-28-181,e1b655a61e8c702de7c68d7d7b8b162f99eac998984156b01b5153065b6a0067,True,2
14876,10187,021026_ML.npy,2026-10-03,2026-10-03 20:26:10.278139,7C444D,P28A,PIPER AIRCRAFT CORP,PA-28-181,8e06c70d83bdb343ed44aa9f8975e2189657b3efbe996ba62b9946e0f30a7d73,True,3
14877,10188,021026_ML.npy,2026-10-03,2026-10-03 20:26:10.729901,7C444D,P28A,PIPER AIRCRAFT CORP,PA-28-181,306f8b47067002421eaa1a9e7f7352ef1bb232b0c34fe3bcd2d3db794bf1a174,True,4
14878,10189,021026_ML.npy,2026-10-03,2026-10-03 20:26:12.955660,7C444D,P28A,PIPER AIRCRAFT CORP,PA-28-181,3e2462f92b0b677c7b6c56b22f828628af56cb81ee9372884b9729cffec135f6,True,1
14879,10190,021026_ML.npy,2026-10-03,2026-10-03 20:26:13.206913,7C444D,P28A,PIPER AIRCRAFT CORP,PA-28-181,2ad9d49482b315b72a1d22df49e3da1a18f59a79292d7f8038b55a0608109bee,True,3
14880,10191,021026_ML.npy,2026-10-03,2026-10-03 20:26:13.709337,7C444D,P28A,PIPER AIRCRAFT CORP,PA-28-181,393b828f89181467cb6fb33b3aefa8d1a42fadcebe8ad8a49bbc23431608711f,True,1
14882,10193,021026_ML.npy,2026-10-03,2026-10-03 20:26:15.902896,7C444D,P28A,PIPER AIRCRAFT CORP,PA-28-181,80bc78663b65d8ed93c95500e2e8615299748296ff4b7aa731a167f4c92518ff,True,4
14883,10194,021026_ML.npy,2026-10-03,2026-10-03 20:26:15.994842,7C444D,P28A,PIPER AIRCRAFT CORP,PA-28-181,d904ad32a450ba8f79af9fa30c10200bec5ee7d8d3f20a842c46cc9e4e0d7368,True,1
14884,10195,021026_ML.npy,2026-10-03,2026-10-03 20:26:16.520331,7C444D,P28A,PIPER AIRCRAFT CORP,PA-28-181,00daa79590581036fcddda9da97e1e608a90a26d60b0808d4829962107095807,True,2
14885,10196,021026_ML.npy,2026-10-03,2026-10-03 20:26:17.002361,7C444D,P28A,PIPER AIRCRAFT CORP,PA-28-181,a7c14ba06f4b0d558b3716e1c85ae6cd79bd498b976a7720edd80b7a56f5dc2f,True,5
14886,10197,021026_ML.npy,2026-10-03,2026-10-03 20:26:17.440455,7C444D,P28A,PIPER AIRCRAFT CORP,PA-28-181,d904ad32a450ba8f79af9fa30c10200bec5ee7d8d3f20a842c46cc9e4e0d7368,True,5
14887,10198,021026_ML.npy,2026-10-03,2026-10-03 20:26:17.746427,7C444D,P28A,PIPER AIRCRAFT CORP,PA-28-181,0a712d93c3b436632b6313eca8379ae14858b33e3b9968582f2fdcbbff01ea49,True,1
14888,10199,021026_ML.npy,2026-10-03,2026-10-03 20:26:18.336476,7C444D,P28A,PIPER AIRCRAFT CORP,PA-28-181,d8ca3e90afb3bc1d4dca52ed572384b0662a75fc6da6c43081f935eb45116e9f,True,4
14889,10200,021026_ML.npy,2026-10-03,2026-10-03 20:26:19.069712,7C444D,P28A,PIPER AIRCRAFT CORP,PA-28-181,bdbea92283397c39fbb177d0e95a1912f7416a11383c2ccf93c282201996d94c,True,3
14890,10201,021026_ML.npy,2026-10-03,2026-10-03 20:26:27.360328,7C444D,P28A,PIPER AIRCRAFT CORP,PA-28-181,0e1cb29f775905aa52a433f184bbc10c241e69375472880fa3f2a179e420f9a7,True,3
14891,10202,021026_ML.npy,2026-10-03,2026-10-03 20:26:27.814179,7C444D,P28A,PIPER AIRCRAFT CORP,PA-28-181,bb0db8f15c72da467f4b68e5d60154fa391a2fbab9233b5918682425026d0765,True,2
14892,10203,021026_ML.npy,2026-10-03,2026-10-03 20:26:28.228160,7C444D,P28A,PIPER AIRCRAFT CORP,PA-28-181,d8ca3e90afb3bc1d4dca52ed572384b0662a75fc6da6c43081f935eb45116e9f,True,2
14893,10204,021026_ML.npy,2026-10-03,2026-10-03 20:26:28.262144,7C444D,P28A,PIPER AIRCRAFT CORP,PA-28-181,bbbe6171401e90ee316e01ec4469dddd81ef1bc80f0d2ee69e00a3102ccb21d0,True,5
14894,10205,021026_ML.npy,2026-10-03,2026-10-03 20:26:28.705793,7C444D,P28A,PIPER AIRCRAFT CORP,PA-28-181,a38c153eaa0141aed3509f3700645870e9787b565b24d9ad64b389468724291d,True,5
14895,10206,021026_ML.npy,2026-10-03,2026-10-03 20:26:28.943467,7C444D,P28A,PIPER AIRCRAFT CORP,PA-28-181,714346a00a43008dc731890fc6b16b1f8ea2a688377b9fb6f674e64b8837eea5,True,4
14896,10207,021026_ML.npy,2026-10-03,2026-10-03 20:26:29.507894,7C444D,P28A,PIPER AIRCRAFT CORP,PA-28-181,9eae986d36faf86d09bc23dd11bb4f2fcf5b7c8a310a821375c115f719f75add,True,3
14897,10208,021026_ML.npy,2026-10-03,2026-10-03 20:26:29.957681,7C444D,P28A,PIPER AIRCRAFT CORP,PA-28-181,9a01f2021ae2d5b7b7a7217a64b4e3f1d53e45b1307d946c06f5532a4a574078,True,5
14898,10209,021026_ML.npy,2026-10-03,2026-10-03 20:26:32.505178,7C444D,P28A,PIPER AIRCRAFT CORP,PA-28-181,50aa3293766e66ba29d6219a97f979f5c31c835cb9b2aeafd0da3f1d0b5dca14,True,1
14899,10210,021026_ML.npy,2026-10-03,2026-10-03 20:26:32.941095,7C444D,P28A,PIPER AIRCRAFT CORP,PA-28-181,ca57305f6a3bc114fd14d5fe742520c7fc5a43fb16a6f37a08bc01d0dab1c277,True,5
14900,10211,021026_ML.npy,2026-10-03,2026-10-03 20:26:34.020934,7C444D,P28A,PIPER AIRCRAFT CORP,PA-28-181,bdbea92283397c39fbb177d0e95a1912f7416a11383c2ccf93c282201996d94c,True,2
14901,10212,021026_ML.npy,2026-10-03,2026-10-03 20:26:34.528725,7C444D,P28A,PIPER AIRCRAFT CORP,PA-28-181,3199da285abcbd42243bc63b744315ea5b83559b3889c676063ae269277797d7,True,3
14902,10213,021026_ML.npy,2026-10-03,2026-10-03 20:27:43.270684,7C444D,P28A,PIPER AIRCRAFT CORP,PA-28-181,0a712d93c3b436632b6313eca8379ae14858b33e3b9968582f2fdcbbff01ea49,True,5
14903,10214,021026_ML.npy,2026-10-03,2026-10-03 20:27:54.640396,7C444D,P28A,PIPER AIRCRAFT CORP,PA-28-181,7f4e92119296f3d155847a1f545b8a8f3b415605de74a88119c87d6be5493e7d,True,1
14904,10215,021026_ML.npy,2026-10-03,2026-10-03 20:28:02.730558,7C444D,P28A,PIPER AIRCRAFT CORP,PA-28-181,97c68053d6e7dce29738ce7e5740afae6f963771d74fb5d90e94ed65d13dde44,True,4
14905,10216,021026_ML.npy,2026-10-03,2026-10-03 20:31:08.294348,7C444D,P28A,PIPER AIRCRAFT CORP,PA-28-181,96a055038ed165c5fd3b8c05064ad4cf2eb0b63d2891ec83a249dd3dabef0c9a,True,2
14906,10217,021026_ML.npy,2026-10-03,2026-10-03 20:31:10.666281,7C444D,P28A,PIPER AIRCRAFT CORP,PA-28-181,8a55a9dcae18a1d0ec50210845b967d906d18499fbe8a1d9066cb5b4ea4f4beb,True,4
14907,10218,021026_ML.npy,2026-10-03,2026-10-03 20:31:13.353327,7C444D,P28A,PIPER AIRCRAFT CORP,PA-28-181,30ec55c6ca97c64237815e426bcd2233e810ca3d82934716993cf9b4c26afa49,True,2
14908,10219,021026_ML.npy,2026-10-03,2026-10-03 20:31:13.534994,7C444D,P28A,PIPER AIRCRAFT CORP,PA-28-181,d8ca3e90afb3bc1d4dca52ed572384b0662a75fc6da6c43081f935eb45116e9f,True,5
14909,10220,021026_ML.npy,2026-10-03,2026-10-03 20:31:15.466887,7C444D,P28A,PIPER AIRCRAFT CORP,PA-28-181,b9289d49935c945dce4e1ff0f32387bb8892180bc51a93eb8c74763dc76eeda9,True,4
14910,10221,021026_ML.npy,2026-10-03,2026-10-03 20:31:17.354295,7C444D,P28A,PIPER AIRCRAFT CORP,PA-28-181,697a331c1bd608cc16dfb355370dde69e462ee72b29f1476d38e4f519f834842,True,3
14911,10222,021026_ML.npy,2026-10-03,2026-10-03 20:31:19.145951,7C444D,P28A,PIPER AIRCRAFT CORP,PA-28-181,f25226d3d5b4d6748918e98b3fd83928e8376ef51ff7d7af870eeb5ce05803c4,True,1
14912,10223,021026_ML.npy,2026-10-03,2026-10-03 20:31:19.989554,7C444D,P28A,PIPER AIRCRAFT CORP,PA-28-181,4e55d33e2c7784532fb5cd81c2f10a1641d571b8d0835383b82f044f73bcfa5e,True,3
14913,10224,021026_ML.npy,2026-10-03,2026-10-03 20:31:20.065631,7C444D,P28A,PIPER AIRCRAFT CORP,PA-28-181,f1df61b014101295b292724b5f7a1253ace3ddde08b3c118a5fc439503d68f7a,True,4
14914,10225,021026_ML.npy,2026-10-03,2026-10-03 20:31:21.535370,7C444D,P28A,PIPER AIRCRAFT CORP,PA-28-181,d833a776541c26e88f64b2ee55134042510c911a6b53d5b5ff24ef8642defa5a,True,4
14915,10226,021026_ML.npy,2026-10-03,2026-10-03 20:31:22.105297,7C444D,P28A,PIPER AIRCRAFT CORP,PA-28-181,4c05427512e531b4eb02912e99f920f6032c664f3a17a12669884aebe6afc003,True,1
14916,10227,021026_ML.npy,2026-10-03,2026-10-03 20:31:22.565221,7C444D,P28A,PIPER AIRCRAFT CORP,PA-28-181,a9b3ba69717e1b12f37e6dce5c083bffe5ed45703d3900cc366558d157059fb7,True,1
14917,10228,021026_ML.npy,2026-10-03,2026-10-03 20:31:24.046561,7C444D,P28A,PIPER AIRCRAFT CORP,PA-28-181,de3fbffc43be0402c7b8e77f2645404885a0b71f056ee3bb8256e719ca37b483,True,3
14918,10229,021026_ML.npy,2026-10-03,2026-10-03 20:31:28.533447,7C444D,P28A,PIPER AIRCRAFT CORP,PA-28-181,d8ca3e90afb3bc1d4dca52ed572384b0662a75fc6da6c43081f935eb45116e9f,True,4
14919,10230,021026_ML.npy,2026-10-03,2026-10-03 20:31:29.325600,7C444D,P28A,PIPER AIRCRAFT CORP,PA-28-181,6897a5cbb2e6ab233bcab5d61e6ab3c1cef1b19cd2fd4af71f847dd1a3a2f066,True,5
14920,10231,021026_ML.npy,2026-10-03,2026-10-03 20:31:30.305391,7C444D,P28A,PIPER AIRCRAFT CORP,PA-28-181,a43cf827509183299095905b8d1b2c5531fe2f56bd89fdc1ae2ff9e3de07deb9,True,3
14921,10232,021026_ML.npy,2026-10-03,2026-10-03 20:31:31.093289,7C444D,P28A,PIPER AIRCRAFT CORP,PA-28-181,d8ca3e90afb3bc1d4dca52ed572384b0662a75fc6da6c43081f935eb45116e9f,True,5
14922,10233,021026_ML.npy,2026-10-03,2026-10-03 20:31:31.260900,7C444D,P28A,PIPER AIRCRAFT CORP,PA-28-181,b0b6a1cea8ea0fce2403273b8490ac4c24f63a7a99be75674d32de125e01f598,True,3
14923,10234,021026_ML.npy,2026-10-03,2026-10-03 20:31:39.565385,7C444D,P28A,PIPER AIRCRAFT CORP,PA-28-181,73115376f0ff4539f02a113ee6d507b70df8adc18429c703a3b2ef11a4d61b9e,True,4
14924,10235,021026_ML.npy,2026-10-03,2026-10-03 20:31:41.176831,7C444D,P28A,PIPER AIRCRAFT CORP,PA-28-181,eda3e9876da18b6f7f92133edb6cf455fa60bc0cf4dcf037a0f6ae2db6f61e83,True,1
14925,10236,021026_ML.npy,2026-10-03,2026-10-03 20:31:42.678541,7C444D,P28A,PIPER AIRCRAFT CORP,PA-28-181,bf8a7dd5e8a1983b70775c28014328980a2cbc3133ac501e85e9490ff080637c,True,1
14926,10237,021026_ML.npy,2026-10-03,2026-10-03 20:31:43.468317,7C444D,P28A,PIPER AIRCRAFT CORP,PA-28-181,d8ca3e90afb3bc1d4dca52ed572384b0662a75fc6da6c43081f935eb45116e9f,True,2
14927,10238,021026_ML.npy,2026-10-03,2026-10-03 20:31:45.887722,7C444D,P28A,PIPER AIRCRAFT CORP,PA-28-181,df78d597ab9de30565aa3e08f60418e982f11c6c9480f53310b66e0f70442d23,True,3
14928,10239,021026_ML.npy,2026-10-03,2026-10-03 20:31:46.401697,7C444D,P28A,PIPER AIRCRAFT CORP,PA-28-181,e3959457a5cbf72ac4114034660b960f4295aae2e265588713ca17ae0721dfdc,True,5
14929,10240,021026_ML.npy,2026-10-03,2026-10-03 20:32:46.076068,7C444D,P28A,PIPER AIRCRAFT CORP,PA-28-181,ed8bedfb4af737ef5acc836c7048d0ed192a3aa3fdd6e11f882192686e6f4db0,True,3
14930,10241,021026_ML.npy,2026-10-03,2026-10-03 20:32:52.736159,7C444D,P28A,PIPER AIRCRAFT CORP,PA-28-181,0a712d93c3b436632b6313eca8379ae14858b33e3b9968582f2fdcbbff01ea49,True,2
14931,10242,021026_ML.npy,2026-10-03,2026-10-03 20:33:03.876637,7C444D,P28A,PIPER AIRCRAFT CORP,PA-28-181,6f7f4511d21061c81e77cb5809824d0f0ab5d026d947d844200409f6312dd24a,True,5
14932,10243,021026_ML.npy,2026-10-03,2026-10-03 20:33:23.371758,7C444D,P28A,PIPER AIRCRAFT CORP,PA-28-181,d8ca3e90afb3bc1d4dca52ed572384b0662a75fc6da6c43081f935eb45116e9f,True,2
14933,10244,021026_ML.npy,2026-10-03,2026-10-03 20:35:18.019767,7C444D,P28A,PIPER AIRCRAFT CORP,PA-28-181,d80264c3cc0ac753f8ae21aa01466481291ed4afe549e5e41266dd0c877d7d9d,True,5
14934,10245,021026_ML.npy,2026-10-03,2026-10-03 20:36:21.689237,7C444D,P28A,PIPER AIRCRAFT CORP,PA-28-181,0a712d93c3b436632b6313eca8379ae14858b33e3b9968582f2fdcbbff01ea49,True,3
14935,10246,021026_ML.npy,2026-10-03,2026-10-03 20:36:23.216674,7C444D,P28A,PIPER AIRCRAFT CORP,PA-28-181,56ecf1949d9d96050cf72e270b40d7090c83f995ea46f67bd5bc1828f425cf0f,True,3
14936,10247,021026_ML.npy,2026-10-03,2026-10-03 20:36:24.964453,7C444D,P28A,PIPER AIRCRAFT CORP,PA-28-181,0e6c5121dff8d038afdedcc5d1816260657b8a49646e38b2282362f538e759fd,True,1
14937,10248,021026_ML.npy,2026-10-03,2026-10-03 20:36:25.414298,7C444D,P28A,PIPER AIRCRAFT CORP,PA-28-181,82fc4fc65cce64981dd6d69f9caaebf1204220c8bd20b4361cdf698b677842f5,True,5
14938,10249,021026_ML.npy,2026-10-03,2026-10-03 20:36:28.841525,7C444D,P28A,PIPER AIRCRAFT CORP,PA-28-181,0a712d93c3b436632b6313eca8379ae14858b33e3b9968582f2fdcbbff01ea49,True,1
14939,10250,021026_ML.npy,2026-10-03,2026-10-03 20:36:31.056828,7C444D,P28A,PIPER AIRCRAFT CORP,PA-28-181,0a712d93c3b436632b6313eca8379ae14858b33e3b9968582f2fdcbbff01ea49,True,5
14940,10251,021026_ML.npy,2026-10-03,2026-10-03 20:36:31.130949,7C444D,P28A,PIPER AIRCRAFT CORP,PA-28-181,d701283bcf7c6621fcf04a59fdf2685c97ee3eb927eaebaa4f4145775d7c956e,True,4
14941,10252,021026_ML.npy,2026-10-03,2026-10-03 20:36:32.560801,7C444D,P28A,PIPER AIRCRAFT CORP,PA-28-181,d8ca3e90afb3bc1d4dca52ed572384b0662a75fc6da6c43081f935eb45116e9f,True,4
14942,10253,021026_ML.npy,2026-10-03,2026-10-03 20:36:34.381779,7C444D,P28A,PIPER AIRCRAFT CORP,PA-28-181,0a712d93c3b436632b6313eca8379ae14858b33e3b9968582f2fdcbbff01ea49,True,2
14945,10256,021026_ML.npy,2026-10-03,2026-10-03 20:36:35.887532,7C444D,P28A,PIPER AIRCRAFT CORP,PA-28-181,0a712d93c3b436632b6313eca8379ae14858b33e3b9968582f2fdcbbff01ea49,True,2
14946,10257,021026_ML.npy,2026-10-03,2026-10-03 20:36:37.421295,7C444D,P28A,PIPER AIRCRAFT CORP,PA-28-181,0a712d93c3b436632b6313eca8379ae14858b33e3b9968582f2fdcbbff01ea49,True,5
14947,10258,021026_ML.npy,2026-10-03,2026-10-03 20:36:37.461568,7C444D,P28A,PIPER AIRCRAFT CORP,PA-28-181,1810baae6c772312cf5339ea2f358c785fc2a2bd9ad4954f84ba1264b8dae3d7,True,5
14948,10259,021026_ML.npy,2026-10-03,2026-10-03 20:36:37.919027,7C444D,P28A,PIPER AIRCRAFT CORP,PA-28-181,95abd251657aae8ee89011bfaedca94e112d6acad0656540b34592491818abe4,True,2
14949,10260,021026_ML.npy,2026-10-03,2026-10-03 20:36:39.089092,7C444D,P28A,PIPER AIRCRAFT CORP,PA-28-181,0a712d93c3b436632b6313eca8379ae14858b33e3b9968582f2fdcbbff01ea49,True,2
14952,10263,021026_ML.npy,2026-10-03,2026-10-03 20:36:43.156374,7C444D,P28A,PIPER AIRCRAFT CORP,PA-28-181,7a8d4c000d879c8ece02312c154a922262667b10d8a9f8f0dc472aeb7409bd95,True,4
14953,10264,021026_ML.npy,2026-10-03,2026-10-03 20:36:46.463105,7C444D,P28A,PIPER AIRCRAFT CORP,PA-28-181,0a712d93c3b436632b6313eca8379ae14858b33e3b9968582f2fdcbbff01ea49,True,2
14954,10265,021026_ML.npy,2026-10-03,2026-10-03 20:36:46.930990,7C444D,P28A,PIPER AIRCRAFT CORP,PA-28-181,7308fd89d906afffea87901148c9a80f41c9bcca51b4ca2aa69ff0b2b90db8ab,True,3
14955,10266,021026_ML.npy,2026-10-03,2026-10-03 20:36:47.161866,7C444D,P28A,PIPER AIRCRAFT CORP,PA-28-181,ef70f60df08f3a01a41c66d1a580ca0906e4e9cd6be53d50dee4536ef7a29729,True,5
14956,10267,021026_ML.npy,2026-10-03,2026-10-03 20:36:49.085180,7C444D,P28A,PIPER AIRCRAFT CORP,PA-28-181,7308fd89d906afffea87901148c9a80f41c9bcca51b4ca2aa69ff0b2b90db8ab,True,2
14957,10268,021026_ML.npy,2026-10-03,2026-10-03 20:36:49.362947,7C444D,P28A,PIPER AIRCRAFT CORP,PA-28-181,d8ca3e90afb3bc1d4dca52ed572384b0662a75fc6da6c43081f935eb45116e9f,True,1
14958,10269,021026_ML.npy,2026-10-03,2026-10-03 20:36:51.226513,7C444D,P28A,PIPER AIRCRAFT CORP,PA-28-181,8b21cd847ab327f9b09a0ea2cedfbc520bb18fbd1d1821b6524fd808acf7bbec,True,2
14959,10270,021026_ML.npy,2026-10-03,2026-10-03 20:36:53.191767,7C444D,P28A,PIPER AIRCRAFT CORP,PA-28-181,40fc1cbe6936701ca252e520210c60e726b4222469e99b1b52ae8a877d1fdbb7,True,4
14960,10271,021026_ML.npy,2026-10-03,2026-10-03 20:36:53.427994,7C444D,P28A,PIPER AIRCRAFT CORP,PA-28-181,d8ca3e90afb3bc1d4dca52ed572384b0662a75fc6da6c43081f935eb45116e9f,True,5
14961,10272,021026_ML.npy,2026-10-03,2026-10-03 20:36:53.756223,7C444D,P28A,PIPER AIRCRAFT CORP,PA-28-181,0a712d93c3b436632b6313eca8379ae14858b33e3b9968582f2fdcbbff01ea49,True,2
14962,10273,021026_ML.npy,2026-10-03,2026-10-03 20:36:53.873645,7C444D,P28A,PIPER AIRCRAFT CORP,PA-28-181,418659baa871c9c93a719bbe9cdc8c907152f37753891185a68412dc8713a592,True,1
14963,10274,021026_ML.npy,2026-10-03,2026-10-03 20:36:54.441394,7C444D,P28A,PIPER AIRCRAFT CORP,PA-28-181,f1e0755813f27d1141d0d294e6029075fac37d85be94cb56a783d9bac4263e2a,True,1
14964,10275,021026_ML.npy,2026-10-03,2026-10-03 20:36:55.365304,7C444D,P28A,PIPER AIRCRAFT CORP,PA-28-181,65fa12545bd9ad83876c48fd49012998433047545a87cb4f75284660341c591b,True,4
14965,10276,021026_ML.npy,2026-10-03,2026-10-03 20:36:58.050786,7C444D,P28A,PIPER AIRCRAFT CORP,PA-28-181,d8ca3e90afb3bc1d4dca52ed572384b0662a75fc6da6c43081f935eb45116e9f,True,1
14966,10277,021026_ML.npy,2026-10-03,2026-10-03 20:38:05.485058,7C444D,P28A,PIPER AIRCRAFT CORP,PA-28-181,5fdf0015d25e88ef7edc46dc588d6b891e30cbe241048c95898d70fa54277ce6,True,3
14967,10278,021026_ML.npy,2026-10-03,2026-10-03 20:38:09.764761,7C444D,P28A,PIPER AIRCRAFT CORP,PA-28-181,9ab1b6adbe347702321c07aaf814e39f69bc129c1f25ddec4d3f1f4ea388d604,True,3
14968,10279,021026_ML.npy,2026-10-03,2026-10-03 20:38:44.000816,7C444D,P28A,PIPER AIRCRAFT CORP,PA-28-181,3eb49ec5a61a6cef9d69f13ac4a0bed97eec2036aa084b4c0c6dd35def77e97b,True,5
15005,10316,021026_ML.npy,2026-10-03,2026-10-03 21:28:25.783549,7C41FD,DA40,DIAMOND AIRCRAFT INDUSTRIES INC.,DA 40,832b2cb24d6d65dd08fb7498733b688d2b47e0d007b39af4589317b1fdff9f03,True,4
15006,10317,021026_ML.npy,2026-10-03,2026-10-03 21:28:26.271818,7C41FD,DA40,DIAMOND AIRCRAFT INDUSTRIES INC.,DA 40,fc85df2f8d7f77f26eef105a5778a6677f620a84375f3f903135df1dcbcd817d,True,4
15021,10332,021026_ML.npy,2026-10-03,2026-10-03 21:28:50.577224,7C41FD,DA40,DIAMOND AIRCRAFT INDUSTRIES INC.,DA 40,41e40e9c68b6178924eeb4a1e285a3ccacff8dac703ad69b6944cbe63c63b32e,True,1
15022,10333,021026_ML.npy,2026-10-03,2026-10-03 21:28:50.584782,7C41FD,DA40,DIAMOND AIRCRAFT INDUSTRIES INC.,DA 40,ffe45d1e08ab9d7e7df482b58c2549a519a172589b57c7482e4483040ac201fb,True,5
15039,10350,021026_ML.npy,2026-10-03,2026-10-03 21:29:40.631475,7C7B5E,DA40,DIAMOND AIRCRAFT INDUSTRIES INC.,DA 40,3568026d1ca21004ca22a9dabce9ac489cbc25042b3ea4dc47f70db4b8dd01c3,True,2
15048,10359,021026_ML.npy,2026-10-03,2026-10-03 21:29:52.354462,7C7B5E,DA40,DIAMOND AIRCRAFT INDUSTRIES INC.,DA 40,93a46f75913b7cc88fb30dc8bab13172d4061e247dd66e478665bccbc6080a40,True,1
15072,10383,021026_ML.npy,2026-10-03,2026-10-03 21:33:46.101920,7C41FD,DA40,DIAMOND AIRCRAFT INDUSTRIES INC.,DA 40,953306c8700b340cfa2d8b304d94d820f4458200b250ec386237170763e3f3ef,True,2
15073,10384,021026_ML.npy,2026-10-03,2026-10-03 21:33:46.325711,7C41FD,DA40,DIAMOND AIRCRAFT INDUSTRIES INC.,DA 40,b3a994119cd981b5941ed7774549f755c46b07450c8ecabd6024717b7d4c4036,True,1
15074,10385,021026_ML.npy,2026-10-03,2026-10-03 21:33:47.625512,7C41FD,DA40,DIAMOND AIRCRAFT INDUSTRIES INC.,DA 40,6f5ee31fdd82f45104ceefc172be616f92a9513da43962a1334f675091d25660,True,2
15084,10395,021026_ML.npy,2026-10-03,2026-10-03 21:34:04.815509,7C41FD,DA40,DIAMOND AIRCRAFT INDUSTRIES INC.,DA 40,953306c8700b340cfa2d8b304d94d820f4458200b250ec386237170763e3f3ef,True,3
15096,10407,021026_ML.npy,2026-10-03,2026-10-03 21:35:21.192655,7C7B5E,DA40,DIAMOND AIRCRAFT INDUSTRIES INC.,DA 40,6eeab9ca98060469b9343f3ae467bece1ae6ec08f83fae5790837521e1e91df2,True,4
15106,10417,021026_ML.npy,2026-10-03,2026-10-03 21:38:10.682188,7C2E75,C172,CESSNA AIRCRAFT COMPANY,172N,8705471fe19697bf9b925f1fd0d7a277f299eecb422cc03b15aced8f45736265,True,4
15108,10419,021026_ML.npy,2026-10-03,2026-10-03 21:38:40.506459,7C41FD,DA40,DIAMOND AIRCRAFT INDUSTRIES INC.,DA 40,953306c8700b340cfa2d8b304d94d820f4458200b250ec386237170763e3f3ef,True,3
15123,10434,021026_ML.npy,2026-10-03,2026-10-03 21:38:55.687093,7C41FD,DA40,DIAMOND AIRCRAFT INDUSTRIES INC.,DA 40,35bd22bbbf1783485d732eae5dfd74bf05c7367ca3a9a456f5cb76877704ea17,True,2
15124,10435,021026_ML.npy,2026-10-03,2026-10-03 21:39:01.635569,7C41FD,DA40,DIAMOND AIRCRAFT INDUSTRIES INC.,DA 40,953306c8700b340cfa2d8b304d94d820f4458200b250ec386237170763e3f3ef,True,1
15135,10446,021026_ML.npy,2026-10-03,2026-10-03 21:40:16.800280,7C7B5E,DA40,DIAMOND AIRCRAFT INDUSTRIES INC.,DA 40,eb365e14a3316fe5f3660e88fd8d1f8e788a500293b4001054c9e5df311776ad,True,1
15138,10449,021026_ML.npy,2026-10-03,2026-10-03 21:40:22.765223,7C7B5E,DA40,DIAMOND AIRCRAFT INDUSTRIES INC.,DA 40,1f79e78d2d59aec51b9559aa6f0f95f0cbb501e010d180a07bd6fb40ac2f6f43,True,2
15140,10451,021026_ML.npy,2026-10-03,2026-10-03 21:40:24.417684,7C7B5E,DA40,DIAMOND AIRCRAFT INDUSTRIES INC.,DA 40,046a201fbb250c96ac6fe5951a87f0481003c1ef7a7a3de380a5c4de4c06a97e,True,3
15259,10570,021026_ML.npy,2026-10-03,2026-10-03 21:45:33.628046,7C7B5E,DA40,DIAMOND AIRCRAFT INDUSTRIES INC.,DA 40,610b5a63671de78ceba74b2afd2ed75198a1eabb01e0e6de213c0729153e07ce,True,1
15264,10575,021026_ML.npy,2026-10-03,2026-10-03 21:45:37.549716,7C7B5E,DA40,DIAMOND AIRCRAFT INDUSTRIES INC.,DA 40,0f221a49d7554625e87f9ab467546f7f85fdb26abeb143c387288b5239918a02,True,1
15279,10590,021026_ML.npy,2026-10-03,2026-10-03 21:47:06.733092,7C7B5E,DA40,DIAMOND AIRCRAFT INDUSTRIES INC.,DA 40,f9dc412920761d7092f67f27181a4ed6665e39b8f55b6444836eda8954bdcbe2,True,5
15293,10604,021026_ML.npy,2026-10-03,2026-10-03 21:47:50.678450,7C0077,DA40,DIAMOND AIRCRAFT INDUSTRIES INC.,DA 40,26c15d449dbb1c9554dbd01e4ffe116687dc0390254e0acb2e57c35fdf113748,True,5
15310,10621,021026_ML.npy,2026-10-03,2026-10-03 21:49:19.862849,7C41FD,DA40,DIAMOND AIRCRAFT INDUSTRIES INC.,DA 40,604b22f10d19b16ab6efd963799bcbbc13284a5228d55d658da15242e2ce91b4,True,4
15316,10627,021026_ML.npy,2026-10-03,2026-10-03 21:49:25.805501,7C41FD,DA40,DIAMOND AIRCRAFT INDUSTRIES INC.,DA 40,2f74b71d349db28a5ce3196f70740e3d3474101aa913f5aab28d3ff42747f250,True,2
15329,10640,021026_ML.npy,2026-10-03,2026-10-03 21:49:42.981214,7C41FD,DA40,DIAMOND AIRCRAFT INDUSTRIES INC.,DA 40,0a6d0c4eb43b6a8f77ebc4212687046105a962dd973fc96017de316f087fe27d,True,3
15331,10642,021026_ML.npy,2026-10-03,2026-10-03 21:49:44.715388,7C41FD,DA40,DIAMOND AIRCRAFT INDUSTRIES INC.,DA 40,272184d0d363493a6a882d6c8d129563d5cacd94bc33740b6ee1fddf987de1cb,True,3
15333,10644,021026_ML.npy,2026-10-03,2026-10-03 21:49:50.649766,7C41FD,DA40,DIAMOND AIRCRAFT INDUSTRIES INC.,DA 40,5f623e2d3c4af8574238aeccab756e0c28747e1a9e282bd2cfc0282da6030833,True,1
15337,10648,021026_ML.npy,2026-10-03,2026-10-03 21:52:18.161537,7C0077,DA40,DIAMOND AIRCRAFT INDUSTRIES INC.,DA 40,933f8305c5386a14d2b8ffce45a7c72d0b061d97d9a124fca19fa4e94a2d98bd,True,5
15340,10651,021026_ML.npy,2026-10-03,2026-10-03 21:52:19.687456,7C0077,DA40,DIAMOND AIRCRAFT INDUSTRIES INC.,DA 40,ae655c9c6d222fcc3ef1a8911d20560ce9ee88aaaaa7f7d2716d2a0d08f003ed,True,4
15369,10680,021026_ML.npy,2026-10-03,2026-10-03 21:54:22.797569,7C41FD,DA40,DIAMOND AIRCRAFT INDUSTRIES INC.,DA 40,ca3c431819122b2a9e842a54a6e771d97c78dfd9bf3576dcd5186f0cefafb50c,True,4
15372,10683,021026_ML.npy,2026-10-03,2026-10-03 21:54:24.308716,7C41FD,DA40,DIAMOND AIRCRAFT INDUSTRIES INC.,DA 40,0d781f656fa3343ac70c3c223ce75d0e04e3d37a30e351ef3641d50db8816141,True,5
15382,10693,021026_ML.npy,2026-10-03,2026-10-03 21:54:32.370498,7C41FD,DA40,DIAMOND AIRCRAFT INDUSTRIES INC.,DA 40,953306c8700b340cfa2d8b304d94d820f4458200b250ec386237170763e3f3ef,True,3
15384,10695,021026_ML.npy,2026-10-03,2026-10-03 21:54:35.940573,7C41FD,DA40,DIAMOND AIRCRAFT INDUSTRIES INC.,DA 40,69dd96b5d4575eed3261a2a61e342bc11e60754061ed3a2f956dc951ec79a740,True,2
15390,10701,021026_ML.npy,2026-10-03,2026-10-03 21:54:46.708074,7C41FD,DA40,DIAMOND AIRCRAFT INDUSTRIES INC.,DA 40,e8dc655908f451fd1e45467000e90b784c842a3d511657032bb22deb6b1aa7ee,True,4
15410,10721,021026_ML.npy,2026-10-03,2026-10-03 21:57:30.897611,7C0077,DA40,DIAMOND AIRCRAFT INDUSTRIES INC.,DA 40,bc8ceee4a522749ec9175ff8d151d4c51042db33bf629a2e8528ab3f71f1f5e0,True,1
15415,10726,021026_ML.npy,2026-10-03,2026-10-03 21:57:35.377500,7C0077,DA40,DIAMOND AIRCRAFT INDUSTRIES INC.,DA 40,137ff0f4dbcc7733866692438be3579568a3b2d2dd34c9878dcda1aa70d5b590,True,4
15457,10768,021026_ML.npy,2026-10-03,2026-10-03 22:02:24.170223,7C0077,DA40,DIAMOND AIRCRAFT INDUSTRIES INC.,DA 40,f7320f886c400d83cca085ae24c09c580b701001cac0d7359fdbd1ffe2062215,True,4
15459,10770,021026_ML.npy,2026-10-03,2026-10-03 22:02:25.205602,7C0077,DA40,DIAMOND AIRCRAFT INDUSTRIES INC.,DA 40,bc8ceee4a522749ec9175ff8d151d4c51042db33bf629a2e8528ab3f71f1f5e0,True,1
15465,10776,021026_ML.npy,2026-10-03,2026-10-03 22:02:32.885660,7C0077,DA40,DIAMOND AIRCRAFT INDUSTRIES INC.,DA 40,c76c3891282e953c0466d0e538901443ef1aeb564939deb7e7b0f8b806dd9eae,True,4
15472,10783,021026_ML.npy,2026-10-03,2026-10-03 22:02:56.559462,7C0077,DA40,DIAMOND AIRCRAFT INDUSTRIES INC.,DA 40,d97140d028ab37a26ecde97d26011eb7d00a9d1610e3196353fc56bdb73d5e6d,True,3
15476,10787,021026_ML.npy,2026-10-03,2026-10-03 22:04:46.733060,7C41FD,DA40,DIAMOND AIRCRAFT INDUSTRIES INC.,DA 40,ca3c431819122b2a9e842a54a6e771d97c78dfd9bf3576dcd5186f0cefafb50c,True,5
15490,10801,021026_ML.npy,2026-10-03,2026-10-03 22:05:02.569585,7C41FD,DA40,DIAMOND AIRCRAFT INDUSTRIES INC.,DA 40,8e0fa1a6c635160d825f5661117c51aa76c797f9316e1aefeb7b9e152b281786,True,2
15491,10802,021026_ML.npy,2026-10-03,2026-10-03 22:05:02.575990,7C41FD,DA40,DIAMOND AIRCRAFT INDUSTRIES INC.,DA 40,2a2a9d32c291bc240bb0cc908bb79a3e6d8d48b6936b9b496906c749b8e1493d,True,3
15493,10804,021026_ML.npy,2026-10-03,2026-10-03 22:05:07.681496,7C41FD,DA40,DIAMOND AIRCRAFT INDUSTRIES INC.,DA 40,49c354b466cfeb476c09e49eca341c3aa23c1f40809a117eeca9a5433f2360a8,True,2
15503,10814,021026_ML.npy,2026-10-03,2026-10-03 22:07:44.952638,7C0077,DA40,DIAMOND AIRCRAFT INDUSTRIES INC.,DA 40,0325e6e555cbf7be88a231785881be463ca538ee061d262b4d0534bef391f2a7,True,5
15515,10826,021026_ML.npy,2026-10-03,2026-10-03 22:07:59.640741,7C0077,DA40,DIAMOND AIRCRAFT INDUSTRIES INC.,DA 40,c9f20ce33bd8c804ba128ba0b0f079977d4b5de156181569bb5de0ee73641f50,True,5
15517,10828,021026_ML.npy,2026-10-03,2026-10-03 22:08:12.198946,7C0077,DA40,DIAMOND AIRCRAFT INDUSTRIES INC.,DA 40,4db4371649a71e2b5fbff5b1784d9c6088fc4267b8d1170234374da855d40a8b,True,4
15551,10862,021026_ML.npy,2026-10-03,2026-10-03 22:14:30.735207,7C7B5E,DA40,DIAMOND AIRCRAFT INDUSTRIES INC.,DA 40,6cec07136273c4e9edb3197d532a96bdb79b4a3f138b33d532d6b27ca4017d2f,True,4
15557,10868,021026_ML.npy,2026-10-03,2026-10-03 22:14:43.098118,7C7B5E,DA40,DIAMOND AIRCRAFT INDUSTRIES INC.,DA 40,7e2c604d98ea6eafd21774b2e16a0535a95da24c659576b1e0c09ebd77d2dbc5,True,5
15581,10892,021026_ML.npy,2026-10-03,2026-10-03 22:17:39.294527,7C0077,DA40,DIAMOND AIRCRAFT INDUSTRIES INC.,DA 40,d97140d028ab37a26ecde97d26011eb7d00a9d1610e3196353fc56bdb73d5e6d,True,4
15589,10900,021026_ML.npy,2026-10-03,2026-10-03 22:17:51.052430,7C0077,DA40,DIAMOND AIRCRAFT INDUSTRIES INC.,DA 40,e38f4793245c4da64d76d235a0a2af1abdf06a23f63c4f011d89349a7060658b,True,1
15590,10901,021026_ML.npy,2026-10-03,2026-10-03 22:17:51.058450,7C0077,DA40,DIAMOND AIRCRAFT INDUSTRIES INC.,DA 40,a21bd6faa18b177880ad33ace58c3c8a839aedc5db870b883b2d856ae479e1f3,True,4
15607,10918,021026_ML.npy,2026-10-03,2026-10-03 22:19:50.733859,7C7B5E,DA40,DIAMOND AIRCRAFT INDUSTRIES INC.,DA 40,6ff6c6fe4ee0abda577351f92622748cd19dcffaf644b79e628e42a043a93836,True,3
15617,10928,021026_ML.npy,2026-10-03,2026-10-03 22:20:04.090709,7C7B5E,DA40,DIAMOND AIRCRAFT INDUSTRIES INC.,DA 40,918e5bf0da90fe44cc9b5a1408b62017d86d1b89b60608cb6ba810a0165005b1,True,4
15619,10930,021026_ML.npy,2026-10-03,2026-10-03 22:20:06.304422,7C7B5E,DA40,DIAMOND AIRCRAFT INDUSTRIES INC.,DA 40,556ebfc3a04653933c26feae5d723e48ce10e0d87856f5a35a71ff3bf4e97007,True,1
15625,10936,021026_ML.npy,2026-10-03,2026-10-03 22:22:39.855969,7C0077,DA40,DIAMOND AIRCRAFT INDUSTRIES INC.,DA 40,26c15d449dbb1c9554dbd01e4ffe116687dc0390254e0acb2e57c35fdf113748,True,3
15674,10985,021026_ML.npy,2026-10-03,2026-10-03 22:27:47.507297,7C0077,DA40,DIAMOND AIRCRAFT INDUSTRIES INC.,DA 40,c8839b2c849a64178b2030fb0c0009782fb778f69067b5bdc7b4327015e618e1,True,2
15678,10989,021026_ML.npy,2026-10-03,2026-10-03 22:27:50.845410,7C0077,DA40,DIAMOND AIRCRAFT INDUSTRIES INC.,DA 40,d97140d028ab37a26ecde97d26011eb7d00a9d1610e3196353fc56bdb73d5e6d,True,5
15690,11001,021026_ML.npy,2026-10-03,2026-10-03 22:28:52.675062,7C7144,C172,CESSNA AIRCRAFT COMPANY,172N,e2b6c60f76bec562916c9379aebf6bc92c72d6f248b8807562179a2cbf7fec9e,True,1
15695,11006,021026_ML.npy,2026-10-03,2026-10-03 22:29:27.967591,7C0077,DA40,DIAMOND AIRCRAFT INDUSTRIES INC.,DA 40,9714d4c363891c0b954903d56f9893096cfcc610d904201bb0cad36f9f013c48,True,5
15699,11010,021026_ML.npy,2026-10-03,2026-10-03 22:32:37.305924,7C0077,DA40,DIAMOND AIRCRAFT INDUSTRIES INC.,DA 40,f686123f9946c05bd668bd5e6d8028c0ce2b44d15c0723afc03bb23cef5ed991,True,5
15715,11026,021026_ML.npy,2026-10-03,2026-10-03 22:40:08.317697,7C7AF0,DA40,DIAMOND AIRCRAFT INDUSTRIES INC.,DA 40,5138095a02cbbbdfb21c0bbefaf4562b95b66350393ac46b876ea354bb65d31d,True,4
15716,11027,021026_ML.npy,2026-10-03,2026-10-03 22:46:20.749129,7C444D,P28A,PIPER AIRCRAFT CORP,PA-28-181,d8ca3e90afb3bc1d4dca52ed572384b0662a75fc6da6c43081f935eb45116e9f,True,1
15717,11028,021026_ML.npy,2026-10-03,2026-10-03 22:46:24.862435,7C444D,P28A,PIPER AIRCRAFT CORP,PA-28-181,2f32fef9a2ea2f2885283ae675fc7d23bc46109d5a57a7ac4c1e8226ddae9bcb,True,4
15718,11029,021026_ML.npy,2026-10-03,2026-10-03 22:46:25.368469,7C444D,P28A,PIPER AIRCRAFT CORP,PA-28-181,e05e4f7fce1105c87001a6a7970133e0112180a923f10bb48e8886885d6b6ecb,True,1
15719,11030,021026_ML.npy,2026-10-03,2026-10-03 22:46:26.964004,7C444D,P28A,PIPER AIRCRAFT CORP,PA-28-181,fcda15d5014d4de7fe0c03f9a1e6b2b9158fcdbca29f362917263ce123695055,True,3
15720,11031,021026_ML.npy,2026-10-03,2026-10-03 22:46:27.458854,7C444D,P28A,PIPER AIRCRAFT CORP,PA-28-181,bc279006d3dd603e360e840611e508916594d685f5e47abafaa9da1353cc2ea9,True,4
15721,11032,021026_ML.npy,2026-10-03,2026-10-03 22:46:31.474762,7C444D,P28A,PIPER AIRCRAFT CORP,PA-28-181,e5befa82967dd0785874022b5b8ce4d41f8d49ed9379d550265f0c0221dd96bc,True,5
15722,11033,021026_ML.npy,2026-10-03,2026-10-03 22:46:42.394260,7C444D,P28A,PIPER AIRCRAFT CORP,PA-28-181,7bf2f7fa07ec4a13ab7d64151f0e97a33ee034b868282b55fc9da09caa8fee70,True,2
15723,11034,021026_ML.npy,2026-10-03,2026-10-03 22:46:44.307998,7C444D,P28A,PIPER AIRCRAFT CORP,PA-28-181,8a576eb0d82fdae4535bf5802fb59888bc4c11dc00490c8fad50f8d33ca41996,True,4
15724,11035,021026_ML.npy,2026-10-03,2026-10-03 22:46:45.637778,7C444D,P28A,PIPER AIRCRAFT CORP,PA-28-181,f49a3d7d20d094be101f529e0bc532f760f5af142acc586a4b13f6ff87a82ee2,True,2
15725,11036,021026_ML.npy,2026-10-03,2026-10-03 22:46:45.897705,7C444D,P28A,PIPER AIRCRAFT CORP,PA-28-181,e1a6496bb162e527eccee812535b23ce0c58194e14d50b85a5fa1aeade40946c,True,5
15726,11037,021026_ML.npy,2026-10-03,2026-10-03 22:46:46.165669,7C444D,P28A,PIPER AIRCRAFT CORP,PA-28-181,5fe9f1717f02ec080326675d1c8e60b178c3814850d598addc3eef2445d6b603,True,1
15727,11038,021026_ML.npy,2026-10-03,2026-10-03 22:46:47.415373,7C444D,P28A,PIPER AIRCRAFT CORP,PA-28-181,848412d0647749a1e55dea4763b5f45e554e341931a3b0d5924a28d95343ef1e,True,3
15728,11039,021026_ML.npy,2026-10-03,2026-10-03 22:46:51.028716,7C444D,P28A,PIPER AIRCRAFT CORP,PA-28-181,96ccbf32e0e6c587090a2d47a7523a3ef8e71be2fa3437b3ac4a24fb468d8934,True,5
15729,11040,021026_ML.npy,2026-10-03,2026-10-03 22:46:51.033529,7C444D,P28A,PIPER AIRCRAFT CORP,PA-28-181,3a255f170b5850804a7598612c662d99da78ec916ab0fc63960a652b331fe607,True,4
15730,11041,021026_ML.npy,2026-10-03,2026-10-03 22:46:51.960236,7C444D,P28A,PIPER AIRCRAFT CORP,PA-28-181,232ccd848eac4a5eea52d969c30a3d7fadacaec0983193c35ed0ffea71d49da1,True,3
15731,11042,021026_ML.npy,2026-10-03,2026-10-03 22:46:53.993858,7C444D,P28A,PIPER AIRCRAFT CORP,PA-28-181,53643263db3afdde0c8140a71720537bc45836653dd119357653b3b460ad7ce1,True,3
15732,11043,021026_ML.npy,2026-10-03,2026-10-03 22:46:54.525904,7C444D,P28A,PIPER AIRCRAFT CORP,PA-28-181,8595231fd9082a1effd8ccb4e6d577721cf29644b4207ab0367b693060c63288,True,2
15733,11044,021026_ML.npy,2026-10-03,2026-10-03 22:46:55.657523,7C444D,P28A,PIPER AIRCRAFT CORP,PA-28-181,bbea686b3abce9a6bd92543b7d909ce7fbf8e98bb302ff17132c9d85f8cd2b34,True,1
15734,11045,021026_ML.npy,2026-10-03,2026-10-03 22:46:58.822830,7C444D,P28A,PIPER AIRCRAFT CORP,PA-28-181,17bec3da6048cba3ff5333f941bc65c053bd46f5252de306e090d04194e4ea7f,True,5
15735,11046,021026_ML.npy,2026-10-03,2026-10-03 22:47:03.223792,7C444D,P28A,PIPER AIRCRAFT CORP,PA-28-181,d8ca3e90afb3bc1d4dca52ed572384b0662a75fc6da6c43081f935eb45116e9f,True,1
15736,11047,021026_ML.npy,2026-10-03,2026-10-03 22:47:03.983363,7C444D,P28A,PIPER AIRCRAFT CORP,PA-28-181,f327cbc8189d45b8a6d1dc744fc1cf8def048aaed75ca2cc95b89b31e25e7795,True,2
15737,11048,021026_ML.npy,2026-10-03,2026-10-03 22:47:04.057615,7C444D,P28A,PIPER AIRCRAFT CORP,PA-28-181,fad4a96e58cb5e7005b5fc2a397a14e7b6de77f96a8346160c2259b2a3d762bd,True,5
15738,11049,021026_ML.npy,2026-10-03,2026-10-03 22:47:05.773331,7C444D,P28A,PIPER AIRCRAFT CORP,PA-28-181,ffa74c5772d6f90dd35fb85303cdd6685b59ac90813d4710e1521b66962a7f41,True,4
15739,11050,021026_ML.npy,2026-10-03,2026-10-03 22:47:06.695085,7C444D,P28A,PIPER AIRCRAFT CORP,PA-28-181,ad20864f6a9092727cce56bea44960424618d7b0bf94e0287c147ce884b57113,True,5
15740,11051,021026_ML.npy,2026-10-03,2026-10-03 22:47:10.240179,7C444D,P28A,PIPER AIRCRAFT CORP,PA-28-181,be08a1f73602f743f9b34457b969577b46199a2169836325e46f3e84182d3421,True,3
15741,11052,021026_ML.npy,2026-10-03,2026-10-03 22:47:27.976249,7C444D,P28A,PIPER AIRCRAFT CORP,PA-28-181,0a712d93c3b436632b6313eca8379ae14858b33e3b9968582f2fdcbbff01ea49,True,3
15743,11054,021026_ML.npy,2026-10-03,2026-10-03 22:47:29.123678,7C444D,P28A,PIPER AIRCRAFT CORP,PA-28-181,209797dbb1a17d45d44bb9560e86ca6fa7d2300fadbb3d1177e389b8c8a40bb4,True,1
15744,11055,021026_ML.npy,2026-10-03,2026-10-03 22:47:29.685838,7C444D,P28A,PIPER AIRCRAFT CORP,PA-28-181,bcaba294afabdf6ad9c828c00023d6070770c5cca7dcc9ce80b572a6866b3f4c,True,2
15745,11056,021026_ML.npy,2026-10-03,2026-10-03 22:47:32.767545,7C444D,P28A,PIPER AIRCRAFT CORP,PA-28-181,e9ce1e502b2ef301c26df5ea609808d932d16c2fa5542a042528f40ef1ab7298,True,2
15746,11057,021026_ML.npy,2026-10-03,2026-10-03 22:47:34.930646,7C444D,P28A,PIPER AIRCRAFT CORP,PA-28-181,54f93596bd0b67e031c6adcd0269401f2300a1e8f2d1193bcfa0d1f28f45deec,True,5
15747,11058,021026_ML.npy,2026-10-03,2026-10-03 22:47:38.773600,7C444D,P28A,PIPER AIRCRAFT CORP,PA-28-181,1b2ac4f69a0084c629247d14cdd6b0cba23b32c6e89867bf54130d1b1529758d,True,4
15748,11059,021026_ML.npy,2026-10-03,2026-10-03 22:47:39.447232,7C444D,P28A,PIPER AIRCRAFT CORP,PA-28-181,7786ebb8d7a5b41f7b1ced530c5b7e7ff7d7adf420f3e957aaa65705ef929a3f,True,4
15749,11060,021026_ML.npy,2026-10-03,2026-10-03 22:47:44.968328,7C444D,P28A,PIPER AIRCRAFT CORP,PA-28-181,7edc4a44d0c2d2ef0b6a35b6d3c812c98bcda8a27486fb04c244dd188af6611f,True,4
15750,11061,021026_ML.npy,2026-10-03,2026-10-03 22:48:01.691519,7C444D,P28A,PIPER AIRCRAFT CORP,PA-28-181,f9cc93fbbfc5b8e76d02fc857d8d375aa07680d333a8d55cf6cced50aa3f5f39,True,4
15751,11062,021026_ML.npy,2026-10-03,2026-10-03 22:48:08.255158,7C444D,P28A,PIPER AIRCRAFT CORP,PA-28-181,bdbea92283397c39fbb177d0e95a1912f7416a11383c2ccf93c282201996d94c,True,4
15753,11064,021026_ML.npy,2026-10-03,2026-10-03 22:51:10.891914,7C444D,P28A,PIPER AIRCRAFT CORP,PA-28-181,c3c974239fd2a995ccddd2421ff5772cad18dae4dffc4118464fc8b571f8c714,True,1
15754,11065,021026_ML.npy,2026-10-03,2026-10-03 22:51:21.868940,7C444D,P28A,PIPER AIRCRAFT CORP,PA-28-181,4cb325e55e78ed82cc81d967fe95d19c72841a06e17378837030dfa2582d35e1,True,5
15755,11066,021026_ML.npy,2026-10-03,2026-10-03 22:51:22.233195,7C444D,P28A,PIPER AIRCRAFT CORP,PA-28-181,558130e9f1921944261bbdd72d0e6992700ba8ef11045aaeeec638d23b1c1b0c,True,5
15756,11067,021026_ML.npy,2026-10-03,2026-10-03 22:51:22.686662,7C444D,P28A,PIPER AIRCRAFT CORP,PA-28-181,00777031e2a9ae61f581654eb5d6f89c9d4207543cf7f66cb643a1e8cf750164,True,1
15757,11068,021026_ML.npy,2026-10-03,2026-10-03 22:51:27.312108,7C444D,P28A,PIPER AIRCRAFT CORP,PA-28-181,494289e70e6fb2512a22cb44d70fcb9e271b4d38bdac98a9b4cc64333088231f,True,2
15758,11069,021026_ML.npy,2026-10-03,2026-10-03 22:51:28.911732,7C444D,P28A,PIPER AIRCRAFT CORP,PA-28-181,c6b09a88c4a64ac42148c26d75c90c8b6c982a68605eb97c8027e91bcff367f9,True,3
15759,11070,021026_ML.npy,2026-10-03,2026-10-03 22:51:32.027016,7C444D,P28A,PIPER AIRCRAFT CORP,PA-28-181,1ccffbbad8327ac0432b258b8b319b86c83bfd01b86b1179bdc5bf8d41553fee,True,4
15760,11071,021026_ML.npy,2026-10-03,2026-10-03 22:51:32.298444,7C444D,P28A,PIPER AIRCRAFT CORP,PA-28-181,1e6b6b4fbba68f8d582a5279689edb5b11dc6ab882c149fe2d5d9c6ce5a4d000,True,3
15761,11072,021026_ML.npy,2026-10-03,2026-10-03 22:51:33.380634,7C444D,P28A,PIPER AIRCRAFT CORP,PA-28-181,1ba1eb9cbcb466e1e0b266e83327a5b14b68a937ac18bf7430f4280d4ea18cd5,True,2
15762,11073,021026_ML.npy,2026-10-03,2026-10-03 22:51:34.500644,7C444D,P28A,PIPER AIRCRAFT CORP,PA-28-181,8553f857b245d187affc0faec03bf206825bc9663a821219a84547894e1f9362,True,5
15763,11074,021026_ML.npy,2026-10-03,2026-10-03 22:51:35.006072,7C444D,P28A,PIPER AIRCRAFT CORP,PA-28-181,56d742767b25a3090939567b15f11c56bd21425f4bd12d5eafa3263893077fde,True,2
15764,11075,021026_ML.npy,2026-10-03,2026-10-03 22:51:35.540183,7C444D,P28A,PIPER AIRCRAFT CORP,PA-28-181,8b58af653df28901bc56f62e9528d32f0f372db1139147929d14f2b38aa4285f,True,3
15765,11076,021026_ML.npy,2026-10-03,2026-10-03 22:51:38.135732,7C444D,P28A,PIPER AIRCRAFT CORP,PA-28-181,1575213f61be47dab72fb65d9339d227ddfc76c96dfa0db5ae6d2b7e54b4b0e0,True,4
15766,11077,021026_ML.npy,2026-10-03,2026-10-03 22:51:39.121352,7C444D,P28A,PIPER AIRCRAFT CORP,PA-28-181,d99ab5f43cb4122cfe0d226e78ed78d396fd387f8f537e5ba2bb7a837562c581,True,5
15767,11078,021026_ML.npy,2026-10-03,2026-10-03 22:51:40.708994,7C444D,P28A,PIPER AIRCRAFT CORP,PA-28-181,e962893bfd4155483b0d1fbaa5d16afe44705dc79964ccdd212b0fddafefc7f9,True,2
15768,11079,021026_ML.npy,2026-10-03,2026-10-03 22:51:41.214995,7C444D,P28A,PIPER AIRCRAFT CORP,PA-28-181,bd9ed082fc58df560fe50f259167577e3007d2679154b75b56be8b2ecb4acd5d,True,1
15769,11080,021026_ML.npy,2026-10-03,2026-10-03 22:51:49.303134,7C444D,P28A,PIPER AIRCRAFT CORP,PA-28-181,b1fee518c698a3013b17ae9bec016159fae29d8de96a4e678237711d634d0e08,True,4
15770,11081,021026_ML.npy,2026-10-03,2026-10-03 22:51:49.801235,7C444D,P28A,PIPER AIRCRAFT CORP,PA-28-181,62828e40bc109446baf2f7f3b006746dfb9735ab7b52d47f8312d72090866c96,True,1
15771,11082,021026_ML.npy,2026-10-03,2026-10-03 22:51:53.703001,7C444D,P28A,PIPER AIRCRAFT CORP,PA-28-181,1fb74170d176f7ea267bd578681c744e94401d78ed5c1e40eed493e365339458,True,2
15772,11083,021026_ML.npy,2026-10-03,2026-10-03 22:52:07.150786,7C444D,P28A,PIPER AIRCRAFT CORP,PA-28-181,9abca6f19dc4974e991ae0f5a9b164ea342cabbcacc9a23bfd0c10d74e0dd4d9,True,3
15773,11084,021026_ML.npy,2026-10-03,2026-10-03 22:52:21.461282,7C444D,P28A,PIPER AIRCRAFT CORP,PA-28-181,b446a2e4a81855c7be1791f16d25407caa002d43af68bf2b058648b99139ddfd,True,4
15774,11085,021026_ML.npy,2026-10-03,2026-10-03 22:52:23.073638,7C444D,P28A,PIPER AIRCRAFT CORP,PA-28-181,e39b1bfe4e2c19a9074ad845c93efc32130c6ed743781d604750b5d4e600f1da,True,1
15775,11086,021026_ML.npy,2026-10-03,2026-10-03 22:52:23.431222,7C444D,P28A,PIPER AIRCRAFT CORP,PA-28-181,d8ca3e90afb3bc1d4dca52ed572384b0662a75fc6da6c43081f935eb45116e9f,True,2
15776,11087,021026_ML.npy,2026-10-03,2026-10-03 22:52:32.139868,7C444D,P28A,PIPER AIRCRAFT CORP,PA-28-181,241a076d71c2447e9377449d78a566630224e561669b16e3800a20ef931de85c,True,1
15777,11088,021026_ML.npy,2026-10-03,2026-10-03 22:52:36.284605,7C444D,P28A,PIPER AIRCRAFT CORP,PA-28-181,95b72ba3354c96fe526b7800e0d0db2a4e28de9a2709c989b73417e2a70ceb8f,True,2
15778,11089,021026_ML.npy,2026-10-03,2026-10-03 22:52:53.860174,7C444D,P28A,PIPER AIRCRAFT CORP,PA-28-181,3d3e12fbd9fde4673bd2a617b7142a7dd7b3450b116f49c3660730b3ec8e1bc9,True,4
15779,11090,021026_ML.npy,2026-10-03,2026-10-03 22:53:27.549008,7C444D,P28A,PIPER AIRCRAFT CORP,PA-28-181,20352c32a8c86708ab3b9c45bd3ec28ff0b83d5ebeccc232513a899b8da28a5e,True,5
15780,11091,021026_ML.npy,2026-10-03,2026-10-03 22:53:28.456958,7C444D,P28A,PIPER AIRCRAFT CORP,PA-28-181,4253f3a7d785d46f22a3989ca5db147cf684f6211e392613ca6adcf327360a9a,True,1
15781,11092,021026_ML.npy,2026-10-03,2026-10-03 22:55:47.801316,7C444D,P28A,PIPER AIRCRAFT CORP,PA-28-181,e4bb70fc7d258222d291426c087db54e481134d64d73e5a5aaa91e68144031db,True,2
15782,11093,021026_ML.npy,2026-10-03,2026-10-03 22:55:50.108606,7C444D,P28A,PIPER AIRCRAFT CORP,PA-28-181,1e6489ff87f5469f013fadc4f857eb4d64f42fb07ea6b46262cb8c5538292983,True,5
15783,11094,021026_ML.npy,2026-10-03,2026-10-03 22:55:51.568445,7C444D,P28A,PIPER AIRCRAFT CORP,PA-28-181,014504034785aed5e4e833bd6aaac1a046d3edbdee5719637a549ac9e0265356,True,2
15784,11095,021026_ML.npy,2026-10-03,2026-10-03 22:55:52.943952,7C444D,P28A,PIPER AIRCRAFT CORP,PA-28-181,0a712d93c3b436632b6313eca8379ae14858b33e3b9968582f2fdcbbff01ea49,True,1
15785,11096,021026_ML.npy,2026-10-03,2026-10-03 22:55:57.006819,7C444D,P28A,PIPER AIRCRAFT CORP,PA-28-181,bdbea92283397c39fbb177d0e95a1912f7416a11383c2ccf93c282201996d94c,True,5
15786,11097,021026_ML.npy,2026-10-03,2026-10-03 22:55:57.772997,7C444D,P28A,PIPER AIRCRAFT CORP,PA-28-181,0a712d93c3b436632b6313eca8379ae14858b33e3b9968582f2fdcbbff01ea49,True,2
15787,11098,021026_ML.npy,2026-10-03,2026-10-03 22:56:00.082465,7C444D,P28A,PIPER AIRCRAFT CORP,PA-28-181,09fbda3af8a08b1fe37df968e6a01493cdab8efe138e3b7fc1bb1017708b53b6,True,5
15788,11099,021026_ML.npy,2026-10-03,2026-10-03 22:56:00.726715,7C444D,P28A,PIPER AIRCRAFT CORP,PA-28-181,cb67e990d5e2da4fabf34e847dfd345b7302edc67f95c7ff7cbda2329c85cfff,True,4
15789,11100,021026_ML.npy,2026-10-03,2026-10-03 22:56:04.019152,7C444D,P28A,PIPER AIRCRAFT CORP,PA-28-181,d8ca3e90afb3bc1d4dca52ed572384b0662a75fc6da6c43081f935eb45116e9f,True,2
15791,11102,021026_ML.npy,2026-10-03,2026-10-03 22:56:05.853264,7C444D,P28A,PIPER AIRCRAFT CORP,PA-28-181,a7fe43a94e71c1377b3765a449ca92bbafcd79f507ee15526ee54e2cbcaa891b,True,3
15792,11103,021026_ML.npy,2026-10-03,2026-10-03 22:56:06.603234,7C444D,P28A,PIPER AIRCRAFT CORP,PA-28-181,d8ca3e90afb3bc1d4dca52ed572384b0662a75fc6da6c43081f935eb45116e9f,True,3
15793,11104,021026_ML.npy,2026-10-03,2026-10-03 22:56:09.320243,7C444D,P28A,PIPER AIRCRAFT CORP,PA-28-181,2eec1e4f5c363d281f4bf783a1e0f881fe556f2dd2dd5e21aa6b27f3ff54bb3c,True,4
15794,11105,021026_ML.npy,2026-10-03,2026-10-03 22:56:09.884340,7C444D,P28A,PIPER AIRCRAFT CORP,PA-28-181,2e3ff7ca4bdb163b05330cfba6716cb14ea5422d6053d43193447b4b79e63d82,True,4
15795,11106,021026_ML.npy,2026-10-03,2026-10-03 22:56:12.327767,7C444D,P28A,PIPER AIRCRAFT CORP,PA-28-181,017afa96f420f6e808468c769989544011f59b988c3969c881eaac06da5b33da,True,4
15796,11107,021026_ML.npy,2026-10-03,2026-10-03 22:56:14.894988,7C444D,P28A,PIPER AIRCRAFT CORP,PA-28-181,0101a3bbbddf5e0cdc09ef805701d8d49716c618ddddd87af7ce10c063e7f174,True,3
15797,11108,021026_ML.npy,2026-10-03,2026-10-03 22:56:16.428394,7C444D,P28A,PIPER AIRCRAFT CORP,PA-28-181,cefd5e318a846ab83392672671846894c8b689d7c9f630f5022b1bd5346c2726,True,1
15798,11109,021026_ML.npy,2026-10-03,2026-10-03 22:56:22.777480,7C444D,P28A,PIPER AIRCRAFT CORP,PA-28-181,6e1292f7bc69de7370430182e0dde3020fb226042369b8aec3d1451065388f6f,True,2
15799,11110,021026_ML.npy,2026-10-03,2026-10-03 22:56:39.103715,7C444D,P28A,PIPER AIRCRAFT CORP,PA-28-181,a29d451b4670a34ad5911ce6b53c4e750d3ce23ee2a47480554828e53ab142b1,True,3
15800,11111,021026_ML.npy,2026-10-03,2026-10-03 22:56:40.996934,7C444D,P28A,PIPER AIRCRAFT CORP,PA-28-181,44703de0a1c17da1642a3333244026c67d3ce04fa14018a5909d7e92b1c1052d,True,1
15801,11112,021026_ML.npy,2026-10-03,2026-10-03 22:57:08.355050,7C444D,P28A,PIPER AIRCRAFT CORP,PA-28-181,df1ba3364b88aa3379e20b89d3efee0961b3d8b9e57bb547079f7585199d0c65,True,4
15802,11113,021026_ML.npy,2026-10-03,2026-10-03 22:57:10.192265,7C444D,P28A,PIPER AIRCRAFT CORP,PA-28-181,e0f4e643e61e9e72b86d0e20fa4d3a0c2887419cdb6a1fc0aacd3a3fd255c561,True,5
15803,11114,021026_ML.npy,2026-10-03,2026-10-03 22:57:10.330394,7C444D,P28A,PIPER AIRCRAFT CORP,PA-28-181,0cdff0ad71f349260480e8ba88cee840d23b983779e8cf577881121097ce807e,True,5
15804,11115,021026_ML.npy,2026-10-03,2026-10-03 22:57:10.840814,7C444D,P28A,PIPER AIRCRAFT CORP,PA-28-181,0cdff0ad71f349260480e8ba88cee840d23b983779e8cf577881121097ce807e,True,2
15805,11116,021026_ML.npy,2026-10-03,2026-10-03 23:00:29.313646,7C444D,P28A,PIPER AIRCRAFT CORP,PA-28-181,42673fc3c2f507814dbbac551c6e2998999fa2ef45f319c440f755641f1a6d69,True,1
15806,11117,021026_ML.npy,2026-10-03,2026-10-03 23:00:37.569327,7C444D,P28A,PIPER AIRCRAFT CORP,PA-28-181,d8ca3e90afb3bc1d4dca52ed572384b0662a75fc6da6c43081f935eb45116e9f,True,2
15807,11118,021026_ML.npy,2026-10-03,2026-10-03 23:00:38.161561,7C444D,P28A,PIPER AIRCRAFT CORP,PA-28-181,0a712d93c3b436632b6313eca8379ae14858b33e3b9968582f2fdcbbff01ea49,True,3
15808,11119,021026_ML.npy,2026-10-03,2026-10-03 23:00:41.948460,7C444D,P28A,PIPER AIRCRAFT CORP,PA-28-181,e20c286bf68c63a7624a1eacc550b2acd26e155d55b8a7b924bb3ba74279f4a2,True,5
15809,11120,021026_ML.npy,2026-10-03,2026-10-03 23:00:42.610583,7C444D,P28A,PIPER AIRCRAFT CORP,PA-28-181,d8ca3e90afb3bc1d4dca52ed572384b0662a75fc6da6c43081f935eb45116e9f,True,4
15810,11121,021026_ML.npy,2026-10-03,2026-10-03 23:00:42.684672,7C444D,P28A,PIPER AIRCRAFT CORP,PA-28-181,ded36abf1ec8e74a4176bfc8e3d3bdbbccd76b5c3ecd50eeb49472c1623f4aaa,True,3
15811,11122,021026_ML.npy,2026-10-03,2026-10-03 23:00:43.602555,7C444D,P28A,PIPER AIRCRAFT CORP,PA-28-181,2749e2fd2db274a1f3323f38498fb85bfe84da243ca5b01beb4037ff8b90b92b,True,3
15812,11123,021026_ML.npy,2026-10-03,2026-10-03 23:00:46.005579,7C444D,P28A,PIPER AIRCRAFT CORP,PA-28-181,7a348648e7ac42cf7bf082aaa688c50f75e1f3262c3ea8135b02fb55d02b76ef,True,4
15813,11124,021026_ML.npy,2026-10-03,2026-10-03 23:00:46.975536,7C444D,P28A,PIPER AIRCRAFT CORP,PA-28-181,f59589331a3644e7dd460c397c4a8933c8f70192090f3e8bb0586bdfaa411346,True,2
15814,11125,021026_ML.npy,2026-10-03,2026-10-03 23:00:47.975368,7C444D,P28A,PIPER AIRCRAFT CORP,PA-28-181,0a712d93c3b436632b6313eca8379ae14858b33e3b9968582f2fdcbbff01ea49,True,2
15815,11126,021026_ML.npy,2026-10-03,2026-10-03 23:00:48.573112,7C444D,P28A,PIPER AIRCRAFT CORP,PA-28-181,36e0e9d4da5b88066b8eac0a1a5852d1a16e8675fd82d49221da6324aeeec210,True,1
15816,11127,021026_ML.npy,2026-10-03,2026-10-03 23:00:49.146862,7C444D,P28A,PIPER AIRCRAFT CORP,PA-28-181,36e0e9d4da5b88066b8eac0a1a5852d1a16e8675fd82d49221da6324aeeec210,True,2
15817,11128,021026_ML.npy,2026-10-03,2026-10-03 23:00:49.159675,7C444D,P28A,PIPER AIRCRAFT CORP,PA-28-181,fff6ccb6148ea34206d20c3894833db96bb2212f800b5fb89d82fd57db28bf66,True,2
15818,11129,021026_ML.npy,2026-10-03,2026-10-03 23:00:50.782694,7C444D,P28A,PIPER AIRCRAFT CORP,PA-28-181,0eeac115a0da704acfbd2cbb2d945e74b629fdc69cb3867fdbc6ca27428a06e7,True,4
15819,11130,021026_ML.npy,2026-10-03,2026-10-03 23:00:51.780511,7C444D,P28A,PIPER AIRCRAFT CORP,PA-28-181,091ba625584e58ad0b5617618fc4b2176a4120cd4720ea7176cc8ec09208d8be,True,2
15820,11131,021026_ML.npy,2026-10-03,2026-10-03 23:00:52.688193,7C444D,P28A,PIPER AIRCRAFT CORP,PA-28-181,0b05b76b64595393ab104ce684ff1a4f82cd1ea1a6c7b573d96031224bc18167,True,4
15821,11132,021026_ML.npy,2026-10-03,2026-10-03 23:00:55.107973,7C444D,P28A,PIPER AIRCRAFT CORP,PA-28-181,d8ca3e90afb3bc1d4dca52ed572384b0662a75fc6da6c43081f935eb45116e9f,True,1
15822,11133,021026_ML.npy,2026-10-03,2026-10-03 23:00:55.771661,7C444D,P28A,PIPER AIRCRAFT CORP,PA-28-181,86c0cca148c95457aa5feb772e8e00fbcf205d6a3db614944027b64f956024f1,True,4
15823,11134,021026_ML.npy,2026-10-03,2026-10-03 23:00:56.245451,7C444D,P28A,PIPER AIRCRAFT CORP,PA-28-181,593e17268b268cc1d1f33d7c0b89826b535d1c9f1916474e74bba8eeb5fb3847,True,4
15824,11135,021026_ML.npy,2026-10-03,2026-10-03 23:00:56.774903,7C444D,P28A,PIPER AIRCRAFT CORP,PA-28-181,62081c1a40e3e20760103afa0550d1322419b63e618583d081182348c0a29974,True,5
15825,11136,021026_ML.npy,2026-10-03,2026-10-03 23:00:57.129328,7C444D,P28A,PIPER AIRCRAFT CORP,PA-28-181,68b46ec028851f84dfd8d1fbef9160d0fce580dc5e034e446e6d3863221e4ec0,True,3
15826,11137,021026_ML.npy,2026-10-03,2026-10-03 23:01:02.953883,7C444D,P28A,PIPER AIRCRAFT CORP,PA-28-181,0a712d93c3b436632b6313eca8379ae14858b33e3b9968582f2fdcbbff01ea49,True,3
15827,11138,021026_ML.npy,2026-10-03,2026-10-03 23:01:03.243990,7C444D,P28A,PIPER AIRCRAFT CORP,PA-28-181,329053321bf714b1b6c2b0228cebcb1a64ca4394a8f9089c0c5fa5c2d6e04129,True,4
15828,11139,021026_ML.npy,2026-10-03,2026-10-03 23:01:03.773927,7C444D,P28A,PIPER AIRCRAFT CORP,PA-28-181,bd509caca3b62a2eb87d7d4535d25f8276eb579ffa89b9a7fd33048b2fd00a40,True,4
15829,11140,021026_ML.npy,2026-10-03,2026-10-03 23:01:06.803146,7C444D,P28A,PIPER AIRCRAFT CORP,PA-28-181,39f70c08862aca5edfdf72328f22cec910e004ca0ec3896a21784ce91dc1a0f5,True,2
15830,11141,021026_ML.npy,2026-10-03,2026-10-03 23:01:11.371680,7C444D,P28A,PIPER AIRCRAFT CORP,PA-28-181,b06cffa1c0b04922c535c27e31bc0423d0f1049136d3dd18a3ae8c9ca88e64ab,True,5
15831,11142,021026_ML.npy,2026-10-03,2026-10-03 23:01:12.603790,7C444D,P28A,PIPER AIRCRAFT CORP,PA-28-181,d8ca3e90afb3bc1d4dca52ed572384b0662a75fc6da6c43081f935eb45116e9f,True,5
15832,11143,021026_ML.npy,2026-10-03,2026-10-03 23:01:31.331445,7C444D,P28A,PIPER AIRCRAFT CORP,PA-28-181,64867c565e830ecf415a68174e6ad3f493eefdb8dffdf5850772a0bd17628f74,True,1
15833,11144,021026_ML.npy,2026-10-03,2026-10-03 23:01:31.783428,7C444D,P28A,PIPER AIRCRAFT CORP,PA-28-181,162498a95c02986ae0dfecf3b1815064d4c45998e6b89f99f7f9c3abfc4ba470,True,3
15834,11145,021026_ML.npy,2026-10-03,2026-10-03 23:01:37.808560,7C444D,P28A,PIPER AIRCRAFT CORP,PA-28-181,e6eaa31c1cd2d3b8308d394841df54b68e60716e1d740a77dab84038db9e3681,True,4
15835,11146,021026_ML.npy,2026-10-03,2026-10-03 23:01:41.924934,7C444D,P28A,PIPER AIRCRAFT CORP,PA-28-181,9e39d1a8d9366358556acbdcf782f991d64fddc871df9fc01b5bff690ac5275d,True,1
15837,11148,021026_ML.npy,2026-10-03,2026-10-03 23:01:49.478031,7C168B,DA40,DIAMOND AIRCRAFT INDUSTRIES INC.,DA 40,491181b264e8e96b55beb13f3d428d65b687266539e622549853b109fee5a76d,True,5
15840,11151,021026_ML.npy,2026-10-03,2026-10-03 23:01:55.091898,7C444D,P28A,PIPER AIRCRAFT CORP,PA-28-181,b19eac3305f19f12f4d95c6aab1a0eb6b9bd6e3a41ef38cdd57cb079f11956aa,True,1
15841,11152,021026_ML.npy,2026-10-03,2026-10-03 23:01:56.317270,7C168B,DA40,DIAMOND AIRCRAFT INDUSTRIES INC.,DA 40,a9b3ae968ceaa37950f12b1ead4e9811a5d565038c00a58cf48d9b3cb06a535a,True,4
15842,11153,021026_ML.npy,2026-10-03,2026-10-03 23:01:57.121513,7C444D,P28A,PIPER AIRCRAFT CORP,PA-28-181,8bc309c877933eb7331ff4efe89a51e2b63eb2878f70246f3fa22cf52a6c579e,True,3
15853,11164,021026_ML.npy,2026-10-03,2026-10-03 23:02:24.597605,7C444D,P28A,PIPER AIRCRAFT CORP,PA-28-181,fcb10f6bac689a6247c9cefecd18ef32ea2e7edd262094bf9ec8d2c36057209e,True,5
15854,11165,021026_ML.npy,2026-10-03,2026-10-03 23:04:19.121701,7C444D,P28A,PIPER AIRCRAFT CORP,PA-28-181,8c028bae6e575501f86e65cffe872c31c441b469ca5b4fd5ad978acc5fd53d70,True,1
15858,11169,021026_ML.npy,2026-10-03,2026-10-03 23:05:22.275155,7C444D,P28A,PIPER AIRCRAFT CORP,PA-28-181,d8ca3e90afb3bc1d4dca52ed572384b0662a75fc6da6c43081f935eb45116e9f,True,2
15859,11170,021026_ML.npy,2026-10-03,2026-10-03 23:05:27.306008,7C444D,P28A,PIPER AIRCRAFT CORP,PA-28-181,d8ca3e90afb3bc1d4dca52ed572384b0662a75fc6da6c43081f935eb45116e9f,True,1
15860,11171,021026_ML.npy,2026-10-03,2026-10-03 23:05:28.001969,7C444D,P28A,PIPER AIRCRAFT CORP,PA-28-181,b9a56109439a118f75ea23c67b33469cd18aa348ca338bc605fc4a857903805e,True,2
15863,11174,021026_ML.npy,2026-10-03,2026-10-03 23:05:29.809771,7C444D,P28A,PIPER AIRCRAFT CORP,PA-28-181,d8ca3e90afb3bc1d4dca52ed572384b0662a75fc6da6c43081f935eb45116e9f,True,2
15864,11175,021026_ML.npy,2026-10-03,2026-10-03 23:05:30.421518,7C444D,P28A,PIPER AIRCRAFT CORP,PA-28-181,dade08f5f97b29dd712d24e38701e549e0ff854752328de7bb7f7ed3b3cab2e5,True,2
15865,11176,021026_ML.npy,2026-10-03,2026-10-03 23:05:31.998902,7C444D,P28A,PIPER AIRCRAFT CORP,PA-28-181,bdbea92283397c39fbb177d0e95a1912f7416a11383c2ccf93c282201996d94c,True,4
15866,11177,021026_ML.npy,2026-10-03,2026-10-03 23:05:32.981250,7C444D,P28A,PIPER AIRCRAFT CORP,PA-28-181,1f7423f63d720f65742d00e8abead3a076d67b35f2bb6d3c9ec803fe0f1d1493,True,1
15867,11178,021026_ML.npy,2026-10-03,2026-10-03 23:05:33.209554,7C444D,P28A,PIPER AIRCRAFT CORP,PA-28-181,668dd0917017d6de892334d01613e139cb8e80b6e6feab71d19f24068df3546f,True,4
15868,11179,021026_ML.npy,2026-10-03,2026-10-03 23:05:33.618959,7C444D,P28A,PIPER AIRCRAFT CORP,PA-28-181,9b9ead919629de6ad9cb242a78db6129842cdc80a0f17f77f395c0c2800e3094,True,1
15869,11180,021026_ML.npy,2026-10-03,2026-10-03 23:05:34.098813,7C444D,P28A,PIPER AIRCRAFT CORP,PA-28-181,722cc670b3de0f090e88861b60e29b43fc58581fea5fa2ad03424145ac4eb00e,True,5
15870,11181,021026_ML.npy,2026-10-03,2026-10-03 23:05:35.144928,7C444D,P28A,PIPER AIRCRAFT CORP,PA-28-181,dba3c846127594fccb53fdff45fd8e19ff58df416923934aa300d6eacb775708,True,5
15871,11182,021026_ML.npy,2026-10-03,2026-10-03 23:05:35.920058,7C444D,P28A,PIPER AIRCRAFT CORP,PA-28-181,901eab27a3bc3d49e71257ea26add1a26d7363532ffeb2d420ba19e46fb60b94,True,5
15872,11183,021026_ML.npy,2026-10-03,2026-10-03 23:05:36.906081,7C444D,P28A,PIPER AIRCRAFT CORP,PA-28-181,bdbea92283397c39fbb177d0e95a1912f7416a11383c2ccf93c282201996d94c,True,1
15873,11184,021026_ML.npy,2026-10-03,2026-10-03 23:05:37.230046,7C444D,P28A,PIPER AIRCRAFT CORP,PA-28-181,682ff77b171782d971d6bed87a9ae0070698a25b5490a6e76ab9240a8feac5f7,True,3
15874,11185,021026_ML.npy,2026-10-03,2026-10-03 23:05:38.379719,7C444D,P28A,PIPER AIRCRAFT CORP,PA-28-181,624045b7a3402b35e4daa12445eb461fdb7797afab8ee37c964fd03e9cd17a91,True,2
15875,11186,021026_ML.npy,2026-10-03,2026-10-03 23:05:41.379099,7C444D,P28A,PIPER AIRCRAFT CORP,PA-28-181,b77433e1534d206eef6f8aff6149fa5a66a913c9cb666e91da5e97a0e9a8087e,True,2
15876,11187,021026_ML.npy,2026-10-03,2026-10-03 23:05:43.234760,7C444D,P28A,PIPER AIRCRAFT CORP,PA-28-181,8a51a9712fe71ee2d872f3ae920cdde734fc446df92ac0470f097d1f68c84dc5,True,4
15878,11189,021026_ML.npy,2026-10-03,2026-10-03 23:05:43.794524,7C444D,P28A,PIPER AIRCRAFT CORP,PA-28-181,35a879bfa2046976b4e2e856e836a415e81320183db25a408d7073e0c622033b,True,1
15880,11191,021026_ML.npy,2026-10-03,2026-10-03 23:05:49.321302,7C444D,P28A,PIPER AIRCRAFT CORP,PA-28-181,45485c2803e06f12e7fd26af7935fa69ef5475265bf584d4d06e555467ae3eaa,True,3
15881,11192,021026_ML.npy,2026-10-03,2026-10-03 23:05:50.256792,7C444D,P28A,PIPER AIRCRAFT CORP,PA-28-181,5f773906acdd0963fe70fd57ba746f6a50a1ce6b3d86998f6960fb1dc33c72f2,True,1
15882,11193,021026_ML.npy,2026-10-03,2026-10-03 23:05:51.228942,7C444D,P28A,PIPER AIRCRAFT CORP,PA-28-181,ca8a3bafcdd2f08f5281175c4ac08332d7dc436e500819b7ce93f48aef0e383c,True,3
15883,11194,021026_ML.npy,2026-10-03,2026-10-03 23:05:53.768634,7C444D,P28A,PIPER AIRCRAFT CORP,PA-28-181,1721eafc13884a4e362df13890a36f5e719597e1f22ed682436f08e0a34fc4aa,True,2
15884,11195,021026_ML.npy,2026-10-03,2026-10-03 23:05:53.954258,7C444D,P28A,PIPER AIRCRAFT CORP,PA-28-181,c976d8e2f1e4be182d94ac76b8974450239c5fc05a7a674feb2a1db79e9309dd,True,5
15885,11196,021026_ML.npy,2026-10-03,2026-10-03 23:05:54.514079,7C444D,P28A,PIPER AIRCRAFT CORP,PA-28-181,82f063535dc2153c7234fd308da81c37cee3baec473ba1f01dc33bc5d0461e20,True,1
15886,11197,021026_ML.npy,2026-10-03,2026-10-03 23:05:55.433787,7C444D,P28A,PIPER AIRCRAFT CORP,PA-28-181,b54eb6a86b7f2da5c1258259da64dd146a0e620880b0e646613432a2838049cd,True,4
15887,11198,021026_ML.npy,2026-10-03,2026-10-03 23:05:56.071841,7C444D,P28A,PIPER AIRCRAFT CORP,PA-28-181,c51948909a31bd2b241514d24b156bb80125a5b5eaa58d5a61bdaa26beadce30,True,4
15888,11199,021026_ML.npy,2026-10-03,2026-10-03 23:05:56.929175,7C444D,P28A,PIPER AIRCRAFT CORP,PA-28-181,2d94c3b3eb3ce879dc06c0037ae458a2f019966e40c722072b3450bbd5160e4b,True,1
15889,11200,021026_ML.npy,2026-10-03,2026-10-03 23:05:57.167717,7C444D,P28A,PIPER AIRCRAFT CORP,PA-28-181,e6ad36bed60e75dc63244fe154fa67747fca19c8a803d2485ffb27519e29170a,True,1
15890,11201,021026_ML.npy,2026-10-03,2026-10-03 23:05:59.115258,7C444D,P28A,PIPER AIRCRAFT CORP,PA-28-181,2844f73a306ae82ba94b38c050b9e7a95fab2b93cb8758b669e1c08c5c14dd5f,True,1
15891,11202,021026_ML.npy,2026-10-03,2026-10-03 23:05:59.632718,7C444D,P28A,PIPER AIRCRAFT CORP,PA-28-181,4db746fe2922bc31dd8778e75c2c90b9506d052a5afe4544a4716b0cc0f89466,True,3
15892,11203,021026_ML.npy,2026-10-03,2026-10-03 23:06:01.324585,7C444D,P28A,PIPER AIRCRAFT CORP,PA-28-181,aa254912094e92ef7d151bb06e81d0471c155b2836af2bf88df95dbe6cb65590,True,1
15893,11204,021026_ML.npy,2026-10-03,2026-10-03 23:06:06.701436,7C444D,P28A,PIPER AIRCRAFT CORP,PA-28-181,63e7bfcc9af7584c7c7afef25bd5bb53e257d04a414e5f49901600eab931d90b,True,3
15894,11205,021026_ML.npy,2026-10-03,2026-10-03 23:06:08.792914,7C444D,P28A,PIPER AIRCRAFT CORP,PA-28-181,3a622f7c13adc354779e8cf7d1aa12e7197ff25f9180498f6298d810856242e9,True,4
15896,11207,021026_ML.npy,2026-10-03,2026-10-03 23:06:47.706163,7C444D,P28A,PIPER AIRCRAFT CORP,PA-28-181,52ffc938641375c89b646f0a84d46a9294a9332e2ee32559cf0b00afa725ef24,True,4
15904,11215,021026_ML.npy,2026-10-03,2026-10-03 23:06:58.982113,7C168B,DA40,DIAMOND AIRCRAFT INDUSTRIES INC.,DA 40,cbac31f8666a948a439650df5b31c8ce7b73111fba43471dda975d3373118c7b,True,4
15916,11227,021026_ML.npy,2026-10-03,2026-10-03 23:07:12.976876,7C168B,DA40,DIAMOND AIRCRAFT INDUSTRIES INC.,DA 40,bbf05ea8a1b5e276232d5e9c3f5894a4a586942954a23f67f63d00e665f6325b,True,3
15917,11228,021026_ML.npy,2026-10-03,2026-10-03 23:07:17.755692,7C444D,P28A,PIPER AIRCRAFT CORP,PA-28-181,0a712d93c3b436632b6313eca8379ae14858b33e3b9968582f2fdcbbff01ea49,True,1
15919,11230,021026_ML.npy,2026-10-03,2026-10-03 23:11:02.012723,7C444D,P28A,PIPER AIRCRAFT CORP,PA-28-181,0a712d93c3b436632b6313eca8379ae14858b33e3b9968582f2fdcbbff01ea49,True,3
15920,11231,021026_ML.npy,2026-10-03,2026-10-03 23:11:02.196341,7C444D,P28A,PIPER AIRCRAFT CORP,PA-28-181,d8ca3e90afb3bc1d4dca52ed572384b0662a75fc6da6c43081f935eb45116e9f,True,1
15921,11232,021026_ML.npy,2026-10-03,2026-10-03 23:11:03.338267,7C444D,P28A,PIPER AIRCRAFT CORP,PA-28-181,4156d91109ad4dede70d9e49b1f8d7fa7ac6d00a5864888d770ba6e216df2191,True,2
15922,11233,021026_ML.npy,2026-10-03,2026-10-03 23:11:04.662084,7C444D,P28A,PIPER AIRCRAFT CORP,PA-28-181,d8ca3e90afb3bc1d4dca52ed572384b0662a75fc6da6c43081f935eb45116e9f,True,3
15923,11234,021026_ML.npy,2026-10-03,2026-10-03 23:11:08.116951,7C444D,P28A,PIPER AIRCRAFT CORP,PA-28-181,c79afcf32a06851c63f7236009dacc343902d3d1364933e21b8d1c4c586233c4,True,4
15924,11235,021026_ML.npy,2026-10-03,2026-10-03 23:11:08.685197,7C444D,P28A,PIPER AIRCRAFT CORP,PA-28-181,15678222d979f4b8f0c81b5dfc4f4d1bea6e331eefee307f21732d709a8f946c,True,2
15925,11236,021026_ML.npy,2026-10-03,2026-10-03 23:11:09.154577,7C444D,P28A,PIPER AIRCRAFT CORP,PA-28-181,c0600cc7eda6d3797b44f6880f2a9b16d603c4c4adca698b86fe762a6560d6ed,True,3
15926,11237,021026_ML.npy,2026-10-03,2026-10-03 23:11:10.198488,7C444D,P28A,PIPER AIRCRAFT CORP,PA-28-181,b15aed2c032620d640bad9dc43759eac48d0b36b707cd7b6c91a79a9a3bb298c,True,3
15927,11238,021026_ML.npy,2026-10-03,2026-10-03 23:11:10.413379,7C444D,P28A,PIPER AIRCRAFT CORP,PA-28-181,bdbea92283397c39fbb177d0e95a1912f7416a11383c2ccf93c282201996d94c,True,2
15928,11239,021026_ML.npy,2026-10-03,2026-10-03 23:11:12.130495,7C444D,P28A,PIPER AIRCRAFT CORP,PA-28-181,d8ca3e90afb3bc1d4dca52ed572384b0662a75fc6da6c43081f935eb45116e9f,True,3
15929,11240,021026_ML.npy,2026-10-03,2026-10-03 23:11:15.455645,7C444D,P28A,PIPER AIRCRAFT CORP,PA-28-181,da31c9c96b4d9c77f7f0ae5c5d08fbde37c04ffad5984940d0ea72210cb0d23c,True,3
15930,11241,021026_ML.npy,2026-10-03,2026-10-03 23:11:16.553383,7C444D,P28A,PIPER AIRCRAFT CORP,PA-28-181,c79a96eb862c38a1f9dd0b71740d7ae5dd44e7b35bd69f9e6accba758eb72500,True,2
15931,11242,021026_ML.npy,2026-10-03,2026-10-03 23:11:18.130465,7C444D,P28A,PIPER AIRCRAFT CORP,PA-28-181,5158b13a759bbb241cb53a0c581e0166c28208b211dbb474c1ba432af43477ba,True,4
15932,11243,021026_ML.npy,2026-10-03,2026-10-03 23:11:20.064358,7C444D,P28A,PIPER AIRCRAFT CORP,PA-28-181,049595d3ef414c69ec44c5d0fcebb71bc536256c870f4880b11a3ba34b246693,True,5
15933,11244,021026_ML.npy,2026-10-03,2026-10-03 23:11:20.448651,7C444D,P28A,PIPER AIRCRAFT CORP,PA-28-181,78ef0a2330f42eee2842212d397164dacf4c6547884689c3d1e47ed0d5b5d90a,True,5
15934,11245,021026_ML.npy,2026-10-03,2026-10-03 23:11:22.025978,7C444D,P28A,PIPER AIRCRAFT CORP,PA-28-181,72a61403efdb5881b1349bec5c71129435624c338add605a3784c15fa5da4bd0,True,4
15935,11246,021026_ML.npy,2026-10-03,2026-10-03 23:11:25.495284,7C444D,P28A,PIPER AIRCRAFT CORP,PA-28-181,bdbea92283397c39fbb177d0e95a1912f7416a11383c2ccf93c282201996d94c,True,1
15936,11247,021026_ML.npy,2026-10-03,2026-10-03 23:11:27.121001,7C444D,P28A,PIPER AIRCRAFT CORP,PA-28-181,d8ca3e90afb3bc1d4dca52ed572384b0662a75fc6da6c43081f935eb45116e9f,True,3
15937,11248,021026_ML.npy,2026-10-03,2026-10-03 23:11:27.628897,7C444D,P28A,PIPER AIRCRAFT CORP,PA-28-181,a1fea22add7d41011bd2e4461ed48929eecbc8293fc66ff4d5b18cea574bba3a,True,1
15938,11249,021026_ML.npy,2026-10-03,2026-10-03 23:11:27.870998,7C444D,P28A,PIPER AIRCRAFT CORP,PA-28-181,99fb8f1c063648da4a6441a9535a0c0850ba342561e42a1cf3ab3e60f4c23f37,True,5
15939,11250,021026_ML.npy,2026-10-03,2026-10-03 23:11:28.750346,7C444D,P28A,PIPER AIRCRAFT CORP,PA-28-181,4941cb1261702c21f6e6d5b97248c4cb6681b5caf130cb7a0c91c9c6e16a4924,True,2
15940,11251,021026_ML.npy,2026-10-03,2026-10-03 23:11:29.302599,7C444D,P28A,PIPER AIRCRAFT CORP,PA-28-181,eecd24fb864d3eeb7a9dba8e190a9d7b67a0f1d2b3edde5534cfd7fbff7ed502,True,2
15941,11252,021026_ML.npy,2026-10-03,2026-10-03 23:11:30.232246,7C444D,P28A,PIPER AIRCRAFT CORP,PA-28-181,88323ce5dc82afa159cd3f98779f16641f21bdc03d6e4d751c124501b34784f6,True,3
15942,11253,021026_ML.npy,2026-10-03,2026-10-03 23:11:31.097730,7C444D,P28A,PIPER AIRCRAFT CORP,PA-28-181,9823223f4bf81987ee350f076d1b29d58d35a5bb0d3f247f2e88037deaf1ad70,True,3
15943,11254,021026_ML.npy,2026-10-03,2026-10-03 23:11:31.555684,7C444D,P28A,PIPER AIRCRAFT CORP,PA-28-181,3ea68c2d3aaa90d280327af7bd7207f9eccd19ed0e5661c5fd8a95f33751227f,True,2
15944,11255,021026_ML.npy,2026-10-03,2026-10-03 23:11:33.601547,7C444D,P28A,PIPER AIRCRAFT CORP,PA-28-181,9db1940ef550fd986131810674d2be8923abe6bad2061d2c7c6803a9c2b5f922,True,1
15945,11256,021026_ML.npy,2026-10-03,2026-10-03 23:11:37.116744,7C444D,P28A,PIPER AIRCRAFT CORP,PA-28-181,d8ca3e90afb3bc1d4dca52ed572384b0662a75fc6da6c43081f935eb45116e9f,True,4
15946,11257,021026_ML.npy,2026-10-03,2026-10-03 23:11:37.134763,7C444D,P28A,PIPER AIRCRAFT CORP,PA-28-181,649c72db55851636fcff4425151fffc25399ce1ebfa15cf2ac9643a516bd680a,True,1
15947,11258,021026_ML.npy,2026-10-03,2026-10-03 23:11:37.580762,7C444D,P28A,PIPER AIRCRAFT CORP,PA-28-181,8ba20f830e9e27eee318263baa24c3e353c3a69ceab7b9cc92a54e4cb5b7770b,True,4
15948,11259,021026_ML.npy,2026-10-03,2026-10-03 23:11:43.977371,7C444D,P28A,PIPER AIRCRAFT CORP,PA-28-181,de3741bffc5763730f17f4a7c23ebd82369a03a7b21b995d9c6e46be91f5afad,True,3
15949,11260,021026_ML.npy,2026-10-03,2026-10-03 23:11:47.256456,7C444D,P28A,PIPER AIRCRAFT CORP,PA-28-181,d8ca3e90afb3bc1d4dca52ed572384b0662a75fc6da6c43081f935eb45116e9f,True,5
15950,11261,021026_ML.npy,2026-10-03,2026-10-03 23:11:48.826289,7C444D,P28A,PIPER AIRCRAFT CORP,PA-28-181,8e6a0d5106302c6171c89d60a280f331f393e8a83fccd793a60994a44d420993,True,5
15951,11262,021026_ML.npy,2026-10-03,2026-10-03 23:11:49.158078,7C444D,P28A,PIPER AIRCRAFT CORP,PA-28-181,034101a5a68d91d047e6bbba2e9b2f2f2bde21b486d38d16ab989d517626d924,True,1
15952,11263,021026_ML.npy,2026-10-03,2026-10-03 23:11:49.367126,7C444D,P28A,PIPER AIRCRAFT CORP,PA-28-181,a4f93dd6fe6e3f2bf64e4e96a91303c26ad46d9fc53c4d1787aeede92551e551,True,1
15953,11264,021026_ML.npy,2026-10-03,2026-10-03 23:11:49.907796,7C444D,P28A,PIPER AIRCRAFT CORP,PA-28-181,53c36bd75d62bafba379ecde45eb700914e79ed9b0bcfc0a4e78fb1b5a98bbd4,True,1
15954,11265,021026_ML.npy,2026-10-03,2026-10-03 23:11:50.205685,7C444D,P28A,PIPER AIRCRAFT CORP,PA-28-181,1aa4906156a92546ed7db9e87e63758182811a17b723becc1a73c5834257e428,True,2
15955,11266,021026_ML.npy,2026-10-03,2026-10-03 23:11:50.713588,7C444D,P28A,PIPER AIRCRAFT CORP,PA-28-181,6e5c1f08288bf004a508a6999b069d02efe10110d6497fdc0afe778eb597609b,True,3
15956,11267,021026_ML.npy,2026-10-03,2026-10-03 23:11:51.009183,7C444D,P28A,PIPER AIRCRAFT CORP,PA-28-181,41272048bfeca74607272f349095ea818b760efc9cc4c863be6716c4a1ca949a,True,5
15968,11279,021026_ML.npy,2026-10-03,2026-10-03 23:13:30.601257,7C444D,P28A,PIPER AIRCRAFT CORP,PA-28-181,5502914a10515c42112ee78df656a22d1a38a6316b0ca76d442a1c45e6f4bc91,True,3
15969,11280,021026_ML.npy,2026-10-03,2026-10-03 23:13:31.985056,7C444D,P28A,PIPER AIRCRAFT CORP,PA-28-181,0a712d93c3b436632b6313eca8379ae14858b33e3b9968582f2fdcbbff01ea49,True,4
15970,11281,021026_ML.npy,2026-10-03,2026-10-03 23:13:35.033687,7C444D,P28A,PIPER AIRCRAFT CORP,PA-28-181,700042ab594826a8eba85d018fd9b164b89cdad6e1e6423866349dbe3a6bad07,True,5
15972,11283,021026_ML.npy,2026-10-03,2026-10-03 23:14:28.464292,7C444D,P28A,PIPER AIRCRAFT CORP,PA-28-181,cf029cf01e36d5b8fe4cd5433683400d2ae278e30a13777d2d414c23dabf505d,True,2
15973,11284,021026_ML.npy,2026-10-03,2026-10-03 23:14:36.470034,7C444D,P28A,PIPER AIRCRAFT CORP,PA-28-181,694cfd34048ad72ed574cd91903587b34ed72802ea5fb1c1af7318b7a8ca6add,True,2
15974,11285,021026_ML.npy,2026-10-03,2026-10-03 23:14:37.370005,7C444D,P28A,PIPER AIRCRAFT CORP,PA-28-181,d8ca3e90afb3bc1d4dca52ed572384b0662a75fc6da6c43081f935eb45116e9f,True,5
15975,11286,021026_ML.npy,2026-10-03,2026-10-03 23:14:37.573950,7C444D,P28A,PIPER AIRCRAFT CORP,PA-28-181,a4b21ca4e49473ae58cdebbcd4282f790762e5be837bda10402644ca8efeaeaa,True,5
15976,11287,021026_ML.npy,2026-10-03,2026-10-03 23:14:40.042925,7C444D,P28A,PIPER AIRCRAFT CORP,PA-28-181,f555afab7a99954200bee51a02851c7e66fde18b120f78f5afc586dd550ebf25,True,4
15977,11288,021026_ML.npy,2026-10-03,2026-10-03 23:14:40.551258,7C444D,P28A,PIPER AIRCRAFT CORP,PA-28-181,df609821226a8fff2421856d644a5388b4925f50c5fab1c79ed8c86fef798b1e,True,1
15978,11289,021026_ML.npy,2026-10-03,2026-10-03 23:14:46.853948,7C444D,P28A,PIPER AIRCRAFT CORP,PA-28-181,bdbea92283397c39fbb177d0e95a1912f7416a11383c2ccf93c282201996d94c,True,2
15979,11290,021026_ML.npy,2026-10-03,2026-10-03 23:14:47.799220,7C444D,P28A,PIPER AIRCRAFT CORP,PA-28-181,c00c2ec8e31a0411e58852f4686cc33017798a65ef50112cef4aec89f2649fd6,True,2
15980,11291,021026_ML.npy,2026-10-03,2026-10-03 23:14:50.197075,7C444D,P28A,PIPER AIRCRAFT CORP,PA-28-181,9d3d1ac073367f326e3e7168bd27f8aa4cfce073ed3ab63d0c55eed9628a1c37,True,1
15981,11292,021026_ML.npy,2026-10-03,2026-10-03 23:14:51.672940,7C444D,P28A,PIPER AIRCRAFT CORP,PA-28-181,0a712d93c3b436632b6313eca8379ae14858b33e3b9968582f2fdcbbff01ea49,True,1
15982,11293,021026_ML.npy,2026-10-03,2026-10-03 23:14:52.138554,7C444D,P28A,PIPER AIRCRAFT CORP,PA-28-181,ca143970cb4a5369ae518f73debe468f8e42d1af3acd61cf18fe6fd30a5aa728,True,4
15983,11294,021026_ML.npy,2026-10-03,2026-10-03 23:14:53.232387,7C444D,P28A,PIPER AIRCRAFT CORP,PA-28-181,514ac2d445e09aebbbc77eec31466693deb7be964dd0e2f1ad73d5715a8b3b81,True,1
15984,11295,021026_ML.npy,2026-10-03,2026-10-03 23:14:53.680302,7C444D,P28A,PIPER AIRCRAFT CORP,PA-28-181,f91f37c0345305fed715057da7e1248722aeb1936e6012b134f012e5e166b8aa,True,1
15985,11296,021026_ML.npy,2026-10-03,2026-10-03 23:14:56.091891,7C444D,P28A,PIPER AIRCRAFT CORP,PA-28-181,bfb11cffa691b2196e2dec9d5d6830de7659e49a92cf8bd14427afe4b6600a46,True,5
15986,11297,021026_ML.npy,2026-10-03,2026-10-03 23:14:59.725359,7C444D,P28A,PIPER AIRCRAFT CORP,PA-28-181,d8ca3e90afb3bc1d4dca52ed572384b0662a75fc6da6c43081f935eb45116e9f,True,4
15987,11298,021026_ML.npy,2026-10-03,2026-10-03 23:15:02.172400,7C444D,P28A,PIPER AIRCRAFT CORP,PA-28-181,734e2e73e5be9d2d3aeddb6d64f03a140d41383388cbebdddb9526a2d5f6dcc0,True,2
15988,11299,021026_ML.npy,2026-10-03,2026-10-03 23:15:08.379116,7C444D,P28A,PIPER AIRCRAFT CORP,PA-28-181,076413ebde486fd9c8db850f91e11367c5cc193bcc335b0006622b470d6d100d,True,4
15989,11300,021026_ML.npy,2026-10-03,2026-10-03 23:15:10.544348,7C444D,P28A,PIPER AIRCRAFT CORP,PA-28-181,df54b99ac836f2946e3517cb7d6107050e4eece4c8ab32faef563abbc2902c95,True,5
15990,11301,021026_ML.npy,2026-10-03,2026-10-03 23:15:11.908351,7C444D,P28A,PIPER AIRCRAFT CORP,PA-28-181,beeaa2ca947066a502f1c91dd9ffc7600fc3a4b2765d21918c605c56477b3a5f,True,1
15991,11302,021026_ML.npy,2026-10-03,2026-10-03 23:15:12.390434,7C444D,P28A,PIPER AIRCRAFT CORP,PA-28-181,1d2138157c89633f64517b481b89a4b0d040dcfddb56a94d7b9ad9c21f3a0990,True,3
15992,11303,021026_ML.npy,2026-10-03,2026-10-03 23:15:33.658993,7C444D,P28A,PIPER AIRCRAFT CORP,PA-28-181,d545c0ae8d6effae73a5c90a66b39df9d1fa9df3dcd30cd8c6308ceb54fa5dcd,True,4
15993,11304,021026_ML.npy,2026-10-03,2026-10-03 23:16:13.873257,7C168B,DA40,DIAMOND AIRCRAFT INDUSTRIES INC.,DA 40,3b4240b566f512370d50eb99cc30a8fc56878f7df936b8dd29ef2853e2a4de08,True,2
15999,11310,021026_ML.npy,2026-10-03,2026-10-03 23:17:32.684224,7C168B,DA40,DIAMOND AIRCRAFT INDUSTRIES INC.,DA 40,112b6ac2a3d809b1903ab9ab3a4ef81a358528fdfcf78754cfda51933febbfc9,True,5
16003,11314,021026_ML.npy,2026-10-03,2026-10-03 23:17:35.159836,7C168B,DA40,DIAMOND AIRCRAFT INDUSTRIES INC.,DA 40,2ad206fc7a6d12ea8ef8fb4653d183364a9b12fa4cf6d66d68495f34f952e341,True,4
16007,11318,021026_ML.npy,2026-10-03,2026-10-03 23:17:39.671377,7C168B,DA40,DIAMOND AIRCRAFT INDUSTRIES INC.,DA 40,abceb19f8e005a5ca0314561819c6fef7db5d5940813306593380f4bcb6242c2,True,2
16016,11327,021026_ML.npy,2026-10-03,2026-10-03 23:17:52.325522,7C168B,DA40,DIAMOND AIRCRAFT INDUSTRIES INC.,DA 40,491181b264e8e96b55beb13f3d428d65b687266539e622549853b109fee5a76d,True,3
16017,11328,021026_ML.npy,2026-10-03,2026-10-03 23:18:06.151985,7C168B,DA40,DIAMOND AIRCRAFT INDUSTRIES INC.,DA 40,7293d901efca9b7f4d5ef7a2972a27308ab5565fed2e3b0a6ed711e54e40bd3d,True,4
16019,11330,021026_ML.npy,2026-10-03,2026-10-03 23:19:37.848474,7C444D,P28A,PIPER AIRCRAFT CORP,PA-28-181,0a712d93c3b436632b6313eca8379ae14858b33e3b9968582f2fdcbbff01ea49,True,1
16020,11331,021026_ML.npy,2026-10-03,2026-10-03 23:19:44.336730,7C444D,P28A,PIPER AIRCRAFT CORP,PA-28-181,9f5d3051c14fecdd03313918497455145e68bebac7583a3e1f813c3fe1c46bbb,True,3
16021,11332,021026_ML.npy,2026-10-03,2026-10-03 23:19:50.419205,7C444D,P28A,PIPER AIRCRAFT CORP,PA-28-181,7258a882172ee24ee98be42ef4b01c73926e7a42fa263c2e4fa2191947f6abce,True,5
16022,11333,021026_ML.npy,2026-10-03,2026-10-03 23:19:50.838701,7C444D,P28A,PIPER AIRCRAFT CORP,PA-28-181,7258a882172ee24ee98be42ef4b01c73926e7a42fa263c2e4fa2191947f6abce,True,2
16023,11334,021026_ML.npy,2026-10-03,2026-10-03 23:19:53.504219,7C444D,P28A,PIPER AIRCRAFT CORP,PA-28-181,0a712d93c3b436632b6313eca8379ae14858b33e3b9968582f2fdcbbff01ea49,True,5
16024,11335,021026_ML.npy,2026-10-03,2026-10-03 23:19:55.961913,7C444D,P28A,PIPER AIRCRAFT CORP,PA-28-181,0a712d93c3b436632b6313eca8379ae14858b33e3b9968582f2fdcbbff01ea49,True,5
16025,11336,021026_ML.npy,2026-10-03,2026-10-03 23:19:56.915563,7C444D,P28A,PIPER AIRCRAFT CORP,PA-28-181,4c0339a55fb190915a2a7afc3196eab7f557c47365d718b82213d6c52ea9c140,True,5
16026,11337,021026_ML.npy,2026-10-03,2026-10-03 23:19:58.105549,7C444D,P28A,PIPER AIRCRAFT CORP,PA-28-181,bdbea92283397c39fbb177d0e95a1912f7416a11383c2ccf93c282201996d94c,True,2
16027,11338,021026_ML.npy,2026-10-03,2026-10-03 23:19:58.335201,7C444D,P28A,PIPER AIRCRAFT CORP,PA-28-181,0a712d93c3b436632b6313eca8379ae14858b33e3b9968582f2fdcbbff01ea49,True,1
16028,11339,021026_ML.npy,2026-10-03,2026-10-03 23:19:59.125061,7C444D,P28A,PIPER AIRCRAFT CORP,PA-28-181,0a712d93c3b436632b6313eca8379ae14858b33e3b9968582f2fdcbbff01ea49,True,5
16029,11340,021026_ML.npy,2026-10-03,2026-10-03 23:19:59.659173,7C444D,P28A,PIPER AIRCRAFT CORP,PA-28-181,d8ca3e90afb3bc1d4dca52ed572384b0662a75fc6da6c43081f935eb45116e9f,True,5
16030,11341,021026_ML.npy,2026-10-03,2026-10-03 23:19:59.801292,7C444D,P28A,PIPER AIRCRAFT CORP,PA-28-181,89d67a9c1b4a7ba4c01920c01db8269ed551820fa6dd4cbed953b1f25c32c975,True,4
16031,11342,021026_ML.npy,2026-10-03,2026-10-03 23:20:02.000814,7C444D,P28A,PIPER AIRCRAFT CORP,PA-28-181,fba06376e8876cda32943acd3d8176c324f68db2a79cbc78c8bca088a6a33f38,True,3
16032,11343,021026_ML.npy,2026-10-03,2026-10-03 23:20:04.996136,7C444D,P28A,PIPER AIRCRAFT CORP,PA-28-181,fc41654d5657ae0ff274532dfed2e6ffb40d43d262f57c3ff7e38965d20af248,True,2
16033,11344,021026_ML.npy,2026-10-03,2026-10-03 23:20:05.427593,7C444D,P28A,PIPER AIRCRAFT CORP,PA-28-181,c5ec10b15bf632e74198b52422524b5e94f58e65c465462ebaa2211032a07708,True,4
16034,11345,021026_ML.npy,2026-10-03,2026-10-03 23:20:05.539514,7C444D,P28A,PIPER AIRCRAFT CORP,PA-28-181,b94247ff1ca8ebbcb142f1bc121db09380128d5adcdc31ecbd575f217c465700,True,5
16035,11346,021026_ML.npy,2026-10-03,2026-10-03 23:20:06.045388,7C444D,P28A,PIPER AIRCRAFT CORP,PA-28-181,eb82c2033f65a11a1953b374c2bb2faa983848a9645b83d1817a906e224d08be,True,3
16036,11347,021026_ML.npy,2026-10-03,2026-10-03 23:20:06.281615,7C444D,P28A,PIPER AIRCRAFT CORP,PA-28-181,0a712d93c3b436632b6313eca8379ae14858b33e3b9968582f2fdcbbff01ea49,True,2
16037,11348,021026_ML.npy,2026-10-03,2026-10-03 23:20:07.879487,7C444D,P28A,PIPER AIRCRAFT CORP,PA-28-181,5e63ef93a9b7f0f79a36108d3019968bd706bbd249e63a50b2b8d3fb89bcce55,True,1
16038,11349,021026_ML.npy,2026-10-03,2026-10-03 23:20:09.818988,7C444D,P28A,PIPER AIRCRAFT CORP,PA-28-181,d8ca3e90afb3bc1d4dca52ed572384b0662a75fc6da6c43081f935eb45116e9f,True,1
16039,11350,021026_ML.npy,2026-10-03,2026-10-03 23:20:11.208660,7C444D,P28A,PIPER AIRCRAFT CORP,PA-28-181,0a712d93c3b436632b6313eca8379ae14858b33e3b9968582f2fdcbbff01ea49,True,1
16040,11351,021026_ML.npy,2026-10-03,2026-10-03 23:20:11.514209,7C444D,P28A,PIPER AIRCRAFT CORP,PA-28-181,ce512e2ce78dc0a8be23746782d88f701502028f8a1f4a89df672e938b69f484,True,1
16041,11352,021026_ML.npy,2026-10-03,2026-10-03 23:20:12.684412,7C444D,P28A,PIPER AIRCRAFT CORP,PA-28-181,c6602b7ff1ac6302eb3736338f5ce95674ceed03a86118469a015e2c4b06b88c,True,3
16042,11353,021026_ML.npy,2026-10-03,2026-10-03 23:20:12.917663,7C444D,P28A,PIPER AIRCRAFT CORP,PA-28-181,0a712d93c3b436632b6313eca8379ae14858b33e3b9968582f2fdcbbff01ea49,True,3
16043,11354,021026_ML.npy,2026-10-03,2026-10-03 23:20:13.909958,7C444D,P28A,PIPER AIRCRAFT CORP,PA-28-181,8a58eea9266adf24b03a0bf64092afe01e7088de18c6c0a2fb0982afc2b67520,True,3
16044,11355,021026_ML.npy,2026-10-03,2026-10-03 23:20:14.335603,7C444D,P28A,PIPER AIRCRAFT CORP,PA-28-181,dde58c06e1d72549e801234891639d9fd7d0a815f14d81e0039b011914236082,True,2
16045,11356,021026_ML.npy,2026-10-03,2026-10-03 23:20:16.795437,7C444D,P28A,PIPER AIRCRAFT CORP,PA-28-181,0a712d93c3b436632b6313eca8379ae14858b33e3b9968582f2fdcbbff01ea49,True,3
16046,11357,021026_ML.npy,2026-10-03,2026-10-03 23:20:17.609219,7C444D,P28A,PIPER AIRCRAFT CORP,PA-28-181,6af63e81a93537b632d1ce40e46b1510bb6f89d6b327a6778ddb3da95d356dda,True,4
16047,11358,021026_ML.npy,2026-10-03,2026-10-03 23:20:18.462798,7C444D,P28A,PIPER AIRCRAFT CORP,PA-28-181,0a712d93c3b436632b6313eca8379ae14858b33e3b9968582f2fdcbbff01ea49,True,2
16048,11359,021026_ML.npy,2026-10-03,2026-10-03 23:20:20.364603,7C444D,P28A,PIPER AIRCRAFT CORP,PA-28-181,8f22bdf53507a0c53402759da7a8d60cdbc4066ba8b3506b8788b88598826f0f,True,2
16049,11360,021026_ML.npy,2026-10-03,2026-10-03 23:20:24.653564,7C444D,P28A,PIPER AIRCRAFT CORP,PA-28-181,d8ca3e90afb3bc1d4dca52ed572384b0662a75fc6da6c43081f935eb45116e9f,True,3
16050,11361,021026_ML.npy,2026-10-03,2026-10-03 23:20:25.397322,7C444D,P28A,PIPER AIRCRAFT CORP,PA-28-181,d193eaae1ff8a97de110ba0f11378370f3f3623ec16833c38eddf646dedf24bc,True,1
16051,11362,021026_ML.npy,2026-10-03,2026-10-03 23:20:25.404290,7C444D,P28A,PIPER AIRCRAFT CORP,PA-28-181,0a712d93c3b436632b6313eca8379ae14858b33e3b9968582f2fdcbbff01ea49,True,4
16052,11363,021026_ML.npy,2026-10-03,2026-10-03 23:20:26.176772,7C444D,P28A,PIPER AIRCRAFT CORP,PA-28-181,70ddb41ff3626a000fe980d81f75f3d3671d99c9599f049b4df92dd76ea57fc9,True,2
16053,11364,021026_ML.npy,2026-10-03,2026-10-03 23:20:28.018356,7C444D,P28A,PIPER AIRCRAFT CORP,PA-28-181,a0f074113b1fa87c9ea23ef473ba60d92a0181ce3e5b3998ccaa4655a637d34b,True,3
16054,11365,021026_ML.npy,2026-10-03,2026-10-03 23:20:29.022671,7C444D,P28A,PIPER AIRCRAFT CORP,PA-28-181,a262404bdbce9da9dfa813334aef85544fce62032dedf6096f525c98009b141d,True,4
16055,11366,021026_ML.npy,2026-10-03,2026-10-03 23:20:30.338349,7C444D,P28A,PIPER AIRCRAFT CORP,PA-28-181,7d68ad8fe79f810cb730312db19a74337f4ab5d372c24d2abe862185bb9e4757,True,3
16056,11367,021026_ML.npy,2026-10-03,2026-10-03 23:20:33.079325,7C444D,P28A,PIPER AIRCRAFT CORP,PA-28-181,439fbb8c4c5657a47f2322b34989b6b89ecfc0634ec1cd7b6427c9be3c980e94,True,1
16057,11368,021026_ML.npy,2026-10-03,2026-10-03 23:21:07.401893,7C444D,P28A,PIPER AIRCRAFT CORP,PA-28-181,0a712d93c3b436632b6313eca8379ae14858b33e3b9968582f2fdcbbff01ea49,True,1
16058,11369,021026_ML.npy,2026-10-03,2026-10-03 23:21:10.531313,7C444D,P28A,PIPER AIRCRAFT CORP,PA-28-181,e8b927a28929e89a3d270d8cf1e402680761c700fc1dc8e2d8587f8ec2cbacba,True,4
16059,11370,021026_ML.npy,2026-10-03,2026-10-03 23:21:44.555547,7C444D,P28A,PIPER AIRCRAFT CORP,PA-28-181,d71983b7359cc4837ec0c960979c76c5ecc8fb7959e1810f640adc881c98104e,True,2
16060,11371,021026_ML.npy,2026-10-03,2026-10-03 23:21:44.637213,7C444D,P28A,PIPER AIRCRAFT CORP,PA-28-181,d8ca3e90afb3bc1d4dca52ed572384b0662a75fc6da6c43081f935eb45116e9f,True,2
16061,11372,021026_ML.npy,2026-10-03,2026-10-03 23:21:59.038473,7C444D,P28A,PIPER AIRCRAFT CORP,PA-28-181,d8ca3e90afb3bc1d4dca52ed572384b0662a75fc6da6c43081f935eb45116e9f,True,1
16062,11373,021026_ML.npy,2026-10-03,2026-10-03 23:24:09.118820,7C444D,P28A,PIPER AIRCRAFT CORP,PA-28-181,0a712d93c3b436632b6313eca8379ae14858b33e3b9968582f2fdcbbff01ea49,True,3
16063,11374,021026_ML.npy,2026-10-03,2026-10-03 23:24:14.421807,7C444D,P28A,PIPER AIRCRAFT CORP,PA-28-181,7715d224c4ce773676805d66f1f3331a39de4422f784eeee1e673227a9d7baa4,True,2
16077,11388,021026_ML.npy,2026-10-03,2026-10-03 23:25:28.212756,7C444D,P28A,PIPER AIRCRAFT CORP,PA-28-181,c82e65b875eb17536b69247447460297604061e96ba2351b88a21f0d557062e5,True,2
16078,11389,021026_ML.npy,2026-10-03,2026-10-03 23:25:29.710634,7C444D,P28A,PIPER AIRCRAFT CORP,PA-28-181,0c95d50894b793442514e30957e89a5bbe88ac8a1f99d4fbe6e6c615f646ee8b,True,5
16079,11390,021026_ML.npy,2026-10-03,2026-10-03 23:25:33.197908,7C444D,P28A,PIPER AIRCRAFT CORP,PA-28-181,b3ec4a42d77e076eb9a03126e30b2bbcb86fd8bb729369d172eef1731da3e780,True,1
16080,11391,021026_ML.npy,2026-10-03,2026-10-03 23:25:33.232083,7C444D,P28A,PIPER AIRCRAFT CORP,PA-28-181,0a712d93c3b436632b6313eca8379ae14858b33e3b9968582f2fdcbbff01ea49,True,2
16081,11392,021026_ML.npy,2026-10-03,2026-10-03 23:25:34.091712,7C444D,P28A,PIPER AIRCRAFT CORP,PA-28-181,0a712d93c3b436632b6313eca8379ae14858b33e3b9968582f2fdcbbff01ea49,True,3
16082,11393,021026_ML.npy,2026-10-03,2026-10-03 23:25:35.109340,7C444D,P28A,PIPER AIRCRAFT CORP,PA-28-181,d4da53bf12e71a2ebc8f4f143e919e69eaacb1dfae151dc53aa82e5ff49e51e0,True,1
16083,11394,021026_ML.npy,2026-10-03,2026-10-03 23:25:35.739402,7C444D,P28A,PIPER AIRCRAFT CORP,PA-28-181,0a712d93c3b436632b6313eca8379ae14858b33e3b9968582f2fdcbbff01ea49,True,1
16084,11395,021026_ML.npy,2026-10-03,2026-10-03 23:25:35.841062,7C444D,P28A,PIPER AIRCRAFT CORP,PA-28-181,d8ca3e90afb3bc1d4dca52ed572384b0662a75fc6da6c43081f935eb45116e9f,True,2
16085,11396,021026_ML.npy,2026-10-03,2026-10-03 23:25:36.530983,7C444D,P28A,PIPER AIRCRAFT CORP,PA-28-181,0a712d93c3b436632b6313eca8379ae14858b33e3b9968582f2fdcbbff01ea49,True,1
16086,11397,021026_ML.npy,2026-10-03,2026-10-03 23:25:36.730807,7C444D,P28A,PIPER AIRCRAFT CORP,PA-28-181,d8ca3e90afb3bc1d4dca52ed572384b0662a75fc6da6c43081f935eb45116e9f,True,4
16087,11398,021026_ML.npy,2026-10-03,2026-10-03 23:25:36.756066,7C444D,P28A,PIPER AIRCRAFT CORP,PA-28-181,5df71f9f804b3fa1cfbfc34b7cdec8a220a25bb98005b33f9e481edf79212e9d,True,4
16088,11399,021026_ML.npy,2026-10-03,2026-10-03 23:25:38.234334,7C444D,P28A,PIPER AIRCRAFT CORP,PA-28-181,679671a28e8b3093d6311fc88f64dc9e85f5e5b03879097c19c264d1598c777e,True,4
16089,11400,021026_ML.npy,2026-10-03,2026-10-03 23:25:39.190448,7C444D,P28A,PIPER AIRCRAFT CORP,PA-28-181,db6abd2c652e2dc8b2e21bd33147256b875cda3f49341284bce49fe91f7b5485,True,3
16090,11401,021026_ML.npy,2026-10-03,2026-10-03 23:25:39.281922,7C444D,P28A,PIPER AIRCRAFT CORP,PA-28-181,f495c5f8e59c92f328a555fdd137cb03a027d9346b2212faefcc27a7c82696fa,True,5
16091,11402,021026_ML.npy,2026-10-03,2026-10-03 23:25:39.546519,7C444D,P28A,PIPER AIRCRAFT CORP,PA-28-181,0a712d93c3b436632b6313eca8379ae14858b33e3b9968582f2fdcbbff01ea49,True,2
16092,11403,021026_ML.npy,2026-10-03,2026-10-03 23:25:41.243867,7C444D,P28A,PIPER AIRCRAFT CORP,PA-28-181,2edd35c90e333f17dbc0fd080de67d42261c8a917914894575746d13481c5547,True,2
16093,11404,021026_ML.npy,2026-10-03,2026-10-03 23:25:43.263127,7C444D,P28A,PIPER AIRCRAFT CORP,PA-28-181,16ca7a486c5f15ad5b20228f37c8d741bd005bd783f1e2fb9f8da33157f37c87,True,2
16094,11405,021026_ML.npy,2026-10-03,2026-10-03 23:25:44.556145,7C444D,P28A,PIPER AIRCRAFT CORP,PA-28-181,d8ca3e90afb3bc1d4dca52ed572384b0662a75fc6da6c43081f935eb45116e9f,True,1
16096,11407,021026_ML.npy,2026-10-03,2026-10-03 23:25:47.014973,7C444D,P28A,PIPER AIRCRAFT CORP,PA-28-181,d8ca3e90afb3bc1d4dca52ed572384b0662a75fc6da6c43081f935eb45116e9f,True,1
16097,11408,021026_ML.npy,2026-10-03,2026-10-03 23:25:47.392609,7C444D,P28A,PIPER AIRCRAFT CORP,PA-28-181,bdbea92283397c39fbb177d0e95a1912f7416a11383c2ccf93c282201996d94c,True,2
16098,11409,021026_ML.npy,2026-10-03,2026-10-03 23:25:47.940472,7C444D,P28A,PIPER AIRCRAFT CORP,PA-28-181,02c9d9dcf9f61edb4cab82cbf73190a0b3339877446d0f45fd9e647056f4fd01,True,4
16099,11410,021026_ML.npy,2026-10-03,2026-10-03 23:25:48.119934,7C444D,P28A,PIPER AIRCRAFT CORP,PA-28-181,e64c66ef8575f1cad2b1a78dab8ad58ea22ad0f456ad1a6803ae7600b61bd878,True,3
16100,11411,021026_ML.npy,2026-10-03,2026-10-03 23:25:48.644462,7C444D,P28A,PIPER AIRCRAFT CORP,PA-28-181,d8ca3e90afb3bc1d4dca52ed572384b0662a75fc6da6c43081f935eb45116e9f,True,2
16101,11412,021026_ML.npy,2026-10-03,2026-10-03 23:25:50.563942,7C444D,P28A,PIPER AIRCRAFT CORP,PA-28-181,0931b11ab030b402f9176abbdf75dd75f23a1a7558525ecd85dba54a69e99d84,True,4
16102,11413,021026_ML.npy,2026-10-03,2026-10-03 23:25:52.199009,7C444D,P28A,PIPER AIRCRAFT CORP,PA-28-181,0a712d93c3b436632b6313eca8379ae14858b33e3b9968582f2fdcbbff01ea49,True,2
16104,11415,021026_ML.npy,2026-10-03,2026-10-03 23:25:54.242841,7C444D,P28A,PIPER AIRCRAFT CORP,PA-28-181,d8ca3e90afb3bc1d4dca52ed572384b0662a75fc6da6c43081f935eb45116e9f,True,1
16105,11416,021026_ML.npy,2026-10-03,2026-10-03 23:25:55.558590,7C444D,P28A,PIPER AIRCRAFT CORP,PA-28-181,836af5a973b9e7539ba51974f93dd0da033150c0163b254d11bef05d66675d23,True,2
16111,11422,021026_ML.npy,2026-10-03,2026-10-03 23:26:01.779387,7C444D,P28A,PIPER AIRCRAFT CORP,PA-28-181,b07bb9d8ade8dab8124f664f3564149fb486dfbed2cb2d9c9517ecd1a728c874,True,3
16112,11423,021026_ML.npy,2026-10-03,2026-10-03 23:26:02.619312,7C444D,P28A,PIPER AIRCRAFT CORP,PA-28-181,fe17fea2d1c1abc15e9e77c1c6547d703696cf1846b481a2135f4172f8871e2e,True,5
16113,11424,021026_ML.npy,2026-10-03,2026-10-03 23:26:03.646931,7C444D,P28A,PIPER AIRCRAFT CORP,PA-28-181,0a712d93c3b436632b6313eca8379ae14858b33e3b9968582f2fdcbbff01ea49,True,3
16114,11425,021026_ML.npy,2026-10-03,2026-10-03 23:26:03.800869,7C444D,P28A,PIPER AIRCRAFT CORP,PA-28-181,d8ca3e90afb3bc1d4dca52ed572384b0662a75fc6da6c43081f935eb45116e9f,True,2
16115,11426,021026_ML.npy,2026-10-03,2026-10-03 23:26:04.574754,7C444D,P28A,PIPER AIRCRAFT CORP,PA-28-181,e7764ad0f93167395a33fcbb051c96592e613075e311d98ece249dfee174766f,True,2
16117,11428,021026_ML.npy,2026-10-03,2026-10-03 23:26:29.305225,7C444D,P28A,PIPER AIRCRAFT CORP,PA-28-181,4c55ee66aa2f18cadacfc9269863d2d3a976e6fb6407d3c56f23cd1ee9cefe17,True,1
16118,11429,021026_ML.npy,2026-10-03,2026-10-03 23:26:35.893766,7C444D,P28A,PIPER AIRCRAFT CORP,PA-28-181,280a0834a324d620ddbb8bcc8787adb20d93ddcb6fe07ebd5cdb594bfd742b48,True,5
16119,11430,021026_ML.npy,2026-10-03,2026-10-03 23:26:39.315001,7C444D,P28A,PIPER AIRCRAFT CORP,PA-28-181,7714073d3052a6158ea3dc2b9f18d3b89c4ebe8e02231480073eefa8c5564aeb,True,3
16120,11431,021026_ML.npy,2026-10-03,2026-10-03 23:26:43.153639,7C444D,P28A,PIPER AIRCRAFT CORP,PA-28-181,0a712d93c3b436632b6313eca8379ae14858b33e3b9968582f2fdcbbff01ea49,True,1
16121,11432,021026_ML.npy,2026-10-03,2026-10-03 23:26:44.656005,7C444D,P28A,PIPER AIRCRAFT CORP,PA-28-181,0a712d93c3b436632b6313eca8379ae14858b33e3b9968582f2fdcbbff01ea49,True,3
16122,11433,021026_ML.npy,2026-10-03,2026-10-03 23:27:16.766449,7C444D,P28A,PIPER AIRCRAFT CORP,PA-28-181,82536e95658610c1c8d69b296319a8acfd8ea27899a9271a68df8c58bfc42af9,True,2
16123,11434,021026_ML.npy,2026-10-03,2026-10-03 23:27:17.726308,7C444D,P28A,PIPER AIRCRAFT CORP,PA-28-181,d8ca3e90afb3bc1d4dca52ed572384b0662a75fc6da6c43081f935eb45116e9f,True,3
16124,11435,021026_ML.npy,2026-10-03,2026-10-03 23:27:37.633329,7C444D,P28A,PIPER AIRCRAFT CORP,PA-28-181,c373ebd71bc628ff533046336a0c1c2a8d89d80db41461458cc715d4c77f6414,True,5
16125,11436,021026_ML.npy,2026-10-03,2026-10-03 23:27:37.921602,7C444D,P28A,PIPER AIRCRAFT CORP,PA-28-181,6befcb1ae8a67fa4178bea92f4cb55cac72956275667b570bfaeaad71e89ed57,True,5
16129,11440,021026_ML.npy,2026-10-03,2026-10-03 23:33:14.859858,7C67D0,C172,CESSNA AIRCRAFT COMPANY,172S,d9bb8a752a270788b33517515974f76a9a0332eb954b526e31b07bd60e1b0b9b,True,1
16165,11476,021026_ML.npy,2026-10-03,2026-10-03 23:55:55.651385,7C7B5E,DA40,DIAMOND AIRCRAFT INDUSTRIES INC.,DA 40,acb4411125194d1d92f4bada1c1e63eb06d63e6b88818c76551252bbca50f67d,True,5
16176,11487,021026_ML.npy,2026-10-03,2026-10-03 23:56:12.425656,7C7B5E,DA40,DIAMOND AIRCRAFT INDUSTRIES INC.,DA 40,f0309597ce5f0b5b7c7f842aff49cb71c368c653f7dbbd9478d09e68dba24fa1,True,4
16195,11506,021026_ML.npy,2026-10-04,2026-10-04 00:01:38.023469,7C7B5E,DA40,DIAMOND AIRCRAFT INDUSTRIES INC.,DA 40,6460d08434c4e2311485afe73a0f888188366b9440f64a470145aea658e0623c,True,4
16203,11514,021026_ML.npy,2026-10-04,2026-10-04 00:01:53.115821,7C7B5E,DA40,DIAMOND AIRCRAFT INDUSTRIES INC.,DA 40,91f5730901acc65faf9fa7e6f03395f6fc9dc94c847d16a1d04874e1ed08f33a,True,3
16209,11520,021026_ML.npy,2026-10-04,2026-10-04 00:02:23.788988,7C0077,DA40,DIAMOND AIRCRAFT INDUSTRIES INC.,DA 40,091debc267171aa4199bb64488d757857c8e4a80fe14bf8e5b446da5d265ceb7,True,1
16213,11524,021026_ML.npy,2026-10-04,2026-10-04 00:02:26.503601,7C0077,DA40,DIAMOND AIRCRAFT INDUSTRIES INC.,DA 40,bc8ceee4a522749ec9175ff8d151d4c51042db33bf629a2e8528ab3f71f1f5e0,True,5
16222,11533,021026_ML.npy,2026-10-04,2026-10-04 00:02:38.001828,7C0077,DA40,DIAMOND AIRCRAFT INDUSTRIES INC.,DA 40,ba3f9f06b89a3ff9d31321ed21a76b8765ba7017c0d26d141ba0335e31b81c0d,True,2
16246,11557,021026_ML.npy,2026-10-04,2026-10-04 00:03:47.348616,7C7B5E,DA40,DIAMOND AIRCRAFT INDUSTRIES INC.,DA 40,8a51deb2603871a2b7f43bc32c62cb2c60bf6cb7995c81f8b40a14535ec12f5d,True,5
16250,11561,021026_ML.npy,2026-10-04,2026-10-04 00:03:54.248058,7C7B5E,DA40,DIAMOND AIRCRAFT INDUSTRIES INC.,DA 40,c51c381ccfdc94d75a636f3c1066642d4c25a8b07af343b05acc350ba7ece360,True,4
16258,11569,021026_ML.npy,2026-10-04,2026-10-04 00:04:10.058356,7C0077,DA40,DIAMOND AIRCRAFT INDUSTRIES INC.,DA 40,ae18243755507f78b697f2ae94a57ed5cb775bfc10a5626b2e8983e4a85d3f54,True,4
16267,11578,021026_ML.npy,2026-10-04,2026-10-04 00:05:24.096369,7C7144,C172,CESSNA AIRCRAFT COMPANY,172N,f07f01997ae127b7532460378b7da483a136b17a0076bc249edfa7d3688ed8b0,True,4
16280,11591,021026_ML.npy,2026-10-04,2026-10-04 00:06:39.544158,7C7B5E,DA40,DIAMOND AIRCRAFT INDUSTRIES INC.,DA 40,e06c86103ba31b3fe46baa6e727ca52bd819e5362659827bf9aa02fd384c6cd9,True,2
16288,11599,021026_ML.npy,2026-10-04,2026-10-04 00:07:23.397640,7C0077,DA40,DIAMOND AIRCRAFT INDUSTRIES INC.,DA 40,f7320f886c400d83cca085ae24c09c580b701001cac0d7359fdbd1ffe2062215,True,5
16296,11607,021026_ML.npy,2026-10-04,2026-10-04 00:07:31.049052,7C0077,DA40,DIAMOND AIRCRAFT INDUSTRIES INC.,DA 40,bdbb3b32959588ec752bf6483dfa1a8c8a3cfc69a048aedb2a5b70e1e4ed2725,True,2
16308,11619,021026_ML.npy,2026-10-04,2026-10-04 00:07:39.799564,7C0077,DA40,DIAMOND AIRCRAFT INDUSTRIES INC.,DA 40,17d2ade57f926eb0de51db3189f37ea5bc32674abacd4c9538b761034ff83bce,True,4
16314,11625,021026_ML.npy,2026-10-04,2026-10-04 00:07:44.532957,7C0077,DA40,DIAMOND AIRCRAFT INDUSTRIES INC.,DA 40,72f635ce1149cb909e1ee4829c6806b3329edde54cb5ce1fdf7b81b24db4b1fd,True,2
16316,11627,021026_ML.npy,2026-10-04,2026-10-04 00:07:45.920635,7C0077,DA40,DIAMOND AIRCRAFT INDUSTRIES INC.,DA 40,45df213aec4c2761aa39c9e337b2e2a7af774596aeac4905854df6e7c4ca62a1,True,4
16320,11631,021026_ML.npy,2026-10-04,2026-10-04 00:07:47.964849,7C0077,DA40,DIAMOND AIRCRAFT INDUSTRIES INC.,DA 40,70b1ac5ec645964c0183a148dfe2035fe1a13c7e2e1e8361f0ab9f9ad65aee04,True,5
16322,11633,021026_ML.npy,2026-10-04,2026-10-04 00:07:49.040131,7C0077,DA40,DIAMOND AIRCRAFT INDUSTRIES INC.,DA 40,5a14f0d36c7b2d365b6e5685cf2acd1784ecac43a4d4209c1cdd82bad989f487,True,3
16325,11636,021026_ML.npy,2026-10-04,2026-10-04 00:07:50.595015,7C0077,DA40,DIAMOND AIRCRAFT INDUSTRIES INC.,DA 40,c09bc8ced998d693d6b59174e1d7bb249ec64ebc54bfca8edc816869d9cdeaff,True,1
16332,11643,021026_ML.npy,2026-10-04,2026-10-04 00:08:00.428896,7C0077,DA40,DIAMOND AIRCRAFT INDUSTRIES INC.,DA 40,0b91390b78a1d91a781bde9e253405acbee5c9148e9f57341b793db431b78f66,True,5
16340,11651,021026_ML.npy,2026-10-04,2026-10-04 00:11:25.973164,7C7B5E,DA40,DIAMOND AIRCRAFT INDUSTRIES INC.,DA 40,9ae6a85df71749555be2834c0d4cb956bd20062cebc424a29faae9f8fe610d0f,True,4
16345,11656,021026_ML.npy,2026-10-04,2026-10-04 00:11:30.351016,7C7B5E,DA40,DIAMOND AIRCRAFT INDUSTRIES INC.,DA 40,ed415aa4dbf99143827b5da7a5ea016b4d073dbd7d03a129ac543e9cb2874e81,True,2
16357,11668,021026_ML.npy,2026-10-04,2026-10-04 00:11:44.821845,7C7B5E,DA40,DIAMOND AIRCRAFT INDUSTRIES INC.,DA 40,bc66d18c12afbf87fe0bc90842dce3f1b61b8c4e63231ee8be9b986a6cd47e13,True,3
16378,11689,021026_ML.npy,2026-10-04,2026-10-04 00:12:21.716769,7C0077,DA40,DIAMOND AIRCRAFT INDUSTRIES INC.,DA 40,f4856414cad10398daaba247b6c528940df32b0643e3d446c592bbc24377d5d1,True,5
16406,11717,021026_ML.npy,2026-10-04,2026-10-04 00:16:09.491547,7C7B5E,DA40,DIAMOND AIRCRAFT INDUSTRIES INC.,DA 40,d25451dbaf37f92d020b17bbe436b4cd7add6388d7cde19ea6169f618e40cc62,True,5
16422,11733,021026_ML.npy,2026-10-04,2026-10-04 00:16:42.414379,7C7B5E,DA40,DIAMOND AIRCRAFT INDUSTRIES INC.,DA 40,53144062bd9b21a594309adb409196a1fceb90ffd34bb59736701ce084b85dd7,True,2
16453,11764,021026_ML.npy,2026-10-04,2026-10-04 00:17:22.352963,7C0077,DA40,DIAMOND AIRCRAFT INDUSTRIES INC.,DA 40,94d52fe109d2025b3131187b80cc96ec5978055572a849c2bd1aabc51259d715,True,4
16468,11779,021026_ML.npy,2026-10-04,2026-10-04 00:17:31.565760,7C0077,DA40,DIAMOND AIRCRAFT INDUSTRIES INC.,DA 40,6fc7ab9ce0a0170a4e1eef0d972db76bfba02dc6ff6ab602a3f27453c10a2e6b,True,3
16482,11793,021026_ML.npy,2026-10-04,2026-10-04 00:17:51.790616,7C0077,DA40,DIAMOND AIRCRAFT INDUSTRIES INC.,DA 40,675d2d082d24fe14d99ecc1698f8cc7ae4a461e1bb40956830bda54b1a592ac5,True,2
16484,11795,021026_ML.npy,2026-10-04,2026-10-04 00:17:54.646512,7C0077,DA40,DIAMOND AIRCRAFT INDUSTRIES INC.,DA 40,02cddda75aa2799d5c5a9613491138aa118e093d074961cfead4eb5f3f962856,True,2
16488,11799,021026_ML.npy,2026-10-04,2026-10-04 00:18:30.882598,7C41FD,DA40,DIAMOND AIRCRAFT INDUSTRIES INC.,DA 40,26e702f52d47ef2ec0f71797dc5300ea9417013c064d6045fe461e2a9c45bfd9,True,1
16500,11811,021026_ML.npy,2026-10-04,2026-10-04 00:18:43.806132,7C41FD,DA40,DIAMOND AIRCRAFT INDUSTRIES INC.,DA 40,d081ac4235507650e7e3a2bc3a39d1fa3e5514f6e1a7e525ebe5e2eef43ec50a,True,5
16506,11817,021026_ML.npy,2026-10-04,2026-10-04 00:18:54.915184,7C41FD,DA40,DIAMOND AIRCRAFT INDUSTRIES INC.,DA 40,73878cf8c5993129d448625c9724f4e7b351c874788d9535d2d687854f487249,True,2
16511,11822,021026_ML.npy,2026-10-04,2026-10-04 00:21:02.581611,7C41FD,DA40,DIAMOND AIRCRAFT INDUSTRIES INC.,DA 40,6f5ee31fdd82f45104ceefc172be616f92a9513da43962a1334f675091d25660,True,5
16523,11834,021026_ML.npy,2026-10-04,2026-10-04 00:21:24.934617,7C7B5E,DA40,DIAMOND AIRCRAFT INDUSTRIES INC.,DA 40,6d6f0e5e15cad44196ebeff321c608b0e090bf9e837caf405e2058558eaf19b3,True,5
16530,11841,021026_ML.npy,2026-10-04,2026-10-04 00:21:30.459925,7C7B5E,DA40,DIAMOND AIRCRAFT INDUSTRIES INC.,DA 40,b03062bb49755acbc9925284d74fbc86ae7cc2c26c055bcbf313254f6c29adac,True,4
16552,11863,021026_ML.npy,2026-10-04,2026-10-04 00:22:40.856892,7C0077,DA40,DIAMOND AIRCRAFT INDUSTRIES INC.,DA 40,5a14f0d36c7b2d365b6e5685cf2acd1784ecac43a4d4209c1cdd82bad989f487,True,1
16568,11879,021026_ML.npy,2026-10-04,2026-10-04 00:24:26.101706,7C41FD,DA40,DIAMOND AIRCRAFT INDUSTRIES INC.,DA 40,4d0121f8b8c25ec7498afc2969403136a4cb2c25a418b7f03965729b9c78f9d2,True,3
16569,11880,021026_ML.npy,2026-10-04,2026-10-04 00:24:26.424557,7C41FD,DA40,DIAMOND AIRCRAFT INDUSTRIES INC.,DA 40,77b3ea48acf3e1ad9edc2089cb79e0ea36577788c9cb95cbf587ab7955311150,True,5
16579,11890,021026_ML.npy,2026-10-04,2026-10-04 00:26:00.719198,7C7B5E,DA40,DIAMOND AIRCRAFT INDUSTRIES INC.,DA 40,ac4769333389afdc6a765a318069d9f51aee89eb1cc94cc38ba1051a744feff7,True,5
16581,11892,021026_ML.npy,2026-10-04,2026-10-04 00:26:02.257042,7C7B5E,DA40,DIAMOND AIRCRAFT INDUSTRIES INC.,DA 40,e5001535d0404e8e9dbe60813b97c50d254ad087d3b0f7ee42e794348ade3bac,True,1
16592,11903,021026_ML.npy,2026-10-04,2026-10-04 00:26:19.723928,7C7B5E,DA40,DIAMOND AIRCRAFT INDUSTRIES INC.,DA 40,bdb01b68b92e402d2e2fff13562e2c2e6330b96eeaf32bbffab87b03b3a96788,True,5
16643,11954,021026_ML.npy,2026-10-04,2026-10-04 00:31:02.518065,7C7B5E,DA40,DIAMOND AIRCRAFT INDUSTRIES INC.,DA 40,eb9c5186b66577a816802b6362fd92bc49b91c7e87dbf3d25df2e4875b1a49aa,True,2
16661,11972,021026_ML.npy,2026-10-04,2026-10-04 00:31:26.035987,7C7B5E,DA40,DIAMOND AIRCRAFT INDUSTRIES INC.,DA 40,b4f2aa987173d7a66fbd73c5e8233ac0ea41c791d7be47a9dd94c043db8fc435,True,1
16664,11975,021026_ML.npy,2026-10-04,2026-10-04 00:32:10.783359,7C7B5E,DA40,DIAMOND AIRCRAFT INDUSTRIES INC.,DA 40,91711ef2c463b7ea04d8f68431b6d248c9eaea4bc58140fb63a130fb2063416f,True,5
16667,11978,021026_ML.npy,2026-10-04,2026-10-04 00:34:11.851173,7C7C3E,DA40,DIAMOND AIRCRAFT INDUSTRIES INC.,DA 40,ef2878e86322402c84d76d71d55af7b25f423fe6af7cbb0470684858b339e0db,True,3
16684,11995,021026_ML.npy,2026-10-04,2026-10-04 00:35:01.243972,7C41FD,DA40,DIAMOND AIRCRAFT INDUSTRIES INC.,DA 40,1ceb8518aa04f07b8270b9429250bc480157c349423b6a188569a00c959828d4,True,2
16693,12004,021026_ML.npy,2026-10-04,2026-10-04 00:35:12.600495,7C41FD,DA40,DIAMOND AIRCRAFT INDUSTRIES INC.,DA 40,a869d565d7866ead71886a3c991273314248c3b35c6232fac48c66cf613731bf,True,1
16698,12009,021026_ML.npy,2026-10-04,2026-10-04 00:35:20.204806,7C41FD,DA40,DIAMOND AIRCRAFT INDUSTRIES INC.,DA 40,db88420834103631eb9fff80e2b28b33420904f78fbdc49fb19f85aab245ddf2,True,1
16700,12011,021026_ML.npy,2026-10-04,2026-10-04 00:35:23.277893,7C41FD,DA40,DIAMOND AIRCRAFT INDUSTRIES INC.,DA 40,ca3c431819122b2a9e842a54a6e771d97c78dfd9bf3576dcd5186f0cefafb50c,True,2
16702,12013,021026_ML.npy,2026-10-04,2026-10-04 00:35:29.988492,7C79B4,DA42,DIAMOND AIRCRAFT INDUSTRIES,DA 42,02b783b510c203688c1d3522c6d13c11cbb5d4c8b5eeb2d318fbfeea8a9f3400,True,3
16725,12036,021026_ML.npy,2026-10-04,2026-10-04 00:36:22.762459,7C7B5E,DA40,DIAMOND AIRCRAFT INDUSTRIES INC.,DA 40,f64e7df27f1ce49f7b79233d09ae4cee3942ac06df823ebb1dfb3ff8efe7d220,True,2
16737,12048,021026_ML.npy,2026-10-04,2026-10-04 00:37:57.921658,7C7B5E,DA40,DIAMOND AIRCRAFT INDUSTRIES INC.,DA 40,26736b9cfd64cfa56c68571b0881bdbfc1c0a77be6531523dd5243809ffc42f6,True,4
16754,12065,021026_ML.npy,2026-10-04,2026-10-04 00:40:43.441304,7C41FD,DA40,DIAMOND AIRCRAFT INDUSTRIES INC.,DA 40,6026de309330652f1c2ef15daf4866ca1043d114e42e3b8470a0cbcc1ad96a38,True,1
16758,12069,021026_ML.npy,2026-10-04,2026-10-04 00:40:45.521027,7C41FD,DA40,DIAMOND AIRCRAFT INDUSTRIES INC.,DA 40,b083cb0a2196bc4a83732e9fbe79a5031f4d663f44d9a7b0170d8ca903eac53b,True,4
16772,12083,021026_ML.npy,2026-10-04,2026-10-04 00:40:55.401545,7C41FD,DA40,DIAMOND AIRCRAFT INDUSTRIES INC.,DA 40,6f5ee31fdd82f45104ceefc172be616f92a9513da43962a1334f675091d25660,True,5
16795,12106,021026_ML.npy,2026-10-04,2026-10-04 00:45:39.507065,7C41FD,DA40,DIAMOND AIRCRAFT INDUSTRIES INC.,DA 40,cd03d59d661e14cbb24a8d34ab3118623e6350e582fd8ccf89a7ef254e17dc02,True,5
16809,12120,021026_ML.npy,2026-10-04,2026-10-04 00:45:59.451057,7C41FD,DA40,DIAMOND AIRCRAFT INDUSTRIES INC.,DA 40,99a52dd872a3aeba7de900493843a65125f37d381306dd4101bb3b99fa6d24d6,True,2
16814,12125,021026_ML.npy,2026-10-04,2026-10-04 00:46:04.253183,7C41FD,DA40,DIAMOND AIRCRAFT INDUSTRIES INC.,DA 40,3337ba525bedf89cee38c810e43a64cd55c7aab9f83add1356d1f1a52e090e4d,True,2
16823,12134,021026_ML.npy,2026-10-04,2026-10-04 00:46:38.421848,7C0074,C172,CESSNA AIRCRAFT COMPANY,172S,3ce829d796f623bc10b62eec37b1757bce3174127e4aaa92e7bccd065065c308,True,1
16830,12141,021026_ML.npy,2026-10-04,2026-10-04 00:46:50.005365,7C0074,C172,CESSNA AIRCRAFT COMPANY,172S,36c24772f26d81b684d8b75b068bde368248c1fc48cf4a71bd245778523fc78d,True,2
16833,12144,021026_ML.npy,2026-10-04,2026-10-04 00:46:55.584920,7C0074,C172,CESSNA AIRCRAFT COMPANY,172S,0ac21b2322bdb195be980b8170cfd25842e1766771a65958f861e5934e967665,True,3
16834,12145,021026_ML.npy,2026-10-04,2026-10-04 00:47:06.439333,7C0074,C172,CESSNA AIRCRAFT COMPANY,172S,43ec6785b5d9bf7559e59907c35a7ff4c733cd722dabe6b5772aee1a7257beaf,True,5
16838,12149,021026_ML.npy,2026-10-04,2026-10-04 00:47:10.815817,7C0074,C172,CESSNA AIRCRAFT COMPANY,172S,8406bd52814ddc048fadf07470c6aab28f6d6bee9be4cd580fed24f966011180,True,3
16839,12150,021026_ML.npy,2026-10-04,2026-10-04 00:47:12.722737,7C0074,C172,CESSNA AIRCRAFT COMPANY,172S,fb62e362ce6f6671de6c76bd3ba1af4ab5382529255e37ba74f975abe1d7bb00,True,4
16842,12153,021026_ML.npy,2026-10-04,2026-10-04 00:47:14.280582,7C0074,C172,CESSNA AIRCRAFT COMPANY,172S,62a1bbeef54a0ea5d96c511badf9dca434d6eeeff790c7df8531b52b642e03e4,True,1
16849,12160,021026_ML.npy,2026-10-04,2026-10-04 00:47:19.599294,7C0074,C172,CESSNA AIRCRAFT COMPANY,172S,9ea0274cf008c011a1bd05f4225f16d5972f7ca497745aa447392f57a0d62a4e,True,2
16852,12163,021026_ML.npy,2026-10-04,2026-10-04 00:47:24.931563,7C0074,C172,CESSNA AIRCRAFT COMPANY,172S,29c074afa58bc3f6d16f63c72be127c94f55cf74c5eccd2586abc841d0fe62e2,True,5
16853,12164,021026_ML.npy,2026-10-04,2026-10-04 00:47:25.906289,7C0074,C172,CESSNA AIRCRAFT COMPANY,172S,8406bd52814ddc048fadf07470c6aab28f6d6bee9be4cd580fed24f966011180,True,5
16867,12178,021026_ML.npy,2026-10-04,2026-10-04 00:49:06.638823,7C0074,C172,CESSNA AIRCRAFT COMPANY,172S,23ea9f751638e1fdcc8a69c74901e48587d041bcecc6bb857d7267a0663c3ac3,True,2
16868,12179,021026_ML.npy,2026-10-04,2026-10-04 00:49:48.669495,7C7144,C172,CESSNA AIRCRAFT COMPANY,172N,98b74e9e185012a1e36c43da20f9d8110a70fe5b02d0551f11fd9a7751d5cdef,True,5
16870,12181,021026_ML.npy,2026-10-04,2026-10-04 00:51:06.642229,7C41FD,DA40,DIAMOND AIRCRAFT INDUSTRIES INC.,DA 40,a869d565d7866ead71886a3c991273314248c3b35c6232fac48c66cf613731bf,True,2
16880,12191,021026_ML.npy,2026-10-04,2026-10-04 00:51:24.349756,7C41FD,DA40,DIAMOND AIRCRAFT INDUSTRIES INC.,DA 40,deb73d9c45e4df0d50635c8fbfe633d8bae7aeb0b96e0167111b06a07c3efbed,True,1
16895,12206,021026_ML.npy,2026-10-04,2026-10-04 00:52:19.980486,7C0074,C172,CESSNA AIRCRAFT COMPANY,172S,bbe8c209ebf213e32fa9cae6a21b5482c5ee07ce9fb7173de6a10b051c8811b5,True,3
16913,12224,021026_ML.npy,2026-10-04,2026-10-04 00:52:40.773829,7C0074,C172,CESSNA AIRCRAFT COMPANY,172S,6349b9dfb40402fb80055011b2507d8a21bc76e88a2acea75bd1b133d9fff0c1,True,3
16915,12226,021026_ML.npy,2026-10-04,2026-10-04 00:52:41.188774,7C0074,C172,CESSNA AIRCRAFT COMPANY,172S,26a84bcc082a44eb83363dfcabbc93c18147880f63b20d3a8307a88fe20ba056,True,4
16919,12230,021026_ML.npy,2026-10-04,2026-10-04 00:52:55.015678,7C0074,C172,CESSNA AIRCRAFT COMPANY,172S,976503016d5c665f8473bf214ed2d2caffef23bfff0437fc180c3b57dd0def7a,True,5
16920,12231,021026_ML.npy,2026-10-04,2026-10-04 00:52:56.567431,7C0074,C172,CESSNA AIRCRAFT COMPANY,172S,e640e7c19e93c964f6124b21082aa6988f6981b356081d11c3be573d5da0d94d,True,3
16921,12232,021026_ML.npy,2026-10-04,2026-10-04 00:52:56.571237,7C0074,C172,CESSNA AIRCRAFT COMPANY,172S,bcd996473efc2ebc73556c5cf771b78764eac1231ed4444f451e39bcbd82d15e,True,2
16924,12235,021026_ML.npy,2026-10-04,2026-10-04 00:53:04.754454,7C0074,C172,CESSNA AIRCRAFT COMPANY,172S,cf2298ffeb33cc77ed63d5701813cd425f9075d9ae53ee355a467c7dfe1b5120,True,3
16926,12237,021026_ML.npy,2026-10-04,2026-10-04 00:53:09.504133,7C0074,C172,CESSNA AIRCRAFT COMPANY,172S,994a5f8fa94b7635d5af249f972c9ed26b792da5476188ca778f2e4977c6e903,True,3
16933,12244,021026_ML.npy,2026-10-04,2026-10-04 00:57:45.209462,7C0074,C172,CESSNA AIRCRAFT COMPANY,172S,a5a42a07d99ce0ad935e703dfbf83aeefac1f9de4b1bcc5d4455d0e6f7eb5875,True,2
16935,12246,021026_ML.npy,2026-10-04,2026-10-04 00:57:47.613736,7C0074,C172,CESSNA AIRCRAFT COMPANY,172S,fe22af1a3cb5309ab61b5bbdb682b5e2cac6c4f44a0fc6a267d39aecfdc16ac2,True,1
16936,12247,021026_ML.npy,2026-10-04,2026-10-04 00:57:47.619574,7C0074,C172,CESSNA AIRCRAFT COMPANY,172S,7be9d68e5e4384dc8bf80fe2b00c516bd8d4a36c1f9c46bff5b920ee93820ac2,True,4
16937,12248,021026_ML.npy,2026-10-04,2026-10-04 00:57:48.215166,7C0074,C172,CESSNA AIRCRAFT COMPANY,172S,bbe8c209ebf213e32fa9cae6a21b5482c5ee07ce9fb7173de6a10b051c8811b5,True,5
16938,12249,021026_ML.npy,2026-10-04,2026-10-04 00:57:49.086734,7C0074,C172,CESSNA AIRCRAFT COMPANY,172S,05227730c06cfcd8213fc28d5f042fa8b1282ff0d911e1f099ac4a755275c4f3,True,5
16949,12260,021026_ML.npy,2026-10-04,2026-10-04 00:58:00.735700,7C0074,C172,CESSNA AIRCRAFT COMPANY,172S,3ce829d796f623bc10b62eec37b1757bce3174127e4aaa92e7bccd065065c308,True,5
16957,12268,021026_ML.npy,2026-10-04,2026-10-04 00:58:14.672549,7C0074,C172,CESSNA AIRCRAFT COMPANY,172S,de6127cf4dfa62dc3860a513d8b409c9256f70800459a07942fce521c16da0db,True,3
16958,12269,021026_ML.npy,2026-10-04,2026-10-04 00:58:15.193423,7C0074,C172,CESSNA AIRCRAFT COMPANY,172S,b82a140e5c7cac902bf3f488a50eaad6388eacd841c0923d603aa3d71eb7ea33,True,1
16965,12276,021026_ML.npy,2026-10-04,2026-10-04 00:58:30.078609,7C0077,DA40,DIAMOND AIRCRAFT INDUSTRIES INC.,DA 40,d97140d028ab37a26ecde97d26011eb7d00a9d1610e3196353fc56bdb73d5e6d,True,2
16987,12298,021026_ML.npy,2026-10-04,2026-10-04 00:58:55.508319,7C0077,DA40,DIAMOND AIRCRAFT INDUSTRIES INC.,DA 40,3ec1b5fe54e5f8729d9c84557272734cbadb407a9f16b5ddff1f3716fe4e3c05,True,1
16988,12299,021026_ML.npy,2026-10-04,2026-10-04 00:58:56.473837,7C0077,DA40,DIAMOND AIRCRAFT INDUSTRIES INC.,DA 40,6f41b48929e28e3b707c17105014c619f026258a2b77a73e683275e881172567,True,1
17042,12353,021026_ML.npy,2026-10-04,2026-10-04 01:01:42.183055,7C168B,DA40,DIAMOND AIRCRAFT INDUSTRIES INC.,DA 40,c52264566e94a5ac55589b22ec6f2d7b04ff552f64489d6b45e66638a79508b0,True,4
17060,12371,021026_ML.npy,2026-10-04,2026-10-04 01:03:04.158091,7C0074,C172,CESSNA AIRCRAFT COMPANY,172S,49f2d3832d1d4625e4c2bd562a5f1a285b2ab564698eb2c877262d731d11a595,True,1
17070,12381,021026_ML.npy,2026-10-04,2026-10-04 01:03:19.321689,7C0074,C172,CESSNA AIRCRAFT COMPANY,172S,419e0e9bc44de876526cebbe6a50ed3c97e19aa86e1195623ce8630353969956,True,2
17093,12404,021026_ML.npy,2026-10-04,2026-10-04 01:04:05.955027,7C0077,DA40,DIAMOND AIRCRAFT INDUSTRIES INC.,DA 40,09cc86eba94263bc4b5377f3e575791daca68bb11c646ba1ad5c334ceeca8958,True,3
17130,12441,021026_ML.npy,2026-10-04,2026-10-04 01:08:10.678034,7C7C41,DA40,DIAMOND AIRCRAFT INDUSTRIES INC.,DA 40,2c0f216bcc31e790816221c9f3ac057aaa73fe9b8521ea5a60fa7f6af5215b92,True,1
17140,12451,021026_ML.npy,2026-10-04,2026-10-04 01:08:20.398818,7C0074,C172,CESSNA AIRCRAFT COMPANY,172S,bbe8c209ebf213e32fa9cae6a21b5482c5ee07ce9fb7173de6a10b051c8811b5,True,1
17142,12453,021026_ML.npy,2026-10-04,2026-10-04 01:08:20.589040,7C0074,C172,CESSNA AIRCRAFT COMPANY,172S,21f9b5180599be048559c8fda3902af8ba6859725684c16a26277cf19c63c1d2,True,4
17147,12458,021026_ML.npy,2026-10-04,2026-10-04 01:08:24.806392,7C0074,C172,CESSNA AIRCRAFT COMPANY,172S,039b9487a2f1eb6e47c516bb6e08118367f0f0e8cdecd77a4119db728138f1de,True,2
17154,12465,021026_ML.npy,2026-10-04,2026-10-04 01:08:29.722866,7C0074,C172,CESSNA AIRCRAFT COMPANY,172S,89a50331d2d6dd1a9ae3af3b4830d7b97d6a0db84058111ab4445e023e71e806,True,3
17163,12474,021026_ML.npy,2026-10-04,2026-10-04 01:08:35.648562,7C0074,C172,CESSNA AIRCRAFT COMPANY,172S,0690c98676d59a6c8b2402e6336f49d8ed6879a07aa77b870f21b53c833fefb1,True,2
17173,12484,021026_ML.npy,2026-10-04,2026-10-04 01:08:41.181750,7C0074,C172,CESSNA AIRCRAFT COMPANY,172S,dcc763cd84dc4910efea48d2c3408f49f6ecf487fe7631bc446211ded95bf7d3,True,5
17174,12485,021026_ML.npy,2026-10-04,2026-10-04 01:08:41.186521,7C0074,C172,CESSNA AIRCRAFT COMPANY,172S,8976c5952cb0aad9a37dc67bdc91e1df2af49a5ebeb46592d6864b5d277f0ba0,True,2
17176,12487,021026_ML.npy,2026-10-04,2026-10-04 01:08:41.589850,7C7C41,DA40,DIAMOND AIRCRAFT INDUSTRIES INC.,DA 40,26d302f505ba3682cfe9af9facb3e63148708a1f60965baff9f2854589aa1b92,True,2
17180,12491,021026_ML.npy,2026-10-04,2026-10-04 01:08:45.636721,7C7C41,DA40,DIAMOND AIRCRAFT INDUSTRIES INC.,DA 40,2c0f216bcc31e790816221c9f3ac057aaa73fe9b8521ea5a60fa7f6af5215b92,True,5
17187,12498,021026_ML.npy,2026-10-04,2026-10-04 01:08:51.011578,7C0074,C172,CESSNA AIRCRAFT COMPANY,172S,fc424e83aabc23ae6d7edc588e64f799490d1d42515667a76340cec59e4ccca6,True,5
17194,12505,021026_ML.npy,2026-10-04,2026-10-04 01:09:03.619430,7C0074,C172,CESSNA AIRCRAFT COMPANY,172S,c31f301b850f32996a3f2ebef08bf3c51269fe8b41e3795215990cfcedea82d7,True,4
17216,12527,021026_ML.npy,2026-10-04,2026-10-04 01:09:50.362316,7C0077,DA40,DIAMOND AIRCRAFT INDUSTRIES INC.,DA 40,c454509a550f21a22c2f5ba219e620af989a128e7f685ad179469ddaaf37002d,True,5
17223,12534,021026_ML.npy,2026-10-04,2026-10-04 01:10:42.257472,7C444D,P28A,PIPER AIRCRAFT CORP,PA-28-181,9185313414cc2d8346123546a8e6bb26742be51ef0c8830ddb047a8638ec3f96,True,2
17224,12535,021026_ML.npy,2026-10-04,2026-10-04 01:10:45.360517,7C444D,P28A,PIPER AIRCRAFT CORP,PA-28-181,10ef339f73c7dd46ac858a0ac00d4845681af7914d93b17f4535f5c17ae7992f,True,1
17225,12536,021026_ML.npy,2026-10-04,2026-10-04 01:10:49.731659,7C444D,P28A,PIPER AIRCRAFT CORP,PA-28-181,386f0c73bff560658dc346e03841bd1d93ce24b9baa89fd525345d040079ca2e,True,4
17226,12537,021026_ML.npy,2026-10-04,2026-10-04 01:10:52.165266,7C444D,P28A,PIPER AIRCRAFT CORP,PA-28-181,ad2a8481b8eb197165b1e96bcccf18b63ad1645fd32d186c5659167ed4bba75a,True,2
17227,12538,021026_ML.npy,2026-10-04,2026-10-04 01:10:53.482971,7C444D,P28A,PIPER AIRCRAFT CORP,PA-28-181,f7e24dc5dd2585af6fb4ca099473aabb7e1f55073b96061665d975fac83392a3,True,5
17228,12539,021026_ML.npy,2026-10-04,2026-10-04 01:10:54.396325,7C444D,P28A,PIPER AIRCRAFT CORP,PA-28-181,0a712d93c3b436632b6313eca8379ae14858b33e3b9968582f2fdcbbff01ea49,True,3
17229,12540,021026_ML.npy,2026-10-04,2026-10-04 01:10:55.828306,7C444D,P28A,PIPER AIRCRAFT CORP,PA-28-181,9f5691b0e908b82a39a07275d69baf9fc7472478a57cef4813489cad33353079,True,2
17230,12541,021026_ML.npy,2026-10-04,2026-10-04 01:10:59.559584,7C444D,P28A,PIPER AIRCRAFT CORP,PA-28-181,0a712d93c3b436632b6313eca8379ae14858b33e3b9968582f2fdcbbff01ea49,True,5
17231,12542,021026_ML.npy,2026-10-04,2026-10-04 01:10:59.825063,7C444D,P28A,PIPER AIRCRAFT CORP,PA-28-181,87ad55dc2fc3be2bf0275ac3c86d344b1fdb83d360a5dae5339ef1441a5058ec,True,2
17232,12543,021026_ML.npy,2026-10-04,2026-10-04 01:11:03.396161,7C444D,P28A,PIPER AIRCRAFT CORP,PA-28-181,c0d4f490ee908169c7c10b2191e2e604dfb404af99a011bb50f00dbff8bae020,True,2
17233,12544,021026_ML.npy,2026-10-04,2026-10-04 01:11:04.076573,7C444D,P28A,PIPER AIRCRAFT CORP,PA-28-181,ce6b7066ac865f17760d69efc3fbbc086be5f7918873b539cdaf4bb98bfb97ca,True,2
17234,12545,021026_ML.npy,2026-10-04,2026-10-04 01:11:05.601787,7C444D,P28A,PIPER AIRCRAFT CORP,PA-28-181,21a1270d471b6b85e45011f077e5b22279de346bcb43203b50aa218e2b1ba7d5,True,2
17235,12546,021026_ML.npy,2026-10-04,2026-10-04 01:11:06.131737,7C444D,P28A,PIPER AIRCRAFT CORP,PA-28-181,f0e60d3ce37c5763c06eb4e61beb6f4719b623f10ec9643ceb3825ce239e88b3,True,1
17236,12547,021026_ML.npy,2026-10-04,2026-10-04 01:11:06.580048,7C444D,P28A,PIPER AIRCRAFT CORP,PA-28-181,547bd08c7d67fa32f4e0b80a15dc3edc3a7677c90faa0ad6649c14fa18c04528,True,4
17237,12548,021026_ML.npy,2026-10-04,2026-10-04 01:11:07.307789,7C444D,P28A,PIPER AIRCRAFT CORP,PA-28-181,66c1ce1f68ee975614388226f9098345e873d6e52c25b9b47eb2a923cede6c30,True,4
17238,12549,021026_ML.npy,2026-10-04,2026-10-04 01:11:08.857469,7C444D,P28A,PIPER AIRCRAFT CORP,PA-28-181,53c1275c0a8bca024dc9f86c3f74bef36b7a144041ff56ef6b48ae7fdf45e536,True,5
17239,12550,021026_ML.npy,2026-10-04,2026-10-04 01:11:10.434747,7C444D,P28A,PIPER AIRCRAFT CORP,PA-28-181,926b921073a5581299aa9814b70410e6b5959e538599297da2e6b4c4a3c77c7c,True,4
17240,12551,021026_ML.npy,2026-10-04,2026-10-04 01:11:12.668151,7C444D,P28A,PIPER AIRCRAFT CORP,PA-28-181,d8ca3e90afb3bc1d4dca52ed572384b0662a75fc6da6c43081f935eb45116e9f,True,4
17241,12552,021026_ML.npy,2026-10-04,2026-10-04 01:11:14.180113,7C444D,P28A,PIPER AIRCRAFT CORP,PA-28-181,b011603cb51795d76aaaeb162c47b1d78958498840d572ec648da4d12e3a02b6,True,3
17242,12553,021026_ML.npy,2026-10-04,2026-10-04 01:11:15.185967,7C444D,P28A,PIPER AIRCRAFT CORP,PA-28-181,29ec2c5e9e44a94c948a6f5a6dd0532948c7a880c7fe5f0056235fcbc880ba20,True,3
17243,12554,021026_ML.npy,2026-10-04,2026-10-04 01:11:16.185705,7C444D,P28A,PIPER AIRCRAFT CORP,PA-28-181,b0c30b8f905a5ee01dad4386ca5aec6fdb3c40b40756a671cb18c262425e6a11,True,3
17244,12555,021026_ML.npy,2026-10-04,2026-10-04 01:11:16.281731,7C444D,P28A,PIPER AIRCRAFT CORP,PA-28-181,fad8ec972406c66193d97f7c931b80ceda56469c843329b37f44a3436ca4a27e,True,4
17245,12556,021026_ML.npy,2026-10-04,2026-10-04 01:11:17.211525,7C444D,P28A,PIPER AIRCRAFT CORP,PA-28-181,4474d01adfb29098c074a2faab981b91a1d63094512eb12ba7ed65308f985847,True,4
17246,12557,021026_ML.npy,2026-10-04,2026-10-04 01:11:17.745540,7C444D,P28A,PIPER AIRCRAFT CORP,PA-28-181,d8ca3e90afb3bc1d4dca52ed572384b0662a75fc6da6c43081f935eb45116e9f,True,4
17247,12558,021026_ML.npy,2026-10-04,2026-10-04 01:11:18.133449,7C444D,P28A,PIPER AIRCRAFT CORP,PA-28-181,dff393f3d7516fbadf66aae23422184c4bd4bc67776b1921cd724050dc6dbb21,True,1
17248,12559,021026_ML.npy,2026-10-04,2026-10-04 01:11:19.062407,7C444D,P28A,PIPER AIRCRAFT CORP,PA-28-181,078592342afcb8342af87a4f58583fbf8af4966ec1807d4d7e93be25ae76d341,True,5
17250,12561,021026_ML.npy,2026-10-04,2026-10-04 01:11:22.293804,7C444D,P28A,PIPER AIRCRAFT CORP,PA-28-181,5b4efd1be07c714ec447b8d1bf54dec72f3421498f5266d13628887dc5f9f9f7,True,2
17251,12562,021026_ML.npy,2026-10-04,2026-10-04 01:11:22.701721,7C444D,P28A,PIPER AIRCRAFT CORP,PA-28-181,d8ca3e90afb3bc1d4dca52ed572384b0662a75fc6da6c43081f935eb45116e9f,True,3
17254,12565,021026_ML.npy,2026-10-04,2026-10-04 01:11:23.747538,7C444D,P28A,PIPER AIRCRAFT CORP,PA-28-181,bdbea92283397c39fbb177d0e95a1912f7416a11383c2ccf93c282201996d94c,True,1
17257,12568,021026_ML.npy,2026-10-04,2026-10-04 01:11:24.185811,7C444D,P28A,PIPER AIRCRAFT CORP,PA-28-181,9fe1ce029368a12a72d7253d7a8b6abe8df8df5545d50cd9c075bac9abfa8dcc,True,4
17258,12569,021026_ML.npy,2026-10-04,2026-10-04 01:11:25.343581,7C444D,P28A,PIPER AIRCRAFT CORP,PA-28-181,c05593402dbce570f9ef473c7e9c10c754a6b2089f9e03ee9edc6f24b69dd3d8,True,4
17262,12573,021026_ML.npy,2026-10-04,2026-10-04 01:11:28.499101,7C7AEF,DA40,DIAMOND AIRCRAFT INDUSTRIES INC.,DA 40,6d6a91ea7305df8dbb22a2a2557e8a06df7050391f74af06d76f7375c9cbc5a9,True,4
17264,12575,021026_ML.npy,2026-10-04,2026-10-04 01:11:30.274386,7C444D,P28A,PIPER AIRCRAFT CORP,PA-28-181,d8ca3e90afb3bc1d4dca52ed572384b0662a75fc6da6c43081f935eb45116e9f,True,1
17267,12578,021026_ML.npy,2026-10-04,2026-10-04 01:11:31.510258,7C444D,P28A,PIPER AIRCRAFT CORP,PA-28-181,0ebc38d3a35958169393d696f25c83187223b4d2cb299a3306fe1ac7183c2fd1,True,3
17268,12579,021026_ML.npy,2026-10-04,2026-10-04 01:11:32.506042,7C444D,P28A,PIPER AIRCRAFT CORP,PA-28-181,7115ecd8cfcd5327882fdf2e17167571f60ed8e0ccea72f8963b61d05272048f,True,3
17269,12580,021026_ML.npy,2026-10-04,2026-10-04 01:11:34.429571,7C444D,P28A,PIPER AIRCRAFT CORP,PA-28-181,164b44fd5500a2a5c46e0228aaa2610f06077ad7fee5163dd38a21f13bab44b5,True,3
17270,12581,021026_ML.npy,2026-10-04,2026-10-04 01:11:35.418850,7C444D,P28A,PIPER AIRCRAFT CORP,PA-28-181,09302bbfd9b3e57f84df944aade4d02a2100f072b0a9f66e612943887f7ea28a,True,5
17271,12582,021026_ML.npy,2026-10-04,2026-10-04 01:11:35.631711,7C444D,P28A,PIPER AIRCRAFT CORP,PA-28-181,35e0c3b2316b33406d077df5bb68668d9602c1ae3c3d64005230850e07501e50,True,1
17272,12583,021026_ML.npy,2026-10-04,2026-10-04 01:11:35.969318,7C444D,P28A,PIPER AIRCRAFT CORP,PA-28-181,68be4e7a6f3b7f884f3e47b1877f06f1bc1cbf66ab2852925c95c8f61d5934ba,True,3
17273,12584,021026_ML.npy,2026-10-04,2026-10-04 01:11:36.959030,7C444D,P28A,PIPER AIRCRAFT CORP,PA-28-181,61fd4dcf47bf74744a6e2d88b4c049535157043df0423f2f04f4d93db51dea2c,True,1
17274,12585,021026_ML.npy,2026-10-04,2026-10-04 01:11:37.142290,7C7AEF,DA40,DIAMOND AIRCRAFT INDUSTRIES INC.,DA 40,651e5b83ba5e49b64abbdb753df65896460f307ccfc84cdc5a5232254672ccd1,True,4
17277,12588,021026_ML.npy,2026-10-04,2026-10-04 01:11:38.584361,7C444D,P28A,PIPER AIRCRAFT CORP,PA-28-181,bdbea92283397c39fbb177d0e95a1912f7416a11383c2ccf93c282201996d94c,True,2
17278,12589,021026_ML.npy,2026-10-04,2026-10-04 01:11:40.224283,7C444D,P28A,PIPER AIRCRAFT CORP,PA-28-181,d8ca3e90afb3bc1d4dca52ed572384b0662a75fc6da6c43081f935eb45116e9f,True,1
17279,12590,021026_ML.npy,2026-10-04,2026-10-04 01:11:41.075964,7C444D,P28A,PIPER AIRCRAFT CORP,PA-28-181,401f9aa79dd5eeba74003afc6e79d8a69bfac78e3a1c6e2c639352cfef022d63,True,1
17281,12592,021026_ML.npy,2026-10-04,2026-10-04 01:11:42.763933,7C444D,P28A,PIPER AIRCRAFT CORP,PA-28-181,d8ca3e90afb3bc1d4dca52ed572384b0662a75fc6da6c43081f935eb45116e9f,True,1
17295,12606,021026_ML.npy,2026-10-04,2026-10-04 01:11:54.720998,7C444D,P28A,PIPER AIRCRAFT CORP,PA-28-181,cd2ae0e8a5929459afba6f24206ccc7bbdd4fadf91ac2d8e833026005311ee0c,True,2
17296,12607,021026_ML.npy,2026-10-04,2026-10-04 01:11:56.720317,7C444D,P28A,PIPER AIRCRAFT CORP,PA-28-181,6c03cee2711a1628753d1d20d966e24896b4de55f8b9785e9ca2765e45c4bf25,True,2
17297,12608,021026_ML.npy,2026-10-04,2026-10-04 01:11:58.781971,7C444D,P28A,PIPER AIRCRAFT CORP,PA-28-181,bd166ce8f2d6e9a50599c9a9977454edf9d49a8b7cbd9d0bd5257c4ab5c33bd4,True,1
17298,12609,021026_ML.npy,2026-10-04,2026-10-04 01:11:59.807802,7C444D,P28A,PIPER AIRCRAFT CORP,PA-28-181,fe5be1ddec638b8a9aca8586fd7ec8c3341df532af1c2bc69a5437bbec131bf6,True,3
17307,12618,021026_ML.npy,2026-10-04,2026-10-04 01:12:12.472935,7C444D,P28A,PIPER AIRCRAFT CORP,PA-28-181,0baafd309499dc069a08d66f01310dc354b8d73c61e63701565ed7d1af95406d,True,3
17308,12619,021026_ML.npy,2026-10-04,2026-10-04 01:12:13.510626,7C444D,P28A,PIPER AIRCRAFT CORP,PA-28-181,92b1044b226de655ffbf04d4b1a9e7dbcc1e90656e6d86282bbc860c5efef282,True,1
17309,12620,021026_ML.npy,2026-10-04,2026-10-04 01:12:13.872747,7C444D,P28A,PIPER AIRCRAFT CORP,PA-28-181,db9f3ce9b54623d348b71058bb75e41fd34e2ef367e1337d6a58b751cc305063,True,3
17316,12627,021026_ML.npy,2026-10-04,2026-10-04 01:12:20.186995,7C444D,P28A,PIPER AIRCRAFT CORP,PA-28-181,d8ca3e90afb3bc1d4dca52ed572384b0662a75fc6da6c43081f935eb45116e9f,True,4
17322,12633,021026_ML.npy,2026-10-04,2026-10-04 01:12:23.755575,7C7AEF,DA40,DIAMOND AIRCRAFT INDUSTRIES INC.,DA 40,ac3ad72d34efb6091aa650f41167e6b04b4619f320a89c276db302501bafe559,True,4
17335,12646,021026_ML.npy,2026-10-04,2026-10-04 01:12:41.126244,7C1697,DA40,DIAMOND AIRCRAFT INDUSTRIES INC.,DA 40,b065714800c3fcc22739a0944a573b7791ec918bf430490a3b9f93b82d37576f,True,3
17336,12647,021026_ML.npy,2026-10-04,2026-10-04 01:12:41.226202,7C1697,DA40,DIAMOND AIRCRAFT INDUSTRIES INC.,DA 40,7bda5cdc9f93a25a7103077cdad7d99d5f96902fa6b40a670af2a0762030b236,True,3
17343,12654,021026_ML.npy,2026-10-04,2026-10-04 01:12:52.339598,7C1697,DA40,DIAMOND AIRCRAFT INDUSTRIES INC.,DA 40,91a4cd9f0cf4f2383b5905589055c29a5d0b892d649007b9fc856d7292eb6543,True,5
17356,12667,021026_ML.npy,2026-10-04,2026-10-04 01:13:11.008051,7C0074,C172,CESSNA AIRCRAFT COMPANY,172S,e1ca812dffe2d044305ef9d38a20fbac6df6e55c4db15fa44496eb4c18b30654,True,1
17359,12670,021026_ML.npy,2026-10-04,2026-10-04 01:13:15.609576,7C0074,C172,CESSNA AIRCRAFT COMPANY,172S,ad7cdc8f01d0d722707a9baf9f491b10e23dc02f6e5ec09b5af3083e58e30610,True,3
17362,12673,021026_ML.npy,2026-10-04,2026-10-04 01:13:19.547346,7C0074,C172,CESSNA AIRCRAFT COMPANY,172S,ed391ea341f4ee1611d2f9b9889bf02f33f976b209c17a7075de15cb139a6cb7,True,5
17366,12677,021026_ML.npy,2026-10-04,2026-10-04 01:13:24.956924,7C0074,C172,CESSNA AIRCRAFT COMPANY,172S,5e0251cfad79c8d55eee18016b6e1fc7d080a7a615431e0de530b3b25030e71d,True,3
17369,12680,021026_ML.npy,2026-10-04,2026-10-04 01:13:27.532687,7C0074,C172,CESSNA AIRCRAFT COMPANY,172S,e611ec377c787904ea6d7b195ee5a29fd94ee912a2df4cfc59c8f29763e5c98f,True,1
17377,12688,021026_ML.npy,2026-10-04,2026-10-04 01:13:42.794976,7C0074,C172,CESSNA AIRCRAFT COMPANY,172S,0eabbd12da41810e5cb90554b54d7d547ff7fafd2666f42244bf03aa5ec9d064,True,1
17384,12695,021026_ML.npy,2026-10-04,2026-10-04 01:13:58.913218,7C0074,C172,CESSNA AIRCRAFT COMPANY,172S,d00562331ee0492f5dc559242cd0d1fb6864e9ab9c99bdcec2c25da4ebf73af7,True,3
17405,12716,021026_ML.npy,2026-10-04,2026-10-04 01:14:21.619860,7C0077,DA40,DIAMOND AIRCRAFT INDUSTRIES INC.,DA 40,5dd0109b91a75bca6e0add4a55d0586a7cc9ed79cb09af0234814c2458b22831,True,4
17406,12717,021026_ML.npy,2026-10-04,2026-10-04 01:14:24.496736,7C0077,DA40,DIAMOND AIRCRAFT INDUSTRIES INC.,DA 40,d97140d028ab37a26ecde97d26011eb7d00a9d1610e3196353fc56bdb73d5e6d,True,4
17411,12722,021026_ML.npy,2026-10-04,2026-10-04 01:14:30.150715,7C0077,DA40,DIAMOND AIRCRAFT INDUSTRIES INC.,DA 40,4aacdaff2f062b773a208365dabf2372e3a2c29cd41934958fa8a0d5180d030f,True,5
17412,12723,021026_ML.npy,2026-10-04,2026-10-04 01:14:30.727579,7C0077,DA40,DIAMOND AIRCRAFT INDUSTRIES INC.,DA 40,ba3e73bc0b6f36a72eb3913ce42cb9cc8e4b1158400cd42a84e8e42bc7de5a28,True,1
17413,12724,021026_ML.npy,2026-10-04,2026-10-04 01:14:34.823321,7C0077,DA40,DIAMOND AIRCRAFT INDUSTRIES INC.,DA 40,f7320f886c400d83cca085ae24c09c580b701001cac0d7359fdbd1ffe2062215,True,5
17416,12727,021026_ML.npy,2026-10-04,2026-10-04 01:14:41.898032,7C0077,DA40,DIAMOND AIRCRAFT INDUSTRIES INC.,DA 40,d788bbabcfe49ee25ca6123624c97334c2f2f3593339e8435c1809343e195a4d,True,4
17432,12743,021026_ML.npy,2026-10-04,2026-10-04 01:15:25.633000,7C582C,DA40,DIAMOND AIRCRAFT INDUSTRIES INC.,DA 40,cace3b6ba73e2a42baad7ef7c6fd3bd7471482034fba8166297cce86d0e0d35d,True,1
17434,12745,021026_ML.npy,2026-10-04,2026-10-04 01:15:29.192840,7C582C,DA40,DIAMOND AIRCRAFT INDUSTRIES INC.,DA 40,62ddea9b835faf6cb450556c0ef01f4cd30de2837b5a039fa47bba8470f86aea,True,5
17443,12754,021026_ML.npy,2026-10-04,2026-10-04 01:15:38.065351,7C582C,DA40,DIAMOND AIRCRAFT INDUSTRIES INC.,DA 40,5253e3a89340e2ab07138f55a1cdfa000a839c23ab2016f4ba5ed304a385cc62,True,3
17473,12784,021026_ML.npy,2026-10-04,2026-10-04 01:18:02.287895,7C0074,C172,CESSNA AIRCRAFT COMPANY,172S,fd88c81eaf3b51dd43f3a72098c3070bb7bd746cf09c920c8c64ed6df4948087,True,3
17474,12785,021026_ML.npy,2026-10-04,2026-10-04 01:18:02.709347,7C0074,C172,CESSNA AIRCRAFT COMPANY,172S,bee5bbdb0c67e0d8a6c911acc98d1d3a7f8538011b10fadd4aeebf3afa9e7167,True,3
17484,12795,021026_ML.npy,2026-10-04,2026-10-04 01:19:27.543010,7C0077,DA40,DIAMOND AIRCRAFT INDUSTRIES INC.,DA 40,6307e1b7ec31fb8a3d4e0ac88406a98206c4f297c0bbf3d0f8a84e6f4937fb92,True,1
17500,12811,021026_ML.npy,2026-10-04,2026-10-04 01:19:44.575718,7C0077,DA40,DIAMOND AIRCRAFT INDUSTRIES INC.,DA 40,2cdeab43b8af425c483738933c44455cc1cc5fe35d0d2b6a78e4d6c3f9e1b4db,True,3
17501,12812,021026_ML.npy,2026-10-04,2026-10-04 01:19:46.588308,7C0077,DA40,DIAMOND AIRCRAFT INDUSTRIES INC.,DA 40,7d59a950b4242dc46658beecc5677cc0f287bb0380d26098b1c304a7e414e243,True,4
17503,12814,021026_ML.npy,2026-10-04,2026-10-04 01:19:48.616822,7C0077,DA40,DIAMOND AIRCRAFT INDUSTRIES INC.,DA 40,e57e4ab8acaa25a4386d97200f706fbe25ecbdcec2de0d26e02455385d0cb3a7,True,1
17505,12816,021026_ML.npy,2026-10-04,2026-10-04 01:19:49.414474,7C0077,DA40,DIAMOND AIRCRAFT INDUSTRIES INC.,DA 40,f7320f886c400d83cca085ae24c09c580b701001cac0d7359fdbd1ffe2062215,True,2
17560,12871,021026_ML.npy,2026-10-04,2026-10-04 01:24:04.880505,7C0077,DA40,DIAMOND AIRCRAFT INDUSTRIES INC.,DA 40,006a35495bae273b5143d2df3d83db6730c7a8d0d6a7e4ebaf95bd4b08fc714a,True,2
17579,12890,021026_ML.npy,2026-10-04,2026-10-04 01:24:30.243188,7C0077,DA40,DIAMOND AIRCRAFT INDUSTRIES INC.,DA 40,3ec1b5fe54e5f8729d9c84557272734cbadb407a9f16b5ddff1f3716fe4e3c05,True,2
17583,12894,021026_ML.npy,2026-10-04,2026-10-04 01:25:33.764966,7C7144,C172,CESSNA AIRCRAFT COMPANY,172N,d8c33b0a0ca787134bb366c8b5d55085885b1f04dfb7b0571f162c93a8f143e1,True,5
17590,12901,021026_ML.npy,2026-10-04,2026-10-04 01:25:37.973193,7C7144,C172,CESSNA AIRCRAFT COMPANY,172N,d61cc403dc0f8ed2cb17e84b79f09f2b5be16083095605fe8a7e9348d930b70f,True,1
17591,12902,021026_ML.npy,2026-10-04,2026-10-04 01:25:38.236935,7C7144,C172,CESSNA AIRCRAFT COMPANY,172N,6684cc73cfd7807d42c99e8da9e6fa805dad59a3bbe986d5cdda937228478297,True,1
17592,12903,021026_ML.npy,2026-10-04,2026-10-04 01:25:40.656861,7C7144,C172,CESSNA AIRCRAFT COMPANY,172N,6684cc73cfd7807d42c99e8da9e6fa805dad59a3bbe986d5cdda937228478297,True,2
17595,12906,021026_ML.npy,2026-10-04,2026-10-04 01:25:51.694651,7C7144,C172,CESSNA AIRCRAFT COMPANY,172N,86ab5d07468a7e1c6c2f74a96e655f508035b4ad12fab1f6752fd1af4a6c285c,True,5
17604,12915,021026_ML.npy,2026-10-04,2026-10-04 01:27:16.852727,7C2E75,C172,CESSNA AIRCRAFT COMPANY,172N,513403b0e586efa5b5dc4d45eb51fe5b55ce6001a95e30a87e82e83db193a3bc,True,4
17605,12916,021026_ML.npy,2026-10-04,2026-10-04 01:27:19.361193,7C2E75,C172,CESSNA AIRCRAFT COMPANY,172N,016eea163d763a8e3aafcbd9784fcfe4b528b24824b461364d0a37a8c354faee,True,4
17607,12918,021026_ML.npy,2026-10-04,2026-10-04 01:27:22.293066,7C2E75,C172,CESSNA AIRCRAFT COMPANY,172N,d82b4daa69160e8fff424b2606b8cc4ce25ca9f29539e406fd7c4cfd6247e127,True,1
17611,12922,021026_ML.npy,2026-10-04,2026-10-04 01:27:25.026766,7C2E75,C172,CESSNA AIRCRAFT COMPANY,172N,6bc90e0e2ce2ba570e1eeef4cff946625001bb27e947ac9dbe73b1841260ca10,True,5
17616,12927,021026_ML.npy,2026-10-04,2026-10-04 01:27:32.392932,7C2E75,C172,CESSNA AIRCRAFT COMPANY,172N,b054cac776aadf96e266ff73f9fefd138a62b1651361ab2f925a54ce147f915b,True,4
17633,12944,021026_ML.npy,2026-10-04,2026-10-04 01:27:56.217522,7C2E75,C172,CESSNA AIRCRAFT COMPANY,172N,5752b7cc305565be903a9ba3c1e855f111e07ca9dc7e6cf3e6fdd16e86780f37,True,5
17636,12947,021026_ML.npy,2026-10-04,2026-10-04 01:28:00.160398,7C2E75,C172,CESSNA AIRCRAFT COMPANY,172N,74073b03915c1ca63dd1c9a02f5dc534fdbbfa2e2c59acfbb84bc0ab9888ba06,True,1
17638,12949,021026_ML.npy,2026-10-04,2026-10-04 01:28:00.729395,7C2E75,C172,CESSNA AIRCRAFT COMPANY,172N,ec0b26fbd5d999512424289e1677f45895f91c806f3060c9c9df6d9653718d38,True,2
17649,12960,021026_ML.npy,2026-10-04,2026-10-04 01:28:17.413910,7C2E75,C172,CESSNA AIRCRAFT COMPANY,172N,6bc90e0e2ce2ba570e1eeef4cff946625001bb27e947ac9dbe73b1841260ca10,True,3
17654,12965,021026_ML.npy,2026-10-04,2026-10-04 01:28:20.737261,7C2E75,C172,CESSNA AIRCRAFT COMPANY,172N,a6bf2e8903f310595c1dc0290573689360f465f0de0eabcd929b70601db9b9ba,True,4
17656,12967,021026_ML.npy,2026-10-04,2026-10-04 01:28:28.704785,7C2E75,C172,CESSNA AIRCRAFT COMPANY,172N,0d88f8a8a6069f1ba400f90097a53041a7711ccddf53289ecf975645c3c5f005,True,1
17666,12977,021026_ML.npy,2026-10-04,2026-10-04 01:28:37.718595,7C2E75,C172,CESSNA AIRCRAFT COMPANY,172N,6bc90e0e2ce2ba570e1eeef4cff946625001bb27e947ac9dbe73b1841260ca10,True,5
17668,12979,021026_ML.npy,2026-10-04,2026-10-04 01:28:39.373540,7C2E75,C172,CESSNA AIRCRAFT COMPANY,172N,6fb540f61d6ab7ed51e8e9be84d4580e42934c12ed07f72b6cae0f82563408c1,True,1
17694,13005,021026_ML.npy,2026-10-04,2026-10-04 01:30:12.542138,7C7B5E,DA40,DIAMOND AIRCRAFT INDUSTRIES INC.,DA 40,88eaa54b4f9be5c2fba3b79d60b752d4e8b2ba42c70dcd995a67f2283cd85711,True,1
17704,13015,021026_ML.npy,2026-10-04,2026-10-04 01:30:43.693848,7C7144,C172,CESSNA AIRCRAFT COMPANY,172N,6684cc73cfd7807d42c99e8da9e6fa805dad59a3bbe986d5cdda937228478297,True,4
17706,13017,021026_ML.npy,2026-10-04,2026-10-04 01:30:46.118642,7C7144,C172,CESSNA AIRCRAFT COMPANY,172N,18b02ad6b5f33477ca97f23a9a1a560a63beea7140dbd9b4364a02740b708381,True,5
17711,13022,021026_ML.npy,2026-10-04,2026-10-04 01:31:01.336183,7C7144,C172,CESSNA AIRCRAFT COMPANY,172N,950d78ccc30e6bb106d58dbfbb5f1630a157838d696524f20b3259b3a3104505,True,4
17712,13023,021026_ML.npy,2026-10-04,2026-10-04 01:31:01.340028,7C7144,C172,CESSNA AIRCRAFT COMPANY,172N,2c2a883de115b90b9214c4fd8ba35b50a922e71ebd80cf4a994c6befb85d2119,True,3
17715,13026,021026_ML.npy,2026-10-04,2026-10-04 01:31:17.644682,7C7144,C172,CESSNA AIRCRAFT COMPANY,172N,77a0e4e761f291964f968adc46a267bb29cc9f9c7d0ffa42961b3a1f7743f568,True,3
17717,13028,021026_ML.npy,2026-10-04,2026-10-04 01:31:20.254925,7C7144,C172,CESSNA AIRCRAFT COMPANY,172N,c9028454b3b843f5dd08c712f452e5090645dc2047504e786fbb8af7e986f138,True,2
17722,13033,021026_ML.npy,2026-10-04,2026-10-04 01:31:28.971941,7C7144,C172,CESSNA AIRCRAFT COMPANY,172N,c51f64d62d7cbb8db072b5596b08acda96fd5059542b869e07a53dceede33c6f,True,5
17731,13042,021026_ML.npy,2026-10-04,2026-10-04 01:35:12.499089,7C7B5E,DA40,DIAMOND AIRCRAFT INDUSTRIES INC.,DA 40,08118d8f19d2acc987d9a053c99f240e32384db2e5a8b525d9a7afdd5e778c0a,True,4
17746,13057,021026_ML.npy,2026-10-04,2026-10-04 01:36:19.638273,7C7144,C172,CESSNA AIRCRAFT COMPANY,172N,84cc6a72d398df7f13c40b732531f63437c7f8602ea919230c8d27c225c2ea88,True,4
17748,13059,021026_ML.npy,2026-10-04,2026-10-04 01:36:21.068534,7C7144,C172,CESSNA AIRCRAFT COMPANY,172N,95e6023b60c048bb8c0bfee4af51047e8dfa23df426fc732ab249bc8e59e544a,True,2
17758,13069,021026_ML.npy,2026-10-04,2026-10-04 01:36:40.706944,7C7144,C172,CESSNA AIRCRAFT COMPANY,172N,d608f08dc17ac021aca8fdd55f43ee4c2eeca2f2932a122f3260b1fa020744fc,True,2
17767,13078,021026_ML.npy,2026-10-04,2026-10-04 01:36:54.727600,7C7144,C172,CESSNA AIRCRAFT COMPANY,172N,ae43fe3e50b3d3dd07cb9ca8f2c0eb3c5577b6549af8958db62fe2a234b36ae4,True,1
17776,13087,021026_ML.npy,2026-10-04,2026-10-04 01:40:03.563331,7C7B5E,DA40,DIAMOND AIRCRAFT INDUSTRIES INC.,DA 40,6f46eec2803df2e06066e72accc98166b80829e5d23870ddf912d23972f53eb4,True,2
17809,13120,021026_ML.npy,2026-10-04,2026-10-04 01:41:49.519766,7C7144,C172,CESSNA AIRCRAFT COMPANY,172N,e091143c5e753d79c75638b3684e231f9d8cc12448631c59e528d43c12d4e0ea,True,5
17812,13123,021026_ML.npy,2026-10-04,2026-10-04 01:41:56.095426,7C7144,C172,CESSNA AIRCRAFT COMPANY,172N,6152dfadbfe6630be8d5f7d72982ec109daf621e3749b9712ac1876d70256bce,True,4
17819,13130,021026_ML.npy,2026-10-04,2026-10-04 01:42:03.483957,7C7144,C172,CESSNA AIRCRAFT COMPANY,172N,3333bf2fc2ac2d9d5170274c6cf3f5a81b45bb50bfd712027cdc056892658a40,True,1
17828,13139,021026_ML.npy,2026-10-04,2026-10-04 01:45:08.177007,7C7B5E,DA40,DIAMOND AIRCRAFT INDUSTRIES INC.,DA 40,acbf60de8022044816514f88bfa2eaf2a474c8089a8486d168e73c9ba6796f28,True,3
17839,13150,021026_ML.npy,2026-10-04,2026-10-04 01:45:21.120261,7C7B5E,DA40,DIAMOND AIRCRAFT INDUSTRIES INC.,DA 40,87dd6f8c610b9cb904c8ab285d69f75225cbd4659eaec4293f12b5a570eab747,True,3
17840,13151,021026_ML.npy,2026-10-04,2026-10-04 01:45:21.547647,7C7B5E,DA40,DIAMOND AIRCRAFT INDUSTRIES INC.,DA 40,1dc373c0902718c586cace50640d5674edc33ae807360aafd56a34e855b98487,True,1
17844,13155,021026_ML.npy,2026-10-04,2026-10-04 01:45:29.365430,7C7B5E,DA40,DIAMOND AIRCRAFT INDUSTRIES INC.,DA 40,046175c948b868e94ab958473c082f8b426a3c1f552ed74ece773fe3ad9c4311,True,4
17853,13164,021026_ML.npy,2026-10-04,2026-10-04 01:46:49.184908,7C7144,C172,CESSNA AIRCRAFT COMPANY,172N,eced77b397cffb031459ea97e573caf76766c4885108e40a9c594d52f7a4206a,True,4
17860,13171,021026_ML.npy,2026-10-04,2026-10-04 01:46:57.804771,7C7144,C172,CESSNA AIRCRAFT COMPANY,172N,58a7b82f00b1b1ce29214d97d2b73e828f53c001947d51c0194a7720c7e4273e,True,5
17866,13177,021026_ML.npy,2026-10-04,2026-10-04 01:47:02.306002,7C7144,C172,CESSNA AIRCRAFT COMPANY,172N,25ecffd02a618058de3b2945417e026c76c8237f5d9bff411fb8d6879bd15d24,True,4
17904,13215,021026_ML.npy,2026-10-04,2026-10-04 01:47:33.209479,7C7144,C172,CESSNA AIRCRAFT COMPANY,172N,6684cc73cfd7807d42c99e8da9e6fa805dad59a3bbe986d5cdda937228478297,True,1
17912,13223,021026_ML.npy,2026-10-04,2026-10-04 01:47:41.998025,7C7B65,DA40,DIAMOND AIRCRAFT INDUSTRIES INC.,DA 40,eefaa02ec1f349a596c515d75c9d268133eba892ae191835b12c8a711d2d42e4,True,4
17919,13230,021026_ML.npy,2026-10-04,2026-10-04 01:47:57.441343,7C7B65,DA40,DIAMOND AIRCRAFT INDUSTRIES INC.,DA 40,a12bd602483f0aefdfc5947dc88c4e6ab61f7bbd81c2d0d859224c0628c8d628,True,1
17925,13236,021026_ML.npy,2026-10-04,2026-10-04 01:50:04.356883,7C7B5E,DA40,DIAMOND AIRCRAFT INDUSTRIES INC.,DA 40,acc6346ee92e1a58fa5b9a2853f73fa70c4113155b42b347f70d9e88ccdf431e,True,4
17926,13237,021026_ML.npy,2026-10-04,2026-10-04 01:50:05.308750,7C7B5E,DA40,DIAMOND AIRCRAFT INDUSTRIES INC.,DA 40,863a64924df9cdefedc6ac0caa894f7014d862491ff7b3e5de381cc05f27e554,True,1
17940,13251,021026_ML.npy,2026-10-04,2026-10-04 01:50:19.744037,7C444D,P28A,PIPER AIRCRAFT CORP,PA-28-181,364d224457cbbd7587ed33ed67280dd7258bed748cdb8ec6febf521f4f3937e6,True,3
17941,13252,021026_ML.npy,2026-10-04,2026-10-04 01:50:19.889168,7C7B5E,DA40,DIAMOND AIRCRAFT INDUSTRIES INC.,DA 40,d83e3a24d5bbb526760b9cc3697034393c0d4aef8d0fdd8b2e698ec2d0efa4c8,True,2
17942,13253,021026_ML.npy,2026-10-04,2026-10-04 01:50:21.185647,7C444D,P28A,PIPER AIRCRAFT CORP,PA-28-181,d8ca3e90afb3bc1d4dca52ed572384b0662a75fc6da6c43081f935eb45116e9f,True,4
17943,13254,021026_ML.npy,2026-10-04,2026-10-04 01:50:21.269815,7C444D,P28A,PIPER AIRCRAFT CORP,PA-28-181,b7bc3eeaa1f733d696c16878ade3a4d895d056f156f80579b7034258fd2e9304,True,1
17944,13255,021026_ML.npy,2026-10-04,2026-10-04 01:50:21.330263,7C444D,P28A,PIPER AIRCRAFT CORP,PA-28-181,5b689d2954073c4d4b9037291d68702e695257c07a45803e328de4ab6b80e805,True,5
17949,13260,021026_ML.npy,2026-10-04,2026-10-04 01:50:33.995366,7C7B5E,DA40,DIAMOND AIRCRAFT INDUSTRIES INC.,DA 40,c5c92f9471ee2067382f828fff44de149951473de64c1a809dbf0fb4a26f4b22,True,1
17955,13266,021026_ML.npy,2026-10-04,2026-10-04 01:50:48.689437,7C444D,P28A,PIPER AIRCRAFT CORP,PA-28-181,d8ca3e90afb3bc1d4dca52ed572384b0662a75fc6da6c43081f935eb45116e9f,True,1
17959,13270,021026_ML.npy,2026-10-04,2026-10-04 01:51:28.106321,7C444D,P28A,PIPER AIRCRAFT CORP,PA-28-181,29e82daf4bd08d2d54b6c1cb8e3eec4f07c879ebe3ef7d6553be306a91141704,True,3
17960,13271,021026_ML.npy,2026-10-04,2026-10-04 01:51:28.156415,7C444D,P28A,PIPER AIRCRAFT CORP,PA-28-181,8c8985647a6001a73e8d86cd3dec3b383e1ec116d0adf19d0fd535a522a854e9,True,4
17961,13272,021026_ML.npy,2026-10-04,2026-10-04 01:51:36.538382,7C444D,P28A,PIPER AIRCRAFT CORP,PA-28-181,add4fef5c45206c465639ea806fc14c6823fdd81ea8ce98b8c12d36af93c354c,True,5
17963,13274,021026_ML.npy,2026-10-04,2026-10-04 01:52:11.194783,7C7144,C172,CESSNA AIRCRAFT COMPANY,172N,3c270afdf79b0cada6d2cb1922224303daf734860ea2606d5e3473a1bd4ec214,True,2
17966,13277,021026_ML.npy,2026-10-04,2026-10-04 01:52:12.614835,7C7144,C172,CESSNA AIRCRAFT COMPANY,172N,c982959282ace709a373cc7553877e2ad1ed2cce4583ce01305042ead7a3790d,True,1
17972,13283,021026_ML.npy,2026-10-04,2026-10-04 01:52:18.586255,7C7144,C172,CESSNA AIRCRAFT COMPANY,172N,9df936c9083284f422c8599d7b458a6483c88fb90c79c93995a125acbc4bbdba,True,1
17976,13287,021026_ML.npy,2026-10-04,2026-10-04 01:52:22.937720,7C7144,C172,CESSNA AIRCRAFT COMPANY,172N,cd0e55545b0304634e156d3a5f79173510b5d51023cda116790ad54c99fed3d1,True,3
17981,13292,021026_ML.npy,2026-10-04,2026-10-04 01:52:25.995205,7C7144,C172,CESSNA AIRCRAFT COMPANY,172N,f7ef6deb5a91d78ca9fc877e2ab92771697f5a4589948ab71da965a97f973cdd,True,1
17989,13300,021026_ML.npy,2026-10-04,2026-10-04 01:52:43.651452,7C7144,C172,CESSNA AIRCRAFT COMPANY,172N,e382dbaa4c3306f13061aff5a1a4eccc8a6e323b44e2eae5b5cec1be235eb723,True,3
18024,13335,021026_ML.npy,2026-10-04,2026-10-04 01:53:29.196278,7C41FD,DA40,DIAMOND AIRCRAFT INDUSTRIES INC.,DA 40,8ae1f2508f9ef172b5878a9063ec74efbf1d57b54bcac46d97e48c75ada08396,True,2
18036,13347,021026_ML.npy,2026-10-04,2026-10-04 01:53:42.913467,7C41FD,DA40,DIAMOND AIRCRAFT INDUSTRIES INC.,DA 40,9b86eae37029c53385a0842153255176e9f08ed0eea1ce530583f3c8596abce2,True,4
18039,13350,021026_ML.npy,2026-10-04,2026-10-04 01:53:48.647665,7C41FD,DA40,DIAMOND AIRCRAFT INDUSTRIES INC.,DA 40,f9f1512cb20fd36c2faa5c7e92ff33c548672843c3e442f828f015ffdece7dc3,True,4
18052,13363,021026_ML.npy,2026-10-04,2026-10-04 01:55:24.131448,7C7B5E,DA40,DIAMOND AIRCRAFT INDUSTRIES INC.,DA 40,2f85c1504243ad8edae6784a3f4c97af0e93ea7741751b8f7233ea68b47c5d40,True,2
18054,13365,021026_ML.npy,2026-10-04,2026-10-04 01:55:26.643552,7C7B5E,DA40,DIAMOND AIRCRAFT INDUSTRIES INC.,DA 40,7270d26050f5a87639c4c8e86854f7b005d3103100a5f964c0393db695079b6f,True,5
18067,13378,021026_ML.npy,2026-10-04,2026-10-04 01:57:37.193059,7C7144,C172,CESSNA AIRCRAFT COMPANY,172N,6684cc73cfd7807d42c99e8da9e6fa805dad59a3bbe986d5cdda937228478297,True,3
18068,13379,021026_ML.npy,2026-10-04,2026-10-04 01:57:39.696546,7C7144,C172,CESSNA AIRCRAFT COMPANY,172N,6684cc73cfd7807d42c99e8da9e6fa805dad59a3bbe986d5cdda937228478297,True,4
18109,13420,021026_ML.npy,2026-10-04,2026-10-04 01:59:05.508318,7C41FD,DA40,DIAMOND AIRCRAFT INDUSTRIES INC.,DA 40,272184d0d363493a6a882d6c8d129563d5cacd94bc33740b6ee1fddf987de1cb,True,4
18114,13425,021026_ML.npy,2026-10-04,2026-10-04 01:59:16.766609,7C7144,C172,CESSNA AIRCRAFT COMPANY,172N,441dc3f018b3b1d2276345c9a92191cb3b0111894fd1bc177e3e162268b32363,True,3
18117,13428,021026_ML.npy,2026-10-04,2026-10-04 01:59:51.001917,7C7B5E,DA40,DIAMOND AIRCRAFT INDUSTRIES INC.,DA 40,4991e188c1d8ecb7a45978c74209ea5828b9b896243a7aa17323c75cb183f2ae,True,3
18129,13440,021026_ML.npy,2026-10-04,2026-10-04 02:00:07.051931,7C7B5E,DA40,DIAMOND AIRCRAFT INDUSTRIES INC.,DA 40,72bf31a2fdfbd139c1a4ccac04c9651a8b0c0ba48cce20d5d883446fb5954b66,True,1
18131,13442,021026_ML.npy,2026-10-04,2026-10-04 02:00:08.708158,7C7B5E,DA40,DIAMOND AIRCRAFT INDUSTRIES INC.,DA 40,aa715cb57183cdef3fbeacda3f31ae6cf8423f991d345c9ad5821eb81574bb65,True,2
18135,13446,021026_ML.npy,2026-10-04,2026-10-04 02:00:11.217837,7C7B5E,DA40,DIAMOND AIRCRAFT INDUSTRIES INC.,DA 40,50cf08608cb35d97aa3ef46d46e8472a8ff271b108fe6dcb7b687c8d8340b282,True,4
18137,13448,021026_ML.npy,2026-10-04,2026-10-04 02:00:13.805666,7C7B5E,DA40,DIAMOND AIRCRAFT INDUSTRIES INC.,DA 40,e0497d6b84fa8a3d09a883f60252facd936e9ab6a6d40f3426c78d6da1900475,True,5
18142,13453,021026_ML.npy,2026-10-04,2026-10-04 02:00:27.204244,7C7B5E,DA40,DIAMOND AIRCRAFT INDUSTRIES INC.,DA 40,72bf31a2fdfbd139c1a4ccac04c9651a8b0c0ba48cce20d5d883446fb5954b66,True,5
18150,13461,021026_ML.npy,2026-10-04,2026-10-04 02:02:22.178368,7C7144,C172,CESSNA AIRCRAFT COMPANY,172N,a845c987fe36e99cb392c20c41dc3b86a72480db442871c3ca2ea91f80294330,True,5
18153,13464,021026_ML.npy,2026-10-04,2026-10-04 02:02:25.375084,7C7144,C172,CESSNA AIRCRAFT COMPANY,172N,9953040c740023bea16a3ad45e6b0b46dcf9d0e405f6e046a61a2a8ffd77d52c,True,3
18155,13466,021026_ML.npy,2026-10-04,2026-10-04 02:02:26.544761,7C7144,C172,CESSNA AIRCRAFT COMPANY,172N,2ca90cd76436f0667e0d0cdb006aa450ff5389005189258c199e0c0b1e392ced,True,2
18163,13474,021026_ML.npy,2026-10-04,2026-10-04 02:02:37.843159,7C7144,C172,CESSNA AIRCRAFT COMPANY,172N,6684cc73cfd7807d42c99e8da9e6fa805dad59a3bbe986d5cdda937228478297,True,1
18165,13476,021026_ML.npy,2026-10-04,2026-10-04 02:02:39.561451,7C7144,C172,CESSNA AIRCRAFT COMPANY,172N,c1e79b2bf548fb077de4efa4e5b0c97ec42526ece6578954b06a683f1e18919c,True,3
18190,13501,021026_ML.npy,2026-10-04,2026-10-04 02:04:30.975747,7C41FD,DA40,DIAMOND AIRCRAFT INDUSTRIES INC.,DA 40,71346b92c464baed80989bac9c3ecaf9dcd030232422e374405a605fb7857bf3,True,1
18193,13504,021026_ML.npy,2026-10-04,2026-10-04 02:04:32.087790,7C41FD,DA40,DIAMOND AIRCRAFT INDUSTRIES INC.,DA 40,906777ff5f81316dade1e686b842db084e089d139e003c08795ca9bda7773205,True,3
18215,13526,021026_ML.npy,2026-10-04,2026-10-04 02:05:48.345295,7C7B5E,DA40,DIAMOND AIRCRAFT INDUSTRIES INC.,DA 40,55930267fbe6804f0ff669e1e819955e47c022c63449970a89774f0dd69c0d34,True,5
18247,13558,021026_ML.npy,2026-10-04,2026-10-04 02:06:34.953298,7C7B60,DA40,DIAMOND AIRCRAFT INDUSTRIES INC.,DA 40,10e3f53b4c6c68f22492bcc43719611022745981dee152f717d93b432525b200,True,5
18248,13559,021026_ML.npy,2026-10-04,2026-10-04 02:06:37.339084,7C7B60,DA40,DIAMOND AIRCRAFT INDUSTRIES INC.,DA 40,e745a2e5e79abf6f57b00aa77270fbe2c9d1ea07b78ce01f7e46087e4867bfb9,True,5
18263,13574,021026_ML.npy,2026-10-04,2026-10-04 02:07:07.001738,7C7144,C172,CESSNA AIRCRAFT COMPANY,172N,6684cc73cfd7807d42c99e8da9e6fa805dad59a3bbe986d5cdda937228478297,True,4
18264,13575,021026_ML.npy,2026-10-04,2026-10-04 02:07:09.535543,7C7144,C172,CESSNA AIRCRAFT COMPANY,172N,6684cc73cfd7807d42c99e8da9e6fa805dad59a3bbe986d5cdda937228478297,True,5
18266,13577,021026_ML.npy,2026-10-04,2026-10-04 02:07:12.078990,7C7144,C172,CESSNA AIRCRAFT COMPANY,172N,6684cc73cfd7807d42c99e8da9e6fa805dad59a3bbe986d5cdda937228478297,True,4
18272,13583,021026_ML.npy,2026-10-04,2026-10-04 02:07:16.594045,7C7144,C172,CESSNA AIRCRAFT COMPANY,172N,b385de8665044b6f72297a1c403153613e4c8b75c73bf9fdee46197de8066ee2,True,3
18280,13591,021026_ML.npy,2026-10-04,2026-10-04 02:07:27.741876,7C7144,C172,CESSNA AIRCRAFT COMPANY,172N,d2891a0dd6ae6f3b37cee8bcec64efdb75743ebe38137c4a40c4c30a3565321a,True,3
18283,13594,021026_ML.npy,2026-10-04,2026-10-04 02:07:36.849124,7C7144,C172,CESSNA AIRCRAFT COMPANY,172N,6684cc73cfd7807d42c99e8da9e6fa805dad59a3bbe986d5cdda937228478297,True,2
18284,13595,021026_ML.npy,2026-10-04,2026-10-04 02:07:45.767688,7C7144,C172,CESSNA AIRCRAFT COMPANY,172N,99df1a292673abb043a33143caaf65c48b5292224a5b15e24f8b292982709c08,True,3
18290,13601,021026_ML.npy,2026-10-04,2026-10-04 02:07:54.976873,7C7144,C172,CESSNA AIRCRAFT COMPANY,172N,40be7b2b3e975bb4c87b0278b83126eb513d75cfea939c58840def5e3898955d,True,4
18297,13608,021026_ML.npy,2026-10-04,2026-10-04 02:09:30.359314,7C1689,DA40,DIAMOND AIRCRAFT INDUSTRIES INC.,DA 40,6200fcb3f895aef71e28b661e15b7aae6082984b534d2b6533a007137dea25f3,True,5
18305,13616,021026_ML.npy,2026-10-04,2026-10-04 02:09:42.131082,7C1689,DA40,DIAMOND AIRCRAFT INDUSTRIES INC.,DA 40,f6ccfe159e4e191b768f82362afef864b56c42901e0532781b51109b1cf12638,True,1
18306,13617,021026_ML.npy,2026-10-04,2026-10-04 02:09:45.608691,7C1689,DA40,DIAMOND AIRCRAFT INDUSTRIES INC.,DA 40,4673141c79957fd27b9ac9459de70575b312c27a7472f0fccc71010713c766b4,True,3
18322,13633,021026_ML.npy,2026-10-04,2026-10-04 02:09:57.459936,7C41FD,DA40,DIAMOND AIRCRAFT INDUSTRIES INC.,DA 40,56b67d0527c74a4d682c8ac0392360f75fa2dd4ee4997ef277b43fd423262552,True,2
18336,13647,021026_ML.npy,2026-10-04,2026-10-04 02:10:06.819971,7C1689,DA40,DIAMOND AIRCRAFT INDUSTRIES INC.,DA 40,3082f56e3169ece610154f9e9fa633a25d34193f9d3ccf9aafa3553a3ae17c98,True,3
18348,13659,021026_ML.npy,2026-10-04,2026-10-04 02:14:46.411413,7C41FD,DA40,DIAMOND AIRCRAFT INDUSTRIES INC.,DA 40,2e57cd8c182a50783aac7e756df61221b556021f77264ff2086025c55c2d44ca,True,1
18352,13663,021026_ML.npy,2026-10-04,2026-10-04 02:14:50.706815,7C41FD,DA40,DIAMOND AIRCRAFT INDUSTRIES INC.,DA 40,8cc32b606304c3f5cabc5d8165f4db17b24c55cb32f596763a5388832aa11efa,True,2
18360,13671,021026_ML.npy,2026-10-04,2026-10-04 02:15:01.406851,7C41FD,DA40,DIAMOND AIRCRAFT INDUSTRIES INC.,DA 40,411d710e33a21590e66cd09dc2fef8d87535d678e126e67f555aa418a195c49a,True,3
18377,13688,021026_ML.npy,2026-10-04,2026-10-04 02:20:08.322944,7C41FD,DA40,DIAMOND AIRCRAFT INDUSTRIES INC.,DA 40,6f5ee31fdd82f45104ceefc172be616f92a9513da43962a1334f675091d25660,True,1
18385,13696,021026_ML.npy,2026-10-04,2026-10-04 02:20:27.321233,7C41FD,DA40,DIAMOND AIRCRAFT INDUSTRIES INC.,DA 40,12f017c106cd02bd7f0d4319dc5db4a958f7687dfcdbdcc9c111963a79a84f34,True,5
18388,13699,021026_ML.npy,2026-10-04,2026-10-04 02:22:45.842794,7C259E,P28A,PIPER AIRCRAFT CORP,PA-28-180,9c29787d6a2e7389cd996e653f1a2eb31def944dc95078cce7cbe45e68082903,True,1
18389,13700,021026_ML.npy,2026-10-04,2026-10-04 02:22:50.951982,7C259E,P28A,PIPER AIRCRAFT CORP,PA-28-180,f51f95dfcb4315c32b3fec1f829f65852591d4ce5d766c7408053660ad5f3916,True,3
18390,13701,021026_ML.npy,2026-10-04,2026-10-04 02:22:50.958797,7C259E,P28A,PIPER AIRCRAFT CORP,PA-28-180,b8f7f696924b3d8f4cb5fbec62e89fdc18675a8ac41d023dfff5bdaee569070c,True,4
18391,13702,021026_ML.npy,2026-10-04,2026-10-04 02:22:51.498252,7C259E,P28A,PIPER AIRCRAFT CORP,PA-28-180,641ed00867aaf05104e82a4cea4e9cc42def33811c836e9f7b9ed7418e16a6e5,True,3
18392,13703,021026_ML.npy,2026-10-04,2026-10-04 02:22:51.504404,7C259E,P28A,PIPER AIRCRAFT CORP,PA-28-180,4c5c73335a292a198b01755245076765de94e59dbb3b9bcbbaa0f34328f68431,True,3
18393,13704,021026_ML.npy,2026-10-04,2026-10-04 02:22:51.965214,7C259E,P28A,PIPER AIRCRAFT CORP,PA-28-180,9214c352aacbfb7c76f8cbac4b1fe564d345d03ddb5af8fc2689195608cd4ecf,True,3
18394,13705,021026_ML.npy,2026-10-04,2026-10-04 02:22:51.971185,7C259E,P28A,PIPER AIRCRAFT CORP,PA-28-180,197cefd3d4b929accff7f45cc17daa9734c2aca4a9b3de3fcdf1d2054b3e1553,True,2
18395,13706,021026_ML.npy,2026-10-04,2026-10-04 02:22:52.940930,7C259E,P28A,PIPER AIRCRAFT CORP,PA-28-180,aee592f84d517931be344b646ca070bd1b17178ad4a1859e92a9be5d32eb50b6,True,3
18396,13707,021026_ML.npy,2026-10-04,2026-10-04 02:22:54.861874,7C259E,P28A,PIPER AIRCRAFT CORP,PA-28-180,27eddc8f15519dea8c0f218a685ffd3a8a74764f268edd324f9bb93879b0ab52,True,2
18397,13708,021026_ML.npy,2026-10-04,2026-10-04 02:22:55.872599,7C259E,P28A,PIPER AIRCRAFT CORP,PA-28-180,fecb8f2635468a93073daf9b8e46f6eaee0a0a4e3a95a775bd1ba63d074c19f8,True,2
18398,13709,021026_ML.npy,2026-10-04,2026-10-04 02:22:55.876523,7C259E,P28A,PIPER AIRCRAFT CORP,PA-28-180,3e4def5de004c1f012254b4ab8da1775fb1bec806abc1c313c44f32b65406c1a,True,5
18399,13710,021026_ML.npy,2026-10-04,2026-10-04 02:23:02.284081,7C259E,P28A,PIPER AIRCRAFT CORP,PA-28-180,7f6fa1bb435df08871825f4e57820b67c12ce72a65fe3a99df7b150b3288392e,True,1
18400,13711,021026_ML.npy,2026-10-04,2026-10-04 02:23:04.529331,7C259E,P28A,PIPER AIRCRAFT CORP,PA-28-180,80d6f3a32ad4cc83b2d638a26b0ccfa1cfb9bd0fdbdfb1c323b3b596eb126320,True,2
18401,13712,021026_ML.npy,2026-10-04,2026-10-04 02:23:04.536065,7C259E,P28A,PIPER AIRCRAFT CORP,PA-28-180,971805bb1ef6b7e746d8bd1a6912934d7144b44d95233c7dce7c8c2047b1ccbc,True,5
18402,13713,021026_ML.npy,2026-10-04,2026-10-04 02:23:10.256151,7C259E,P28A,PIPER AIRCRAFT CORP,PA-28-180,1c5c3b0aa4565f08bd4b2be689355a593b29ce3e8203d00fca1cc2b71179dde7,True,3
18403,13714,021026_ML.npy,2026-10-04,2026-10-04 02:23:10.822208,7C259E,P28A,PIPER AIRCRAFT CORP,PA-28-180,9a6890056d28597422fa7dab20c74a3c3866fc56dff021441df56bcbb1884feb,True,2
18404,13715,021026_ML.npy,2026-10-04,2026-10-04 02:23:14.194861,7C259E,P28A,PIPER AIRCRAFT CORP,PA-28-180,7c01efd94927f570b53cd6ecfd0ec3916daef55b7656c8eadf76e082ac207314,True,1
18405,13716,021026_ML.npy,2026-10-04,2026-10-04 02:23:16.521418,7C259E,P28A,PIPER AIRCRAFT CORP,PA-28-180,3a3be54b71274b64bb4884086c1bc3ffb8c07289bebfcefc27dfbc305a7cd802,True,4
18406,13717,021026_ML.npy,2026-10-04,2026-10-04 02:23:26.911030,7C7C3E,DA40,DIAMOND AIRCRAFT INDUSTRIES INC.,DA 40,063efeb3995526e2ed603e98bc70e06d7d852dfd4e677d88e3e3b7d39378e3be,True,5
18435,13746,021026_ML.npy,2026-10-04,2026-10-04 02:23:56.378877,7C7C3E,DA40,DIAMOND AIRCRAFT INDUSTRIES INC.,DA 40,e9831d2f4ed2b99dcc6961a5237f416476b19dd8645f15d8e6cb7e9d42c3a56c,True,4
18452,13763,021026_ML.npy,2026-10-04,2026-10-04 02:26:50.089622,7C7B60,DA40,DIAMOND AIRCRAFT INDUSTRIES INC.,DA 40,207bf36a48b88871c328f8a199a87080d7ad7967b6bc13a935d28d57dd40fb81,True,3
18457,13768,021026_ML.npy,2026-10-04,2026-10-04 02:26:52.687541,7C259E,P28A,PIPER AIRCRAFT CORP,PA-28-180,43bea00a50e270387947396e2eebd859be2861aa5a2663a417f4d9cab8316efd,True,3
18462,13773,021026_ML.npy,2026-10-04,2026-10-04 02:27:01.910002,7C259E,P28A,PIPER AIRCRAFT CORP,PA-28-180,755f3102d931d5bb15cb2a04ec2bc0e036d64441df82371f77fc5b12f2ad8bdf,True,4
18463,13774,021026_ML.npy,2026-10-04,2026-10-04 02:27:02.503429,7C259E,P28A,PIPER AIRCRAFT CORP,PA-28-180,e1b05ff61033a5ff7502588dd37bc2bda82aa4937a59eb37f9ae3ff910fc7a5e,True,4
18474,13785,021026_ML.npy,2026-10-04,2026-10-04 02:27:11.662051,7C259E,P28A,PIPER AIRCRAFT CORP,PA-28-180,99b2cb4a699b40d05d4980ae4073961cd7b268abc3872a021c67b780b45d0b61,True,3
18475,13786,021026_ML.npy,2026-10-04,2026-10-04 02:27:11.665721,7C259E,P28A,PIPER AIRCRAFT CORP,PA-28-180,5bcf3ad230c0dcb64426d883f2536f874760c346cc4b398afd6dfdbac25c82d6,True,3
18480,13791,021026_ML.npy,2026-10-04,2026-10-04 02:27:17.355067,7C7B60,DA40,DIAMOND AIRCRAFT INDUSTRIES INC.,DA 40,8628c41fb29329439f9d28c4b557cd0c4a4863e4750c9500a973cf802ac7a1ea,True,5
18483,13794,021026_ML.npy,2026-10-04,2026-10-04 02:27:22.366081,7C7B60,DA40,DIAMOND AIRCRAFT INDUSTRIES INC.,DA 40,4158e89f0223fee4aa6b68c12f22e793b035c509bdd16ce9115121b46245443a,True,5
18495,13806,021026_ML.npy,2026-10-04,2026-10-04 02:27:49.189234,7C259E,P28A,PIPER AIRCRAFT CORP,PA-28-180,cd3724509647243e1d36ddb3e2d81ca575a6049b74255801f3471c7a8166350f,True,2
18496,13807,021026_ML.npy,2026-10-04,2026-10-04 02:27:49.297267,7C259E,P28A,PIPER AIRCRAFT CORP,PA-28-180,909d61d84997e5cbc74c1dc32fb0c347ee4d56047979b99635cbff99c71a8901,True,4
18500,13811,021026_ML.npy,2026-10-04,2026-10-04 02:28:47.686237,7C7C3E,DA40,DIAMOND AIRCRAFT INDUSTRIES INC.,DA 40,00a8bef24ca5bd72116a6af4488c07a2eae4373809b2de1eddc736579d1985c6,True,3
18503,13814,021026_ML.npy,2026-10-04,2026-10-04 02:28:54.296202,7C7C3E,DA40,DIAMOND AIRCRAFT INDUSTRIES INC.,DA 40,b4f6215293238b3b883b71597ef05d33f8b9769a60641173ee7a4dea93a4305f,True,1
18507,13818,021026_ML.npy,2026-10-04,2026-10-04 02:29:03.500648,7C7C3E,DA40,DIAMOND AIRCRAFT INDUSTRIES INC.,DA 40,c4d806ac9a5add0db1d899e2b5411cc0b807da7beeabe3e713191642214ce060,True,4
18508,13819,021026_ML.npy,2026-10-04,2026-10-04 02:29:03.503546,7C7C3E,DA40,DIAMOND AIRCRAFT INDUSTRIES INC.,DA 40,b7164fcab7ce97469b7f54e902f421221851deb4b855ba56f0a7e699ca481823,True,4
18512,13823,021026_ML.npy,2026-10-04,2026-10-04 02:29:09.330016,7C7C3E,DA40,DIAMOND AIRCRAFT INDUSTRIES INC.,DA 40,22b434072ab2576851ee787d570cc1e09e198a9ef15fcafb98d4ad44568b877d,True,5
18518,13829,021026_ML.npy,2026-10-04,2026-10-04 02:29:16.242499,7C7C3E,DA40,DIAMOND AIRCRAFT INDUSTRIES INC.,DA 40,8aa258798498ed099f79b8ee428d3c91a60d3ba497c604f224111287f79b83c7,True,2
18520,13831,021026_ML.npy,2026-10-04,2026-10-04 02:29:22.479780,7C7C3E,DA40,DIAMOND AIRCRAFT INDUSTRIES INC.,DA 40,f93fce7f8ca080b553d522d473b9024dd786797e96a96b11cc9c47a71f9e8e7a,True,1
18524,13835,021026_ML.npy,2026-10-04,2026-10-04 02:30:15.985671,7C41FD,DA40,DIAMOND AIRCRAFT INDUSTRIES INC.,DA 40,38dde1f8d7862a4c6e53356fff1bcc2cefc58682b6b577b03314ab3239b8a452,True,5
18532,13843,021026_ML.npy,2026-10-04,2026-10-04 02:30:29.569623,7C41FD,DA40,DIAMOND AIRCRAFT INDUSTRIES INC.,DA 40,d27d41b641c3335db570be5d7b900f1e9f1cb863b0cf1997afaeab05db9a48e8,True,4
18541,13852,021026_ML.npy,2026-10-04,2026-10-04 02:30:39.336668,7C41FD,DA40,DIAMOND AIRCRAFT INDUSTRIES INC.,DA 40,ffba337b9c250111d670f6ba766c9592474da31076b04e64f7b48e59fa515df0,True,2
18543,13854,021026_ML.npy,2026-10-04,2026-10-04 02:31:14.386176,7C259E,P28A,PIPER AIRCRAFT CORP,PA-28-180,cfec4486607a33ec69275df29a9f60e476af4d4ad2e75f2835a8020671628109,True,2
18544,13855,021026_ML.npy,2026-10-04,2026-10-04 02:31:17.062800,7C259E,P28A,PIPER AIRCRAFT CORP,PA-28-180,e10a40ff7becf9d2ab71ae32368999022e968b2218e39bdf38feb7665f40b749,True,3
18545,13856,021026_ML.npy,2026-10-04,2026-10-04 02:31:17.656618,7C259E,P28A,PIPER AIRCRAFT CORP,PA-28-180,285dd8b4c6a814c911730a462fa26a9e3af99ef031732c2fd0e152126a23fee9,True,1
18546,13857,021026_ML.npy,2026-10-04,2026-10-04 02:31:19.803591,7C259E,P28A,PIPER AIRCRAFT CORP,PA-28-180,48f5d2460946121ad797a16723ff2ff88a047cec3210f2d7bc911c6654861004,True,2
18547,13858,021026_ML.npy,2026-10-04,2026-10-04 02:31:19.813451,7C259E,P28A,PIPER AIRCRAFT CORP,PA-28-180,9a83ce343e3cf40287402d42ef1e3018d07fa8af5c46696495e86dedd5972962,True,4
18548,13859,021026_ML.npy,2026-10-04,2026-10-04 02:31:28.155394,7C259E,P28A,PIPER AIRCRAFT CORP,PA-28-180,17e962c3d1a439e08de2f65ce05c2223577d661fe70a4d4de0564a3bcb40fdb7,True,2
18549,13860,021026_ML.npy,2026-10-04,2026-10-04 02:31:29.203217,7C259E,P28A,PIPER AIRCRAFT CORP,PA-28-180,2d342dfd8bb827dffed732d3a07652517c9b2be73735d75d5ad06c638d961353,True,1
18550,13861,021026_ML.npy,2026-10-04,2026-10-04 02:31:29.209483,7C259E,P28A,PIPER AIRCRAFT CORP,PA-28-180,30691ac06f405c5b345b7858bef067aca2f47470fdbd4fa1441b9f1e39d95ef3,True,3
18551,13862,021026_ML.npy,2026-10-04,2026-10-04 02:31:32.420239,7C259E,P28A,PIPER AIRCRAFT CORP,PA-28-180,f44acd34cfb1e1d5ecb00e6559e487deb5ffda9ae59fca35bbf1c91fb2ec1e11,True,4
18553,13864,021026_ML.npy,2026-10-04,2026-10-04 02:31:33.173742,7C259E,P28A,PIPER AIRCRAFT CORP,PA-28-180,17e962c3d1a439e08de2f65ce05c2223577d661fe70a4d4de0564a3bcb40fdb7,True,5
18554,13865,021026_ML.npy,2026-10-04,2026-10-04 02:31:35.437494,7C259E,P28A,PIPER AIRCRAFT CORP,PA-28-180,89ed936df8ac134ecdae6b274f5a86524eecaff7af2e223bbebc3aa582e0715c,True,3
18555,13866,021026_ML.npy,2026-10-04,2026-10-04 02:31:36.882359,7C259E,P28A,PIPER AIRCRAFT CORP,PA-28-180,7ec8ecd9e8afae5ef61ee1b9ad7eb889d134fe8cb56cbe72d780128a1197f3d0,True,3
18557,13868,021026_ML.npy,2026-10-04,2026-10-04 02:31:43.399806,7C259E,P28A,PIPER AIRCRAFT CORP,PA-28-180,cd3724509647243e1d36ddb3e2d81ca575a6049b74255801f3471c7a8166350f,True,2
18566,13877,021026_ML.npy,2026-10-04,2026-10-04 02:33:17.052275,7C0077,DA40,DIAMOND AIRCRAFT INDUSTRIES INC.,DA 40,ae9f265e08bd2175e7c5eb83af881e834a43451c108d7fa410b19b126fccfd11,True,4
18574,13885,021026_ML.npy,2026-10-04,2026-10-04 02:33:28.455736,7C0077,DA40,DIAMOND AIRCRAFT INDUSTRIES INC.,DA 40,bc8ceee4a522749ec9175ff8d151d4c51042db33bf629a2e8528ab3f71f1f5e0,True,1
18593,13904,021026_ML.npy,2026-10-04,2026-10-04 02:33:51.732083,7C0077,DA40,DIAMOND AIRCRAFT INDUSTRIES INC.,DA 40,004257a4ab1bd7077473fdccc4a27b5e7179afb174a9c55b9231a277f90652f8,True,2
18607,13918,021026_ML.npy,2026-10-04,2026-10-04 02:34:03.274446,7C0077,DA40,DIAMOND AIRCRAFT INDUSTRIES INC.,DA 40,bc8ceee4a522749ec9175ff8d151d4c51042db33bf629a2e8528ab3f71f1f5e0,True,4
18608,13919,021026_ML.npy,2026-10-04,2026-10-04 02:34:04.138831,7C0077,DA40,DIAMOND AIRCRAFT INDUSTRIES INC.,DA 40,ae9f265e08bd2175e7c5eb83af881e834a43451c108d7fa410b19b126fccfd11,True,4
18623,13934,021026_ML.npy,2026-10-04,2026-10-04 02:34:21.869903,7C7C3E,DA40,DIAMOND AIRCRAFT INDUSTRIES INC.,DA 40,93e8744b93cfa9da0f11ae84241ee30c0d815834841af917d11372bfa2e76b11,True,2
18624,13935,021026_ML.npy,2026-10-04,2026-10-04 02:34:22.122336,7C7C3E,DA40,DIAMOND AIRCRAFT INDUSTRIES INC.,DA 40,f54c9986606892c9a3b873c4094decc03572547b5cea23275e8b47fb595a9dfb,True,1
18630,13941,021026_ML.npy,2026-10-04,2026-10-04 02:36:39.304363,7C259E,P28A,PIPER AIRCRAFT CORP,PA-28-180,0c5271b3cfcd87296376ee02518d00deb4d696bc4a4cef1ee84cb96e86910c50,True,2
18631,13942,021026_ML.npy,2026-10-04,2026-10-04 02:36:41.429920,7C259E,P28A,PIPER AIRCRAFT CORP,PA-28-180,2112a156576c645b704a6e06b4389b70b90a64e1b5fd891ac18894725f9282d3,True,2
18632,13943,021026_ML.npy,2026-10-04,2026-10-04 02:36:41.437129,7C259E,P28A,PIPER AIRCRAFT CORP,PA-28-180,fcc3853a27ecca633db3761bdba5bba3c398fe4c2c440b8a11670e6bf0e9de7d,True,3
18633,13944,021026_ML.npy,2026-10-04,2026-10-04 02:36:54.214423,7C259E,P28A,PIPER AIRCRAFT CORP,PA-28-180,0c5271b3cfcd87296376ee02518d00deb4d696bc4a4cef1ee84cb96e86910c50,True,3
18634,13945,021026_ML.npy,2026-10-04,2026-10-04 02:36:55.678593,7C259E,P28A,PIPER AIRCRAFT CORP,PA-28-180,10848ac8121baedc2e5bef0c43df6ff1eece2522898fa579bd93b7ff01aaab65,True,4
18635,13946,021026_ML.npy,2026-10-04,2026-10-04 02:37:00.314194,7C259E,P28A,PIPER AIRCRAFT CORP,PA-28-180,5d7b8b3bec6955b72c587095575c7e7dbfcfafe56f00437236d042171028a343,True,3
18636,13947,021026_ML.npy,2026-10-04,2026-10-04 02:37:01.362545,7C259E,P28A,PIPER AIRCRAFT CORP,PA-28-180,41711601c1b5e54e8f707886b5752c089d127bc7a2f265a64c415b5f98723067,True,2
18637,13948,021026_ML.npy,2026-10-04,2026-10-04 02:37:01.369872,7C259E,P28A,PIPER AIRCRAFT CORP,PA-28-180,052d1e61293d35ffec3fa73c16545bd6f68a5ddaa587057308a5cd850f7572b7,True,2
18638,13949,021026_ML.npy,2026-10-04,2026-10-04 02:37:14.317338,7C259E,P28A,PIPER AIRCRAFT CORP,PA-28-180,340d57a9af9a168859ee3e289f6f347c0f870a4427e1352e8d9e2f49e34a6825,True,4
18639,13950,021026_ML.npy,2026-10-04,2026-10-04 02:37:14.323369,7C259E,P28A,PIPER AIRCRAFT CORP,PA-28-180,22ca8d0005183d81718a6d53c283c353e74423174a02489faa1e8a90e21956a8,True,4
18640,13951,021026_ML.npy,2026-10-04,2026-10-04 02:37:19.321844,7C259E,P28A,PIPER AIRCRAFT CORP,PA-28-180,ed5e6ef954ddbaa921b4197800f9fe827089d4838c0ed7ed3b7b92b7e54d22b1,True,1
18641,13952,021026_ML.npy,2026-10-04,2026-10-04 02:37:58.456453,7C259E,P28A,PIPER AIRCRAFT CORP,PA-28-180,a2d89c27591e49b55bc63139a68b6b6e417fe96d170ccf70244bf4760372a839,True,2
18660,13971,021026_ML.npy,2026-10-04,2026-10-04 02:39:35.414590,7C7C3E,DA40,DIAMOND AIRCRAFT INDUSTRIES INC.,DA 40,9da18d73b8108be656e57abdade2eeaf7ff446d28168303ae6ae373d21b8a9df,True,4
18663,13974,021026_ML.npy,2026-10-04,2026-10-04 02:39:45.033234,7C7C3E,DA40,DIAMOND AIRCRAFT INDUSTRIES INC.,DA 40,a0801bfdb698e721144d885f1e896d286f52acba49889e6580cb57c5e940b58f,True,3
18664,13975,021026_ML.npy,2026-10-04,2026-10-04 02:39:45.036167,7C7C3E,DA40,DIAMOND AIRCRAFT INDUSTRIES INC.,DA 40,1a1c22d6d8f2f5448c38fabdfdba21d2acd48e1e7d02f250a41a49fb2fb446f7,True,5
18667,13978,021026_ML.npy,2026-10-04,2026-10-04 02:39:58.684256,7C7C3E,DA40,DIAMOND AIRCRAFT INDUSTRIES INC.,DA 40,5f08a115dcb79397f1885dc535e15c4f1825d92e596903aec007fe0bc4ed649d,True,1
18687,13998,021026_ML.npy,2026-10-04,2026-10-04 02:44:49.001166,7C7C3E,DA40,DIAMOND AIRCRAFT INDUSTRIES INC.,DA 40,93e8744b93cfa9da0f11ae84241ee30c0d815834841af917d11372bfa2e76b11,True,1
18693,14004,021026_ML.npy,2026-10-04,2026-10-04 02:45:02.895424,7C7C3E,DA40,DIAMOND AIRCRAFT INDUSTRIES INC.,DA 40,750bd1343ca31e48fcfb94c83d7658c1ea3d9330f69405d4a3c89d12ed09372c,True,3
18714,14025,021026_ML.npy,2026-10-04,2026-10-04 02:49:37.918454,7C7C3E,DA40,DIAMOND AIRCRAFT INDUSTRIES INC.,DA 40,50de464b5db69f39b5388412592421ab5a9f1a5c43c1b3a40ad7e04b8b31465c,True,3
18720,14031,021026_ML.npy,2026-10-04,2026-10-04 02:49:42.145985,7C7C3E,DA40,DIAMOND AIRCRAFT INDUSTRIES INC.,DA 40,12d40a2c33e663a94b36d4acf8c703160e4e4c53609c4d61ec8fbcc2e3aa6910,True,5
18739,14050,021026_ML.npy,2026-10-04,2026-10-04 02:54:55.727540,7C7C3E,DA40,DIAMOND AIRCRAFT INDUSTRIES INC.,DA 40,a365c6d073f31a44320e9eb45494dd0ee5addc8556584116d59efa36d8f2ff0a,True,1
18752,14063,021026_ML.npy,2026-10-04,2026-10-04 02:59:31.188501,7C7C3E,DA40,DIAMOND AIRCRAFT INDUSTRIES INC.,DA 40,d327d566a18844f421134ccad195f047aeb50a31a37b8c737cdca45da7491887,True,4
18770,14081,021026_ML.npy,2026-10-04,2026-10-04 03:03:31.278654,7C7C3E,DA40,DIAMOND AIRCRAFT INDUSTRIES INC.,DA 40,09fffe04eb11a0c6ef3bad250c47a80bd608852fa51eb65af11071f2dc9d4663,True,2
18792,14103,021026_ML.npy,2026-10-04,2026-10-04 03:07:37.498970,7C0077,DA40,DIAMOND AIRCRAFT INDUSTRIES INC.,DA 40,c411cef9dbd4e334ae8a8249e27fb2d65a18dcaf37c873aab5ded1cc0fd8fade,True,5
18796,14107,021026_ML.npy,2026-10-04,2026-10-04 03:07:39.363256,7C0077,DA40,DIAMOND AIRCRAFT INDUSTRIES INC.,DA 40,b0fe002073b643a40a050bab7f34cc7644ee27febed0fabe5e709ab81bd97bfa,True,5
18808,14119,021026_ML.npy,2026-10-04,2026-10-04 03:07:51.992821,7C0077,DA40,DIAMOND AIRCRAFT INDUSTRIES INC.,DA 40,22a18861d67c1b995cacde304d488f6ee5d7fa457487e756f72b04522517a325,True,1
18811,14122,021026_ML.npy,2026-10-04,2026-10-04 03:07:54.270124,7C0077,DA40,DIAMOND AIRCRAFT INDUSTRIES INC.,DA 40,decce2e370c14b6b0965dec04fd8127648e0b6cd17b9211b9e20e7f4ac23d177,True,1
18851,14162,021026_ML.npy,2026-10-04,2026-10-04 03:13:37.472072,7C0077,DA40,DIAMOND AIRCRAFT INDUSTRIES INC.,DA 40,8204dbd7b2df351c1d854785e0f30946cf6fa6c4aa85a3ecb80ab395a7b0aa08,True,4
18855,14166,021026_ML.npy,2026-10-04,2026-10-04 03:13:41.300727,7C0077,DA40,DIAMOND AIRCRAFT INDUSTRIES INC.,DA 40,3d5b728de69342a469dd6864e072807175b58b65c6551465d9238062f50ab9f3,True,1
18873,14184,021026_ML.npy,2026-10-04,2026-10-04 03:14:05.720520,7C0077,DA40,DIAMOND AIRCRAFT INDUSTRIES INC.,DA 40,bc0d0a121ecd58a812b620ee1209d268a84194d5a790570ca2744b02aa596c89,True,3
18898,14209,021026_ML.npy,2026-10-04,2026-10-04 03:19:08.647223,7C0077,DA40,DIAMOND AIRCRAFT INDUSTRIES INC.,DA 40,01b831581425d131f5d45f1743a43fc2927d141d10179c7539771b6b1882743f,True,1
18907,14218,021026_ML.npy,2026-10-04,2026-10-04 03:24:26.359918,7C7C2E,DA40,DIAMOND AIRCRAFT INDUSTRIES INC.,DA 40,5c898c7b9f0b7452f12f790026a6778e0b377d0ae3f4fd704c20ffa2cd276263,True,4
18913,14224,021026_ML.npy,2026-10-04,2026-10-04 03:24:37.218436,7C7C2E,DA40,DIAMOND AIRCRAFT INDUSTRIES INC.,DA 40,e02aa398677090550fa1d167d683b0ba63d6245ca27ebed2e74fec9581da1522,True,5
18915,14226,021026_ML.npy,2026-10-04,2026-10-04 03:24:42.098268,7C7C2E,DA40,DIAMOND AIRCRAFT INDUSTRIES INC.,DA 40,7c3f29ab2e76959c1fef1df86be66a447a853826892b87a5b9bb143bab379207,True,5
18922,14233,021026_ML.npy,2026-10-04,2026-10-04 03:24:51.320756,7C7C2E,DA40,DIAMOND AIRCRAFT INDUSTRIES INC.,DA 40,fca0f2ce3a28a9aa9fe4b9f2d2fb1b53abe625b8531ec8f24ace928c9a8332f6,True,3
18930,14241,021026_ML.npy,2026-10-04,2026-10-04 03:24:55.716769,7C7C2E,DA40,DIAMOND AIRCRAFT INDUSTRIES INC.,DA 40,2e267199096ace50d84f2303899753f8604fb1db5a1ec998312c04da48427913,True,1
18956,14267,021026_ML.npy,2026-10-04,2026-10-04 03:33:05.120221,7C7B65,DA40,DIAMOND AIRCRAFT INDUSTRIES INC.,DA 40,594eace6a51c818283a00199aae599d441713ab75a26c0a9126451e986efce24,True,1
18961,14272,021026_ML.npy,2026-10-04,2026-10-04 03:33:09.369864,7C7B65,DA40,DIAMOND AIRCRAFT INDUSTRIES INC.,DA 40,d84b141b324de18243999484e927eae100ed4bcc11f560109980ca18dcf49390,True,1
18964,14275,021026_ML.npy,2026-10-04,2026-10-04 03:33:13.767707,7C7B65,DA40,DIAMOND AIRCRAFT INDUSTRIES INC.,DA 40,2483d5636db62b4956d6128550a54eb1ac64eb641b90eba9dcc8d72feb15c7aa,True,5
18970,14281,021026_ML.npy,2026-10-04,2026-10-04 03:33:22.330021,7C7B65,DA40,DIAMOND AIRCRAFT INDUSTRIES INC.,DA 40,55b61e62d60a179040fa03f2ea10b8fc3e19ea11196ae47899c6c5c019cef57e,True,3
18983,14294,021026_ML.npy,2026-10-04,2026-10-04 03:33:42.889615,7C7B65,DA40,DIAMOND AIRCRAFT INDUSTRIES INC.,DA 40,5e6a63d77b3988c55b2b5094dfb6a97c138e9aa0202f285b8aa6ae0b2ab2753c,True,4
18990,14301,021026_ML.npy,2026-10-04,2026-10-04 03:34:44.003010,7C7C2E,DA40,DIAMOND AIRCRAFT INDUSTRIES INC.,DA 40,88555c2dcb083f6b0ae00c7289de62c860c4dedd79b410a53c1787cfb70dce7d,True,5
19004,14315,021026_ML.npy,2026-10-04,2026-10-04 03:35:13.340657,7C7C2E,DA40,DIAMOND AIRCRAFT INDUSTRIES INC.,DA 40,4757b22650c027c2e624d954146f71970c2fb888eac44bb3119da7fb0137a50c,True,5
19057,14368,021026_ML.npy,2026-10-04,2026-10-04 03:40:50.105627,7C7C2E,DA40,DIAMOND AIRCRAFT INDUSTRIES INC.,DA 40,b3e1234a10b77660b4900137069196c1d28b82a04b210d9bdd906772fe4872f1,True,4
19075,14386,021026_ML.npy,2026-10-04,2026-10-04 03:46:02.453568,7C7C2E,DA40,DIAMOND AIRCRAFT INDUSTRIES INC.,DA 40,012c1a8add351910d9f6a592e485e54c58ec36dec554f1351bc03de879088239,True,1
19077,14388,021026_ML.npy,2026-10-04,2026-10-04 03:46:03.697421,7C7C2E,DA40,DIAMOND AIRCRAFT INDUSTRIES INC.,DA 40,ab985764ff9649d3b92c1c5845b1848efb212061aa52bd3d65f4e31cca6bea6b,True,3
19079,14390,021026_ML.npy,2026-10-04,2026-10-04 03:46:04.919549,7C7C2E,DA40,DIAMOND AIRCRAFT INDUSTRIES INC.,DA 40,012c1a8add351910d9f6a592e485e54c58ec36dec554f1351bc03de879088239,True,3
19085,14396,021026_ML.npy,2026-10-04,2026-10-04 03:46:07.333409,7C7C2E,DA40,DIAMOND AIRCRAFT INDUSTRIES INC.,DA 40,35d03559ef3f521924a3c502221dd980f7bd81e34c40a7b758954e4c3bb8471c,True,5
19113,14424,021026_ML.npy,2026-10-04,2026-10-04 03:46:23.374807,7C7C2E,DA40,DIAMOND AIRCRAFT INDUSTRIES INC.,DA 40,24f477a746de43cdbb59b13740a7b961cfcbbe0225657104b4ac511ca745b4ce,True,4
19114,14425,021026_ML.npy,2026-10-04,2026-10-04 03:46:24.415480,7C7C2E,DA40,DIAMOND AIRCRAFT INDUSTRIES INC.,DA 40,163f6997065b11fcae5e03b3eab925005654d118594ac325f2138599ec1bed27,True,4
19169,14480,021026_ML.npy,2026-10-04,2026-10-04 03:51:10.068651,7C7C2E,DA40,DIAMOND AIRCRAFT INDUSTRIES INC.,DA 40,f87f8cab47876c3682029b3a0286af4ab8a35330a51175ca50aaa2f5f0116024,True,2
19175,14486,021026_ML.npy,2026-10-04,2026-10-04 03:51:13.804417,7C7C2E,DA40,DIAMOND AIRCRAFT INDUSTRIES INC.,DA 40,337cfb2a5b3fde1ff873657c603d666637114f21cb80b271115433b90073c5fc,True,2
19184,14495,021026_ML.npy,2026-10-04,2026-10-04 03:51:32.140451,7C7C2E,DA40,DIAMOND AIRCRAFT INDUSTRIES INC.,DA 40,d6d5c106870667de464b642124cc89effbc4c3336f6b2ef14d857acfd5d759bd,True,4
19185,14496,021026_ML.npy,2026-10-04,2026-10-04 03:51:33.133505,7C7C2E,DA40,DIAMOND AIRCRAFT INDUSTRIES INC.,DA 40,012c1a8add351910d9f6a592e485e54c58ec36dec554f1351bc03de879088239,True,5
19195,14506,021026_ML.npy,2026-10-04,2026-10-04 03:51:41.289382,7C7C2E,DA40,DIAMOND AIRCRAFT INDUSTRIES INC.,DA 40,f8a919c01c5598e1a9f87d858809f42cd1ecdfd0252012f5451b80d17defde2e,True,1
19202,14513,021026_ML.npy,2026-10-04,2026-10-04 03:56:43.983897,7C7C2E,DA40,DIAMOND AIRCRAFT INDUSTRIES INC.,DA 40,012c1a8add351910d9f6a592e485e54c58ec36dec554f1351bc03de879088239,True,2
19223,14534,021026_ML.npy,2026-10-04,2026-10-04 03:57:20.202085,7C7C2E,DA40,DIAMOND AIRCRAFT INDUSTRIES INC.,DA 40,012c1a8add351910d9f6a592e485e54c58ec36dec554f1351bc03de879088239,True,3
19234,14545,021026_ML.npy,2026-10-04,2026-10-04 04:02:34.008090,7C7C2E,DA40,DIAMOND AIRCRAFT INDUSTRIES INC.,DA 40,012c1a8add351910d9f6a592e485e54c58ec36dec554f1351bc03de879088239,True,3
19263,14574,021026_ML.npy,2026-10-04,2026-10-04 04:08:08.431047,7C7C2E,DA40,DIAMOND AIRCRAFT INDUSTRIES INC.,DA 40,012c1a8add351910d9f6a592e485e54c58ec36dec554f1351bc03de879088239,True,2
19265,14576,021026_ML.npy,2026-10-04,2026-10-04 04:08:09.702595,7C41FD,DA40,DIAMOND AIRCRAFT INDUSTRIES INC.,DA 40,272184d0d363493a6a882d6c8d129563d5cacd94bc33740b6ee1fddf987de1cb,True,3
19304,14615,021026_ML.npy,2026-10-04,2026-10-04 04:13:07.982741,7C41FD,DA40,DIAMOND AIRCRAFT INDUSTRIES INC.,DA 40,28fd4e4a8ed813e80b76ac0f9ce9f0289a5be4b3d2bb4e668c3935dfcba766be,True,2
19316,14627,021026_ML.npy,2026-10-04,2026-10-04 04:16:57.114718,7C41FD,DA40,DIAMOND AIRCRAFT INDUSTRIES INC.,DA 40,2bdccfcc281363c813bf999e39127fc9bcf90a83c618a6d1a2a023da9860cbb3,True,2
19320,14631,021026_ML.npy,2026-10-04,2026-10-04 04:17:01.717328,7C41FD,DA40,DIAMOND AIRCRAFT INDUSTRIES INC.,DA 40,cc291319197b727677c53e16d132f4896fa25b3e909610418657cd4ebc0e942a,True,1
19323,14634,021026_ML.npy,2026-10-04,2026-10-04 04:17:04.034137,7C41FD,DA40,DIAMOND AIRCRAFT INDUSTRIES INC.,DA 40,622f3cc7b0833e59df31d9f20a6edb89a9134371a90362469765ca147b9777e0,True,4
19332,14643,021026_ML.npy,2026-10-04,2026-10-04 04:17:17.150941,7C41FD,DA40,DIAMOND AIRCRAFT INDUSTRIES INC.,DA 40,ca3c431819122b2a9e842a54a6e771d97c78dfd9bf3576dcd5186f0cefafb50c,True,4
19356,14667,021026_ML.npy,2026-10-04,2026-10-04 04:21:53.242024,7C41FD,DA40,DIAMOND AIRCRAFT INDUSTRIES INC.,DA 40,53cd5f2e3062dbdf761bd314b9858bd3622a1e8236e1db3261ea87885f4cd219,True,1
19395,14706,021026_ML.npy,2026-10-04,2026-10-04 04:35:38.743214,7C41FD,DA40,DIAMOND AIRCRAFT INDUSTRIES INC.,DA 40,421afc6172091c1f7f1d484a937ac08da1ea6d152374c7965487e28cad606acd,True,1
19403,14714,021026_ML.npy,2026-10-04,2026-10-04 04:35:45.734122,7C41FD,DA40,DIAMOND AIRCRAFT INDUSTRIES INC.,DA 40,adf912be04a1244d626f6635b266f837bceb1d4665d25e31aa93c9eca14b4674,True,2
19410,14721,021026_ML.npy,2026-10-04,2026-10-04 04:35:58.828700,7C41FD,DA40,DIAMOND AIRCRAFT INDUSTRIES INC.,DA 40,421afc6172091c1f7f1d484a937ac08da1ea6d152374c7965487e28cad606acd,True,4
19412,14723,021026_ML.npy,2026-10-04,2026-10-04 04:36:06.471642,7C41FD,DA40,DIAMOND AIRCRAFT INDUSTRIES INC.,DA 40,1676c2fac281b992d37f05b70188ccac6e71f36add2bee3298705b1d2a66907e,True,3
19434,14745,021026_ML.npy,2026-10-04,2026-10-04 04:40:36.597785,7C41FD,DA40,DIAMOND AIRCRAFT INDUSTRIES INC.,DA 40,f4d35816f2f97950724c2cb14495d015b957f2b4d2a7335d64a30e66d08a5f30,True,3
19441,14752,021026_ML.npy,2026-10-04,2026-10-04 04:40:47.568762,7C41FD,DA40,DIAMOND AIRCRAFT INDUSTRIES INC.,DA 40,91416a8d311e43c1f1f66aa4231e8e65e53d05bce2a83785cf97606b6721ec9a,True,5
19467,14778,021026_ML.npy,2026-10-04,2026-10-04 04:41:05.821495,7C41FD,DA40,DIAMOND AIRCRAFT INDUSTRIES INC.,DA 40,b74eb54be19f2bec50d327ba785ae61b3ccdecf02594dedf5f70269cf67dbe9a,True,3
19473,14784,021026_ML.npy,2026-10-04,2026-10-04 04:44:56.719885,7C41FD,DA40,DIAMOND AIRCRAFT INDUSTRIES INC.,DA 40,deb73d9c45e4df0d50635c8fbfe633d8bae7aeb0b96e0167111b06a07c3efbed,True,5
19477,14788,021026_ML.npy,2026-10-04,2026-10-04 04:45:04.110036,7C41FD,DA40,DIAMOND AIRCRAFT INDUSTRIES INC.,DA 40,272184d0d363493a6a882d6c8d129563d5cacd94bc33740b6ee1fddf987de1cb,True,3
19493,14804,021026_ML.npy,2026-10-04,2026-10-04 04:45:18.975878,7C41FD,DA40,DIAMOND AIRCRAFT INDUSTRIES INC.,DA 40,8be3c06e09fb2904e173ad0d774902d19b7d9dbe7a462c56dfa53be9e8a9df8f,True,4
19499,14810,021026_ML.npy,2026-10-04,2026-10-04 04:45:26.423028,7C41FD,DA40,DIAMOND AIRCRAFT INDUSTRIES INC.,DA 40,f6815badb11f9ef5afb771cc2221c9fa96e075f92ec400aec5d4685c322250bd,True,2
19516,14827,021026_ML.npy,2026-10-04,2026-10-04 04:45:47.230782,7C41FD,DA40,DIAMOND AIRCRAFT INDUSTRIES INC.,DA 40,62f4dba454d9a081ce58a6bda39c62b760d615618c2051636ad61f8805d66f17,True,4
19550,14861,021026_ML.npy,2026-10-04,2026-10-04 04:50:22.591911,7C41FD,DA40,DIAMOND AIRCRAFT INDUSTRIES INC.,DA 40,2bdccfcc281363c813bf999e39127fc9bcf90a83c618a6d1a2a023da9860cbb3,True,2
19761,15072,021026_ML.npy,2026-10-04,2026-10-04 18:36:16.899808,7C7B5E,DA40,DIAMOND AIRCRAFT INDUSTRIES INC.,DA 40,db669a3fcf2edced4c5b41a9a0901feaf7d9ac42bc2922b381de9a7726bb480b,True,3
19773,15084,021026_ML.npy,2026-10-04,2026-10-04 18:37:04.791005,7C7B5E,DA40,DIAMOND AIRCRAFT INDUSTRIES INC.,DA 40,7d0361701d59ff89a994bad5a2b16054a2521d58e9b2c1d9fdd1178827f3d107,True,2
19783,15094,021026_ML.npy,2026-10-04,2026-10-04 18:37:18.271459,7C7B5E,DA40,DIAMOND AIRCRAFT INDUSTRIES INC.,DA 40,19d32a2e3a0b5f64e8d18294ee494324efe7bcb1a689cd7bb28000d0bb6517bc,True,5
19791,15102,021026_ML.npy,2026-10-04,2026-10-04 18:39:16.245417,7C7B5E,DA40,DIAMOND AIRCRAFT INDUSTRIES INC.,DA 40,d07dfa7510fb7df0f090918ebce3709d6ebd50a774bc8deafb177eb407f0cf44,True,1
19796,15107,021026_ML.npy,2026-10-04,2026-10-04 18:39:40.805419,7C7B5E,DA40,DIAMOND AIRCRAFT INDUSTRIES INC.,DA 40,fa9e1f4b58781219b4d1bcd1016e310fb0c19919cba5e1f14bb62b513d8038ee,True,5
19798,15109,021026_ML.npy,2026-10-04,2026-10-04 18:39:51.445733,7C7B5E,DA40,DIAMOND AIRCRAFT INDUSTRIES INC.,DA 40,3730ff99fae985c0d6bf741274f825419c94fac797a9f8dc7e93febc5d5563c7,True,2
19805,15116,021026_ML.npy,2026-10-04,2026-10-04 18:46:58.468059,7C67D3,C172,CESSNA AIRCRAFT COMPANY,172S,98859d8ea52d3abc13b89f0cfa5ce70c558330590022b9c06eec1825df9c2c73,True,4
19831,15142,021026_ML.npy,2026-10-04,2026-10-04 19:02:30.513583,7C168B,DA40,DIAMOND AIRCRAFT INDUSTRIES INC.,DA 40,24b8a4b67b8570184c9f81d8e925ef1bce173da3fa1e449efc535034460f77ec,True,1
19844,15155,021026_ML.npy,2026-10-04,2026-10-04 19:09:49.292815,7C7C3E,DA40,DIAMOND AIRCRAFT INDUSTRIES INC.,DA 40,b14ae907e4502eb8ac44b4ef80c3cd08524acf71c6bfbf4ab75fa6ccc23ce5d4,True,4
19860,15171,021026_ML.npy,2026-10-04,2026-10-04 19:20:13.210824,7C7C3E,DA40,DIAMOND AIRCRAFT INDUSTRIES INC.,DA 40,6d6abc94e0b98c35f7213f75634a211a3897829d8cbbdc941d719cc678dac059,True,5
19863,15174,021026_ML.npy,2026-10-04,2026-10-04 19:20:19.277068,7C7C3E,DA40,DIAMOND AIRCRAFT INDUSTRIES INC.,DA 40,3bdf279d4d7c5da3683be2495214db1bd4874ebe21926f86f01c003e63b7fff2,True,2
19890,15201,021026_ML.npy,2026-10-04,2026-10-04 19:27:05.704754,7C67D3,C172,CESSNA AIRCRAFT COMPANY,172S,8728119cca7d73c2dcc9007e925c8722504af3f92865a24b7c3626f6c081af42,True,1
19896,15207,021026_ML.npy,2026-10-04,2026-10-04 19:27:36.105732,7C67D3,C172,CESSNA AIRCRAFT COMPANY,172S,1d2a93195940b2f48a751165a06ce6dc3faf64ecfafb665d625fef2e26c73730,True,3
19898,15209,021026_ML.npy,2026-10-04,2026-10-04 19:27:40.385872,7C67D3,C172,CESSNA AIRCRAFT COMPANY,172S,545cc0c8ccc866dd415a505901d309daffeda0de4f3d23c1c00a74d3291675af,True,5
19899,15210,021026_ML.npy,2026-10-04,2026-10-04 19:27:42.869596,7C67D3,C172,CESSNA AIRCRAFT COMPANY,172S,98859d8ea52d3abc13b89f0cfa5ce70c558330590022b9c06eec1825df9c2c73,True,2
19911,15222,021026_ML.npy,2026-10-04,2026-10-04 19:27:54.208289,7C67D3,C172,CESSNA AIRCRAFT COMPANY,172S,dea77f8c7e1729cba7c5125741045b8fb7d008c44652ab4647fc9b9fc3bfe0dd,True,1
19915,15226,021026_ML.npy,2026-10-04,2026-10-04 19:27:56.812283,7C67D3,C172,CESSNA AIRCRAFT COMPANY,172S,8728119cca7d73c2dcc9007e925c8722504af3f92865a24b7c3626f6c081af42,True,4
19920,15231,021026_ML.npy,2026-10-04,2026-10-04 19:28:00.889347,7C67D3,C172,CESSNA AIRCRAFT COMPANY,172S,667c10fb27f11c39f9f2ec5ce57f092065e56ac8e0a6ac3cca29c5dcf07897d8,True,4
19930,15241,021026_ML.npy,2026-10-04,2026-10-04 19:28:13.285991,7C67D3,C172,CESSNA AIRCRAFT COMPANY,172S,7de489d8e1e61dcda88869e601d06b8ab48f05d209eaae60d49927c6160dbdec,True,5
19940,15251,021026_ML.npy,2026-10-04,2026-10-04 19:31:21.730016,7C7C3E,DA40,DIAMOND AIRCRAFT INDUSTRIES INC.,DA 40,e8800de8f7c4fe74040c77c3d7f90d7e2f43671662cc211bac87e15d30a86c3f,True,3
19944,15255,021026_ML.npy,2026-10-04,2026-10-04 19:31:32.722197,7C7C3E,DA40,DIAMOND AIRCRAFT INDUSTRIES INC.,DA 40,a9148781f61dea0a02617b54ec4de3178ec064cdecdeef9f0621a54c6dd8189f,True,2
19958,15269,021026_ML.npy,2026-10-04,2026-10-04 19:47:21.176884,7C0077,DA40,DIAMOND AIRCRAFT INDUSTRIES INC.,DA 40,8d80bbc5d41c3ba7acb7766118e7629d783b8e94d76545c3f255c2912a700771,True,3
19963,15274,021026_ML.npy,2026-10-04,2026-10-04 19:47:25.707803,7C0077,DA40,DIAMOND AIRCRAFT INDUSTRIES INC.,DA 40,49a006d7bc2ec4cde0a9e019495015421fa00108f2a1b43dc187b55c54cda0aa,True,2
19971,15282,021026_ML.npy,2026-10-04,2026-10-04 19:47:52.133228,7C0077,DA40,DIAMOND AIRCRAFT INDUSTRIES INC.,DA 40,d7629b4b7d367e7d3f54ea65170ad0758fb6552ec007d8022bb0337a54971fc2,True,3
19979,15290,021026_ML.npy,2026-10-04,2026-10-04 19:55:14.226755,7C1689,DA40,DIAMOND AIRCRAFT INDUSTRIES INC.,DA 40,9862cead934ce470b3a3f6694ac1aef05f46fa6f795f103568829cf48d0c8313,True,4
20046,15357,021026_ML.npy,2026-10-04,2026-10-04 20:00:28.525728,7C1689,DA40,DIAMOND AIRCRAFT INDUSTRIES INC.,DA 40,e827403019ba7acbcea1f232e9ac7314991085f89e37b33a3fb0ce7cb1a16531,True,4
20068,15379,021026_ML.npy,2026-10-04,2026-10-04 20:00:52.246594,7C1689,DA40,DIAMOND AIRCRAFT INDUSTRIES INC.,DA 40,0d6953ebd19704adcbd26fd17aa6f196d3fd498d0d5e8dc4be2ede0cef5dd078,True,5
20071,15382,021026_ML.npy,2026-10-04,2026-10-04 20:01:11.154752,7C0077,DA40,DIAMOND AIRCRAFT INDUSTRIES INC.,DA 40,e3f04326c52a7a9311871fd3aa1e01a487cebd7c1eff3ba9941fe7b621423e36,True,1
20092,15403,021026_ML.npy,2026-10-04,2026-10-04 20:01:29.959484,7C0077,DA40,DIAMOND AIRCRAFT INDUSTRIES INC.,DA 40,3e8cf1a5d9ca662c4f180055de2cb7211b485b7c87588801fe0c101f43244c66,True,5
20109,15420,021026_ML.npy,2026-10-04,2026-10-04 20:01:55.695228,7C0077,DA40,DIAMOND AIRCRAFT INDUSTRIES INC.,DA 40,ae9f265e08bd2175e7c5eb83af881e834a43451c108d7fa410b19b126fccfd11,True,1
20178,15489,021026_ML.npy,2026-10-04,2026-10-04 20:05:46.907783,7C1689,DA40,DIAMOND AIRCRAFT INDUSTRIES INC.,DA 40,c3a224ecfc326b7ddfa6d3030fac09e9d6aee56f6aaff65c4240315dc1d7bcd7,True,2
20186,15497,021026_ML.npy,2026-10-04,2026-10-04 20:06:00.030516,7C1689,DA40,DIAMOND AIRCRAFT INDUSTRIES INC.,DA 40,6200fcb3f895aef71e28b661e15b7aae6082984b534d2b6533a007137dea25f3,True,2
20190,15501,021026_ML.npy,2026-10-04,2026-10-04 20:06:07.305167,7C1689,DA40,DIAMOND AIRCRAFT INDUSTRIES INC.,DA 40,972db3ef06a2ea1bc7d79b480b7a5df850711f13b0a5ccaaf93b4200ddc1d242,True,2
20194,15505,021026_ML.npy,2026-10-04,2026-10-04 20:06:11.216075,7C1689,DA40,DIAMOND AIRCRAFT INDUSTRIES INC.,DA 40,6200fcb3f895aef71e28b661e15b7aae6082984b534d2b6533a007137dea25f3,True,4
20289,15600,021026_ML.npy,2026-10-04,2026-10-04 20:16:34.724942,7C1689,DA40,DIAMOND AIRCRAFT INDUSTRIES INC.,DA 40,6200fcb3f895aef71e28b661e15b7aae6082984b534d2b6533a007137dea25f3,True,4
20297,15608,021026_ML.npy,2026-10-04,2026-10-04 20:17:01.337022,7C1689,DA40,DIAMOND AIRCRAFT INDUSTRIES INC.,DA 40,fcca90aa44f1c4b4e69f8a8c02dae634fc2b2962a86c5f0b95331dc840deee27,True,3
20300,15611,021026_ML.npy,2026-10-04,2026-10-04 20:21:38.351239,7C1689,DA40,DIAMOND AIRCRAFT INDUSTRIES INC.,DA 40,1078af95459813fd03616ff31d5cf1e7d3f88b2612da37c6fecb1d91e4a3dd52,True,4
20310,15621,021026_ML.npy,2026-10-04,2026-10-04 20:21:56.222074,7C1689,DA40,DIAMOND AIRCRAFT INDUSTRIES INC.,DA 40,e93dba4c61f435f2354d9be2b6915f05ff0cbbcbd7190af92991bd8e9888a8e1,True,5
20311,15622,021026_ML.npy,2026-10-04,2026-10-04 20:21:56.446733,7C1689,DA40,DIAMOND AIRCRAFT INDUSTRIES INC.,DA 40,6200fcb3f895aef71e28b661e15b7aae6082984b534d2b6533a007137dea25f3,True,3
20326,15637,021026_ML.npy,2026-10-04,2026-10-04 20:27:11.178870,7C1689,DA40,DIAMOND AIRCRAFT INDUSTRIES INC.,DA 40,6200fcb3f895aef71e28b661e15b7aae6082984b534d2b6533a007137dea25f3,True,1
20328,15639,021026_ML.npy,2026-10-04,2026-10-04 20:27:13.685648,7C1689,DA40,DIAMOND AIRCRAFT INDUSTRIES INC.,DA 40,6200fcb3f895aef71e28b661e15b7aae6082984b534d2b6533a007137dea25f3,True,5
20357,15668,021026_ML.npy,2026-10-04,2026-10-04 20:29:50.438549,7C41FD,DA40,DIAMOND AIRCRAFT INDUSTRIES INC.,DA 40,c8adb8a7a4bf5d9d0dd5d59dfbb4d50f4b15c07d51f20ad7bbef373b90ef88dc,True,4
20368,15679,021026_ML.npy,2026-10-04,2026-10-04 20:29:59.545335,7C41FD,DA40,DIAMOND AIRCRAFT INDUSTRIES INC.,DA 40,6f5ee31fdd82f45104ceefc172be616f92a9513da43962a1334f675091d25660,True,5
20381,15692,021026_ML.npy,2026-10-04,2026-10-04 20:32:22.168642,7C1689,DA40,DIAMOND AIRCRAFT INDUSTRIES INC.,DA 40,6200fcb3f895aef71e28b661e15b7aae6082984b534d2b6533a007137dea25f3,True,3
20385,15696,021026_ML.npy,2026-10-04,2026-10-04 20:32:38.642605,7C1689,DA40,DIAMOND AIRCRAFT INDUSTRIES INC.,DA 40,00ea569ce4d9e14cb6356efb590793217086bcc7c79430b20b9dc2d539ccb2f3,True,2
20419,15730,021026_ML.npy,2026-10-04,2026-10-04 20:37:36.169479,7C1689,DA40,DIAMOND AIRCRAFT INDUSTRIES INC.,DA 40,54092d8d97a9e2efd2f0b1cce382cce50d8b29da950ad82befc2903a7d6aafa7,True,1
20424,15735,021026_ML.npy,2026-10-04,2026-10-04 20:37:40.137028,7C1689,DA40,DIAMOND AIRCRAFT INDUSTRIES INC.,DA 40,d842bd58811f68a7e643ec602f670021219b669feb69a652c88375eb2101228c,True,2
20448,15759,021026_ML.npy,2026-10-04,2026-10-04 20:38:14.254467,7C7CF7,C172,CESSNA AIRCRAFT COMPANY,172M,aafc49c37350cbea89acaa134fa14368b7c80881fb75aa8cdc8b9523fb4d5540,True,3
20450,15761,021026_ML.npy,2026-10-04,2026-10-04 20:38:18.343962,7C7CF7,C172,CESSNA AIRCRAFT COMPANY,172M,f04e20ec4890e82c16df86e0388e3d2af8f45ee62c099aba9e5eb4ff06ee01aa,True,4
20451,15762,021026_ML.npy,2026-10-04,2026-10-04 20:38:27.075975,7C7CF7,C172,CESSNA AIRCRAFT COMPANY,172M,92278a395c12b410152b3ae911e25abdf8a671b26651887a00b5729aba47661a,True,4
20455,15766,021026_ML.npy,2026-10-04,2026-10-04 20:38:38.232074,7C7CF7,C172,CESSNA AIRCRAFT COMPANY,172M,f04e20ec4890e82c16df86e0388e3d2af8f45ee62c099aba9e5eb4ff06ee01aa,True,1
20464,15775,021026_ML.npy,2026-10-04,2026-10-04 20:38:46.191376,7C7CF7,C172,CESSNA AIRCRAFT COMPANY,172M,ad5d71c375e3716d1319e22505c4ac2cdb06f34efd72b5711ffd8d5bc6651cbf,True,3
20466,15777,021026_ML.npy,2026-10-04,2026-10-04 20:38:51.087901,7C7CF7,C172,CESSNA AIRCRAFT COMPANY,172M,1385a75b59b1188635fd8db87892f2cc83133f67ef408117dc610c39dfe1f40b,True,4
20468,15779,021026_ML.npy,2026-10-04,2026-10-04 20:38:56.537670,7C7CF7,C172,CESSNA AIRCRAFT COMPANY,172M,6f0f4a89ad4ce7a7b089a7ae208a1e0032d589bc44222f744bf7ee010ed039e0,True,3
20471,15782,021026_ML.npy,2026-10-04,2026-10-04 20:39:01.979396,7C7CF7,C172,CESSNA AIRCRAFT COMPANY,172M,4aaed8016f6ff5e03b3726e0efb88d1e1809a218f733971ac5155ecffc56e04d,True,2
20474,15785,021026_ML.npy,2026-10-04,2026-10-04 20:39:07.230719,7C7CF7,C172,CESSNA AIRCRAFT COMPANY,172M,9981487574bfb278bcf357a616501ad1c4f827cf8a7448a7658bdfe8c9cea3c3,True,4
20479,15790,021026_ML.npy,2026-10-04,2026-10-04 20:39:17.417310,7C7CF7,C172,CESSNA AIRCRAFT COMPANY,172M,42b45a71535636002cfd7442fda8bcdc4f6d27c96d19e6bcc449ec38b849d919,True,1
20481,15792,021026_ML.npy,2026-10-04,2026-10-04 20:39:17.918300,7C7CF7,C172,CESSNA AIRCRAFT COMPANY,172M,ba20996078515a7e699cbee480641493dea346b31aa363676ece791c6238b792,True,4
20484,15795,021026_ML.npy,2026-10-04,2026-10-04 20:39:21.172451,7C7CF7,C172,CESSNA AIRCRAFT COMPANY,172M,6f0f4a89ad4ce7a7b089a7ae208a1e0032d589bc44222f744bf7ee010ed039e0,True,5
20489,15800,021026_ML.npy,2026-10-04,2026-10-04 20:42:41.354188,7C1689,DA40,DIAMOND AIRCRAFT INDUSTRIES INC.,DA 40,0f129ef204afcd4175abfe3c44deb4d27cc03ca7945bc903cdba9f5902afe0f3,True,4
20492,15803,021026_ML.npy,2026-10-04,2026-10-04 20:42:44.639888,7C1689,DA40,DIAMOND AIRCRAFT INDUSTRIES INC.,DA 40,520b082f52f05712b6edcaf5e2b4cddfecf0d929702b701ee6bdd71ac9f4b94c,True,4
20508,15819,021026_ML.npy,2026-10-04,2026-10-04 20:43:04.120182,7C1689,DA40,DIAMOND AIRCRAFT INDUSTRIES INC.,DA 40,8fe76a7e59718f3b4a8ab7d558a19e6dd1c41d78369da3c590c51b28f5707c1b,True,5
20519,15830,021026_ML.npy,2026-10-04,2026-10-04 20:43:10.974970,7C1689,DA40,DIAMOND AIRCRAFT INDUSTRIES INC.,DA 40,e93dba4c61f435f2354d9be2b6915f05ff0cbbcbd7190af92991bd8e9888a8e1,True,2
20530,15841,021026_ML.npy,2026-10-04,2026-10-04 20:43:16.005327,7C1689,DA40,DIAMOND AIRCRAFT INDUSTRIES INC.,DA 40,82b9fc31977653a849b09fd67550089b590de568aa94c7708b669ca6cf1ad647,True,1
20578,15889,021026_ML.npy,2026-10-04,2026-10-04 20:53:37.797774,7C7B5E,DA40,DIAMOND AIRCRAFT INDUSTRIES INC.,DA 40,556ebfc3a04653933c26feae5d723e48ce10e0d87856f5a35a71ff3bf4e97007,True,5
20582,15893,021026_ML.npy,2026-10-04,2026-10-04 20:53:47.360895,7C7B5E,DA40,DIAMOND AIRCRAFT INDUSTRIES INC.,DA 40,556ebfc3a04653933c26feae5d723e48ce10e0d87856f5a35a71ff3bf4e97007,True,4
20590,15901,021026_ML.npy,2026-10-04,2026-10-04 20:53:56.292038,7C7B5E,DA40,DIAMOND AIRCRAFT INDUSTRIES INC.,DA 40,3b54b8f422ab7e04a40e2d71eb117ef2f6768c74513e8e02c3e6d9173e4a1634,True,3
20596,15907,021026_ML.npy,2026-10-04,2026-10-04 20:54:08.262743,7C7B5E,DA40,DIAMOND AIRCRAFT INDUSTRIES INC.,DA 40,3eff3c2223bb51733af1dff08424a41218a6207acea66069ec7a505b436de4cd,True,5
20605,15916,021026_ML.npy,2026-10-04,2026-10-04 21:05:12.977325,7C2E75,C172,CESSNA AIRCRAFT COMPANY,172N,3ddfdf63664ee4f695be89c52bbc8835816239eea743a5147088b7416e501d59,True,5
20606,15917,021026_ML.npy,2026-10-04,2026-10-04 21:05:13.476832,7C2E75,C172,CESSNA AIRCRAFT COMPANY,172N,3b636c49004b79fc3f1136a75b991e59f69db28ef834fd86f99058985e9d86e8,True,2
20619,15930,021026_ML.npy,2026-10-04,2026-10-04 21:05:21.039000,7C2E75,C172,CESSNA AIRCRAFT COMPANY,172N,07cb4f194d51849833357587a77829c9b7aaf1080f2eb3180ee21a3d2e89510c,True,5
20634,15945,021026_ML.npy,2026-10-04,2026-10-04 21:05:45.963369,7C2E75,C172,CESSNA AIRCRAFT COMPANY,172N,6d33eaeee7367c80f6020fa7987975cee7b167bdbdca5c8a812deabc9d853d87,True,5
20639,15950,021026_ML.npy,2026-10-04,2026-10-04 21:06:04.690577,7C2E75,C172,CESSNA AIRCRAFT COMPANY,172N,035253fa673ae1800735ede68a37727ce1e5221d4f628870564108e8f0bc5760,True,5
20640,15951,021026_ML.npy,2026-10-04,2026-10-04 21:06:04.696494,7C2E75,C172,CESSNA AIRCRAFT COMPANY,172N,d8d18c7a3c19fa0ab83876ff986ed1e66c061d79faff5e116c1e6f4c5b31cff6,True,5
20644,15955,021026_ML.npy,2026-10-04,2026-10-04 21:06:10.983199,7C2E75,C172,CESSNA AIRCRAFT COMPANY,172N,e72836683d9eefe2d5d39de1299d4284d01c69805a6252486e39f8996b428274,True,3
20651,15962,021026_ML.npy,2026-10-04,2026-10-04 21:12:57.875799,7C67D3,C172,CESSNA AIRCRAFT COMPANY,172S,a8dad6280f9d2c9a66ce478ec2fc9917e87666c5f54fa11b223e28a5ca34a1d5,True,5
20656,15967,021026_ML.npy,2026-10-04,2026-10-04 21:13:05.604707,7C67D3,C172,CESSNA AIRCRAFT COMPANY,172S,8728119cca7d73c2dcc9007e925c8722504af3f92865a24b7c3626f6c081af42,True,5
20662,15973,021026_ML.npy,2026-10-04,2026-10-04 21:13:14.121784,7C67D3,C172,CESSNA AIRCRAFT COMPANY,172S,f5a87e5ac5c620c402a7ce55f1452d1586237df9ca6f9544bdff1ae86a540228,True,1
20678,15989,021026_ML.npy,2026-10-04,2026-10-04 21:13:35.410912,7C67D3,C172,CESSNA AIRCRAFT COMPANY,172S,ee2a5115a7e59ffd87d07dfefc88ac8d652ac051eee735131f690975a4b43430,True,4
20680,15991,021026_ML.npy,2026-10-04,2026-10-04 21:13:38.629374,7C67D3,C172,CESSNA AIRCRAFT COMPANY,172S,865722d43316e82774345d31ee785589575cf8707896ea7f79157ba7d07b4f43,True,2
20682,15993,021026_ML.npy,2026-10-04,2026-10-04 21:13:42.484575,7C67D3,C172,CESSNA AIRCRAFT COMPANY,172S,c7a4dcc83e775af5a69d1e2aeea7e861678f24304327d7981130bd8cc4b9f6a0,True,2
20693,16004,021026_ML.npy,2026-10-04,2026-10-04 21:13:55.445828,7C67D3,C172,CESSNA AIRCRAFT COMPANY,172S,c9cb6f62acfad3a405177e2b7134434a3ee77a68c36629e0029f7121245fbd00,True,1
20694,16005,021026_ML.npy,2026-10-04,2026-10-04 21:13:57.854108,7C67D3,C172,CESSNA AIRCRAFT COMPANY,172S,8ef892770bf37c627e3ea847ae268c1f7ca2c6f64a8aa3c19f2878499e3f6437,True,5
20698,16009,021026_ML.npy,2026-10-04,2026-10-04 21:14:14.494722,7C67D3,C172,CESSNA AIRCRAFT COMPANY,172S,960441ab7f0ab422c1e77b4d235b2585c1de2ac056c7f0bde30af744b640ffb7,True,1
20707,16018,021026_ML.npy,2026-10-04,2026-10-04 21:14:35.703206,7C67D3,C172,CESSNA AIRCRAFT COMPANY,172S,69579c0fdd49ff86152f9fd864e0684c7085f7a533d9aaba0cdcfe56fb72fe61,True,4
20714,16025,021026_ML.npy,2026-10-04,2026-10-04 21:14:41.634993,7C67D3,C172,CESSNA AIRCRAFT COMPANY,172S,8728119cca7d73c2dcc9007e925c8722504af3f92865a24b7c3626f6c081af42,True,2
20747,16058,021026_ML.npy,2026-10-04,2026-10-04 21:18:29.346723,7C168B,DA40,DIAMOND AIRCRAFT INDUSTRIES INC.,DA 40,9b88ba76d19860d2371600bd7a56f1b973e83f66bcf45afa28ce00218dfacef7,True,1
20762,16073,021026_ML.npy,2026-10-04,2026-10-04 21:18:37.195736,7C168B,DA40,DIAMOND AIRCRAFT INDUSTRIES INC.,DA 40,18e77bbed5ce7a354b4229e8faa64173dd2bf50681264552614b41d9e1dadb63,True,3
20764,16075,021026_ML.npy,2026-10-04,2026-10-04 21:18:37.321787,7C168B,DA40,DIAMOND AIRCRAFT INDUSTRIES INC.,DA 40,b2f2d802b329cbde1f7e65866171532b87de1f3bc7876b1d458ebaa96ac524cc,True,3
20781,16092,021026_ML.npy,2026-10-04,2026-10-04 21:18:55.313143,7C0077,DA40,DIAMOND AIRCRAFT INDUSTRIES INC.,DA 40,545af5f0d316ba4ff0f0247272f35e927beb02b21ab357db9384e2996be64230,True,5
20788,16099,021026_ML.npy,2026-10-04,2026-10-04 21:18:58.050156,7C0077,DA40,DIAMOND AIRCRAFT INDUSTRIES INC.,DA 40,d97140d028ab37a26ecde97d26011eb7d00a9d1610e3196353fc56bdb73d5e6d,True,1
20815,16126,021026_ML.npy,2026-10-04,2026-10-04 21:19:23.614707,7C0077,DA40,DIAMOND AIRCRAFT INDUSTRIES INC.,DA 40,a36c93a00fcd97e574715cfaf4e5bb18fad345a9dbbc0896a894d5b5eba4480d,True,2
20816,16127,021026_ML.npy,2026-10-04,2026-10-04 21:23:03.107441,7C168B,DA40,DIAMOND AIRCRAFT INDUSTRIES INC.,DA 40,140d5d6ffd8c54e3f46cc2ee4aecabd77ad35fd920856b188b4bf5fe41278aef,True,1
20826,16137,021026_ML.npy,2026-10-04,2026-10-04 21:23:19.193142,7C168B,DA40,DIAMOND AIRCRAFT INDUSTRIES INC.,DA 40,d01f9a97c8d07a94a7b73f8183427deba11a8c1e43d3d44b8c50e1ab1a4ea17a,True,1
20831,16142,021026_ML.npy,2026-10-04,2026-10-04 21:23:36.145825,7C168B,DA40,DIAMOND AIRCRAFT INDUSTRIES INC.,DA 40,5dff28cbb90f1380fa4c1418078695ca14beac14465257db4a8a279af71897b0,True,5
20835,16146,021026_ML.npy,2026-10-04,2026-10-04 21:24:48.229308,7C0077,DA40,DIAMOND AIRCRAFT INDUSTRIES INC.,DA 40,7c100b7c4932f4180c7b007f656ce5ed9c609c16040ab96992ef4a3b2fe06c31,True,3
20837,16148,021026_ML.npy,2026-10-04,2026-10-04 21:24:48.737157,7C0077,DA40,DIAMOND AIRCRAFT INDUSTRIES INC.,DA 40,0e7b8c5084a23c4c7810834935d86cf805ccc788019e79cabe662600184bceb6,True,5
20840,16151,021026_ML.npy,2026-10-04,2026-10-04 21:24:50.645660,7C0077,DA40,DIAMOND AIRCRAFT INDUSTRIES INC.,DA 40,587ce58fde30e7df79e0576595acf42f5ba6778e05e23e10cdc44c628069e29a,True,5
20849,16160,021026_ML.npy,2026-10-04,2026-10-04 21:25:03.262977,7C0077,DA40,DIAMOND AIRCRAFT INDUSTRIES INC.,DA 40,d97140d028ab37a26ecde97d26011eb7d00a9d1610e3196353fc56bdb73d5e6d,True,5
20850,16161,021026_ML.npy,2026-10-04,2026-10-04 21:25:05.088025,7C0077,DA40,DIAMOND AIRCRAFT INDUSTRIES INC.,DA 40,95bfd3d7c692e23f95755f40036e55176919c1814b8d8cf42e06547f4e41b410,True,2
20871,16182,021026_ML.npy,2026-10-04,2026-10-04 21:28:21.347430,7C168B,DA40,DIAMOND AIRCRAFT INDUSTRIES INC.,DA 40,b0c1b15fcdd27e1a8dd104064c087a20654806640c98856f404e12fe8f3751b6,True,1
20896,16207,021026_ML.npy,2026-10-04,2026-10-04 21:39:48.732490,7C444D,P28A,PIPER AIRCRAFT CORP,PA-28-181,36badc22edab002ab92d793b3d060398ec7a93dd1560b83cabfac6ab6513fc6b,True,2
20897,16208,021026_ML.npy,2026-10-04,2026-10-04 21:39:48.790236,7C444D,P28A,PIPER AIRCRAFT CORP,PA-28-181,65f6edd8d4aa54dd56b2e6c7f3b9afefb891f67472019850e42cfb4b28e314d0,True,4
20898,16209,021026_ML.npy,2026-10-04,2026-10-04 21:39:49.727754,7C444D,P28A,PIPER AIRCRAFT CORP,PA-28-181,5d9fcac9073e8879efa9309fed8081fe44dc73c01b20668356887f9716f5fdf5,True,5
20899,16210,021026_ML.npy,2026-10-04,2026-10-04 21:39:54.301042,7C444D,P28A,PIPER AIRCRAFT CORP,PA-28-181,3ded1bda8bea821d73b0f91e4be142110fc2e122beca4bc22553bc1d3c9cd7e1,True,2
20900,16211,021026_ML.npy,2026-10-04,2026-10-04 21:39:54.587034,7C444D,P28A,PIPER AIRCRAFT CORP,PA-28-181,24118b0e5e274723b0230fb77488bcc864e546de806ae169e4ece1bcaafb31f5,True,5
20901,16212,021026_ML.npy,2026-10-04,2026-10-04 21:39:55.482366,7C444D,P28A,PIPER AIRCRAFT CORP,PA-28-181,21736cdfcb9cce4b02845281973f077e7e440d4074fbf279fb5aabc44d040fe0,True,5
20902,16213,021026_ML.npy,2026-10-04,2026-10-04 21:39:57.022568,7C444D,P28A,PIPER AIRCRAFT CORP,PA-28-181,4b3fc2b8c27f68facc5e951d75fbeab8fa5d6ded3fb017a65061ae20e9cbe54d,True,5
20903,16214,021026_ML.npy,2026-10-04,2026-10-04 21:39:58.065759,7C444D,P28A,PIPER AIRCRAFT CORP,PA-28-181,ab46db9b13c4dd2532d70b1c1a5734c4f9fe5b83a51949a8135a9addf0be1b8c,True,2
20904,16215,021026_ML.npy,2026-10-04,2026-10-04 21:39:58.650135,7C444D,P28A,PIPER AIRCRAFT CORP,PA-28-181,dd7b00bb09bc04fbecec32a379137b57c884e8f177e9554f1c00d9213f47ffbc,True,3
20905,16216,021026_ML.npy,2026-10-04,2026-10-04 21:39:59.515638,7C444D,P28A,PIPER AIRCRAFT CORP,PA-28-181,6b2555fc8f00821e9ad57b2d8f1563cfb693cfdfb9d59b6c601e512d3e5f2af9,True,1
20906,16217,021026_ML.npy,2026-10-04,2026-10-04 21:39:59.947290,7C444D,P28A,PIPER AIRCRAFT CORP,PA-28-181,7917b214f1d254670321c3b77eea133c9998a697d896bef2ecdd850d6559b18c,True,2
20907,16218,021026_ML.npy,2026-10-04,2026-10-04 21:40:00.529847,7C444D,P28A,PIPER AIRCRAFT CORP,PA-28-181,bdbea92283397c39fbb177d0e95a1912f7416a11383c2ccf93c282201996d94c,True,5
20908,16219,021026_ML.npy,2026-10-04,2026-10-04 21:40:00.913321,7C444D,P28A,PIPER AIRCRAFT CORP,PA-28-181,46bddf369894de236effad8d7e901443f7cf752af80b64311c6caec42df4b384,True,4
20909,16220,021026_ML.npy,2026-10-04,2026-10-04 21:40:04.282881,7C444D,P28A,PIPER AIRCRAFT CORP,PA-28-181,080d1de9d82b95411ca58cfb04476fffb713fc1077321bc72a100dba8ca508b7,True,1
20910,16221,021026_ML.npy,2026-10-04,2026-10-04 21:40:05.932478,7C444D,P28A,PIPER AIRCRAFT CORP,PA-28-181,43bfb69f22ab5dc73a1b0d0c81e1af327d831434c3ea577d703c05e866f84591,True,5
20911,16222,021026_ML.npy,2026-10-04,2026-10-04 21:40:06.958228,7C444D,P28A,PIPER AIRCRAFT CORP,PA-28-181,7688a2f3e1032c15282cb05234c0fe0ff754543f481446eb75a3ed6d125bfb06,True,5
20912,16223,021026_ML.npy,2026-10-04,2026-10-04 21:40:06.996123,7C444D,P28A,PIPER AIRCRAFT CORP,PA-28-181,1977dcaf27744c22f877e965d66fa8a8063cbe2362fd3e24e2f19d7ec0fcf894,True,2
20913,16224,021026_ML.npy,2026-10-04,2026-10-04 21:40:07.533868,7C444D,P28A,PIPER AIRCRAFT CORP,PA-28-181,1977dcaf27744c22f877e965d66fa8a8063cbe2362fd3e24e2f19d7ec0fcf894,True,3
20914,16225,021026_ML.npy,2026-10-04,2026-10-04 21:40:08.125699,7C444D,P28A,PIPER AIRCRAFT CORP,PA-28-181,d417ca96c8159d7861d8bdea782112a6b4360f2cb87d454390ac6c4c0c0b9cbf,True,4
20915,16226,021026_ML.npy,2026-10-04,2026-10-04 21:40:09.027124,7C444D,P28A,PIPER AIRCRAFT CORP,PA-28-181,d74ae74d584c9b8857e22eb353ba9773dd61886ea85f36932290a0ff26d3b072,True,3
20916,16227,021026_ML.npy,2026-10-04,2026-10-04 21:40:10.559201,7C444D,P28A,PIPER AIRCRAFT CORP,PA-28-181,bdbea92283397c39fbb177d0e95a1912f7416a11383c2ccf93c282201996d94c,True,3
20917,16228,021026_ML.npy,2026-10-04,2026-10-04 21:40:11.630560,7C444D,P28A,PIPER AIRCRAFT CORP,PA-28-181,0c1607460b138b4317bd00ec52cbf7924b8a357a4782ac0c59c6578117ad1584,True,1
20918,16229,021026_ML.npy,2026-10-04,2026-10-04 21:40:13.160734,7C444D,P28A,PIPER AIRCRAFT CORP,PA-28-181,d8ca3e90afb3bc1d4dca52ed572384b0662a75fc6da6c43081f935eb45116e9f,True,3
20919,16230,021026_ML.npy,2026-10-04,2026-10-04 21:40:13.836575,7C444D,P28A,PIPER AIRCRAFT CORP,PA-28-181,d7b2eeaa028fe23b22102e3014d29ecdf451b6ccd8678eecea2f48ced67086aa,True,2
20920,16231,021026_ML.npy,2026-10-04,2026-10-04 21:40:15.732138,7C444D,P28A,PIPER AIRCRAFT CORP,PA-28-181,d8ca3e90afb3bc1d4dca52ed572384b0662a75fc6da6c43081f935eb45116e9f,True,4
20921,16232,021026_ML.npy,2026-10-04,2026-10-04 21:40:16.216291,7C444D,P28A,PIPER AIRCRAFT CORP,PA-28-181,6eb7fc45a7a704a66185734df32db7233434df275cf971ada100c08f8d9d5a78,True,4
20922,16233,021026_ML.npy,2026-10-04,2026-10-04 21:40:16.362124,7C444D,P28A,PIPER AIRCRAFT CORP,PA-28-181,317d4a70b644afd67117a2e4646d1dda4ff9789db61b5b0cc1cb7951f6f26fd3,True,3
20923,16234,021026_ML.npy,2026-10-04,2026-10-04 21:40:17.661698,7C444D,P28A,PIPER AIRCRAFT CORP,PA-28-181,c371c4e567371a0205b5b1131aba3ac58fcbe48626e4f431008c108bde9c3011,True,1
20924,16235,021026_ML.npy,2026-10-04,2026-10-04 21:40:18.283640,7C444D,P28A,PIPER AIRCRAFT CORP,PA-28-181,d8ca3e90afb3bc1d4dca52ed572384b0662a75fc6da6c43081f935eb45116e9f,True,1
20925,16236,021026_ML.npy,2026-10-04,2026-10-04 21:40:19.735172,7C444D,P28A,PIPER AIRCRAFT CORP,PA-28-181,5bc41c8cd7ff3900a92d8f6ca6c64d2397b53364fbd6840556d01dfe5e528725,True,3
20926,16237,021026_ML.npy,2026-10-04,2026-10-04 21:40:20.490877,7C444D,P28A,PIPER AIRCRAFT CORP,PA-28-181,bdbea92283397c39fbb177d0e95a1912f7416a11383c2ccf93c282201996d94c,True,4
20927,16238,021026_ML.npy,2026-10-04,2026-10-04 21:40:25.455902,7C444D,P28A,PIPER AIRCRAFT CORP,PA-28-181,0a712d93c3b436632b6313eca8379ae14858b33e3b9968582f2fdcbbff01ea49,True,3
20928,16239,021026_ML.npy,2026-10-04,2026-10-04 21:40:26.353820,7C444D,P28A,PIPER AIRCRAFT CORP,PA-28-181,1ab02ffc0538c9313ec78b4b8366ace355017f4b997dacd91513707fc633e130,True,4
20929,16240,021026_ML.npy,2026-10-04,2026-10-04 21:40:28.293364,7C444D,P28A,PIPER AIRCRAFT CORP,PA-28-181,d90f38ac8341b4e28c6be54cbff6ce8fc8bc85ffd513630d2d36f102d6d77a9e,True,4
20930,16241,021026_ML.npy,2026-10-04,2026-10-04 21:40:30.410649,7C444D,P28A,PIPER AIRCRAFT CORP,PA-28-181,ea516c2dd95ba54d63741a147e5f7684c4404185c27bff19642d20fc1e70251f,True,1
20931,16242,021026_ML.npy,2026-10-04,2026-10-04 21:40:30.956799,7C444D,P28A,PIPER AIRCRAFT CORP,PA-28-181,990dee37d08e2c71abc1fbe7f1c77199fdf7195ef36df497591cfbea90901d51,True,1
20932,16243,021026_ML.npy,2026-10-04,2026-10-04 21:40:32.046478,7C444D,P28A,PIPER AIRCRAFT CORP,PA-28-181,a9b69bb771f7756008ff5b24e6d57e51e75873635ccf4afb96d1c1667f3dfb89,True,2
20933,16244,021026_ML.npy,2026-10-04,2026-10-04 21:40:33.341975,7C444D,P28A,PIPER AIRCRAFT CORP,PA-28-181,a023a5e9768d82dc41b5ac68174ab8d930a6af8fc48833e6899d2f37d8a77f69,True,1
20934,16245,021026_ML.npy,2026-10-04,2026-10-04 21:40:34.341473,7C444D,P28A,PIPER AIRCRAFT CORP,PA-28-181,5798051bcd622fcfe36fe00294f273e812d1f3453b8a2456e1257b3c902e6bdc,True,3
20935,16246,021026_ML.npy,2026-10-04,2026-10-04 21:40:34.591837,7C444D,P28A,PIPER AIRCRAFT CORP,PA-28-181,6570a1cb4f9e42c3d3825f24cede93d75435b4fcb10ebd2145e1526aaeecfdac,True,3
20936,16247,021026_ML.npy,2026-10-04,2026-10-04 21:40:36.351713,7C444D,P28A,PIPER AIRCRAFT CORP,PA-28-181,ecbc61cb19bd9070e049dd31a51e980839edde4277c345db8dfab548262aacaf,True,5
20937,16248,021026_ML.npy,2026-10-04,2026-10-04 21:40:36.519844,7C444D,P28A,PIPER AIRCRAFT CORP,PA-28-181,472c8232ae0fd4869a5615036d5875c78a0126c35470c6d02a9a757d801d1dd4,True,5
20938,16249,021026_ML.npy,2026-10-04,2026-10-04 21:40:41.054467,7C444D,P28A,PIPER AIRCRAFT CORP,PA-28-181,d1258568fa4f083ddb2ac1b8568cdc72dbb1817dddca76381c022dc688c64977,True,2
20939,16250,021026_ML.npy,2026-10-04,2026-10-04 21:40:41.260014,7C444D,P28A,PIPER AIRCRAFT CORP,PA-28-181,46d82f6498fed1ccdc2bdfbfeba23c81776ef6c27d2416ce0df43d312b5cb34a,True,4
20940,16251,021026_ML.npy,2026-10-04,2026-10-04 21:40:41.970009,7C444D,P28A,PIPER AIRCRAFT CORP,PA-28-181,fbce8759af067637876e80334092b389f1da5086e69d1dc5a70fe05818039aae,True,2
20941,16252,021026_ML.npy,2026-10-04,2026-10-04 21:40:47.776779,7C444D,P28A,PIPER AIRCRAFT CORP,PA-28-181,51164622316eb0972803c17f1c0784ffd114480105282ae61e780b3636228f93,True,4
20942,16253,021026_ML.npy,2026-10-04,2026-10-04 21:40:48.112288,7C444D,P28A,PIPER AIRCRAFT CORP,PA-28-181,c5a5dc16b2aa8de4b9aa40c3c83a66d40b38fa07ce4758b95868f11e4a4cabf9,True,3
20943,16254,021026_ML.npy,2026-10-04,2026-10-04 21:40:51.411882,7C444D,P28A,PIPER AIRCRAFT CORP,PA-28-181,bd20f2fe30053c6b727cf83ca1471f34e9ef942da7a05e057482353de7976e9a,True,2
20944,16255,021026_ML.npy,2026-10-04,2026-10-04 21:40:52.338680,7C444D,P28A,PIPER AIRCRAFT CORP,PA-28-181,d1e6bca9a6ce59a9ec8f8a14a14dbe31d64cebc4c0236f5d79c5897be70fef93,True,3
20945,16256,021026_ML.npy,2026-10-04,2026-10-04 21:40:53.405505,7C444D,P28A,PIPER AIRCRAFT CORP,PA-28-181,beff11361cf53a70822dee82c86f50035778695dcf22f9a7b846842aa20bce85,True,3
20946,16257,021026_ML.npy,2026-10-04,2026-10-04 21:40:53.792919,7C444D,P28A,PIPER AIRCRAFT CORP,PA-28-181,77f16a83170a6580ce595ad31cfedabf44f8179e28b8ca665addeecb5896e45c,True,2
20947,16258,021026_ML.npy,2026-10-04,2026-10-04 21:40:57.042677,7C444D,P28A,PIPER AIRCRAFT CORP,PA-28-181,be324ebbc887bc8b6a32bc6ccedd788ff28d99199f6832824b5a0bfcec068743,True,5
20948,16259,021026_ML.npy,2026-10-04,2026-10-04 21:41:00.813795,7C444D,P28A,PIPER AIRCRAFT CORP,PA-28-181,d8ca3e90afb3bc1d4dca52ed572384b0662a75fc6da6c43081f935eb45116e9f,True,5
20949,16260,021026_ML.npy,2026-10-04,2026-10-04 21:41:01.724012,7C444D,P28A,PIPER AIRCRAFT CORP,PA-28-181,5f3a2bebd1ea614052f4a24dba615d851e3fad1f673f690a7e2eea9fb2290fbd,True,1
20950,16261,021026_ML.npy,2026-10-04,2026-10-04 21:41:04.834803,7C444D,P28A,PIPER AIRCRAFT CORP,PA-28-181,9f8e888a77a42baf0deadfc03902b4521f6d775e9ff7d2a6fb18521751a26052,True,4
20951,16262,021026_ML.npy,2026-10-04,2026-10-04 21:41:05.886586,7C444D,P28A,PIPER AIRCRAFT CORP,PA-28-181,d8ca3e90afb3bc1d4dca52ed572384b0662a75fc6da6c43081f935eb45116e9f,True,1
20952,16263,021026_ML.npy,2026-10-04,2026-10-04 21:41:17.171864,7C444D,P28A,PIPER AIRCRAFT CORP,PA-28-181,17f5c6914082ef4246c167477a7715ef8726deecb948477acf999a7165ae3379,True,3
20953,16264,021026_ML.npy,2026-10-04,2026-10-04 21:41:17.446324,7C444D,P28A,PIPER AIRCRAFT CORP,PA-28-181,54cd482956156a1b4da333d918d530ed8bd2943f106fe4c4214dbfb6e1898444,True,4
20983,16294,021026_ML.npy,2026-10-04,2026-10-04 21:44:19.710928,7C1B2A,DA40,DIAMOND AIRCRAFT INDUSTRIES INC.,DA 40,ecafe627381875552d7e340dd644b792eb0076d47eb89edb87aa707cf08a0a7a,True,2
21006,16317,021026_ML.npy,2026-10-04,2026-10-04 21:44:40.562594,7C7144,C172,CESSNA AIRCRAFT COMPANY,172N,9f80cb2afad5afa89f8e68af5ce73d684feb71bb4d5fc732b582986851fdf472,True,3
21017,16328,021026_ML.npy,2026-10-04,2026-10-04 21:44:49.285363,7C1B2A,DA40,DIAMOND AIRCRAFT INDUSTRIES INC.,DA 40,c89bd26780a5eba66d233133c29c88823c6e8c4bde7ae748b3ab2f8ba50e30b3,True,4
21028,16339,021026_ML.npy,2026-10-04,2026-10-04 21:44:58.882677,7C7144,C172,CESSNA AIRCRAFT COMPANY,172N,20705c3cf280e5f8574c50e896bb4dc220d0d271304bd878266eeaf3dd1d2cd8,True,1
21030,16341,021026_ML.npy,2026-10-04,2026-10-04 21:44:59.504476,7C7144,C172,CESSNA AIRCRAFT COMPANY,172N,25ecffd02a618058de3b2945417e026c76c8237f5d9bff411fb8d6879bd15d24,True,1
21033,16344,021026_ML.npy,2026-10-04,2026-10-04 21:45:03.891370,7C7144,C172,CESSNA AIRCRAFT COMPANY,172N,20705c3cf280e5f8574c50e896bb4dc220d0d271304bd878266eeaf3dd1d2cd8,True,2
21037,16348,021026_ML.npy,2026-10-04,2026-10-04 21:45:05.088701,7C7144,C172,CESSNA AIRCRAFT COMPANY,172N,cc240454f2c827d9dd254ae578a7ec7f09d598905ee84f91c21a4f4c4ec8c271,True,4
21052,16363,021026_ML.npy,2026-10-04,2026-10-04 21:56:32.293768,7C7C3E,DA40,DIAMOND AIRCRAFT INDUSTRIES INC.,DA 40,b947d133576e475e4deefe7381b46bc97768e711e47e8f4e80db7296a532786b,True,3
21056,16367,021026_ML.npy,2026-10-04,2026-10-04 21:56:38.358987,7C7C3E,DA40,DIAMOND AIRCRAFT INDUSTRIES INC.,DA 40,48040d95447abb638fa47f2f867e681d637af9db9a64d7b02b44705413e07892,True,1
21067,16378,021026_ML.npy,2026-10-04,2026-10-04 21:58:50.701197,7C444D,P28A,PIPER AIRCRAFT CORP,PA-28-181,0a712d93c3b436632b6313eca8379ae14858b33e3b9968582f2fdcbbff01ea49,True,4
21076,16387,021026_ML.npy,2026-10-04,2026-10-04 21:59:06.033554,7C444D,P28A,PIPER AIRCRAFT CORP,PA-28-181,0a712d93c3b436632b6313eca8379ae14858b33e3b9968582f2fdcbbff01ea49,True,3
21077,16388,021026_ML.npy,2026-10-04,2026-10-04 21:59:06.519593,7C444D,P28A,PIPER AIRCRAFT CORP,PA-28-181,dfcdf91b43fcc6a14edfd1353aca526fba376a47a4b733f08b02a90c76b3b54f,True,2
21078,16389,021026_ML.npy,2026-10-04,2026-10-04 21:59:08.061163,7C444D,P28A,PIPER AIRCRAFT CORP,PA-28-181,d8ca3e90afb3bc1d4dca52ed572384b0662a75fc6da6c43081f935eb45116e9f,True,3
21081,16392,021026_ML.npy,2026-10-04,2026-10-04 21:59:12.768177,7C444D,P28A,PIPER AIRCRAFT CORP,PA-28-181,483e4a6551a908b2a0f4fe58c44d7136cab8885b0a1f301fb1a5030f2f1549c8,True,1
21118,16429,021026_ML.npy,2026-10-04,2026-10-04 22:01:40.410655,7C7C3E,DA40,DIAMOND AIRCRAFT INDUSTRIES INC.,DA 40,63a16642b2f42258b5472d78a57f964fcf4f12b9688dfd8a7c48b77e375a7471,True,2
21122,16433,021026_ML.npy,2026-10-04,2026-10-04 22:01:42.446261,7C7C3E,DA40,DIAMOND AIRCRAFT INDUSTRIES INC.,DA 40,6d87f88fe9f8f7c0075c34f69a9e4dc4fbaf27754c0f8721c0a7eb153675bfce,True,1
21124,16435,021026_ML.npy,2026-10-04,2026-10-04 22:01:42.874037,7C7C3E,DA40,DIAMOND AIRCRAFT INDUSTRIES INC.,DA 40,ac2eacf308a6db82bcf6ac9e44c6f6249c23e02c934242a156798f71ab588d0c,True,5
21142,16453,021026_ML.npy,2026-10-04,2026-10-04 22:06:24.116216,7C7C3E,DA40,DIAMOND AIRCRAFT INDUSTRIES INC.,DA 40,d41f030cce7f5e8fafc7bcdee36daebe504f1847b331a0f3793b14f94063c901,True,3
21149,16460,021026_ML.npy,2026-10-04,2026-10-04 22:06:40.289394,7C0379,C172,CESSNA AIRCRAFT COMPANY,172R,3b650d62a65fb5737e2c36038648b44cf901a6ba85b5802f7563737f098bb723,True,3
21156,16467,021026_ML.npy,2026-10-04,2026-10-04 22:06:47.462242,7C0379,C172,CESSNA AIRCRAFT COMPANY,172R,757e55af28097d7a437183ad20d930eecdf8deb6e831142262197907fca0fcc0,True,1
21161,16472,021026_ML.npy,2026-10-04,2026-10-04 22:06:49.068864,7C0379,C172,CESSNA AIRCRAFT COMPANY,172R,5fc439c33f408f09a4f76e0055136ac44d4f90cdc48147bdb9b459f6026bfed0,True,2
21164,16475,021026_ML.npy,2026-10-04,2026-10-04 22:06:49.839250,7C0074,C172,CESSNA AIRCRAFT COMPANY,172S,976503016d5c665f8473bf214ed2d2caffef23bfff0437fc180c3b57dd0def7a,True,3
21165,16476,021026_ML.npy,2026-10-04,2026-10-04 22:06:53.284442,7C7C3E,DA40,DIAMOND AIRCRAFT INDUSTRIES INC.,DA 40,c234147cf5b0c0ce6c372fd0eaf84583707f626527c8ed156cf555082dfae58b,True,4
21178,16489,021026_ML.npy,2026-10-04,2026-10-04 22:06:59.891721,7C0074,C172,CESSNA AIRCRAFT COMPANY,172S,976503016d5c665f8473bf214ed2d2caffef23bfff0437fc180c3b57dd0def7a,True,3
21182,16493,021026_ML.npy,2026-10-04,2026-10-04 22:07:00.129995,7C0379,C172,CESSNA AIRCRAFT COMPANY,172R,7fc7bab5213ea0e39d91fd1940c1f225d362d182c31e327d5bda8754394a4ebb,True,4
21199,16510,021026_ML.npy,2026-10-04,2026-10-04 22:07:13.790161,7C0074,C172,CESSNA AIRCRAFT COMPANY,172S,296886223a68267e434562469a1fba91c0db620d514b30b8111cbc5ae44e5b1b,True,5
21201,16512,021026_ML.npy,2026-10-04,2026-10-04 22:07:14.713902,7C0379,C172,CESSNA AIRCRAFT COMPANY,172R,235bc25da89ba072a6b8018534d625076c4b289f45d718599b1f5d15d4154ccf,True,4
21203,16514,021026_ML.npy,2026-10-04,2026-10-04 22:07:16.342699,7C0074,C172,CESSNA AIRCRAFT COMPANY,172S,96864f206d490d8bca435efe89ffe490263951bcb0d7713504b4e7f2388e5075,True,1
21204,16515,021026_ML.npy,2026-10-04,2026-10-04 22:07:16.793251,7C0074,C172,CESSNA AIRCRAFT COMPANY,172S,5b0430ca35e96c5ecb11bdeffa6692fdc72234b2a201c55050ba85d5785659d1,True,4
21206,16517,021026_ML.npy,2026-10-04,2026-10-04 22:07:18.104025,7C0379,C172,CESSNA AIRCRAFT COMPANY,172R,4df4fece665175089e9b7e94de01d2b1d9dafd593af7343cfedc42a3b2775990,True,4
21208,16519,021026_ML.npy,2026-10-04,2026-10-04 22:07:19.498549,7C0379,C172,CESSNA AIRCRAFT COMPANY,172R,b24a8f9b3d66e03e4a6382b006faaebf78efc2a46f42ffbaf048e5da36e739d1,True,4
21210,16521,021026_ML.npy,2026-10-04,2026-10-04 22:07:23.438571,7C0379,C172,CESSNA AIRCRAFT COMPANY,172R,83e544c0ada465109fe703af80b3f5c8f452b5958be83b7aea64ff151f7f9ff5,True,5
21224,16535,021026_ML.npy,2026-10-04,2026-10-04 22:07:31.342963,7C0379,C172,CESSNA AIRCRAFT COMPANY,172R,8719eb6e39fb4d37d943799f694b1dd4038df9d642bbd7824b35ae3516ef2106,True,3
21237,16548,021026_ML.npy,2026-10-04,2026-10-04 22:07:38.223286,7C0074,C172,CESSNA AIRCRAFT COMPANY,172S,9bfb397f045db5235fe1b9685c8aff6f3c7697ecf01d16abb6d1037c32020328,True,5
21239,16550,021026_ML.npy,2026-10-04,2026-10-04 22:07:39.828048,7C0074,C172,CESSNA AIRCRAFT COMPANY,172S,ddee758f8baba86b2d8b136400756c38085d63ef6e7f53f597191961b80dc8a7,True,1
21248,16559,021026_ML.npy,2026-10-04,2026-10-04 22:07:44.659558,7C0074,C172,CESSNA AIRCRAFT COMPANY,172S,d555876f438966fbf09ece23707df43e051ba15e2f5db1c4e7c089618de7747d,True,3
21251,16562,021026_ML.npy,2026-10-04,2026-10-04 22:07:45.773491,7C0074,C172,CESSNA AIRCRAFT COMPANY,172S,6ddc53daa64389a69104c51139a3f99140c90ff4885bdacb93ca008b2966cc75,True,5
21256,16567,021026_ML.npy,2026-10-04,2026-10-04 22:07:53.932062,7C0379,C172,CESSNA AIRCRAFT COMPANY,172R,c424a5f80779b020f4a5004db075eecb42ae722d754984ffe45a57b71e5a4f42,True,3
21261,16572,021026_ML.npy,2026-10-04,2026-10-04 22:07:57.390782,7C0379,C172,CESSNA AIRCRAFT COMPANY,172R,046596b19c0a5ffe5001560d46cbf2f5890fca1b3fd5c0ec9bbec8ca9d59f7ea,True,2
21263,16574,021026_ML.npy,2026-10-04,2026-10-04 22:07:57.465266,7C0074,C172,CESSNA AIRCRAFT COMPANY,172S,3ce829d796f623bc10b62eec37b1757bce3174127e4aaa92e7bccd065065c308,True,1
21274,16585,021026_ML.npy,2026-10-04,2026-10-04 22:08:18.960218,7C0379,C172,CESSNA AIRCRAFT COMPANY,172R,c8296b7513d3848c2abcb71e1b808d5404b689ed3796b2b08f76155da32ee95c,True,2
21275,16586,021026_ML.npy,2026-10-04,2026-10-04 22:08:21.957825,7C0379,C172,CESSNA AIRCRAFT COMPANY,172R,5f439529e5f22f7ee7ad6b17410aca180db0f9a049fc70c74ba6c91fca0e1f5a,True,4
21308,16619,021026_ML.npy,2026-10-04,2026-10-04 22:12:28.534159,7C0074,C172,CESSNA AIRCRAFT COMPANY,172S,c49fa100c92d2d66b211c148c1d03255770d496642e35c52202a9e8bf8332e36,True,2
21317,16628,021026_ML.npy,2026-10-04,2026-10-04 22:12:55.531892,7C0074,C172,CESSNA AIRCRAFT COMPANY,172S,58d822001b385931dc47dbc6021b7070e6e328cd3f90b4c90c5a4313bb1c82c6,True,4
21323,16634,021026_ML.npy,2026-10-04,2026-10-04 22:13:06.031906,7C0074,C172,CESSNA AIRCRAFT COMPANY,172S,f371d15233bfb73343626558e2ca235dbb9986cee52de648d85354e01f7fb913,True,3
21336,16647,021026_ML.npy,2026-10-04,2026-10-04 22:13:25.049693,7C0077,DA40,DIAMOND AIRCRAFT INDUSTRIES INC.,DA 40,01c8867bd4bfb96054cfb72dcd24dda74f562b4c975026f9a8b1aedac4529f85,True,4
21343,16654,021026_ML.npy,2026-10-04,2026-10-04 22:13:40.591503,7C0077,DA40,DIAMOND AIRCRAFT INDUSTRIES INC.,DA 40,2922b2e06279cfdbb84e3c6863d592594f951c47fa297f53e74b800a8cbac8f3,True,3
21347,16658,021026_ML.npy,2026-10-04,2026-10-04 22:13:53.357951,7C0077,DA40,DIAMOND AIRCRAFT INDUSTRIES INC.,DA 40,44d4106592002b87339ed951c752430b597beffb67a15ce7d28fc2ecbe950cb0,True,5
21350,16661,021026_ML.npy,2026-10-04,2026-10-04 22:16:53.140079,7C7C3E,DA40,DIAMOND AIRCRAFT INDUSTRIES INC.,DA 40,8bf1aa1eb08f6ee42510a94a61cfc3e33cbb4e8231f6d4b99363a21ceaa309d1,True,4
21361,16672,021026_ML.npy,2026-10-04,2026-10-04 22:17:07.521593,7C7C3E,DA40,DIAMOND AIRCRAFT INDUSTRIES INC.,DA 40,335bf2cba219ea3e9ae999b7575c3ece64c44935ce70d5f041938e2bb3a93570,True,3
21363,16674,021026_ML.npy,2026-10-04,2026-10-04 22:17:08.089844,7C7C3E,DA40,DIAMOND AIRCRAFT INDUSTRIES INC.,DA 40,8612b9059da1dd5eed9c0a409674372b4dd76a63e8df50e0d65e745be4dcfacd,True,1
21365,16676,021026_ML.npy,2026-10-04,2026-10-04 22:17:09.481043,7C7C3E,DA40,DIAMOND AIRCRAFT INDUSTRIES INC.,DA 40,072fc4ce66015ef2a45210ae03ce4f698fd97ace2c017ce8dde95f3d6fbd8f49,True,3
21375,16686,021026_ML.npy,2026-10-04,2026-10-04 22:17:24.172969,7C0074,C172,CESSNA AIRCRAFT COMPANY,172S,d114d9667f2fd3c6a80b99412fac176f3fc1eae51dcca8f1e989db22b81c9dce,True,2
21376,16687,021026_ML.npy,2026-10-04,2026-10-04 22:17:24.178619,7C0074,C172,CESSNA AIRCRAFT COMPANY,172S,4e6ca8582f7e0b89312a1c569d21f085952d0167052bc206b9614db8bf86c631,True,3
21379,16690,021026_ML.npy,2026-10-04,2026-10-04 22:17:30.278973,7C0074,C172,CESSNA AIRCRAFT COMPANY,172S,a2038abd16d674d748691b31379b5397eb2c2843f5db0f9973d0236f98e587f0,True,4
21388,16699,021026_ML.npy,2026-10-04,2026-10-04 22:17:39.402444,7C0074,C172,CESSNA AIRCRAFT COMPANY,172S,c6d4c6f09401932d4c463c87f51844089f756b2f897e6d580f0a4ec36eaaf0ed,True,4
21392,16703,021026_ML.npy,2026-10-04,2026-10-04 22:17:44.822649,7C0074,C172,CESSNA AIRCRAFT COMPANY,172S,1d1f0e4f854b59914e96345f89dccffa86b8bea8559f19927604cd9a0b72cd95,True,4
21400,16711,021026_ML.npy,2026-10-04,2026-10-04 22:17:59.309485,7C0074,C172,CESSNA AIRCRAFT COMPANY,172S,3de99023d209dbf468fb6d58f6d1fd720b491eabeacf70239772a958513c7999,True,1
21412,16723,021026_ML.npy,2026-10-04,2026-10-04 22:18:10.872322,7C0074,C172,CESSNA AIRCRAFT COMPANY,172S,058886377093865337fec6ccc553694a582cf909d094b9653461888569e891f9,True,4
21432,16743,021026_ML.npy,2026-10-04,2026-10-04 22:19:04.578777,7C0077,DA40,DIAMOND AIRCRAFT INDUSTRIES INC.,DA 40,87c76ce4925b916d4abc3bc63d24d50f4f074f9106d9e31af52d4d4f738ad503,True,3
21435,16746,021026_ML.npy,2026-10-04,2026-10-04 22:19:12.091235,7C0077,DA40,DIAMOND AIRCRAFT INDUSTRIES INC.,DA 40,c30d6de221529d44536f7bb53c95c5e9210bf1edb67752adcb612be4f5c0cf72,True,5
21458,16769,021026_ML.npy,2026-10-04,2026-10-04 22:20:23.537069,7C7CF7,C172,CESSNA AIRCRAFT COMPANY,172M,2f0acd6157b68f3a10a1784a12d7e6a2a70d0b1c1c19e47216372098a957ad08,True,3
21459,16770,021026_ML.npy,2026-10-04,2026-10-04 22:20:37.630510,7C7CF7,C172,CESSNA AIRCRAFT COMPANY,172M,fec2f6af4a5bb261c6d4366e079175ddd4ea385eeed63bbade679352658ea413,True,1
21466,16777,021026_ML.npy,2026-10-04,2026-10-04 22:20:46.811987,7C7CF7,C172,CESSNA AIRCRAFT COMPANY,172M,cec3b708dae9debef44f47ace0624de99afeefb4e5981bd6e88ec8f4bb0dfa56,True,2
21468,16779,021026_ML.npy,2026-10-04,2026-10-04 22:20:48.924010,7C7CF7,C172,CESSNA AIRCRAFT COMPANY,172M,f999fb31b1f16bca8ab28d405d2b54b11d42ecb0ec8ef68dead12e55ce0c5487,True,2
21480,16791,021026_ML.npy,2026-10-04,2026-10-04 22:22:13.856647,7C7C3E,DA40,DIAMOND AIRCRAFT INDUSTRIES INC.,DA 40,00a8bef24ca5bd72116a6af4488c07a2eae4373809b2de1eddc736579d1985c6,True,3
21483,16794,021026_ML.npy,2026-10-04,2026-10-04 22:22:19.790749,7C7C3E,DA40,DIAMOND AIRCRAFT INDUSTRIES INC.,DA 40,ffea6add2ab1a2621ec6b4fe9ca1600833254e8e0fbc885a6e3cf01c77192e7b,True,1
21492,16803,021026_ML.npy,2026-10-04,2026-10-04 22:22:34.641777,7C0074,C172,CESSNA AIRCRAFT COMPANY,172S,f17199021d530ed493a04a685ce971c58b169222284c82e25dc48ecb804cd7cd,True,3
21507,16818,021026_ML.npy,2026-10-04,2026-10-04 22:22:57.079117,7C0074,C172,CESSNA AIRCRAFT COMPANY,172S,18db0ecfd3419be8d87d12974f4c59ef97cbf350c9e78443f112c1d8c334cbc6,True,2
21508,16819,021026_ML.npy,2026-10-04,2026-10-04 22:22:57.085980,7C0074,C172,CESSNA AIRCRAFT COMPANY,172S,5f2c7b54372a0e276d2492d131267bb8c1e4e0d1ff35b186c7b06c867c77169f,True,5
21509,16820,021026_ML.npy,2026-10-04,2026-10-04 22:23:02.644618,7C0074,C172,CESSNA AIRCRAFT COMPANY,172S,1618544a18237dcc76072ec706cf1e2a5225f215a764cd10806cd61f160ec54d,True,2
21512,16823,021026_ML.npy,2026-10-04,2026-10-04 22:23:04.263420,7C0074,C172,CESSNA AIRCRAFT COMPANY,172S,3ce829d796f623bc10b62eec37b1757bce3174127e4aaa92e7bccd065065c308,True,2
21513,16824,021026_ML.npy,2026-10-04,2026-10-04 22:23:05.580224,7C0074,C172,CESSNA AIRCRAFT COMPANY,172S,2eecddfa4d804d98f11ea27d6bb6115b838c0f92a47a4d924d8339a2fbb76b71,True,1
21516,16827,021026_ML.npy,2026-10-04,2026-10-04 22:23:08.989743,7C0074,C172,CESSNA AIRCRAFT COMPANY,172S,28ca2e58351a7f6633f793fe40cd71f966fe96d6da2eb747589975c88dd3ad40,True,2
21517,16828,021026_ML.npy,2026-10-04,2026-10-04 22:23:09.541439,7C0074,C172,CESSNA AIRCRAFT COMPANY,172S,0331a5c950cde2c4313ce2ae258afb4e3eb611650ce3409a8b62f31fbe44f359,True,2
21519,16830,021026_ML.npy,2026-10-04,2026-10-04 22:23:11.544463,7C0074,C172,CESSNA AIRCRAFT COMPANY,172S,776eae0c4e9603966bb428551220c71a077a394015a6e70e39a5d2d6dbf6792c,True,2
21526,16837,021026_ML.npy,2026-10-04,2026-10-04 22:23:18.468335,7C0074,C172,CESSNA AIRCRAFT COMPANY,172S,a771f394785a4642171cf07dd81f63b19b6a08f05466f23016bc6ff2b613fe43,True,4
21528,16839,021026_ML.npy,2026-10-04,2026-10-04 22:23:18.578697,7C0074,C172,CESSNA AIRCRAFT COMPANY,172S,a2b39d778e08bd48cbf8bfbf20458f6d3579b216b54a949e16d72cdc5ddad502,True,5
21530,16841,021026_ML.npy,2026-10-04,2026-10-04 22:23:24.696371,7C0074,C172,CESSNA AIRCRAFT COMPANY,172S,0b1257284cef02e037865c352fb11d034251d0ed6fcbbba810f146bb12f9cc56,True,5
21533,16844,021026_ML.npy,2026-10-04,2026-10-04 22:23:33.429890,7C0074,C172,CESSNA AIRCRAFT COMPANY,172S,9bac9faedbdcfab3161fc15649bc004e35faa89d6f9ae09a29714dd4c4ac61be,True,2
21574,16885,021026_ML.npy,2026-10-04,2026-10-04 22:24:16.624664,7C0077,DA40,DIAMOND AIRCRAFT INDUSTRIES INC.,DA 40,f7320f886c400d83cca085ae24c09c580b701001cac0d7359fdbd1ffe2062215,True,1
21620,16931,021026_ML.npy,2026-10-04,2026-10-04 22:24:53.288750,7C0074,C172,CESSNA AIRCRAFT COMPANY,172S,4463368d828c57a8c7c23c04ca46af2297779dc30827a6bbd327ab633c0adc1e,True,2
21669,16980,021026_ML.npy,2026-10-04,2026-10-04 22:25:38.211079,7C1689,DA40,DIAMOND AIRCRAFT INDUSTRIES INC.,DA 40,088aca42e3fe91a702be72ac07853a2584e393e75a8311f90e58652c883a953f,True,5
21689,17000,021026_ML.npy,2026-10-04,2026-10-04 22:26:36.867717,7C4E44,DA40,DIAMOND AIRCRAFT INDUSTRIES INC.,DA 40,95ad7662719de84601ed169bb6f6a99197777ea680e60fecf5b0b4370ce41d3b,True,4
21717,17028,021026_ML.npy,2026-10-04,2026-10-04 22:27:38.427800,7C0074,C172,CESSNA AIRCRAFT COMPANY,172S,a2b39d778e08bd48cbf8bfbf20458f6d3579b216b54a949e16d72cdc5ddad502,True,1
21727,17038,021026_ML.npy,2026-10-04,2026-10-04 22:27:43.990197,7C0074,C172,CESSNA AIRCRAFT COMPANY,172S,1b4202df062269b52104763ce530d8563d7781a5b6cbbd3f70f30d62df07baf4,True,3
21731,17042,021026_ML.npy,2026-10-04,2026-10-04 22:27:48.484538,7C0074,C172,CESSNA AIRCRAFT COMPANY,172S,bba403062bfb0910e8ac1ea015519eb72859ddfa258755cd98b8105aed358609,True,2
21741,17052,021026_ML.npy,2026-10-04,2026-10-04 22:28:09.314344,7C0074,C172,CESSNA AIRCRAFT COMPANY,172S,fcd5551d839cc5b8756e3bed00ad8ce1174fec2affc72b1f2f8c88bbdad7564e,True,4
21742,17053,021026_ML.npy,2026-10-04,2026-10-04 22:28:09.869734,7C0074,C172,CESSNA AIRCRAFT COMPANY,172S,a2b39d778e08bd48cbf8bfbf20458f6d3579b216b54a949e16d72cdc5ddad502,True,3
21753,17064,021026_ML.npy,2026-10-04,2026-10-04 22:28:31.627705,7C0074,C172,CESSNA AIRCRAFT COMPANY,172S,c6cca985a8fef1389d6a872c1b32bbd4b2e93f21240f3a864a81207bcd534319,True,5
21754,17065,021026_ML.npy,2026-10-04,2026-10-04 22:28:32.043850,7C0074,C172,CESSNA AIRCRAFT COMPANY,172S,976503016d5c665f8473bf214ed2d2caffef23bfff0437fc180c3b57dd0def7a,True,1
21770,17081,021026_ML.npy,2026-10-04,2026-10-04 22:29:20.205563,7C0077,DA40,DIAMOND AIRCRAFT INDUSTRIES INC.,DA 40,c71d04b96e7999dde5ca301e9adf3f8ee9df3cb39ca705345be6eb5c3e8d3e40,True,3
21771,17082,021026_ML.npy,2026-10-04,2026-10-04 22:29:20.830945,7C0077,DA40,DIAMOND AIRCRAFT INDUSTRIES INC.,DA 40,f7320f886c400d83cca085ae24c09c580b701001cac0d7359fdbd1ffe2062215,True,4
21792,17103,021026_ML.npy,2026-10-04,2026-10-04 22:31:00.109350,7C1689,DA40,DIAMOND AIRCRAFT INDUSTRIES INC.,DA 40,4524b654d3bc4b7c9d5d9b0790567efdcd398b4e76202231bdb33fe843eb8e53,True,2
21798,17109,021026_ML.npy,2026-10-04,2026-10-04 22:32:21.762854,7C7C3E,DA40,DIAMOND AIRCRAFT INDUSTRIES INC.,DA 40,cacd47a73f4eddc981f30cf47deb221f7cfe68d56274b87a421d2a91c8f9ae2b,True,2
21811,17122,021026_ML.npy,2026-10-04,2026-10-04 22:32:30.194060,7C7C3E,DA40,DIAMOND AIRCRAFT INDUSTRIES INC.,DA 40,b1998cc09dde973ed0bbc6644f3fb149db25ac1d9730610f5275881d45ea0b3e,True,2
21815,17126,021026_ML.npy,2026-10-04,2026-10-04 22:32:36.284664,7C7C3E,DA40,DIAMOND AIRCRAFT INDUSTRIES INC.,DA 40,3c3b671d6cf195a4892ea5f94690ecf24da180ecba693138e1c51623e20046b3,True,2
21831,17142,021026_ML.npy,2026-10-04,2026-10-04 22:33:21.020758,7C0074,C172,CESSNA AIRCRAFT COMPANY,172S,a838508c91559b8ea2689905f551347ee3050507f84bf4b49010cacba877b909,True,3
21834,17145,021026_ML.npy,2026-10-04,2026-10-04 22:33:24.568411,7C0074,C172,CESSNA AIRCRAFT COMPANY,172S,72bcc6ac0ef44aa5e48a4b6557e449b002802f9cccb4b88085d604a906483bef,True,3
21835,17146,021026_ML.npy,2026-10-04,2026-10-04 22:33:24.574407,7C0074,C172,CESSNA AIRCRAFT COMPANY,172S,d9c818cf274d39991a0422f3e86dfd2aeacc9fee3db30184e3414465937b8020,True,5
21840,17151,021026_ML.npy,2026-10-04,2026-10-04 22:33:28.634927,7C0074,C172,CESSNA AIRCRAFT COMPANY,172S,b2ae4e8fd60a42078ca25cfea89446aea3cd4c6b414e542605aac9d9a943edb4,True,1
21845,17156,021026_ML.npy,2026-10-04,2026-10-04 22:33:38.361856,7C0074,C172,CESSNA AIRCRAFT COMPANY,172S,44a2016e3ec6574d119f90ebe855e80783d0fc9d3dadc6c5c71fdf5967af7589,True,2
21848,17159,021026_ML.npy,2026-10-04,2026-10-04 22:33:41.843489,7C0074,C172,CESSNA AIRCRAFT COMPANY,172S,3ce829d796f623bc10b62eec37b1757bce3174127e4aaa92e7bccd065065c308,True,2
21852,17163,021026_ML.npy,2026-10-04,2026-10-04 22:33:48.188978,7C0074,C172,CESSNA AIRCRAFT COMPANY,172S,821583f8278522fbb38d8c1bb7dbdb39fb27b7cb7aead9ca2fea30081a463acd,True,2
21863,17174,021026_ML.npy,2026-10-04,2026-10-04 22:33:57.070814,7C0074,C172,CESSNA AIRCRAFT COMPANY,172S,f3d44a40d64adf277310720f7f24fe8ef0e9edb5ea54336845ffc785cb579867,True,5
21865,17176,021026_ML.npy,2026-10-04,2026-10-04 22:33:57.485476,7C0074,C172,CESSNA AIRCRAFT COMPANY,172S,89e140baaffe18318a70cb2b842924505d77512e99cf487bca9e2644b528174c,True,2
21867,17178,021026_ML.npy,2026-10-04,2026-10-04 22:33:59.236631,7C0074,C172,CESSNA AIRCRAFT COMPANY,172S,3ce829d796f623bc10b62eec37b1757bce3174127e4aaa92e7bccd065065c308,True,2
21876,17187,021026_ML.npy,2026-10-04,2026-10-04 22:34:22.018334,7C0074,C172,CESSNA AIRCRAFT COMPANY,172S,8e66f57a9161c07350c9ad7896188e8ac8592c2c649c9b642d244a4b6b436ccf,True,3
21880,17191,021026_ML.npy,2026-10-04,2026-10-04 22:34:35.262446,7C0074,C172,CESSNA AIRCRAFT COMPANY,172S,130276eb38a39368d7948f81c55978e5d6817d8c1a3787cbbfd938eb83e167c7,True,5
21882,17193,021026_ML.npy,2026-10-04,2026-10-04 22:34:37.598391,7C7B5F,DA40,DIAMOND AIRCRAFT INDUSTRIES INC.,DA 40,4e382d45c761e8204c96710e0d9edbe7bb647aa115bc42c67d2d4f66d0f892a4,True,2
21886,17197,021026_ML.npy,2026-10-04,2026-10-04 22:34:43.596063,7C7B5F,DA40,DIAMOND AIRCRAFT INDUSTRIES INC.,DA 40,8e486a86ea682218b00c4d53f19337d48a43bb611279ceb70b98fc3ebc9c85bd,True,3
21897,17208,021026_ML.npy,2026-10-04,2026-10-04 22:34:51.179900,7C0074,C172,CESSNA AIRCRAFT COMPANY,172S,fc5dae80dca61a5b90e65b68200fd41a2c3651bd70d9269639993a8110eee409,True,2
21898,17209,021026_ML.npy,2026-10-04,2026-10-04 22:34:51.183742,7C0074,C172,CESSNA AIRCRAFT COMPANY,172S,84048b3dc421359f72b50ebc03b3a2ffefb2c8aa2ff4a43133a5ec0f4aa0b59e,True,2
21902,17213,021026_ML.npy,2026-10-04,2026-10-04 22:34:54.150298,7C0074,C172,CESSNA AIRCRAFT COMPANY,172S,a2b39d778e08bd48cbf8bfbf20458f6d3579b216b54a949e16d72cdc5ddad502,True,4
21907,17218,021026_ML.npy,2026-10-04,2026-10-04 22:35:01.843312,7C0074,C172,CESSNA AIRCRAFT COMPANY,172S,1ced730ceeeaee2184b3cd02908512a21a2d05a1b0cd080b032e8f8150b44496,True,2
21910,17221,021026_ML.npy,2026-10-04,2026-10-04 22:35:04.676038,7C7B5F,DA40,DIAMOND AIRCRAFT INDUSTRIES INC.,DA 40,583b6fec7debba04ad2fa6f65e3f78f33ce2b8f7bc3b7f854d36cab7c68f5d95,True,4
21912,17223,021026_ML.npy,2026-10-04,2026-10-04 22:35:09.689897,7C7B5F,DA40,DIAMOND AIRCRAFT INDUSTRIES INC.,DA 40,179cb021bb42e3a74cf4cdc8fee5872e555e86c31d0e22099a90bb6ca05a5b5d,True,1
21917,17228,021026_ML.npy,2026-10-04,2026-10-04 22:35:11.089174,7C0074,C172,CESSNA AIRCRAFT COMPANY,172S,8406bd52814ddc048fadf07470c6aab28f6d6bee9be4cd580fed24f966011180,True,4
21919,17230,021026_ML.npy,2026-10-04,2026-10-04 22:35:11.212482,7C0074,C172,CESSNA AIRCRAFT COMPANY,172S,976503016d5c665f8473bf214ed2d2caffef23bfff0437fc180c3b57dd0def7a,True,3
21920,17231,021026_ML.npy,2026-10-04,2026-10-04 22:35:11.662891,7C0074,C172,CESSNA AIRCRAFT COMPANY,172S,3ce829d796f623bc10b62eec37b1757bce3174127e4aaa92e7bccd065065c308,True,3
21926,17237,021026_ML.npy,2026-10-04,2026-10-04 22:35:17.393466,7C7B5F,DA40,DIAMOND AIRCRAFT INDUSTRIES INC.,DA 40,60c52c0caea0f00d0d461a0fff98303be54a6b90140fe751f38f0814d0e254f1,True,2
21944,17255,021026_ML.npy,2026-10-04,2026-10-04 22:35:55.985183,7C1689,DA40,DIAMOND AIRCRAFT INDUSTRIES INC.,DA 40,ce00d1b907fa7fb7263822317ad7bdf3bb891df0e483d1838772e83cd031d647,True,5
21954,17265,021026_ML.npy,2026-10-04,2026-10-04 22:37:08.185688,7C0074,C172,CESSNA AIRCRAFT COMPANY,172S,768a401dab17090306edde6f74f370e7e39c75f332257e3844e60ade69743b46,True,1
21962,17273,021026_ML.npy,2026-10-04,2026-10-04 22:37:17.291950,7C7C3E,DA40,DIAMOND AIRCRAFT INDUSTRIES INC.,DA 40,e6a350a35a4ac5b347e7c7fef75fb41b3984b59c26d38e1dbd4609a8e89a1fa3,True,4
21965,17276,021026_ML.npy,2026-10-04,2026-10-04 22:37:18.712717,7C0074,C172,CESSNA AIRCRAFT COMPANY,172S,180d305e55e5fff5e794a6905d061eaf67e96be615fd129c01fe88ecbdc57343,True,2
21969,17280,021026_ML.npy,2026-10-04,2026-10-04 22:37:22.883343,7C0074,C172,CESSNA AIRCRAFT COMPANY,172S,3b0cf45010ef3a61183811baeb970875b02e39ec4b6bae66d2578127b4b3735a,True,4
21970,17281,021026_ML.npy,2026-10-04,2026-10-04 22:37:22.889488,7C0074,C172,CESSNA AIRCRAFT COMPANY,172S,31aa0a806bf56723092aaaedeb164f1d7c1b8aa7a952ea5484adb251d2f5f6fe,True,3
21974,17285,021026_ML.npy,2026-10-04,2026-10-04 22:37:26.604392,7C7C3E,DA40,DIAMOND AIRCRAFT INDUSTRIES INC.,DA 40,0481ad40ad543f478c0c6ff47306047f4cd31a0f0fa3fe3f2a66b6475d39e9b4,True,1
21977,17288,021026_ML.npy,2026-10-04,2026-10-04 22:37:27.839937,7C0074,C172,CESSNA AIRCRAFT COMPANY,172S,08ab0512842b6de44e179e91c8691073efd22bd576a25a8232f01b9404c45b82,True,5
21979,17290,021026_ML.npy,2026-10-04,2026-10-04 22:37:28.430610,7C7C3E,DA40,DIAMOND AIRCRAFT INDUSTRIES INC.,DA 40,93e8744b93cfa9da0f11ae84241ee30c0d815834841af917d11372bfa2e76b11,True,5
21980,17291,021026_ML.npy,2026-10-04,2026-10-04 22:37:28.883285,7C0074,C172,CESSNA AIRCRAFT COMPANY,172S,92b386d385a1f338efb1dc4217a1387fe317f75b8de641089effb988b1fe2815,True,3
21986,17297,021026_ML.npy,2026-10-04,2026-10-04 22:37:34.558792,7C7C3E,DA40,DIAMOND AIRCRAFT INDUSTRIES INC.,DA 40,a7fcd233d871ef77fba3b54ade1344dfbdadc53a8c8b294444e5dbd19dedf347,True,4
21989,17300,021026_ML.npy,2026-10-04,2026-10-04 22:37:36.829845,7C0074,C172,CESSNA AIRCRAFT COMPANY,172S,a2b39d778e08bd48cbf8bfbf20458f6d3579b216b54a949e16d72cdc5ddad502,True,1
21993,17304,021026_ML.npy,2026-10-04,2026-10-04 22:37:50.408204,7C0074,C172,CESSNA AIRCRAFT COMPANY,172S,a2b39d778e08bd48cbf8bfbf20458f6d3579b216b54a949e16d72cdc5ddad502,True,2
21997,17308,021026_ML.npy,2026-10-04,2026-10-04 22:37:53.834609,7C0074,C172,CESSNA AIRCRAFT COMPANY,172S,83a255a7f028919d4d44af346f838d45cf59a8195638ac0dd7c14abd9d526e0e,True,4
21999,17310,021026_ML.npy,2026-10-04,2026-10-04 22:37:54.682675,7C0074,C172,CESSNA AIRCRAFT COMPANY,172S,820ed98f004c18337b079aaa5b73721ac469d7cc80ec2e68ab754d9bad1dc6b0,True,4
22000,17311,021026_ML.npy,2026-10-04,2026-10-04 22:37:54.688897,7C0074,C172,CESSNA AIRCRAFT COMPANY,172S,5b5d72e28575813d778c2bb676efe276d6be97d9e2b8355417f300cdae9ca51a,True,2
22006,17317,021026_ML.npy,2026-10-04,2026-10-04 22:38:07.190198,7C0074,C172,CESSNA AIRCRAFT COMPANY,172S,9d7b78f6279b4cd54635302e36f4e22bc5eb4f1c7a9563523d1193ccc634ee84,True,1
22009,17320,021026_ML.npy,2026-10-04,2026-10-04 22:38:10.264552,7C0074,C172,CESSNA AIRCRAFT COMPANY,172S,b47895a5e098f9c806c5b99286a768c5440003ae822cf1fb5075310414ff3e38,True,1
22012,17323,021026_ML.npy,2026-10-04,2026-10-04 22:38:13.000503,7C0074,C172,CESSNA AIRCRAFT COMPANY,172S,a2b39d778e08bd48cbf8bfbf20458f6d3579b216b54a949e16d72cdc5ddad502,True,5
22014,17325,021026_ML.npy,2026-10-04,2026-10-04 22:38:20.786159,7C0074,C172,CESSNA AIRCRAFT COMPANY,172S,4ae7003cfbed3775304c4e571e0f90542be5d3d2093b07835d7fcf919d248e12,True,2
22021,17332,021026_ML.npy,2026-10-04,2026-10-04 22:38:29.251596,7C0074,C172,CESSNA AIRCRAFT COMPANY,172S,178e8d3e29dfd6e833cc2ff9b8ffb446e834982b99491823fd61600b55c7f68c,True,5
22030,17341,021026_ML.npy,2026-10-04,2026-10-04 22:38:58.892902,7C0074,C172,CESSNA AIRCRAFT COMPANY,172S,e952ab062605429e25ff6fdd314f28ea69ecd29a63b796c2c90c64f2aa804051,True,1
22035,17346,021026_ML.npy,2026-10-04,2026-10-04 22:39:07.989473,7C0074,C172,CESSNA AIRCRAFT COMPANY,172S,681b258f5c0b54a59bdbd2dd8dcc3be359e7d028704b4ef1f9447a0194dc5919,True,1
22041,17352,021026_ML.npy,2026-10-04,2026-10-04 22:39:15.816748,7C0379,C172,CESSNA AIRCRAFT COMPANY,172R,c83256f01b6afad2845adcea68c6cdb31e42950a1615ef9b67f7cab5b01c8c14,True,5
22042,17353,021026_ML.npy,2026-10-04,2026-10-04 22:39:39.486968,7C0379,C172,CESSNA AIRCRAFT COMPANY,172R,172d2ad72eb28bb5683b330d90029b44cfd2c1f1d5e52999d52bdfae13d99e77,True,2
22049,17360,021026_ML.npy,2026-10-04,2026-10-04 22:40:34.318581,7C1689,DA40,DIAMOND AIRCRAFT INDUSTRIES INC.,DA 40,4c71fea57e927bf9c8046246fd7af2b703227c391447bf11d1fa07f7fd7b220a,True,5
22080,17391,021026_ML.npy,2026-10-04,2026-10-04 22:41:27.321691,7C0074,C172,CESSNA AIRCRAFT COMPANY,172S,f117e0cf021088110e9881ff90556d817b5c63effbe94bd3d8429eba34b3327c,True,4
22081,17392,021026_ML.npy,2026-10-04,2026-10-04 22:41:27.799174,7C0074,C172,CESSNA AIRCRAFT COMPANY,172S,45c86fe762d0f8f7685302a79764997cc4fa726183e815000dda3a5ba21d9b88,True,3
22084,17395,021026_ML.npy,2026-10-04,2026-10-04 22:41:29.356937,7C0074,C172,CESSNA AIRCRAFT COMPANY,172S,aa495353f34e7f240b89ae94ae3edd19649ad6b1df9c77f377094a267818c281,True,4
22085,17396,021026_ML.npy,2026-10-04,2026-10-04 22:41:29.978090,7C0074,C172,CESSNA AIRCRAFT COMPANY,172S,a2b39d778e08bd48cbf8bfbf20458f6d3579b216b54a949e16d72cdc5ddad502,True,2
22086,17397,021026_ML.npy,2026-10-04,2026-10-04 22:41:30.345491,7C0074,C172,CESSNA AIRCRAFT COMPANY,172S,3f0ff0e68bd779925df0b737ec8217ff210a5715355e96f283ffd37d5cffd990,True,1
22088,17399,021026_ML.npy,2026-10-04,2026-10-04 22:41:31.369424,7C0074,C172,CESSNA AIRCRAFT COMPANY,172S,e99dd7b13ae1474778ffcc046eb90c7ddbd0cad5fb0765e151160fb27cfbb418,True,2
22089,17400,021026_ML.npy,2026-10-04,2026-10-04 22:41:33.395938,7C0074,C172,CESSNA AIRCRAFT COMPANY,172S,68a67bf6665793c85c43f89c16a7496b766556b9271f15ecee62cace2a9676d2,True,3
22093,17404,021026_ML.npy,2026-10-04,2026-10-04 22:41:38.380821,7C0074,C172,CESSNA AIRCRAFT COMPANY,172S,efa97348f402777f8619ca99f67934ce2ba8328ad82c27239bc8d18ef417545b,True,5
22097,17408,021026_ML.npy,2026-10-04,2026-10-04 22:41:41.451778,7C0074,C172,CESSNA AIRCRAFT COMPANY,172S,ed434c0b8fda3e8948805ef2bc81e38fd7ed4633bda3baaaeeeea54b68396585,True,1
22102,17413,021026_ML.npy,2026-10-04,2026-10-04 22:41:49.148267,7C0074,C172,CESSNA AIRCRAFT COMPANY,172S,0f02016522e89ffef1bac1cacaad2a793e413feabd4f3bd318ae8ff85fbb1529,True,1
22107,17418,021026_ML.npy,2026-10-04,2026-10-04 22:42:04.567080,7C0074,C172,CESSNA AIRCRAFT COMPANY,172S,b3ab295ad4e6fcbcaa9cb269eff1551cf35b33eb52e0f291b2721ff0503598cf,True,1
22139,17450,021026_ML.npy,2026-10-04,2026-10-04 22:43:26.112999,7C0074,C172,CESSNA AIRCRAFT COMPANY,172S,a2b39d778e08bd48cbf8bfbf20458f6d3579b216b54a949e16d72cdc5ddad502,True,4
22140,17451,021026_ML.npy,2026-10-04,2026-10-04 22:43:30.279881,7C0074,C172,CESSNA AIRCRAFT COMPANY,172S,a93511f4090b6fe348ca168acdddb184f1e8231520b27e093a1633174429219b,True,3
22147,17458,021026_ML.npy,2026-10-04,2026-10-04 22:43:39.197612,7C0074,C172,CESSNA AIRCRAFT COMPANY,172S,ee843857a75f0768d207accca5b93d6021bfba1358ae918265eeda60a3ff9542,True,2
22148,17459,021026_ML.npy,2026-10-04,2026-10-04 22:43:41.310102,7C0074,C172,CESSNA AIRCRAFT COMPANY,172S,2e1f69f79edd37c5ebe7e7b687512f595e8d81bdc9535bd9e042c4c13f3ecc6e,True,1
22162,17473,021026_ML.npy,2026-10-04,2026-10-04 22:44:06.749767,7C0074,C172,CESSNA AIRCRAFT COMPANY,172S,3ce829d796f623bc10b62eec37b1757bce3174127e4aaa92e7bccd065065c308,True,4
22163,17474,021026_ML.npy,2026-10-04,2026-10-04 22:44:13.288488,7C0074,C172,CESSNA AIRCRAFT COMPANY,172S,b6109477c3aa4e1832335c07f3f2a748a43f5360a4f5552065a621fd18ff3f93,True,3
22180,17491,021026_ML.npy,2026-10-04,2026-10-04 22:45:30.111045,7C1689,DA40,DIAMOND AIRCRAFT INDUSTRIES INC.,DA 40,9ef1d1030f2932b6d66f90bc4bf517dc7692616319d3bcce480b6a85d69f24d0,True,4
22185,17496,021026_ML.npy,2026-10-04,2026-10-04 22:45:41.321740,7C1689,DA40,DIAMOND AIRCRAFT INDUSTRIES INC.,DA 40,3ac212db4c3f9b574acbe5b137bf76313033660b916176ad95daeb0b7a85ea49,True,3
22201,17512,021026_ML.npy,2026-10-04,2026-10-04 22:46:43.218147,7C7B61,DA40,DIAMOND AIRCRAFT INDUSTRIES INC.,DA 40,b8d41fc308864e69bf273f97ccfe8550d9106fcc1967c36eba3037939b955b91,True,5
22203,17514,021026_ML.npy,2026-10-04,2026-10-04 22:46:49.983537,7C7B61,DA40,DIAMOND AIRCRAFT INDUSTRIES INC.,DA 40,d7ab4adac0c137ea5a411d9862f7afa85cb822582e50485ab2ff859a3c093be4,True,4
22208,17519,021026_ML.npy,2026-10-04,2026-10-04 22:48:34.318417,7C7C31,DA40,DIAMOND AIRCRAFT INDUSTRIES INC.,DA 40,ceed821875f91fa34da5c4eb0bb33c5f55c9382b31d3b21b0db2af93ef19f33c,True,3
22212,17523,021026_ML.npy,2026-10-04,2026-10-04 22:48:41.108333,7C7C31,DA40,DIAMOND AIRCRAFT INDUSTRIES INC.,DA 40,9dcb726f2a8587816c9160b5f1ba27d182a7815af5ef2765e27ad0fa00d20de4,True,4
22223,17534,021026_ML.npy,2026-10-04,2026-10-04 22:48:56.292758,7C7C31,DA40,DIAMOND AIRCRAFT INDUSTRIES INC.,DA 40,b5f0fe660e1b0fb9be26c33b8aa63d89a0d2b04f52cb079eb9bb6e2cc445a298,True,4
22224,17535,021026_ML.npy,2026-10-04,2026-10-04 22:48:59.060380,7C7C31,DA40,DIAMOND AIRCRAFT INDUSTRIES INC.,DA 40,ceed821875f91fa34da5c4eb0bb33c5f55c9382b31d3b21b0db2af93ef19f33c,True,4
22227,17538,021026_ML.npy,2026-10-04,2026-10-04 22:49:03.962514,7C7C31,DA40,DIAMOND AIRCRAFT INDUSTRIES INC.,DA 40,b50d424b1bae8c108f2013835fcee7543ee6de24723f3b37126a04abfb1022c2,True,1
22241,17552,021026_ML.npy,2026-10-04,2026-10-04 22:50:01.698196,7C1689,DA40,DIAMOND AIRCRAFT INDUSTRIES INC.,DA 40,26fa89d1fc00976d5ed297be5dc4b8dcfe4ef275ee5932a9447a9ecaf7337902,True,4
22242,17553,021026_ML.npy,2026-10-04,2026-10-04 22:50:01.705099,7C1689,DA40,DIAMOND AIRCRAFT INDUSTRIES INC.,DA 40,a75443bc37da45be19f2eba85c29458e7ce01e2a5a541753d08eb1b5803b4599,True,5
22245,17556,021026_ML.npy,2026-10-04,2026-10-04 22:50:11.431956,7C1689,DA40,DIAMOND AIRCRAFT INDUSTRIES INC.,DA 40,00ea569ce4d9e14cb6356efb590793217086bcc7c79430b20b9dc2d539ccb2f3,True,3
22253,17564,021026_ML.npy,2026-10-04,2026-10-04 22:50:33.068452,7C1689,DA40,DIAMOND AIRCRAFT INDUSTRIES INC.,DA 40,201d5b7e9d10609abb3fc65af83bbd444fe7fb90cc8259bc6147da7541ebe3eb,True,5
22266,17577,021026_ML.npy,2026-10-04,2026-10-04 22:53:29.953834,7C41D4,C172,CESSNA AIRCRAFT COMPANY,R172K,46dc86d9bee7ce2ff7c71da50eebc1c9d120d1595b400541aa474ef6f3f02004,True,5
22272,17583,021026_ML.npy,2026-10-04,2026-10-04 22:53:52.952159,7C41D4,C172,CESSNA AIRCRAFT COMPANY,R172K,dbea3d75e170791194deee4f68cf058c5a9b55af07f536e5b91bfc874fcaf5ee,True,4
22273,17584,021026_ML.npy,2026-10-04,2026-10-04 22:53:54.861704,7C41D4,C172,CESSNA AIRCRAFT COMPANY,R172K,ddd832e78973563ba3d552306041dab2fbb6e9938688d08f4bfd2ba88c429e23,True,3
22274,17585,021026_ML.npy,2026-10-04,2026-10-04 22:53:55.301808,7C41D4,C172,CESSNA AIRCRAFT COMPANY,R172K,f35c8040366e83a6fd6600b39e36f436e0ad42c2fa2644a2ffd47c46075ec12f,True,5
22283,17594,021026_ML.npy,2026-10-04,2026-10-04 22:54:58.703560,7C1689,DA40,DIAMOND AIRCRAFT INDUSTRIES INC.,DA 40,6200fcb3f895aef71e28b661e15b7aae6082984b534d2b6533a007137dea25f3,True,1
22286,17597,021026_ML.npy,2026-10-04,2026-10-04 22:55:00.321376,7C1689,DA40,DIAMOND AIRCRAFT INDUSTRIES INC.,DA 40,c74188d0d6c05101098e65efc5be5a945ee7ddf1af67a524c2f8ebd76b7eb3c6,True,3
22302,17613,021026_ML.npy,2026-10-04,2026-10-04 22:55:27.902459,7C1689,DA40,DIAMOND AIRCRAFT INDUSTRIES INC.,DA 40,1ba2b85bb546265f46f02d0615381ea076e28995385039180cf3a9dfd27b6d1b,True,1
22314,17625,021026_ML.npy,2026-10-04,2026-10-04 22:55:43.080786,7C1689,DA40,DIAMOND AIRCRAFT INDUSTRIES INC.,DA 40,9df56ef2cdb55b0f5f1fc55711fc93fdca2c2009e804eea51b5f507abd8bce99,True,4
22322,17633,021026_ML.npy,2026-10-04,2026-10-04 22:55:51.223354,7C1689,DA40,DIAMOND AIRCRAFT INDUSTRIES INC.,DA 40,6200fcb3f895aef71e28b661e15b7aae6082984b534d2b6533a007137dea25f3,True,5
22361,17672,021026_ML.npy,2026-10-04,2026-10-04 23:00:49.290280,7C7B61,DA40,DIAMOND AIRCRAFT INDUSTRIES INC.,DA 40,c4c7e749d1aa618e42c2416feec5bbeedba4124a8aedb3a88c418b4015c427f7,True,1
22371,17682,021026_ML.npy,2026-10-04,2026-10-04 23:01:01.343373,7C7B61,DA40,DIAMOND AIRCRAFT INDUSTRIES INC.,DA 40,899936413c7c23eebfa262497a0b56803315c19270b6bc7a30d3b4d3ed0dbd75,True,2
22375,17686,021026_ML.npy,2026-10-04,2026-10-04 23:01:08.200916,7C7B61,DA40,DIAMOND AIRCRAFT INDUSTRIES INC.,DA 40,b9b1c192a1765673aaa58bc58f3c214af3029b99c8cc6fd7123a220137e34cd5,True,3
22378,17689,021026_ML.npy,2026-10-04,2026-10-04 23:01:09.638321,7C7B61,DA40,DIAMOND AIRCRAFT INDUSTRIES INC.,DA 40,c4c7e749d1aa618e42c2416feec5bbeedba4124a8aedb3a88c418b4015c427f7,True,3
22398,17709,021026_ML.npy,2026-10-04,2026-10-04 23:05:42.729433,7C7B61,DA40,DIAMOND AIRCRAFT INDUSTRIES INC.,DA 40,e76ce61fe92c3065c5e893153f47a2b81f360f8931e23946ab54a4da53bbffae,True,4
22418,17729,021026_ML.npy,2026-10-04,2026-10-04 23:06:49.191186,7C41FD,DA40,DIAMOND AIRCRAFT INDUSTRIES INC.,DA 40,2b5c37988ca0c5e76a840439f1100ef4d56fac1d0ab2844ff3db2a9150e7510a,True,3
22433,17744,021026_ML.npy,2026-10-04,2026-10-04 23:10:22.027186,7C7B61,DA40,DIAMOND AIRCRAFT INDUSTRIES INC.,DA 40,5aeba191b772f89f37f50eacd65ad39d3ea162d490b266376f8fcd3457adc30c,True,4
22453,17764,021026_ML.npy,2026-10-04,2026-10-04 23:10:47.416951,7C7B61,DA40,DIAMOND AIRCRAFT INDUSTRIES INC.,DA 40,48144b37d4299ed3ede3241745dd284321f077b3f3ba645f56061f9fd2bbaca5,True,5
22465,17776,021026_ML.npy,2026-10-04,2026-10-04 23:12:09.738590,7C41FD,DA40,DIAMOND AIRCRAFT INDUSTRIES INC.,DA 40,6922f352da3c29260d86cd61c8ffa23aa180a9a79704234f0fcfb97b40d29b87,True,5
22479,17790,021026_ML.npy,2026-10-04,2026-10-04 23:12:34.290205,7C41FD,DA40,DIAMOND AIRCRAFT INDUSTRIES INC.,DA 40,9525cb90139c50e98efe15d9bdf4f75072c9d654400f3d63c49c52e7fcdc9f3c,True,1
22525,17836,021026_ML.npy,2026-10-04,2026-10-04 23:13:10.082969,7C7C2E,DA40,DIAMOND AIRCRAFT INDUSTRIES INC.,DA 40,cf1cf555a775c50935b36dd9c8a8e898a0377c9599f865503f4d96e1178db06d,True,5
22527,17838,021026_ML.npy,2026-10-04,2026-10-04 23:13:10.628344,7C7AF7,DA40,DIAMOND AIRCRAFT INDUSTRIES INC.,DA 40,795a646adfcf1701f897c872d6c768fe72218e009ab4eaa0fddbf7fae6b752bf,True,2
22549,17860,021026_ML.npy,2026-10-04,2026-10-04 23:13:17.489918,7C7AF7,DA40,DIAMOND AIRCRAFT INDUSTRIES INC.,DA 40,58448dc8b9e5bfd8e21e8d868fe684cea015745e501bb53fb4e39f12e94c1400,True,2
22558,17869,021026_ML.npy,2026-10-04,2026-10-04 23:13:23.122898,7C7AF7,DA40,DIAMOND AIRCRAFT INDUSTRIES INC.,DA 40,c6aa315fd66b3891ab5a6d6e3db6f1996545e44c3f94073cd0c2a0607e65e312,True,1
22571,17882,021026_ML.npy,2026-10-04,2026-10-04 23:13:31.024563,7C7C2E,DA40,DIAMOND AIRCRAFT INDUSTRIES INC.,DA 40,6415331ede64a2170e0b68ffe345466a2e459ae773c070036a7569401d5eb93e,True,5
22606,17917,021026_ML.npy,2026-10-04,2026-10-04 23:13:59.952427,7C7C2E,DA40,DIAMOND AIRCRAFT INDUSTRIES INC.,DA 40,19531b2c20935de4cc4f892b92a9b0062e4544326b3177543b1405de7727d3db,True,4
22623,17934,021026_ML.npy,2026-10-04,2026-10-04 23:15:26.109819,7C7B61,DA40,DIAMOND AIRCRAFT INDUSTRIES INC.,DA 40,9e974b678852eb2815aba43f016d91cd5025a23f54d83b29b5bd17134ba090c7,True,4
22625,17936,021026_ML.npy,2026-10-04,2026-10-04 23:15:30.193600,7C7B61,DA40,DIAMOND AIRCRAFT INDUSTRIES INC.,DA 40,5bf8cd6740b1910685ebc1645c08aa6ebfe453087922b01d39bed7a7a87792fe,True,5
22626,17937,021026_ML.npy,2026-10-04,2026-10-04 23:15:30.735205,7C7B61,DA40,DIAMOND AIRCRAFT INDUSTRIES INC.,DA 40,e59b3b2ec5da20e01e1ddae4c863382fec64ff9319f73c67f5121116e9726845,True,1
22647,17958,021026_ML.npy,2026-10-04,2026-10-04 23:15:53.477726,7C7C41,DA40,DIAMOND AIRCRAFT INDUSTRIES INC.,DA 40,6cb334ec1c3c21dae7b15671b3d233a559942b54ce239ceeb4132129dbfb25af,True,2
22652,17963,021026_ML.npy,2026-10-04,2026-10-04 23:15:57.199169,7C7C41,DA40,DIAMOND AIRCRAFT INDUSTRIES INC.,DA 40,d377fa07675b4b662049aef87763e37d204ac14dc7cf7c7ee236773e9886db32,True,1
22665,17976,021026_ML.npy,2026-10-04,2026-10-04 23:16:16.899464,7C7C41,DA40,DIAMOND AIRCRAFT INDUSTRIES INC.,DA 40,5b1074a9ed0aa20bf6d75fcc3ca4ab036dbb2904cc3a249ca1cc530a4815b1cc,True,5
22667,17978,021026_ML.npy,2026-10-04,2026-10-04 23:16:19.675580,7C7C41,DA40,DIAMOND AIRCRAFT INDUSTRIES INC.,DA 40,7e37124750914e0499483a34fc40d362149bb46853aca172468274f97bc4ddb9,True,2
22672,17983,021026_ML.npy,2026-10-04,2026-10-04 23:16:27.869281,7C7C41,DA40,DIAMOND AIRCRAFT INDUSTRIES INC.,DA 40,5b1e68295b91398857c47e8dfe5e22a152cd8dcf943385655715718ecea1b59a,True,1
22673,17984,021026_ML.npy,2026-10-04,2026-10-04 23:16:28.951060,7C7C41,DA40,DIAMOND AIRCRAFT INDUSTRIES INC.,DA 40,53db19cb58a255752f021db307bbb6f1575a35f320c75ebb1883253ce1f3df65,True,3
22676,17987,021026_ML.npy,2026-10-04,2026-10-04 23:16:29.488298,7C7C41,DA40,DIAMOND AIRCRAFT INDUSTRIES INC.,DA 40,4717fbd18dfc2f234d3a08f52addccd55110c542bb4c77d2a9c32e6cef656458,True,1
22677,17988,021026_ML.npy,2026-10-04,2026-10-04 23:16:31.937332,7C7C41,DA40,DIAMOND AIRCRAFT INDUSTRIES INC.,DA 40,1b77af14ba2067dbd7fa28a58a2aee6c8610de2565d45cf3fa6511db45063107,True,5
22679,17990,021026_ML.npy,2026-10-04,2026-10-04 23:16:33.954267,7C7C41,DA40,DIAMOND AIRCRAFT INDUSTRIES INC.,DA 40,fd192c1bd23331239f5a1041552cde3a7a3618234001a0a51757ff8d4f4b38c8,True,4
22699,18010,021026_ML.npy,2026-10-04,2026-10-04 23:17:54.404562,7C41FD,DA40,DIAMOND AIRCRAFT INDUSTRIES INC.,DA 40,6212db44c4b682858619fa6f15dc07186d0081aacc9908912533ff525707a856,True,1
22756,18067,021026_ML.npy,2026-10-04,2026-10-04 23:18:27.983488,7C41FD,DA40,DIAMOND AIRCRAFT INDUSTRIES INC.,DA 40,0eafd5e042b5c94e55498c575fc8cb76dd1eaf256af212b1c5de14294b34725b,True,5
22815,18126,021026_ML.npy,2026-10-04,2026-10-04 23:19:26.138929,7C7AEF,DA40,DIAMOND AIRCRAFT INDUSTRIES INC.,DA 40,49f6923ec8003efdcf5d9af3bd8729dbdbd025215025d577350b6f30a0191157,True,3
22819,18130,021026_ML.npy,2026-10-04,2026-10-04 23:19:34.960166,7C7AEF,DA40,DIAMOND AIRCRAFT INDUSTRIES INC.,DA 40,4f881092e3285c95a801112e843f926f147005975905deb90fe0ce6d140d2c14,True,5
22836,18147,021026_ML.npy,2026-10-04,2026-10-04 23:19:56.273521,7C7AEF,DA40,DIAMOND AIRCRAFT INDUSTRIES INC.,DA 40,b5af277bf154a062ba2c5bd2aaad18102d30a0e8c95cfab4de5f7e923d67c9b5,True,5
22837,18148,021026_ML.npy,2026-10-04,2026-10-04 23:19:57.359890,7C7AEF,DA40,DIAMOND AIRCRAFT INDUSTRIES INC.,DA 40,96893348987605f48a2cb4d497842651041f9206eca343ffd7404ab522702c58,True,2
22851,18162,021026_ML.npy,2026-10-04,2026-10-04 23:20:12.564341,7C7AEF,DA40,DIAMOND AIRCRAFT INDUSTRIES INC.,DA 40,155d7016da6ed7a3a65a28d2560ac20740e128cedb716895ce0df3b305632075,True,2
22858,18169,021026_ML.npy,2026-10-04,2026-10-04 23:20:34.560203,7C7B61,DA40,DIAMOND AIRCRAFT INDUSTRIES INC.,DA 40,e61a988600ba56f8899217bfa52fabc64769492abc54fe05654b0e4ad3904839,True,2
22890,18201,021026_ML.npy,2026-10-04,2026-10-04 23:23:23.247390,7C41FD,DA40,DIAMOND AIRCRAFT INDUSTRIES INC.,DA 40,ca3c431819122b2a9e842a54a6e771d97c78dfd9bf3576dcd5186f0cefafb50c,True,2
22908,18219,021026_ML.npy,2026-10-04,2026-10-04 23:24:08.745842,7C41FD,DA40,DIAMOND AIRCRAFT INDUSTRIES INC.,DA 40,6738b7f3e871407bc75981c3d32b3c8617e7455817d5319e308c2a0f35850278,True,3
22916,18227,021026_ML.npy,2026-10-04,2026-10-04 23:25:48.267555,7C7B61,DA40,DIAMOND AIRCRAFT INDUSTRIES INC.,DA 40,d442dcfd893a6c7b29c22fdd3087c5bf112d5b7fbaefa2ccb5ea191f8397af56,True,1
22924,18235,021026_ML.npy,2026-10-04,2026-10-04 23:27:25.926464,7C7AF0,DA40,DIAMOND AIRCRAFT INDUSTRIES INC.,DA 40,0e920c25dfa5784d6959ce4ab9287803e2f47c66a343a10da1797c3d77759fa1,True,3
22929,18240,021026_ML.npy,2026-10-04,2026-10-04 23:27:31.401844,7C7AF0,DA40,DIAMOND AIRCRAFT INDUSTRIES INC.,DA 40,16ab2e89dddf0b84ccc930f669986ef02e1a4dc2d469a6ccd279ccf27eb1f479,True,4
22932,18243,021026_ML.npy,2026-10-04,2026-10-04 23:27:35.511240,7C7AF0,DA40,DIAMOND AIRCRAFT INDUSTRIES INC.,DA 40,b13621b29f627469cd79ca86f7ce3e6329cd8c1145ffe602a9e7e17ab7a76539,True,5
22938,18249,021026_ML.npy,2026-10-04,2026-10-04 23:27:47.636369,7C7AF0,DA40,DIAMOND AIRCRAFT INDUSTRIES INC.,DA 40,5a22f251b4a52380aa7578e5abb8b7f87aad1a1c60ef9f136dbcb0c21867c305,True,1
22974,18285,021026_ML.npy,2026-10-04,2026-10-04 23:28:40.076899,7C168A,DA40,DIAMOND AIRCRAFT INDUSTRIES INC.,DA 40,bbc133e5dec287b34ef9183eaabe1c9d9538be562c90462e0a59644faab7fa8f,True,4
22980,18291,021026_ML.npy,2026-10-04,2026-10-04 23:28:47.292595,7C168A,DA40,DIAMOND AIRCRAFT INDUSTRIES INC.,DA 40,dc83f7b7210818bca15d4e2f797efb35e4d18423a2f3568b3a7a98242332bd64,True,1
22992,18303,021026_ML.npy,2026-10-04,2026-10-04 23:29:00.607250,7C67D0,C172,CESSNA AIRCRAFT COMPANY,172S,f334ee7c9845d95a3e75d7d32c35a088c03ba16971d8135206e8081d433b304a,True,1
22996,18307,021026_ML.npy,2026-10-04,2026-10-04 23:29:01.594237,7C67D0,C172,CESSNA AIRCRAFT COMPANY,172S,6ed9fae629f464f1c768ee6f3906832d2da96336965159338627b4ac711e2233,True,2
23002,18313,021026_ML.npy,2026-10-04,2026-10-04 23:29:05.220974,7C67D0,C172,CESSNA AIRCRAFT COMPANY,172S,d6e6768e5b2e7ed0d0070208e691fa32df1cd09c86ea4adf37fda8a0425f5313,True,4
23003,18314,021026_ML.npy,2026-10-04,2026-10-04 23:29:06.286743,7C67D0,C172,CESSNA AIRCRAFT COMPANY,172S,6171b892c6161344ded2c96090bfd22824b583cedd6541bba1ee35149c2a92cb,True,1
23019,18330,021026_ML.npy,2026-10-04,2026-10-04 23:29:29.890780,7C67D0,C172,CESSNA AIRCRAFT COMPANY,172S,6171b892c6161344ded2c96090bfd22824b583cedd6541bba1ee35149c2a92cb,True,5
23023,18334,021026_ML.npy,2026-10-04,2026-10-04 23:29:34.666213,7C67D0,C172,CESSNA AIRCRAFT COMPANY,172S,f3de89c38f1ccfe5c5b06d8425f47e4fa3a0b6187ae65245db1771fcfd5db05b,True,1
23029,18340,021026_ML.npy,2026-10-04,2026-10-04 23:30:20.858854,7C7B61,DA40,DIAMOND AIRCRAFT INDUSTRIES INC.,DA 40,5295b34b022e1b5bc5d21b305cd5bc01c3e654409acfea41deffc4ce59c9b51f,True,1
23055,18366,021026_ML.npy,2026-10-04,2026-10-04 23:31:09.916161,7C67D0,C172,CESSNA AIRCRAFT COMPANY,172S,00a5d9f3fdce0e7e0e8dab1b9d72f363d04567b6e00dabe4fe9ab4350e3bc808,True,2
23056,18367,021026_ML.npy,2026-10-04,2026-10-04 23:31:10.405515,7C67D0,C172,CESSNA AIRCRAFT COMPANY,172S,37c12f88b8e09dc33484c20690c94342203cf6eabe280f00b4feb546e16027bd,True,2
23057,18368,021026_ML.npy,2026-10-04,2026-10-04 23:31:10.410572,7C67D0,C172,CESSNA AIRCRAFT COMPANY,172S,67939cc9209cba5d63454c29fbf2f9c2367b7029c52425c66f8b564abe0e9182,True,1
23066,18377,021026_ML.npy,2026-10-04,2026-10-04 23:33:48.191131,7C2E75,C172,CESSNA AIRCRAFT COMPANY,172N,537a411f6d666b5552508369672999737cfab429b0e5d0136716492142f23c12,True,4
23070,18381,021026_ML.npy,2026-10-04,2026-10-04 23:33:56.361785,7C2E75,C172,CESSNA AIRCRAFT COMPANY,172N,cc8ae6f42a60cc352e19b0c46e4fb80ac3c81cd8a4a94d98ed6ca855c01602be,True,3
23079,18390,021026_ML.npy,2026-10-04,2026-10-04 23:35:31.522662,7C582C,DA40,DIAMOND AIRCRAFT INDUSTRIES INC.,DA 40,074a2c19345769501d61be4418bd5ad7becc09d87f7bba6b281539c265e094d9,True,2
23120,18431,021026_ML.npy,2026-10-04,2026-10-04 23:38:57.374130,7C0077,DA40,DIAMOND AIRCRAFT INDUSTRIES INC.,DA 40,486c073b6230dde20b644f84e888cd0e26f7efcdcb7045a99708caf7d9116d09,True,3
23155,18466,021026_ML.npy,2026-10-04,2026-10-04 23:40:11.847442,7C0077,DA40,DIAMOND AIRCRAFT INDUSTRIES INC.,DA 40,46aad1b31b8abcef86375fdc2d6827b880eff8b8f344343073a8b0c830ac039c,True,5
23159,18470,021026_ML.npy,2026-10-04,2026-10-04 23:40:29.321075,7C0D65,DA42,DIAMOND AIRCRAFT INDUSTRIES INC.,DA 42,31613b6f71bb67e7657b7a54d93c7c771917aa251c24e5691601b5d12de8d76d,True,4
23163,18474,021026_ML.npy,2026-10-04,2026-10-04 23:40:36.808215,7C0D65,DA42,DIAMOND AIRCRAFT INDUSTRIES INC.,DA 42,61ebe496239d26326689110fb84a9f50fab6aad05ab5376f1ee85e0e875855f8,True,4
23164,18475,021026_ML.npy,2026-10-04,2026-10-04 23:40:36.812793,7C0D65,DA42,DIAMOND AIRCRAFT INDUSTRIES INC.,DA 42,feb2a44ea9a9454705dcf7fd7677f21aa872f8767076aa339d7820f9a6acb504,True,2
23168,18479,021026_ML.npy,2026-10-04,2026-10-04 23:40:42.242786,7C0D65,DA42,DIAMOND AIRCRAFT INDUSTRIES INC.,DA 42,45198053a941d3db759d243b29e6d91be9bea62c10ba30f0ef7a8e2e8d09bc1c,True,5
23169,18480,021026_ML.npy,2026-10-04,2026-10-04 23:40:43.049818,7C0D65,DA42,DIAMOND AIRCRAFT INDUSTRIES INC.,DA 42,04b686c1dec303818333a823dea86669591a2b34efd8efd724eb57585ffe13ec,True,3
23172,18483,021026_ML.npy,2026-10-04,2026-10-04 23:40:53.529542,7C0D65,DA42,DIAMOND AIRCRAFT INDUSTRIES INC.,DA 42,dd3f6da7d6492c13b4f91a5d3d75e31e0ad87ff69a2a915bf5d5026869029283,True,5
23173,18484,021026_ML.npy,2026-10-04,2026-10-04 23:40:55.083799,7C0D65,DA42,DIAMOND AIRCRAFT INDUSTRIES INC.,DA 42,87d9b17bd316a4d734a72f873a3f7e7f5323df66d8743696e3bc71dc66770efa,True,4
23174,18485,021026_ML.npy,2026-10-04,2026-10-04 23:40:59.216382,7C0D65,DA42,DIAMOND AIRCRAFT INDUSTRIES INC.,DA 42,433e7d016e43a29c61cdfdc05002e2975cd1f5ee89d83e3e0655b6f92c60abf4,True,4
23177,18488,021026_ML.npy,2026-10-04,2026-10-04 23:41:15.683827,7C0D65,DA42,DIAMOND AIRCRAFT INDUSTRIES INC.,DA 42,4734cbd35cce7ce7b67aba22c5788b4e48ac92e6afa98518b85c5620a14ee7d6,True,1
23180,18491,021026_ML.npy,2026-10-04,2026-10-04 23:42:07.320134,7C0D65,DA42,DIAMOND AIRCRAFT INDUSTRIES INC.,DA 42,6cbe5135f36b61942b47fcd55f0049194b966df7560f6a396fa7eeaa8b6ab050,True,2
23183,18494,021026_ML.npy,2026-10-04,2026-10-04 23:42:10.432035,7C0D65,DA42,DIAMOND AIRCRAFT INDUSTRIES INC.,DA 42,4860c68a283f2b83b62be0b8b0fd2897646e9cd6e1be54a0a1babe9778c1b29d,True,4
23184,18495,021026_ML.npy,2026-10-04,2026-10-04 23:42:10.436847,7C0D65,DA42,DIAMOND AIRCRAFT INDUSTRIES INC.,DA 42,e807aa4ea5fa33f74fb628befa00df388ba73ad6d28ddb1efa6c94289c2aa28f,True,4
23188,18499,021026_ML.npy,2026-10-04,2026-10-04 23:42:11.998379,7C0D65,DA42,DIAMOND AIRCRAFT INDUSTRIES INC.,DA 42,92baa662f64852ed7e56eb56d20a641b19454be21f53f3847d0775543d58a1d6,True,1
23189,18500,021026_ML.npy,2026-10-04,2026-10-04 23:42:12.011527,7C0D65,DA42,DIAMOND AIRCRAFT INDUSTRIES INC.,DA 42,4734cbd35cce7ce7b67aba22c5788b4e48ac92e6afa98518b85c5620a14ee7d6,True,1
23192,18503,021026_ML.npy,2026-10-04,2026-10-04 23:42:28.307837,7C0D65,DA42,DIAMOND AIRCRAFT INDUSTRIES INC.,DA 42,4734cbd35cce7ce7b67aba22c5788b4e48ac92e6afa98518b85c5620a14ee7d6,True,1
23193,18504,021026_ML.npy,2026-10-04,2026-10-04 23:42:42.095423,7C0D65,DA42,DIAMOND AIRCRAFT INDUSTRIES INC.,DA 42,4734cbd35cce7ce7b67aba22c5788b4e48ac92e6afa98518b85c5620a14ee7d6,True,4
23196,18507,021026_ML.npy,2026-10-04,2026-10-04 23:42:48.355809,7C0D65,DA42,DIAMOND AIRCRAFT INDUSTRIES INC.,DA 42,4734cbd35cce7ce7b67aba22c5788b4e48ac92e6afa98518b85c5620a14ee7d6,True,3
23197,18508,021026_ML.npy,2026-10-04,2026-10-04 23:42:49.414157,7C0D65,DA42,DIAMOND AIRCRAFT INDUSTRIES INC.,DA 42,433e7d016e43a29c61cdfdc05002e2975cd1f5ee89d83e3e0655b6f92c60abf4,True,1
23208,18519,021026_ML.npy,2026-10-04,2026-10-04 23:44:27.954389,7C7B60,DA40,DIAMOND AIRCRAFT INDUSTRIES INC.,DA 40,ad342561c362ee638e880c8ecc7f12417522abb11edf221522f81e9114ce8c1c,True,3
23210,18521,021026_ML.npy,2026-10-04,2026-10-04 23:44:29.621917,7C7B60,DA40,DIAMOND AIRCRAFT INDUSTRIES INC.,DA 40,dc1b0763eb7ab8408727cc3826297aaf60aab53099360a3a104b93d2a3ab4c04,True,2
23211,18522,021026_ML.npy,2026-10-04,2026-10-04 23:44:30.051811,7C7B60,DA40,DIAMOND AIRCRAFT INDUSTRIES INC.,DA 40,953a44dbb9b722f9c24985c44eefe0d7786c1bc7cdaac6bb7d95759c058e867f,True,2
23216,18527,021026_ML.npy,2026-10-04,2026-10-04 23:44:35.361442,7C7B60,DA40,DIAMOND AIRCRAFT INDUSTRIES INC.,DA 40,ce1e77e1e0aeaecc7dcf918d59afebe82023ef23145d6903574f633de4ddbb3a,True,4
23234,18545,021026_ML.npy,2026-10-04,2026-10-04 23:45:17.332453,7C0D65,DA42,DIAMOND AIRCRAFT INDUSTRIES INC.,DA 42,4734cbd35cce7ce7b67aba22c5788b4e48ac92e6afa98518b85c5620a14ee7d6,True,4
23236,18547,021026_ML.npy,2026-10-04,2026-10-04 23:45:20.377045,7C0D65,DA42,DIAMOND AIRCRAFT INDUSTRIES INC.,DA 42,55ceeb86acf8ff6a78cda989e6e4c88bd0a009ad47989a49c1f152c19ec37482,True,5
23237,18548,021026_ML.npy,2026-10-04,2026-10-04 23:45:20.403527,7C0D65,DA42,DIAMOND AIRCRAFT INDUSTRIES INC.,DA 42,6cbe5135f36b61942b47fcd55f0049194b966df7560f6a396fa7eeaa8b6ab050,True,1
23238,18549,021026_ML.npy,2026-10-04,2026-10-04 23:45:21.092545,7C0D65,DA42,DIAMOND AIRCRAFT INDUSTRIES INC.,DA 42,4734cbd35cce7ce7b67aba22c5788b4e48ac92e6afa98518b85c5620a14ee7d6,True,5
23240,18551,021026_ML.npy,2026-10-04,2026-10-04 23:45:27.503652,7C0D65,DA42,DIAMOND AIRCRAFT INDUSTRIES INC.,DA 42,635eaa63b23c3cab8b281276d1805dd8bc23d4ef5140af1bf28f7048484a4996,True,2
23246,18557,021026_ML.npy,2026-10-04,2026-10-04 23:45:37.949107,7C0D65,DA42,DIAMOND AIRCRAFT INDUSTRIES INC.,DA 42,2dc79ea27c0c9cfc4430d4c86d8dcb5e42cb60f93af14810b9cc8943f5115630,True,2
23247,18558,021026_ML.npy,2026-10-04,2026-10-04 23:45:39.575092,7C0D65,DA42,DIAMOND AIRCRAFT INDUSTRIES INC.,DA 42,26d23adf876807066c65a6e0a6ebad388919363faddd2ab437cb6c6fc86bc7cd,True,3
23252,18563,021026_ML.npy,2026-10-04,2026-10-04 23:45:48.329038,7C0D65,DA42,DIAMOND AIRCRAFT INDUSTRIES INC.,DA 42,84d226a9c4d20eabdb604a3d3d731b93177835392a5b8d3413d6f92d24e3dd4a,True,4
23254,18565,021026_ML.npy,2026-10-04,2026-10-04 23:45:49.967553,7C0D65,DA42,DIAMOND AIRCRAFT INDUSTRIES INC.,DA 42,4211a0428a95fad4eee1e7c7ebd05064e52cb58a158ae56227335c457c37e311,True,4
23258,18569,021026_ML.npy,2026-10-04,2026-10-04 23:45:52.002764,7C0D65,DA42,DIAMOND AIRCRAFT INDUSTRIES INC.,DA 42,70ef002e30cd76336e4f5329839d421b5b2043dc35103d3961bfa74d93de32c4,True,3
23259,18570,021026_ML.npy,2026-10-04,2026-10-04 23:45:53.773429,7C0D65,DA42,DIAMOND AIRCRAFT INDUSTRIES INC.,DA 42,02d4000bdb2a5865583df315ec76e56c08ea9cc22889b55b3015c922f6166b57,True,2
23260,18571,021026_ML.npy,2026-10-04,2026-10-04 23:45:56.235935,7C0D65,DA42,DIAMOND AIRCRAFT INDUSTRIES INC.,DA 42,47bb11fbeb7bb8ece219203d596104b839121305a1d51961edbd0b0c2a2155d4,True,5
23264,18575,021026_ML.npy,2026-10-04,2026-10-04 23:45:58.751638,7C0D65,DA42,DIAMOND AIRCRAFT INDUSTRIES INC.,DA 42,04b686c1dec303818333a823dea86669591a2b34efd8efd724eb57585ffe13ec,True,3
23266,18577,021026_ML.npy,2026-10-04,2026-10-04 23:46:06.292420,7C0D65,DA42,DIAMOND AIRCRAFT INDUSTRIES INC.,DA 42,07fa706f7e031717659385d7b4a50bec2b708a0d1d3875bd21d0179ccecf9104,True,2
23269,18580,021026_ML.npy,2026-10-04,2026-10-04 23:46:54.583651,7C7B56,DA40,DIAMOND AIRCRAFT INDUSTRIES INC.,DA 40,e58d950dbf4d3ce7c3e72311b23f1a71d5605d2754091f332ef67393ffca3c9c,True,2
23272,18583,021026_ML.npy,2026-10-04,2026-10-04 23:46:58.401529,7C7B56,DA40,DIAMOND AIRCRAFT INDUSTRIES INC.,DA 40,1222aabf79ce190266fee4f862a56fe4e1e75635ccfa41d7bbe0c5f4a1c78ec0,True,4
23274,18585,021026_ML.npy,2026-10-04,2026-10-04 23:47:09.242241,7C0D65,DA42,DIAMOND AIRCRAFT INDUSTRIES INC.,DA 42,78b59ccfe8ae6d31ddd393ad26c45cfbc8fd3f9467a38d73bb20a3f9f32577d9,True,1
23277,18588,021026_ML.npy,2026-10-04,2026-10-04 23:47:09.814205,7C0D65,DA42,DIAMOND AIRCRAFT INDUSTRIES INC.,DA 42,6cbe5135f36b61942b47fcd55f0049194b966df7560f6a396fa7eeaa8b6ab050,True,2
23278,18589,021026_ML.npy,2026-10-04,2026-10-04 23:47:10.297674,7C7B56,DA40,DIAMOND AIRCRAFT INDUSTRIES INC.,DA 40,89b5932306dc2defa724c741c97db3e42edd987fe2543ae0f961058a8dc5ccbf,True,5
23280,18591,021026_ML.npy,2026-10-04,2026-10-04 23:47:10.874379,7C0D65,DA42,DIAMOND AIRCRAFT INDUSTRIES INC.,DA 42,abd698bfbc59fa82654ce67b34a18710c0319fd358e73370520b0a2bd1a0167d,True,1
23281,18592,021026_ML.npy,2026-10-04,2026-10-04 23:47:12.251932,7C7B56,DA40,DIAMOND AIRCRAFT INDUSTRIES INC.,DA 40,b16740f413eaeaebe20170e9eea3adaabe9afd691151dec96a2c7082a311d020,True,1
23282,18593,021026_ML.npy,2026-10-04,2026-10-04 23:47:13.444852,7C0D65,DA42,DIAMOND AIRCRAFT INDUSTRIES INC.,DA 42,62a03dcec833b2f6f6df586d6603ae0b5bd1dcfd75472e4d05c4cd3fcc85c7de,True,4
23285,18596,021026_ML.npy,2026-10-04,2026-10-04 23:47:14.870156,7C0D65,DA42,DIAMOND AIRCRAFT INDUSTRIES INC.,DA 42,c85d2ee4667f92e2b96f057f475a01a4e5ad4e1cf1c3fb9671f2ff8811fbb6c6,True,5
23286,18597,021026_ML.npy,2026-10-04,2026-10-04 23:47:14.873774,7C0D65,DA42,DIAMOND AIRCRAFT INDUSTRIES INC.,DA 42,da6a69159c53d26d0bf82bc1a30a4ed58e383fb61fa14e6754e141156e0ea2e0,True,3
23289,18600,021026_ML.npy,2026-10-04,2026-10-04 23:47:15.867885,7C0D65,DA42,DIAMOND AIRCRAFT INDUSTRIES INC.,DA 42,4734cbd35cce7ce7b67aba22c5788b4e48ac92e6afa98518b85c5620a14ee7d6,True,4
23299,18610,021026_ML.npy,2026-10-04,2026-10-04 23:47:33.446448,7C0D65,DA42,DIAMOND AIRCRAFT INDUSTRIES INC.,DA 42,04b686c1dec303818333a823dea86669591a2b34efd8efd724eb57585ffe13ec,True,1
23302,18613,021026_ML.npy,2026-10-04,2026-10-04 23:47:36.833206,7C7B56,DA40,DIAMOND AIRCRAFT INDUSTRIES INC.,DA 40,c22fa209b8a9bc516651dff4a0d1198f6bc7c60ef6fabcd76ebd80bb8bd185b1,True,2
23307,18618,021026_ML.npy,2026-10-04,2026-10-04 23:47:42.871186,7C0D65,DA42,DIAMOND AIRCRAFT INDUSTRIES INC.,DA 42,44253d3e3a1d0a01d2da85524cfdfcc468061b239c60833951856416cb136a73,True,2
23309,18620,021026_ML.npy,2026-10-04,2026-10-04 23:47:43.428931,7C0D65,DA42,DIAMOND AIRCRAFT INDUSTRIES INC.,DA 42,7e5b920a07162cf1fa4d9ffb373b69115ec88a4894e053e33bc7683efa5c83f0,True,1
23310,18621,021026_ML.npy,2026-10-04,2026-10-04 23:48:04.508811,7C0D65,DA42,DIAMOND AIRCRAFT INDUSTRIES INC.,DA 42,1d2a6b68d9f0b784400a75f8be1878bac8797fdff8ff802d9de83438b0b26ba0,True,2
23313,18624,021026_ML.npy,2026-10-04,2026-10-04 23:50:49.136604,7C0D65,DA42,DIAMOND AIRCRAFT INDUSTRIES INC.,DA 42,4734cbd35cce7ce7b67aba22c5788b4e48ac92e6afa98518b85c5620a14ee7d6,True,3
23314,18625,021026_ML.npy,2026-10-04,2026-10-04 23:50:51.277174,7C0D65,DA42,DIAMOND AIRCRAFT INDUSTRIES INC.,DA 42,3f248f51a6ccb34f08ad7d1a9cb58634d9cb216f4fa7779c26a5d145c51890b2,True,4
23315,18626,021026_ML.npy,2026-10-04,2026-10-04 23:50:52.375576,7C0D65,DA42,DIAMOND AIRCRAFT INDUSTRIES INC.,DA 42,6aba61eb2451d72889454a50de2a0fdf79b1fa9875a552f8966e947d260a389b,True,5
23316,18627,021026_ML.npy,2026-10-04,2026-10-04 23:50:58.958664,7C0D65,DA42,DIAMOND AIRCRAFT INDUSTRIES INC.,DA 42,ec5918a3dcad89f370c4291b76c646cc0f51fca13c665536c8b91744a40686fd,True,4
23317,18628,021026_ML.npy,2026-10-04,2026-10-04 23:50:58.962202,7C0D65,DA42,DIAMOND AIRCRAFT INDUSTRIES INC.,DA 42,7d7d6f8afcfa5c6df71d622d290961d083bc234b9bad5c0c1c915b2c0373eeec,True,2
23318,18629,021026_ML.npy,2026-10-04,2026-10-04 23:51:00.358836,7C0D65,DA42,DIAMOND AIRCRAFT INDUSTRIES INC.,DA 42,4734cbd35cce7ce7b67aba22c5788b4e48ac92e6afa98518b85c5620a14ee7d6,True,5
23319,18630,021026_ML.npy,2026-10-04,2026-10-04 23:51:02.388118,7C0D65,DA42,DIAMOND AIRCRAFT INDUSTRIES INC.,DA 42,443fa022ba1dca2135630750e2782bf11e287b0d93b0d8199d632e58af73e4e4,True,3
23322,18633,021026_ML.npy,2026-10-04,2026-10-04 23:51:08.381016,7C0D65,DA42,DIAMOND AIRCRAFT INDUSTRIES INC.,DA 42,433e7d016e43a29c61cdfdc05002e2975cd1f5ee89d83e3e0655b6f92c60abf4,True,1
23323,18634,021026_ML.npy,2026-10-04,2026-10-04 23:51:08.816677,7C0D65,DA42,DIAMOND AIRCRAFT INDUSTRIES INC.,DA 42,04b686c1dec303818333a823dea86669591a2b34efd8efd724eb57585ffe13ec,True,3
23326,18637,021026_ML.npy,2026-10-04,2026-10-04 23:51:11.532611,7C0D65,DA42,DIAMOND AIRCRAFT INDUSTRIES INC.,DA 42,6cbe5135f36b61942b47fcd55f0049194b966df7560f6a396fa7eeaa8b6ab050,True,5
23327,18638,021026_ML.npy,2026-10-04,2026-10-04 23:51:12.624469,7C0D65,DA42,DIAMOND AIRCRAFT INDUSTRIES INC.,DA 42,37be7db1b306cc51a96d8a5b6daa9acd99455a3d5f8ac701305a0334cebc0650,True,4
23330,18641,021026_ML.npy,2026-10-04,2026-10-04 23:51:18.852048,7C0D65,DA42,DIAMOND AIRCRAFT INDUSTRIES INC.,DA 42,04b686c1dec303818333a823dea86669591a2b34efd8efd724eb57585ffe13ec,True,5
23332,18643,021026_ML.npy,2026-10-04,2026-10-04 23:51:20.332260,7C0D65,DA42,DIAMOND AIRCRAFT INDUSTRIES INC.,DA 42,4734cbd35cce7ce7b67aba22c5788b4e48ac92e6afa98518b85c5620a14ee7d6,True,2
23333,18644,021026_ML.npy,2026-10-04,2026-10-04 23:51:21.415131,7C0D65,DA42,DIAMOND AIRCRAFT INDUSTRIES INC.,DA 42,6cbe5135f36b61942b47fcd55f0049194b966df7560f6a396fa7eeaa8b6ab050,True,2
23334,18645,021026_ML.npy,2026-10-04,2026-10-04 23:51:25.919218,7C0D65,DA42,DIAMOND AIRCRAFT INDUSTRIES INC.,DA 42,b24786c72400918eec1efc2aa33c545c2e1bfc3df447c3339477b11f4b21d562,True,5
23336,18647,021026_ML.npy,2026-10-04,2026-10-04 23:51:26.758711,7C0D65,DA42,DIAMOND AIRCRAFT INDUSTRIES INC.,DA 42,4734cbd35cce7ce7b67aba22c5788b4e48ac92e6afa98518b85c5620a14ee7d6,True,5
23337,18648,021026_ML.npy,2026-10-04,2026-10-04 23:51:35.099889,7C0D65,DA42,DIAMOND AIRCRAFT INDUSTRIES INC.,DA 42,6fda8fa69a8e18fb9959e00dad7e41804ce67780a76a353fe2e4f4116b922795,True,5
23340,18651,021026_ML.npy,2026-10-04,2026-10-04 23:51:41.175537,7C0D65,DA42,DIAMOND AIRCRAFT INDUSTRIES INC.,DA 42,4172db5c857f04fe9830d5dd83362c6fc9f145af879b2d70cefff936e58e932d,True,2
23343,18654,021026_ML.npy,2026-10-04,2026-10-04 23:52:18.360808,7C7B56,DA40,DIAMOND AIRCRAFT INDUSTRIES INC.,DA 40,c1864e96677ed46fc28f9cc12ce38ec1d942bcd2c0d96b9ac86e184cfaff29c4,True,3
23346,18657,021026_ML.npy,2026-10-04,2026-10-04 23:52:21.277614,7C0D65,DA42,DIAMOND AIRCRAFT INDUSTRIES INC.,DA 42,6cbe5135f36b61942b47fcd55f0049194b966df7560f6a396fa7eeaa8b6ab050,True,1
23353,18664,021026_ML.npy,2026-10-04,2026-10-04 23:52:26.549952,7C0D65,DA42,DIAMOND AIRCRAFT INDUSTRIES INC.,DA 42,30d13342ade40928a5624cf06867f275a3c38a366fcd22a37d454016daf39aa0,True,1
23354,18665,021026_ML.npy,2026-10-04,2026-10-04 23:52:26.554302,7C0D65,DA42,DIAMOND AIRCRAFT INDUSTRIES INC.,DA 42,d70dd34994a5ca169d92690764c85e9bbc66328044e93eaa98fae58ff5a078b4,True,4
23358,18669,021026_ML.npy,2026-10-04,2026-10-04 23:52:29.916211,7C0D65,DA42,DIAMOND AIRCRAFT INDUSTRIES INC.,DA 42,de9ebd788290844ebd4252dbac3e5ac6eb3e9a6d6cbabb743095e470261c0d43,True,5
23362,18673,021026_ML.npy,2026-10-04,2026-10-04 23:52:32.883404,7C0D65,DA42,DIAMOND AIRCRAFT INDUSTRIES INC.,DA 42,4734cbd35cce7ce7b67aba22c5788b4e48ac92e6afa98518b85c5620a14ee7d6,True,4
23364,18675,021026_ML.npy,2026-10-04,2026-10-04 23:52:34.800413,7C0D65,DA42,DIAMOND AIRCRAFT INDUSTRIES INC.,DA 42,e593a3e28feec4769efd8f2c74528a7e305b50dc3feddb8c9c606a4670d91213,True,5
23365,18676,021026_ML.npy,2026-10-04,2026-10-04 23:52:34.807536,7C0D65,DA42,DIAMOND AIRCRAFT INDUSTRIES INC.,DA 42,b83022ee0095576807b60abd677db94b886b9b1a936e0c28e73c0a4a39e8e6c5,True,4
23366,18677,021026_ML.npy,2026-10-04,2026-10-04 23:52:36.362284,7C0D65,DA42,DIAMOND AIRCRAFT INDUSTRIES INC.,DA 42,6cbe5135f36b61942b47fcd55f0049194b966df7560f6a396fa7eeaa8b6ab050,True,2
23375,18686,021026_ML.npy,2026-10-04,2026-10-04 23:52:43.468459,7C7B56,DA40,DIAMOND AIRCRAFT INDUSTRIES INC.,DA 40,6e623cfd58b9b5801f5710f2e7a3f8f7f703ee78116146cc38f8f88b36674a9f,True,3
23377,18688,021026_ML.npy,2026-10-04,2026-10-04 23:52:44.350266,7C7B56,DA40,DIAMOND AIRCRAFT INDUSTRIES INC.,DA 40,ba9ef122719b11d20fddc2e434493a0fae0fb43aecd0c94b3cf22f8271773227,True,2
23380,18691,021026_ML.npy,2026-10-04,2026-10-04 23:52:52.354658,7C0D65,DA42,DIAMOND AIRCRAFT INDUSTRIES INC.,DA 42,8fc120803e3909a9ec88a297969f82056489df375edb4d634a5777b5ad4b6db6,True,5
23384,18695,021026_ML.npy,2026-10-04,2026-10-04 23:52:58.700098,7C0D65,DA42,DIAMOND AIRCRAFT INDUSTRIES INC.,DA 42,567da1df424cb0c82f900c4f5c81a4fad1b95849211b16ec993d115a5d30ef24,True,5
23389,18700,021026_ML.npy,2026-10-04,2026-10-04 23:53:50.764614,7C0379,C172,CESSNA AIRCRAFT COMPANY,172R,606d82c879406c15453d793a17a23cd6b0265ca96d65f46bd0e3a71fa1bfe028,True,4
23390,18701,021026_ML.npy,2026-10-04,2026-10-04 23:53:56.397097,7C0379,C172,CESSNA AIRCRAFT COMPANY,172R,4370a06e8017d28301af4c32bef65b4db14cadb1e48ce09ee4e8a555ef975d03,True,3
23393,18704,021026_ML.npy,2026-10-04,2026-10-04 23:54:00.648591,7C0379,C172,CESSNA AIRCRAFT COMPANY,172R,b24a8f9b3d66e03e4a6382b006faaebf78efc2a46f42ffbaf048e5da36e739d1,True,3
23395,18706,021026_ML.npy,2026-10-04,2026-10-04 23:54:03.200599,7C0379,C172,CESSNA AIRCRAFT COMPANY,172R,58c5236e2fbe82393690b557f5afb124c405a111a77acc846640ba3854995d90,True,1
23397,18708,021026_ML.npy,2026-10-04,2026-10-04 23:54:04.082727,7C0379,C172,CESSNA AIRCRAFT COMPANY,172R,7725f994dee6c6fc51c7334910bcfe02871a36f1e4f47f16b1c2988a1eb2415e,True,2
23403,18714,021026_ML.npy,2026-10-04,2026-10-04 23:54:07.628589,7C0379,C172,CESSNA AIRCRAFT COMPANY,172R,1099ff367522fc43cce9ca1314af5cc440c0bdf507d0ece7fc0f1f6774f1790e,True,5
23404,18715,021026_ML.npy,2026-10-04,2026-10-04 23:54:07.632627,7C0379,C172,CESSNA AIRCRAFT COMPANY,172R,02d5a5e4131422489cdee0385e73287146793f8128546cb2ca0f5752e8fc739e,True,2
23410,18721,021026_ML.npy,2026-10-04,2026-10-04 23:54:17.279227,7C0379,C172,CESSNA AIRCRAFT COMPANY,172R,87dd9d31b387f5bfe2b3d24d74366cf7a152cb2b84c360fbc50c8ef88a020bda,True,3
23416,18727,021026_ML.npy,2026-10-04,2026-10-04 23:54:24.710972,7C0379,C172,CESSNA AIRCRAFT COMPANY,172R,86710000dd8acf10c20311a072bebfe34c9d6adadfce1aa8c5e1be3da8cc059c,True,4
23419,18730,021026_ML.npy,2026-10-04,2026-10-04 23:54:28.103294,7C0379,C172,CESSNA AIRCRAFT COMPANY,172R,21be912e39b454f24394915286db3ce62b2e90ed8e62a0cb14cd4d518331d6b6,True,4
23424,18735,021026_ML.npy,2026-10-04,2026-10-04 23:54:35.891884,7C0379,C172,CESSNA AIRCRAFT COMPANY,172R,b24a8f9b3d66e03e4a6382b006faaebf78efc2a46f42ffbaf048e5da36e739d1,True,1
23430,18741,021026_ML.npy,2026-10-04,2026-10-04 23:54:56.108624,7C0379,C172,CESSNA AIRCRAFT COMPANY,172R,b24a8f9b3d66e03e4a6382b006faaebf78efc2a46f42ffbaf048e5da36e739d1,True,4
23431,18742,021026_ML.npy,2026-10-04,2026-10-04 23:54:56.124615,7C0379,C172,CESSNA AIRCRAFT COMPANY,172R,172d2ad72eb28bb5683b330d90029b44cfd2c1f1d5e52999d52bdfae13d99e77,True,1
23441,18752,021026_ML.npy,2026-10-04,2026-10-04 23:55:31.707031,7C0D65,DA42,DIAMOND AIRCRAFT INDUSTRIES INC.,DA 42,80c541f9fd26f7c8eef24572b106ef2b9366d61b321e8ead3e04299bd6724ffc,True,4
23442,18753,021026_ML.npy,2026-10-04,2026-10-04 23:55:33.242242,7C0D65,DA42,DIAMOND AIRCRAFT INDUSTRIES INC.,DA 42,25ce0bf5e7af6efb588ce99b7234c47c18c6b972162f2c9f9c003509427c45a7,True,5
23444,18755,021026_ML.npy,2026-10-04,2026-10-04 23:55:36.650140,7C0D65,DA42,DIAMOND AIRCRAFT INDUSTRIES INC.,DA 42,7d5c185804d69118a22e333012e16c9a251d24346f16b0629deeab1ca760a07e,True,5
23446,18757,021026_ML.npy,2026-10-04,2026-10-04 23:55:37.526494,7C0D65,DA42,DIAMOND AIRCRAFT INDUSTRIES INC.,DA 42,8ec95917a75737243f24bc40c3948cf61f26cc0b9810f35c2012a99acf126f66,True,3
23447,18758,021026_ML.npy,2026-10-04,2026-10-04 23:55:37.530342,7C0D65,DA42,DIAMOND AIRCRAFT INDUSTRIES INC.,DA 42,d1b7640a465524025281c55a02db72545ca6872447aa7e7f9441af48b46426fd,True,4
23449,18760,021026_ML.npy,2026-10-04,2026-10-04 23:55:39.926099,7C0D65,DA42,DIAMOND AIRCRAFT INDUSTRIES INC.,DA 42,52e215dc4f37d96c5576a6067cd56d27fc7aba42776fe222b51972697b541bd1,True,5
23452,18763,021026_ML.npy,2026-10-04,2026-10-04 23:55:41.487415,7C0D65,DA42,DIAMOND AIRCRAFT INDUSTRIES INC.,DA 42,4586f9b47ae345da692f7efa92f9c9e7d50f5690a97e4be7b3abbaf1710eee14,True,5
23456,18767,021026_ML.npy,2026-10-04,2026-10-04 23:55:46.621257,7C0D65,DA42,DIAMOND AIRCRAFT INDUSTRIES INC.,DA 42,980d919141ff153cf4e89bd79c859aa32897cf4743b32cfe5c2d18d1641ebc67,True,1
23457,18768,021026_ML.npy,2026-10-04,2026-10-04 23:55:46.625140,7C0D65,DA42,DIAMOND AIRCRAFT INDUSTRIES INC.,DA 42,348634905024657994b641bf523d188bb949230aa48dfea6bcee5cf35c9c03c6,True,1
23458,18769,021026_ML.npy,2026-10-04,2026-10-04 23:55:47.629058,7C0D65,DA42,DIAMOND AIRCRAFT INDUSTRIES INC.,DA 42,4734cbd35cce7ce7b67aba22c5788b4e48ac92e6afa98518b85c5620a14ee7d6,True,1
23460,18771,021026_ML.npy,2026-10-04,2026-10-04 23:55:49.971953,7C0D65,DA42,DIAMOND AIRCRAFT INDUSTRIES INC.,DA 42,04b686c1dec303818333a823dea86669591a2b34efd8efd724eb57585ffe13ec,True,5
23461,18772,021026_ML.npy,2026-10-04,2026-10-04 23:55:49.976820,7C0D65,DA42,DIAMOND AIRCRAFT INDUSTRIES INC.,DA 42,c81584bfb212b7e5a4ede976c8718614b03e1bf4edf88aca7d49040a94de3665,True,2
23463,18774,021026_ML.npy,2026-10-04,2026-10-04 23:55:50.886370,7C0D65,DA42,DIAMOND AIRCRAFT INDUSTRIES INC.,DA 42,870e4d05aa66caa8f3c1492e82f19a3902c0661c590d696c734f85023486ea6d,True,4
23474,18785,021026_ML.npy,2026-10-04,2026-10-04 23:55:57.123394,7C0D65,DA42,DIAMOND AIRCRAFT INDUSTRIES INC.,DA 42,433e7d016e43a29c61cdfdc05002e2975cd1f5ee89d83e3e0655b6f92c60abf4,True,3
23478,18789,021026_ML.npy,2026-10-04,2026-10-04 23:55:58.996068,7C0D65,DA42,DIAMOND AIRCRAFT INDUSTRIES INC.,DA 42,dd86e13adb7b0b219373340cd370f60fe21c59b620afef56b584536c25e5859e,True,2
23479,18790,021026_ML.npy,2026-10-04,2026-10-04 23:55:58.999652,7C0D65,DA42,DIAMOND AIRCRAFT INDUSTRIES INC.,DA 42,b2f5804a9119a2c01aa646edf229900416b86fec72d3dd4ccebfadbe5c8f6dc4,True,1
23482,18793,021026_ML.npy,2026-10-04,2026-10-04 23:56:00.509813,7C0D65,DA42,DIAMOND AIRCRAFT INDUSTRIES INC.,DA 42,223a1ddd831c85f1dd9566874e613a2e80555ebde14d12b40efd732cf564f5ac,True,1
23485,18796,021026_ML.npy,2026-10-04,2026-10-04 23:56:01.276752,7C0D65,DA42,DIAMOND AIRCRAFT INDUSTRIES INC.,DA 42,4734cbd35cce7ce7b67aba22c5788b4e48ac92e6afa98518b85c5620a14ee7d6,True,2
23493,18804,021026_ML.npy,2026-10-04,2026-10-04 23:56:07.622469,7C0D65,DA42,DIAMOND AIRCRAFT INDUSTRIES INC.,DA 42,1ae27b4847c8a6ce446e5096ef3d6b867b96979ebec4de27ce820911012a34a0,True,3
23504,18815,021026_ML.npy,2026-10-04,2026-10-04 23:56:47.569437,7C0D65,DA42,DIAMOND AIRCRAFT INDUSTRIES INC.,DA 42,4734cbd35cce7ce7b67aba22c5788b4e48ac92e6afa98518b85c5620a14ee7d6,True,1
23506,18817,021026_ML.npy,2026-10-04,2026-10-04 23:56:47.872206,7C0D65,DA42,DIAMOND AIRCRAFT INDUSTRIES INC.,DA 42,eb75f506eea15c5ac61d46bcc35bfda4fc9fabae1e55fd39ac04d1149af91600,True,2
23507,18818,021026_ML.npy,2026-10-04,2026-10-04 23:56:51.570082,7C0D65,DA42,DIAMOND AIRCRAFT INDUSTRIES INC.,DA 42,0682316de582aa4f15496e5fe49a8308bb987192be6d9731dfc87d11bc94f215,True,5
23509,18820,021026_ML.npy,2026-10-04,2026-10-04 23:57:02.865796,7C0D65,DA42,DIAMOND AIRCRAFT INDUSTRIES INC.,DA 42,12d716b28c75f694385f09fceb49d17501b21da6c5171edff6fd65d254646c04,True,4
23512,18823,021026_ML.npy,2026-10-04,2026-10-04 23:57:20.069193,7C7B56,DA40,DIAMOND AIRCRAFT INDUSTRIES INC.,DA 40,c82899e67d750d6804329633d00a47cb29e5d4d65d0c654aa6498d97cde68ab9,True,1
23523,18834,021026_ML.npy,2026-10-04,2026-10-04 23:57:34.671414,7C7B56,DA40,DIAMOND AIRCRAFT INDUSTRIES INC.,DA 40,93c6d1fb84bd57ce69f03450329e41663ecc04eedbab0426b6119b828c8b3e6e,True,1
23528,18839,021026_ML.npy,2026-10-04,2026-10-04 23:57:35.833375,7C7B56,DA40,DIAMOND AIRCRAFT INDUSTRIES INC.,DA 40,0f17ae8d4061ad710adfcb2b952e351af25f013d493d5ecd954751d1af5310d6,True,2
23537,18848,021026_ML.npy,2026-10-04,2026-10-04 23:58:06.761316,7C7B61,DA40,DIAMOND AIRCRAFT INDUSTRIES INC.,DA 40,3aa00ab079fadc6f9f8e8e81c1cbd2b36a32ce71dc72974452ee257dd0b328cd,True,3
23539,18850,021026_ML.npy,2026-10-04,2026-10-04 23:58:12.534450,7C7B61,DA40,DIAMOND AIRCRAFT INDUSTRIES INC.,DA 40,9ba4b1da6949242372e3c434f006eae52a99f1e778a114195581ee69791369f5,True,4
23556,18867,021026_ML.npy,2026-10-04,2026-10-04 23:58:37.356622,7C7B61,DA40,DIAMOND AIRCRAFT INDUSTRIES INC.,DA 40,b5ca80515a27b69e51a7aa2e17b5f71241df443bd73e64da5bc101c86872fe11,True,4
23583,18894,021026_ML.npy,2026-10-05,2026-10-05 00:00:01.177580,7C7AF8,DA40,DIAMOND AIRCRAFT INDUSTRIES INC.,DA 40,01519b95a3d78725ff277648ea24f5a4e432c0cd1fbab6c02a5a466377762f37,True,2
23585,18896,021026_ML.npy,2026-10-05,2026-10-05 00:00:04.441252,7C7AF8,DA40,DIAMOND AIRCRAFT INDUSTRIES INC.,DA 40,bbe85ca4ee1ffd36f0f766c08022b802467360518763b79433b1659f2c731080,True,4
23588,18899,021026_ML.npy,2026-10-05,2026-10-05 00:00:13.008449,7C7AF8,DA40,DIAMOND AIRCRAFT INDUSTRIES INC.,DA 40,0dbae02abf6f8de20ef580ad1645967af6ab41324b9ab2506be94edb3ed408b7,True,4
23629,18940,021026_ML.npy,2026-10-05,2026-10-05 00:02:09.982532,7C7B56,DA40,DIAMOND AIRCRAFT INDUSTRIES INC.,DA 40,0394923a2041eeb6f9ff8d45bacd3d7fd9098ed92cc970f87e5c069750ff6a99,True,1
23665,18976,021026_ML.npy,2026-10-05,2026-10-05 00:04:09.178493,7C1689,DA40,DIAMOND AIRCRAFT INDUSTRIES INC.,DA 40,3621d6036e2daaa3e3992ea57e1027e6f69858d4fa66a4f0a92ab5c0d6a0e8e4,True,1
23674,18985,021026_ML.npy,2026-10-05,2026-10-05 00:04:33.389399,7C1689,DA40,DIAMOND AIRCRAFT INDUSTRIES INC.,DA 40,210f00fb2be4f17c21f11d3c8efdb11d4787441d0fd436b4c500e0109beb3609,True,5
23682,18993,021026_ML.npy,2026-10-05,2026-10-05 00:04:43.120073,7C1689,DA40,DIAMOND AIRCRAFT INDUSTRIES INC.,DA 40,6cba95f5e7e0b4d8c9ffd7b44006173be8d4c9a471710e42a3b18ff55295de72,True,4
23703,19014,021026_ML.npy,2026-10-05,2026-10-05 00:05:06.359919,7C7B55,DA40,DIAMOND AIRCRAFT INDUSTRIES INC.,DA 40,460c0a52a87195f20f0c7be42b45ef442960b19c1a6cf9229ab44180b1b005d0,True,4
23710,19021,021026_ML.npy,2026-10-05,2026-10-05 00:05:13.746981,7C7B55,DA40,DIAMOND AIRCRAFT INDUSTRIES INC.,DA 40,acd180b819b4ac56af4ce6f75b8807a83610201cf6406b512501d785eb77b311,True,2
23719,19030,021026_ML.npy,2026-10-05,2026-10-05 00:05:31.618565,7C7B55,DA40,DIAMOND AIRCRAFT INDUSTRIES INC.,DA 40,d341619a88c3a1825c214b744b3a0488e7c413c9dc0d9814b09fe64229c51baa,True,3
23720,19031,021026_ML.npy,2026-10-05,2026-10-05 00:05:33.137239,7C7B55,DA40,DIAMOND AIRCRAFT INDUSTRIES INC.,DA 40,807b7f4a981982c0543e3e598d2de0500bbc1f46e0f1b0a49275fb7aaada338b,True,1
23722,19033,021026_ML.npy,2026-10-05,2026-10-05 00:05:33.820678,7C7B55,DA40,DIAMOND AIRCRAFT INDUSTRIES INC.,DA 40,acd180b819b4ac56af4ce6f75b8807a83610201cf6406b512501d785eb77b311,True,5
23756,19067,021026_ML.npy,2026-10-05,2026-10-05 00:07:47.743721,7C7B61,DA40,DIAMOND AIRCRAFT INDUSTRIES INC.,DA 40,c896e96f067ffd24476996d00b9d2e493b9433a53c20f3dbc3fd250344ddea23,True,5
23770,19081,021026_ML.npy,2026-10-05,2026-10-05 00:08:12.769999,7C7B61,DA40,DIAMOND AIRCRAFT INDUSTRIES INC.,DA 40,ea3d64f2a97f457dc23ed3ed861293bf429faea3037be291f71bf131c71fd8a8,True,1
23774,19085,021026_ML.npy,2026-10-05,2026-10-05 00:08:19.893514,7C7B61,DA40,DIAMOND AIRCRAFT INDUSTRIES INC.,DA 40,86841804dfec8e7b5e1ddf9e215e2b16b92279fc5f0a8a3ad558f95fbb472660,True,2
23782,19093,021026_ML.npy,2026-10-05,2026-10-05 00:09:48.827968,7C1689,DA40,DIAMOND AIRCRAFT INDUSTRIES INC.,DA 40,8774d24ea6ada179c570406409088bc96dba3f1577df67816761cfbcda60a429,True,5
23791,19102,021026_ML.npy,2026-10-05,2026-10-05 00:10:08.998897,7C1689,DA40,DIAMOND AIRCRAFT INDUSTRIES INC.,DA 40,3621d6036e2daaa3e3992ea57e1027e6f69858d4fa66a4f0a92ab5c0d6a0e8e4,True,3
23797,19108,021026_ML.npy,2026-10-05,2026-10-05 00:12:00.130458,7C1697,DA40,DIAMOND AIRCRAFT INDUSTRIES INC.,DA 40,670b6cc33fe4f1795d6119f108a6b023f15ec32d261eb6dd595febe0e97f430b,True,5
23808,19119,021026_ML.npy,2026-10-05,2026-10-05 00:12:16.342606,7C1697,DA40,DIAMOND AIRCRAFT INDUSTRIES INC.,DA 40,4d6a48cdb803d7dff0a87b460e7df3d31c2e9257e10f7977f00cd702464691ec,True,5
23814,19125,021026_ML.npy,2026-10-05,2026-10-05 00:12:20.953428,7C1697,DA40,DIAMOND AIRCRAFT INDUSTRIES INC.,DA 40,2b499e535d3c7b8f1df8efae86d74b1daa0f353c6d7ce9f350ea23b82cbc35f5,True,3
23815,19126,021026_ML.npy,2026-10-05,2026-10-05 00:12:21.298866,7C1697,DA40,DIAMOND AIRCRAFT INDUSTRIES INC.,DA 40,e704d7a6c652eb37878382d680c482cc07d91d04a9d2942dd7610b15a5cdf79f,True,4
23827,19138,021026_ML.npy,2026-10-05,2026-10-05 00:12:50.717625,7C1697,DA40,DIAMOND AIRCRAFT INDUSTRIES INC.,DA 40,f13590da0645d32d3c6d159416f591d06bfd8f0f832b23526d5712f67fbfcff2,True,3
23833,19144,021026_ML.npy,2026-10-05,2026-10-05 00:12:58.743371,7C1697,DA40,DIAMOND AIRCRAFT INDUSTRIES INC.,DA 40,ef7809671f768eb7e3207bb8941adb849b13ec2626d90bbc5403df4fd73e4ab6,True,2
23856,19167,021026_ML.npy,2026-10-05,2026-10-05 00:13:56.028512,7C7B61,DA40,DIAMOND AIRCRAFT INDUSTRIES INC.,DA 40,3473dc10e113b937a026f5550b001b0e7c28e6f3cdcd820bf523ad6328821f22,True,5
23858,19169,021026_ML.npy,2026-10-05,2026-10-05 00:14:04.351722,7C7B61,DA40,DIAMOND AIRCRAFT INDUSTRIES INC.,DA 40,98e54d05ce512371c337013eac0825c5e6145fa2992eb92030f03f7c86744d87,True,5
23869,19180,021026_ML.npy,2026-10-05,2026-10-05 00:14:23.394161,7C7B61,DA40,DIAMOND AIRCRAFT INDUSTRIES INC.,DA 40,edb833f18f86f72b535e93acc8c7b51c4733654aace361cc7eca4e4d724a637f,True,1
23893,19204,021026_ML.npy,2026-10-05,2026-10-05 00:15:08.812219,7C1689,DA40,DIAMOND AIRCRAFT INDUSTRIES INC.,DA 40,8581d2885cb0ca8d30a7af38ee5e157cae7a5a5c74b8e72526215f6e7336b467,True,4
23894,19205,021026_ML.npy,2026-10-05,2026-10-05 00:15:08.819205,7C1689,DA40,DIAMOND AIRCRAFT INDUSTRIES INC.,DA 40,08556033444222beff6a8e5cc87cfbc765dd41e015d886b517fe34327c7d04e9,True,5
23943,19254,021026_ML.npy,2026-10-05,2026-10-05 00:18:33.135419,7C0077,DA40,DIAMOND AIRCRAFT INDUSTRIES INC.,DA 40,d5ef60e1afa798a69dd0a53e9b36aaad157dabc696ce879656a84746f6336171,True,3
23955,19266,021026_ML.npy,2026-10-05,2026-10-05 00:18:42.308340,7C0077,DA40,DIAMOND AIRCRAFT INDUSTRIES INC.,DA 40,42978fd24286d388b13fdcdde33145cb2f6b2dc84fce3c626ef16ce2e178a51f,True,5
23956,19267,021026_ML.npy,2026-10-05,2026-10-05 00:18:44.092716,7C0077,DA40,DIAMOND AIRCRAFT INDUSTRIES INC.,DA 40,d97140d028ab37a26ecde97d26011eb7d00a9d1610e3196353fc56bdb73d5e6d,True,5
23972,19283,021026_ML.npy,2026-10-05,2026-10-05 00:19:00.608365,7C0077,DA40,DIAMOND AIRCRAFT INDUSTRIES INC.,DA 40,58200d9c718efd84d1992a3397b65bc43ed1899b0dd47a76af3c298b488d2866,True,3
23983,19294,021026_ML.npy,2026-10-05,2026-10-05 00:19:12.228088,7C0077,DA40,DIAMOND AIRCRAFT INDUSTRIES INC.,DA 40,7b15d47168eaf72c91078113134dfda104042e1ae2d5cf9d1325a5893e76cf60,True,3
23993,19304,021026_ML.npy,2026-10-05,2026-10-05 00:19:37.603820,7C7144,C172,CESSNA AIRCRAFT COMPANY,172N,4cb6ad2a434714be34e6108b73d6f9a189ec61e41621f1ad690b882b64678e6e,True,5
23994,19305,021026_ML.npy,2026-10-05,2026-10-05 00:19:42.035838,7C7144,C172,CESSNA AIRCRAFT COMPANY,172N,bdb9239a7b1c2b013510d0920701b938028d2649fc8443485f5b5735ce516f90,True,1
24017,19328,021026_ML.npy,2026-10-05,2026-10-05 00:20:59.543768,7C7B61,DA40,DIAMOND AIRCRAFT INDUSTRIES INC.,DA 40,b5ca80515a27b69e51a7aa2e17b5f71241df443bd73e64da5bc101c86872fe11,True,4
24021,19332,021026_ML.npy,2026-10-05,2026-10-05 00:21:49.064621,7C1689,DA40,DIAMOND AIRCRAFT INDUSTRIES INC.,DA 40,3621d6036e2daaa3e3992ea57e1027e6f69858d4fa66a4f0a92ab5c0d6a0e8e4,True,2
24035,19346,021026_ML.npy,2026-10-05,2026-10-05 00:24:03.608353,7C0077,DA40,DIAMOND AIRCRAFT INDUSTRIES INC.,DA 40,c9f1cb19ccea940a25d302b991d120573aadd0280d617be56f3c91c94f1b732e,True,4
24043,19354,021026_ML.npy,2026-10-05,2026-10-05 00:24:09.972199,7C7144,C172,CESSNA AIRCRAFT COMPANY,172N,eda41b5ebf06fcf59f92a6a7b8173402438ff228600394271d11c3e9be1d2693,True,1
24048,19359,021026_ML.npy,2026-10-05,2026-10-05 00:24:12.691974,7C0077,DA40,DIAMOND AIRCRAFT INDUSTRIES INC.,DA 40,c4dc5d5a072204cbd79a23f0a5777f23688cb005310940d936437b41612d1020,True,4
24052,19363,021026_ML.npy,2026-10-05,2026-10-05 00:24:13.883239,7C0077,DA40,DIAMOND AIRCRAFT INDUSTRIES INC.,DA 40,49a006d7bc2ec4cde0a9e019495015421fa00108f2a1b43dc187b55c54cda0aa,True,3
24057,19368,021026_ML.npy,2026-10-05,2026-10-05 00:24:18.084984,7C7144,C172,CESSNA AIRCRAFT COMPANY,172N,2a6e1088e69ee9da80836bbfae3c198c582061e0d63299d2bfcb78ed23859ddb,True,2
24071,19382,021026_ML.npy,2026-10-05,2026-10-05 00:24:25.928425,7C7144,C172,CESSNA AIRCRAFT COMPANY,172N,8c85c28d5ec2091e3812ddda14484bb5746717100ff5a632548cb13463facc33,True,5
24085,19396,021026_ML.npy,2026-10-05,2026-10-05 00:24:35.841992,7C0077,DA40,DIAMOND AIRCRAFT INDUSTRIES INC.,DA 40,42978fd24286d388b13fdcdde33145cb2f6b2dc84fce3c626ef16ce2e178a51f,True,3
24097,19408,021026_ML.npy,2026-10-05,2026-10-05 00:24:47.845376,7C7144,C172,CESSNA AIRCRAFT COMPANY,172N,20705c3cf280e5f8574c50e896bb4dc220d0d271304bd878266eeaf3dd1d2cd8,True,5
24104,19415,021026_ML.npy,2026-10-05,2026-10-05 00:24:57.986373,7C0077,DA40,DIAMOND AIRCRAFT INDUSTRIES INC.,DA 40,d97140d028ab37a26ecde97d26011eb7d00a9d1610e3196353fc56bdb73d5e6d,True,1
24110,19421,021026_ML.npy,2026-10-05,2026-10-05 00:25:23.472138,7C7144,C172,CESSNA AIRCRAFT COMPANY,172N,4de1f4ef228d13d7ade60d813429adaca6d5fecb64f56c4823dc3791e8f90f99,True,2
24123,19434,021026_ML.npy,2026-10-05,2026-10-05 00:25:51.080714,7C7B61,DA40,DIAMOND AIRCRAFT INDUSTRIES INC.,DA 40,ebb3afbe47044fa1606d1e4a8c4e65e3975884afa91505d81a9997a13bd2cde4,True,5
24140,19451,021026_ML.npy,2026-10-05,2026-10-05 00:26:21.874423,7C7C3E,DA40,DIAMOND AIRCRAFT INDUSTRIES INC.,DA 40,d06bd7977e750f261315557f94dce42781049f2ff912ff804da21d419a3d2e00,True,4
24148,19459,021026_ML.npy,2026-10-05,2026-10-05 00:26:35.075204,7C7C3E,DA40,DIAMOND AIRCRAFT INDUSTRIES INC.,DA 40,d464847441c5ecd79093b146bbe1f39ec4cb05cf263398f331b3a2fa22918694,True,5
24150,19461,021026_ML.npy,2026-10-05,2026-10-05 00:26:36.683892,7C7C3E,DA40,DIAMOND AIRCRAFT INDUSTRIES INC.,DA 40,6b30f4854fd245776285416303d97016f58ad4871aac0337c11c12088f0d5519,True,5
24151,19462,021026_ML.npy,2026-10-05,2026-10-05 00:26:37.670221,7C7C3E,DA40,DIAMOND AIRCRAFT INDUSTRIES INC.,DA 40,7482a3f01ec37e38e60fb6ee61449db9e75afe4455e24901a201344ef42676f5,True,5
24154,19465,021026_ML.npy,2026-10-05,2026-10-05 00:26:40.416279,7C7C3E,DA40,DIAMOND AIRCRAFT INDUSTRIES INC.,DA 40,327f0b3ce0186d5f7079cd3ff90c267b59066f9041fb36c8a284472cdc02aec9,True,1
24159,19470,021026_ML.npy,2026-10-05,2026-10-05 00:26:45.291192,7C7C3E,DA40,DIAMOND AIRCRAFT INDUSTRIES INC.,DA 40,8f70ae76d9cc4f7b8c1481193338846ddd80342e9cc4aa5fe9f61e3ffcfdc693,True,5
24174,19485,021026_ML.npy,2026-10-05,2026-10-05 00:27:08.851527,7C7C3E,DA40,DIAMOND AIRCRAFT INDUSTRIES INC.,DA 40,c9aa6d6e7fdae0afe1dba26bfc9abbec534b3b3e7303f88e21a96962b6822f94,True,2
24178,19489,021026_ML.npy,2026-10-05,2026-10-05 00:27:13.550972,7C1689,DA40,DIAMOND AIRCRAFT INDUSTRIES INC.,DA 40,e93dba4c61f435f2354d9be2b6915f05ff0cbbcbd7190af92991bd8e9888a8e1,True,2
24187,19498,021026_ML.npy,2026-10-05,2026-10-05 00:27:33.889217,7C1689,DA40,DIAMOND AIRCRAFT INDUSTRIES INC.,DA 40,c7d82b4cfe0e3ab3a03e1b0c9b9847f2ffcb838b734350c49a4c847897097349,True,3
24195,19506,021026_ML.npy,2026-10-05,2026-10-05 00:28:42.001183,7C7144,C172,CESSNA AIRCRAFT COMPANY,172N,9ef7d7c2b1c373b586612f8df4cc3e6fe593d9ce95dc560325ee73034ccd417f,True,4
24200,19511,021026_ML.npy,2026-10-05,2026-10-05 00:28:45.318829,7C7144,C172,CESSNA AIRCRAFT COMPANY,172N,77cf488eedd26aeb64b20823a13e5c819043a251cebc2efafa12f3a1ca229802,True,4
24210,19521,021026_ML.npy,2026-10-05,2026-10-05 00:28:59.251327,7C7144,C172,CESSNA AIRCRAFT COMPANY,172N,6e84caa612b09b73003a7f1ff361110e3bb7ca20f0d6fe97cf938c3ed8499f74,True,5
24212,19523,021026_ML.npy,2026-10-05,2026-10-05 00:28:59.672317,7C7144,C172,CESSNA AIRCRAFT COMPANY,172N,2a224933602d6b75efb6b1536c02b94ee668a45ed152d544c05d6b6e68670eea,True,1
24220,19531,021026_ML.npy,2026-10-05,2026-10-05 00:30:52.940334,7C7B61,DA40,DIAMOND AIRCRAFT INDUSTRIES INC.,DA 40,ad4a3a11c6e8ff9c814ca7af5b40ead6a8aae495e4344de84814d995985d71ac,True,5
24238,19549,021026_ML.npy,2026-10-05,2026-10-05 00:31:28.871389,7C7B61,DA40,DIAMOND AIRCRAFT INDUSTRIES INC.,DA 40,e6cac09c580fb4f382804dcd426a970397708580fa1c341aaf05767be394d394,True,5
24241,19552,021026_ML.npy,2026-10-05,2026-10-05 00:31:30.949347,7C7B61,DA40,DIAMOND AIRCRAFT INDUSTRIES INC.,DA 40,94b965d90e7dbf1a03958f95ddadf6ff5412e3bc9782e8f38a37c248e5f71070,True,2
24258,19569,021026_ML.npy,2026-10-05,2026-10-05 00:34:46.985729,7C1B2A,DA40,DIAMOND AIRCRAFT INDUSTRIES INC.,DA 40,36ca6e2d56ace412f832810e2e87c55a484e3f73e4f1ac6edfe648d1104fb1fe,True,2
24267,19578,021026_ML.npy,2026-10-05,2026-10-05 00:34:56.192266,7C1B2A,DA40,DIAMOND AIRCRAFT INDUSTRIES INC.,DA 40,26e5a9a2126ee601c0b8afda6b548df0e009a7c9bfdd374619d61b741e9c6e2f,True,5
24305,19616,021026_ML.npy,2026-10-05,2026-10-05 00:37:50.864614,7C168B,DA40,DIAMOND AIRCRAFT INDUSTRIES INC.,DA 40,57a7c01b4c82bd259bea6a5f9616a4933a45d812d41917b6194a97b7bb7139fb,True,3
24306,19617,021026_ML.npy,2026-10-05,2026-10-05 00:37:51.786389,7C168B,DA40,DIAMOND AIRCRAFT INDUSTRIES INC.,DA 40,1eaeaf4e8b729dec8e06e5e6f863ba6b5c8342e6f92e5f09b01c5395e7c56f28,True,4
24321,19632,021026_ML.npy,2026-10-05,2026-10-05 00:38:10.384441,7C168B,DA40,DIAMOND AIRCRAFT INDUSTRIES INC.,DA 40,cf9b7112b636a05108be81375cb828d299341488b08478f7dc5dd0b55e0a5f5d,True,4
24325,19636,021026_ML.npy,2026-10-05,2026-10-05 00:38:12.756089,7C168B,DA40,DIAMOND AIRCRAFT INDUSTRIES INC.,DA 40,41434b6a5e08b1009a35b6da05899065ef08584de8225bb0b6f68c62061193fc,True,4
24329,19640,021026_ML.npy,2026-10-05,2026-10-05 00:38:17.271580,7C168B,DA40,DIAMOND AIRCRAFT INDUSTRIES INC.,DA 40,ab34bfb25beeac1e797638845b689a553d9a39dacb523cbfb414955f20580468,True,1
24370,19681,021026_ML.npy,2026-10-05,2026-10-05 00:41:12.953998,7C7B61,DA40,DIAMOND AIRCRAFT INDUSTRIES INC.,DA 40,d4a6570cadf97ace73869d6d9658cef407e171b2c09c14e864ecccae284d0908,True,2
24374,19685,021026_ML.npy,2026-10-05,2026-10-05 00:41:22.174896,7C7B61,DA40,DIAMOND AIRCRAFT INDUSTRIES INC.,DA 40,d5c71a3db755f1ba9d3d3d574468c85e339f10cd9e56afa937d66b6088adb4b7,True,2
24379,19690,021026_ML.npy,2026-10-05,2026-10-05 00:41:28.147406,7C7B61,DA40,DIAMOND AIRCRAFT INDUSTRIES INC.,DA 40,30767c3ec8ae940c7c74dd1acc347bd60dcd17fa1bfd61c5ccc7c88d36be71c8,True,2
24386,19697,021026_ML.npy,2026-10-05,2026-10-05 00:42:17.648559,7C0074,C172,CESSNA AIRCRAFT COMPANY,172S,66a3996cfd49a7047180904f9dcdfd2902e17f37a87ae007a66a23a73075ba9a,True,5
24389,19700,021026_ML.npy,2026-10-05,2026-10-05 00:42:20.983896,7C0074,C172,CESSNA AIRCRAFT COMPANY,172S,f205c5956945c5c7d907dde1b332a2390ec010e2b1c55911fb8ba452597cfdfc,True,4
24405,19716,021026_ML.npy,2026-10-05,2026-10-05 00:42:47.761634,7C0074,C172,CESSNA AIRCRAFT COMPANY,172S,f8b87908543617b3c991c9a4e8b723a9cb8dc7e61e08719aea80e6233037ae8d,True,5
24416,19727,021026_ML.npy,2026-10-05,2026-10-05 00:44:48.096800,7C1B2A,DA40,DIAMOND AIRCRAFT INDUSTRIES INC.,DA 40,095543ce766575a71f55781996fa9ab2bfae1b641adce49f76e802157b2216d1,True,2
24422,19733,021026_ML.npy,2026-10-05,2026-10-05 00:44:51.498761,7C1B2A,DA40,DIAMOND AIRCRAFT INDUSTRIES INC.,DA 40,a73edfb94aa5b0179830164df1f17b0b3c9fdbc3b5642b491979be5655047541,True,3
24429,19740,021026_ML.npy,2026-10-05,2026-10-05 00:44:58.390517,7C1B2A,DA40,DIAMOND AIRCRAFT INDUSTRIES INC.,DA 40,8796f0d944d7138c3c6595bf53de6a8d6ed4c62699149956de4aca10c609d54d,True,3
24439,19750,021026_ML.npy,2026-10-05,2026-10-05 00:45:06.390696,7C1B2A,DA40,DIAMOND AIRCRAFT INDUSTRIES INC.,DA 40,7331f84c7f9586c6e4cd2f2620fb10d0031e2c5ed842af1de2a1e94a60dc630e,True,2
24452,19763,021026_ML.npy,2026-10-05,2026-10-05 00:47:29.397120,7C1689,DA40,DIAMOND AIRCRAFT INDUSTRIES INC.,DA 40,3621d6036e2daaa3e3992ea57e1027e6f69858d4fa66a4f0a92ab5c0d6a0e8e4,True,2
24485,19796,021026_ML.npy,2026-10-05,2026-10-05 00:48:07.743506,7C168D,DA40,DIAMOND AIRCRAFT INDUSTRIES INC.,DA 40,145cffdcf94e0b923215988dfa189d55aeaa12236240c3e6d8f19d6db2234f85,True,2
24489,19800,021026_ML.npy,2026-10-05,2026-10-05 00:48:20.449117,7C168D,DA40,DIAMOND AIRCRAFT INDUSTRIES INC.,DA 40,5c92096a34f0f701933e2141a182b79c3c29843676a64084d7ac78fe624ab249,True,3
24493,19804,021026_ML.npy,2026-10-05,2026-10-05 00:48:25.073948,7C168D,DA40,DIAMOND AIRCRAFT INDUSTRIES INC.,DA 40,940684e5bdef2f3bce3b34543c57a56f5902baef185deaaf15148c6cbc3df27f,True,1
24494,19805,021026_ML.npy,2026-10-05,2026-10-05 00:48:25.080384,7C168D,DA40,DIAMOND AIRCRAFT INDUSTRIES INC.,DA 40,b2de05f3d869139dff21e36cc2f43b0f6a25cf1eb09f9fa6efe1109c35709580,True,3
24498,19809,021026_ML.npy,2026-10-05,2026-10-05 00:48:28.058531,7C168D,DA40,DIAMOND AIRCRAFT INDUSTRIES INC.,DA 40,f390c9a35be1f2a2ed41f2e65ff9e950e06eeba94d999370e99312922b639be7,True,5
24507,19818,021026_ML.npy,2026-10-05,2026-10-05 00:48:41.203786,7C168D,DA40,DIAMOND AIRCRAFT INDUSTRIES INC.,DA 40,9b28743d51464a26a6c23e14239d38674b7e2e83abe51363051091eea131305e,True,2
24577,19888,021026_ML.npy,2026-10-05,2026-10-05 00:50:28.549835,7C6C18,C172,CESSNA AIRCRAFT COMPANY,172S,a3df29c7d5747abba46fa43b4be23858f7677b1485f548fa9edf11b17b0b8af9,True,4
24584,19895,021026_ML.npy,2026-10-05,2026-10-05 00:50:42.410823,7C6C18,C172,CESSNA AIRCRAFT COMPANY,172S,dcfef75c2756e1e564c630dd9f5af35c91304b4d4fece737a938b779641432e3,True,1
24585,19896,021026_ML.npy,2026-10-05,2026-10-05 00:50:45.102963,7C6C18,C172,CESSNA AIRCRAFT COMPANY,172S,ccc39a990258e6167945ac153a58b96a8ab9d9f4ea9b648efe11539f2a474931,True,1
24586,19897,021026_ML.npy,2026-10-05,2026-10-05 00:50:47.057473,7C6C18,C172,CESSNA AIRCRAFT COMPANY,172S,7c6c53be972890ed04f0081a080af9d0dd24af12008069b16001bdebd296d7e8,True,2
24589,19900,021026_ML.npy,2026-10-05,2026-10-05 00:50:53.110765,7C6C18,C172,CESSNA AIRCRAFT COMPANY,172S,aa8f00707ce8d62e52c3c97dc9e6673444c04725b5cdf4ff2a29203db46fc558,True,4
24591,19902,021026_ML.npy,2026-10-05,2026-10-05 00:50:54.594979,7C6C18,C172,CESSNA AIRCRAFT COMPANY,172S,f23f34945f6c81b2c4815a2326f75d606ed94a46b38b509ffed0eeee881567c9,True,2
24593,19904,021026_ML.npy,2026-10-05,2026-10-05 00:50:55.054758,7C6C18,C172,CESSNA AIRCRAFT COMPANY,172S,632dc7e4601c4c383d92165bee0c4fceb8d711b9c3eb36324ff597abe440236d,True,2
24601,19912,021026_ML.npy,2026-10-05,2026-10-05 00:51:08.054904,7C7B56,DA40,DIAMOND AIRCRAFT INDUSTRIES INC.,DA 40,5fd0245c80db6fcf46e01e298d15ab22dffa65cfc75d0a7e2b55f40eb4b2ddfa,True,2
24606,19917,021026_ML.npy,2026-10-05,2026-10-05 00:51:16.927692,7C7B56,DA40,DIAMOND AIRCRAFT INDUSTRIES INC.,DA 40,a502bd433c95d4e79736e30d69f73601495ec1f6c1b9f7cb2b595df79eac9910,True,3
24616,19927,021026_ML.npy,2026-10-05,2026-10-05 00:51:32.398327,7C7B56,DA40,DIAMOND AIRCRAFT INDUSTRIES INC.,DA 40,7011b6f801ff5848d0d71ee5b20306d63e9f13643c16956f4483713e0aad4291,True,3
24644,19955,021026_ML.npy,2026-10-05,2026-10-05 00:52:09.331017,7C7B56,DA40,DIAMOND AIRCRAFT INDUSTRIES INC.,DA 40,06f8fb9a06162fcf8274dcd194b51aed81d3498d9a78e3d91b4c7e21291630e8,True,3
24645,19956,021026_ML.npy,2026-10-05,2026-10-05 00:52:12.314876,7C6C18,C172,CESSNA AIRCRAFT COMPANY,172S,680103b192a9f5b251225491c87f58e0681597fb329931f2486e4517f2e23c4f,True,1
24648,19959,021026_ML.npy,2026-10-05,2026-10-05 00:52:26.084347,7C6C18,C172,CESSNA AIRCRAFT COMPANY,172S,4d1e4f8dda60208908f89d2d838e8023c38809d71199c04526866a4ba459c86c,True,4
24658,19969,021026_ML.npy,2026-10-05,2026-10-05 00:52:38.230231,7C6693,DA40,DIAMOND AIRCRAFT INDUSTRIES INC.,DA 40,02e9de8ec175c4eb260d6d5d576c2df87ebd9fb072890165a6bc6593042dfc25,True,3
24662,19973,021026_ML.npy,2026-10-05,2026-10-05 00:52:42.903553,7C6693,DA40,DIAMOND AIRCRAFT INDUSTRIES INC.,DA 40,29175cc6d9b8ba986bd21aa5a3147dc3a2fef3a7ea6e83f6ad03780a03456d67,True,5
24670,19981,021026_ML.npy,2026-10-05,2026-10-05 00:52:54.527528,7C6693,DA40,DIAMOND AIRCRAFT INDUSTRIES INC.,DA 40,87dd09db03360788d81c4e8491d3ebe0f2405ba6abb60d249224a197ba308d5a,True,4
24674,19985,021026_ML.npy,2026-10-05,2026-10-05 00:53:01.096545,7C6693,DA40,DIAMOND AIRCRAFT INDUSTRIES INC.,DA 40,d2a6d64bb8ec7088bafebda284e53d9728f9c622640a91479dc3fb441512f882,True,2
24682,19993,021026_ML.npy,2026-10-05,2026-10-05 00:53:09.771696,7C6693,DA40,DIAMOND AIRCRAFT INDUSTRIES INC.,DA 40,13150417d6dd25a730ce3f3f6fb39552d65de99be354f2dda9198e149cf16f8c,True,1
24693,20004,021026_ML.npy,2026-10-05,2026-10-05 00:53:36.317741,7C2E75,C172,CESSNA AIRCRAFT COMPANY,172N,a4f09d6b95c7d7011423e9f77c2331c02358541a85a38eb0a2111162af8879b6,True,1
24697,20008,021026_ML.npy,2026-10-05,2026-10-05 00:53:40.901485,7C2E75,C172,CESSNA AIRCRAFT COMPANY,172N,44803bd033a0b99d0a92ee4a1a1b21f5eb237406ca78a7d56a25805353ed7226,True,1
24705,20016,021026_ML.npy,2026-10-05,2026-10-05 00:53:48.236145,7C2E75,C172,CESSNA AIRCRAFT COMPANY,172N,6dd34ef21e74fccbd2a49ef2f6522612ce698409a22739201ce924d7137155a7,True,2
24710,20021,021026_ML.npy,2026-10-05,2026-10-05 00:53:55.851061,7C2E75,C172,CESSNA AIRCRAFT COMPANY,172N,f4432e092a043fa8caf4f3b969033787d7b5e53126fdeeae28b89043b2b7385c,True,3
24714,20025,021026_ML.npy,2026-10-05,2026-10-05 00:54:08.975443,7C2E75,C172,CESSNA AIRCRAFT COMPANY,172N,6bc90e0e2ce2ba570e1eeef4cff946625001bb27e947ac9dbe73b1841260ca10,True,1
24715,20026,021026_ML.npy,2026-10-05,2026-10-05 00:54:10.250821,7C2E75,C172,CESSNA AIRCRAFT COMPANY,172N,505ccc4966cf6d059c82bb50ed1c7a53de115692397a4eb57f9222d2dcaf2950,True,4
24716,20027,021026_ML.npy,2026-10-05,2026-10-05 00:54:10.254380,7C2E75,C172,CESSNA AIRCRAFT COMPANY,172N,4bcd9c8b584af7159b6297e6c2a7220dab03db1482d196a5472d0a12f3dbd6e2,True,5
24731,20042,021026_ML.npy,2026-10-05,2026-10-05 00:58:46.608214,7C2E75,C172,CESSNA AIRCRAFT COMPANY,172N,56628f45b78da55bfdd944889c58312b20b2344105975fcbf47d8f000c1cfa63,True,2
24733,20044,021026_ML.npy,2026-10-05,2026-10-05 00:58:48.004802,7C2E75,C172,CESSNA AIRCRAFT COMPANY,172N,b90dacf91ccd4183552aff9e1b09d516b2b05c8a5991784d43869403b424e1c2,True,5
24737,20048,021026_ML.npy,2026-10-05,2026-10-05 00:58:51.532903,7C2E75,C172,CESSNA AIRCRAFT COMPANY,172N,537a411f6d666b5552508369672999737cfab429b0e5d0136716492142f23c12,True,3
24753,20064,021026_ML.npy,2026-10-05,2026-10-05 00:59:18.818620,7C2E75,C172,CESSNA AIRCRAFT COMPANY,172N,2565da69d56a71e5b0e939dedf6f029740f66b09f755a05fa3d33dcaf80f2b84,True,2
24776,20087,021026_ML.npy,2026-10-05,2026-10-05 01:04:11.664716,7C2E75,C172,CESSNA AIRCRAFT COMPANY,172N,537a411f6d666b5552508369672999737cfab429b0e5d0136716492142f23c12,True,5
24777,20088,021026_ML.npy,2026-10-05,2026-10-05 01:04:14.979352,7C2E75,C172,CESSNA AIRCRAFT COMPANY,172N,0c0a53c6116b5614863511e844522e2274df42b6513bbc41bc72412c401dd6fc,True,4
24778,20089,021026_ML.npy,2026-10-05,2026-10-05 01:04:15.533991,7C2E75,C172,CESSNA AIRCRAFT COMPANY,172N,bb424916ce0ee81e51151cd2a68888dd1472e58ed5973d3a96d11cacefbcca96,True,5
24787,20098,021026_ML.npy,2026-10-05,2026-10-05 01:04:21.722786,7C2E75,C172,CESSNA AIRCRAFT COMPANY,172N,b054cac776aadf96e266ff73f9fefd138a62b1651361ab2f925a54ce147f915b,True,2
24793,20104,021026_ML.npy,2026-10-05,2026-10-05 01:04:26.253597,7C2E75,C172,CESSNA AIRCRAFT COMPANY,172N,0e218b4ae71c1915d5e572da718906bd3128de2f23be5914410b0e8fe3bb0201,True,5
24810,20121,021026_ML.npy,2026-10-05,2026-10-05 01:08:09.624684,7C168A,DA40,DIAMOND AIRCRAFT INDUSTRIES INC.,DA 40,6f19213d533904a739782c63fd48775bf7616848ba1eab43b6f75ea2e09e4584,True,1
24836,20147,021026_ML.npy,2026-10-05,2026-10-05 01:09:11.491557,7C2E75,C172,CESSNA AIRCRAFT COMPANY,172N,b054cac776aadf96e266ff73f9fefd138a62b1651361ab2f925a54ce147f915b,True,5
24840,20151,021026_ML.npy,2026-10-05,2026-10-05 01:09:20.773432,7C2E75,C172,CESSNA AIRCRAFT COMPANY,172N,2ca7371353091e1bc7d3bc1683dc4b5c3ba57407f4827bba0038915657b0765c,True,1
24841,20152,021026_ML.npy,2026-10-05,2026-10-05 01:09:23.084927,7C2E75,C172,CESSNA AIRCRAFT COMPANY,172N,537a411f6d666b5552508369672999737cfab429b0e5d0136716492142f23c12,True,4
24845,20156,021026_ML.npy,2026-10-05,2026-10-05 01:09:27.489447,7C2E75,C172,CESSNA AIRCRAFT COMPANY,172N,61e8f635aae5d4202f33ffec951d28329b64efe549f2f50d4dfefb8ad5874af5,True,2
24849,20160,021026_ML.npy,2026-10-05,2026-10-05 01:09:37.470733,7C2E75,C172,CESSNA AIRCRAFT COMPANY,172N,015c75728471278146ff465e40ce47152ab3e02887e5e32604cd87bdf39e72c2,True,2
24861,20172,021026_ML.npy,2026-10-05,2026-10-05 01:10:39.748470,7C1687,DA40,DIAMOND AIRCRAFT INDUSTRIES INC.,DA 40,63d83300927c612ec3d3764237adbbf4a38e93dbd36be14ebeee850c9b7ab046,True,2
24863,20174,021026_ML.npy,2026-10-05,2026-10-05 01:10:42.907678,7C1687,DA40,DIAMOND AIRCRAFT INDUSTRIES INC.,DA 40,759cc503773c7450d5b2a0762b27d6d8fc3878394fb68d98826ce6047461ed2c,True,2
24865,20176,021026_ML.npy,2026-10-05,2026-10-05 01:10:49.169051,7C1687,DA40,DIAMOND AIRCRAFT INDUSTRIES INC.,DA 40,9963e53c47d43830380cba7fa0833cdf260e686dd89245397f341f836635cd8f,True,2
24866,20177,021026_ML.npy,2026-10-05,2026-10-05 01:10:49.633540,7C1687,DA40,DIAMOND AIRCRAFT INDUSTRIES INC.,DA 40,4f6928f4e288488eef86940f35010da6be3fb368493981cf11fe6ab402254c6e,True,1
24885,20196,021026_ML.npy,2026-10-05,2026-10-05 01:13:51.351298,7C7AF0,DA40,DIAMOND AIRCRAFT INDUSTRIES INC.,DA 40,834fc7c32adf85251f44c1c55dd081b490a6b5683870d4d6fb5d029c9d35e28c,True,5
24894,20205,021026_ML.npy,2026-10-05,2026-10-05 01:13:53.591059,7C2E75,C172,CESSNA AIRCRAFT COMPANY,172N,3601c764431ca57c57991af074e0b08aa0fa58ae23d93d4ea9eb2b852abc0b8a,True,1
24908,20219,021026_ML.npy,2026-10-05,2026-10-05 01:14:04.324654,7C7AF0,DA40,DIAMOND AIRCRAFT INDUSTRIES INC.,DA 40,27549789df971e7de90d7bb7b1704053506cb600896f46479847f755d355bde5,True,3
24917,20228,021026_ML.npy,2026-10-05,2026-10-05 01:14:12.115585,7C7AF0,DA40,DIAMOND AIRCRAFT INDUSTRIES INC.,DA 40,553ce7d078a8e07518ea0b23d3aadd547c2a1d1dbf6ff1dd0eb3208d23cb8fe3,True,4
24918,20229,021026_ML.npy,2026-10-05,2026-10-05 01:14:13.123562,7C7AF0,DA40,DIAMOND AIRCRAFT INDUSTRIES INC.,DA 40,fb8ec36dae94b63de397ec5d9abb9fb929918f99159a51900a09c580dc61b6f3,True,1
24930,20241,021026_ML.npy,2026-10-05,2026-10-05 01:14:23.244919,7C7AF0,DA40,DIAMOND AIRCRAFT INDUSTRIES INC.,DA 40,979c3bf6f149ff7ffecfc698423273dc7f7974633573a91082828d9f5db1a5cd,True,1
24931,20242,021026_ML.npy,2026-10-05,2026-10-05 01:14:23.652268,7C2E75,C172,CESSNA AIRCRAFT COMPANY,172N,6bc90e0e2ce2ba570e1eeef4cff946625001bb27e947ac9dbe73b1841260ca10,True,4
24943,20254,021026_ML.npy,2026-10-05,2026-10-05 01:14:33.309011,7C2E75,C172,CESSNA AIRCRAFT COMPANY,172N,8ef124fb7968b08018d0418fb0d11a0ae5fa3b1b99a963e754615a00ba35c47c,True,3
24947,20258,021026_ML.npy,2026-10-05,2026-10-05 01:14:40.276087,7C2E75,C172,CESSNA AIRCRAFT COMPANY,172N,1f89cf1da395ad311c8e553d991870bb129d4277909aecd5736ee89aafedcfe6,True,3
24960,20271,021026_ML.npy,2026-10-05,2026-10-05 01:18:22.300121,7C2E75,C172,CESSNA AIRCRAFT COMPANY,172N,ed8dfa3de602b4d507aa8d54142c2319dd03c7f01d498329f60b585fbc0899a1,True,4
24973,20284,021026_ML.npy,2026-10-05,2026-10-05 01:18:44.327186,7C2E75,C172,CESSNA AIRCRAFT COMPANY,172N,572d92db66c2c767afd73217eb3c680814b64facf154b353e129ae56db15486e,True,1
24975,20286,021026_ML.npy,2026-10-05,2026-10-05 01:18:49.231834,7C2E75,C172,CESSNA AIRCRAFT COMPANY,172N,88e0fcf96c03d135536ea0c3684936797f2afe2a204b22c7cd3b031c046fc18b,True,4
24977,20288,021026_ML.npy,2026-10-05,2026-10-05 01:19:01.125870,7C2E75,C172,CESSNA AIRCRAFT COMPANY,172N,1dd372307ed91aea2395d06b9b0fd6928014dbf75f87b12e2be54969fad38352,True,4
24978,20289,021026_ML.npy,2026-10-05,2026-10-05 01:19:01.558418,7C2E75,C172,CESSNA AIRCRAFT COMPANY,172N,b054cac776aadf96e266ff73f9fefd138a62b1651361ab2f925a54ce147f915b,True,4
25029,20340,021026_ML.npy,2026-10-05,2026-10-05 01:24:39.536377,7C2E75,C172,CESSNA AIRCRAFT COMPANY,172N,3ecd33364ce755b8bdea0c822868d0ab08cad7899a098df0733ff9d28d025116,True,4
25034,20345,021026_ML.npy,2026-10-05,2026-10-05 01:24:45.136784,7C2E75,C172,CESSNA AIRCRAFT COMPANY,172N,db5a49fc68dbbcef2f091f53caea6c8b73f25a4e16aeb35851ad87fa8ee26b71,True,3
25035,20346,021026_ML.npy,2026-10-05,2026-10-05 01:24:47.013848,7C2E75,C172,CESSNA AIRCRAFT COMPANY,172N,54205d3c2d73c7dc88fd31faf623fc14e71fcfdd3999bb45c46c7bf10a6deb3a,True,1
25037,20348,021026_ML.npy,2026-10-05,2026-10-05 01:25:07.647310,7C2E75,C172,CESSNA AIRCRAFT COMPANY,172N,1a75c118b4bca37758d91aeac95394d1f4c710ff12fbc0a3a4e6a3ef7dd60fb1,True,5
25039,20350,021026_ML.npy,2026-10-05,2026-10-05 01:25:29.160926,7C7B5F,DA40,DIAMOND AIRCRAFT INDUSTRIES INC.,DA 40,abd738529d439b20a72ceac2258950afd48bbe922eae6de5c86edea4abcab1c7,True,3
25043,20354,021026_ML.npy,2026-10-05,2026-10-05 01:25:39.273781,7C7B5F,DA40,DIAMOND AIRCRAFT INDUSTRIES INC.,DA 40,279d5b06aae69b20c920f70fa2447584ee5b85d734172133070817eea021d67d,True,4
25046,20357,021026_ML.npy,2026-10-05,2026-10-05 01:25:44.925206,7C7B5F,DA40,DIAMOND AIRCRAFT INDUSTRIES INC.,DA 40,a646fa97f640607b1b28f7df07f540c1a9766ff8de85ff6ce48051b0853087d1,True,4
25053,20364,021026_ML.npy,2026-10-05,2026-10-05 01:25:52.277167,7C7B5F,DA40,DIAMOND AIRCRAFT INDUSTRIES INC.,DA 40,e7577c89c567333517b14849f1b036194d8fd7da07ee115b0ece31a2d61addfa,True,1
25058,20369,021026_ML.npy,2026-10-05,2026-10-05 01:25:55.914726,7C7B5F,DA40,DIAMOND AIRCRAFT INDUSTRIES INC.,DA 40,acb54aeb7327657b87bff1bb3635fc2ad00a75bd745ffad1f94048f7f2cda752,True,4
25131,20442,021026_ML.npy,2026-10-05,2026-10-05 01:28:47.659452,7C2E75,C172,CESSNA AIRCRAFT COMPANY,172N,234a8c3bcfe8c57d1f0ff449113baab84930faed1174750a5e61a2840b3a029b,True,4
25134,20445,021026_ML.npy,2026-10-05,2026-10-05 01:28:54.755601,7C2E75,C172,CESSNA AIRCRAFT COMPANY,172N,b467a803be12ff4c77966af92fbd315c8865fb80d07226d59d970b2d15ce2ab5,True,4
25136,20447,021026_ML.npy,2026-10-05,2026-10-05 01:28:56.370728,7C2E75,C172,CESSNA AIRCRAFT COMPANY,172N,ca4732b15a053634714e059590a4a3e700e713853bee3fbb3944f7714ac29da6,True,4
25145,20456,021026_ML.npy,2026-10-05,2026-10-05 01:29:14.336691,7C2E75,C172,CESSNA AIRCRAFT COMPANY,172N,1e803b565c36c02ba22e3e579e3ccde0acae0a41717d66d0b9316a2229110868,True,4
25149,20460,021026_ML.npy,2026-10-05,2026-10-05 01:29:25.374066,7C2E75,C172,CESSNA AIRCRAFT COMPANY,172N,9d10fee2998d3970183e04dd19eb1d2bef3c822dc0e422fcc45d5986dbbfbf67,True,5
25150,20461,021026_ML.npy,2026-10-05,2026-10-05 01:29:25.908017,7C2E75,C172,CESSNA AIRCRAFT COMPANY,172N,80f46810d6a74b1f73c7f5676b98e0f78589aeeec2c5465b9f7198f6186459b3,True,4
25153,20464,021026_ML.npy,2026-10-05,2026-10-05 01:29:33.420111,7C2E75,C172,CESSNA AIRCRAFT COMPANY,172N,8a341f84c210954d89ed64168f0bf68df7d5b3e04ecc0d90e5c35a4d93195401,True,3
25154,20465,021026_ML.npy,2026-10-05,2026-10-05 01:29:33.426983,7C2E75,C172,CESSNA AIRCRAFT COMPANY,172N,f28b7e12045742e86034097c95edf3c077e2f1c48955db0ae59670cda4c5cb81,True,3
25192,20503,021026_ML.npy,2026-10-05,2026-10-05 01:31:01.535112,7C7B5F,DA40,DIAMOND AIRCRAFT INDUSTRIES INC.,DA 40,f04285c1e2fd216f8f0e05be12013c574e0dcbf1a1de0f7d015684ebd2628302,True,3
25240,20551,021026_ML.npy,2026-10-05,2026-10-05 01:33:31.146761,7C2E75,C172,CESSNA AIRCRAFT COMPANY,172N,63bb4ba3ee3432458bfd80b7c168307b5cf825960cd0e18a42727ee4680619ff,True,5
25307,20618,021026_ML.npy,2026-10-05,2026-10-05 01:34:25.844340,7C7B60,DA40,DIAMOND AIRCRAFT INDUSTRIES INC.,DA 40,5e99062e670f64455842a925f053cd257995b03e9a480e8aa948fc249bed184e,True,2
25318,20629,021026_ML.npy,2026-10-05,2026-10-05 01:34:35.207852,7C2E75,C172,CESSNA AIRCRAFT COMPANY,172N,7d87f3e4cf4243690fd8175466f981d659a4d4078b08ad71067a6d94db4afb8e,True,4
25348,20659,021026_ML.npy,2026-10-05,2026-10-05 01:35:32.761852,7C7B60,DA40,DIAMOND AIRCRAFT INDUSTRIES INC.,DA 40,e654645db6c5d3cfbb38fc3ca8c879efba3d3bcb6be189095ff14fb673b32962,True,1
25352,20663,021026_ML.npy,2026-10-05,2026-10-05 01:35:50.111117,7C7B5F,DA40,DIAMOND AIRCRAFT INDUSTRIES INC.,DA 40,18c32fa93af635547f9468ed9884886b9aaf4c82da0e6534b6a92363c57a4c16,True,4
25357,20668,021026_ML.npy,2026-10-05,2026-10-05 01:35:55.252808,7C7B5F,DA40,DIAMOND AIRCRAFT INDUSTRIES INC.,DA 40,04707510fc3fe47dde9ec208822874559801668de9b035a59ecc576130600d3a,True,3
25378,20689,021026_ML.npy,2026-10-05,2026-10-05 01:37:03.078823,7C2E75,C172,CESSNA AIRCRAFT COMPANY,172N,a95df5c1264c4296b5f05bfe0df7ed9b584563a35cf0130d40a75428d5e985d1,True,1
25379,20690,021026_ML.npy,2026-10-05,2026-10-05 01:37:03.084562,7C2E75,C172,CESSNA AIRCRAFT COMPANY,172N,efe7dfb5bba74631e2916fddbeb218662543ed7b935daaa42c37e5849f6038bd,True,1
25398,20709,021026_ML.npy,2026-10-05,2026-10-05 01:37:19.643992,7C2E75,C172,CESSNA AIRCRAFT COMPANY,172N,8f2a3202af2a670741ab77139dab934d99676628c2a9c0313c09592e0d82f7c2,True,5
25399,20710,021026_ML.npy,2026-10-05,2026-10-05 01:37:22.256954,7C2E75,C172,CESSNA AIRCRAFT COMPANY,172N,1a16c755bb3c97b058afe599ecc4e5f0ca98918efa71e5816ab78d0abb7691a3,True,5
25408,20719,021026_ML.npy,2026-10-05,2026-10-05 01:37:41.712005,7C2E75,C172,CESSNA AIRCRAFT COMPANY,172N,bde99cd7bf8e27e38dcef9661af859f6ad6e678e928a46f675ee1e4c76d708d6,True,4
25409,20720,021026_ML.npy,2026-10-05,2026-10-05 01:37:42.288657,7C2E75,C172,CESSNA AIRCRAFT COMPANY,172N,a8cc41a9ce3a1eff67e838906482c498dea43da35f00ee0f1bc719f5cb109ef4,True,5
25413,20724,021026_ML.npy,2026-10-05,2026-10-05 01:37:51.970291,7C2E75,C172,CESSNA AIRCRAFT COMPANY,172N,537a411f6d666b5552508369672999737cfab429b0e5d0136716492142f23c12,True,1
25496,20807,021026_ML.npy,2026-10-05,2026-10-05 01:40:15.707064,7C582C,DA40,DIAMOND AIRCRAFT INDUSTRIES INC.,DA 40,07b6a60d7d43de7ac40b1d466bbef2cfa59d1c47d18d793979411aa5bbe49ed5,True,1
25505,20816,021026_ML.npy,2026-10-05,2026-10-05 01:40:46.656380,7C0D65,DA42,DIAMOND AIRCRAFT INDUSTRIES INC.,DA 42,fcff46407fe29518f72c5a6f71449d2c75b3e44245ace7d6038594138aa4ac40,True,1
25511,20822,021026_ML.npy,2026-10-05,2026-10-05 01:40:51.582987,7C0D65,DA42,DIAMOND AIRCRAFT INDUSTRIES INC.,DA 42,3e719276253eb2afffff55c7e2ce0340138bb634f5ae4b6b6239a05e3e9797b6,True,1
25512,20823,021026_ML.npy,2026-10-05,2026-10-05 01:40:52.075343,7C0D65,DA42,DIAMOND AIRCRAFT INDUSTRIES INC.,DA 42,aad0ab627cf2e3b15abc69850974246d5cf3d33ec528cbcbc5b08d51b4734578,True,1
25514,20825,021026_ML.npy,2026-10-05,2026-10-05 01:40:53.150922,7C0D65,DA42,DIAMOND AIRCRAFT INDUSTRIES INC.,DA 42,784e40bf555b5cb9d99d941e9f9ffcc41a31a57e81de07ef714f8d14c7934f8e,True,3
25520,20831,021026_ML.npy,2026-10-05,2026-10-05 01:40:59.689735,7C0D65,DA42,DIAMOND AIRCRAFT INDUSTRIES INC.,DA 42,e8c907292cc8ce8575914825197e8d38997207e7503837182102740f82fd5e04,True,1
25523,20834,021026_ML.npy,2026-10-05,2026-10-05 01:41:05.075131,7C0D65,DA42,DIAMOND AIRCRAFT INDUSTRIES INC.,DA 42,3b6a5f7513fd0c9d0338f2c909c7986d7f7982c92320e7d15817d00ae31ced2f,True,5
25525,20836,021026_ML.npy,2026-10-05,2026-10-05 01:41:07.830814,7C0D65,DA42,DIAMOND AIRCRAFT INDUSTRIES INC.,DA 42,c23a37cde9bd8ea8ef09c1232c9b5bc6bbab2659820d8c12e8c964f7566153d0,True,3
25526,20837,021026_ML.npy,2026-10-05,2026-10-05 01:41:09.291635,7C0D65,DA42,DIAMOND AIRCRAFT INDUSTRIES INC.,DA 42,784e40bf555b5cb9d99d941e9f9ffcc41a31a57e81de07ef714f8d14c7934f8e,True,1
25528,20839,021026_ML.npy,2026-10-05,2026-10-05 01:41:10.386771,7C0D65,DA42,DIAMOND AIRCRAFT INDUSTRIES INC.,DA 42,187721efbe1a6914a7497c7ec024e1bea937744a423b5ac5e96ada9382e57cb1,True,3
25529,20840,021026_ML.npy,2026-10-05,2026-10-05 01:41:13.003141,7C0D65,DA42,DIAMOND AIRCRAFT INDUSTRIES INC.,DA 42,784e40bf555b5cb9d99d941e9f9ffcc41a31a57e81de07ef714f8d14c7934f8e,True,2
25531,20842,021026_ML.npy,2026-10-05,2026-10-05 01:41:18.948395,7C0D65,DA42,DIAMOND AIRCRAFT INDUSTRIES INC.,DA 42,433e7d016e43a29c61cdfdc05002e2975cd1f5ee89d83e3e0655b6f92c60abf4,True,5
25533,20844,021026_ML.npy,2026-10-05,2026-10-05 01:41:19.163686,7C0D65,DA42,DIAMOND AIRCRAFT INDUSTRIES INC.,DA 42,784e40bf555b5cb9d99d941e9f9ffcc41a31a57e81de07ef714f8d14c7934f8e,True,1
25535,20846,021026_ML.npy,2026-10-05,2026-10-05 01:41:22.112001,7C0D65,DA42,DIAMOND AIRCRAFT INDUSTRIES INC.,DA 42,0d12574b39f5a43ec118f7fbeb02ce824be3716e14421ceef3ab2433df6b9531,True,5
25536,20847,021026_ML.npy,2026-10-05,2026-10-05 01:41:24.035902,7C0D65,DA42,DIAMOND AIRCRAFT INDUSTRIES INC.,DA 42,784e40bf555b5cb9d99d941e9f9ffcc41a31a57e81de07ef714f8d14c7934f8e,True,5
25537,20848,021026_ML.npy,2026-10-05,2026-10-05 01:41:25.643368,7C0D65,DA42,DIAMOND AIRCRAFT INDUSTRIES INC.,DA 42,c9e2c7af6623774736cbfdc13a831e2d51b7dc1a29c1148826857be4950f2e60,True,4
25538,20849,021026_ML.npy,2026-10-05,2026-10-05 01:41:29.650786,7C0D65,DA42,DIAMOND AIRCRAFT INDUSTRIES INC.,DA 42,1d22deb62587bb6c5d012776d0e04295ca48afb3a422d3209afeb0e097de7644,True,4
25539,20850,021026_ML.npy,2026-10-05,2026-10-05 01:41:32.885015,7C0D65,DA42,DIAMOND AIRCRAFT INDUSTRIES INC.,DA 42,623fbd574544a566a656e7bba3a7aaa0b6b739e5ce9a2824f64c5d031dcb4bb4,True,4
25543,20854,021026_ML.npy,2026-10-05,2026-10-05 01:42:16.800137,7C7B5F,DA40,DIAMOND AIRCRAFT INDUSTRIES INC.,DA 40,2c387a8c63a038e36d366442198cf6d29591f46d709e2f82fc163302fd43e525,True,4
25550,20861,021026_ML.npy,2026-10-05,2026-10-05 01:42:30.970561,7C7B5F,DA40,DIAMOND AIRCRAFT INDUSTRIES INC.,DA 40,b6b5f323377512fdf96b46933ec79fcc59c5c3692fb9193f64cda6e1b98de11a,True,1
25552,20863,021026_ML.npy,2026-10-05,2026-10-05 01:42:31.922543,7C7B5F,DA40,DIAMOND AIRCRAFT INDUSTRIES INC.,DA 40,7582a9d117d132b6d4fe806c8a00843134b5fcb821b43a97d2a0a05b0e4fceb8,True,1
25557,20868,021026_ML.npy,2026-10-05,2026-10-05 01:42:35.458649,7C7B5F,DA40,DIAMOND AIRCRAFT INDUSTRIES INC.,DA 40,9e1cae0b6798fdf921c091709012a3def7eca81088dae6ebcb2419602c10da7a,True,4
25563,20874,021026_ML.npy,2026-10-05,2026-10-05 01:42:44.741791,7C7B5F,DA40,DIAMOND AIRCRAFT INDUSTRIES INC.,DA 40,9b707d3a56f357d35f9cdca79b83559421d5286b15575f43ba7c5d44c726eca4,True,5
25604,20915,021026_ML.npy,2026-10-05,2026-10-05 01:43:32.079900,7C0D65,DA42,DIAMOND AIRCRAFT INDUSTRIES INC.,DA 42,0d8f411e405610c65427e436012b6edd9d67296381e920e36c2223ae23d8be48,True,3
25606,20917,021026_ML.npy,2026-10-05,2026-10-05 01:43:33.349419,7C2E75,C172,CESSNA AIRCRAFT COMPANY,172N,0198d333408a7121aea76c779f43f0ccf2436433da3ac0bdb1cbd9ab7d4c613a,True,3
25609,20920,021026_ML.npy,2026-10-05,2026-10-05 01:43:33.982150,7C0D65,DA42,DIAMOND AIRCRAFT INDUSTRIES INC.,DA 42,fe67090e6294a786790b8099c349ed3e8d5a9bd323a89f932952050f149b93c1,True,2
25617,20928,021026_ML.npy,2026-10-05,2026-10-05 01:43:37.913373,7C0D65,DA42,DIAMOND AIRCRAFT INDUSTRIES INC.,DA 42,784e40bf555b5cb9d99d941e9f9ffcc41a31a57e81de07ef714f8d14c7934f8e,True,2
25623,20934,021026_ML.npy,2026-10-05,2026-10-05 01:43:40.209130,7C2E75,C172,CESSNA AIRCRAFT COMPANY,172N,e9e149a15cbacb7ac98d92bd2287b1c2b4494343c6320292f5106f3a746b128b,True,2
25624,20935,021026_ML.npy,2026-10-05,2026-10-05 01:43:40.214865,7C2E75,C172,CESSNA AIRCRAFT COMPANY,172N,4b89216a81f529c66ca670d8791f9bed63e7686dfb82605d99950ac6ec281ef1,True,2
25634,20945,021026_ML.npy,2026-10-05,2026-10-05 01:43:46.788573,7C0D65,DA42,DIAMOND AIRCRAFT INDUSTRIES INC.,DA 42,784e40bf555b5cb9d99d941e9f9ffcc41a31a57e81de07ef714f8d14c7934f8e,True,4
25636,20947,021026_ML.npy,2026-10-05,2026-10-05 01:43:48.777633,7C0D65,DA42,DIAMOND AIRCRAFT INDUSTRIES INC.,DA 42,433e7d016e43a29c61cdfdc05002e2975cd1f5ee89d83e3e0655b6f92c60abf4,True,2
25639,20950,021026_ML.npy,2026-10-05,2026-10-05 01:43:51.851553,7C2E75,C172,CESSNA AIRCRAFT COMPANY,172N,921bde2cdfbd47b1930dc07d041310e640ca5ed50b17e630bea949c606a12f47,True,1
25648,20959,021026_ML.npy,2026-10-05,2026-10-05 01:43:56.332382,7C2E75,C172,CESSNA AIRCRAFT COMPANY,172N,0a9d030769afb582c6c6d8b4e0a8abb2c582f6a655bd73e66e6dcb9fb455f6a2,True,3
25659,20970,021026_ML.npy,2026-10-05,2026-10-05 01:44:55.137667,7C7B56,DA40,DIAMOND AIRCRAFT INDUSTRIES INC.,DA 40,c127b1fa6797cbb66dc7608a6504f9d24f4f28521179fa8acb7bb344741cb49b,True,1
25661,20972,021026_ML.npy,2026-10-05,2026-10-05 01:45:03.522758,7C7B56,DA40,DIAMOND AIRCRAFT INDUSTRIES INC.,DA 40,1a76bd0b145e032c911fd98bac4819badb16d4e4ad719260434197d5dda27561,True,1
25669,20980,021026_ML.npy,2026-10-05,2026-10-05 01:45:20.352620,7C7B56,DA40,DIAMOND AIRCRAFT INDUSTRIES INC.,DA 40,30eaf3f3f58c33956e996e79e3a0b2b00031188f2e178be13971f8777fd8019a,True,5
25670,20981,021026_ML.npy,2026-10-05,2026-10-05 01:45:22.234772,7C7B56,DA40,DIAMOND AIRCRAFT INDUSTRIES INC.,DA 40,1d52f0716e17711b2770ad7d64463ffeefaee0cc85f11c12240318a7446fdf24,True,3
25674,20985,021026_ML.npy,2026-10-05,2026-10-05 01:46:30.538613,7C0D65,DA42,DIAMOND AIRCRAFT INDUSTRIES INC.,DA 42,784e40bf555b5cb9d99d941e9f9ffcc41a31a57e81de07ef714f8d14c7934f8e,True,3
25676,20987,021026_ML.npy,2026-10-05,2026-10-05 01:46:32.445634,7C0D65,DA42,DIAMOND AIRCRAFT INDUSTRIES INC.,DA 42,09a39fde35e35f8d00c920af5932f481f5f5d16002d337183f98faca2ff3f563,True,2
25677,20988,021026_ML.npy,2026-10-05,2026-10-05 01:46:32.941932,7C0D65,DA42,DIAMOND AIRCRAFT INDUSTRIES INC.,DA 42,be10640128d9c66e1c9c9e2d0d1beea6ea14f8fd26bbc3db4640f30807740fd9,True,4
25678,20989,021026_ML.npy,2026-10-05,2026-10-05 01:46:33.066598,7C0D65,DA42,DIAMOND AIRCRAFT INDUSTRIES INC.,DA 42,784e40bf555b5cb9d99d941e9f9ffcc41a31a57e81de07ef714f8d14c7934f8e,True,1
25681,20992,021026_ML.npy,2026-10-05,2026-10-05 01:46:46.207993,7C0D65,DA42,DIAMOND AIRCRAFT INDUSTRIES INC.,DA 42,ec638a229bd1310cad2b92a2214b37f0ada5c0c7e7f4bfa8f555cf29c4eb7ed0,True,2
25683,20994,021026_ML.npy,2026-10-05,2026-10-05 01:46:49.570178,7C0D65,DA42,DIAMOND AIRCRAFT INDUSTRIES INC.,DA 42,30a8cd01efd8128d3c79e816954e95284004e6526c31449ab487d4840ae9b43a,True,4
25686,20997,021026_ML.npy,2026-10-05,2026-10-05 01:46:52.055451,7C0D65,DA42,DIAMOND AIRCRAFT INDUSTRIES INC.,DA 42,ccc6f9919f313db3bbf49cdf8c964badf03d38e93ccecab0e9a3f4cd8e848c67,True,5
25687,20998,021026_ML.npy,2026-10-05,2026-10-05 01:46:52.565110,7C0D65,DA42,DIAMOND AIRCRAFT INDUSTRIES INC.,DA 42,1485e275181b4acf2af89e799cd67a599df0c2435d5451e2324414ba1dd6fe31,True,2
25688,20999,021026_ML.npy,2026-10-05,2026-10-05 01:46:54.884059,7C0D65,DA42,DIAMOND AIRCRAFT INDUSTRIES INC.,DA 42,f5742d7bfe2bebd85fc6e31b37de7babed422b6bdf8edb5ff79513d2991d35da,True,4
25689,21000,021026_ML.npy,2026-10-05,2026-10-05 01:46:55.448566,7C0D65,DA42,DIAMOND AIRCRAFT INDUSTRIES INC.,DA 42,201ddd0fcfd5dd17f525e7bd650c824e2d4d6283e076faea6b1806edb15a323d,True,2
25690,21001,021026_ML.npy,2026-10-05,2026-10-05 01:46:55.966223,7C0D65,DA42,DIAMOND AIRCRAFT INDUSTRIES INC.,DA 42,aab17e529faf2069a7de281e7a228d20be2edba33787d67f9c0ecd197ccb6ab0,True,2
25691,21002,021026_ML.npy,2026-10-05,2026-10-05 01:46:56.894530,7C0D65,DA42,DIAMOND AIRCRAFT INDUSTRIES INC.,DA 42,1f93c541bc6c0cd0735f34090c6ed3af68acf5bdb286085cdc0599cfbf63e16c,True,4
25692,21003,021026_ML.npy,2026-10-05,2026-10-05 01:46:58.005308,7C0D65,DA42,DIAMOND AIRCRAFT INDUSTRIES INC.,DA 42,eda2b9acbc226de42a0bb72acaf3a515734a8de09b37c9cb4dad5ac032451061,True,1
25694,21005,021026_ML.npy,2026-10-05,2026-10-05 01:47:00.022387,7C0D65,DA42,DIAMOND AIRCRAFT INDUSTRIES INC.,DA 42,9695a2cd9486f95b83a083359bd228a8d7c80685fd93cf6e008e77a1b4782bc9,True,5
25704,21015,021026_ML.npy,2026-10-05,2026-10-05 01:47:08.360703,7C0D65,DA42,DIAMOND AIRCRAFT INDUSTRIES INC.,DA 42,16be80f83b319700fcd8045736acde1022f194f2e4f94755509ccf946e56b6a4,True,5
25705,21016,021026_ML.npy,2026-10-05,2026-10-05 01:47:10.452755,7C0D65,DA42,DIAMOND AIRCRAFT INDUSTRIES INC.,DA 42,784e40bf555b5cb9d99d941e9f9ffcc41a31a57e81de07ef714f8d14c7934f8e,True,5
25710,21021,021026_ML.npy,2026-10-05,2026-10-05 01:47:12.755766,7C0D65,DA42,DIAMOND AIRCRAFT INDUSTRIES INC.,DA 42,ec15b2ba39e77188264b0c2ac881059442858ea7929559a58f3be82e2252fa70,True,3
25712,21023,021026_ML.npy,2026-10-05,2026-10-05 01:47:13.183995,7C0D65,DA42,DIAMOND AIRCRAFT INDUSTRIES INC.,DA 42,75bc461dad7cfe3e8afca8ce118d625fc0f9f366cd1329d5a0fb6d629d8eb66c,True,4
25717,21028,021026_ML.npy,2026-10-05,2026-10-05 01:47:15.203470,7C0D65,DA42,DIAMOND AIRCRAFT INDUSTRIES INC.,DA 42,8f1c3fbf26e5c22ae0fc81bf1e088ce78541f40b54afd073aa148fc0360eb0f2,True,3
25718,21029,021026_ML.npy,2026-10-05,2026-10-05 01:47:15.526112,7C0D65,DA42,DIAMOND AIRCRAFT INDUSTRIES INC.,DA 42,784e40bf555b5cb9d99d941e9f9ffcc41a31a57e81de07ef714f8d14c7934f8e,True,4
25721,21032,021026_ML.npy,2026-10-05,2026-10-05 01:47:17.358557,7C0D65,DA42,DIAMOND AIRCRAFT INDUSTRIES INC.,DA 42,a26aaf953d602734769bccc98e402e6655e6cc6ccfe55e28144c8214916795b0,True,1
25723,21034,021026_ML.npy,2026-10-05,2026-10-05 01:47:18.426180,7C0D65,DA42,DIAMOND AIRCRAFT INDUSTRIES INC.,DA 42,8a16b04b64370a7f0122fc1c54b97eeb1212aefb57a388274e25716c2cf68362,True,2
25726,21037,021026_ML.npy,2026-10-05,2026-10-05 01:47:20.338845,7C0D65,DA42,DIAMOND AIRCRAFT INDUSTRIES INC.,DA 42,9983bdd25185c6b5effbe7d11a460ad7302030fd352c8d2f559e11677103b73f,True,5
25727,21038,021026_ML.npy,2026-10-05,2026-10-05 01:47:20.848382,7C0D65,DA42,DIAMOND AIRCRAFT INDUSTRIES INC.,DA 42,6cbe5135f36b61942b47fcd55f0049194b966df7560f6a396fa7eeaa8b6ab050,True,5
25729,21040,021026_ML.npy,2026-10-05,2026-10-05 01:47:24.064715,7C0D65,DA42,DIAMOND AIRCRAFT INDUSTRIES INC.,DA 42,1f7ac689b4beada9a687ecbbf30e0291507a4cb7fdf80a0baa4b421b26efff67,True,3
25731,21042,021026_ML.npy,2026-10-05,2026-10-05 01:47:25.582635,7C0D65,DA42,DIAMOND AIRCRAFT INDUSTRIES INC.,DA 42,e4225e37a71d82d44729ad5f55982ebfcd701e2aa1aebc2738a7717e01c26dbf,True,2
25734,21045,021026_ML.npy,2026-10-05,2026-10-05 01:47:27.203077,7C0D65,DA42,DIAMOND AIRCRAFT INDUSTRIES INC.,DA 42,14bdb9132294cde7f3e1a8ed6747a53541f5b208c50c3a8bc1c82dd0749fb951,True,2
25736,21047,021026_ML.npy,2026-10-05,2026-10-05 01:47:29.277883,7C0D65,DA42,DIAMOND AIRCRAFT INDUSTRIES INC.,DA 42,39d00f932c8123195287880725cc835f5a83186d3e56f2c43284845643cc1bf4,True,3
25738,21049,021026_ML.npy,2026-10-05,2026-10-05 01:47:30.488766,7C0D65,DA42,DIAMOND AIRCRAFT INDUSTRIES INC.,DA 42,784e40bf555b5cb9d99d941e9f9ffcc41a31a57e81de07ef714f8d14c7934f8e,True,4
25739,21050,021026_ML.npy,2026-10-05,2026-10-05 01:47:30.703079,7C0D65,DA42,DIAMOND AIRCRAFT INDUSTRIES INC.,DA 42,787bda3d336f3de2f31838fc2a9bbe135af114ad0e6ea77e20eeef0f4ee343d7,True,1
25740,21051,021026_ML.npy,2026-10-05,2026-10-05 01:47:33.789288,7C0D65,DA42,DIAMOND AIRCRAFT INDUSTRIES INC.,DA 42,ea6033d05eb32261a31492e99bf8ad427fcf50bb47f9b5b7b7aaf626ed81e749,True,1
25742,21053,021026_ML.npy,2026-10-05,2026-10-05 01:47:35.285803,7C0D65,DA42,DIAMOND AIRCRAFT INDUSTRIES INC.,DA 42,fbfd1da81b2cf75ae0dc90ff5195adbf1209bcd4c2d8f8abf7b494658bfd0064,True,3
25744,21055,021026_ML.npy,2026-10-05,2026-10-05 01:47:37.348637,7C0D65,DA42,DIAMOND AIRCRAFT INDUSTRIES INC.,DA 42,433e7d016e43a29c61cdfdc05002e2975cd1f5ee89d83e3e0655b6f92c60abf4,True,1
25746,21057,021026_ML.npy,2026-10-05,2026-10-05 01:47:39.072203,7C0D65,DA42,DIAMOND AIRCRAFT INDUSTRIES INC.,DA 42,e8793c5b411c0da22a16557681ed550796fae88c73eba9ed7706e935a8658693,True,4
25752,21063,021026_ML.npy,2026-10-05,2026-10-05 01:47:48.194600,7C0D65,DA42,DIAMOND AIRCRAFT INDUSTRIES INC.,DA 42,6cbe5135f36b61942b47fcd55f0049194b966df7560f6a396fa7eeaa8b6ab050,True,4
25753,21064,021026_ML.npy,2026-10-05,2026-10-05 01:47:52.746978,7C0D65,DA42,DIAMOND AIRCRAFT INDUSTRIES INC.,DA 42,3fdeb6cbbe80a9189a94f1b9dbf73b518f045333f96aff50aca5ce02bb453d5a,True,1
25757,21068,021026_ML.npy,2026-10-05,2026-10-05 01:47:56.717157,7C0D65,DA42,DIAMOND AIRCRAFT INDUSTRIES INC.,DA 42,59af6d50dcaa4dde89832dec33ba0a6cb14e00e8162c061b86a89af335326fe9,True,4
25770,21081,021026_ML.npy,2026-10-05,2026-10-05 01:48:18.461256,7C0D65,DA42,DIAMOND AIRCRAFT INDUSTRIES INC.,DA 42,6cbe5135f36b61942b47fcd55f0049194b966df7560f6a396fa7eeaa8b6ab050,True,4
25775,21086,021026_ML.npy,2026-10-05,2026-10-05 01:48:29.205264,7C0D65,DA42,DIAMOND AIRCRAFT INDUSTRIES INC.,DA 42,0c84e206d0bb1c48942783e46f3364c66b6cc0eca340835d382df1d8809a1491,True,1
25776,21087,021026_ML.npy,2026-10-05,2026-10-05 01:48:33.448875,7C2E75,C172,CESSNA AIRCRAFT COMPANY,172N,238fc77e347f075fe82ec1473e367c5a248f82f8a239ff124d9cd64cdee00e5a,True,4
25779,21090,021026_ML.npy,2026-10-05,2026-10-05 01:48:35.334428,7C0D65,DA42,DIAMOND AIRCRAFT INDUSTRIES INC.,DA 42,089547bb844482814b34d79a2167f327f95d89d95350068737d925004c8abb5c,True,2
25783,21094,021026_ML.npy,2026-10-05,2026-10-05 01:48:41.769889,7C0D65,DA42,DIAMOND AIRCRAFT INDUSTRIES INC.,DA 42,8def83ca40848623db13244429dc4e730dc359dbac511af12c725ad61dd65419,True,2
25806,21117,021026_ML.npy,2026-10-05,2026-10-05 01:49:23.273595,7C7B56,DA40,DIAMOND AIRCRAFT INDUSTRIES INC.,DA 40,8f0e868d9a18c4c77bd726b0a57cb599c2c0105be688f165db5f7646b8dde7f6,True,3
25846,21157,021026_ML.npy,2026-10-05,2026-10-05 01:49:54.432387,7C7B56,DA40,DIAMOND AIRCRAFT INDUSTRIES INC.,DA 40,caa3de6dcb81a3a5e63aba10fae5ad7fc6a834e2acf1f83c3e1e18606d97268a,True,5
25901,21212,021026_ML.npy,2026-10-05,2026-10-05 01:51:57.004743,7C0D65,DA42,DIAMOND AIRCRAFT INDUSTRIES INC.,DA 42,a88ba033be962c1c1cc8b55751ffff5ad54b13463ff6a13a224b5be0023db79b,True,5
25902,21213,021026_ML.npy,2026-10-05,2026-10-05 01:51:58.495725,7C0D65,DA42,DIAMOND AIRCRAFT INDUSTRIES INC.,DA 42,f208e21eeebce4b49e74121bf06cac049fca286bd7cf00575580c8c986d948cd,True,4
25903,21214,021026_ML.npy,2026-10-05,2026-10-05 01:52:02.419511,7C0D65,DA42,DIAMOND AIRCRAFT INDUSTRIES INC.,DA 42,814b1015d5cdf95ab107f4ef33bc7630044465d9f596ae028c9f456e573ba0d7,True,3
25906,21217,021026_ML.npy,2026-10-05,2026-10-05 01:52:05.379403,7C0D65,DA42,DIAMOND AIRCRAFT INDUSTRIES INC.,DA 42,477821e504749777d56072da15e4fe7a16bbed507f566f3b6188e76d072024f7,True,1
25907,21218,021026_ML.npy,2026-10-05,2026-10-05 01:52:05.869963,7C0D65,DA42,DIAMOND AIRCRAFT INDUSTRIES INC.,DA 42,595280ec77e9fd3b6b70ca99f42fcc34d13c4739d2a1b96590f8f43afe901870,True,4
25909,21220,021026_ML.npy,2026-10-05,2026-10-05 01:52:12.836243,7C0D65,DA42,DIAMOND AIRCRAFT INDUSTRIES INC.,DA 42,04b686c1dec303818333a823dea86669591a2b34efd8efd724eb57585ffe13ec,True,3
25913,21224,021026_ML.npy,2026-10-05,2026-10-05 01:52:15.936193,7C0D65,DA42,DIAMOND AIRCRAFT INDUSTRIES INC.,DA 42,0308fad20e8c2657ab2d7cd70630abaec2b3ccc734826d4fe6b164e4cc0e69cc,True,2
25914,21225,021026_ML.npy,2026-10-05,2026-10-05 01:52:16.193369,7C0D65,DA42,DIAMOND AIRCRAFT INDUSTRIES INC.,DA 42,784e40bf555b5cb9d99d941e9f9ffcc41a31a57e81de07ef714f8d14c7934f8e,True,1
25917,21228,021026_ML.npy,2026-10-05,2026-10-05 01:52:17.564759,7C0D65,DA42,DIAMOND AIRCRAFT INDUSTRIES INC.,DA 42,6cbe5135f36b61942b47fcd55f0049194b966df7560f6a396fa7eeaa8b6ab050,True,3
25918,21229,021026_ML.npy,2026-10-05,2026-10-05 01:52:17.966201,7C0D65,DA42,DIAMOND AIRCRAFT INDUSTRIES INC.,DA 42,52f66c389c20b04c23ae992d3143cffec58cd4e95d7df8dac39278de61d12913,True,3
25919,21230,021026_ML.npy,2026-10-05,2026-10-05 01:52:18.454276,7C0D65,DA42,DIAMOND AIRCRAFT INDUSTRIES INC.,DA 42,6fc9692f0b325f225e90db26b061fc55dbc6d93636de3585b9bede1a4976fb31,True,1
25920,21231,021026_ML.npy,2026-10-05,2026-10-05 01:52:18.918945,7C0D65,DA42,DIAMOND AIRCRAFT INDUSTRIES INC.,DA 42,d04dc7b70377e2c54c57308e60b0bea17d693f264f04e5d18378a122f6705dca,True,2
25923,21234,021026_ML.npy,2026-10-05,2026-10-05 01:52:20.229521,7C7B5F,DA40,DIAMOND AIRCRAFT INDUSTRIES INC.,DA 40,7f2578e381c84492d3ac533bc2ea6117cfd53230b3d0dcb360f8d5a68afb8772,True,1
25925,21236,021026_ML.npy,2026-10-05,2026-10-05 01:52:22.448024,7C0D65,DA42,DIAMOND AIRCRAFT INDUSTRIES INC.,DA 42,433e7d016e43a29c61cdfdc05002e2975cd1f5ee89d83e3e0655b6f92c60abf4,True,4
25927,21238,021026_ML.npy,2026-10-05,2026-10-05 01:52:22.600483,7C0D65,DA42,DIAMOND AIRCRAFT INDUSTRIES INC.,DA 42,d8ef520f915a20f727b6d877e963a4b81d6f08bf98294b61719fbd1f4ebe7635,True,5
25928,21239,021026_ML.npy,2026-10-05,2026-10-05 01:52:24.549922,7C0D65,DA42,DIAMOND AIRCRAFT INDUSTRIES INC.,DA 42,ed2810fb5b6f2b99d2bcd9ad5b591f04407de98e0a3c91752297fd263ca7df3d,True,1
25929,21240,021026_ML.npy,2026-10-05,2026-10-05 01:52:25.053250,7C0D65,DA42,DIAMOND AIRCRAFT INDUSTRIES INC.,DA 42,6cbe5135f36b61942b47fcd55f0049194b966df7560f6a396fa7eeaa8b6ab050,True,5
25930,21241,021026_ML.npy,2026-10-05,2026-10-05 01:52:25.943378,7C0D65,DA42,DIAMOND AIRCRAFT INDUSTRIES INC.,DA 42,7f38e74161a491000d42e18df9194e755ea4966684b6e883ff36bf1379ba5185,True,5
25937,21248,021026_ML.npy,2026-10-05,2026-10-05 01:52:32.382447,7C0D65,DA42,DIAMOND AIRCRAFT INDUSTRIES INC.,DA 42,784e40bf555b5cb9d99d941e9f9ffcc41a31a57e81de07ef714f8d14c7934f8e,True,3
25938,21249,021026_ML.npy,2026-10-05,2026-10-05 01:52:35.287296,7C0D65,DA42,DIAMOND AIRCRAFT INDUSTRIES INC.,DA 42,b4770450de2ae808537dd6c0486a4ed13a3841a420bdf451f8d7b671462a53c7,True,5
25940,21251,021026_ML.npy,2026-10-05,2026-10-05 01:52:37.610234,7C0D65,DA42,DIAMOND AIRCRAFT INDUSTRIES INC.,DA 42,433e7d016e43a29c61cdfdc05002e2975cd1f5ee89d83e3e0655b6f92c60abf4,True,4
25941,21252,021026_ML.npy,2026-10-05,2026-10-05 01:52:37.689001,7C0D65,DA42,DIAMOND AIRCRAFT INDUSTRIES INC.,DA 42,9d8fdf745bd41dcef7279668c89c83ed031f39d24099d3e30ef4773084bc013a,True,4
25942,21253,021026_ML.npy,2026-10-05,2026-10-05 01:52:38.047841,7C0D65,DA42,DIAMOND AIRCRAFT INDUSTRIES INC.,DA 42,04b686c1dec303818333a823dea86669591a2b34efd8efd724eb57585ffe13ec,True,1
25945,21256,021026_ML.npy,2026-10-05,2026-10-05 01:52:45.749583,7C0D65,DA42,DIAMOND AIRCRAFT INDUSTRIES INC.,DA 42,517ef6fee9fa9b0dfb29f9d5839e6f8c012f36c086d70f47fd77945a4693cfa5,True,1
25946,21257,021026_ML.npy,2026-10-05,2026-10-05 01:52:46.852433,7C0D65,DA42,DIAMOND AIRCRAFT INDUSTRIES INC.,DA 42,07d29a4fd933c07cfd48b7f8d13d11a36b8e20a208c641cda8c7b8be9bfd0e7f,True,3
25953,21264,021026_ML.npy,2026-10-05,2026-10-05 01:53:29.476946,7C7AF8,DA40,DIAMOND AIRCRAFT INDUSTRIES INC.,DA 40,6e33238b859df09d713e8f3fd95773b6032a5ca193ae840fc9c64effba7af252,True,4
25971,21282,021026_ML.npy,2026-10-05,2026-10-05 01:54:00.587987,7C7AF8,DA40,DIAMOND AIRCRAFT INDUSTRIES INC.,DA 40,420b59f5ba52ba4578005a946c6def8864f9efd409e3b3c6043051cf608382f9,True,5
25972,21283,021026_ML.npy,2026-10-05,2026-10-05 01:54:51.368122,7C0D65,DA42,DIAMOND AIRCRAFT INDUSTRIES INC.,DA 42,784e40bf555b5cb9d99d941e9f9ffcc41a31a57e81de07ef714f8d14c7934f8e,True,5
25973,21284,021026_ML.npy,2026-10-05,2026-10-05 01:54:52.110343,7C0D65,DA42,DIAMOND AIRCRAFT INDUSTRIES INC.,DA 42,1922da086a9c405303172f8d45fecbde7d982c69df8ab99a1516be042752a612,True,3
25977,21288,021026_ML.npy,2026-10-05,2026-10-05 01:54:55.161938,7C0D65,DA42,DIAMOND AIRCRAFT INDUSTRIES INC.,DA 42,784e40bf555b5cb9d99d941e9f9ffcc41a31a57e81de07ef714f8d14c7934f8e,True,3
25978,21289,021026_ML.npy,2026-10-05,2026-10-05 01:54:55.569996,7C0D65,DA42,DIAMOND AIRCRAFT INDUSTRIES INC.,DA 42,6cbe5135f36b61942b47fcd55f0049194b966df7560f6a396fa7eeaa8b6ab050,True,3
25979,21290,021026_ML.npy,2026-10-05,2026-10-05 01:54:56.383309,7C0D65,DA42,DIAMOND AIRCRAFT INDUSTRIES INC.,DA 42,784e40bf555b5cb9d99d941e9f9ffcc41a31a57e81de07ef714f8d14c7934f8e,True,1
25980,21291,021026_ML.npy,2026-10-05,2026-10-05 01:54:56.480979,7C0D65,DA42,DIAMOND AIRCRAFT INDUSTRIES INC.,DA 42,428cd2e83aed4c699b34074a078073f5de933a09b67049a8363a828372ee5917,True,4
25981,21292,021026_ML.npy,2026-10-05,2026-10-05 01:54:56.924131,7C0D65,DA42,DIAMOND AIRCRAFT INDUSTRIES INC.,DA 42,a7ffd5ffe21c21a8b2f464ecfaead02830ec727c6e60214b72fc7a3b4f19e1e9,True,4
25986,21297,021026_ML.npy,2026-10-05,2026-10-05 01:55:00.374479,7C0D65,DA42,DIAMOND AIRCRAFT INDUSTRIES INC.,DA 42,d07b6a80392c9f89db982132505c0d38b860a713213837dc00bc71e1220e5d84,True,1
25988,21299,021026_ML.npy,2026-10-05,2026-10-05 01:55:03.317192,7C0D65,DA42,DIAMOND AIRCRAFT INDUSTRIES INC.,DA 42,887da02b43ad4ea099faf3c0b07ded42a686cea7f12747e80ca7a8ab415dd127,True,5
25994,21305,021026_ML.npy,2026-10-05,2026-10-05 01:55:09.999506,7C0D65,DA42,DIAMOND AIRCRAFT INDUSTRIES INC.,DA 42,784e40bf555b5cb9d99d941e9f9ffcc41a31a57e81de07ef714f8d14c7934f8e,True,2
26022,21333,021026_ML.npy,2026-10-05,2026-10-05 01:55:36.045440,7C7B55,DA40,DIAMOND AIRCRAFT INDUSTRIES INC.,DA 40,75c888b080942e2be71452163500f8f143f07ab324e9a69cf4b42e3366a839ac,True,1
26043,21354,021026_ML.npy,2026-10-05,2026-10-05 01:55:55.814218,7C7B55,DA40,DIAMOND AIRCRAFT INDUSTRIES INC.,DA 40,77f09ce5763952c162ea1c38ee9a90cc07658f7e98ce5cb5db7ab2e1a7926489,True,1
26056,21367,021026_ML.npy,2026-10-05,2026-10-05 01:56:27.380510,7C7B55,DA40,DIAMOND AIRCRAFT INDUSTRIES INC.,DA 40,de1e5853f44085976df41a50ecb5fd45ef12b05dc9f539c012383fcd84ea361b,True,2
26065,21376,021026_ML.npy,2026-10-05,2026-10-05 01:58:14.998129,7C0D65,DA42,DIAMOND AIRCRAFT INDUSTRIES INC.,DA 42,1b4812f0c3ba3f1aa7f739381e92f006479549e14129d3d72d2d4a1f6513668c,True,5
26074,21385,021026_ML.npy,2026-10-05,2026-10-05 01:58:22.919699,7C0D65,DA42,DIAMOND AIRCRAFT INDUSTRIES INC.,DA 42,ef4266ae168766ea64f2f7b4a831217c4deeb9ca196e42946517085fc6c5fe30,True,4
26076,21387,021026_ML.npy,2026-10-05,2026-10-05 01:58:25.548695,7C0D65,DA42,DIAMOND AIRCRAFT INDUSTRIES INC.,DA 42,a62d3f97344424d3f0be3759366b973558e7d434c568ed603e1eb38b4f60d903,True,2
26078,21389,021026_ML.npy,2026-10-05,2026-10-05 01:58:26.306473,7C7B5F,DA40,DIAMOND AIRCRAFT INDUSTRIES INC.,DA 40,8b3a8ce4c9a662ed227ffbf52fe3e27faafc7cadb2f0aa5b69249db408cd61af,True,1
26079,21390,021026_ML.npy,2026-10-05,2026-10-05 01:58:26.535497,7C0D65,DA42,DIAMOND AIRCRAFT INDUSTRIES INC.,DA 42,17ae578c68ea847c59d6af084f3ef7605d78f5d3c8daea880920017ceea18161,True,4
26088,21399,021026_ML.npy,2026-10-05,2026-10-05 01:58:35.131359,7C0D65,DA42,DIAMOND AIRCRAFT INDUSTRIES INC.,DA 42,71260bf9962081d234c052356c0f297492c599cfdcbb0aa5d295ffff2a22da54,True,2
26089,21400,021026_ML.npy,2026-10-05,2026-10-05 01:58:35.484246,7C7B5F,DA40,DIAMOND AIRCRAFT INDUSTRIES INC.,DA 40,c1f906e2a56dd48ea2ec9249d4120945ca18cffe8c7ad031cc5bfc4f1e467b18,True,4
26092,21403,021026_ML.npy,2026-10-05,2026-10-05 01:58:36.726349,7C0D65,DA42,DIAMOND AIRCRAFT INDUSTRIES INC.,DA 42,433e7d016e43a29c61cdfdc05002e2975cd1f5ee89d83e3e0655b6f92c60abf4,True,3
26093,21404,021026_ML.npy,2026-10-05,2026-10-05 01:58:38.381146,7C0D65,DA42,DIAMOND AIRCRAFT INDUSTRIES INC.,DA 42,6cbe5135f36b61942b47fcd55f0049194b966df7560f6a396fa7eeaa8b6ab050,True,4
26097,21408,021026_ML.npy,2026-10-05,2026-10-05 01:58:41.790423,7C0D65,DA42,DIAMOND AIRCRAFT INDUSTRIES INC.,DA 42,784e40bf555b5cb9d99d941e9f9ffcc41a31a57e81de07ef714f8d14c7934f8e,True,4
26098,21409,021026_ML.npy,2026-10-05,2026-10-05 01:58:42.571307,7C0D65,DA42,DIAMOND AIRCRAFT INDUSTRIES INC.,DA 42,ff55fd4413a3e1c595f590db207ab4d4c746482f8ecebb7423789a0b01b1846a,True,5
26103,21414,021026_ML.npy,2026-10-05,2026-10-05 01:58:50.044636,7C0D65,DA42,DIAMOND AIRCRAFT INDUSTRIES INC.,DA 42,fe2f860263564d7f4a6d7ffae007bef5655e6f3653c5ccb12a515f1b457adb80,True,2
26106,21417,021026_ML.npy,2026-10-05,2026-10-05 01:58:53.115820,7C0D65,DA42,DIAMOND AIRCRAFT INDUSTRIES INC.,DA 42,0bd3d87ac3e1334e27461b4dc03e0dc4e629022e4930c88c708c92da50f774e2,True,3
26108,21419,021026_ML.npy,2026-10-05,2026-10-05 01:58:53.573700,7C0D65,DA42,DIAMOND AIRCRAFT INDUSTRIES INC.,DA 42,944981f9fd0d6792abfae40089caa17b48de4f30f0a37177011f1dbbefccb61f,True,5
26110,21421,021026_ML.npy,2026-10-05,2026-10-05 01:58:54.599504,7C0D65,DA42,DIAMOND AIRCRAFT INDUSTRIES INC.,DA 42,38bbcbfe495851b37019248d5816397cec2f5e66f9e3c354527b4b254cb67458,True,4
26112,21423,021026_ML.npy,2026-10-05,2026-10-05 01:58:56.046054,7C0D65,DA42,DIAMOND AIRCRAFT INDUSTRIES INC.,DA 42,6cbe5135f36b61942b47fcd55f0049194b966df7560f6a396fa7eeaa8b6ab050,True,1
26122,21433,021026_ML.npy,2026-10-05,2026-10-05 01:59:02.177269,7C0D65,DA42,DIAMOND AIRCRAFT INDUSTRIES INC.,DA 42,433e7d016e43a29c61cdfdc05002e2975cd1f5ee89d83e3e0655b6f92c60abf4,True,1
26123,21434,021026_ML.npy,2026-10-05,2026-10-05 01:59:02.918443,7C0077,DA40,DIAMOND AIRCRAFT INDUSTRIES INC.,DA 40,06e075639f2b7856392052e8660a633ec2706a2eb53b502491f573b5b6545bfa,True,1
26124,21435,021026_ML.npy,2026-10-05,2026-10-05 01:59:03.133270,7C0D65,DA42,DIAMOND AIRCRAFT INDUSTRIES INC.,DA 42,55548d2c0386d1aee4d6ef2a68ffcbd14e31b7f7d60aaea125f851a794e689aa,True,5
26125,21436,021026_ML.npy,2026-10-05,2026-10-05 01:59:03.159195,7C0D65,DA42,DIAMOND AIRCRAFT INDUSTRIES INC.,DA 42,784e40bf555b5cb9d99d941e9f9ffcc41a31a57e81de07ef714f8d14c7934f8e,True,5
26126,21437,021026_ML.npy,2026-10-05,2026-10-05 01:59:04.144686,7C0D65,DA42,DIAMOND AIRCRAFT INDUSTRIES INC.,DA 42,1d35a918bc3a6be90cc49b918216970c8dc9444f4b5b32ca2d87adca6b5e78a5,True,5
26137,21448,021026_ML.npy,2026-10-05,2026-10-05 01:59:16.998771,7C0D65,DA42,DIAMOND AIRCRAFT INDUSTRIES INC.,DA 42,dac109a7e3caeb937639754c415f8ffc101fcb127398f04849e4bc5b541218c1,True,5
26145,21456,021026_ML.npy,2026-10-05,2026-10-05 01:59:28.354297,7C0077,DA40,DIAMOND AIRCRAFT INDUSTRIES INC.,DA 40,d97140d028ab37a26ecde97d26011eb7d00a9d1610e3196353fc56bdb73d5e6d,True,3
26148,21459,021026_ML.npy,2026-10-05,2026-10-05 01:59:38.449599,7C0077,DA40,DIAMOND AIRCRAFT INDUSTRIES INC.,DA 40,d97140d028ab37a26ecde97d26011eb7d00a9d1610e3196353fc56bdb73d5e6d,True,4
26150,21461,021026_ML.npy,2026-10-05,2026-10-05 01:59:41.349734,7C7AF8,DA40,DIAMOND AIRCRAFT INDUSTRIES INC.,DA 40,1217adcb94bf10d4fa4783183c5a650d3af77471b2fae3b1a520c8b3b7e05291,True,2
26152,21463,021026_ML.npy,2026-10-05,2026-10-05 01:59:46.158374,7C7AF8,DA40,DIAMOND AIRCRAFT INDUSTRIES INC.,DA 40,f1b5ab55afeafdd44252a4ecaef4724634e95e41822646a3c195a08eee67d0a4,True,1
26160,21471,021026_ML.npy,2026-10-05,2026-10-05 02:00:00.300174,7C7AF8,DA40,DIAMOND AIRCRAFT INDUSTRIES INC.,DA 40,451ea580bf325ecda28195c8e3b650d4dbfbf665932659ad9ccfee49653ef550,True,2
26166,21477,021026_ML.npy,2026-10-05,2026-10-05 02:00:11.476065,7C7AF8,DA40,DIAMOND AIRCRAFT INDUSTRIES INC.,DA 40,c33693a8934e2c5f54b09577c6c27e38943171dc871ecbd9738d92ba38fb2d86,True,5
26177,21488,021026_ML.npy,2026-10-05,2026-10-05 02:00:20.827111,7C7AF8,DA40,DIAMOND AIRCRAFT INDUSTRIES INC.,DA 40,137818498b2ac3b837a237d5cb89a0db96c2db046b45f522407b24486dfd01fa,True,3
26182,21493,021026_ML.npy,2026-10-05,2026-10-05 02:00:32.279899,7C7AF8,DA40,DIAMOND AIRCRAFT INDUSTRIES INC.,DA 40,e26b1832d389f8c0df5a2e975b469b9e8bda1d1cc8f696d2aa76fa23c5ff9ae4,True,4
26184,21495,021026_ML.npy,2026-10-05,2026-10-05 02:00:35.172713,7C7B56,DA40,DIAMOND AIRCRAFT INDUSTRIES INC.,DA 40,ed69e20f39267acd6ec3baec9458e6a1064eb9471bc6611470e948417bde0562,True,1
26201,21512,021026_ML.npy,2026-10-05,2026-10-05 02:00:46.765844,7C4E44,DA40,DIAMOND AIRCRAFT INDUSTRIES INC.,DA 40,9e2fe6b209ba630e8033a6c89ae8633146b3c2a87a1e6921cd9ed97a29cc408e,True,3
26205,21516,021026_ML.npy,2026-10-05,2026-10-05 02:00:48.745672,7C4E44,DA40,DIAMOND AIRCRAFT INDUSTRIES INC.,DA 40,4a8fb3a634e6af7a2eb5ad96088d6290ae77e51a9b420235651df41c845e99d4,True,1
26210,21521,021026_ML.npy,2026-10-05,2026-10-05 02:00:55.794726,7C4E44,DA40,DIAMOND AIRCRAFT INDUSTRIES INC.,DA 40,725873d5851d89abe4d1b24922ad86f2183e707a1ea29741ba80a6b0b3041e52,True,1
26213,21524,021026_ML.npy,2026-10-05,2026-10-05 02:00:58.408413,7C4E44,DA40,DIAMOND AIRCRAFT INDUSTRIES INC.,DA 40,bf4e4a253e277561946a4c84aeb987a29d8b1281d51fc9760cf83a26a28ba153,True,2
26268,21579,021026_ML.npy,2026-10-05,2026-10-05 02:02:06.273762,7C7AF0,DA40,DIAMOND AIRCRAFT INDUSTRIES INC.,DA 40,2110d2c66c76c698802924c10eb97691d91a65b9705d914e50d32075a96881ae,True,4
26276,21587,021026_ML.npy,2026-10-05,2026-10-05 02:02:14.383231,7C7AF0,DA40,DIAMOND AIRCRAFT INDUSTRIES INC.,DA 40,a0c975253152383730e6b4d3bd7e088239a40b453657ca3a25d563d22307dc5f,True,3
26282,21593,021026_ML.npy,2026-10-05,2026-10-05 02:02:28.349861,7C7AF0,DA40,DIAMOND AIRCRAFT INDUSTRIES INC.,DA 40,0213eb1ec646829277ad47f780ec0172bcfde2e334b08e109fd35e6ec9a22b5c,True,1
26286,21597,021026_ML.npy,2026-10-05,2026-10-05 02:02:41.916507,7C7B5F,DA40,DIAMOND AIRCRAFT INDUSTRIES INC.,DA 40,3ffdbc2026448737ba3bf1d7cd0defcc0dee6a5127c93e6a844e748e5e557a09,True,5
26295,21606,021026_ML.npy,2026-10-05,2026-10-05 02:02:57.369362,7C7B5F,DA40,DIAMOND AIRCRAFT INDUSTRIES INC.,DA 40,e9c82409312dc23217decc975042f85bb256c881653e50cee759d5612eb7051a,True,1
26310,21621,021026_ML.npy,2026-10-05,2026-10-05 02:04:13.024676,7C7AF8,DA40,DIAMOND AIRCRAFT INDUSTRIES INC.,DA 40,6805f2e84f2d70aaf59fc28e3e7d60a1495411948ae8fc574892092f51336ede,True,5
26325,21636,021026_ML.npy,2026-10-05,2026-10-05 02:04:36.660460,7C7AF8,DA40,DIAMOND AIRCRAFT INDUSTRIES INC.,DA 40,1217adcb94bf10d4fa4783183c5a650d3af77471b2fae3b1a520c8b3b7e05291,True,1
26345,21656,021026_ML.npy,2026-10-05,2026-10-05 02:04:55.034396,7C0077,DA40,DIAMOND AIRCRAFT INDUSTRIES INC.,DA 40,5e9488c6b587e748317dc205f06efdd95465db76bfc03e0cf576a991bbef3b1c,True,4
26347,21658,021026_ML.npy,2026-10-05,2026-10-05 02:05:12.850472,7C0077,DA40,DIAMOND AIRCRAFT INDUSTRIES INC.,DA 40,06e075639f2b7856392052e8660a633ec2706a2eb53b502491f573b5b6545bfa,True,2
26363,21674,021026_ML.npy,2026-10-05,2026-10-05 02:05:33.470487,7C7C2E,DA40,DIAMOND AIRCRAFT INDUSTRIES INC.,DA 40,96894151045d9dd4c840ee8e317d158a26d1bc25ff7068daef151caef5916e68,True,1
26373,21684,021026_ML.npy,2026-10-05,2026-10-05 02:05:39.800650,7C7C2E,DA40,DIAMOND AIRCRAFT INDUSTRIES INC.,DA 40,590602f5813f7719e941f3aedd77366c33210085616ad8dc30178c01db4fa4ad,True,3
26393,21704,021026_ML.npy,2026-10-05,2026-10-05 02:05:53.462826,7C7C2E,DA40,DIAMOND AIRCRAFT INDUSTRIES INC.,DA 40,abeaddba2263da889598051362381a6b32c7914492ecb7df9335cffba40aad05,True,1
26398,21709,021026_ML.npy,2026-10-05,2026-10-05 02:05:56.786143,7C7B56,DA40,DIAMOND AIRCRAFT INDUSTRIES INC.,DA 40,fa78248f17f10d379228f1ed7f427cbb4f01cf9ae73d4bba4beed8c0b6154ff0,True,4
26420,21731,021026_ML.npy,2026-10-05,2026-10-05 02:07:19.926811,7C7B5F,DA40,DIAMOND AIRCRAFT INDUSTRIES INC.,DA 40,20fbfc41edabe4ce154a7e37e0d4f848ac90c4ac7fdb4fcfa1f946e5ac2b53d6,True,5
26428,21739,021026_ML.npy,2026-10-05,2026-10-05 02:07:36.347199,7C7B5F,DA40,DIAMOND AIRCRAFT INDUSTRIES INC.,DA 40,9e1cae0b6798fdf921c091709012a3def7eca81088dae6ebcb2419602c10da7a,True,5
26429,21740,021026_ML.npy,2026-10-05,2026-10-05 02:07:36.799292,7C7B5F,DA40,DIAMOND AIRCRAFT INDUSTRIES INC.,DA 40,3417839ce6b0189b54a303122a2b8c76cee6093de14ef1a87eb7e16d858d0803,True,3
26433,21744,021026_ML.npy,2026-10-05,2026-10-05 02:07:45.530801,7C7B5F,DA40,DIAMOND AIRCRAFT INDUSTRIES INC.,DA 40,93066a9a1c300fba7917478535173107cc332e932e6aac12b4570071ccfcb775,True,3
26435,21746,021026_ML.npy,2026-10-05,2026-10-05 02:07:48.329003,7C7B5F,DA40,DIAMOND AIRCRAFT INDUSTRIES INC.,DA 40,8b3a8ce4c9a662ed227ffbf52fe3e27faafc7cadb2f0aa5b69249db408cd61af,True,5
26436,21747,021026_ML.npy,2026-10-05,2026-10-05 02:08:05.566984,7C444D,P28A,PIPER AIRCRAFT CORP,PA-28-181,8edd3d5711047c17dd6e16617692b8635f5f4ac2b9797acc99431fea0252133a,True,5
26437,21748,021026_ML.npy,2026-10-05,2026-10-05 02:08:09.072199,7C444D,P28A,PIPER AIRCRAFT CORP,PA-28-181,1a0caba767cde79c6a564fc473be7f2a2457051f71942dd1d75f1eb8109f6128,True,1
26438,21749,021026_ML.npy,2026-10-05,2026-10-05 02:08:10.068146,7C444D,P28A,PIPER AIRCRAFT CORP,PA-28-181,00f937f9d45bff8aff2265efacdc642f5726a445c0de9150b9f702ecb1569906,True,2
26439,21750,021026_ML.npy,2026-10-05,2026-10-05 02:08:10.805821,7C444D,P28A,PIPER AIRCRAFT CORP,PA-28-181,ff9c615ccec2e6fcd2e5338db0148a69e7b03de012c87718eb5cc1ed286d43f6,True,2
26440,21751,021026_ML.npy,2026-10-05,2026-10-05 02:08:14.491174,7C444D,P28A,PIPER AIRCRAFT CORP,PA-28-181,1e592d4168e2b7e993171982c428881de46f8403d1f54d9326eaf9cc6a82b8f5,True,2
26441,21752,021026_ML.npy,2026-10-05,2026-10-05 02:08:15.448423,7C444D,P28A,PIPER AIRCRAFT CORP,PA-28-181,19d4cbf1be481c9af7bcfc3db91ea9059e6b912dcf8b29f33f494ff04decd2ff,True,3
26442,21753,021026_ML.npy,2026-10-05,2026-10-05 02:08:16.346745,7C444D,P28A,PIPER AIRCRAFT CORP,PA-28-181,def5ec64a7284995c23c12f50ad349ca15605ee7a72a64e336e641911d986e76,True,3
26443,21754,021026_ML.npy,2026-10-05,2026-10-05 02:08:19.533902,7C444D,P28A,PIPER AIRCRAFT CORP,PA-28-181,7c0cfa0b2cc64bae46f15afb1d85df76685e51a0a71d5a1fc15575c6e247d2f1,True,1
26444,21755,021026_ML.npy,2026-10-05,2026-10-05 02:08:20.267733,7C444D,P28A,PIPER AIRCRAFT CORP,PA-28-181,529172c36ef36e82e3e1a99aaa89ba314d38daf63c5221ecaef3d8eb652c7fcb,True,3
26445,21756,021026_ML.npy,2026-10-05,2026-10-05 02:08:20.617342,7C444D,P28A,PIPER AIRCRAFT CORP,PA-28-181,183726769a235dd25613fb6e6f68738136f6c2200c76e4e195012dca1de0d572,True,3
26446,21757,021026_ML.npy,2026-10-05,2026-10-05 02:08:25.582344,7C444D,P28A,PIPER AIRCRAFT CORP,PA-28-181,d8ca3e90afb3bc1d4dca52ed572384b0662a75fc6da6c43081f935eb45116e9f,True,1
26447,21758,021026_ML.npy,2026-10-05,2026-10-05 02:08:26.620450,7C444D,P28A,PIPER AIRCRAFT CORP,PA-28-181,bdbea92283397c39fbb177d0e95a1912f7416a11383c2ccf93c282201996d94c,True,2
26448,21759,021026_ML.npy,2026-10-05,2026-10-05 02:08:27.592064,7C444D,P28A,PIPER AIRCRAFT CORP,PA-28-181,7035e0c41bea2b154e006f3679058a735c2d652c643fbea130ee949eb5a977b9,True,1
26449,21760,021026_ML.npy,2026-10-05,2026-10-05 02:08:29.187698,7C444D,P28A,PIPER AIRCRAFT CORP,PA-28-181,a99b65829b1ce7a559cfa06f8495616583b5508c7c33ae30dd84ae09a09dfe87,True,2
26450,21761,021026_ML.npy,2026-10-05,2026-10-05 02:08:30.585624,7C444D,P28A,PIPER AIRCRAFT CORP,PA-28-181,859af97c7d15a67d5730546ae3def195b545879533424de16e0996bab21eecc3,True,4
26451,21762,021026_ML.npy,2026-10-05,2026-10-05 02:08:31.519190,7C444D,P28A,PIPER AIRCRAFT CORP,PA-28-181,bdbea92283397c39fbb177d0e95a1912f7416a11383c2ccf93c282201996d94c,True,3
26452,21763,021026_ML.npy,2026-10-05,2026-10-05 02:08:32.680954,7C444D,P28A,PIPER AIRCRAFT CORP,PA-28-181,721a29205d19c9734f5c6955402dc4c1a1837a464e8277b75f35045475f23f05,True,1
26453,21764,021026_ML.npy,2026-10-05,2026-10-05 02:08:32.873187,7C444D,P28A,PIPER AIRCRAFT CORP,PA-28-181,b82576bef044e1a4a5dc05f31c845e8cfa73fe30cfc41174570b8b292085dbac,True,3
26454,21765,021026_ML.npy,2026-10-05,2026-10-05 02:08:32.993056,7C444D,P28A,PIPER AIRCRAFT CORP,PA-28-181,0a712d93c3b436632b6313eca8379ae14858b33e3b9968582f2fdcbbff01ea49,True,3
26455,21766,021026_ML.npy,2026-10-05,2026-10-05 02:08:33.052945,7C444D,P28A,PIPER AIRCRAFT CORP,PA-28-181,d8ca3e90afb3bc1d4dca52ed572384b0662a75fc6da6c43081f935eb45116e9f,True,2
26456,21767,021026_ML.npy,2026-10-05,2026-10-05 02:08:34.086634,7C444D,P28A,PIPER AIRCRAFT CORP,PA-28-181,f6d1b68d67da3a9adb4f66e2873a4f7b0dbf9487c9a45f00a7788513bb04afaa,True,4
26457,21768,021026_ML.npy,2026-10-05,2026-10-05 02:08:37.371646,7C444D,P28A,PIPER AIRCRAFT CORP,PA-28-181,5ad4937746403e774cbe90f7bef697ec3062e0c12dcf9ffdfeda890fc0de30f3,True,4
26458,21769,021026_ML.npy,2026-10-05,2026-10-05 02:08:44.212296,7C444D,P28A,PIPER AIRCRAFT CORP,PA-28-181,fea1c4518de23ecf6c917a3945f026c07864bec43a9c20ed997bb80bce28d793,True,5
26464,21775,021026_ML.npy,2026-10-05,2026-10-05 02:08:53.070209,7C444D,P28A,PIPER AIRCRAFT CORP,PA-28-181,0a712d93c3b436632b6313eca8379ae14858b33e3b9968582f2fdcbbff01ea49,True,5
26481,21792,021026_ML.npy,2026-10-05,2026-10-05 02:09:21.260883,7C7B61,DA40,DIAMOND AIRCRAFT INDUSTRIES INC.,DA 40,1a7ac9602424537d55361b91153f18b222c1f3d6a57c5f7814f6cb6301815f76,True,1
26492,21803,021026_ML.npy,2026-10-05,2026-10-05 02:09:34.357868,7C7AF8,DA40,DIAMOND AIRCRAFT INDUSTRIES INC.,DA 40,c478ce2397d2cd30d1b3f8e87d43be34e4f87ddb7cb48f9785f83f17fae35762,True,1
26521,21832,021026_ML.npy,2026-10-05,2026-10-05 02:10:03.478819,7C0077,DA40,DIAMOND AIRCRAFT INDUSTRIES INC.,DA 40,e389bb87af35970b37a737cb96215e20092bba0bbf14abbbdb50161987e1413e,True,2
26533,21844,021026_ML.npy,2026-10-05,2026-10-05 02:10:12.950201,7C7AF8,DA40,DIAMOND AIRCRAFT INDUSTRIES INC.,DA 40,6de957fcdcce541f6ec76f6bd7e215de45626bb894d17dce67c492bce4edab5a,True,5
26541,21852,021026_ML.npy,2026-10-05,2026-10-05 02:10:17.503136,7C0077,DA40,DIAMOND AIRCRAFT INDUSTRIES INC.,DA 40,8e97d68d6a8e3a38d236f11eed83b55ea3118847bfc0be86280c8b1a94352152,True,4
26559,21870,021026_ML.npy,2026-10-05,2026-10-05 02:10:31.197854,7C7144,C172,CESSNA AIRCRAFT COMPANY,172N,aabc73835c734c5234d3e371c4e73fb56655e5d2343a523de477f405b858da1c,True,2
26565,21876,021026_ML.npy,2026-10-05,2026-10-05 02:10:38.655720,7C7144,C172,CESSNA AIRCRAFT COMPANY,172N,f31a0bfbdeebe9c650c90c82c7e988f907a2c3f73817c1db6a05387fbf13a8e8,True,1
26567,21878,021026_ML.npy,2026-10-05,2026-10-05 02:10:39.581599,7C7144,C172,CESSNA AIRCRAFT COMPANY,172N,6684cc73cfd7807d42c99e8da9e6fa805dad59a3bbe986d5cdda937228478297,True,4
26573,21884,021026_ML.npy,2026-10-05,2026-10-05 02:10:45.156860,7C7144,C172,CESSNA AIRCRAFT COMPANY,172N,20705c3cf280e5f8574c50e896bb4dc220d0d271304bd878266eeaf3dd1d2cd8,True,1
26574,21885,021026_ML.npy,2026-10-05,2026-10-05 02:10:46.043345,7C7144,C172,CESSNA AIRCRAFT COMPANY,172N,5cc2fc6d0d444194d5b58d392861f827b28ffde7afdb77bca5d66534d8e8fc71,True,5
26575,21886,021026_ML.npy,2026-10-05,2026-10-05 02:10:48.153538,7C7144,C172,CESSNA AIRCRAFT COMPANY,172N,25ecffd02a618058de3b2945417e026c76c8237f5d9bff411fb8d6879bd15d24,True,5
26576,21887,021026_ML.npy,2026-10-05,2026-10-05 02:10:48.401913,7C7144,C172,CESSNA AIRCRAFT COMPANY,172N,e383c2d365060cf2a3ae3c6de816d558523a3a017177875e1d59ac7919fe1630,True,1
26587,21898,021026_ML.npy,2026-10-05,2026-10-05 02:11:03.435958,7C7144,C172,CESSNA AIRCRAFT COMPANY,172N,45e05af6090e57359a3879170409dd290f925c8ba59866031f72f9878aa624e5,True,4
26589,21900,021026_ML.npy,2026-10-05,2026-10-05 02:11:07.625222,7C7144,C172,CESSNA AIRCRAFT COMPANY,172N,e9e37e4aa7075fde21fa0673d04e534cfadc58c526c9ca2c65cf9c96c6105bdf,True,2
26591,21902,021026_ML.npy,2026-10-05,2026-10-05 02:11:09.528128,7C7144,C172,CESSNA AIRCRAFT COMPANY,172N,55fee184a121241e11819307ef00e1d0a6ab59f2d596f9092591362d05306fa6,True,2
26595,21906,021026_ML.npy,2026-10-05,2026-10-05 02:11:15.804314,7C7144,C172,CESSNA AIRCRAFT COMPANY,172N,2e6f140ceaaeec00787f02cb5be5400ffa9671ed8d6f8e0f12d38af4e943e881,True,2
26596,21907,021026_ML.npy,2026-10-05,2026-10-05 02:11:18.361332,7C7144,C172,CESSNA AIRCRAFT COMPANY,172N,0ad012186e0e33713747b23a9f077829f27369ee4de7daf9e2cf9b3514bee6db,True,1
26602,21913,021026_ML.npy,2026-10-05,2026-10-05 02:11:34.940868,7C7144,C172,CESSNA AIRCRAFT COMPANY,172N,7fcbc1e96791f9031c7498cfe829d0c7084e43fe0ed28cde56a0e8ae5b22eec0,True,4
26608,21919,021026_ML.npy,2026-10-05,2026-10-05 02:11:46.404584,7C7144,C172,CESSNA AIRCRAFT COMPANY,172N,06f9bd7bcf0d7857b806d98467efb8e9cb5731fcf63cd2906c28ad83bd994dca,True,1
26624,21935,021026_ML.npy,2026-10-05,2026-10-05 02:12:04.880568,7C7B5F,DA40,DIAMOND AIRCRAFT INDUSTRIES INC.,DA 40,50a65c03be833d78d7bcb6a393a1d192d64105c85f1c923735ae89343219875f,True,3
26641,21952,021026_ML.npy,2026-10-05,2026-10-05 02:13:41.903201,7C444D,P28A,PIPER AIRCRAFT CORP,PA-28-181,bdbea92283397c39fbb177d0e95a1912f7416a11383c2ccf93c282201996d94c,True,1
26642,21953,021026_ML.npy,2026-10-05,2026-10-05 02:13:42.205076,7C444D,P28A,PIPER AIRCRAFT CORP,PA-28-181,dfee27fce72222b301fcb6445bf3df2d0a5ffd2ae2036c6a94dee9d8d2157d9f,True,2
26643,21954,021026_ML.npy,2026-10-05,2026-10-05 02:13:42.670974,7C444D,P28A,PIPER AIRCRAFT CORP,PA-28-181,5a0815383ae22602d4e75e19486f557d0749b506d7609929679e210c55249a78,True,5
26644,21955,021026_ML.npy,2026-10-05,2026-10-05 02:13:47.422109,7C444D,P28A,PIPER AIRCRAFT CORP,PA-28-181,0a712d93c3b436632b6313eca8379ae14858b33e3b9968582f2fdcbbff01ea49,True,2
26645,21956,021026_ML.npy,2026-10-05,2026-10-05 02:13:51.688852,7C444D,P28A,PIPER AIRCRAFT CORP,PA-28-181,d8ca3e90afb3bc1d4dca52ed572384b0662a75fc6da6c43081f935eb45116e9f,True,5
26646,21957,021026_ML.npy,2026-10-05,2026-10-05 02:13:54.042152,7C444D,P28A,PIPER AIRCRAFT CORP,PA-28-181,9918988c350df88c9a2eb407a9654ffb1303dc5e6f970b206ab488dae2acd901,True,5
26647,21958,021026_ML.npy,2026-10-05,2026-10-05 02:13:55.406077,7C444D,P28A,PIPER AIRCRAFT CORP,PA-28-181,9918988c350df88c9a2eb407a9654ffb1303dc5e6f970b206ab488dae2acd901,True,2
26648,21959,021026_ML.npy,2026-10-05,2026-10-05 02:13:55.815897,7C444D,P28A,PIPER AIRCRAFT CORP,PA-28-181,9918988c350df88c9a2eb407a9654ffb1303dc5e6f970b206ab488dae2acd901,True,5
26649,21960,021026_ML.npy,2026-10-05,2026-10-05 02:13:56.673587,7C444D,P28A,PIPER AIRCRAFT CORP,PA-28-181,d8ca3e90afb3bc1d4dca52ed572384b0662a75fc6da6c43081f935eb45116e9f,True,1
26650,21961,021026_ML.npy,2026-10-05,2026-10-05 02:13:56.689723,7C444D,P28A,PIPER AIRCRAFT CORP,PA-28-181,bdbea92283397c39fbb177d0e95a1912f7416a11383c2ccf93c282201996d94c,True,1
26651,21962,021026_ML.npy,2026-10-05,2026-10-05 02:13:57.341638,7C444D,P28A,PIPER AIRCRAFT CORP,PA-28-181,7ef672dc8d4b97b873af6edb98d9cca84c0e77f9509145f1876a4f9277a6dac7,True,3
26652,21963,021026_ML.npy,2026-10-05,2026-10-05 02:14:00.075080,7C444D,P28A,PIPER AIRCRAFT CORP,PA-28-181,987e54e30b91b468c6d9a8794b53851b55b957333c49cdc04cd3b297ce65ccee,True,3
26653,21964,021026_ML.npy,2026-10-05,2026-10-05 02:14:00.944411,7C444D,P28A,PIPER AIRCRAFT CORP,PA-28-181,e3e639a9b060a91be752c219b5f6aa62db0aef757606d8d7f581b2e75eb8f777,True,5
26654,21965,021026_ML.npy,2026-10-05,2026-10-05 02:14:02.400273,7C444D,P28A,PIPER AIRCRAFT CORP,PA-28-181,1066b7aad1fabe4d5d81c06e37a1dd3759c4430747464d81c9809072156b4f98,True,5
26655,21966,021026_ML.npy,2026-10-05,2026-10-05 02:14:03.678340,7C444D,P28A,PIPER AIRCRAFT CORP,PA-28-181,a1038b859ff39088476246024391548ddb4b2bdb4b2ae97f89a15a8eb941560a,True,5
26656,21967,021026_ML.npy,2026-10-05,2026-10-05 02:14:07.723321,7C444D,P28A,PIPER AIRCRAFT CORP,PA-28-181,0a712d93c3b436632b6313eca8379ae14858b33e3b9968582f2fdcbbff01ea49,True,1
26657,21968,021026_ML.npy,2026-10-05,2026-10-05 02:14:07.898895,7C444D,P28A,PIPER AIRCRAFT CORP,PA-28-181,362883891afdbca341f8ea4ff0491153e30328602f2a825af12986dcc9ec768c,True,2
26658,21969,021026_ML.npy,2026-10-05,2026-10-05 02:14:09.012667,7C444D,P28A,PIPER AIRCRAFT CORP,PA-28-181,7e864f12696b480fc3bbedab99117a00c750c08b23240d62a60a68e98a28a697,True,4
26659,21970,021026_ML.npy,2026-10-05,2026-10-05 02:14:09.970339,7C444D,P28A,PIPER AIRCRAFT CORP,PA-28-181,9c0afa5076623c7e8a60d30c93dc9d7f1590932fb86071a4ee03fbb6b43be952,True,3
26660,21971,021026_ML.npy,2026-10-05,2026-10-05 02:14:19.164239,7C444D,P28A,PIPER AIRCRAFT CORP,PA-28-181,d8ca3e90afb3bc1d4dca52ed572384b0662a75fc6da6c43081f935eb45116e9f,True,1
26669,21980,021026_ML.npy,2026-10-05,2026-10-05 02:14:57.683219,7C7B61,DA40,DIAMOND AIRCRAFT INDUSTRIES INC.,DA 40,5bf8cd6740b1910685ebc1645c08aa6ebfe453087922b01d39bed7a7a87792fe,True,2
26672,21983,021026_ML.npy,2026-10-05,2026-10-05 02:14:58.638040,7C7AF8,DA40,DIAMOND AIRCRAFT INDUSTRIES INC.,DA 40,d7b9179c8b6268a8df711d53b9b2abe233716d6c2920a651decc88fe2482c85f,True,1
26678,21989,021026_ML.npy,2026-10-05,2026-10-05 02:15:03.477202,7C7B61,DA40,DIAMOND AIRCRAFT INDUSTRIES INC.,DA 40,9ad45d2bd268ea0b4dd866a4107f77ddf49d204b33db3f83ae7a6000b64f5d2a,True,4
26681,21992,021026_ML.npy,2026-10-05,2026-10-05 02:15:08.109218,7C444D,P28A,PIPER AIRCRAFT CORP,PA-28-181,f807c051a71b1fb6c440b8174ed66114b615f89d1aa8c63ba1f9ae4138d4e6d1,True,1
26689,22000,021026_ML.npy,2026-10-05,2026-10-05 02:15:11.199365,7C7AF8,DA40,DIAMOND AIRCRAFT INDUSTRIES INC.,DA 40,0bf34d523eb3967b97c604548c9c26e97e97e6b9cc8adab4d0671c2afbce2e56,True,5
26698,22009,021026_ML.npy,2026-10-05,2026-10-05 02:15:18.476176,7C7B61,DA40,DIAMOND AIRCRAFT INDUSTRIES INC.,DA 40,1aa98a3bc49e7d546c7eaeda1c7d8d8b38d26fb9810b54ce1b6ac43724696c9f,True,1
26721,22032,021026_ML.npy,2026-10-05,2026-10-05 02:16:19.032352,7C0077,DA40,DIAMOND AIRCRAFT INDUSTRIES INC.,DA 40,4b0456ee26864a6111d139ceda48a5fb1d4ccb1404f0188c599ba517d878dd6c,True,1
26754,22065,021026_ML.npy,2026-10-05,2026-10-05 02:16:45.269685,7C0077,DA40,DIAMOND AIRCRAFT INDUSTRIES INC.,DA 40,f7320f886c400d83cca085ae24c09c580b701001cac0d7359fdbd1ffe2062215,True,3
26755,22066,021026_ML.npy,2026-10-05,2026-10-05 02:16:45.760928,7C0077,DA40,DIAMOND AIRCRAFT INDUSTRIES INC.,DA 40,d97140d028ab37a26ecde97d26011eb7d00a9d1610e3196353fc56bdb73d5e6d,True,4
26757,22068,021026_ML.npy,2026-10-05,2026-10-05 02:16:45.938291,7C0077,DA40,DIAMOND AIRCRAFT INDUSTRIES INC.,DA 40,7579e801907cbbb855389768dc82dd8e5856b03a071115ee64f0558dd9e0cf78,True,2
26766,22077,021026_ML.npy,2026-10-05,2026-10-05 02:19:09.367101,7C444D,P28A,PIPER AIRCRAFT CORP,PA-28-181,d0c3245a6429728b0ccd8bf422650ef7cd569a8aa0cf0b492dd14ddca80f4dec,True,4
26767,22078,021026_ML.npy,2026-10-05,2026-10-05 02:19:10.464958,7C444D,P28A,PIPER AIRCRAFT CORP,PA-28-181,a9efc489f3c9b1e3aab58f545aebfe26e3be0678c0b02a99b48ef7b058aa326f,True,1
26768,22079,021026_ML.npy,2026-10-05,2026-10-05 02:19:12.138535,7C444D,P28A,PIPER AIRCRAFT CORP,PA-28-181,0a712d93c3b436632b6313eca8379ae14858b33e3b9968582f2fdcbbff01ea49,True,4
26769,22080,021026_ML.npy,2026-10-05,2026-10-05 02:19:12.880424,7C444D,P28A,PIPER AIRCRAFT CORP,PA-28-181,6a7334c38dc4e0c064a3a15a2998ec9c4450c594f433754306ef691508832e7d,True,5
26770,22081,021026_ML.npy,2026-10-05,2026-10-05 02:19:13.820149,7C444D,P28A,PIPER AIRCRAFT CORP,PA-28-181,42b804f0f70e98a071ecfbc227e504be4841db084a5526084f43f0166dd1c531,True,1
26771,22082,021026_ML.npy,2026-10-05,2026-10-05 02:19:17.213498,7C444D,P28A,PIPER AIRCRAFT CORP,PA-28-181,c06b6a6392b7f8b0ec1c864bf54a839675a45ee4f6a45e6636e10343e3efcadd,True,2
26772,22083,021026_ML.npy,2026-10-05,2026-10-05 02:19:20.084823,7C444D,P28A,PIPER AIRCRAFT CORP,PA-28-181,d8ca3e90afb3bc1d4dca52ed572384b0662a75fc6da6c43081f935eb45116e9f,True,4
26773,22084,021026_ML.npy,2026-10-05,2026-10-05 02:19:21.656426,7C444D,P28A,PIPER AIRCRAFT CORP,PA-28-181,6ee962c8f5750786f86a14ad7953b06df85ab76a8b5a6027793368a1eefa8cf9,True,2
26774,22085,021026_ML.npy,2026-10-05,2026-10-05 02:19:24.123518,7C444D,P28A,PIPER AIRCRAFT CORP,PA-28-181,3f3354a49aa8f517199e48be307eef683d132827ed5812bb00c7fdca779249c4,True,5
26775,22086,021026_ML.npy,2026-10-05,2026-10-05 02:19:25.025593,7C444D,P28A,PIPER AIRCRAFT CORP,PA-28-181,bc43df5d1a4c7711b306d39f54f70763813abcf81909ea8e5231ec915028019b,True,2
26776,22087,021026_ML.npy,2026-10-05,2026-10-05 02:19:25.119731,7C444D,P28A,PIPER AIRCRAFT CORP,PA-28-181,d8ca3e90afb3bc1d4dca52ed572384b0662a75fc6da6c43081f935eb45116e9f,True,4
26777,22088,021026_ML.npy,2026-10-05,2026-10-05 02:19:27.363242,7C444D,P28A,PIPER AIRCRAFT CORP,PA-28-181,0a712d93c3b436632b6313eca8379ae14858b33e3b9968582f2fdcbbff01ea49,True,4
26778,22089,021026_ML.npy,2026-10-05,2026-10-05 02:19:33.327696,7C444D,P28A,PIPER AIRCRAFT CORP,PA-28-181,25bdb10d30e4a8290cacd26c8454df1c89ed072f216e3c847da0f7e0dc749681,True,1
26779,22090,021026_ML.npy,2026-10-05,2026-10-05 02:19:34.317622,7C444D,P28A,PIPER AIRCRAFT CORP,PA-28-181,fa7c61bc1f7ec758f0d14dcc257aa9559f4dbfe8f6972191f955c1f73c965382,True,2
26780,22091,021026_ML.npy,2026-10-05,2026-10-05 02:19:34.821012,7C444D,P28A,PIPER AIRCRAFT CORP,PA-28-181,8ae927508ab124b4211536b198b77041e0f47f93f6c901d6812edc36dd8f781d,True,2
26781,22092,021026_ML.npy,2026-10-05,2026-10-05 02:19:37.660579,7C444D,P28A,PIPER AIRCRAFT CORP,PA-28-181,d8ca3e90afb3bc1d4dca52ed572384b0662a75fc6da6c43081f935eb45116e9f,True,3
26782,22093,021026_ML.npy,2026-10-05,2026-10-05 02:19:38.372718,7C444D,P28A,PIPER AIRCRAFT CORP,PA-28-181,eb8a339f037bf26a300ea8b4a8b988713a49eff84ff522a4ee5ba13c44b01251,True,1
26783,22094,021026_ML.npy,2026-10-05,2026-10-05 02:19:41.677481,7C444D,P28A,PIPER AIRCRAFT CORP,PA-28-181,1a7f71f272b7b440bbbf6164912de277928ec35ccb4bf21746000620015cf5ec,True,5
26784,22095,021026_ML.npy,2026-10-05,2026-10-05 02:19:44.960974,7C444D,P28A,PIPER AIRCRAFT CORP,PA-28-181,586733db13925a73750cd65e0c516198f08eea1489614afae8a22f6f40598df7,True,4
26788,22099,021026_ML.npy,2026-10-05,2026-10-05 02:20:02.575168,7C7B61,DA40,DIAMOND AIRCRAFT INDUSTRIES INC.,DA 40,5bf8cd6740b1910685ebc1645c08aa6ebfe453087922b01d39bed7a7a87792fe,True,4
26822,22133,021026_ML.npy,2026-10-05,2026-10-05 02:22:08.586638,7C0077,DA40,DIAMOND AIRCRAFT INDUSTRIES INC.,DA 40,bedd3483b83f3c46b1697488b85fbcf674e875478b5e7cd819fb387ea118d09b,True,5
26830,22141,021026_ML.npy,2026-10-05,2026-10-05 02:23:21.960805,7C7C31,DA40,DIAMOND AIRCRAFT INDUSTRIES INC.,DA 40,1726d68eaf928dafce76b43a091e33ee56112afca17515e6bff82923d9506df2,True,2
26837,22148,021026_ML.npy,2026-10-05,2026-10-05 02:23:28.560522,7C7C31,DA40,DIAMOND AIRCRAFT INDUSTRIES INC.,DA 40,ba6480fc85289f6b5ab76b4877a65f93fde1778cff2590ab3ecf0d2d3be29379,True,4
26840,22151,021026_ML.npy,2026-10-05,2026-10-05 02:23:29.527011,7C7C31,DA40,DIAMOND AIRCRAFT INDUSTRIES INC.,DA 40,b0bb3d9cf7f4242202823c3d99286b3d0afd18f943a09073c2cc90ec39fa67ae,True,4
26853,22164,021026_ML.npy,2026-10-05,2026-10-05 02:23:39.326056,7C7C31,DA40,DIAMOND AIRCRAFT INDUSTRIES INC.,DA 40,4fe31414beb62dc3607a36ef172977a73a59a82b9df421ae9fb7d0d3bf89e128,True,4
26892,22203,021026_ML.npy,2026-10-05,2026-10-05 02:26:47.560610,7C7B61,DA40,DIAMOND AIRCRAFT INDUSTRIES INC.,DA 40,551c8b6b92152988894e017e53c1824363cbe98096e14e069f3780a11429e14b,True,5
26906,22217,021026_ML.npy,2026-10-05,2026-10-05 02:27:44.907285,7C0077,DA40,DIAMOND AIRCRAFT INDUSTRIES INC.,DA 40,290a52c55fd840b0fb72092a4f4ae7e145c569210a1e6e443fa2b7096911d84e,True,2
26911,22222,021026_ML.npy,2026-10-05,2026-10-05 02:27:55.076590,7C0077,DA40,DIAMOND AIRCRAFT INDUSTRIES INC.,DA 40,06e075639f2b7856392052e8660a633ec2706a2eb53b502491f573b5b6545bfa,True,2
26917,22228,021026_ML.npy,2026-10-05,2026-10-05 02:28:05.487027,7C1689,DA40,DIAMOND AIRCRAFT INDUSTRIES INC.,DA 40,f753f0553280ceeb28125515e1c53a39a785ce71c0ec8e7112f4767a93f55a1a,True,2
26934,22245,021026_ML.npy,2026-10-05,2026-10-05 02:28:31.628798,7C1689,DA40,DIAMOND AIRCRAFT INDUSTRIES INC.,DA 40,6f6c64e0b779ffb6a66e7a2b8feb2962bc47f7718cd136cd2c16ef085235b437,True,5
26956,22267,021026_ML.npy,2026-10-05,2026-10-05 02:33:07.515547,7C0077,DA40,DIAMOND AIRCRAFT INDUSTRIES INC.,DA 40,85ca5739b78bc7bc778f0920a157fc3398270f7aa8b0188c67e7c3fce25a3c08,True,5
26965,22276,021026_ML.npy,2026-10-05,2026-10-05 02:33:26.572339,7C0077,DA40,DIAMOND AIRCRAFT INDUSTRIES INC.,DA 40,b47e1e01c7efde6bea23bc140a2788a5793b050e7e03743007fe368086b45299,True,5
27010,22321,021026_ML.npy,2026-10-05,2026-10-05 02:47:11.413588,7C4E44,DA40,DIAMOND AIRCRAFT INDUSTRIES INC.,DA 40,642b05f775a26f28c97c2573638117459f4979d4198bc0e241a8a5eaf0476d49,True,5
27018,22329,021026_ML.npy,2026-10-05,2026-10-05 02:47:24.442711,7C4E44,DA40,DIAMOND AIRCRAFT INDUSTRIES INC.,DA 40,527da4b970192aca572917a259741d21da121d2512c499b095eb4dfa55610087,True,4
27026,22337,021026_ML.npy,2026-10-05,2026-10-05 02:47:32.637595,7C4E44,DA40,DIAMOND AIRCRAFT INDUSTRIES INC.,DA 40,765810872f2bd9433fd0fe02f00e8a712eeaa980af3dfb83b964e94032f95fb2,True,2
27042,22353,021026_ML.npy,2026-10-05,2026-10-05 02:48:17.116815,7C41FD,DA40,DIAMOND AIRCRAFT INDUSTRIES INC.,DA 40,bd315b0094a09ad4a2ca8da2d58377ba2a71d64b847cd2c56f7839e07e34b9d7,True,3
27043,22354,021026_ML.npy,2026-10-05,2026-10-05 02:48:17.120463,7C41FD,DA40,DIAMOND AIRCRAFT INDUSTRIES INC.,DA 40,bd01258d62db40d616df58e7cd2ae7ddc1c449343544404e864896e3cb622369,True,4
27045,22356,021026_ML.npy,2026-10-05,2026-10-05 02:48:21.788982,7C41FD,DA40,DIAMOND AIRCRAFT INDUSTRIES INC.,DA 40,0f3afea4a91f4aa956c7011abd208e12947d245242fa8c1b1bd3712bc450ef39,True,5
27054,22365,021026_ML.npy,2026-10-05,2026-10-05 02:48:24.404965,7C41FD,DA40,DIAMOND AIRCRAFT INDUSTRIES INC.,DA 40,ca3c431819122b2a9e842a54a6e771d97c78dfd9bf3576dcd5186f0cefafb50c,True,3
27064,22375,021026_ML.npy,2026-10-05,2026-10-05 02:48:32.129141,7C41FD,DA40,DIAMOND AIRCRAFT INDUSTRIES INC.,DA 40,77e6aa456cba7ddf5469c183431d30e1f9e9bb83e235be8ab8d9f1f8ea583f76,True,2
27088,22399,021026_ML.npy,2026-10-05,2026-10-05 02:48:47.794504,7C0D65,DA42,DIAMOND AIRCRAFT INDUSTRIES INC.,DA 42,8e13c66078c9f46a42fdab62b73786d3e456ddd6be4f6ab7e32489400edb2644,True,1
27089,22400,021026_ML.npy,2026-10-05,2026-10-05 02:48:48.591188,7C0D65,DA42,DIAMOND AIRCRAFT INDUSTRIES INC.,DA 42,a35d21120346df7efb7624fd9fefd2c2f2672566c7a53cbe20a73d9b07dd5c18,True,1
27093,22404,021026_ML.npy,2026-10-05,2026-10-05 02:48:49.051642,7C0D65,DA42,DIAMOND AIRCRAFT INDUSTRIES INC.,DA 42,8e13c66078c9f46a42fdab62b73786d3e456ddd6be4f6ab7e32489400edb2644,True,1
27098,22409,021026_ML.npy,2026-10-05,2026-10-05 02:48:50.184628,7C0D65,DA42,DIAMOND AIRCRAFT INDUSTRIES INC.,DA 42,4da9b04ebcf2e30a5a7563185efbf69bfb856072076ea0e56ccfbbb7b5752c34,True,5
27102,22413,021026_ML.npy,2026-10-05,2026-10-05 02:48:53.554763,7C0D65,DA42,DIAMOND AIRCRAFT INDUSTRIES INC.,DA 42,0a14b6c526121db1544f38e80904aa654a5db8ec9d71ef4fad4acf3d2504acfb,True,1
27108,22419,021026_ML.npy,2026-10-05,2026-10-05 02:49:01.355270,7C0D65,DA42,DIAMOND AIRCRAFT INDUSTRIES INC.,DA 42,a7fdea5380e3eb1756b108a278077fc9b984a5b87b43cf398c2829292d4fedcd,True,4
27117,22428,021026_ML.npy,2026-10-05,2026-10-05 02:49:07.504990,7C41FD,DA40,DIAMOND AIRCRAFT INDUSTRIES INC.,DA 40,46d2ebc9cc73c22ae3155f7a5db859369187a503130c4c53a58d0564f37af3c8,True,1
27121,22432,021026_ML.npy,2026-10-05,2026-10-05 02:49:12.139105,7C0D65,DA42,DIAMOND AIRCRAFT INDUSTRIES INC.,DA 42,5313552cd581f275f44fd6a812fe12f0b9c4b39aa4f8911b975b4c191fe27e6d,True,5
27122,22433,021026_ML.npy,2026-10-05,2026-10-05 02:49:13.063005,7C0D65,DA42,DIAMOND AIRCRAFT INDUSTRIES INC.,DA 42,8d52840fb8834e2ad04bd7ba8be026f4b253af502cbdbbff0ef5ed96ae047b78,True,3
27123,22434,021026_ML.npy,2026-10-05,2026-10-05 02:49:16.319994,7C0D65,DA42,DIAMOND AIRCRAFT INDUSTRIES INC.,DA 42,8b9ff204b2294bc0691b7f3d4c2d146068838beaf3f6da83732393608dc12c16,True,4
27129,22440,021026_ML.npy,2026-10-05,2026-10-05 02:49:22.855443,7C582C,DA40,DIAMOND AIRCRAFT INDUSTRIES INC.,DA 40,6ac857c06679eeb32a0fea107dfdaff5f3802c9d4d7c2bdf70bacb60215b4504,True,4
27131,22442,021026_ML.npy,2026-10-05,2026-10-05 02:49:24.351564,7C0D65,DA42,DIAMOND AIRCRAFT INDUSTRIES INC.,DA 42,3392fb1fcb9a586a0ff4e28f4c27c3624d3cd2caf2c7da5fb535e977ba65088f,True,3
27133,22444,021026_ML.npy,2026-10-05,2026-10-05 02:49:28.427097,7C0D65,DA42,DIAMOND AIRCRAFT INDUSTRIES INC.,DA 42,37367f615115effbd0b1d630090890e97d9476ff2f89aefb82abfea794acd2d9,True,3
27135,22446,021026_ML.npy,2026-10-05,2026-10-05 02:49:30.116858,7C582C,DA40,DIAMOND AIRCRAFT INDUSTRIES INC.,DA 40,6ac857c06679eeb32a0fea107dfdaff5f3802c9d4d7c2bdf70bacb60215b4504,True,2
27136,22447,021026_ML.npy,2026-10-05,2026-10-05 02:49:30.302589,7C582C,DA40,DIAMOND AIRCRAFT INDUSTRIES INC.,DA 40,08ee001ce39d3cc7690897ef7f094f78b9e256012c51cf2a4224ed94f7dcc7e9,True,3
27137,22448,021026_ML.npy,2026-10-05,2026-10-05 02:49:31.024064,7C0D65,DA42,DIAMOND AIRCRAFT INDUSTRIES INC.,DA 42,433e7d016e43a29c61cdfdc05002e2975cd1f5ee89d83e3e0655b6f92c60abf4,True,5
27139,22450,021026_ML.npy,2026-10-05,2026-10-05 02:49:33.534893,7C0D65,DA42,DIAMOND AIRCRAFT INDUSTRIES INC.,DA 42,eaa6cf0f9ac9f48c11878489f479a1ecb67045ae93bf2869cce145e082e35fa8,True,5
27145,22456,021026_ML.npy,2026-10-05,2026-10-05 02:49:39.835093,7C0D65,DA42,DIAMOND AIRCRAFT INDUSTRIES INC.,DA 42,6cbe5135f36b61942b47fcd55f0049194b966df7560f6a396fa7eeaa8b6ab050,True,5
27152,22463,021026_ML.npy,2026-10-05,2026-10-05 02:49:44.343513,7C0D65,DA42,DIAMOND AIRCRAFT INDUSTRIES INC.,DA 42,ac68777d9518bd3b1012551eebc27d08b95a1e5bebaaac0a423e81857c75555a,True,1
27156,22467,021026_ML.npy,2026-10-05,2026-10-05 02:49:46.389441,7C582C,DA40,DIAMOND AIRCRAFT INDUSTRIES INC.,DA 40,50e8fb00f629045e14b313627b3109a81c8fff36f44ba34420426ff704ad1e5c,True,1
27170,22481,021026_ML.npy,2026-10-05,2026-10-05 02:49:57.938301,7C0D65,DA42,DIAMOND AIRCRAFT INDUSTRIES INC.,DA 42,8e13c66078c9f46a42fdab62b73786d3e456ddd6be4f6ab7e32489400edb2644,True,4
27171,22482,021026_ML.npy,2026-10-05,2026-10-05 02:50:02.385375,7C582C,DA40,DIAMOND AIRCRAFT INDUSTRIES INC.,DA 40,250f019ff6bfa3e1d2d082696464f4a0078d8c1d50a2acc37bb3e79690a9b2cf,True,4
27174,22485,021026_ML.npy,2026-10-05,2026-10-05 02:50:04.539571,7C582C,DA40,DIAMOND AIRCRAFT INDUSTRIES INC.,DA 40,fc461fb964a78c0f1a91cc754e9f1fb2289f0b82e0ccef2cf3747c27a7fd52f5,True,4
27178,22489,021026_ML.npy,2026-10-05,2026-10-05 02:50:13.428484,7C582C,DA40,DIAMOND AIRCRAFT INDUSTRIES INC.,DA 40,e6b2bea5165d722731e8bcd96cbe8b098da1995a2b11a23144d7ffbe664886e5,True,1
27181,22492,021026_ML.npy,2026-10-05,2026-10-05 02:50:20.429755,7C582C,DA40,DIAMOND AIRCRAFT INDUSTRIES INC.,DA 40,f0949b79854bbc9e4e3f9c211cc6252022690861f635d9633ca92b9938512a45,True,2
27184,22495,021026_ML.npy,2026-10-05,2026-10-05 02:50:21.795737,7C582C,DA40,DIAMOND AIRCRAFT INDUSTRIES INC.,DA 40,f3310908e81c36f32012478444f1247bc7ed1022e9890828ab1afd48b42db6c0,True,2
27187,22498,021026_ML.npy,2026-10-05,2026-10-05 02:54:38.544219,7C7B5F,DA40,DIAMOND AIRCRAFT INDUSTRIES INC.,DA 40,804ee8403914faa4a08561b2099ddfa668eb4ae458d8e7d0e9949743f7fc2d2e,True,5
27206,22517,021026_ML.npy,2026-10-05,2026-10-05 02:55:08.723878,7C7B5F,DA40,DIAMOND AIRCRAFT INDUSTRIES INC.,DA 40,d4c43412d919d249824ccde3d32158322280ef44eb3e30e028fe09180c4a6ff1,True,5
27227,22538,021026_ML.npy,2026-10-05,2026-10-05 03:02:41.536779,7C1697,DA40,DIAMOND AIRCRAFT INDUSTRIES INC.,DA 40,42127922b6c16602e3ae256b6361067002e6d47e3cf7ac94816d430277e2a46a,True,5
27233,22544,021026_ML.npy,2026-10-05,2026-10-05 03:02:48.364979,7C1697,DA40,DIAMOND AIRCRAFT INDUSTRIES INC.,DA 40,e9f7fe89331a2e42ac3def7ba607d996c2671033c26577bd89b265af2ff4c087,True,5
27247,22558,021026_ML.npy,2026-10-05,2026-10-05 03:03:09.913553,7C1697,DA40,DIAMOND AIRCRAFT INDUSTRIES INC.,DA 40,77aa3afc2e1e324fdc51e799ca62b76ddc8b58b6fd7c4c1fd038b2a4ea2e336a,True,4
27251,22562,021026_ML.npy,2026-10-05,2026-10-05 03:03:13.276657,7C1697,DA40,DIAMOND AIRCRAFT INDUSTRIES INC.,DA 40,62d2b0113c73a0c463cae92807c67f289518bb639e8fedaca32908eaf2b92bbe,True,3
27281,22592,021026_ML.npy,2026-10-05,2026-10-05 03:13:12.491740,7C7C41,DA40,DIAMOND AIRCRAFT INDUSTRIES INC.,DA 40,6089c88764e83a2f8b49c5a12baa6700456635f6fd111c03b666cab1a0c58d70,True,4
27286,22597,021026_ML.npy,2026-10-05,2026-10-05 03:17:02.533860,7C168A,DA40,DIAMOND AIRCRAFT INDUSTRIES INC.,DA 40,7424aa04de118207712eb4927be24c8d6b90973e5742aa1026dcad5dfb05ed9c,True,3
27318,22629,021026_ML.npy,2026-10-05,2026-10-05 03:17:50.150250,7C168A,DA40,DIAMOND AIRCRAFT INDUSTRIES INC.,DA 40,e59acf6f6a344c8c1592aa3b91b39b7bc1a63016e3a86d600fed6a34c124a836,True,1
27323,22634,021026_ML.npy,2026-10-05,2026-10-05 03:18:00.944535,7C7C41,DA40,DIAMOND AIRCRAFT INDUSTRIES INC.,DA 40,a22ee2d35129e4c06ddb84f1faadeabaf277f99c8c9860c77720a4cccc81a6f1,True,4
27337,22648,021026_ML.npy,2026-10-05,2026-10-05 03:23:35.250470,7C7C41,DA40,DIAMOND AIRCRAFT INDUSTRIES INC.,DA 40,2c0f216bcc31e790816221c9f3ac057aaa73fe9b8521ea5a60fa7f6af5215b92,True,5
27355,22666,021026_ML.npy,2026-10-05,2026-10-05 03:28:50.606402,7C7C41,DA40,DIAMOND AIRCRAFT INDUSTRIES INC.,DA 40,141de9cf55e33bb015ede85a084e9ed1e8a52e1e2159363db7ac572c967e803a,True,5
27363,22674,021026_ML.npy,2026-10-05,2026-10-05 03:31:01.275662,7C4E44,DA40,DIAMOND AIRCRAFT INDUSTRIES INC.,DA 40,dce7ee99e596da56f61d976acbcdfac22729361bf0efd169600b928d02d0ad3f,True,2
27365,22676,021026_ML.npy,2026-10-05,2026-10-05 03:31:01.368950,7C4E44,DA40,DIAMOND AIRCRAFT INDUSTRIES INC.,DA 40,725873d5851d89abe4d1b24922ad86f2183e707a1ea29741ba80a6b0b3041e52,True,4
27400,22711,021026_ML.npy,2026-10-05,2026-10-05 03:32:02.058878,7C4E44,DA40,DIAMOND AIRCRAFT INDUSTRIES INC.,DA 40,bee68043131466734311e0eb0f1ce4be6929830a8c24a704ba930f23cf0594fc,True,2
27414,22725,021026_ML.npy,2026-10-05,2026-10-05 03:35:01.068085,7C7B5F,DA40,DIAMOND AIRCRAFT INDUSTRIES INC.,DA 40,8b3a8ce4c9a662ed227ffbf52fe3e27faafc7cadb2f0aa5b69249db408cd61af,True,5
27416,22727,021026_ML.npy,2026-10-05,2026-10-05 03:35:03.758176,7C7B5F,DA40,DIAMOND AIRCRAFT INDUSTRIES INC.,DA 40,062a5677f6a2c6781a48b309d9e3ef36cf456e0c4777f5d19fdd9351d31e76cd,True,3
27440,22751,021026_ML.npy,2026-10-05,2026-10-05 03:36:20.980692,7C7B5F,DA40,DIAMOND AIRCRAFT INDUSTRIES INC.,DA 40,17270f0dbb64f00936aa255eea270b818a3e8314337659adbbb76d10443111f8,True,4
27442,22753,021026_ML.npy,2026-10-05,2026-10-05 03:36:22.012669,7C7B5F,DA40,DIAMOND AIRCRAFT INDUSTRIES INC.,DA 40,babbe522f2907f1104dccb3c042d570cbe8226674fdaf17723e91bca347e0451,True,1
27450,22761,021026_ML.npy,2026-10-05,2026-10-05 03:38:00.641325,7C7B56,DA40,DIAMOND AIRCRAFT INDUSTRIES INC.,DA 40,336c675aa742a740cc5b2699269cae3536eece50de048eea426f9555a9d9bebc,True,2
27461,22772,021026_ML.npy,2026-10-05,2026-10-05 03:38:16.505574,7C7B56,DA40,DIAMOND AIRCRAFT INDUSTRIES INC.,DA 40,1651b172150a2f9341b27d73980268636de65e7f40b6e9f18932b1da83daac06,True,4
27467,22778,021026_ML.npy,2026-10-05,2026-10-05 03:38:22.952851,7C7B56,DA40,DIAMOND AIRCRAFT INDUSTRIES INC.,DA 40,e3484c8ee63e2fbcd10255658dcfed0ba2bfcbb8e4ed27d5fd1272bac3e5fb67,True,2
27473,22784,021026_ML.npy,2026-10-05,2026-10-05 03:38:39.392922,7C7B56,DA40,DIAMOND AIRCRAFT INDUSTRIES INC.,DA 40,3f28d902229b75fdaba89d2c14d48773638a497bc3f6769dee0f3510cacce91e,True,2
27514,22825,021026_ML.npy,2026-10-05,2026-10-05 03:55:23.859944,7C7C41,DA40,DIAMOND AIRCRAFT INDUSTRIES INC.,DA 40,27370792efeec593ad5c090ebf51b54a1990cf76cacbe80bbc14cedf7d8f9505,True,3
27515,22826,021026_ML.npy,2026-10-05,2026-10-05 03:55:23.866781,7C7C41,DA40,DIAMOND AIRCRAFT INDUSTRIES INC.,DA 40,11c6f43b6553f6d1d5493aa091ebfda09ade03cb495b8592cee250822a524a41,True,4
27521,22832,021026_ML.npy,2026-10-05,2026-10-05 04:00:07.726068,7C7C41,DA40,DIAMOND AIRCRAFT INDUSTRIES INC.,DA 40,dec4ad740ffecef154094652cef01ead9b58e94674bdc839341de0c157fae950,True,1
27553,22864,021026_ML.npy,2026-10-05,2026-10-05 04:01:32.141303,7C7B55,DA40,DIAMOND AIRCRAFT INDUSTRIES INC.,DA 40,43439a74621efcc0e3ed6a057a77317481c92c167a283380fb180843420590be,True,3
27559,22870,021026_ML.npy,2026-10-05,2026-10-05 04:01:35.588993,7C7B55,DA40,DIAMOND AIRCRAFT INDUSTRIES INC.,DA 40,dfc12022df63ef257a5e423b3f05869e6ba4cb8b81216c82d00a8aee976a6352,True,2
27570,22881,021026_ML.npy,2026-10-05,2026-10-05 04:01:51.933570,7C7B55,DA40,DIAMOND AIRCRAFT INDUSTRIES INC.,DA 40,81d989e1a4722a82c9852f08fe92af8546e2ad09a2eddbfe5a6e6a5d3bcea3e0,True,2
27582,22893,021026_ML.npy,2026-10-05,2026-10-05 04:05:20.064867,7C7C41,DA40,DIAMOND AIRCRAFT INDUSTRIES INC.,DA 40,5b1074a9ed0aa20bf6d75fcc3ca4ab036dbb2904cc3a249ca1cc530a4815b1cc,True,1
27584,22895,021026_ML.npy,2026-10-05,2026-10-05 04:05:23.915053,7C7C41,DA40,DIAMOND AIRCRAFT INDUSTRIES INC.,DA 40,3a2007ba16cce0afc4ac7d1293fe6ef68c5706a6bfdda31695e77b7f08e0b7f5,True,2
27620,22931,021026_ML.npy,2026-10-05,2026-10-05 04:12:05.019307,7C0077,DA40,DIAMOND AIRCRAFT INDUSTRIES INC.,DA 40,2a95c16eb2888c9aff56638fe5cfbbb378210ea81f818f83f78b450c70213eb0,True,3
27639,22950,021026_ML.npy,2026-10-05,2026-10-05 04:12:22.478028,7C0077,DA40,DIAMOND AIRCRAFT INDUSTRIES INC.,DA 40,305fffe9879006985985868bea8165ee9ed68d67f753c410c283ce5eabeaa3fa,True,4
27651,22962,021026_ML.npy,2026-10-05,2026-10-05 04:12:35.511954,7C0077,DA40,DIAMOND AIRCRAFT INDUSTRIES INC.,DA 40,7b836f1884a6d2ff0a6e6dba6d5958faa62fee2477bc1836c939edccfabf5136,True,2
27657,22968,021026_ML.npy,2026-10-05,2026-10-05 04:15:06.356044,7C7C41,DA40,DIAMOND AIRCRAFT INDUSTRIES INC.,DA 40,8e39478337b2b664117af06a0eb24ff0803c0e4ad94d63d46256d583063855c0,True,4
27658,22969,021026_ML.npy,2026-10-05,2026-10-05 04:15:06.364555,7C7C41,DA40,DIAMOND AIRCRAFT INDUSTRIES INC.,DA 40,243b364e00e49fe21b888c30cfccdbb2a9d808835eb7862dd0c1a20a4a9d5476,True,5
27676,22987,021026_ML.npy,2026-10-05,2026-10-05 04:16:58.926996,7C582C,DA40,DIAMOND AIRCRAFT INDUSTRIES INC.,DA 40,69dbe3c0b233f2f3e57803e313e20660dfc3fb448f5e8dd660737d8d3c3390cb,True,5
27692,23003,021026_ML.npy,2026-10-05,2026-10-05 04:17:17.953160,7C582C,DA40,DIAMOND AIRCRAFT INDUSTRIES INC.,DA 40,62f1836d7ebfd2a38eec81936ca8723b967a891e286cb91c27909e2e040ea10a,True,4
27724,23035,021026_ML.npy,2026-10-05,2026-10-05 04:21:58.049664,7C7B56,DA40,DIAMOND AIRCRAFT INDUSTRIES INC.,DA 40,55dbe07f76aeafd7c32d64d18ff63ffa6535de63220fd6c2f93bacd587eda798,True,2
27736,23047,021026_ML.npy,2026-10-05,2026-10-05 04:22:18.700229,7C7B56,DA40,DIAMOND AIRCRAFT INDUSTRIES INC.,DA 40,30eaf3f3f58c33956e996e79e3a0b2b00031188f2e178be13971f8777fd8019a,True,4
27738,23049,021026_ML.npy,2026-10-05,2026-10-05 04:22:30.786936,7C7B56,DA40,DIAMOND AIRCRAFT INDUSTRIES INC.,DA 40,5a1d37ba7158aa008ba967134b3954a8d8d94e98bf4b480cfdcb593badb7e61d,True,1
27758,23069,021026_ML.npy,2026-10-05,2026-10-05 04:27:20.985269,7C7B56,DA40,DIAMOND AIRCRAFT INDUSTRIES INC.,DA 40,23f999c741782b86870f9a05901b362f2faa42e6ffb9f83726773c3dbd8fb7a1,True,4
27765,23076,021026_ML.npy,2026-10-05,2026-10-05 04:27:34.268281,7C7B56,DA40,DIAMOND AIRCRAFT INDUSTRIES INC.,DA 40,de5d3591fd2dfcaf9d05c272d2fe7715742d9d23a69ea4c2a9ce4510a259c6e0,True,4
27851,23162,021026_ML.npy,2026-10-05,2026-10-05 04:50:25.098450,7C1697,DA40,DIAMOND AIRCRAFT INDUSTRIES INC.,DA 40,ae9f5cd5de2b3578e4503a2d621a7635556b04db2475ae7cfb4d0b04e6b0cf36,True,3
27893,23204,021026_ML.npy,2026-10-05,2026-10-05 05:06:44.050481,7C582C,DA40,DIAMOND AIRCRAFT INDUSTRIES INC.,DA 40,6a4c3209bec58ab40127ecca3152fc13d653ec4695daf3f121a26faf8d7bffba,True,4
27894,23205,021026_ML.npy,2026-10-05,2026-10-05 05:07:03.734710,7C582C,DA40,DIAMOND AIRCRAFT INDUSTRIES INC.,DA 40,79c68a615accb346772ef2385c466282f89f1f86d9223bd23991b723a077bea6,True,2
27912,23223,021026_ML.npy,2026-10-05,2026-10-05 05:11:47.244601,7C7B56,DA40,DIAMOND AIRCRAFT INDUSTRIES INC.,DA 40,30eaf3f3f58c33956e996e79e3a0b2b00031188f2e178be13971f8777fd8019a,True,2
27930,23241,021026_ML.npy,2026-10-05,2026-10-05 05:12:03.729018,7C7B56,DA40,DIAMOND AIRCRAFT INDUSTRIES INC.,DA 40,425bf6076893c8ba7157b4c713c854c81e801f26f313c11d974bfe4216b5a75d,True,2
27936,23247,021026_ML.npy,2026-10-05,2026-10-05 05:12:14.380684,7C7B56,DA40,DIAMOND AIRCRAFT INDUSTRIES INC.,DA 40,0910b8b3045d2ef73e92c3245307f1fd32cff0e2c0f714e12885b11a660d65bd,True,4
27963,23274,021026_ML.npy,2026-10-05,2026-10-05 05:56:43.614227,7C7B56,DA40,DIAMOND AIRCRAFT INDUSTRIES INC.,DA 40,e7e6886d362c49d79f511b15b84c398c008b8738e1f607ef614020838f7b601f,True,4
27965,23276,021026_ML.npy,2026-10-05,2026-10-05 05:56:45.226474,7C7B56,DA40,DIAMOND AIRCRAFT INDUSTRIES INC.,DA 40,6dc2219347f355b3f92a6e55d1ed518716aeb0d8226230efa3341b7e4d1fd290,True,4
27971,23282,021026_ML.npy,2026-10-05,2026-10-05 05:56:57.347149,7C7B56,DA40,DIAMOND AIRCRAFT INDUSTRIES INC.,DA 40,5c54d75a6ab8aeec0f470d0f695acd118812f6360544ac1813fea4589ad0192b,True,2
27974,23285,021026_ML.npy,2026-10-05,2026-10-05 05:57:00.430965,7C7B56,DA40,DIAMOND AIRCRAFT INDUSTRIES INC.,DA 40,d5dbd1967e37a61c830cdaea5aa250475af19bb210d0f005cacfeb96f74c738e,True,1
27995,23306,021026_ML.npy,2026-10-05,2026-10-05 05:57:31.439760,7C7B56,DA40,DIAMOND AIRCRAFT INDUSTRIES INC.,DA 40,583959d99e00b7aa9b64222dcdf05c6c3928787068a05a007cf90073e6971962,True,3
28004,23315,021026_ML.npy,2026-10-05,2026-10-05 05:58:19.964552,7C7B56,DA40,DIAMOND AIRCRAFT INDUSTRIES INC.,DA 40,1d69442006b09f837a97a52ce5cd392921d6fd0b60fa5157c20bbc5f3836736f,True,1
28012,23323,021026_ML.npy,2026-10-05,2026-10-05 06:02:25.728056,7C7B56,DA40,DIAMOND AIRCRAFT INDUSTRIES INC.,DA 40,ede84bf73188f5ece6fbca3935504cc22071d5a6571bb92b921f7809385c04be,True,2
28013,23324,021026_ML.npy,2026-10-05,2026-10-05 06:02:26.697839,7C7B56,DA40,DIAMOND AIRCRAFT INDUSTRIES INC.,DA 40,a5c143586613f769d9f7b448f1a34b345b312c4b4401f1471d826a6a3ae08603,True,5
28043,23354,021026_ML.npy,2026-10-05,2026-10-05 06:03:03.386238,7C7B56,DA40,DIAMOND AIRCRAFT INDUSTRIES INC.,DA 40,f30f62d62052d9c0069245de9e27fd65c00dd3c9383dfc0f21ea039cd6edd754,True,3
28045,23356,021026_ML.npy,2026-10-05,2026-10-05 06:03:11.008681,7C7C3E,DA40,DIAMOND AIRCRAFT INDUSTRIES INC.,DA 40,16c89267e4fb2e8a0bb6cfe2a6792bdfb1ee942fd9b56402f126452927ad7692,True,1
28048,23359,021026_ML.npy,2026-10-05,2026-10-05 06:03:13.206063,7C7C3E,DA40,DIAMOND AIRCRAFT INDUSTRIES INC.,DA 40,206f72c31bb8c33d6e34e0ef91fc03cdbf0a3651d235d4ddf4be8add3f6eeea7,True,4
28052,23363,021026_ML.npy,2026-10-05,2026-10-05 06:03:15.476542,7C7C3E,DA40,DIAMOND AIRCRAFT INDUSTRIES INC.,DA 40,50cc47753204eca754d2a218a90b08dda34a428dadb2ba2f92b63be67a7e6ede,True,1
28056,23367,021026_ML.npy,2026-10-05,2026-10-05 06:03:16.844724,7C7C3E,DA40,DIAMOND AIRCRAFT INDUSTRIES INC.,DA 40,beebc1190dcc10a19c0be931a12cd961c204ca075906f1fee9fd28b468f878f9,True,1
28058,23369,021026_ML.npy,2026-10-05,2026-10-05 06:03:18.988512,7C7B56,DA40,DIAMOND AIRCRAFT INDUSTRIES INC.,DA 40,f98fb72a39fa4222223b2b696309f09aef7c42a54058dab31decb4a9a265f5ae,True,5
28060,23371,021026_ML.npy,2026-10-05,2026-10-05 06:03:19.775895,7C7C3E,DA40,DIAMOND AIRCRAFT INDUSTRIES INC.,DA 40,9d4be65ce8c39e310b2c57087752e74c6f20166387ee075844df6e608eb2a342,True,1
28063,23374,021026_ML.npy,2026-10-05,2026-10-05 06:03:22.899647,7C7C3E,DA40,DIAMOND AIRCRAFT INDUSTRIES INC.,DA 40,26729b12abbe07970a670cb49583caa767ed1daa39f39f6e8f2a50614c907bf4,True,5
28072,23383,021026_ML.npy,2026-10-05,2026-10-05 06:03:32.963713,7C7C3E,DA40,DIAMOND AIRCRAFT INDUSTRIES INC.,DA 40,ffc59900b8e89c8bc58d8c08e885679ee036437a4e9ce66b0de0c64c305a1156,True,2
28078,23389,021026_ML.npy,2026-10-05,2026-10-05 06:03:36.496587,7C7C3E,DA40,DIAMOND AIRCRAFT INDUSTRIES INC.,DA 40,72ace10f89b699e0299536f47b8bea986d517e53a25e1437c9fbfe871c404509,True,3
28086,23397,021026_ML.npy,2026-10-05,2026-10-05 06:03:58.389062,7C7C3E,DA40,DIAMOND AIRCRAFT INDUSTRIES INC.,DA 40,6b4ea8480072e14dd01045ccb9938087a12e59b6dcee18308f967cdc64eac685,True,5
28122,23433,021026_ML.npy,2026-10-05,2026-10-05 07:43:32.358263,7C7C3E,DA40,DIAMOND AIRCRAFT INDUSTRIES INC.,DA 40,00a8bef24ca5bd72116a6af4488c07a2eae4373809b2de1eddc736579d1985c6,True,4
28128,23439,021026_ML.npy,2026-10-05,2026-10-05 07:43:41.440015,7C7C3E,DA40,DIAMOND AIRCRAFT INDUSTRIES INC.,DA 40,9485caee1ae34946089e8afb7996e196fedacb54962d2d7c2b3e009bb439593e,True,3
28137,23448,021026_ML.npy,2026-10-05,2026-10-05 07:44:24.952270,7C7C3E,DA40,DIAMOND AIRCRAFT INDUSTRIES INC.,DA 40,afd6996c1a66d55ad0ff6c36760a210e0da6a08b88dc2e576bea925dd0988263,True,5
28226,23537,021026_ML.npy,2026-10-05,2026-10-05 19:58:25.342106,7C6C18,C172,CESSNA AIRCRAFT COMPANY,172S,e4fde3f5ff7de770aa047902f3c0b34627d3bb572cf96178a91709b715309da2,True,3
28231,23542,021026_ML.npy,2026-10-05,2026-10-05 20:05:22.427707,7C7B55,DA40,DIAMOND AIRCRAFT INDUSTRIES INC.,DA 40,e6c25508135626fed0c32c17fba3f71a74e914b9a53dca81875d7c391d0dd3f6,True,5
28234,23545,021026_ML.npy,2026-10-05,2026-10-05 20:05:26.246868,7C7B55,DA40,DIAMOND AIRCRAFT INDUSTRIES INC.,DA 40,e49253cbc4217a4f12b47171afd2108f34122f191f3b2aa38b7919b2242606f2,True,5
28235,23546,021026_ML.npy,2026-10-05,2026-10-05 20:05:27.864246,7C7B55,DA40,DIAMOND AIRCRAFT INDUSTRIES INC.,DA 40,8db2837b871dfc8e73250c876b8e01085fc88122d76710fe4f9017a0f6750f7d,True,4
28236,23547,021026_ML.npy,2026-10-05,2026-10-05 20:05:28.667681,7C7B55,DA40,DIAMOND AIRCRAFT INDUSTRIES INC.,DA 40,78d6da32154228ee6ce3ae581262a93de72543960b735c954b101f43cd7639b2,True,1
28247,23558,021026_ML.npy,2026-10-05,2026-10-05 20:05:44.935848,7C7B55,DA40,DIAMOND AIRCRAFT INDUSTRIES INC.,DA 40,8806d834b8111ac8135941d91df8e14729b4da33c045ae5d4963a47ece0beb6c,True,1
28252,23563,021026_ML.npy,2026-10-05,2026-10-05 20:05:54.924625,7C7B55,DA40,DIAMOND AIRCRAFT INDUSTRIES INC.,DA 40,460c0a52a87195f20f0c7be42b45ef442960b19c1a6cf9229ab44180b1b005d0,True,2
28259,23570,021026_ML.npy,2026-10-05,2026-10-05 20:10:38.586547,7C7B55,DA40,DIAMOND AIRCRAFT INDUSTRIES INC.,DA 40,17264dbd40eede1967df699f96649831001c8a0a7300078dc31fe627615ba013,True,5
28263,23574,021026_ML.npy,2026-10-05,2026-10-05 20:10:58.952622,7C7B55,DA40,DIAMOND AIRCRAFT INDUSTRIES INC.,DA 40,95385af658a58761d8861b3b05eefa599baf8087b977f885f547c32da98b3daa,True,5
28269,23580,021026_ML.npy,2026-10-05,2026-10-05 20:15:20.981068,7C7B55,DA40,DIAMOND AIRCRAFT INDUSTRIES INC.,DA 40,e6d60508f8b7b25113cc85a72530c4736ccd3fe7475f1c79824a2d0f32e4c2aa,True,3
28273,23584,021026_ML.npy,2026-10-05,2026-10-05 20:15:51.438897,7C7B55,DA40,DIAMOND AIRCRAFT INDUSTRIES INC.,DA 40,67b29d44176db65ef9d2f85ecb3cf4d2ba604af124418bb2890ae543076c752d,True,5
28281,23592,021026_ML.npy,2026-10-05,2026-10-05 20:20:34.275099,7C7B55,DA40,DIAMOND AIRCRAFT INDUSTRIES INC.,DA 40,3f4b408d7e33e006cefe67504a7655f6078a40048b06b402342285e6f5303f04,True,1
28338,23649,021026_ML.npy,2026-10-05,2026-10-05 20:30:59.506949,7C7B55,DA40,DIAMOND AIRCRAFT INDUSTRIES INC.,DA 40,acd180b819b4ac56af4ce6f75b8807a83610201cf6406b512501d785eb77b311,True,3
28370,23681,021026_ML.npy,2026-10-05,2026-10-05 20:36:17.712065,7C7B55,DA40,DIAMOND AIRCRAFT INDUSTRIES INC.,DA 40,3128553f79a410f05f5f342cec24749a0647f07b53033afa1753e3c191843bbf,True,3
28405,23716,021026_ML.npy,2026-10-05,2026-10-05 20:41:32.820921,7C7B55,DA40,DIAMOND AIRCRAFT INDUSTRIES INC.,DA 40,310aa8b938173b1b0068822370f73d4bd70ef2724f371bf71410b9d7c91ed583,True,2
28410,23721,021026_ML.npy,2026-10-05,2026-10-05 20:43:02.937876,7C0077,DA40,DIAMOND AIRCRAFT INDUSTRIES INC.,DA 40,806c48a2f409288eda6bebb88c17e6d6e9d5e67383e0b15d9257cf48a3a932c5,True,2
28418,23729,021026_ML.npy,2026-10-05,2026-10-05 20:43:43.317432,7C0077,DA40,DIAMOND AIRCRAFT INDUSTRIES INC.,DA 40,0d2ce9530e866b925041f197b92d68d70fd6bdebaa5f1c7cebd59e2cf167df35,True,2
28423,23734,021026_ML.npy,2026-10-05,2026-10-05 20:44:51.201770,7C7AF0,DA40,DIAMOND AIRCRAFT INDUSTRIES INC.,DA 40,52d9f4d0a6779f045c9773842cfd52657d0cd18619d26d7bc1b9d1de052a5ca9,True,2
28441,23752,021026_ML.npy,2026-10-05,2026-10-05 20:46:53.042839,7C7B55,DA40,DIAMOND AIRCRAFT INDUSTRIES INC.,DA 40,8ef229bc52c93c78c1c35a353bf533b91a7e4f2a870dfbe13be5d1e1182d4602,True,4
28450,23761,021026_ML.npy,2026-10-05,2026-10-05 20:47:13.252366,7C7B55,DA40,DIAMOND AIRCRAFT INDUSTRIES INC.,DA 40,17264dbd40eede1967df699f96649831001c8a0a7300078dc31fe627615ba013,True,2
28468,23779,021026_ML.npy,2026-10-05,2026-10-05 20:48:43.346252,7C0077,DA40,DIAMOND AIRCRAFT INDUSTRIES INC.,DA 40,d5012946eb94cbed4669c19882a1ff7beaeb2e0e9b70b24462f711b48f676182,True,5
28482,23793,021026_ML.npy,2026-10-05,2026-10-05 20:50:32.621548,7C7AF0,DA40,DIAMOND AIRCRAFT INDUSTRIES INC.,DA 40,611c751ee8081fac806fb7bb3c04ac6c4da0b662fc675895d1fc8aee1e519d64,True,1
28483,23794,021026_ML.npy,2026-10-05,2026-10-05 20:50:32.821383,7C7AF0,DA40,DIAMOND AIRCRAFT INDUSTRIES INC.,DA 40,3a7c1e97b0aeb44a5768dd1ae1aa4adc35f25eafe24950cf077639443c34d352,True,3
28491,23802,021026_ML.npy,2026-10-05,2026-10-05 20:50:53.031760,7C7AF0,DA40,DIAMOND AIRCRAFT INDUSTRIES INC.,DA 40,d90b0aa30140835131b6d2b6aa4283cd98b923af8923bca42f00b62857053eaa,True,4
28505,23816,021026_ML.npy,2026-10-05,2026-10-05 20:52:44.518091,7C7B55,DA40,DIAMOND AIRCRAFT INDUSTRIES INC.,DA 40,acd180b819b4ac56af4ce6f75b8807a83610201cf6406b512501d785eb77b311,True,3
28508,23819,021026_ML.npy,2026-10-05,2026-10-05 20:52:58.483182,7C7B55,DA40,DIAMOND AIRCRAFT INDUSTRIES INC.,DA 40,8ca583ad8ce9866eb43fbcdb31025181997c0d6a69f992f1781913f9cc9ed7f2,True,3
28516,23827,021026_ML.npy,2026-10-05,2026-10-05 20:53:08.840084,7C7B55,DA40,DIAMOND AIRCRAFT INDUSTRIES INC.,DA 40,90bffc361c39dcc178595335b90b80075f0691d0b1083f16107cc379a1c07083,True,4
28518,23829,021026_ML.npy,2026-10-05,2026-10-05 20:54:51.122127,7C0077,DA40,DIAMOND AIRCRAFT INDUSTRIES INC.,DA 40,e60ee13ce3089bcbfc5e901dcad822ce3455a15428245035d6285850c691df6e,True,4
28532,23843,021026_ML.npy,2026-10-05,2026-10-05 20:56:45.589931,7C7AF0,DA40,DIAMOND AIRCRAFT INDUSTRIES INC.,DA 40,f2c1bb52a784b1df0154c6ed4bdd3442a060835fa265d0a0adfc26b89b8f5b36,True,3
28543,23854,021026_ML.npy,2026-10-05,2026-10-05 20:57:20.547003,7C1B2A,DA40,DIAMOND AIRCRAFT INDUSTRIES INC.,DA 40,320eeeeaacaa6f697bf76e5c57a2a47630c7fac851bf9d59f74e57fe91b5a5d4,True,4
28545,23856,021026_ML.npy,2026-10-05,2026-10-05 20:57:20.936206,7C1B2A,DA40,DIAMOND AIRCRAFT INDUSTRIES INC.,DA 40,da55f1ae9d4098c93ba39d25b4ba0d4133f44ceb2876f92f8097dbde1b69e7b6,True,3
28556,23867,021026_ML.npy,2026-10-05,2026-10-05 20:57:40.485061,7C1B2A,DA40,DIAMOND AIRCRAFT INDUSTRIES INC.,DA 40,faa641f689273fd3c9db8ff0ae82ad9f7918395b4733ed6085e010e0b8d9882b,True,2
28558,23869,021026_ML.npy,2026-10-05,2026-10-05 20:57:44.870546,7C1B2A,DA40,DIAMOND AIRCRAFT INDUSTRIES INC.,DA 40,a357cfbe40d5bc3f0b7a7e61a460ab5a8739ea712d36968f09072a7597de8bad,True,2
28567,23878,021026_ML.npy,2026-10-05,2026-10-05 20:59:17.097973,7C0077,DA40,DIAMOND AIRCRAFT INDUSTRIES INC.,DA 40,aae10d9017448de4915a024a519295377c93d3f0a35dd4db3335ed1c89263887,True,2
28573,23884,021026_ML.npy,2026-10-05,2026-10-05 20:59:29.337964,7C0077,DA40,DIAMOND AIRCRAFT INDUSTRIES INC.,DA 40,3cd84a9ecc566c606714b4f78a75cc5c69ae1aa35c084f10e76ae37a3481ccf2,True,5
28580,23891,021026_ML.npy,2026-10-05,2026-10-05 21:00:26.925293,7C7AF0,DA40,DIAMOND AIRCRAFT INDUSTRIES INC.,DA 40,0fab1b4c9cce1431737e0f7383ef0e4eaa7dd8a0a39b9b42febad5ef94db8069,True,4
28597,23908,021026_ML.npy,2026-10-05,2026-10-05 21:00:53.862535,7C0077,DA40,DIAMOND AIRCRAFT INDUSTRIES INC.,DA 40,ee34087405e456fa73b4746d22b5f5a59094751b5c38144e88cab6bc3c10a727,True,1
28613,23924,021026_ML.npy,2026-10-05,2026-10-05 21:01:11.087193,7C7AF0,DA40,DIAMOND AIRCRAFT INDUSTRIES INC.,DA 40,553ce7d078a8e07518ea0b23d3aadd547c2a1d1dbf6ff1dd0eb3208d23cb8fe3,True,3
28621,23932,021026_ML.npy,2026-10-05,2026-10-05 21:01:19.172176,7C7AF0,DA40,DIAMOND AIRCRAFT INDUSTRIES INC.,DA 40,089372563d39c805d3653752b08281a8d79f0cccf102df03e04d17ca8d7a1243,True,2
28633,23944,021026_ML.npy,2026-10-05,2026-10-05 21:01:31.236719,7C7AF0,DA40,DIAMOND AIRCRAFT INDUSTRIES INC.,DA 40,9a546d60fd134b3adfaad4175099dbbb6fcf60b343411cf18a370eabd85932a5,True,1
28644,23955,021026_ML.npy,2026-10-05,2026-10-05 21:01:37.160365,7C1B2A,DA40,DIAMOND AIRCRAFT INDUSTRIES INC.,DA 40,9bda2855f7421609d0931f428c6ae55a8f8b4483670739b9c420d6f770a60748,True,1
28649,23960,021026_ML.npy,2026-10-05,2026-10-05 21:01:40.128474,7C1B2A,DA40,DIAMOND AIRCRAFT INDUSTRIES INC.,DA 40,faa641f689273fd3c9db8ff0ae82ad9f7918395b4733ed6085e010e0b8d9882b,True,2
28651,23962,021026_ML.npy,2026-10-05,2026-10-05 21:01:40.818713,7C1B2A,DA40,DIAMOND AIRCRAFT INDUSTRIES INC.,DA 40,f7fe6ae429eb491e744a295c0ba2738bdaab57ab8ede61a91a77355366883892,True,5
28661,23972,021026_ML.npy,2026-10-05,2026-10-05 21:01:56.603066,7C7AF0,DA40,DIAMOND AIRCRAFT INDUSTRIES INC.,DA 40,5f9a8acf9564dd48550b83bfd9634baf872bc68d9e70cef99ef18f6725c92273,True,2
28679,23990,021026_ML.npy,2026-10-05,2026-10-05 21:02:15.897339,7C1B2A,DA40,DIAMOND AIRCRAFT INDUSTRIES INC.,DA 40,7331f84c7f9586c6e4cd2f2620fb10d0031e2c5ed842af1de2a1e94a60dc630e,True,5
28700,24011,021026_ML.npy,2026-10-05,2026-10-05 21:04:25.381508,7C0077,DA40,DIAMOND AIRCRAFT INDUSTRIES INC.,DA 40,7aac3bb53b626710af3dfc5b0465310dffe1ea4456b3ed14dfb1ef1723f1e8b4,True,5
28705,24016,021026_ML.npy,2026-10-05,2026-10-05 21:04:30.540652,7C0077,DA40,DIAMOND AIRCRAFT INDUSTRIES INC.,DA 40,da08a9a929534b6fe3b2e0f040450a07b6ad91a6d2dc5dc895baae698ec7feb7,True,5
28721,24032,021026_ML.npy,2026-10-05,2026-10-05 21:05:09.261513,7C0077,DA40,DIAMOND AIRCRAFT INDUSTRIES INC.,DA 40,3d7787623356190f5697edd2afbb2abf80d4796ddd6eac22e6fbfbd1d0debd7f,True,5
28726,24037,021026_ML.npy,2026-10-05,2026-10-05 21:05:19.107089,7C0077,DA40,DIAMOND AIRCRAFT INDUSTRIES INC.,DA 40,7b1e02f7964dbfdfd28d389459d685ef845a4dde9bf6581d3c485573a8e6bd02,True,1
28744,24055,021026_ML.npy,2026-10-05,2026-10-05 21:06:07.117358,7C7AF0,DA40,DIAMOND AIRCRAFT INDUSTRIES INC.,DA 40,e99e724db8775a8b70b4423cb3e9f6b5890c3afa0608378753d119032b188cad,True,3
28747,24058,021026_ML.npy,2026-10-05,2026-10-05 21:06:09.468674,7C7AF0,DA40,DIAMOND AIRCRAFT INDUSTRIES INC.,DA 40,3c7cfaed0c275aebfaeaa359157216d4fcbedb759149efef0e913310820563e7,True,3
28749,24060,021026_ML.npy,2026-10-05,2026-10-05 21:06:13.662691,7C7AF0,DA40,DIAMOND AIRCRAFT INDUSTRIES INC.,DA 40,553ce7d078a8e07518ea0b23d3aadd547c2a1d1dbf6ff1dd0eb3208d23cb8fe3,True,3
28751,24062,021026_ML.npy,2026-10-05,2026-10-05 21:06:18.462063,7C7AF0,DA40,DIAMOND AIRCRAFT INDUSTRIES INC.,DA 40,9f1a86f59074b26f5a750905000752df59c8de058b2a318d46d793b6e26afca6,True,1
28752,24063,021026_ML.npy,2026-10-05,2026-10-05 21:06:24.601600,7C7AF0,DA40,DIAMOND AIRCRAFT INDUSTRIES INC.,DA 40,0f19e986a36bcfe70233b5b138db54fdf7d1c1c12367e39a30c19a110a1e350f,True,2
28761,24072,021026_ML.npy,2026-10-05,2026-10-05 21:06:42.723915,7C7AF0,DA40,DIAMOND AIRCRAFT INDUSTRIES INC.,DA 40,905a64125f6bb9eab92ab7eef1e2dc3834fcbdcc5089d5ca2dd69722c860699c,True,3
28774,24085,021026_ML.npy,2026-10-05,2026-10-05 21:07:05.715278,7C1B2A,DA40,DIAMOND AIRCRAFT INDUSTRIES INC.,DA 40,e087864d13a8ba5013c1f4b1db833cb4a8936dd7495636147d28b168a1f98f24,True,5
28777,24088,021026_ML.npy,2026-10-05,2026-10-05 21:07:33.283326,7C1B2A,DA40,DIAMOND AIRCRAFT INDUSTRIES INC.,DA 40,7ebc72475f1e77200c71cd613587450b51610763924a8adc0c1d99602f629054,True,4
28780,24091,021026_ML.npy,2026-10-05,2026-10-05 21:08:14.891521,7C0077,DA40,DIAMOND AIRCRAFT INDUSTRIES INC.,DA 40,a38bcc71d33c4d6c2ab3ee8db82636f9d4144fd312a6aae86b1691f1dd00dac0,True,2
28788,24099,021026_ML.npy,2026-10-05,2026-10-05 21:08:44.314998,7C1B2A,DA40,DIAMOND AIRCRAFT INDUSTRIES INC.,DA 40,84c7afbd856e0cbcafa8a975ac7264a4f0542bb52547c1cd69682e247a3dd883,True,5
28789,24100,021026_ML.npy,2026-10-05,2026-10-05 21:08:50.151299,7C1B2A,DA40,DIAMOND AIRCRAFT INDUSTRIES INC.,DA 40,ce8abf0094175eba4d0b515a231e52b97cb0012dab16e3f086cee2b020fb22e4,True,5
28796,24107,021026_ML.npy,2026-10-05,2026-10-05 21:09:38.523568,7C168A,DA40,DIAMOND AIRCRAFT INDUSTRIES INC.,DA 40,3775a7b795890574780aead46e6cb1bd67fb0d8ad61c671b1eee2cf366b8eedc,True,1
28799,24110,021026_ML.npy,2026-10-05,2026-10-05 21:09:41.489120,7C168A,DA40,DIAMOND AIRCRAFT INDUSTRIES INC.,DA 40,fcb855ae6dea3885e2ae07e11b166a414af53642a7200fd4fb14b2a6c591cedf,True,1
28803,24114,021026_ML.npy,2026-10-05,2026-10-05 21:10:29.426577,7C0077,DA40,DIAMOND AIRCRAFT INDUSTRIES INC.,DA 40,240c8483452b4243cf9432a390967332171d75bb751370922bbc85a5c9aa2449,True,4
28806,24117,021026_ML.npy,2026-10-05,2026-10-05 21:10:33.919399,7C0077,DA40,DIAMOND AIRCRAFT INDUSTRIES INC.,DA 40,1bfcc9545503872b64decac5723886ec10b90a97cb1f05ee68b330893c2df8ba,True,1
28810,24121,021026_ML.npy,2026-10-05,2026-10-05 21:10:42.084297,7C0077,DA40,DIAMOND AIRCRAFT INDUSTRIES INC.,DA 40,7cfcf4eb9264b798cdf223d416ddc11055eb8a74deb08ba8dd3b895b5c4ce7cf,True,3
28825,24136,021026_ML.npy,2026-10-05,2026-10-05 21:11:09.832971,7C7AF0,DA40,DIAMOND AIRCRAFT INDUSTRIES INC.,DA 40,133a1a850ee15ac68249253e65e22d866fb373927ffc50ee79e856c00e2eb580,True,2
28834,24145,021026_ML.npy,2026-10-05,2026-10-05 21:11:25.097430,7C7AF0,DA40,DIAMOND AIRCRAFT INDUSTRIES INC.,DA 40,089372563d39c805d3653752b08281a8d79f0cccf102df03e04d17ca8d7a1243,True,1
28868,24179,021026_ML.npy,2026-10-05,2026-10-05 21:13:26.215149,7C0379,C172,CESSNA AIRCRAFT COMPANY,172R,5dabdfe09bfadca50f501d4d979914c1a8a6032dbb32f0319075cb525b160ff1,True,5
28869,24180,021026_ML.npy,2026-10-05,2026-10-05 21:13:26.220040,7C0379,C172,CESSNA AIRCRAFT COMPANY,172R,4abe644b836c5a99b4116c6a8f914b5916b25fa7df58cb1358373702c44f6203,True,2
28873,24184,021026_ML.npy,2026-10-05,2026-10-05 21:13:32.306721,7C1B2A,DA40,DIAMOND AIRCRAFT INDUSTRIES INC.,DA 40,26e76c4ee14a17ac266cb28a1afcafd9f5f26a3d73b5c5b88d2b071e2026a803,True,2
28876,24187,021026_ML.npy,2026-10-05,2026-10-05 21:13:33.671774,7C0379,C172,CESSNA AIRCRAFT COMPANY,172R,f1b299b1611bb22a2c54fa6cbedacb86c2159ca0b8fe24629b030ab8695e9d15,True,1
28877,24188,021026_ML.npy,2026-10-05,2026-10-05 21:13:34.011349,7C1B2A,DA40,DIAMOND AIRCRAFT INDUSTRIES INC.,DA 40,320eeeeaacaa6f697bf76e5c57a2a47630c7fac851bf9d59f74e57fe91b5a5d4,True,4
28878,24189,021026_ML.npy,2026-10-05,2026-10-05 21:13:37.958114,7C0379,C172,CESSNA AIRCRAFT COMPANY,172R,d246e139bbf3a488d3494f3d8a022523006094075f8c2da5fcb37b30f8420ee0,True,3
28898,24209,021026_ML.npy,2026-10-05,2026-10-05 21:14:06.448417,7C1B2A,DA40,DIAMOND AIRCRAFT INDUSTRIES INC.,DA 40,e90aff01a930d9b8d772e7d1555aec6df247b84b906c215f2796121cbb70918d,True,4
28903,24214,021026_ML.npy,2026-10-05,2026-10-05 21:14:12.821017,7C0379,C172,CESSNA AIRCRAFT COMPANY,172R,8d30d52a0986ff9d08979da63c72d4de6fd155023740e51114daa49379a2716f,True,2
28905,24216,021026_ML.npy,2026-10-05,2026-10-05 21:14:13.674074,7C0379,C172,CESSNA AIRCRAFT COMPANY,172R,13cb886aac11aa155f386c9ce371decd7a97c5a34b09b9ba1ac449aef9bbb53c,True,2
28917,24228,021026_ML.npy,2026-10-05,2026-10-05 21:15:16.594260,7C168A,DA40,DIAMOND AIRCRAFT INDUSTRIES INC.,DA 40,1375991618bf2ea2b4c6eb7d58e4edd4665822db02fc3a97761d7fc0acd183bb,True,3
28949,24260,021026_ML.npy,2026-10-05,2026-10-05 21:19:13.496174,7C168A,DA40,DIAMOND AIRCRAFT INDUSTRIES INC.,DA 40,57a7aff5e79cb475f59d3e2b69830743fe4742ee7dcea31abe28bfb4881b15db,True,1
28956,24267,021026_ML.npy,2026-10-05,2026-10-05 21:19:24.165029,7C168A,DA40,DIAMOND AIRCRAFT INDUSTRIES INC.,DA 40,98c696d97a5ac5c42f3dca5688a89531265f6677b3d9608a116191d5bc13bbd3,True,4
28959,24270,021026_ML.npy,2026-10-05,2026-10-05 21:19:27.788984,7C168A,DA40,DIAMOND AIRCRAFT INDUSTRIES INC.,DA 40,d5a61b104a1ae64ada77d6644260b8d20a08a4237e79f19f96851211468cd556,True,3
28968,24279,021026_ML.npy,2026-10-05,2026-10-05 21:20:19.141585,7C0074,C172,CESSNA AIRCRAFT COMPANY,172S,deb0d1f2393b95eb083a77d0b356f6e3ff7a078848e140d89d54e94a3d956a4f,True,4
28969,24280,021026_ML.npy,2026-10-05,2026-10-05 21:20:19.312392,7C0074,C172,CESSNA AIRCRAFT COMPANY,172S,b081da300a60f59627ea62198029ff8a9e169d5490452b583829bd8461212ab4,True,1
28971,24282,021026_ML.npy,2026-10-05,2026-10-05 21:20:23.500060,7C0074,C172,CESSNA AIRCRAFT COMPANY,172S,097ea6e5a82648a68144649867f01da9c7647f650bb0d0415127f1f4e3f4d0e2,True,5
28975,24286,021026_ML.npy,2026-10-05,2026-10-05 21:20:31.454016,7C0074,C172,CESSNA AIRCRAFT COMPANY,172S,9e5d13098076d484c1678e00c6616a767736ff1c6ba00a2a010d48944b15b95a,True,3
28990,24301,021026_ML.npy,2026-10-05,2026-10-05 21:21:27.731332,7C0074,C172,CESSNA AIRCRAFT COMPANY,172S,b081da300a60f59627ea62198029ff8a9e169d5490452b583829bd8461212ab4,True,3
29000,24311,021026_ML.npy,2026-10-05,2026-10-05 21:23:44.103113,7C168A,DA40,DIAMOND AIRCRAFT INDUSTRIES INC.,DA 40,ec70e6260d2c104934de4f4ce32708aca404947edc11e878b2e87ab7e73f8ac2,True,1
29002,24313,021026_ML.npy,2026-10-05,2026-10-05 21:24:21.194426,7C168A,DA40,DIAMOND AIRCRAFT INDUSTRIES INC.,DA 40,c0d7753f4c4cf8a054bfdf1281215797227b060c55504cd33d84fc81412d0e90,True,1
29006,24317,021026_ML.npy,2026-10-05,2026-10-05 21:24:29.127576,7C168A,DA40,DIAMOND AIRCRAFT INDUSTRIES INC.,DA 40,c08a9386f4a08a710bac22750ade4bbe6cd65d5efe5c738f5cc097bc68e412f5,True,3
29023,24334,021026_ML.npy,2026-10-05,2026-10-05 21:28:03.135544,7C168A,DA40,DIAMOND AIRCRAFT INDUSTRIES INC.,DA 40,59aa73f4e1622b26f0e2244bd9996f012add49040fcf438ef21f5f4600d28d6a,True,5
29038,24349,021026_ML.npy,2026-10-05,2026-10-05 21:29:41.965980,7C168A,DA40,DIAMOND AIRCRAFT INDUSTRIES INC.,DA 40,db0213eea00f29c4fc6b16109cba70a8fb200745e08bd92e532654aa02714075,True,1
29075,24386,021026_ML.npy,2026-10-05,2026-10-05 21:35:11.086654,7C168A,DA40,DIAMOND AIRCRAFT INDUSTRIES INC.,DA 40,6cc8d60c838ef41e1a84d46a65b310cef01a1e06bc3d3233f923060ecfc5576c,True,1
29076,24387,021026_ML.npy,2026-10-05,2026-10-05 21:35:12.090527,7C168A,DA40,DIAMOND AIRCRAFT INDUSTRIES INC.,DA 40,0864cb427c7664adf398514eb938278ed17dc8ff2011ea03bd4169c15bfd1be6,True,1
29110,24421,021026_ML.npy,2026-10-05,2026-10-05 21:40:20.673466,7C168A,DA40,DIAMOND AIRCRAFT INDUSTRIES INC.,DA 40,0a8941be05778b7ae43f6b5c2736cf3e8e55a1142b8c12c6760b7cc7425ffeac,True,3
29123,24434,021026_ML.npy,2026-10-05,2026-10-05 21:40:38.183055,7C7AF7,DA40,DIAMOND AIRCRAFT INDUSTRIES INC.,DA 40,a19a84419fa8224833590ed70119997e836d7e1e956ad43e8be33ace48e56ce7,True,3
29124,24435,021026_ML.npy,2026-10-05,2026-10-05 21:40:40.849770,7C168A,DA40,DIAMOND AIRCRAFT INDUSTRIES INC.,DA 40,ae4b088da90ac855c4b152bfdb56f8f91bdf44e1c73be670422e1aeef667b465,True,3
29139,24450,021026_ML.npy,2026-10-05,2026-10-05 21:41:44.834889,7C67D0,C172,CESSNA AIRCRAFT COMPANY,172S,742b26d109cc1658353b1f7271da3eef1e660eab3b08d73a646a5d123fa8ffc5,True,5
29144,24455,021026_ML.npy,2026-10-05,2026-10-05 21:41:47.792714,7C67D0,C172,CESSNA AIRCRAFT COMPANY,172S,69d13832838281f7de15ade3a98712d13cf1e87ea8914ac5b9cc62744fe92dd2,True,5
29147,24458,021026_ML.npy,2026-10-05,2026-10-05 21:41:52.075028,7C7AF7,DA40,DIAMOND AIRCRAFT INDUSTRIES INC.,DA 40,8b7089224a117dcafe25d07c267fea96d076f5f49a46368831b7d92e47156528,True,1
29148,24459,021026_ML.npy,2026-10-05,2026-10-05 21:41:53.446513,7C7AF7,DA40,DIAMOND AIRCRAFT INDUSTRIES INC.,DA 40,e550a6eabdf6d5a5f8a8e162d08e53316602ab2b6fd7965434b778917cf50443,True,3
29149,24460,021026_ML.npy,2026-10-05,2026-10-05 21:41:54.059309,7C7AF7,DA40,DIAMOND AIRCRAFT INDUSTRIES INC.,DA 40,45aadb331f107319b262218a01b5ce5deb71bb947df0b2d4afcac927ebe21e45,True,2
29156,24467,021026_ML.npy,2026-10-05,2026-10-05 21:42:00.944152,7C7AF7,DA40,DIAMOND AIRCRAFT INDUSTRIES INC.,DA 40,eaa4d5a3090cd155e69d4c5c7a2709926f4eec412326c3377f2eb0deb9f8e8bf,True,4
29176,24487,021026_ML.npy,2026-10-05,2026-10-05 21:42:34.530213,7C67D0,C172,CESSNA AIRCRAFT COMPANY,172S,742b26d109cc1658353b1f7271da3eef1e660eab3b08d73a646a5d123fa8ffc5,True,3
29179,24490,021026_ML.npy,2026-10-05,2026-10-05 21:42:37.223167,7C67D0,C172,CESSNA AIRCRAFT COMPANY,172S,7c52bea06d0ea63bca91e6725cbb3564835956bdb9fd6da0bfce6c198979f568,True,1
29188,24499,021026_ML.npy,2026-10-05,2026-10-05 21:42:47.070306,7C67D0,C172,CESSNA AIRCRAFT COMPANY,172S,eaebe9b4e156d47ca655f60d33861005b8c25229e04be1d5ed4ca83b67a1e39c,True,1
29196,24507,021026_ML.npy,2026-10-05,2026-10-05 21:43:00.093726,7C67D0,C172,CESSNA AIRCRAFT COMPANY,172S,7a78cfef460d42cd0d116fdf0e5f6d7ba0cdc7223354a2da0aeca52f580b393a,True,3
29197,24508,021026_ML.npy,2026-10-05,2026-10-05 21:43:00.100897,7C67D0,C172,CESSNA AIRCRAFT COMPANY,172S,0b1c971837578921e93e80a566c893b22c077492b07adad5ac0bbaa5af5dac80,True,1
29203,24514,021026_ML.npy,2026-10-05,2026-10-05 21:43:20.227880,7C67D0,C172,CESSNA AIRCRAFT COMPANY,172S,836931dbdb2b194e06b728593bd58fa7c7eb5cbc16aa7f39a7a7cf35a5958692,True,5
29211,24522,021026_ML.npy,2026-10-05,2026-10-05 21:44:37.548505,7C168A,DA40,DIAMOND AIRCRAFT INDUSTRIES INC.,DA 40,605af1f263b06c8cbf9d796a08f58cfcc7c32c4bbfde2a1165e033731b52ccc3,True,2
29217,24528,021026_ML.npy,2026-10-05,2026-10-05 21:45:20.699549,7C168A,DA40,DIAMOND AIRCRAFT INDUSTRIES INC.,DA 40,dc83f7b7210818bca15d4e2f797efb35e4d18423a2f3568b3a7a98242332bd64,True,5
29226,24537,021026_ML.npy,2026-10-05,2026-10-05 21:46:56.628067,7C67D0,C172,CESSNA AIRCRAFT COMPANY,172S,69d13832838281f7de15ade3a98712d13cf1e87ea8914ac5b9cc62744fe92dd2,True,2
29231,24542,021026_ML.npy,2026-10-05,2026-10-05 21:47:03.802333,7C7AF7,DA40,DIAMOND AIRCRAFT INDUSTRIES INC.,DA 40,e65c68d177d75429a6557d65a324981d52742d74f6be352232559a130acefb94,True,4
29232,24543,021026_ML.npy,2026-10-05,2026-10-05 21:47:07.492098,7C7AF7,DA40,DIAMOND AIRCRAFT INDUSTRIES INC.,DA 40,dc6f7095613cf28d469f5443ecf30490e1ce239f906e32433c8b55c2830b7fae,True,4
29233,24544,021026_ML.npy,2026-10-05,2026-10-05 21:47:09.528683,7C67D0,C172,CESSNA AIRCRAFT COMPANY,172S,bc1385de31d773b72bfb4d07e8f2a37d9f074c55d0c9ef2104f2a5a00d067061,True,3
29244,24555,021026_ML.npy,2026-10-05,2026-10-05 21:47:17.476503,7C67D0,C172,CESSNA AIRCRAFT COMPANY,172S,600ae093305b07a215dcecc5c31f74ea6dc80b47a47fb03ca04498780dfc6a7d,True,5
29253,24564,021026_ML.npy,2026-10-05,2026-10-05 21:47:25.478448,7C67D0,C172,CESSNA AIRCRAFT COMPANY,172S,445526dd8ed8217189907b5ded3779f056d19021d9d1b08c6535f65abb08029a,True,5
29255,24566,021026_ML.npy,2026-10-05,2026-10-05 21:47:26.374957,7C67D0,C172,CESSNA AIRCRAFT COMPANY,172S,445526dd8ed8217189907b5ded3779f056d19021d9d1b08c6535f65abb08029a,True,4
29256,24567,021026_ML.npy,2026-10-05,2026-10-05 21:47:26.907076,7C67D0,C172,CESSNA AIRCRAFT COMPANY,172S,a9c5100bf673022a9e51254f49ae50fdc8edc45434dfd379ea2712a770c71392,True,2
29260,24571,021026_ML.npy,2026-10-05,2026-10-05 21:47:33.933246,7C7AF7,DA40,DIAMOND AIRCRAFT INDUSTRIES INC.,DA 40,b595eada4eaadc1b4f72c46745695f02f52291106688ec0cae74f779144de0b8,True,2
29263,24574,021026_ML.npy,2026-10-05,2026-10-05 21:47:38.531332,7C67D0,C172,CESSNA AIRCRAFT COMPANY,172S,6ed9fae629f464f1c768ee6f3906832d2da96336965159338627b4ac711e2233,True,4
29267,24578,021026_ML.npy,2026-10-05,2026-10-05 21:47:45.486526,7C67D0,C172,CESSNA AIRCRAFT COMPANY,172S,2c3af038c7c328098e796493cf7baa4d478413b2f3a3b86227951e3bd89c59f0,True,5
29276,24587,021026_ML.npy,2026-10-05,2026-10-05 21:47:56.989416,7C67D0,C172,CESSNA AIRCRAFT COMPANY,172S,514b91a8d3b38043d1b0fa14a6a9de2e19ca4e68b8530f578fd06a6502f7c9bf,True,3
29283,24594,021026_ML.npy,2026-10-05,2026-10-05 21:48:00.253372,7C67D0,C172,CESSNA AIRCRAFT COMPANY,172S,742b26d109cc1658353b1f7271da3eef1e660eab3b08d73a646a5d123fa8ffc5,True,1
29287,24598,021026_ML.npy,2026-10-05,2026-10-05 21:48:06.188992,7C67D0,C172,CESSNA AIRCRAFT COMPANY,172S,2bd4704e034c755df72dfdaefbee3d8e6b7d97745b40576c646e7cbdcb07e930,True,4
29290,24601,021026_ML.npy,2026-10-05,2026-10-05 21:48:07.694824,7C67D0,C172,CESSNA AIRCRAFT COMPANY,172S,aa085d645c5274160935df8a79589c847e0751d4ab94f93930ffa35c9a0c86e1,True,5
29293,24604,021026_ML.npy,2026-10-05,2026-10-05 21:48:11.274600,7C67D0,C172,CESSNA AIRCRAFT COMPANY,172S,0dd847b77cef3faff06c810b7f74018bbfc0a416b042cfbc566a9618c09890a6,True,3
29298,24609,021026_ML.npy,2026-10-05,2026-10-05 21:48:15.132118,7C67D0,C172,CESSNA AIRCRAFT COMPANY,172S,69d13832838281f7de15ade3a98712d13cf1e87ea8914ac5b9cc62744fe92dd2,True,5
29302,24613,021026_ML.npy,2026-10-05,2026-10-05 21:48:19.605670,7C67D0,C172,CESSNA AIRCRAFT COMPANY,172S,7c66b15fc4bee124c2630e8605b933e6f4a6f9155d4d03854cdd1809ff380856,True,5
29305,24616,021026_ML.npy,2026-10-05,2026-10-05 21:48:32.996242,7C67D0,C172,CESSNA AIRCRAFT COMPANY,172S,6ed9fae629f464f1c768ee6f3906832d2da96336965159338627b4ac711e2233,True,3
29319,24630,021026_ML.npy,2026-10-05,2026-10-05 21:51:05.261240,7C0379,C172,CESSNA AIRCRAFT COMPANY,172R,b24a8f9b3d66e03e4a6382b006faaebf78efc2a46f42ffbaf048e5da36e739d1,True,4
29323,24634,021026_ML.npy,2026-10-05,2026-10-05 21:51:09.727294,7C7AEF,DA40,DIAMOND AIRCRAFT INDUSTRIES INC.,DA 40,b81b6bc8f14152a4c09d291ed49424d33a2d9d947005ca5a3ff0474a641e166b,True,2
29360,24671,021026_ML.npy,2026-10-05,2026-10-05 21:51:52.727309,7C67D0,C172,CESSNA AIRCRAFT COMPANY,172S,aa96c065912aa2e048a4dc145a0556a655bd07be9e486be2c80fb0d8cd96ac03,True,3
29361,24672,021026_ML.npy,2026-10-05,2026-10-05 21:51:53.074567,7C7AEF,DA40,DIAMOND AIRCRAFT INDUSTRIES INC.,DA 40,2409724186128c9ab8b46b68a5a1ed2d027d84bd119f33ce13a1f3cbf50a4535,True,4
29366,24677,021026_ML.npy,2026-10-05,2026-10-05 21:51:56.049342,7C67D0,C172,CESSNA AIRCRAFT COMPANY,172S,f4b51136c3f4e92b0d3fb83170aeb6de4a763cd2a0c565b619d7dfda444c1aa4,True,2
29393,24704,021026_ML.npy,2026-10-05,2026-10-05 21:52:20.188749,7C67D0,C172,CESSNA AIRCRAFT COMPANY,172S,742b26d109cc1658353b1f7271da3eef1e660eab3b08d73a646a5d123fa8ffc5,True,5
29403,24714,021026_ML.npy,2026-10-05,2026-10-05 21:52:34.780871,7C67D0,C172,CESSNA AIRCRAFT COMPANY,172S,f013df6e9059954309d8ed0684320eb77f1aeadf18029253b077b0bf6a228caf,True,3
29410,24721,021026_ML.npy,2026-10-05,2026-10-05 21:52:52.420243,7C67D0,C172,CESSNA AIRCRAFT COMPANY,172S,9bef7cc771223c1f8245c1be42c4a9548782db1e91474809f9d214bb3f255db2,True,3
29423,24734,021026_ML.npy,2026-10-05,2026-10-05 21:53:05.863735,7C67D0,C172,CESSNA AIRCRAFT COMPANY,172S,742b26d109cc1658353b1f7271da3eef1e660eab3b08d73a646a5d123fa8ffc5,True,1
29427,24738,021026_ML.npy,2026-10-05,2026-10-05 21:53:10.741000,7C67D0,C172,CESSNA AIRCRAFT COMPANY,172S,742b26d109cc1658353b1f7271da3eef1e660eab3b08d73a646a5d123fa8ffc5,True,3
29428,24739,021026_ML.npy,2026-10-05,2026-10-05 21:53:10.849224,7C67D0,C172,CESSNA AIRCRAFT COMPANY,172S,69d13832838281f7de15ade3a98712d13cf1e87ea8914ac5b9cc62744fe92dd2,True,1
29432,24743,021026_ML.npy,2026-10-05,2026-10-05 21:53:23.954052,7C67D0,C172,CESSNA AIRCRAFT COMPANY,172S,f33cb446bf3c9297fabba1a50693732495c6f0690a156005e052c42cb774cadd,True,2
29437,24748,021026_ML.npy,2026-10-05,2026-10-05 21:53:28.268527,7C67D0,C172,CESSNA AIRCRAFT COMPANY,172S,16e85bde3b6350c58ce08de448ce1323aa39f0c82dc3c05aad32b693e36e05fe,True,5
29464,24775,021026_ML.npy,2026-10-05,2026-10-05 21:54:46.294477,7C7AF7,DA40,DIAMOND AIRCRAFT INDUSTRIES INC.,DA 40,0ff1932bb3766eb35838b35ce5845082562557092b7c715abb082d0cef7ecc10,True,1
29467,24778,021026_ML.npy,2026-10-05,2026-10-05 21:54:50.999751,7C7AF7,DA40,DIAMOND AIRCRAFT INDUSTRIES INC.,DA 40,0dbc1504031fc1706f81272e2bd6442cdbf8643d760e94ec6007c5965da34a51,True,4
29478,24789,021026_ML.npy,2026-10-05,2026-10-05 21:55:31.895364,7C7B5E,DA40,DIAMOND AIRCRAFT INDUSTRIES INC.,DA 40,37476fec2da518924d4b386b5142721e5fe4c99f118a0964f93f1fe467acd9ee,True,5
29479,24790,021026_ML.npy,2026-10-05,2026-10-05 21:55:36.190939,7C7B5E,DA40,DIAMOND AIRCRAFT INDUSTRIES INC.,DA 40,a13b016e99a0d13c621f14c392249f42f904bc40257877e3c916f6f9db60da28,True,3
29488,24799,021026_ML.npy,2026-10-05,2026-10-05 21:55:45.968224,7C7B5E,DA40,DIAMOND AIRCRAFT INDUSTRIES INC.,DA 40,6d6f0e5e15cad44196ebeff321c608b0e090bf9e837caf405e2058558eaf19b3,True,2
29500,24811,021026_ML.npy,2026-10-05,2026-10-05 21:56:05.114678,7C7AEF,DA40,DIAMOND AIRCRAFT INDUSTRIES INC.,DA 40,1d9b174ae2d3dd365e65bfa5a1ee580e46415b81fa9facfa862bd7b8ecfe41ee,True,3
29510,24821,021026_ML.npy,2026-10-05,2026-10-05 21:56:11.174615,7C7AEF,DA40,DIAMOND AIRCRAFT INDUSTRIES INC.,DA 40,00a06f69ac6eeb72743e44f399cbffc61510fab27ba22f9af9dd95eea26c1434,True,2
29515,24826,021026_ML.npy,2026-10-05,2026-10-05 21:56:12.476216,7C7AEF,DA40,DIAMOND AIRCRAFT INDUSTRIES INC.,DA 40,7f4474352c7c4159c56d47f1eb4663d0ab4f7778cd0073c67b993352e3a4a68b,True,5
29527,24838,021026_ML.npy,2026-10-05,2026-10-05 21:56:40.491517,7C67D0,C172,CESSNA AIRCRAFT COMPANY,172S,6dc1262a18a5584d3a385f83bf381ebb6903d1b321637c669b923a62739b804c,True,5
29536,24847,021026_ML.npy,2026-10-05,2026-10-05 21:56:47.380738,7C7AEF,DA40,DIAMOND AIRCRAFT INDUSTRIES INC.,DA 40,4f881092e3285c95a801112e843f926f147005975905deb90fe0ce6d140d2c14,True,4
29540,24851,021026_ML.npy,2026-10-05,2026-10-05 21:56:51.220247,7C7AEF,DA40,DIAMOND AIRCRAFT INDUSTRIES INC.,DA 40,0fd7fce6e1449eeced37041b7080b7e2d08b434957c25e6c8b387c11ea69537d,True,2
29549,24860,021026_ML.npy,2026-10-05,2026-10-05 21:57:00.751374,7C7AEF,DA40,DIAMOND AIRCRAFT INDUSTRIES INC.,DA 40,fe631c06f7e1cf430a4607f15da1b7de7fe312433f804c78036df54d9d887b2d,True,5
29556,24867,021026_ML.npy,2026-10-05,2026-10-05 21:57:05.624966,7C67D0,C172,CESSNA AIRCRAFT COMPANY,172S,51f515c80277c308cd04641c9c5bca1e664decbf1a89fb5273c65d3a1da89042,True,3
29558,24869,021026_ML.npy,2026-10-05,2026-10-05 21:57:19.264333,7C67D0,C172,CESSNA AIRCRAFT COMPANY,172S,8d8a49f69f52d9f5237a2e2f2a28c026c590b6928467425f660346bcd7e593fe,True,4
29572,24883,021026_ML.npy,2026-10-05,2026-10-05 21:57:27.463058,7C67D0,C172,CESSNA AIRCRAFT COMPANY,172S,ef7b45b20f266d4a1a7a3a4d9d61b58cc26bef4b478855962b76d9f5ef062dfb,True,3
29577,24888,021026_ML.npy,2026-10-05,2026-10-05 21:57:40.674861,7C67D0,C172,CESSNA AIRCRAFT COMPANY,172S,69d13832838281f7de15ade3a98712d13cf1e87ea8914ac5b9cc62744fe92dd2,True,5
29578,24889,021026_ML.npy,2026-10-05,2026-10-05 21:57:41.131840,7C67D0,C172,CESSNA AIRCRAFT COMPANY,172S,5765576a793523d8cddb93591c665911b8c54e0573b77c860178888ad2576324,True,3
29587,24898,021026_ML.npy,2026-10-05,2026-10-05 21:57:49.090566,7C67D0,C172,CESSNA AIRCRAFT COMPANY,172S,a942b9ea1721509d61764725fa64c862dac3c55636afdb0a263591efd9cd6d63,True,2
29590,24901,021026_ML.npy,2026-10-05,2026-10-05 21:57:53.107599,7C67D0,C172,CESSNA AIRCRAFT COMPANY,172S,69d13832838281f7de15ade3a98712d13cf1e87ea8914ac5b9cc62744fe92dd2,True,5
29599,24910,021026_ML.npy,2026-10-05,2026-10-05 21:58:08.945726,7C67D0,C172,CESSNA AIRCRAFT COMPANY,172S,137aa645950eff7b3d8d1f2a34c7f375812ccd89f0abfac7b700bdf784acbc13,True,4
29609,24920,021026_ML.npy,2026-10-05,2026-10-05 21:58:15.875100,7C67D0,C172,CESSNA AIRCRAFT COMPANY,172S,48af13ba09cd06f933fab59181117833042df718f1e5545684b781dc40b64732,True,2
29616,24927,021026_ML.npy,2026-10-05,2026-10-05 21:58:54.074893,7C7AF7,DA40,DIAMOND AIRCRAFT INDUSTRIES INC.,DA 40,f1fa9ccc31c783d512c3afcde419063374f38cf2c0d243472e4e758bf301207b,True,3
29619,24930,021026_ML.npy,2026-10-05,2026-10-05 21:58:57.200144,7C7AF7,DA40,DIAMOND AIRCRAFT INDUSTRIES INC.,DA 40,33917bd87fa3190a102e7defa064079aaaff35d31fe0c1609722e96b9315f4aa,True,5
29630,24941,021026_ML.npy,2026-10-05,2026-10-05 21:59:29.205196,7C7AF7,DA40,DIAMOND AIRCRAFT INDUSTRIES INC.,DA 40,1b820f6b6050b55bc36928c4762185713c1348cfbf1202f4d705e4392a820723,True,2
29646,24957,021026_ML.npy,2026-10-05,2026-10-05 22:00:19.860726,7C7B5E,DA40,DIAMOND AIRCRAFT INDUSTRIES INC.,DA 40,b16e47ad1089e9f634e25a78d94f3e92796f98d531c183178bd250325ace7875,True,2
29666,24977,021026_ML.npy,2026-10-05,2026-10-05 22:01:09.259774,7C7B5E,DA40,DIAMOND AIRCRAFT INDUSTRIES INC.,DA 40,606005b0074b560bc6ec48a9ecfa69b43813bd0b090fee56f170052a9baff18d,True,1
29672,24983,021026_ML.npy,2026-10-05,2026-10-05 22:01:18.552834,7C7B5E,DA40,DIAMOND AIRCRAFT INDUSTRIES INC.,DA 40,546043c5aa22078dda1cc268c752a4a44074db1e4ea76b12b0702c5d282b2440,True,2
29701,25012,021026_ML.npy,2026-10-05,2026-10-05 22:02:16.115111,7C7AEF,DA40,DIAMOND AIRCRAFT INDUSTRIES INC.,DA 40,2867d6493c7464c68fdb7bcdcb77d195a15df3f85617be50939248ab4845672a,True,4
29703,25014,021026_ML.npy,2026-10-05,2026-10-05 22:02:17.867409,7C67D0,C172,CESSNA AIRCRAFT COMPANY,172S,69d13832838281f7de15ade3a98712d13cf1e87ea8914ac5b9cc62744fe92dd2,True,2
29714,25025,021026_ML.npy,2026-10-05,2026-10-05 22:02:33.155180,7C67D0,C172,CESSNA AIRCRAFT COMPANY,172S,6ed9fae629f464f1c768ee6f3906832d2da96336965159338627b4ac711e2233,True,1
29716,25027,021026_ML.npy,2026-10-05,2026-10-05 22:02:38.084453,7C67D0,C172,CESSNA AIRCRAFT COMPANY,172S,6ed9fae629f464f1c768ee6f3906832d2da96336965159338627b4ac711e2233,True,4
29723,25034,021026_ML.npy,2026-10-05,2026-10-05 22:02:43.087027,7C67D0,C172,CESSNA AIRCRAFT COMPANY,172S,fefd37736447071f21c1991493a0bf6c09c181e1c7f5b6c9c68933fa06efaa39,True,2
29724,25035,021026_ML.npy,2026-10-05,2026-10-05 22:02:43.090580,7C67D0,C172,CESSNA AIRCRAFT COMPANY,172S,a9752e188b020beded8ac5834f5688d99ea091f655505acfae358f9f17c07fc6,True,5
29728,25039,021026_ML.npy,2026-10-05,2026-10-05 22:02:44.535647,7C67D0,C172,CESSNA AIRCRAFT COMPANY,172S,742b26d109cc1658353b1f7271da3eef1e660eab3b08d73a646a5d123fa8ffc5,True,1
29750,25061,021026_ML.npy,2026-10-05,2026-10-05 22:02:59.458383,7C67D0,C172,CESSNA AIRCRAFT COMPANY,172S,a72885672d44eac9fb218b186aca9d4ce5f57dd126b974f47ab3364e8d614bd4,True,5
29754,25065,021026_ML.npy,2026-10-05,2026-10-05 22:03:02.164311,7C67D0,C172,CESSNA AIRCRAFT COMPANY,172S,f0f9ea4b9db1611ff83d6294fe28a93228906c9b628cb50de3efcb2ace63dc07,True,5
29755,25066,021026_ML.npy,2026-10-05,2026-10-05 22:03:02.532999,7C67D0,C172,CESSNA AIRCRAFT COMPANY,172S,82b475e5aec0d35b79c0b7355cb9617aff24804868cd5eea819ad39288d558e7,True,1
29758,25069,021026_ML.npy,2026-10-05,2026-10-05 22:03:03.074076,7C67D0,C172,CESSNA AIRCRAFT COMPANY,172S,a41e3d509a78484c4fa0387b64c4333fed5511f53db11ba4ffa91b76d4235507,True,4
29769,25080,021026_ML.npy,2026-10-05,2026-10-05 22:03:09.699516,7C67D0,C172,CESSNA AIRCRAFT COMPANY,172S,636db2201eedfbcab0d1698d0a5acbd3ba492bd7c73ba29a28fafeb409f42ea1,True,2
29770,25081,021026_ML.npy,2026-10-05,2026-10-05 22:03:10.247450,7C67D0,C172,CESSNA AIRCRAFT COMPANY,172S,641fbac4ce85e0265f1c27822c5a9af4ee7ae1d2e8c7e73bf4a5e96191a66a00,True,1
29776,25087,021026_ML.npy,2026-10-05,2026-10-05 22:03:12.717339,7C67D0,C172,CESSNA AIRCRAFT COMPANY,172S,56ec6598ff351e11a63da2ad84cd452782f9e8ed190feab0c8316568c35063cb,True,5
29789,25100,021026_ML.npy,2026-10-05,2026-10-05 22:03:25.336047,7C67D0,C172,CESSNA AIRCRAFT COMPANY,172S,bf82dfc93e243c5db5140ce62d2604546d8330dc92d4cd7916cbaa90ca1139ad,True,4
29790,25101,021026_ML.npy,2026-10-05,2026-10-05 22:03:25.340919,7C67D0,C172,CESSNA AIRCRAFT COMPANY,172S,abc28977f7d102d6cc411062b9e8aace64edc6484b5354daf6a1ba06a4250c41,True,5
29793,25104,021026_ML.npy,2026-10-05,2026-10-05 22:03:31.624238,7C67D0,C172,CESSNA AIRCRAFT COMPANY,172S,d21aab0fa9c0941ab29ca5e6d46976bb54a975082789dfe761f148a1261e933d,True,4
29794,25105,021026_ML.npy,2026-10-05,2026-10-05 22:03:32.026958,7C67D0,C172,CESSNA AIRCRAFT COMPANY,172S,2922a1f31d64da47490408302bd29ce0cb5e3337f486697012836ca3c26bb3f6,True,5
29798,25109,021026_ML.npy,2026-10-05,2026-10-05 22:03:35.386235,7C67D0,C172,CESSNA AIRCRAFT COMPANY,172S,64b45a2392394122c09b99407d3558d0a427d389156529c5cd1290556b3c35ad,True,1
29809,25120,021026_ML.npy,2026-10-05,2026-10-05 22:03:50.216643,7C7AF7,DA40,DIAMOND AIRCRAFT INDUSTRIES INC.,DA 40,4ed393d317ac1b5626bc1361bb95d02319378230a9efb83a35d9d46d6e968519,True,5
29813,25124,021026_ML.npy,2026-10-05,2026-10-05 22:04:30.334263,7C168B,DA40,DIAMOND AIRCRAFT INDUSTRIES INC.,DA 40,8cbbfa6de34e41b36bdefb7ba3e6d01f19191a97c7ab3ca4d56d634d0a11fc50,True,4
29816,25127,021026_ML.npy,2026-10-05,2026-10-05 22:04:33.740130,7C168B,DA40,DIAMOND AIRCRAFT INDUSTRIES INC.,DA 40,2650768ec0a29a10a2bcc8c6381eab1a84b95726156b405a9b5fda44020015a7,True,3
29831,25142,021026_ML.npy,2026-10-05,2026-10-05 22:05:11.945674,7C7B5E,DA40,DIAMOND AIRCRAFT INDUSTRIES INC.,DA 40,b215dddac76280da5c198af011523c2e8eba72df0a1705c15a0ef81aa52ce0c0,True,2
29853,25164,021026_ML.npy,2026-10-05,2026-10-05 22:06:29.205912,7C7B5E,DA40,DIAMOND AIRCRAFT INDUSTRIES INC.,DA 40,0d2791ffad64130f6bb088ecba2f6b4b2e3dd0ddc8b2cff5de77841771440e87,True,2
29856,25167,021026_ML.npy,2026-10-05,2026-10-05 22:06:33.255597,7C7B5E,DA40,DIAMOND AIRCRAFT INDUSTRIES INC.,DA 40,f836b35e719aa6fcf4e970650d208db574315ae197597d736d03f59e88384733,True,1
29857,25168,021026_ML.npy,2026-10-05,2026-10-05 22:06:34.507399,7C7B5E,DA40,DIAMOND AIRCRAFT INDUSTRIES INC.,DA 40,57415f84058a6a38713fcf38e6399dc17685f0be453d3f4bc1493a2d7259f9cf,True,2
29863,25174,021026_ML.npy,2026-10-05,2026-10-05 22:06:41.894603,7C7B5E,DA40,DIAMOND AIRCRAFT INDUSTRIES INC.,DA 40,5d800a005e51f14f1a89785561aba450df43f6d213d366ead3f753cc0f596657,True,3
29888,25199,021026_ML.npy,2026-10-05,2026-10-05 22:07:33.475451,7C67D0,C172,CESSNA AIRCRAFT COMPANY,172S,6b7ae9a9c93423d88f491b08c95c56d2f42085c86203250b9f52e8951fee713d,True,4
29894,25205,021026_ML.npy,2026-10-05,2026-10-05 22:07:39.797177,7C7AEF,DA40,DIAMOND AIRCRAFT INDUSTRIES INC.,DA 40,4d80a905561b43039a6dedd3b7588f3169ccf65dc6edc7a0a80b6d47e4fcfff3,True,2
29897,25208,021026_ML.npy,2026-10-05,2026-10-05 22:07:43.334909,7C7AEF,DA40,DIAMOND AIRCRAFT INDUSTRIES INC.,DA 40,e74f8aff71e20bfb99fe87f92d5f80c7c98fd4b073ebf14578b0c07da14c2d4d,True,1
29901,25212,021026_ML.npy,2026-10-05,2026-10-05 22:07:50.784684,7C67D0,C172,CESSNA AIRCRAFT COMPANY,172S,5d6e4f344171f0519bbf4e2dab46ef71f596c3c4560c9ff598ba826bd8d15f3f,True,1
29902,25213,021026_ML.npy,2026-10-05,2026-10-05 22:07:52.044018,7C7AEF,DA40,DIAMOND AIRCRAFT INDUSTRIES INC.,DA 40,b5888c9a208bf466967c72019754be812d8742881ec972288baaa8ab0dd52436,True,1
29905,25216,021026_ML.npy,2026-10-05,2026-10-05 22:07:59.709960,7C67D0,C172,CESSNA AIRCRAFT COMPANY,172S,24b9f6ed559d6cdc5cfcc0033b02a2a4af4fd4fdc58dd5afee66efe077720f8b,True,2
29908,25219,021026_ML.npy,2026-10-05,2026-10-05 22:08:01.585789,7C67D0,C172,CESSNA AIRCRAFT COMPANY,172S,f0f9ea4b9db1611ff83d6294fe28a93228906c9b628cb50de3efcb2ace63dc07,True,1
29910,25221,021026_ML.npy,2026-10-05,2026-10-05 22:08:01.735518,7C67D0,C172,CESSNA AIRCRAFT COMPANY,172S,d137bb5fe44a9a4c6401ca2ee23f3d686c5bc377937cc8546d00ba5653ee9bbb,True,1
29912,25223,021026_ML.npy,2026-10-05,2026-10-05 22:08:04.166468,7C67D0,C172,CESSNA AIRCRAFT COMPANY,172S,7954503fbd6198547ed45c123b27fdd41e7f2176234442003336f55756f4e601,True,2
29913,25224,021026_ML.npy,2026-10-05,2026-10-05 22:08:05.067421,7C67D0,C172,CESSNA AIRCRAFT COMPANY,172S,89fec21a7c1c9ba05aec0fcfd6b0d6edc49fd7b0df0e48460f1e795960c14085,True,5
29915,25226,021026_ML.npy,2026-10-05,2026-10-05 22:08:06.157142,7C67D0,C172,CESSNA AIRCRAFT COMPANY,172S,e09ef2c1cd246a52ada4234c4dedc2907348a3e1a2fcb6b735ade5d8f6116920,True,3
29916,25227,021026_ML.npy,2026-10-05,2026-10-05 22:08:06.343483,7C67D0,C172,CESSNA AIRCRAFT COMPANY,172S,dbc9db79bb00f6529c02e07fffb61794eb131cf1d050fc9cb3095ca4329b1a79,True,3
29918,25229,021026_ML.npy,2026-10-05,2026-10-05 22:08:06.946115,7C67D0,C172,CESSNA AIRCRAFT COMPANY,172S,907bf295cac60d5abd5491fc0012914b10988746ba850db11cd1e6d2560594b6,True,2
29929,25240,021026_ML.npy,2026-10-05,2026-10-05 22:08:21.574186,7C67D0,C172,CESSNA AIRCRAFT COMPANY,172S,f0f9ea4b9db1611ff83d6294fe28a93228906c9b628cb50de3efcb2ace63dc07,True,3
29931,25242,021026_ML.npy,2026-10-05,2026-10-05 22:08:22.883357,7C67D0,C172,CESSNA AIRCRAFT COMPANY,172S,6ed9fae629f464f1c768ee6f3906832d2da96336965159338627b4ac711e2233,True,2
29937,25248,021026_ML.npy,2026-10-05,2026-10-05 22:08:29.463066,7C67D0,C172,CESSNA AIRCRAFT COMPANY,172S,b76c98331f63e03a3978b5c94aafa9623fb80854e91a19ab7bbfe3ef8fc0eef5,True,1
29938,25249,021026_ML.npy,2026-10-05,2026-10-05 22:08:29.467923,7C67D0,C172,CESSNA AIRCRAFT COMPANY,172S,6df839ed38542b90345e5e0e319ceade97b798199f840b88422c460bf74a72fd,True,1
29942,25253,021026_ML.npy,2026-10-05,2026-10-05 22:08:31.196467,7C67D0,C172,CESSNA AIRCRAFT COMPANY,172S,e09ef2c1cd246a52ada4234c4dedc2907348a3e1a2fcb6b735ade5d8f6116920,True,2
29948,25259,021026_ML.npy,2026-10-05,2026-10-05 22:08:34.613446,7C67D0,C172,CESSNA AIRCRAFT COMPANY,172S,b4ff67d3177daaee0fd612c072246c0063b389db0ce3d89940dad784f694f0ee,True,1
29950,25261,021026_ML.npy,2026-10-05,2026-10-05 22:08:36.467992,7C0074,C172,CESSNA AIRCRAFT COMPANY,172S,e1ddffc1c0629d0f5619070e45e9c7100527e2b5fb3a34d5935cebb744999ef7,True,1
29956,25267,021026_ML.npy,2026-10-05,2026-10-05 22:08:37.899850,7C67D0,C172,CESSNA AIRCRAFT COMPANY,172S,6ed9fae629f464f1c768ee6f3906832d2da96336965159338627b4ac711e2233,True,5
29959,25270,021026_ML.npy,2026-10-05,2026-10-05 22:08:42.009132,7C67D0,C172,CESSNA AIRCRAFT COMPANY,172S,fa88ac90a63663137ed10430f7dcb9f7c20fa83e9abf28109b203fa5f9cbc6bf,True,4
29967,25278,021026_ML.npy,2026-10-05,2026-10-05 22:08:47.438532,7C67D0,C172,CESSNA AIRCRAFT COMPANY,172S,e09ef2c1cd246a52ada4234c4dedc2907348a3e1a2fcb6b735ade5d8f6116920,True,4
29978,25289,021026_ML.npy,2026-10-05,2026-10-05 22:09:08.506711,7C67D0,C172,CESSNA AIRCRAFT COMPANY,172S,0301632eed0c4b4299ebd2b8032987361c22ff1ad913e63ad66847db5a540f3b,True,2
30016,25327,021026_ML.npy,2026-10-05,2026-10-05 22:11:33.003767,7C7AEF,DA40,DIAMOND AIRCRAFT INDUSTRIES INC.,DA 40,78b0d33b20845b470552846082a009476c48992d077b1b46d293abddaea4c2c4,True,1
30064,25375,021026_ML.npy,2026-10-05,2026-10-05 22:12:38.924793,7C7AEF,DA40,DIAMOND AIRCRAFT INDUSTRIES INC.,DA 40,34d5016114286aba1721d6568dce8e8ead4e9e858f4873cf43a87411a5e4f392,True,4
30072,25383,021026_ML.npy,2026-10-05,2026-10-05 22:12:54.035883,7C7AEF,DA40,DIAMOND AIRCRAFT INDUSTRIES INC.,DA 40,94d14e61da0ca5c56470b92710f2237442b7e9b42598d00c6e7910765ff37851,True,2
30074,25385,021026_ML.npy,2026-10-05,2026-10-05 22:12:54.797919,7C67D0,C172,CESSNA AIRCRAFT COMPANY,172S,5cacbe8aa4505c184522ce89b68c9a7f4631828a21162df5a0937310d9d4e79f,True,1
30079,25390,021026_ML.npy,2026-10-05,2026-10-05 22:13:00.791337,7C67D0,C172,CESSNA AIRCRAFT COMPANY,172S,727d4cb87891a163b02da49ef8aa434c832c80585f1c034187dc12fd71f9b2df,True,4
30083,25394,021026_ML.npy,2026-10-05,2026-10-05 22:13:06.417444,7C67D0,C172,CESSNA AIRCRAFT COMPANY,172S,6daf71f96a7e158b3febfdb2948dce87252640faa5281b34e7af1d20ec11ba40,True,3
30088,25399,021026_ML.npy,2026-10-05,2026-10-05 22:13:30.076752,7C67D0,C172,CESSNA AIRCRAFT COMPANY,172S,52f8e7ea92db2a9c89070664ceb2a85803e2e6e059df920fc6439e0b64439f14,True,3
30089,25400,021026_ML.npy,2026-10-05,2026-10-05 22:13:35.987114,7C67D0,C172,CESSNA AIRCRAFT COMPANY,172S,f0186fc0654004fd4018186d1c843fc299f832c2f4729fbe40ca5e0ccb7a5990,True,3
30092,25403,021026_ML.npy,2026-10-05,2026-10-05 22:13:40.889077,7C67D0,C172,CESSNA AIRCRAFT COMPANY,172S,e09ef2c1cd246a52ada4234c4dedc2907348a3e1a2fcb6b735ade5d8f6116920,True,5
30101,25412,021026_ML.npy,2026-10-05,2026-10-05 22:13:55.013413,7C67D0,C172,CESSNA AIRCRAFT COMPANY,172S,fe7efb68e4a7841cf9b4b03808d8a9422a3b660378a845b76808a61bcf228edc,True,2
30107,25418,021026_ML.npy,2026-10-05,2026-10-05 22:14:07.203057,7C67D0,C172,CESSNA AIRCRAFT COMPANY,172S,6ed9fae629f464f1c768ee6f3906832d2da96336965159338627b4ac711e2233,True,3
30115,25426,021026_ML.npy,2026-10-05,2026-10-05 22:14:17.039000,7C67D0,C172,CESSNA AIRCRAFT COMPANY,172S,5b256f23e88238588c817deacd1edeaa3cc652e09a615045f02dae4131e8a447,True,2
30120,25431,021026_ML.npy,2026-10-05,2026-10-05 22:14:24.044114,7C67D0,C172,CESSNA AIRCRAFT COMPANY,172S,337fad057005dced4fa9e6b76558fe37e2f137c453b06cc96141da0b307a7c45,True,5
30122,25433,021026_ML.npy,2026-10-05,2026-10-05 22:14:24.467834,7C67D0,C172,CESSNA AIRCRAFT COMPANY,172S,c93fb098bac62ffb83698beb543c4b57771d50d9a1bbb9604b62150356112ad0,True,3
30124,25435,021026_ML.npy,2026-10-05,2026-10-05 22:14:24.549670,7C67D0,C172,CESSNA AIRCRAFT COMPANY,172S,742b26d109cc1658353b1f7271da3eef1e660eab3b08d73a646a5d123fa8ffc5,True,3
30133,25444,021026_ML.npy,2026-10-05,2026-10-05 22:16:19.539735,7C7AEF,DA40,DIAMOND AIRCRAFT INDUSTRIES INC.,DA 40,a4a7a985da429de0e78382d0425d34b149fd78852a162d3da5c08917500a2a2e,True,2
30139,25450,021026_ML.npy,2026-10-05,2026-10-05 22:17:11.190436,7C7AEF,DA40,DIAMOND AIRCRAFT INDUSTRIES INC.,DA 40,b6444c82350cbf6fd757729f2f4d69ca9d017b656633887a5132fbb7ca5970d7,True,5
30158,25469,021026_ML.npy,2026-10-05,2026-10-05 22:17:40.689658,7C7AEF,DA40,DIAMOND AIRCRAFT INDUSTRIES INC.,DA 40,fd8f070e187e8fb490b366796a0bdb77b73639d960e0a1baa9b271d515a00ea0,True,5
30161,25472,021026_ML.npy,2026-10-05,2026-10-05 22:17:46.293242,7C7AEF,DA40,DIAMOND AIRCRAFT INDUSTRIES INC.,DA 40,d7685f1afb59ed8589e9d3a6e453b8d2e207c82282810f8958c5160d243e25d6,True,5
30174,25485,021026_ML.npy,2026-10-05,2026-10-05 22:17:59.661871,7C7AEF,DA40,DIAMOND AIRCRAFT INDUSTRIES INC.,DA 40,bb9a486ad18a1d025fe873266e0c93d41f59885381104a2534e1382a1ad54815,True,5
30179,25490,021026_ML.npy,2026-10-05,2026-10-05 22:18:04.751428,7C7AEF,DA40,DIAMOND AIRCRAFT INDUSTRIES INC.,DA 40,8ab1194ca7f9997263761d9cd5d77170cf8c91fd1d91b7ae41bc44a0289bf422,True,2
30181,25492,021026_ML.npy,2026-10-05,2026-10-05 22:18:06.599316,7C7AEF,DA40,DIAMOND AIRCRAFT INDUSTRIES INC.,DA 40,1adad2784817d8e4409bb717e3840fc2bc9e0818c7ffaf4e0bb5a7971db72381,True,4
30182,25493,021026_ML.npy,2026-10-05,2026-10-05 22:18:06.788204,7C67D0,C172,CESSNA AIRCRAFT COMPANY,172S,86ee19a6590f961b8471d3bd8c5e15adb592e664d79c72bd2f456312e004f44a,True,4
30192,25503,021026_ML.npy,2026-10-05,2026-10-05 22:18:17.306517,7C67D0,C172,CESSNA AIRCRAFT COMPANY,172S,ee316f6cc1dd9d335b2c84015ce2065246ae613315264d31214d4100471d66c0,True,2
30201,25512,021026_ML.npy,2026-10-05,2026-10-05 22:18:44.771856,7C67D0,C172,CESSNA AIRCRAFT COMPANY,172S,742b26d109cc1658353b1f7271da3eef1e660eab3b08d73a646a5d123fa8ffc5,True,4
30204,25515,021026_ML.npy,2026-10-05,2026-10-05 22:18:46.989590,7C67D0,C172,CESSNA AIRCRAFT COMPANY,172S,e09ef2c1cd246a52ada4234c4dedc2907348a3e1a2fcb6b735ade5d8f6116920,True,5
30213,25524,021026_ML.npy,2026-10-05,2026-10-05 22:19:01.837029,7C67D0,C172,CESSNA AIRCRAFT COMPANY,172S,1a58e560ef5ac9cd304f5161b6dd28bc48bb4ab93ee1dcac8ee9cc08349489eb,True,5
30222,25533,021026_ML.npy,2026-10-05,2026-10-05 22:19:12.054406,7C67D0,C172,CESSNA AIRCRAFT COMPANY,172S,e09ef2c1cd246a52ada4234c4dedc2907348a3e1a2fcb6b735ade5d8f6116920,True,3
30231,25542,021026_ML.npy,2026-10-05,2026-10-05 22:19:23.391194,7C67D0,C172,CESSNA AIRCRAFT COMPANY,172S,38819829e939d4b3452d3156a2c4a098cca9577d15842fb0e949aba608fdcdca,True,4
30232,25543,021026_ML.npy,2026-10-05,2026-10-05 22:19:23.396872,7C67D0,C172,CESSNA AIRCRAFT COMPANY,172S,fdfecb847c6eb1e1eab0e2755c75c297e613e7a2f626b6515dd2813bbb6328c9,True,4
30288,25599,021026_ML.npy,2026-10-05,2026-10-05 22:23:09.454404,7C67D0,C172,CESSNA AIRCRAFT COMPANY,172S,c77fc597d5bb4b6926f904bcc940dc93bd16f258b924bfd20173e8688d8a25f0,True,2
30295,25606,021026_ML.npy,2026-10-05,2026-10-05 22:23:19.480192,7C67D0,C172,CESSNA AIRCRAFT COMPANY,172S,a081a8338474c37fcd3ff2f177a6e3b950ac42daaa7f379d27873367537d5386,True,4
30302,25613,021026_ML.npy,2026-10-05,2026-10-05 22:23:24.729906,7C67D0,C172,CESSNA AIRCRAFT COMPANY,172S,3ce8b001bb293f6f9c33dd31f2ae9f915e2cff1bd097240e3204fdeb2a86a113,True,2
30315,25626,021026_ML.npy,2026-10-05,2026-10-05 22:23:36.278991,7C67D0,C172,CESSNA AIRCRAFT COMPANY,172S,f2bb672f27ca12996c72bebd605c438e89a336f15ee9399d025dc6570b12a4f5,True,3
30323,25634,021026_ML.npy,2026-10-05,2026-10-05 22:23:45.705928,7C67D0,C172,CESSNA AIRCRAFT COMPANY,172S,27da02f829a52aefa9658d16139da0431ef1057d7279c9621afd4d92ad2d2dd9,True,3
30332,25643,021026_ML.npy,2026-10-05,2026-10-05 22:23:52.046202,7C67D0,C172,CESSNA AIRCRAFT COMPANY,172S,c4be0a2c12c682f16cae05554eb33748f9971c0538f009aa004f560e3f083274,True,2
30333,25644,021026_ML.npy,2026-10-05,2026-10-05 22:23:52.635362,7C67D0,C172,CESSNA AIRCRAFT COMPANY,172S,fd9e01cc3a536e3b64e5a2dce56b65cfc04920488493e75c4cf768e854de5764,True,5
30348,25659,021026_ML.npy,2026-10-05,2026-10-05 22:24:13.668486,7C67D0,C172,CESSNA AIRCRAFT COMPANY,172S,86e1b69c77a15c2dcd5b8cba3b977669a83b249351c4b595a9db04290a72ce4d,True,3
30350,25661,021026_ML.npy,2026-10-05,2026-10-05 22:24:16.292709,7C67D0,C172,CESSNA AIRCRAFT COMPANY,172S,e09ef2c1cd246a52ada4234c4dedc2907348a3e1a2fcb6b735ade5d8f6116920,True,2
30358,25669,021026_ML.npy,2026-10-05,2026-10-05 22:26:04.294720,7C7B5F,DA40,DIAMOND AIRCRAFT INDUSTRIES INC.,DA 40,cd9a6fdb3e3c9ed3b6a52dbf38a5db25209b7ab3830711e667d02a21483d075a,True,3
30413,25724,021026_ML.npy,2026-10-05,2026-10-05 22:27:41.693943,7C67D0,C172,CESSNA AIRCRAFT COMPANY,172S,e09ef2c1cd246a52ada4234c4dedc2907348a3e1a2fcb6b735ade5d8f6116920,True,1
30414,25725,021026_ML.npy,2026-10-05,2026-10-05 22:27:42.189525,7C67D0,C172,CESSNA AIRCRAFT COMPANY,172S,703b637820f0500d7f2c7968c4b7aac8365a12db5161d220c46a5e67a31dacaf,True,4
30431,25742,021026_ML.npy,2026-10-05,2026-10-05 22:28:14.274378,7C67D0,C172,CESSNA AIRCRAFT COMPANY,172S,08d38e083fb1c4e976dd5db3c579222324764a031f415a5b14601312a572ed3f,True,3
30432,25743,021026_ML.npy,2026-10-05,2026-10-05 22:28:15.806146,7C67D0,C172,CESSNA AIRCRAFT COMPANY,172S,ff6feca7619b720adc9b031575e11a16e2f09a2aeeb0af482f777b416c49ff56,True,1
30436,25747,021026_ML.npy,2026-10-05,2026-10-05 22:28:19.345219,7C67D0,C172,CESSNA AIRCRAFT COMPANY,172S,e01826b9c9c99f6f3cc783e22a223bb1893003dadbf9a975112023e38c266882,True,5
30439,25750,021026_ML.npy,2026-10-05,2026-10-05 22:28:24.393559,7C67D0,C172,CESSNA AIRCRAFT COMPANY,172S,6ed9fae629f464f1c768ee6f3906832d2da96336965159338627b4ac711e2233,True,2
30444,25755,021026_ML.npy,2026-10-05,2026-10-05 22:28:31.532066,7C67D0,C172,CESSNA AIRCRAFT COMPANY,172S,367e1b7b67a46c3bd4c9064a574eb4c1977d7dd42b002c6b398e36d78e73fb6c,True,4
30452,25763,021026_ML.npy,2026-10-05,2026-10-05 22:28:40.270507,7C67D0,C172,CESSNA AIRCRAFT COMPANY,172S,afc40c4736799c35813a6973968ac6ee5c4d69346dbe6ff596bd8f1819173974,True,3
30455,25766,021026_ML.npy,2026-10-05,2026-10-05 22:28:42.047663,7C67D0,C172,CESSNA AIRCRAFT COMPANY,172S,7efe2652d44367e4e54cf45d9b2d8129baacb96b972743b3f5aad4f578ea6ab4,True,1
30456,25767,021026_ML.npy,2026-10-05,2026-10-05 22:28:42.844986,7C67D0,C172,CESSNA AIRCRAFT COMPANY,172S,e09ef2c1cd246a52ada4234c4dedc2907348a3e1a2fcb6b735ade5d8f6116920,True,1
30462,25773,021026_ML.npy,2026-10-05,2026-10-05 22:28:46.705293,7C67D0,C172,CESSNA AIRCRAFT COMPANY,172S,3bd2a88e229175038700f37bf8d532b57f7afe2732b8e9259459e1a81ef2a65d,True,3
30465,25776,021026_ML.npy,2026-10-05,2026-10-05 22:28:49.043010,7C67D0,C172,CESSNA AIRCRAFT COMPANY,172S,6ed9fae629f464f1c768ee6f3906832d2da96336965159338627b4ac711e2233,True,4
30466,25777,021026_ML.npy,2026-10-05,2026-10-05 22:28:50.607842,7C67D0,C172,CESSNA AIRCRAFT COMPANY,172S,742b26d109cc1658353b1f7271da3eef1e660eab3b08d73a646a5d123fa8ffc5,True,5
30468,25779,021026_ML.npy,2026-10-05,2026-10-05 22:28:54.531705,7C67D0,C172,CESSNA AIRCRAFT COMPANY,172S,9ced9d91f058d28f789c497f57af8623e506a415e0ce66eeb4251670a0d05deb,True,4
30471,25782,021026_ML.npy,2026-10-05,2026-10-05 22:28:58.597459,7C67D0,C172,CESSNA AIRCRAFT COMPANY,172S,f0f9ea4b9db1611ff83d6294fe28a93228906c9b628cb50de3efcb2ace63dc07,True,1
30479,25790,021026_ML.npy,2026-10-05,2026-10-05 22:29:05.636957,7C67D0,C172,CESSNA AIRCRAFT COMPANY,172S,15032e12803c7a240cea1197776351c4c50562bfafc6811475f8947e97d3bb8f,True,2
30483,25794,021026_ML.npy,2026-10-05,2026-10-05 22:29:09.679537,7C67D0,C172,CESSNA AIRCRAFT COMPANY,172S,d803e0cc74ecbcc7d752c6c3faddf96c9258fcfe85155037390b1699704ec61d,True,2
30486,25797,021026_ML.npy,2026-10-05,2026-10-05 22:29:15.244147,7C67D0,C172,CESSNA AIRCRAFT COMPANY,172S,1bace791535f21d7883696e7f177655a7cd6940b85f37d67a7f2986fb77c8df8,True,5
30490,25801,021026_ML.npy,2026-10-05,2026-10-05 22:32:28.794430,7C67D0,C172,CESSNA AIRCRAFT COMPANY,172S,0b6f52aa8bc179bc0f5e2a0a2984ca59ebe97ed0eabbecb1f16bf0aa18b9cc73,True,4
30491,25802,021026_ML.npy,2026-10-05,2026-10-05 22:32:28.800389,7C67D0,C172,CESSNA AIRCRAFT COMPANY,172S,b203eaa8ce2398d0542bbdab87459717e53b5e5b18da813d525516e7995036b5,True,5
30500,25811,021026_ML.npy,2026-10-05,2026-10-05 22:32:55.371124,7C67D0,C172,CESSNA AIRCRAFT COMPANY,172S,8365f524ed4dea1f79d5f030a1d77555ac1dd6e9fa22eddd17a9fa60d538f229,True,5
30502,25813,021026_ML.npy,2026-10-05,2026-10-05 22:32:57.291673,7C67D0,C172,CESSNA AIRCRAFT COMPANY,172S,16673ec0c40393c3b5a64e437dc533afaabbb7b520762b4442cdd14caf7ab966,True,5
30504,25815,021026_ML.npy,2026-10-05,2026-10-05 22:32:59.957978,7C2647,C172,CESSNA AIRCRAFT COMPANY,R172K,2f525d28071b864f4f4dc3313246246756fc292bfdb8a7f46128970a1e2dd022,True,4
30512,25823,021026_ML.npy,2026-10-05,2026-10-05 22:33:13.614533,7C67D0,C172,CESSNA AIRCRAFT COMPANY,172S,f0f9ea4b9db1611ff83d6294fe28a93228906c9b628cb50de3efcb2ace63dc07,True,3
30514,25825,021026_ML.npy,2026-10-05,2026-10-05 22:33:14.684995,7C67D0,C172,CESSNA AIRCRAFT COMPANY,172S,f11cdee988353e0a001140e38e6af72f3c4969057950e5584e80179be85e6273,True,2
30518,25829,021026_ML.npy,2026-10-05,2026-10-05 22:33:17.274172,7C67D0,C172,CESSNA AIRCRAFT COMPANY,172S,e09ef2c1cd246a52ada4234c4dedc2907348a3e1a2fcb6b735ade5d8f6116920,True,1
30526,25837,021026_ML.npy,2026-10-05,2026-10-05 22:33:26.484143,7C67D0,C172,CESSNA AIRCRAFT COMPANY,172S,8593928ddc1dc25b5e22410305a8a8debe0b776bf4a3b99911bc852b1b2260af,True,4
30527,25838,021026_ML.npy,2026-10-05,2026-10-05 22:33:27.055131,7C67D0,C172,CESSNA AIRCRAFT COMPANY,172S,56cdeceb145c088f782a06746246e6a9d571f7e0ca51b52337de09bdde870675,True,2
30536,25847,021026_ML.npy,2026-10-05,2026-10-05 22:33:39.761431,7C67D0,C172,CESSNA AIRCRAFT COMPANY,172S,742b26d109cc1658353b1f7271da3eef1e660eab3b08d73a646a5d123fa8ffc5,True,1
30546,25857,021026_ML.npy,2026-10-05,2026-10-05 22:33:54.664749,7C67D0,C172,CESSNA AIRCRAFT COMPANY,172S,edc87077f4c7019c7fa69245b474c326e6624dcc045cf510de5dd857092acda9,True,3
30581,25892,021026_ML.npy,2026-10-05,2026-10-05 22:41:22.314039,7C41FD,DA40,DIAMOND AIRCRAFT INDUSTRIES INC.,DA 40,09b0cfb4b10d07c12a6e3ccc57baaefa6e872c067d7414dde4b9017db9cc645a,True,2
30588,25899,021026_ML.npy,2026-10-05,2026-10-05 22:41:37.082826,7C41FD,DA40,DIAMOND AIRCRAFT INDUSTRIES INC.,DA 40,6f5ee31fdd82f45104ceefc172be616f92a9513da43962a1334f675091d25660,True,5
30601,25912,021026_ML.npy,2026-10-05,2026-10-05 22:42:09.858681,7C41FD,DA40,DIAMOND AIRCRAFT INDUSTRIES INC.,DA 40,06c4a57d3cbac2fcdb71a19f0e01fb95927f0531edb382ce7dc9f9f9a8f1570b,True,2
30624,25935,021026_ML.npy,2026-10-05,2026-10-05 22:46:05.088899,7C41FD,DA40,DIAMOND AIRCRAFT INDUSTRIES INC.,DA 40,deb73d9c45e4df0d50635c8fbfe633d8bae7aeb0b96e0167111b06a07c3efbed,True,2
30630,25941,021026_ML.npy,2026-10-05,2026-10-05 22:46:16.438482,7C41FD,DA40,DIAMOND AIRCRAFT INDUSTRIES INC.,DA 40,63f3dc3a98cfaae3987f926103df98648018eb4fd7932d1c1582d6b769fecc92,True,5
30632,25943,021026_ML.npy,2026-10-05,2026-10-05 22:46:19.433291,7C41FD,DA40,DIAMOND AIRCRAFT INDUSTRIES INC.,DA 40,9778e7c2296d34e86972267a57af2868682d8a9646ecfe9b6c88c688941ddc00,True,2
30656,25967,021026_ML.npy,2026-10-05,2026-10-05 22:46:50.278605,7C41FD,DA40,DIAMOND AIRCRAFT INDUSTRIES INC.,DA 40,2d720149bf44b62d0d0033978a848a73cf30e03ef8e2bf4178ea4e1f15ba7078,True,2
30657,25968,021026_ML.npy,2026-10-05,2026-10-05 22:46:50.768943,7C41FD,DA40,DIAMOND AIRCRAFT INDUSTRIES INC.,DA 40,c10d9b0fd38c8477f6aece9bd7c4952731a0fe3d7eb24b16869d7076d58cc1a6,True,2
30660,25971,021026_ML.npy,2026-10-05,2026-10-05 22:46:57.874873,7C41FD,DA40,DIAMOND AIRCRAFT INDUSTRIES INC.,DA 40,8d9153c310751ca64d2298d3260c294cad81253a5efbf854935e3ab821a271d1,True,1
30684,25995,021026_ML.npy,2026-10-05,2026-10-05 22:50:49.283770,7C41FD,DA40,DIAMOND AIRCRAFT INDUSTRIES INC.,DA 40,e72e5f796732a65887e05e087e35c972934e38ff8a2cb9c0ab8c2c56adc47e9f,True,3
30685,25996,021026_ML.npy,2026-10-05,2026-10-05 22:50:49.287893,7C41FD,DA40,DIAMOND AIRCRAFT INDUSTRIES INC.,DA 40,2c5a012d86410fc86f6933a289d689599f1270432dd256dd610b739c3cab8569,True,1
30689,26000,021026_ML.npy,2026-10-05,2026-10-05 22:50:52.627929,7C41FD,DA40,DIAMOND AIRCRAFT INDUSTRIES INC.,DA 40,2327e710a3fbfa93b1e7afa4e2167259efe17665bd8de781c945b11f03783c01,True,5
30698,26009,021026_ML.npy,2026-10-05,2026-10-05 22:51:06.303732,7C41FD,DA40,DIAMOND AIRCRAFT INDUSTRIES INC.,DA 40,2b81515879393675abcd4026c4d3f2d9657c4a4836b9da3990ab72373b5cb108,True,5
30737,26048,021026_ML.npy,2026-10-05,2026-10-05 22:51:45.037909,7C1697,DA40,DIAMOND AIRCRAFT INDUSTRIES INC.,DA 40,62d2b0113c73a0c463cae92807c67f289518bb639e8fedaca32908eaf2b92bbe,True,2
30764,26075,021026_ML.npy,2026-10-05,2026-10-05 22:52:31.188415,7C1697,DA40,DIAMOND AIRCRAFT INDUSTRIES INC.,DA 40,15ad6b17e4dbead39dfdc777891dc70dc2cd42476dda1fdca7dc836bf87b045e,True,5
30775,26086,021026_ML.npy,2026-10-05,2026-10-05 22:52:53.684782,7C1697,DA40,DIAMOND AIRCRAFT INDUSTRIES INC.,DA 40,56aa7c3b941bde66c33460f6df3ce0783107a5f1bb02454fa6cc022e9e842928,True,2
30783,26094,021026_ML.npy,2026-10-05,2026-10-05 22:56:40.012368,7C1697,DA40,DIAMOND AIRCRAFT INDUSTRIES INC.,DA 40,fa637ada869bf8cb1a66ecd7c7c3d7adc17a22c0889a844fbc5573231fe2f1b2,True,3
30795,26106,021026_ML.npy,2026-10-05,2026-10-05 22:57:00.836183,7C1697,DA40,DIAMOND AIRCRAFT INDUSTRIES INC.,DA 40,659551f9516dd2992bb427edf90ce86f2e82f2cfc1451e6967eca244cfcd2a8b,True,3
30833,26144,021026_ML.npy,2026-10-05,2026-10-05 22:59:53.168427,7C7B61,DA40,DIAMOND AIRCRAFT INDUSTRIES INC.,DA 40,80dd50248a7446745b464c70fa6052b2e9b2cfbd5952e70867f16726002401a3,True,5
30859,26170,021026_ML.npy,2026-10-05,2026-10-05 23:00:38.451206,7C1697,DA40,DIAMOND AIRCRAFT INDUSTRIES INC.,DA 40,9c55e0dd0ac48a7b97ae93b0e3f67a2782734de7899aeb168a6bf925c7e0c2d2,True,2
30866,26177,021026_ML.npy,2026-10-05,2026-10-05 23:00:49.898391,7C1697,DA40,DIAMOND AIRCRAFT INDUSTRIES INC.,DA 40,3338e90b6ca35fba132673ba6c5bf8651199312e4775e886c052755a5028f27c,True,1
30893,26204,021026_ML.npy,2026-10-05,2026-10-05 23:04:07.298205,7C1697,DA40,DIAMOND AIRCRAFT INDUSTRIES INC.,DA 40,c2365fbf3226319f9e72281818d5723dcde02ce6a1b932ca0dc7ee71d4469dae,True,2
30925,26236,021026_ML.npy,2026-10-05,2026-10-05 23:06:22.495724,7C0077,DA40,DIAMOND AIRCRAFT INDUSTRIES INC.,DA 40,bc8ceee4a522749ec9175ff8d151d4c51042db33bf629a2e8528ab3f71f1f5e0,True,5
30942,26253,021026_ML.npy,2026-10-05,2026-10-05 23:06:46.817401,7C0379,C172,CESSNA AIRCRAFT COMPANY,172R,ae679820665aa63c0a2fbbdfa8c47a7e32a37d8419b8a1e7f37146395328250b,True,4
30950,26261,021026_ML.npy,2026-10-05,2026-10-05 23:06:57.564639,7C0379,C172,CESSNA AIRCRAFT COMPANY,172R,ebb120c86b291a924e773dc7ae27e6728a13b2a9eaf660e14a8bf45f038fd4bd,True,5
30956,26267,021026_ML.npy,2026-10-05,2026-10-05 23:07:07.788481,7C0379,C172,CESSNA AIRCRAFT COMPANY,172R,5f062f5c39925d3cde389f6d219f93cb1e0ce16b6cb0d4467fbb84a7d6575270,True,2
30960,26271,021026_ML.npy,2026-10-05,2026-10-05 23:07:16.194572,7C0379,C172,CESSNA AIRCRAFT COMPANY,172R,9d1aa33c3953ae4fb4b9f9863e78013b2e5a7a3839f5409d49f761f4002b941f,True,2
30963,26274,021026_ML.npy,2026-10-05,2026-10-05 23:07:17.462468,7C0379,C172,CESSNA AIRCRAFT COMPANY,172R,7ca912709b35ba7615dc97bab2e352091e2334051a5bcb96190e415499d9162c,True,3
30987,26298,021026_ML.npy,2026-10-05,2026-10-05 23:08:24.633572,7C7B5E,DA40,DIAMOND AIRCRAFT INDUSTRIES INC.,DA 40,f831956c0a10dc49cdaa113ea1953d04c38b97daa160f6e485616588d1a99f5f,True,2
30988,26299,021026_ML.npy,2026-10-05,2026-10-05 23:08:25.621874,7C7B5E,DA40,DIAMOND AIRCRAFT INDUSTRIES INC.,DA 40,6a101a79aed724d6765ad085c8b3db085bf813201cf2e34bf8bf1c8906d4b1c2,True,5
30992,26303,021026_ML.npy,2026-10-05,2026-10-05 23:08:30.673517,7C7B5E,DA40,DIAMOND AIRCRAFT INDUSTRIES INC.,DA 40,541d56d1f183401a51ac76e4bfafbef14c8367bc72bfb79f8c45dac0dc479089,True,1
31001,26312,021026_ML.npy,2026-10-05,2026-10-05 23:08:49.331026,7C7B5E,DA40,DIAMOND AIRCRAFT INDUSTRIES INC.,DA 40,c1e783a73ec07c1d5b68c609ea9570e251fd3a7bacb038ad7894ebb13563d289,True,4
31014,26325,021026_ML.npy,2026-10-05,2026-10-05 23:09:16.084494,7C1697,DA40,DIAMOND AIRCRAFT INDUSTRIES INC.,DA 40,a5ccd2c70eb06f2efe21c5069579469366efb9af6928b63ff4a7c70100e2fd0c,True,4
31017,26328,021026_ML.npy,2026-10-05,2026-10-05 23:09:27.965741,7C1697,DA40,DIAMOND AIRCRAFT INDUSTRIES INC.,DA 40,2d5ac88c02da4b22ea69e55ea0fc13adeb1734e93cb5f68ed9a8aca16ef99f2b,True,1
31021,26332,021026_ML.npy,2026-10-05,2026-10-05 23:09:33.980142,7C1697,DA40,DIAMOND AIRCRAFT INDUSTRIES INC.,DA 40,43222fb440ae78eaeff1395c5f10d7e36b7db3631ee932c60325a8794cc7c886,True,3
31034,26345,021026_ML.npy,2026-10-05,2026-10-05 23:09:56.530375,7C1697,DA40,DIAMOND AIRCRAFT INDUSTRIES INC.,DA 40,6b4b43eee840d3ac48dfe940aace6af47389e4ee7880c7ab6ba225be345b6db9,True,3
31063,26374,021026_ML.npy,2026-10-05,2026-10-05 23:11:07.746853,7C1687,DA40,DIAMOND AIRCRAFT INDUSTRIES INC.,DA 40,9ea66f0fc84165969c88dd04aaeb729d953dc95a30287f25c6a1c6c08bf67907,True,3
31092,26403,021026_ML.npy,2026-10-05,2026-10-05 23:12:29.786229,7C1687,DA40,DIAMOND AIRCRAFT INDUSTRIES INC.,DA 40,6cd718294dd50a7a67be52de55aefafb98f822ddcbc7805dc792e6115583c70e,True,2
31120,26431,021026_ML.npy,2026-10-05,2026-10-05 23:13:51.373003,7C7B5E,DA40,DIAMOND AIRCRAFT INDUSTRIES INC.,DA 40,3a0d291d1451e9a125174fdbe44f6cb2161ec5b9b56ab58f8aac140335a3a23d,True,2
31124,26435,021026_ML.npy,2026-10-05,2026-10-05 23:13:57.212149,7C7B5E,DA40,DIAMOND AIRCRAFT INDUSTRIES INC.,DA 40,72bf31a2fdfbd139c1a4ccac04c9651a8b0c0ba48cce20d5d883446fb5954b66,True,4
31148,26459,021026_ML.npy,2026-10-05,2026-10-05 23:15:01.431871,7C0077,DA40,DIAMOND AIRCRAFT INDUSTRIES INC.,DA 40,bc8ceee4a522749ec9175ff8d151d4c51042db33bf629a2e8528ab3f71f1f5e0,True,3
31154,26465,021026_ML.npy,2026-10-05,2026-10-05 23:15:04.882662,7C1697,DA40,DIAMOND AIRCRAFT INDUSTRIES INC.,DA 40,77aa3afc2e1e324fdc51e799ca62b76ddc8b58b6fd7c4c1fd038b2a4ea2e336a,True,1
31181,26492,021026_ML.npy,2026-10-05,2026-10-05 23:15:53.149634,7C1687,DA40,DIAMOND AIRCRAFT INDUSTRIES INC.,DA 40,ee1e8694a4552dc7e2d9a55c7fd0d3d34a56e9661c8668ebfa3cc781bb977da1,True,4
31184,26495,021026_ML.npy,2026-10-05,2026-10-05 23:16:13.634103,7C0077,DA40,DIAMOND AIRCRAFT INDUSTRIES INC.,DA 40,d97140d028ab37a26ecde97d26011eb7d00a9d1610e3196353fc56bdb73d5e6d,True,4
31197,26508,021026_ML.npy,2026-10-05,2026-10-05 23:16:33.375082,7C0077,DA40,DIAMOND AIRCRAFT INDUSTRIES INC.,DA 40,3e8cade7eedc27cc32618962939c86cbf1c5edb6154e494b6cf6a99ce11538dc,True,1
31211,26522,021026_ML.npy,2026-10-05,2026-10-05 23:17:19.632313,7C1687,DA40,DIAMOND AIRCRAFT INDUSTRIES INC.,DA 40,3fe2f42d8ed9e9b449a9f77580e1408ac17b4cfefab0cf5a0b29e70c60af5db9,True,3
31218,26529,021026_ML.npy,2026-10-05,2026-10-05 23:17:24.943753,7C1687,DA40,DIAMOND AIRCRAFT INDUSTRIES INC.,DA 40,923fa8178769846429c2678a539c7aef1533378c77f6cca7207e36713115fcc1,True,5
31225,26536,021026_ML.npy,2026-10-05,2026-10-05 23:17:28.306858,7C7B5E,DA40,DIAMOND AIRCRAFT INDUSTRIES INC.,DA 40,056cd4b080c99523141844f61f5963935f3f208285316ba6712cbb896d8d5b04,True,2
31229,26540,021026_ML.npy,2026-10-05,2026-10-05 23:17:33.644938,7C1687,DA40,DIAMOND AIRCRAFT INDUSTRIES INC.,DA 40,787c0d6f0c655d7a46b574a85c457e20f19e0bfa6fef67f41cee6963617081ef,True,1
31233,26544,021026_ML.npy,2026-10-05,2026-10-05 23:17:37.188431,7C7AF7,DA40,DIAMOND AIRCRAFT INDUSTRIES INC.,DA 40,2056389413b39f2d128b6e14b4f793fcaee39abe7f856bea3508580fba9c2685,True,4
31243,26554,021026_ML.npy,2026-10-05,2026-10-05 23:18:34.569553,7C1B2A,DA40,DIAMOND AIRCRAFT INDUSTRIES INC.,DA 40,c8dd23b104c2aa79dc847824d84e18418cad3b4915d83902e164c0ab18d4a8ea,True,2
31247,26558,021026_ML.npy,2026-10-05,2026-10-05 23:18:44.000634,7C1B2A,DA40,DIAMOND AIRCRAFT INDUSTRIES INC.,DA 40,84e385321a15f16d597f354ac1dbf491b8e56b14db20ed7880961c044cac6849,True,3
31248,26559,021026_ML.npy,2026-10-05,2026-10-05 23:18:50.561253,7C1B2A,DA40,DIAMOND AIRCRAFT INDUSTRIES INC.,DA 40,f38773849bd1989e54906a95191629a8b8252a5c9b0db7af49f7342f2dfdcab7,True,1
31259,26570,021026_ML.npy,2026-10-05,2026-10-05 23:19:25.123535,7C7B5E,DA40,DIAMOND AIRCRAFT INDUSTRIES INC.,DA 40,076fb841d3072a0aef77ea5d0d7532d0c2c56f99912a24d5c72058a62712c1a2,True,4
31260,26571,021026_ML.npy,2026-10-05,2026-10-05 23:19:27.864953,7C7B5E,DA40,DIAMOND AIRCRAFT INDUSTRIES INC.,DA 40,0019e6b6eb7e110ca70e5794d57be590ecb35f682e8da2e03b0c56bd15801f4d,True,2
31264,26575,021026_ML.npy,2026-10-05,2026-10-05 23:19:31.823003,7C7B5E,DA40,DIAMOND AIRCRAFT INDUSTRIES INC.,DA 40,9c3b159cbb6e61f3ed58faf1d2589d8a72892d1ce6ae9e2cfb2e089f7d796d01,True,1
31266,26577,021026_ML.npy,2026-10-05,2026-10-05 23:19:34.344480,7C7B5E,DA40,DIAMOND AIRCRAFT INDUSTRIES INC.,DA 40,72bf31a2fdfbd139c1a4ccac04c9651a8b0c0ba48cce20d5d883446fb5954b66,True,1
31274,26585,021026_ML.npy,2026-10-05,2026-10-05 23:19:43.541624,7C7B5E,DA40,DIAMOND AIRCRAFT INDUSTRIES INC.,DA 40,3998dc38f5e7ffa8e437eeb9977a649237c728c4f8830c7a7048c76f9db384d6,True,2
31296,26607,021026_ML.npy,2026-10-05,2026-10-05 23:20:47.851641,7C1697,DA40,DIAMOND AIRCRAFT INDUSTRIES INC.,DA 40,760053ebe7e7de71d6379171f32d7f7dc232f743d3c182355e4f01b1890f5a66,True,3
31298,26609,021026_ML.npy,2026-10-05,2026-10-05 23:20:55.507950,7C1697,DA40,DIAMOND AIRCRAFT INDUSTRIES INC.,DA 40,458ccf8804b524f64adf941204f7ab1b1365674bd9400eb72f42bf27f313d4bc,True,2
31307,26618,021026_ML.npy,2026-10-05,2026-10-05 23:21:39.299145,7C1687,DA40,DIAMOND AIRCRAFT INDUSTRIES INC.,DA 40,c95fb901e90126002d1b977fec8bc14fdb5ff51d19d8e3a1f4fcd97e4ff8bbfc,True,2
31309,26620,021026_ML.npy,2026-10-05,2026-10-05 23:21:44.974779,7C1687,DA40,DIAMOND AIRCRAFT INDUSTRIES INC.,DA 40,b3836c012aa1cabe3d5ff1c7a5f3c9e2201b2bd5099207dfba7a041daaee557d,True,1
31319,26630,021026_ML.npy,2026-10-05,2026-10-05 23:21:59.706785,7C1687,DA40,DIAMOND AIRCRAFT INDUSTRIES INC.,DA 40,0cf572e4fa54025351cfe501efb7299b16c503448022786fce7735b5e7bfc265,True,5
31335,26646,021026_ML.npy,2026-10-05,2026-10-05 23:22:19.455365,7C1687,DA40,DIAMOND AIRCRAFT INDUSTRIES INC.,DA 40,409670c5969bef802e28cb4ab8e895c49e2b54b955e0eb7fb2e8486d3c9af05c,True,2
31361,26672,021026_ML.npy,2026-10-05,2026-10-05 23:25:46.125796,7C7B5E,DA40,DIAMOND AIRCRAFT INDUSTRIES INC.,DA 40,b407d1cca7cbe14585d1f8c6610ca7236344ecd3db35ab7f7b8abcdf6b5fc2c8,True,1
31372,26683,021026_ML.npy,2026-10-05,2026-10-05 23:26:01.408366,7C7B5E,DA40,DIAMOND AIRCRAFT INDUSTRIES INC.,DA 40,556ebfc3a04653933c26feae5d723e48ce10e0d87856f5a35a71ff3bf4e97007,True,5
31384,26695,021026_ML.npy,2026-10-05,2026-10-05 23:26:40.059104,7C1697,DA40,DIAMOND AIRCRAFT INDUSTRIES INC.,DA 40,6d78edd28cef3998b9e572afd8c06dbaefd6ac20c1f2b153f577318378d568c9,True,3
31392,26703,021026_ML.npy,2026-10-05,2026-10-05 23:26:52.519645,7C1697,DA40,DIAMOND AIRCRAFT INDUSTRIES INC.,DA 40,62d2b0113c73a0c463cae92807c67f289518bb639e8fedaca32908eaf2b92bbe,True,4
31393,26704,021026_ML.npy,2026-10-05,2026-10-05 23:26:54.765330,7C1697,DA40,DIAMOND AIRCRAFT INDUSTRIES INC.,DA 40,d379cf23a537fe378d4fb58e8dcb877da25fdef680f82bfcf8ebb55d082b038e,True,3
31413,26724,021026_ML.npy,2026-10-05,2026-10-05 23:27:52.047912,7C259E,P28A,PIPER AIRCRAFT CORP,PA-28-180,59c142486a9f4d563bd6f132b0040bf524c2bd3c0762d2d5db9fabc5acc50966,True,1
31414,26725,021026_ML.npy,2026-10-05,2026-10-05 23:27:52.051416,7C259E,P28A,PIPER AIRCRAFT CORP,PA-28-180,18a72d38a5b316efd3361bcdc6de9c4ab790971bae844a99d285d9b878b85531,True,4
31415,26726,021026_ML.npy,2026-10-05,2026-10-05 23:27:52.599578,7C259E,P28A,PIPER AIRCRAFT CORP,PA-28-180,0c5271b3cfcd87296376ee02518d00deb4d696bc4a4cef1ee84cb96e86910c50,True,3
31416,26727,021026_ML.npy,2026-10-05,2026-10-05 23:27:53.152292,7C259E,P28A,PIPER AIRCRAFT CORP,PA-28-180,2340a75af04649d5037e784f37ed2c3bff2d7afc4e3cfa6e2dfbb3583f95d2cb,True,2
31417,26728,021026_ML.npy,2026-10-05,2026-10-05 23:27:53.155907,7C259E,P28A,PIPER AIRCRAFT CORP,PA-28-180,bed8d8c59d2192c549f67d043fb4b72d0d1d5fe594d1e6e63c62bc4f5b798778,True,3
31419,26730,021026_ML.npy,2026-10-05,2026-10-05 23:27:54.210708,7C259E,P28A,PIPER AIRCRAFT CORP,PA-28-180,3168daa90678707ee5e0d1662db068ebb0e96d521627db4452de7e3daa46d9b7,True,3
31420,26731,021026_ML.npy,2026-10-05,2026-10-05 23:27:54.215552,7C259E,P28A,PIPER AIRCRAFT CORP,PA-28-180,4c404186725fa38a2c82b745495eb1b8dd2d1533ff625d3b4d91e3a607b770f5,True,2
31421,26732,021026_ML.npy,2026-10-05,2026-10-05 23:27:54.622601,7C259E,P28A,PIPER AIRCRAFT CORP,PA-28-180,89a719c22552209644a9699ffd7401cd2481cb22d061dfcf5e75d70634d46953,True,5
31422,26733,021026_ML.npy,2026-10-05,2026-10-05 23:27:54.629192,7C259E,P28A,PIPER AIRCRAFT CORP,PA-28-180,38e558fb1a4ba57dbfc32666ce613b2cf75ed7d6c463c1b4098a4339c8e97fd4,True,1
31426,26737,021026_ML.npy,2026-10-05,2026-10-05 23:28:01.015907,7C259E,P28A,PIPER AIRCRAFT CORP,PA-28-180,abfdfb778287d536bb2df7bdb92d742caeefa3388a872e1e2fa1a22adcc03323,True,5
31430,26741,021026_ML.npy,2026-10-05,2026-10-05 23:28:07.153874,7C259E,P28A,PIPER AIRCRAFT CORP,PA-28-180,53498a0be05d4d515605551a80d76a5f961edc9e3f681d181f830a0cf1ff3c80,True,3
31431,26742,021026_ML.npy,2026-10-05,2026-10-05 23:28:07.157480,7C259E,P28A,PIPER AIRCRAFT CORP,PA-28-180,a51bef4288feb2ef59cbe9c18f291ffeb2466c88eb7dcec89c8abecc589f57ca,True,2
31432,26743,021026_ML.npy,2026-10-05,2026-10-05 23:28:07.554721,7C259E,P28A,PIPER AIRCRAFT CORP,PA-28-180,2f0c4f13422b4d698845980d7971ca3276a55baf9ddda1f22a4abc8180c786c8,True,2
31433,26744,021026_ML.npy,2026-10-05,2026-10-05 23:28:07.560597,7C259E,P28A,PIPER AIRCRAFT CORP,PA-28-180,4b4af36692bb08b5bdaeaeab67170c4c5cf5788a76d662100852051d098eb6b5,True,5
31434,26745,021026_ML.npy,2026-10-05,2026-10-05 23:28:07.701255,7C259E,P28A,PIPER AIRCRAFT CORP,PA-28-180,cd3724509647243e1d36ddb3e2d81ca575a6049b74255801f3471c7a8166350f,True,2
31438,26749,021026_ML.npy,2026-10-05,2026-10-05 23:28:12.056053,7C259E,P28A,PIPER AIRCRAFT CORP,PA-28-180,531122775528d8f1675fe3c271c76711b7473e79fd35af6bdd4c98cbb833550f,True,2
31439,26750,021026_ML.npy,2026-10-05,2026-10-05 23:28:12.062616,7C259E,P28A,PIPER AIRCRAFT CORP,PA-28-180,ad4af3a3b72b2abc020d3ce7f23f7158de8cdff62fd87d21309a98247155d38e,True,2
31440,26751,021026_ML.npy,2026-10-05,2026-10-05 23:28:12.666257,7C259E,P28A,PIPER AIRCRAFT CORP,PA-28-180,cd3724509647243e1d36ddb3e2d81ca575a6049b74255801f3471c7a8166350f,True,5
31441,26752,021026_ML.npy,2026-10-05,2026-10-05 23:28:13.009595,7C259E,P28A,PIPER AIRCRAFT CORP,PA-28-180,c3d819f91704474f9924bf4defd67e1f92c6cda52fc31a744e1263c123a9fb26,True,4
31443,26754,021026_ML.npy,2026-10-05,2026-10-05 23:28:13.990963,7C259E,P28A,PIPER AIRCRAFT CORP,PA-28-180,a8304768f58b0318fbc1769e5a4d6753b757d0901f3f2e61b620d4dbcd6fd115,True,5
31445,26756,021026_ML.npy,2026-10-05,2026-10-05 23:28:14.461212,7C259E,P28A,PIPER AIRCRAFT CORP,PA-28-180,6eb3c291eb2d69ac1be0909b3c49b7ea81393853152d9e2f2f6f5af85314405f,True,4
31447,26758,021026_ML.npy,2026-10-05,2026-10-05 23:28:16.650558,7C1687,DA40,DIAMOND AIRCRAFT INDUSTRIES INC.,DA 40,c73a3f6fa29dabec7e2187d9e73282abd037a19dcf6cc2b9807ac16835b9a5b0,True,4
31448,26759,021026_ML.npy,2026-10-05,2026-10-05 23:28:17.523240,7C259E,P28A,PIPER AIRCRAFT CORP,PA-28-180,1ceb3478dfc7f382aadc319068307f2adf70649592e78ad09c6dd9398e776a70,True,5
31449,26760,021026_ML.npy,2026-10-05,2026-10-05 23:28:17.706960,7C259E,P28A,PIPER AIRCRAFT CORP,PA-28-180,cd3724509647243e1d36ddb3e2d81ca575a6049b74255801f3471c7a8166350f,True,4
31452,26763,021026_ML.npy,2026-10-05,2026-10-05 23:28:19.422153,7C259E,P28A,PIPER AIRCRAFT CORP,PA-28-180,08c1b02ad2865a3c076cc129c46e0df8bc166e472d42fee65d382b68167a095a,True,1
31453,26764,021026_ML.npy,2026-10-05,2026-10-05 23:28:20.016620,7C1687,DA40,DIAMOND AIRCRAFT INDUSTRIES INC.,DA 40,4226bba4fffbff786c15f0636cfa0e2b865e29b2ec094affb3ba3b9287a9cca0,True,2
31454,26765,021026_ML.npy,2026-10-05,2026-10-05 23:28:22.738264,7C259E,P28A,PIPER AIRCRAFT CORP,PA-28-180,e0911c32ede87818543c72c2617ea1375ff850bc62e5ef9d755a69bba1cfa14f,True,4
31456,26767,021026_ML.npy,2026-10-05,2026-10-05 23:28:23.208574,7C259E,P28A,PIPER AIRCRAFT CORP,PA-28-180,16530f5d4ca6f839f64a0740633b1f75eb00e895bb5aa283eefa5370dc4ecd49,True,5
31457,26768,021026_ML.npy,2026-10-05,2026-10-05 23:28:24.490183,7C259E,P28A,PIPER AIRCRAFT CORP,PA-28-180,aee55e61f54897e6f596b1f7ab00f89b36b590f76278cb04e7989971801651eb,True,1
31458,26769,021026_ML.npy,2026-10-05,2026-10-05 23:28:28.346667,7C259E,P28A,PIPER AIRCRAFT CORP,PA-28-180,ee292646acef3232de0fdb8848f819ebb97f06c37a8c70a41a2fcb2d4673dced,True,4
31459,26770,021026_ML.npy,2026-10-05,2026-10-05 23:28:28.351507,7C259E,P28A,PIPER AIRCRAFT CORP,PA-28-180,c7cbadfc5f9db670713b5f94e6b807adec604d8af4927315917a1cf3b3e405c1,True,4
31460,26771,021026_ML.npy,2026-10-05,2026-10-05 23:28:31.595401,7C259E,P28A,PIPER AIRCRAFT CORP,PA-28-180,7e57df83fdb530235d618aaaf6411484dd1f45f65bb0cc7b0ba8116ffb54b8e9,True,1
31461,26772,021026_ML.npy,2026-10-05,2026-10-05 23:28:31.599291,7C259E,P28A,PIPER AIRCRAFT CORP,PA-28-180,d1718ed6651709b9033b01f77d18bbaa071dcb7e1c07fc78d6564b17eaec14c4,True,4
31462,26773,021026_ML.npy,2026-10-05,2026-10-05 23:28:35.127915,7C259E,P28A,PIPER AIRCRAFT CORP,PA-28-180,cd3724509647243e1d36ddb3e2d81ca575a6049b74255801f3471c7a8166350f,True,2
31463,26774,021026_ML.npy,2026-10-05,2026-10-05 23:28:38.756895,7C259E,P28A,PIPER AIRCRAFT CORP,PA-28-180,c244a33b23fdd6ba07d3e517e05d4ad8b274caf8d3e2786b5128b20d54fd8c21,True,3
31464,26775,021026_ML.npy,2026-10-05,2026-10-05 23:28:39.164985,7C259E,P28A,PIPER AIRCRAFT CORP,PA-28-180,ea1aae78e118fb1a21c6ff2c53a8b2c7e552355ab6a189e62541e9c4e861c340,True,2
31465,26776,021026_ML.npy,2026-10-05,2026-10-05 23:28:41.324338,7C259E,P28A,PIPER AIRCRAFT CORP,PA-28-180,bd5c8bf72ce1837c855b7874b9cf1728339931a59d46c3377d3e6b3d27274125,True,3
31466,26777,021026_ML.npy,2026-10-05,2026-10-05 23:28:41.328439,7C259E,P28A,PIPER AIRCRAFT CORP,PA-28-180,ea0de338d80a8bf3eb236ed89906e70d298079501e0bb105b5effc34657b63a3,True,3
31467,26778,021026_ML.npy,2026-10-05,2026-10-05 23:28:42.458060,7C259E,P28A,PIPER AIRCRAFT CORP,PA-28-180,0c5271b3cfcd87296376ee02518d00deb4d696bc4a4cef1ee84cb96e86910c50,True,4
31468,26779,021026_ML.npy,2026-10-05,2026-10-05 23:28:43.365627,7C259E,P28A,PIPER AIRCRAFT CORP,PA-28-180,0c80d258142c39af4d26cedd76a0a4b45f83de82e4d945b0a5245eabd568eaa1,True,1
31469,26780,021026_ML.npy,2026-10-05,2026-10-05 23:28:44.433202,7C259E,P28A,PIPER AIRCRAFT CORP,PA-28-180,ca8c8c89ee5978c230d6fef1fbac12869141f0b58a729ddcb50606e0fae71506,True,4
31470,26781,021026_ML.npy,2026-10-05,2026-10-05 23:28:45.082645,7C259E,P28A,PIPER AIRCRAFT CORP,PA-28-180,cd3724509647243e1d36ddb3e2d81ca575a6049b74255801f3471c7a8166350f,True,1
31471,26782,021026_ML.npy,2026-10-05,2026-10-05 23:28:46.031366,7C259E,P28A,PIPER AIRCRAFT CORP,PA-28-180,3954b94db6f8f6417f81bee75dd4b7959b81b1099197442d84ef92733b12b184,True,5
31472,26783,021026_ML.npy,2026-10-05,2026-10-05 23:28:46.038226,7C259E,P28A,PIPER AIRCRAFT CORP,PA-28-180,4a70f2f5fbff4ea5aed26d59ae93d5543bc6e8abfaf3a906be5f10989c695e85,True,3
31473,26784,021026_ML.npy,2026-10-05,2026-10-05 23:28:47.718240,7C259E,P28A,PIPER AIRCRAFT CORP,PA-28-180,136ff0a366ba9984864cd2950ea819c60bd728913c430169c7e3697a881a7f68,True,3
31474,26785,021026_ML.npy,2026-10-05,2026-10-05 23:28:47.724008,7C259E,P28A,PIPER AIRCRAFT CORP,PA-28-180,2733f3dfbbaf26c71e675ead7eecebb4683ce01002e05256d681b09df274683c,True,2
31475,26786,021026_ML.npy,2026-10-05,2026-10-05 23:28:50.171750,7C259E,P28A,PIPER AIRCRAFT CORP,PA-28-180,4848bf664ed6a3fba0e07e36d3632e0063e22c9429773cc60320393bb535ad03,True,2
31476,26787,021026_ML.npy,2026-10-05,2026-10-05 23:28:51.052752,7C259E,P28A,PIPER AIRCRAFT CORP,PA-28-180,2c1eb15378f06ffb93528861d7736f470b11dbfd1de1d4de7846af319950c381,True,1
31477,26788,021026_ML.npy,2026-10-05,2026-10-05 23:28:52.597870,7C259E,P28A,PIPER AIRCRAFT CORP,PA-28-180,fbc87633d2a5e21caa69e8d53c15fb78361daa3874ed23993413edbb8766bbb4,True,1
31478,26789,021026_ML.npy,2026-10-05,2026-10-05 23:28:52.602681,7C259E,P28A,PIPER AIRCRAFT CORP,PA-28-180,a1ecf7bf5307f4a77b8b220aa32bc04dd2bd50cd79da4d589813e85a0b236b70,True,2
31479,26790,021026_ML.npy,2026-10-05,2026-10-05 23:28:52.766689,7C259E,P28A,PIPER AIRCRAFT CORP,PA-28-180,17e962c3d1a439e08de2f65ce05c2223577d661fe70a4d4de0564a3bcb40fdb7,True,1
31480,26791,021026_ML.npy,2026-10-05,2026-10-05 23:28:53.036470,7C259E,P28A,PIPER AIRCRAFT CORP,PA-28-180,feee5db194ae63524c493e8a23714b4ca13a304789bcd300d5785f10d13128b1,True,2
31481,26792,021026_ML.npy,2026-10-05,2026-10-05 23:28:53.042437,7C259E,P28A,PIPER AIRCRAFT CORP,PA-28-180,0a437c1fe5a6f92c8d85da56cc783223029f069f2eb8e857e1de5d1ef8b91522,True,4
31482,26793,021026_ML.npy,2026-10-05,2026-10-05 23:28:55.126095,7C259E,P28A,PIPER AIRCRAFT CORP,PA-28-180,cd3724509647243e1d36ddb3e2d81ca575a6049b74255801f3471c7a8166350f,True,4
31483,26794,021026_ML.npy,2026-10-05,2026-10-05 23:28:55.132921,7C259E,P28A,PIPER AIRCRAFT CORP,PA-28-180,a5dc8286db797dd795270f37bda4059d93e95a819f916752447965eb5df5cbbf,True,4
31484,26795,021026_ML.npy,2026-10-05,2026-10-05 23:28:56.571163,7C259E,P28A,PIPER AIRCRAFT CORP,PA-28-180,c14449191e5d0939ae82dc8ecc6ff34bf9fbf96a02164a20159668c9fa68e83c,True,2
31485,26796,021026_ML.npy,2026-10-05,2026-10-05 23:29:00.878422,7C259E,P28A,PIPER AIRCRAFT CORP,PA-28-180,2d7403179ecb780da90ad379ffffca6f29f17f04dbfa5bd907d238772f2cb074,True,4
31486,26797,021026_ML.npy,2026-10-05,2026-10-05 23:29:02.660949,7C259E,P28A,PIPER AIRCRAFT CORP,PA-28-180,cd3724509647243e1d36ddb3e2d81ca575a6049b74255801f3471c7a8166350f,True,4
31487,26798,021026_ML.npy,2026-10-05,2026-10-05 23:29:02.807653,7C259E,P28A,PIPER AIRCRAFT CORP,PA-28-180,67e1dded49e235aa773594dd6d1b162275029c433947aa86722179ed93701fff,True,2
31488,26799,021026_ML.npy,2026-10-05,2026-10-05 23:29:23.037783,7C259E,P28A,PIPER AIRCRAFT CORP,PA-28-180,7c66c332586c9fed2f6b90edb4ea403432d50ffa3d94d892d0ccca51f8867982,True,1
31489,26800,021026_ML.npy,2026-10-05,2026-10-05 23:29:23.498005,7C259E,P28A,PIPER AIRCRAFT CORP,PA-28-180,f0d4bafed9a6c6d91a5f2292ba00fb1872d1001de3609d99e74945c040dfaba3,True,3
31490,26801,021026_ML.npy,2026-10-05,2026-10-05 23:29:23.501750,7C259E,P28A,PIPER AIRCRAFT CORP,PA-28-180,1bd337a973f8674fc60ba1c9a4f33819d5f7eb7a24014d9d2d1395279cc21e8d,True,5
31491,26802,021026_ML.npy,2026-10-05,2026-10-05 23:29:27.461312,7C259E,P28A,PIPER AIRCRAFT CORP,PA-28-180,6fb1b324d8ee0ac676c6f1205b5634a825917a4e54843d0895ca33aa3aa14202,True,2
31492,26803,021026_ML.npy,2026-10-05,2026-10-05 23:29:28.768126,7C259E,P28A,PIPER AIRCRAFT CORP,PA-28-180,aad2b1e9bc30a77ca55bf785b449917d80f7ac88910c49d76f36608eb28028ad,True,2
31493,26804,021026_ML.npy,2026-10-05,2026-10-05 23:29:28.775298,7C259E,P28A,PIPER AIRCRAFT CORP,PA-28-180,80f6f8ff9a6327043f796914e74b92db1d6ad97082b5a220f7bef2d0e4148883,True,1
31494,26805,021026_ML.npy,2026-10-05,2026-10-05 23:29:32.247576,7C259E,P28A,PIPER AIRCRAFT CORP,PA-28-180,a0df424f7517e1ff74c56fb1e96d4ed5848b90418c2c9a0d67399e5aba80ac50,True,2
31495,26806,021026_ML.npy,2026-10-05,2026-10-05 23:29:39.430773,7C259E,P28A,PIPER AIRCRAFT CORP,PA-28-180,fab70bb3aab3309cc4b9449a8c732ec2ce4f3022e14f02facbd3e43b2027916c,True,5
31496,26807,021026_ML.npy,2026-10-05,2026-10-05 23:29:39.437496,7C259E,P28A,PIPER AIRCRAFT CORP,PA-28-180,af6e17540624986277c6da457fd3da421af04c8cb371fbc46f9ba5a979d28845,True,1
31497,26808,021026_ML.npy,2026-10-05,2026-10-05 23:29:39.850968,7C259E,P28A,PIPER AIRCRAFT CORP,PA-28-180,4a413fb57c66914393c13f606f6738af81ced9c8018d457984813449638c3906,True,3
31501,26812,021026_ML.npy,2026-10-05,2026-10-05 23:31:11.753240,7C7B5E,DA40,DIAMOND AIRCRAFT INDUSTRIES INC.,DA 40,6f6fce13b81ac6f5a501ae4cee3dc7bab1a50134c8a1c03e1f0fa32e36571c9e,True,1
31510,26821,021026_ML.npy,2026-10-05,2026-10-05 23:31:21.982406,7C7B5E,DA40,DIAMOND AIRCRAFT INDUSTRIES INC.,DA 40,48b25e8900e40e57564f1f6df7be399a999063dd7b076f80879375a73a1cc1dc,True,2
31516,26827,021026_ML.npy,2026-10-05,2026-10-05 23:31:29.137625,7C7B5E,DA40,DIAMOND AIRCRAFT INDUSTRIES INC.,DA 40,92d92da4992203c4e46391e1c25cf02a843cb9b7343ffb2187e00f6a8e230c48,True,2
31534,26845,021026_ML.npy,2026-10-05,2026-10-05 23:32:44.103167,7C1697,DA40,DIAMOND AIRCRAFT INDUSTRIES INC.,DA 40,0ceae1f501ffe0b843d9ffb5b44799075e9bdf3b8c2f0dd055264ecf8083c9b4,True,5
31540,26851,021026_ML.npy,2026-10-05,2026-10-05 23:32:51.055524,7C1697,DA40,DIAMOND AIRCRAFT INDUSTRIES INC.,DA 40,c43a1dac910cdf7147a19fd0dfaa5e3388c334d62b961cba8fad74a0786f30cb,True,2
31544,26855,021026_ML.npy,2026-10-05,2026-10-05 23:32:58.211841,7C1697,DA40,DIAMOND AIRCRAFT INDUSTRIES INC.,DA 40,c1e97a9bb6421e1e8c4a1f86cf6201317903046b47d65cb04b1942c19203f8aa,True,5
31550,26861,021026_ML.npy,2026-10-05,2026-10-05 23:33:22.697974,7C1687,DA40,DIAMOND AIRCRAFT INDUSTRIES INC.,DA 40,a303ccf89c93c9ce6a5036e8cca72970b1ec3a7a4c526d13d7c0096a757fbad5,True,1
31555,26866,021026_ML.npy,2026-10-05,2026-10-05 23:33:31.899098,7C1687,DA40,DIAMOND AIRCRAFT INDUSTRIES INC.,DA 40,686bfca826e8721bc9d199a802a30bb5fe2641e74cd66b97c7fbe2f9b6d1a071,True,4
31558,26869,021026_ML.npy,2026-10-05,2026-10-05 23:33:38.706530,7C1687,DA40,DIAMOND AIRCRAFT INDUSTRIES INC.,DA 40,72d7b21fd75aa9cf4dbbdd5e39133468765272b576fd6730d38652aa36b9da18,True,5
31569,26880,021026_ML.npy,2026-10-05,2026-10-05 23:33:54.127170,7C1687,DA40,DIAMOND AIRCRAFT INDUSTRIES INC.,DA 40,613b96ec9424493b5603caa2a25334b183cf385537e4a2e64e6a7f204a17f5a7,True,5
31581,26892,021026_ML.npy,2026-10-05,2026-10-05 23:34:04.834050,7C2E75,C172,CESSNA AIRCRAFT COMPANY,172N,e11761144857a437d65afe041ab94ccb7202edab8c9ca9c80a1112ae341ac828,True,4
31584,26895,021026_ML.npy,2026-10-05,2026-10-05 23:34:07.475462,7C2E75,C172,CESSNA AIRCRAFT COMPANY,172N,3da107e29e2c329b5bec9246248cf2a65662afab91dedde4341c57eb8bf85c6c,True,2
31585,26896,021026_ML.npy,2026-10-05,2026-10-05 23:34:07.538204,7C2E75,C172,CESSNA AIRCRAFT COMPANY,172N,537a411f6d666b5552508369672999737cfab429b0e5d0136716492142f23c12,True,1
31587,26898,021026_ML.npy,2026-10-05,2026-10-05 23:34:09.956671,7C2E75,C172,CESSNA AIRCRAFT COMPANY,172N,19896fce4b95974d06260af6e964e4baff6bf62ac0d3711721efdcb90bb16cf4,True,1
31588,26899,021026_ML.npy,2026-10-05,2026-10-05 23:34:19.220490,7C259E,P28A,PIPER AIRCRAFT CORP,PA-28-180,cd3724509647243e1d36ddb3e2d81ca575a6049b74255801f3471c7a8166350f,True,2
31591,26902,021026_ML.npy,2026-10-05,2026-10-05 23:34:25.061409,7C259E,P28A,PIPER AIRCRAFT CORP,PA-28-180,9c75ad096578c6ee2b7091c10f55622d0325e87e100bce2f8f02bb189e16b8ab,True,4
31592,26903,021026_ML.npy,2026-10-05,2026-10-05 23:34:25.068110,7C259E,P28A,PIPER AIRCRAFT CORP,PA-28-180,47323f82e25c74000cff9522ad11172aa7aee9cfe22af23a3c23d2bce45f5269,True,4
31593,26904,021026_ML.npy,2026-10-05,2026-10-05 23:34:26.666947,7C259E,P28A,PIPER AIRCRAFT CORP,PA-28-180,1f3b61ff86e03aaf563aefee07723bfade3dbc7debe3afb12eacc177824792f0,True,5
31597,26908,021026_ML.npy,2026-10-05,2026-10-05 23:34:28.291230,7C2E75,C172,CESSNA AIRCRAFT COMPANY,172N,0d06bef613a0f29512e1e828a611a060d47e13595295bb1c19fc79583fac3a21,True,2
31599,26910,021026_ML.npy,2026-10-05,2026-10-05 23:34:31.361705,7C259E,P28A,PIPER AIRCRAFT CORP,PA-28-180,933e8953c21ed064e0345c93b5233dcff52e127710e018f1b2368766d0be6a38,True,3
31600,26911,021026_ML.npy,2026-10-05,2026-10-05 23:34:31.365314,7C259E,P28A,PIPER AIRCRAFT CORP,PA-28-180,934505fbc13c475a5d5d5e3a1b79550e32903dbe2cc4eaf9db7b8cd25d913bd1,True,4
31601,26912,021026_ML.npy,2026-10-05,2026-10-05 23:34:31.501957,7C2E75,C172,CESSNA AIRCRAFT COMPANY,172N,4b389e1f27778c8b0c85ff95026f7528ba8a42548fd250549c28f051aea45886,True,1
31603,26914,021026_ML.npy,2026-10-05,2026-10-05 23:34:32.798569,7C259E,P28A,PIPER AIRCRAFT CORP,PA-28-180,8fd0ed9cf8f5fa95d817e9d4214edf600a8433e2cbf54a279c8ff11ce0b3c468,True,1
31604,26915,021026_ML.npy,2026-10-05,2026-10-05 23:34:32.803334,7C259E,P28A,PIPER AIRCRAFT CORP,PA-28-180,f82da11ae1836f25aef5abb82c0ccca938cfb9612dc0a42b05348bc5afbbd336,True,5
31606,26917,021026_ML.npy,2026-10-05,2026-10-05 23:34:33.833850,7C259E,P28A,PIPER AIRCRAFT CORP,PA-28-180,71e2e2bb2e2ed9ba469ed746354441f166c72e135be1929644d6b43f961e94ed,True,5
31607,26918,021026_ML.npy,2026-10-05,2026-10-05 23:34:33.837609,7C259E,P28A,PIPER AIRCRAFT CORP,PA-28-180,e0db15c7fa71ab749bdb2602e2ba4a9c48171305b1b13dd12db893b95e263859,True,4
31608,26919,021026_ML.npy,2026-10-05,2026-10-05 23:34:34.371673,7C259E,P28A,PIPER AIRCRAFT CORP,PA-28-180,1d0e13741ed67fa5f34402d97b5e1db4a00c35ae8f6a3113147784ea16a499ff,True,3
31609,26920,021026_ML.npy,2026-10-05,2026-10-05 23:34:38.365826,7C259E,P28A,PIPER AIRCRAFT CORP,PA-28-180,17e962c3d1a439e08de2f65ce05c2223577d661fe70a4d4de0564a3bcb40fdb7,True,3
31611,26922,021026_ML.npy,2026-10-05,2026-10-05 23:34:39.239012,7C259E,P28A,PIPER AIRCRAFT CORP,PA-28-180,cd3724509647243e1d36ddb3e2d81ca575a6049b74255801f3471c7a8166350f,True,5
31614,26925,021026_ML.npy,2026-10-05,2026-10-05 23:34:45.696023,7C259E,P28A,PIPER AIRCRAFT CORP,PA-28-180,63dc0bb4c74784dff3c329aa8690b2a4883bbf6a01b6f9718be894a0625f7412,True,3
31615,26926,021026_ML.npy,2026-10-05,2026-10-05 23:34:47.949580,7C259E,P28A,PIPER AIRCRAFT CORP,PA-28-180,0c5271b3cfcd87296376ee02518d00deb4d696bc4a4cef1ee84cb96e86910c50,True,4
31616,26927,021026_ML.npy,2026-10-05,2026-10-05 23:34:48.477835,7C259E,P28A,PIPER AIRCRAFT CORP,PA-28-180,17e962c3d1a439e08de2f65ce05c2223577d661fe70a4d4de0564a3bcb40fdb7,True,2
31617,26928,021026_ML.npy,2026-10-05,2026-10-05 23:34:49.153906,7C259E,P28A,PIPER AIRCRAFT CORP,PA-28-180,e0d52c65533360ac484ad1469530083fd4d299e0134e1fc9a4fae461211d0d2f,True,4
31618,26929,021026_ML.npy,2026-10-05,2026-10-05 23:34:49.160096,7C259E,P28A,PIPER AIRCRAFT CORP,PA-28-180,c71726a5d5b61a62fd7554befcb7ce650f238623cd0432ecfcec7afc1fccaca6,True,5
31619,26930,021026_ML.npy,2026-10-05,2026-10-05 23:34:49.367434,7C259E,P28A,PIPER AIRCRAFT CORP,PA-28-180,cd3724509647243e1d36ddb3e2d81ca575a6049b74255801f3471c7a8166350f,True,1
31620,26931,021026_ML.npy,2026-10-05,2026-10-05 23:34:50.137874,7C259E,P28A,PIPER AIRCRAFT CORP,PA-28-180,5e0374172098f435bdf5493009faaa462fab1dc25d29b244cb2d6b1eea844cd8,True,4
31621,26932,021026_ML.npy,2026-10-05,2026-10-05 23:34:50.141672,7C259E,P28A,PIPER AIRCRAFT CORP,PA-28-180,75fd75cd0c6b40fdaa918e3027593296b5c79babd72a10ebe40ffbf3421897f5,True,5
31622,26933,021026_ML.npy,2026-10-05,2026-10-05 23:34:51.126686,7C259E,P28A,PIPER AIRCRAFT CORP,PA-28-180,c1660b572579e46176e8b6a268c791c251b0f6cbf6f7b30f171ff5467d08758a,True,4
31623,26934,021026_ML.npy,2026-10-05,2026-10-05 23:34:51.132645,7C259E,P28A,PIPER AIRCRAFT CORP,PA-28-180,479a9b044b956765edd69358e5fab743f5fe9e9ec05be0d1f7bcea9b78bfd3ac,True,5
31624,26935,021026_ML.npy,2026-10-05,2026-10-05 23:34:51.631920,7C259E,P28A,PIPER AIRCRAFT CORP,PA-28-180,d07cd2f63406f9ec10f01159f17bccb7539971d43eaec9ebdb078aadc8b98335,True,2
31626,26937,021026_ML.npy,2026-10-05,2026-10-05 23:34:53.201014,7C2E75,C172,CESSNA AIRCRAFT COMPANY,172N,0a5f7a47ad74a3f14bf6e8cbd3e68be9cdeafcc898c0ff633f5a46628bf9d98b,True,4
31627,26938,021026_ML.npy,2026-10-05,2026-10-05 23:34:53.670129,7C259E,P28A,PIPER AIRCRAFT CORP,PA-28-180,2681bbe00bf64f2349e1b94db07f439307575f9cb9e4c2446f71d5c13a0bb540,True,1
31628,26939,021026_ML.npy,2026-10-05,2026-10-05 23:34:53.674552,7C259E,P28A,PIPER AIRCRAFT CORP,PA-28-180,8cd853df7e64742dd93372daefbe2bdfaffc91d225ea3b0ff8fdca18b74a8586,True,3
31629,26940,021026_ML.npy,2026-10-05,2026-10-05 23:34:56.016950,7C259E,P28A,PIPER AIRCRAFT CORP,PA-28-180,178d250c8d9d253a48834ca50f9cfac039fda6a95aa4db6c8d4c01dc1851dd78,True,1
31630,26941,021026_ML.npy,2026-10-05,2026-10-05 23:34:56.024022,7C259E,P28A,PIPER AIRCRAFT CORP,PA-28-180,a3df6b73ec157015be64a85b27355e54e8392943bcd463bb904277bdab585e30,True,1
31631,26942,021026_ML.npy,2026-10-05,2026-10-05 23:34:56.434777,7C259E,P28A,PIPER AIRCRAFT CORP,PA-28-180,e8f01736160c3c1241505c0af25b7844aa04474f9034011121878e3e53d69ae1,True,1
31632,26943,021026_ML.npy,2026-10-05,2026-10-05 23:34:56.440814,7C259E,P28A,PIPER AIRCRAFT CORP,PA-28-180,266ccdec20876fa3d1cba568b9550086de293e5a1c2ba3da13e02c17f81db88a,True,5
31635,26946,021026_ML.npy,2026-10-05,2026-10-05 23:35:00.634686,7C259E,P28A,PIPER AIRCRAFT CORP,PA-28-180,b540653c08f3cfe70661cc97dc37dcb96f479e71c04632d8df9b83746facee2e,True,1
31636,26947,021026_ML.npy,2026-10-05,2026-10-05 23:35:01.036301,7C259E,P28A,PIPER AIRCRAFT CORP,PA-28-180,2fe6c08e740e249776918e752c2f0756a68de51b9f7c971a61a72c006801a977,True,3
31637,26948,021026_ML.npy,2026-10-05,2026-10-05 23:35:02.517405,7C259E,P28A,PIPER AIRCRAFT CORP,PA-28-180,1b13ab647b1d0d629ecc0418ebb7ffdd1ec69fb629d30e8e76e3fcdb40fdf723,True,5
31638,26949,021026_ML.npy,2026-10-05,2026-10-05 23:35:04.490875,7C259E,P28A,PIPER AIRCRAFT CORP,PA-28-180,e315a1e550aceef43eca0366243f1c3eedc0ef65bf7bd6aead7d9d943b98913e,True,2
31639,26950,021026_ML.npy,2026-10-05,2026-10-05 23:35:04.496480,7C259E,P28A,PIPER AIRCRAFT CORP,PA-28-180,7c43088104dfb075a0145d15ca5c46e94aac997b1e12fa462b4571f4ebe6f1c3,True,1
31640,26951,021026_ML.npy,2026-10-05,2026-10-05 23:35:05.484103,7C2E75,C172,CESSNA AIRCRAFT COMPANY,172N,f2a30c72e4c6ea13660ecb8636870688f2845908ac05a1b6891fa82645599891,True,3
31641,26952,021026_ML.npy,2026-10-05,2026-10-05 23:35:10.880788,7C259E,P28A,PIPER AIRCRAFT CORP,PA-28-180,2b11e1dfa20c5a2921a3c1b82154ac8f16001e6908492ec722ca7aab023a6601,True,4
31642,26953,021026_ML.npy,2026-10-05,2026-10-05 23:35:16.723844,7C259E,P28A,PIPER AIRCRAFT CORP,PA-28-180,cd3724509647243e1d36ddb3e2d81ca575a6049b74255801f3471c7a8166350f,True,2
31643,26954,021026_ML.npy,2026-10-05,2026-10-05 23:35:18.322992,7C259E,P28A,PIPER AIRCRAFT CORP,PA-28-180,17e962c3d1a439e08de2f65ce05c2223577d661fe70a4d4de0564a3bcb40fdb7,True,1
31644,26955,021026_ML.npy,2026-10-05,2026-10-05 23:35:18.440845,7C259E,P28A,PIPER AIRCRAFT CORP,PA-28-180,12320c686884ff494afcb8ab55f5fd6c1e064364640d6e6a4f1a72b27df702da,True,4
31645,26956,021026_ML.npy,2026-10-05,2026-10-05 23:35:20.578339,7C259E,P28A,PIPER AIRCRAFT CORP,PA-28-180,2a6f44e27851ee99ee4cc2149aab07b40f3ebafb8a8d941961ef0ad72bac9ddd,True,5
31646,26957,021026_ML.npy,2026-10-05,2026-10-05 23:35:22.175654,7C259E,P28A,PIPER AIRCRAFT CORP,PA-28-180,8c37873b89199e81fdd8a7cb38383dce7b437d5c3e22e3c4883ee24c3181fa60,True,1
31647,26958,021026_ML.npy,2026-10-05,2026-10-05 23:35:22.181961,7C259E,P28A,PIPER AIRCRAFT CORP,PA-28-180,ebe5e2d24905986051f0338d186eb93b430228677c473acd565115f984ac3922,True,2
31648,26959,021026_ML.npy,2026-10-05,2026-10-05 23:35:36.426492,7C259E,P28A,PIPER AIRCRAFT CORP,PA-28-180,73de0e84b5b4faaf69e923b84f927ada09294367105e0e6a1659a8469b5329dd,True,3
31649,26960,021026_ML.npy,2026-10-05,2026-10-05 23:35:38.387510,7C259E,P28A,PIPER AIRCRAFT CORP,PA-28-180,17e962c3d1a439e08de2f65ce05c2223577d661fe70a4d4de0564a3bcb40fdb7,True,4
31650,26961,021026_ML.npy,2026-10-05,2026-10-05 23:35:42.936333,7C259E,P28A,PIPER AIRCRAFT CORP,PA-28-180,341be146f9249c9dea96602f42f773acc44b365c9827efac6e9f55577f027ddd,True,3
31659,26970,021026_ML.npy,2026-10-05,2026-10-05 23:36:24.170052,7C7B5E,DA40,DIAMOND AIRCRAFT INDUSTRIES INC.,DA 40,36310df8f9076fd191cb3955d51bb629ae258fd0bfc055668d819632c94268fc,True,3
31666,26977,021026_ML.npy,2026-10-05,2026-10-05 23:36:36.408707,7C7B5E,DA40,DIAMOND AIRCRAFT INDUSTRIES INC.,DA 40,d723d3f5675c5fdef5043e98b2df84fc9e00bb7a5c543f7131853fe3811f030e,True,3
31669,26980,021026_ML.npy,2026-10-05,2026-10-05 23:36:38.892683,7C7B5E,DA40,DIAMOND AIRCRAFT INDUSTRIES INC.,DA 40,d1e7f7a0052045a2457330b705ca577b3d267d53efd123bcc8c0decc0f1b1bad,True,3
31671,26982,021026_ML.npy,2026-10-05,2026-10-05 23:36:40.558263,7C7B5E,DA40,DIAMOND AIRCRAFT INDUSTRIES INC.,DA 40,30ab8794033bc7171023f5b43bcfd6ce56c78103badeb918f88dbd5895edb313,True,2
31675,26986,021026_ML.npy,2026-10-05,2026-10-05 23:37:59.041959,7C1697,DA40,DIAMOND AIRCRAFT INDUSTRIES INC.,DA 40,a2338758cb80ecab8fc7b813056c8ec0bd8022526a40caff979e4521806d58af,True,2
31681,26992,021026_ML.npy,2026-10-05,2026-10-05 23:38:05.802112,7C1697,DA40,DIAMOND AIRCRAFT INDUSTRIES INC.,DA 40,cba52883e01fe7769a31001dc30b338ce5cc9bde484513e447ba06edc7789006,True,1
31703,27014,021026_ML.npy,2026-10-05,2026-10-05 23:38:56.656640,7C1687,DA40,DIAMOND AIRCRAFT INDUSTRIES INC.,DA 40,134a5fca4e4324c021245f4136cf6487e9903e04075156a3e8683c8941365d70,True,2
31714,27025,021026_ML.npy,2026-10-05,2026-10-05 23:39:32.540269,7C259E,P28A,PIPER AIRCRAFT CORP,PA-28-180,88746f65f3f29616a3763f71876ee76378456cda92b3954ffdccc15c39c020c7,True,1
31715,27026,021026_ML.npy,2026-10-05,2026-10-05 23:39:38.023664,7C259E,P28A,PIPER AIRCRAFT CORP,PA-28-180,e42311645c2a89a691d92a32417e6bdfe6828c382bf4f7318c68a9bf046e1c25,True,1
31716,27027,021026_ML.npy,2026-10-05,2026-10-05 23:39:38.032922,7C259E,P28A,PIPER AIRCRAFT CORP,PA-28-180,f1210c767a7877b0840ee61bbfdf353ff85967a75a3af92843c383cbbe1281a2,True,1
31717,27028,021026_ML.npy,2026-10-05,2026-10-05 23:39:40.683599,7C259E,P28A,PIPER AIRCRAFT CORP,PA-28-180,48acf89ff73b8e2c6fb35f88cefc4f6f4c0adcb99d54a8529c715e3c65b788c5,True,5
31718,27029,021026_ML.npy,2026-10-05,2026-10-05 23:39:41.594446,7C259E,P28A,PIPER AIRCRAFT CORP,PA-28-180,cd3724509647243e1d36ddb3e2d81ca575a6049b74255801f3471c7a8166350f,True,3
31719,27030,021026_ML.npy,2026-10-05,2026-10-05 23:39:42.667545,7C259E,P28A,PIPER AIRCRAFT CORP,PA-28-180,c8559bc9a08dd5153444a9b94f4ea7e98135e6bc379037c9c011217046c810f0,True,4
31720,27031,021026_ML.npy,2026-10-05,2026-10-05 23:39:42.673950,7C259E,P28A,PIPER AIRCRAFT CORP,PA-28-180,d50daf5cade89e8ddbec188d32e6c79d10410dcf7fdac341f325592411c3d697,True,4
31721,27032,021026_ML.npy,2026-10-05,2026-10-05 23:39:43.522806,7C259E,P28A,PIPER AIRCRAFT CORP,PA-28-180,83756c9c64cd4dece5d64711ceb98cd068996d4c5d2eca9939127e215361cb3d,True,2
31722,27033,021026_ML.npy,2026-10-05,2026-10-05 23:39:43.526434,7C259E,P28A,PIPER AIRCRAFT CORP,PA-28-180,23f804b44cbc9273189bd72f29f12ef8d1af2bc8a0f022db157147d143cd69ef,True,2
31723,27034,021026_ML.npy,2026-10-05,2026-10-05 23:39:47.712284,7C259E,P28A,PIPER AIRCRAFT CORP,PA-28-180,cd3211c861b473bda4df7a45eaec4de72a40dbab89d9e7508cf7d691ac32b75f,True,2
31724,27035,021026_ML.npy,2026-10-05,2026-10-05 23:39:48.138150,7C259E,P28A,PIPER AIRCRAFT CORP,PA-28-180,6b003ecb0803696b45f802ecc7a539b28602b2f87632f76940e3769daf63cfba,True,4
31725,27036,021026_ML.npy,2026-10-05,2026-10-05 23:39:48.141986,7C259E,P28A,PIPER AIRCRAFT CORP,PA-28-180,05dd417ad075aa165d0500e8037182a1fe8953d9ec187e2027947da6291655c5,True,2
31726,27037,021026_ML.npy,2026-10-05,2026-10-05 23:39:49.548245,7C259E,P28A,PIPER AIRCRAFT CORP,PA-28-180,ffcc1e017a6edd3cbbda3b5b8bcfe4a259f094dad9051b5ac27cec26167d5a7c,True,4
31727,27038,021026_ML.npy,2026-10-05,2026-10-05 23:39:49.602265,7C259E,P28A,PIPER AIRCRAFT CORP,PA-28-180,17e962c3d1a439e08de2f65ce05c2223577d661fe70a4d4de0564a3bcb40fdb7,True,4
31728,27039,021026_ML.npy,2026-10-05,2026-10-05 23:39:52.366199,7C259E,P28A,PIPER AIRCRAFT CORP,PA-28-180,66c1626625a479af3a4aee758a6b8d8bd688870f7c11ca590e7bf7fbbd6e4d54,True,5
31729,27040,021026_ML.npy,2026-10-05,2026-10-05 23:39:54.888222,7C259E,P28A,PIPER AIRCRAFT CORP,PA-28-180,44a2c1438f414d1a4e533c375a857ef04ff9a46449cab5210f422776538aa360,True,4
31730,27041,021026_ML.npy,2026-10-05,2026-10-05 23:40:04.161657,7C259E,P28A,PIPER AIRCRAFT CORP,PA-28-180,25607732e514b24132af6e2bee2fc4ded22499506f42adc8a1237c256a9e0afb,True,4
31731,27042,021026_ML.npy,2026-10-05,2026-10-05 23:40:04.168057,7C259E,P28A,PIPER AIRCRAFT CORP,PA-28-180,1dcd730615cfcdb439a73dc70318a0dc9cadb0d4711b5ef1698159fbb3cff10a,True,3
31732,27043,021026_ML.npy,2026-10-05,2026-10-05 23:40:04.688528,7C259E,P28A,PIPER AIRCRAFT CORP,PA-28-180,1dcd730615cfcdb439a73dc70318a0dc9cadb0d4711b5ef1698159fbb3cff10a,True,1
31733,27044,021026_ML.npy,2026-10-05,2026-10-05 23:40:09.174934,7C259E,P28A,PIPER AIRCRAFT CORP,PA-28-180,0c5271b3cfcd87296376ee02518d00deb4d696bc4a4cef1ee84cb96e86910c50,True,5
31734,27045,021026_ML.npy,2026-10-05,2026-10-05 23:40:12.670119,7C259E,P28A,PIPER AIRCRAFT CORP,PA-28-180,904fc2e99608b1afa30acf5e9c72bfbb4551a6d7a435343f4e9a53636208a547,True,2
31735,27046,021026_ML.npy,2026-10-05,2026-10-05 23:40:13.146470,7C259E,P28A,PIPER AIRCRAFT CORP,PA-28-180,f3672b7c1c0b2b6f104ef389b1d7a2ad18514b02243f349d0fe0b545ba6e64e7,True,1
31736,27047,021026_ML.npy,2026-10-05,2026-10-05 23:40:14.679507,7C259E,P28A,PIPER AIRCRAFT CORP,PA-28-180,72b7bb68bbb716efc3a43ed9ad9f4dc085425bd402005db65463f0feee648734,True,3
31737,27048,021026_ML.npy,2026-10-05,2026-10-05 23:40:14.685064,7C259E,P28A,PIPER AIRCRAFT CORP,PA-28-180,9bd9c7c209c8b092c74cb0ee5ce99a137e42c07ff2fa8b7fb5521f5388089fdc,True,5
31738,27049,021026_ML.npy,2026-10-05,2026-10-05 23:40:15.232309,7C259E,P28A,PIPER AIRCRAFT CORP,PA-28-180,0c193d4809aa06f23894fd70b1883a2f855f384314359703ee9e1ef2026a85dc,True,4
31739,27050,021026_ML.npy,2026-10-05,2026-10-05 23:40:15.238553,7C259E,P28A,PIPER AIRCRAFT CORP,PA-28-180,8a002b70b7444ef4ad8b1a48497a4cf6c09f3e91c97f42ccea021e368a2ba343,True,1
31740,27051,021026_ML.npy,2026-10-05,2026-10-05 23:40:16.839463,7C259E,P28A,PIPER AIRCRAFT CORP,PA-28-180,cd3724509647243e1d36ddb3e2d81ca575a6049b74255801f3471c7a8166350f,True,2
31744,27055,021026_ML.npy,2026-10-05,2026-10-05 23:40:25.817548,7C2E75,C172,CESSNA AIRCRAFT COMPANY,172N,1562b0dd35f1b1b9e659e0247b3e3dad6c75893ef88b6ec4e504f5e09f571b71,True,5
31745,27056,021026_ML.npy,2026-10-05,2026-10-05 23:40:26.611749,7C259E,P28A,PIPER AIRCRAFT CORP,PA-28-180,cd3724509647243e1d36ddb3e2d81ca575a6049b74255801f3471c7a8166350f,True,2
31746,27057,021026_ML.npy,2026-10-05,2026-10-05 23:40:26.628397,7C259E,P28A,PIPER AIRCRAFT CORP,PA-28-180,a3fb28a52a94ea3516bc1a6ae535fa80553b6450c9ef5de8054a5850e52719e4,True,1
31747,27058,021026_ML.npy,2026-10-05,2026-10-05 23:40:27.656389,7C259E,P28A,PIPER AIRCRAFT CORP,PA-28-180,03b0ed0cc074233c6016651064bd832e0010d0a1e8ca3ef12f0f8758cc31a0c5,True,4
31748,27059,021026_ML.npy,2026-10-05,2026-10-05 23:40:29.157854,7C2E75,C172,CESSNA AIRCRAFT COMPANY,172N,a27d364b1618b51e35213e504e904a0c33c6208b95ae2f18d1fef876ceebde32,True,4
31749,27060,021026_ML.npy,2026-10-05,2026-10-05 23:40:31.412344,7C259E,P28A,PIPER AIRCRAFT CORP,PA-28-180,7a59523a42cec5995cabed6412aa2973a4956e7ac2aa978f9db796a84f2463ef,True,3
31750,27061,021026_ML.npy,2026-10-05,2026-10-05 23:40:31.483919,7C2E75,C172,CESSNA AIRCRAFT COMPANY,172N,b91bd9788297068143b013fc60a1a225b495544ccc21969983f265f73fa4dd59,True,5
31756,27067,021026_ML.npy,2026-10-05,2026-10-05 23:40:38.197281,7C2E75,C172,CESSNA AIRCRAFT COMPANY,172N,4b72205a3c1ab865599fc749719daf192fb682cc5747cee8c4e6d3ea49b85135,True,1
31757,27068,021026_ML.npy,2026-10-05,2026-10-05 23:40:39.292003,7C259E,P28A,PIPER AIRCRAFT CORP,PA-28-180,e1be26d27d1225cf14b9e2091e364f33baf3c990de8cc89c09a6ce7e374a62b9,True,4
31758,27069,021026_ML.npy,2026-10-05,2026-10-05 23:40:39.296661,7C259E,P28A,PIPER AIRCRAFT CORP,PA-28-180,2aec80f06b239b550f78e9c30c8864b0f88660f59acca1d9e2747f0d2fdf2328,True,1
31759,27070,021026_ML.npy,2026-10-05,2026-10-05 23:40:40.951012,7C259E,P28A,PIPER AIRCRAFT CORP,PA-28-180,e653d7c98975df8ef9014e30778ea154c7d32e57d65b8583196030d5ef5474a2,True,2
31764,27075,021026_ML.npy,2026-10-05,2026-10-05 23:40:43.871441,7C259E,P28A,PIPER AIRCRAFT CORP,PA-28-180,22e95bad5d65acc667194ff05c36bd32b1f5fbe80ae97e5c7c1ffcbb0c647912,True,1
31765,27076,021026_ML.npy,2026-10-05,2026-10-05 23:40:43.877734,7C259E,P28A,PIPER AIRCRAFT CORP,PA-28-180,5544ce4b2cb5c248c600a076a7193946bd35d676b064fec0d5ca03c6ea9f9df6,True,1
31768,27079,021026_ML.npy,2026-10-05,2026-10-05 23:40:47.727636,7C259E,P28A,PIPER AIRCRAFT CORP,PA-28-180,ed3334ddd1239afe10f31317134e33b8dd45ec67381690a817f6e610a5eccf9a,True,4
31769,27080,021026_ML.npy,2026-10-05,2026-10-05 23:40:49.461513,7C259E,P28A,PIPER AIRCRAFT CORP,PA-28-180,17e962c3d1a439e08de2f65ce05c2223577d661fe70a4d4de0564a3bcb40fdb7,True,1
31770,27081,021026_ML.npy,2026-10-05,2026-10-05 23:40:49.511007,7C259E,P28A,PIPER AIRCRAFT CORP,PA-28-180,d86a65f31ff7bc9f5cf86a771a943ddd33c63d9f4db5982b4e1cf9fd5ad210c7,True,1
31773,27084,021026_ML.npy,2026-10-05,2026-10-05 23:40:59.933301,7C2E75,C172,CESSNA AIRCRAFT COMPANY,172N,1f359e1e1ca9e31c9bbe93e16f36cd85a5bdf77dfb31d4f77c26272c3f76f4c8,True,5
31781,27092,021026_ML.npy,2026-10-05,2026-10-05 23:41:37.272807,7C7B5E,DA40,DIAMOND AIRCRAFT INDUSTRIES INC.,DA 40,995e0345fdee554a5bdbf381fd986fe78ddf8bc7fae85bb1e76000a6c0e91690,True,2
31804,27115,021026_ML.npy,2026-10-05,2026-10-05 23:44:16.780441,7C1687,DA40,DIAMOND AIRCRAFT INDUSTRIES INC.,DA 40,c0c8f08976b33b2db85aab440025c7166dd50036a68d344b7fa82f942333a203,True,5
31819,27130,021026_ML.npy,2026-10-05,2026-10-05 23:44:29.822831,7C1687,DA40,DIAMOND AIRCRAFT INDUSTRIES INC.,DA 40,23839c8f9038e3ead97afeb6d164b29c436b8c5cee576b183596e68f0cb2d09c,True,1
31821,27132,021026_ML.npy,2026-10-05,2026-10-05 23:44:33.618954,7C1687,DA40,DIAMOND AIRCRAFT INDUSTRIES INC.,DA 40,759cc503773c7450d5b2a0762b27d6d8fc3878394fb68d98826ce6047461ed2c,True,1
31833,27144,021026_ML.npy,2026-10-05,2026-10-05 23:45:47.364788,7C2E75,C172,CESSNA AIRCRAFT COMPANY,172N,4c49f973f0d22be34e91d026b9b855bf45fefee0623fd0c22e4c589b3cb78d48,True,3
31834,27145,021026_ML.npy,2026-10-05,2026-10-05 23:45:47.368457,7C2E75,C172,CESSNA AIRCRAFT COMPANY,172N,9881a9d336b4c68dc3817900a1338b39f0b7506f54adfc21ade49a2ec418d5c6,True,5
31836,27147,021026_ML.npy,2026-10-05,2026-10-05 23:45:49.638692,7C259E,P28A,PIPER AIRCRAFT CORP,PA-28-180,f4e400072b67e3c986569e998f4fcc3cc820df812b0ceec465cc609b5b8e09e6,True,5
31837,27148,021026_ML.npy,2026-10-05,2026-10-05 23:45:49.645951,7C259E,P28A,PIPER AIRCRAFT CORP,PA-28-180,cacd663798be7ce1c25db79d7c775679d84fd320b2ed09e106d25fe8ae19a6ff,True,4
31839,27150,021026_ML.npy,2026-10-05,2026-10-05 23:45:51.634076,7C2E75,C172,CESSNA AIRCRAFT COMPANY,172N,cbbb9716b6315c0775275e7692dfa42adbf2f4a68e4b1ee78519c4a025f8b745,True,1
31841,27152,021026_ML.npy,2026-10-05,2026-10-05 23:45:53.864822,7C259E,P28A,PIPER AIRCRAFT CORP,PA-28-180,5a5a33a94faab8b092c50597179339b4cf3ed5bb858bfc7a08e048f2db372788,True,1
31842,27153,021026_ML.npy,2026-10-05,2026-10-05 23:45:53.869555,7C259E,P28A,PIPER AIRCRAFT CORP,PA-28-180,b74b08915e4c7a1f8158aaf34ef20ab54d092d2a1032f651f7b1e2bca3d14ed7,True,3
31845,27156,021026_ML.npy,2026-10-05,2026-10-05 23:45:54.570899,7C259E,P28A,PIPER AIRCRAFT CORP,PA-28-180,cd3724509647243e1d36ddb3e2d81ca575a6049b74255801f3471c7a8166350f,True,1
31846,27157,021026_ML.npy,2026-10-05,2026-10-05 23:45:56.901678,7C259E,P28A,PIPER AIRCRAFT CORP,PA-28-180,0af48662e2aae3174c9ce0207123a494ed7e68daf82e7addac8c4ead1ab8f1ab,True,5
31847,27158,021026_ML.npy,2026-10-05,2026-10-05 23:45:56.908596,7C259E,P28A,PIPER AIRCRAFT CORP,PA-28-180,8557f5c07fa0811d7e4b83622133cd82dfce61c35a0be9368f40eef9c9f9a6b7,True,2
31848,27159,021026_ML.npy,2026-10-05,2026-10-05 23:45:57.402404,7C259E,P28A,PIPER AIRCRAFT CORP,PA-28-180,d8c498816fc2fb20f0170d149ed11cf087b1c833f7e3eec381253abf39abb5a9,True,3
31849,27160,021026_ML.npy,2026-10-05,2026-10-05 23:45:57.829824,7C259E,P28A,PIPER AIRCRAFT CORP,PA-28-180,e5fc41a739f2cf3dbed849325d510f11554d5864a759e08072807aab7c2b0a2c,True,4
31850,27161,021026_ML.npy,2026-10-05,2026-10-05 23:45:57.835408,7C259E,P28A,PIPER AIRCRAFT CORP,PA-28-180,2eb844ed80b5d25dd5bf1ec99c12070279c2c986bd7709a6cf3a13c6f41a9636,True,5
31853,27164,021026_ML.npy,2026-10-05,2026-10-05 23:45:59.450915,7C259E,P28A,PIPER AIRCRAFT CORP,PA-28-180,cd3724509647243e1d36ddb3e2d81ca575a6049b74255801f3471c7a8166350f,True,2
31854,27165,021026_ML.npy,2026-10-05,2026-10-05 23:45:59.773956,7C2E75,C172,CESSNA AIRCRAFT COMPANY,172N,2e25dd67fcfc02343c7497eae40849351a8759b497318c94381c15126c5e3efe,True,2
31857,27168,021026_ML.npy,2026-10-05,2026-10-05 23:46:03.186425,7C259E,P28A,PIPER AIRCRAFT CORP,PA-28-180,ba36feec25d1fd86c2113b866cc61127f437eae116c7011227b64501b3ad431d,True,4
31858,27169,021026_ML.npy,2026-10-05,2026-10-05 23:46:03.192556,7C259E,P28A,PIPER AIRCRAFT CORP,PA-28-180,9b0180b22ea2ddd27e58fda30adc7d6289f4b802dcf38275350111e5d58c40c7,True,5
31864,27175,021026_ML.npy,2026-10-05,2026-10-05 23:46:05.597449,7C259E,P28A,PIPER AIRCRAFT CORP,PA-28-180,a3d7dfdce6506e9db224de0cb1944c5e18553010ea56600c9ea0d50750e91348,True,3
31865,27176,021026_ML.npy,2026-10-05,2026-10-05 23:46:05.601846,7C259E,P28A,PIPER AIRCRAFT CORP,PA-28-180,083edf8e7399915e808d2f807ab5250e5aa3801cbdfe7253c0a04fe8c423b5be,True,2
31866,27177,021026_ML.npy,2026-10-05,2026-10-05 23:46:06.089804,7C259E,P28A,PIPER AIRCRAFT CORP,PA-28-180,696bcf62cb4a872354bbd64f37da857557bb3acb196c8d360b11db4ca5e7ea04,True,5
31867,27178,021026_ML.npy,2026-10-05,2026-10-05 23:46:06.096904,7C259E,P28A,PIPER AIRCRAFT CORP,PA-28-180,c4afe6f7153ed2a9a6d08523d57db97c302c92d2aa6c921d4f5db517152f5111,True,3
31869,27180,021026_ML.npy,2026-10-05,2026-10-05 23:46:14.703603,7C259E,P28A,PIPER AIRCRAFT CORP,PA-28-180,2741bae44af7eba2423395b3e3fc94f694958466ae6195edd52957e487c3347e,True,4
31871,27182,021026_ML.npy,2026-10-05,2026-10-05 23:46:16.830184,7C259E,P28A,PIPER AIRCRAFT CORP,PA-28-180,5b4db55ae009f9e18c92b06e53ea42604afd4f4f37a5144cbf883a60a1168e53,True,3
31872,27183,021026_ML.npy,2026-10-05,2026-10-05 23:46:16.837153,7C259E,P28A,PIPER AIRCRAFT CORP,PA-28-180,a6ad94a602426151046874433bf458ef8b0ea1ee67e1b918e6ccb657b46aa354,True,2
31873,27184,021026_ML.npy,2026-10-05,2026-10-05 23:46:20.202089,7C259E,P28A,PIPER AIRCRAFT CORP,PA-28-180,4e56fdff85f1b4d8d9e89c247e74beabe33a778c42b7ccffc3b354164c930937,True,1
31874,27185,021026_ML.npy,2026-10-05,2026-10-05 23:46:20.205687,7C259E,P28A,PIPER AIRCRAFT CORP,PA-28-180,fe3a367b5d5fe3344c07f1ee0fc2ec0700b6ad43f6cae90350564d17ec7de532,True,3
31876,27187,021026_ML.npy,2026-10-05,2026-10-05 23:46:23.988031,7C2E75,C172,CESSNA AIRCRAFT COMPANY,172N,8a86f53b59607de963bb24f2958bba7f22c14b69c0b074ed097fe848d667a56e,True,1
31877,27188,021026_ML.npy,2026-10-05,2026-10-05 23:46:24.284753,7C259E,P28A,PIPER AIRCRAFT CORP,PA-28-180,d4bce78f3cc6da676e1d16fddf9481f2786afc3496edc6dc56d80b2226e52a2c,True,2
31878,27189,021026_ML.npy,2026-10-05,2026-10-05 23:46:24.289475,7C259E,P28A,PIPER AIRCRAFT CORP,PA-28-180,12dc52411cacdf73f2a6c8adf337fb2570dc01a9be986cf5df284c83a1c0fee1,True,3
31879,27190,021026_ML.npy,2026-10-05,2026-10-05 23:46:26.833309,7C259E,P28A,PIPER AIRCRAFT CORP,PA-28-180,c6832a44212dd03e4e0410aac0b5e025d75227b4eb4a8b3eacb7b108c33f5135,True,1
31880,27191,021026_ML.npy,2026-10-05,2026-10-05 23:46:26.839570,7C259E,P28A,PIPER AIRCRAFT CORP,PA-28-180,3cdf59016b75b4b4000aa31c07b59d2b804b0187a266fda2d78a248b93792bc5,True,1
31881,27192,021026_ML.npy,2026-10-05,2026-10-05 23:46:27.959082,7C259E,P28A,PIPER AIRCRAFT CORP,PA-28-180,ff9b7b20e432a5fb95f4c03f9e96ea0ed8b5d2872b5552f179f8c301db34d9e0,True,4
31882,27193,021026_ML.npy,2026-10-05,2026-10-05 23:46:27.965929,7C259E,P28A,PIPER AIRCRAFT CORP,PA-28-180,926d5f578799f6e75cb0c2ee29f61ca4365381d62e23d174956e9f679021413f,True,4
31883,27194,021026_ML.npy,2026-10-05,2026-10-05 23:46:28.351490,7C259E,P28A,PIPER AIRCRAFT CORP,PA-28-180,17e962c3d1a439e08de2f65ce05c2223577d661fe70a4d4de0564a3bcb40fdb7,True,4
31884,27195,021026_ML.npy,2026-10-05,2026-10-05 23:46:29.472038,7C259E,P28A,PIPER AIRCRAFT CORP,PA-28-180,ec1c443a03dcd4b5a36ea99b095beddfb811c854edd908a6a6f83311c62cad18,True,4
31885,27196,021026_ML.npy,2026-10-05,2026-10-05 23:46:33.724620,7C259E,P28A,PIPER AIRCRAFT CORP,PA-28-180,7425f776e8558236e57c4f96677b5994ee61d56d2564662854eb7275a14ee8f4,True,2
31886,27197,021026_ML.npy,2026-10-05,2026-10-05 23:46:39.870919,7C259E,P28A,PIPER AIRCRAFT CORP,PA-28-180,4127cbd6f1803f3b7dab08a059aef02c7654fbc5e6199abe672f85dc50648038,True,1
31887,27198,021026_ML.npy,2026-10-05,2026-10-05 23:46:39.875454,7C259E,P28A,PIPER AIRCRAFT CORP,PA-28-180,559bad95b0623ab3845278ea601e276c1110de67a929ac37882d5dc6b22200e4,True,4
31888,27199,021026_ML.npy,2026-10-05,2026-10-05 23:46:42.414707,7C259E,P28A,PIPER AIRCRAFT CORP,PA-28-180,0c5271b3cfcd87296376ee02518d00deb4d696bc4a4cef1ee84cb96e86910c50,True,1
31889,27200,021026_ML.npy,2026-10-05,2026-10-05 23:46:42.906801,7C259E,P28A,PIPER AIRCRAFT CORP,PA-28-180,6c3d1248d1f0d77325c379698db2ff5744ea8ac9211bb77cf33d21e0e50d4f53,True,5
31890,27201,021026_ML.npy,2026-10-05,2026-10-05 23:46:42.912915,7C259E,P28A,PIPER AIRCRAFT CORP,PA-28-180,92def9c821d8a1d5af5b0bd2182ab5b2f1d6787836bbf321dd95dcd476586940,True,5
31891,27202,021026_ML.npy,2026-10-05,2026-10-05 23:46:44.514052,7C259E,P28A,PIPER AIRCRAFT CORP,PA-28-180,cd3724509647243e1d36ddb3e2d81ca575a6049b74255801f3471c7a8166350f,True,3
31892,27203,021026_ML.npy,2026-10-05,2026-10-05 23:46:47.825294,7C259E,P28A,PIPER AIRCRAFT CORP,PA-28-180,0faa93c04d0e23b3dde654866da19fc3ee0999bfa0c0216f32560fc3b9b3898f,True,1
31893,27204,021026_ML.npy,2026-10-05,2026-10-05 23:46:47.832273,7C259E,P28A,PIPER AIRCRAFT CORP,PA-28-180,d7aeab1babc1dfb716b88912d84d1626ac4589513ec12d9c456d2e003de59fc0,True,4
31894,27205,021026_ML.npy,2026-10-05,2026-10-05 23:46:49.295108,7C259E,P28A,PIPER AIRCRAFT CORP,PA-28-180,943ab16d318c5b98519ec2354b16b0c4b7d52862bb17a79a559b99e233462e6b,True,1
31895,27206,021026_ML.npy,2026-10-05,2026-10-05 23:46:52.046649,7C259E,P28A,PIPER AIRCRAFT CORP,PA-28-180,cd3724509647243e1d36ddb3e2d81ca575a6049b74255801f3471c7a8166350f,True,2
31896,27207,021026_ML.npy,2026-10-05,2026-10-05 23:46:52.572737,7C259E,P28A,PIPER AIRCRAFT CORP,PA-28-180,0c5271b3cfcd87296376ee02518d00deb4d696bc4a4cef1ee84cb96e86910c50,True,5
31897,27208,021026_ML.npy,2026-10-05,2026-10-05 23:47:05.303939,7C2E75,C172,CESSNA AIRCRAFT COMPANY,172N,0e3f0fe6c452cca7633c468dc69f4cb0c11456c7e2531158fcd379a2e47f3e21,True,2
31899,27210,021026_ML.npy,2026-10-05,2026-10-05 23:48:09.156772,7C259E,P28A,PIPER AIRCRAFT CORP,PA-28-180,64c6f5b7ccc3adc5c03464b102bca61575e48bae131402f68a0d521d0258558c,True,1
31900,27211,021026_ML.npy,2026-10-05,2026-10-05 23:48:09.162370,7C259E,P28A,PIPER AIRCRAFT CORP,PA-28-180,ff960d55bb8b5888ec7e79afd1ac56b00e06f99f546a465ae5d8032fc32b8b62,True,4
31901,27212,021026_ML.npy,2026-10-05,2026-10-05 23:48:10.712635,7C259E,P28A,PIPER AIRCRAFT CORP,PA-28-180,a01e365a9b70a35c687aba83b1b0ba15df734daddfd74f628e3c3a2013909b4a,True,5
31902,27213,021026_ML.npy,2026-10-05,2026-10-05 23:48:12.507331,7C259E,P28A,PIPER AIRCRAFT CORP,PA-28-180,0c5271b3cfcd87296376ee02518d00deb4d696bc4a4cef1ee84cb96e86910c50,True,5
31903,27214,021026_ML.npy,2026-10-05,2026-10-05 23:48:12.928226,7C259E,P28A,PIPER AIRCRAFT CORP,PA-28-180,dbfeb7636aa184331461b5d89aa1b94481a1a745e06c018e267bdb5d40300acd,True,1
31904,27215,021026_ML.npy,2026-10-05,2026-10-05 23:48:16.942490,7C259E,P28A,PIPER AIRCRAFT CORP,PA-28-180,cd3724509647243e1d36ddb3e2d81ca575a6049b74255801f3471c7a8166350f,True,1
31906,27217,021026_ML.npy,2026-10-05,2026-10-05 23:48:22.147364,7C259E,P28A,PIPER AIRCRAFT CORP,PA-28-180,a76f736f841bc62634c18c17cee3050ceab36baa540d21bbc4f4acc8e5268036,True,5
31907,27218,021026_ML.npy,2026-10-05,2026-10-05 23:48:28.099789,7C259E,P28A,PIPER AIRCRAFT CORP,PA-28-180,17e962c3d1a439e08de2f65ce05c2223577d661fe70a4d4de0564a3bcb40fdb7,True,5
31908,27219,021026_ML.npy,2026-10-05,2026-10-05 23:48:28.184258,7C259E,P28A,PIPER AIRCRAFT CORP,PA-28-180,c7a690b0984e49b8eb80e062144abb73dac421fb6820892e0083960b1d0fd4d0,True,3
31909,27220,021026_ML.npy,2026-10-05,2026-10-05 23:48:28.190101,7C259E,P28A,PIPER AIRCRAFT CORP,PA-28-180,e84bcdb60400b8e5e25cd47377f3cc6dfbdaa030ebebffc8dd4dab55cb086268,True,2
31918,27229,021026_ML.npy,2026-10-05,2026-10-05 23:48:54.970674,7C7B56,DA40,DIAMOND AIRCRAFT INDUSTRIES INC.,DA 40,c4b18834420853304f1f9ab06e41ceafc0dfe824f20fa041d0cf6b4c93f9db4b,True,5
31922,27233,021026_ML.npy,2026-10-05,2026-10-05 23:48:57.764093,7C259E,P28A,PIPER AIRCRAFT CORP,PA-28-180,811ca6147f9563c033ea28682c877ce02f9f71f3fc18b877fc0f88488700875b,True,1
31949,27260,021026_ML.npy,2026-10-05,2026-10-05 23:49:24.157677,7C1687,DA40,DIAMOND AIRCRAFT INDUSTRIES INC.,DA 40,ac18484a5d2e5e2eb0bad82a1c0072b94c7392d82c8d05d86675316d0ac0f8e6,True,5
31974,27285,021026_ML.npy,2026-10-05,2026-10-05 23:51:01.377430,7C2E75,C172,CESSNA AIRCRAFT COMPANY,172N,2d75c99023b6f7e29e217bd1f2f37145303940d6827d7b4e77acae1cb918cd35,True,5
31976,27287,021026_ML.npy,2026-10-05,2026-10-05 23:51:02.358088,7C2E75,C172,CESSNA AIRCRAFT COMPANY,172N,3b1fafcd944df01d97022ab8ffa4498e282720c09152e2c8c97d89597b77535d,True,1
31979,27290,021026_ML.npy,2026-10-05,2026-10-05 23:51:04.881454,7C2E75,C172,CESSNA AIRCRAFT COMPANY,172N,ff7fb15f24f2d23f6c32a2d106c42fad22eee3e068f2d4961d62399316b81a06,True,3
31995,27306,021026_ML.npy,2026-10-05,2026-10-05 23:52:41.216438,7C259E,P28A,PIPER AIRCRAFT CORP,PA-28-180,6f40a7746fbeaf4067a8f702eb13db899f6cdac97bad91fe3ffd6822f5bb1f43,True,1
31996,27307,021026_ML.npy,2026-10-05,2026-10-05 23:52:41.220900,7C259E,P28A,PIPER AIRCRAFT CORP,PA-28-180,b81b86a70e08896317d527d0a78b7eeb230d61c7244d501dfb961e07fa19f276,True,3
31997,27308,021026_ML.npy,2026-10-05,2026-10-05 23:52:41.744472,7C259E,P28A,PIPER AIRCRAFT CORP,PA-28-180,dad59ff36b661b2fa887726add9e245340c81a73acccc00c92b8c91e7c461c3b,True,4
31998,27309,021026_ML.npy,2026-10-05,2026-10-05 23:52:44.313214,7C259E,P28A,PIPER AIRCRAFT CORP,PA-28-180,56ff7b811a4b04c2101295accb6eb90812bf21c7fc2c1939fa404be68e3210fe,True,1
31999,27310,021026_ML.npy,2026-10-05,2026-10-05 23:52:45.378061,7C259E,P28A,PIPER AIRCRAFT CORP,PA-28-180,80880761e922e145d5ff3589605ebb126697984cfbb90687cb87464d5f7a1e48,True,3
32000,27311,021026_ML.npy,2026-10-05,2026-10-05 23:52:55.384055,7C259E,P28A,PIPER AIRCRAFT CORP,PA-28-180,d420a0a8c56446ca07edf585aea70c64462904eac4184bc260bde3c13e1b1a75,True,1
32001,27312,021026_ML.npy,2026-10-05,2026-10-05 23:52:55.388932,7C259E,P28A,PIPER AIRCRAFT CORP,PA-28-180,0c795d29e9466fc1d2c38385503349199c5c533027fa01247c8b4c99a3818dc6,True,4
32004,27315,021026_ML.npy,2026-10-05,2026-10-05 23:53:01.355605,7C259E,P28A,PIPER AIRCRAFT CORP,PA-28-180,f3317e10fd6f0e676ad4a628abe97dc49b20179d37202089921d1c4eae26f77d,True,1
32005,27316,021026_ML.npy,2026-10-05,2026-10-05 23:53:04.105937,7C259E,P28A,PIPER AIRCRAFT CORP,PA-28-180,19d6624714afa2031580f9d55b7e0001d9a40284eab8076c7ba60539506c7cf2,True,2
32006,27317,021026_ML.npy,2026-10-05,2026-10-05 23:53:04.112103,7C259E,P28A,PIPER AIRCRAFT CORP,PA-28-180,112289a50a9318b584bd5beb36a3e4ee737df35479fa733e44df6bb1d6338604,True,1
32007,27318,021026_ML.npy,2026-10-05,2026-10-05 23:53:05.618689,7C259E,P28A,PIPER AIRCRAFT CORP,PA-28-180,04d2cc19bbaa9342de94ab7abf3cfe54b5267943ab169ce21f4fcbbe191a514f,True,2
32008,27319,021026_ML.npy,2026-10-05,2026-10-05 23:53:07.779766,7C259E,P28A,PIPER AIRCRAFT CORP,PA-28-180,3c388f9397ba4541e5eeed80b02f71ec0a7b3c30a74bb9629265e73f86e9dcf6,True,5
32009,27320,021026_ML.npy,2026-10-05,2026-10-05 23:53:12.223110,7C168D,DA40,DIAMOND AIRCRAFT INDUSTRIES INC.,DA 40,6d213a358b339423b15d8e2bcc067d970b8bc1a219f0b9fbf30d8f615409f9d7,True,4
32012,27323,021026_ML.npy,2026-10-05,2026-10-05 23:53:13.103831,7C259E,P28A,PIPER AIRCRAFT CORP,PA-28-180,17e962c3d1a439e08de2f65ce05c2223577d661fe70a4d4de0564a3bcb40fdb7,True,3
32014,27325,021026_ML.npy,2026-10-05,2026-10-05 23:53:14.281810,7C168D,DA40,DIAMOND AIRCRAFT INDUSTRIES INC.,DA 40,942e1fa1754ba0976958ce512ad15f4dac7501b38aa587dc92788155d7d90a61,True,2
32017,27328,021026_ML.npy,2026-10-05,2026-10-05 23:53:16.458004,7C259E,P28A,PIPER AIRCRAFT CORP,PA-28-180,dc2038c8b60334de7f9b9455e993a09119aef003de680c1e9280c1de5350a4cb,True,5
32018,27329,021026_ML.npy,2026-10-05,2026-10-05 23:53:18.021379,7C259E,P28A,PIPER AIRCRAFT CORP,PA-28-180,4f1a414cc141f6ed5415685fc52c43e766cd26029d549fe03f1c40eef733ced2,True,1
32019,27330,021026_ML.npy,2026-10-05,2026-10-05 23:53:18.050839,7C259E,P28A,PIPER AIRCRAFT CORP,PA-28-180,cd3724509647243e1d36ddb3e2d81ca575a6049b74255801f3471c7a8166350f,True,4
32023,27334,021026_ML.npy,2026-10-05,2026-10-05 23:53:20.524860,7C259E,P28A,PIPER AIRCRAFT CORP,PA-28-180,1415b406fad8f20849d1a77916b44f941290a512ee5449c03a5ffa4b28bcdb6f,True,4
32024,27335,021026_ML.npy,2026-10-05,2026-10-05 23:53:20.528770,7C259E,P28A,PIPER AIRCRAFT CORP,PA-28-180,25e898df49230773833272ec3b8b5e6cf2df4b5d4276e0c8dc048e049d0a811f,True,4
32032,27343,021026_ML.npy,2026-10-05,2026-10-05 23:53:29.821404,7C168D,DA40,DIAMOND AIRCRAFT INDUSTRIES INC.,DA 40,b996a2c7a70d53b2f8e80a41d6000196739d42e1cd95a4e304508ed7692e8005,True,3
32058,27369,021026_ML.npy,2026-10-05,2026-10-05 23:53:46.734816,7C168D,DA40,DIAMOND AIRCRAFT INDUSTRIES INC.,DA 40,7d8052608b19a04c2522a9b6bfdd89d28112fef577b9189779fc9f7de90ba3a3,True,1
32077,27388,021026_ML.npy,2026-10-05,2026-10-05 23:53:57.289785,7C168B,DA40,DIAMOND AIRCRAFT INDUSTRIES INC.,DA 40,fe7fe28e7dfed9e0a7ccfbca46bb0a39f111bf07d5373f0e4a00e30e47e8cfc3,True,3
32099,27410,021026_ML.npy,2026-10-05,2026-10-05 23:54:19.514654,7C168D,DA40,DIAMOND AIRCRAFT INDUSTRIES INC.,DA 40,df95848a15572deda634ad9a908e6982a05d57a1f81b1120921715d2c605bb4b,True,1
32118,27429,021026_ML.npy,2026-10-05,2026-10-05 23:55:58.252657,7C2E75,C172,CESSNA AIRCRAFT COMPANY,172N,cdfbdd91176850152a160d6c09a222e03aec671d640d1684878150d5e5fda223,True,3
32119,27430,021026_ML.npy,2026-10-05,2026-10-05 23:55:58.256060,7C2E75,C172,CESSNA AIRCRAFT COMPANY,172N,77831a18330f83d66e6c58a7d69acfb9e2936b4619b02734267a79bb3f68db59,True,2
32120,27431,021026_ML.npy,2026-10-05,2026-10-05 23:55:58.721319,7C2E75,C172,CESSNA AIRCRAFT COMPANY,172N,173235a832ae2e02a2f4a279e80cc4503c9aaf109da1579d9921a81b89f8c285,True,4
32127,27438,021026_ML.npy,2026-10-05,2026-10-05 23:56:05.785836,7C2E75,C172,CESSNA AIRCRAFT COMPANY,172N,4f2f289cfb96799666c6729fd7b78df5d4153a08873da21ba21e2747409de638,True,4
32128,27439,021026_ML.npy,2026-10-05,2026-10-05 23:56:08.369712,7C2E75,C172,CESSNA AIRCRAFT COMPANY,172N,038257db1b34ce9c23b99a7e6647c18fdac52a6accb2bf0dafbd837bb8c4f2cf,True,5
32129,27440,021026_ML.npy,2026-10-05,2026-10-05 23:56:08.374429,7C2E75,C172,CESSNA AIRCRAFT COMPANY,172N,d89bad51a6679fc5fa3ddb81b979c7aacf9698d6e4876a033a069d450ae407f1,True,2
32135,27446,021026_ML.npy,2026-10-05,2026-10-05 23:56:17.374411,7C2E75,C172,CESSNA AIRCRAFT COMPANY,172N,5eb30d68963411682a36b98e06122fd7391274f5abcce8f5dfb4a22b86c246e4,True,2
32138,27449,021026_ML.npy,2026-10-05,2026-10-05 23:56:20.317926,7C2E75,C172,CESSNA AIRCRAFT COMPANY,172N,207290773ba5ae5fd310560151c2574cff16677ffb3b8cc1094cf6314ad0f6eb,True,3
32143,27454,021026_ML.npy,2026-10-05,2026-10-05 23:56:34.878843,7C2E75,C172,CESSNA AIRCRAFT COMPANY,172N,537a411f6d666b5552508369672999737cfab429b0e5d0136716492142f23c12,True,2
32144,27455,021026_ML.npy,2026-10-05,2026-10-05 23:58:15.777799,7C259E,P28A,PIPER AIRCRAFT CORP,PA-28-180,765c7ededcd5d844d215de3caf5b041f1da53a2c8673a987e0d249dd55866280,True,4
32145,27456,021026_ML.npy,2026-10-05,2026-10-05 23:58:33.287170,7C259E,P28A,PIPER AIRCRAFT CORP,PA-28-180,ad1d30b9dd49f7120b9f12955c04ef35f03ecf2030624dc39d57dbbdab7f9f2a,True,2
32146,27457,021026_ML.npy,2026-10-05,2026-10-05 23:58:36.720641,7C259E,P28A,PIPER AIRCRAFT CORP,PA-28-180,91fa2de5212078bd9a1c086233c780929819a86f6d4440b1b5e366c1ccb1510e,True,3
32147,27458,021026_ML.npy,2026-10-05,2026-10-05 23:58:36.726543,7C259E,P28A,PIPER AIRCRAFT CORP,PA-28-180,b3078ee3e97ad74574c56a5ca88b4de639c068448c8ad6f956bb69604e68c204,True,3
32148,27459,021026_ML.npy,2026-10-05,2026-10-05 23:58:37.669187,7C259E,P28A,PIPER AIRCRAFT CORP,PA-28-180,17e962c3d1a439e08de2f65ce05c2223577d661fe70a4d4de0564a3bcb40fdb7,True,2
32149,27460,021026_ML.npy,2026-10-05,2026-10-05 23:58:38.824230,7C259E,P28A,PIPER AIRCRAFT CORP,PA-28-180,3545df230a1ad9767ada33753d8633aec656637d4866b2c5ad36c41b2a44cc27,True,2
32150,27461,021026_ML.npy,2026-10-05,2026-10-05 23:58:39.749981,7C259E,P28A,PIPER AIRCRAFT CORP,PA-28-180,f4268f173dc2f76844ace5aa4106855fab4f9be4d3bf2c7b8dd90787787310fe,True,4
32151,27462,021026_ML.npy,2026-10-05,2026-10-05 23:58:39.756211,7C259E,P28A,PIPER AIRCRAFT CORP,PA-28-180,3989cd751d74f0ad3f856e652929e7bda64d78b840e52057f3b13f9cd941f82f,True,2
32152,27463,021026_ML.npy,2026-10-05,2026-10-05 23:58:41.404132,7C259E,P28A,PIPER AIRCRAFT CORP,PA-28-180,b36bb40f4d6b13ff4d4e04ad6ffc74c6b7e820da24e3ec0ca8a1d5f9c5a53cbb,True,4
32153,27464,021026_ML.npy,2026-10-05,2026-10-05 23:58:46.473212,7C259E,P28A,PIPER AIRCRAFT CORP,PA-28-180,4a726a3b0568f7bcf8a6498c24701648a8a2a3a59a3416b2ba6911c7c80dd850,True,4
32154,27465,021026_ML.npy,2026-10-05,2026-10-05 23:58:52.346575,7C259E,P28A,PIPER AIRCRAFT CORP,PA-28-180,17e962c3d1a439e08de2f65ce05c2223577d661fe70a4d4de0564a3bcb40fdb7,True,3
32155,27466,021026_ML.npy,2026-10-05,2026-10-05 23:59:04.145522,7C259E,P28A,PIPER AIRCRAFT CORP,PA-28-180,47d3aa958fe57bcffaba986ba08a722a7d139b75c2515bd0710f5816c53baa1a,True,2
32156,27467,021026_ML.npy,2026-10-05,2026-10-05 23:59:04.149401,7C259E,P28A,PIPER AIRCRAFT CORP,PA-28-180,77bee21e2ec0f2528de02918e3dd27f8691808987dbba6016b182976e3dd6b86,True,2
32157,27468,021026_ML.npy,2026-10-05,2026-10-05 23:59:08.610369,7C259E,P28A,PIPER AIRCRAFT CORP,PA-28-180,1df543790b4e5411b5ed347ff9797dda867f47d7dcf21986177d3d6dba3d3517,True,4
32158,27469,021026_ML.npy,2026-10-05,2026-10-05 23:59:08.615897,7C259E,P28A,PIPER AIRCRAFT CORP,PA-28-180,67dd2422fbabfbb6d893578b8295f32a88a3d2b031697050a8a36f03f4608887,True,1
32159,27470,021026_ML.npy,2026-10-05,2026-10-05 23:59:09.197495,7C259E,P28A,PIPER AIRCRAFT CORP,PA-28-180,22b96ed595f07e5adbfcbfd50899109016d96e3096a18dd31aa652313a0e41c8,True,3
32160,27471,021026_ML.npy,2026-10-05,2026-10-05 23:59:09.204220,7C259E,P28A,PIPER AIRCRAFT CORP,PA-28-180,68e6e09ae04d41fdacd77e028050afdc3d6e0ab9ab3293e2bebfdf7311edea8d,True,1
32169,27480,021026_ML.npy,2026-10-05,2026-10-05 23:59:55.184748,7C168B,DA40,DIAMOND AIRCRAFT INDUSTRIES INC.,DA 40,9281356e7cda4dd978ec154e3e0e0e3aa1fcfcdd85dde24bb5f09387e4c5b627,True,5
32172,27483,021026_ML.npy,2026-10-06,2026-10-06 00:00:08.911060,7C168B,DA40,DIAMOND AIRCRAFT INDUSTRIES INC.,DA 40,c51396be8c07521b7e52764c774b015856b403aefb0af197e2cb64198cb09365,True,5
32178,27489,021026_ML.npy,2026-10-06,2026-10-06 00:01:43.894628,7C2E75,C172,CESSNA AIRCRAFT COMPANY,172N,537a411f6d666b5552508369672999737cfab429b0e5d0136716492142f23c12,True,4
32182,27493,021026_ML.npy,2026-10-06,2026-10-06 00:01:52.180845,7C2E75,C172,CESSNA AIRCRAFT COMPANY,172N,a3380bac0348a9d046fa8bdfe46e8b53400678d6c2f9b82c41d2277654c560ad,True,2
32186,27497,021026_ML.npy,2026-10-06,2026-10-06 00:01:53.888027,7C2E75,C172,CESSNA AIRCRAFT COMPANY,172N,53117c68e8549cc2aafb2ff03010bb3650ff5af56bc0e41fbd70cc2691801d13,True,4
32187,27498,021026_ML.npy,2026-10-06,2026-10-06 00:01:54.087653,7C2E75,C172,CESSNA AIRCRAFT COMPANY,172N,6bc90e0e2ce2ba570e1eeef4cff946625001bb27e947ac9dbe73b1841260ca10,True,1
32232,27543,021026_ML.npy,2026-10-06,2026-10-06 00:04:52.094088,7C0077,DA40,DIAMOND AIRCRAFT INDUSTRIES INC.,DA 40,10b662488b9145ccc40965011964f5e97623e2baeeb27dcde1e2cdba08f7d87c,True,5
32234,27545,021026_ML.npy,2026-10-06,2026-10-06 00:04:52.302307,7C0077,DA40,DIAMOND AIRCRAFT INDUSTRIES INC.,DA 40,d97140d028ab37a26ecde97d26011eb7d00a9d1610e3196353fc56bdb73d5e6d,True,5
32238,27549,021026_ML.npy,2026-10-06,2026-10-06 00:04:56.594741,7C0077,DA40,DIAMOND AIRCRAFT INDUSTRIES INC.,DA 40,0bea6f7602093dfbf6be796f23ef7793dfc30228a3b7a31d29912be45f4917df,True,3
32242,27553,021026_ML.npy,2026-10-06,2026-10-06 00:04:58.238201,7C0077,DA40,DIAMOND AIRCRAFT INDUSTRIES INC.,DA 40,048f7d20816f1a8b39fcf855151be07cea1233e1e504582278b713f8234c4f54,True,5
32247,27558,021026_ML.npy,2026-10-06,2026-10-06 00:05:02.301193,7C0077,DA40,DIAMOND AIRCRAFT INDUSTRIES INC.,DA 40,8ec16717b6a4e8c43da8385e43ae349b06ad143590ae117a0f82d99fe47b1e16,True,2
32262,27573,021026_ML.npy,2026-10-06,2026-10-06 00:05:16.599029,7C0077,DA40,DIAMOND AIRCRAFT INDUSTRIES INC.,DA 40,339c47e36ac49566fbd91b2486c328659de0f820aa6eab9173c25fd1ec2542b0,True,1
32266,27577,021026_ML.npy,2026-10-06,2026-10-06 00:05:20.649265,7C168B,DA40,DIAMOND AIRCRAFT INDUSTRIES INC.,DA 40,3d6836820612498d86e2af8783cfad252018ba9bde6a0e7c50bb054eb2bbedcf,True,4
32268,27579,021026_ML.npy,2026-10-06,2026-10-06 00:05:22.097861,7C0077,DA40,DIAMOND AIRCRAFT INDUSTRIES INC.,DA 40,282cd1aba136d48e82cd033f691e19006c41d7e6bdbf435a753ceb51c92e24ba,True,4
32284,27595,021026_ML.npy,2026-10-06,2026-10-06 00:06:19.790210,7C2E75,C172,CESSNA AIRCRAFT COMPANY,172N,931f0e8449fb4d31634636cd9a792e9d39ba8e5bc4cffb418492c7eda58494a9,True,2
32287,27598,021026_ML.npy,2026-10-06,2026-10-06 00:06:25.359899,7C2E75,C172,CESSNA AIRCRAFT COMPANY,172N,6bc90e0e2ce2ba570e1eeef4cff946625001bb27e947ac9dbe73b1841260ca10,True,4
32296,27607,021026_ML.npy,2026-10-06,2026-10-06 00:06:29.541727,7C2E75,C172,CESSNA AIRCRAFT COMPANY,172N,fd6fe89663ebf7855d8fa9d9cd0a75bd59ff268a334082979abbcc025cb689a9,True,1
32302,27613,021026_ML.npy,2026-10-06,2026-10-06 00:06:32.536723,7C2E75,C172,CESSNA AIRCRAFT COMPANY,172N,d57470ec7cfd326e80902746d26c9fdabc0922c3a83d07e19d0b39050da297dc,True,5
32305,27616,021026_ML.npy,2026-10-06,2026-10-06 00:06:35.420445,7C2E75,C172,CESSNA AIRCRAFT COMPANY,172N,a837df9dbdab8dca6e51646b8837521696a520b77f3da08482ffe0be27c404e4,True,5
32310,27621,021026_ML.npy,2026-10-06,2026-10-06 00:06:36.794368,7C1689,DA40,DIAMOND AIRCRAFT INDUSTRIES INC.,DA 40,00ea569ce4d9e14cb6356efb590793217086bcc7c79430b20b9dc2d539ccb2f3,True,3
32321,27632,021026_ML.npy,2026-10-06,2026-10-06 00:06:49.509032,7C1689,DA40,DIAMOND AIRCRAFT INDUSTRIES INC.,DA 40,48e3282375ec49c20f4b07a45781cceb99b68ab141158749bca0d26d1f940c79,True,1
32330,27641,021026_ML.npy,2026-10-06,2026-10-06 00:06:57.246292,7C1689,DA40,DIAMOND AIRCRAFT INDUSTRIES INC.,DA 40,e3ae173649a8f379f8b7501bae5ef372bebc32fc02e76e88ebbc244aae366eda,True,4
32344,27655,021026_ML.npy,2026-10-06,2026-10-06 00:07:09.177000,7C1689,DA40,DIAMOND AIRCRAFT INDUSTRIES INC.,DA 40,00ea569ce4d9e14cb6356efb590793217086bcc7c79430b20b9dc2d539ccb2f3,True,1
32355,27666,021026_ML.npy,2026-10-06,2026-10-06 00:07:15.529161,7C1689,DA40,DIAMOND AIRCRAFT INDUSTRIES INC.,DA 40,3ac212db4c3f9b574acbe5b137bf76313033660b916176ad95daeb0b7a85ea49,True,2
32358,27669,021026_ML.npy,2026-10-06,2026-10-06 00:07:18.538660,7C7AEF,DA40,DIAMOND AIRCRAFT INDUSTRIES INC.,DA 40,2b2522948bb8976231ba571babe5cb939f1054016715d76ba2be3d9bff32be50,True,3
32380,27691,021026_ML.npy,2026-10-06,2026-10-06 00:07:30.822084,7C7AEF,DA40,DIAMOND AIRCRAFT INDUSTRIES INC.,DA 40,576ba0551cf8f37cddd3da343670571bc9cd2aac4c0b7858ffefeb3f838570c6,True,1
32413,27724,021026_ML.npy,2026-10-06,2026-10-06 00:08:23.218035,7C7C39,DA40,DIAMOND AIRCRAFT INDUSTRIES INC.,DA 40,38e01e72713a7e5aa78531b929b33a43dbbe4e246df499987c346d49c229ec81,True,4
32415,27726,021026_ML.npy,2026-10-06,2026-10-06 00:08:24.774569,7C7C39,DA40,DIAMOND AIRCRAFT INDUSTRIES INC.,DA 40,0546f4dc1f2319d9a20d52caea7f50f780ae413026262f9557ff4f82fbce056c,True,2
32420,27731,021026_ML.npy,2026-10-06,2026-10-06 00:08:27.849864,7C7C39,DA40,DIAMOND AIRCRAFT INDUSTRIES INC.,DA 40,efb42f3692ea72ffa3bb7fcf42dd92c12491e392a2257950338d3c136bb431e6,True,2
32439,27750,021026_ML.npy,2026-10-06,2026-10-06 00:10:23.542513,7C168B,DA40,DIAMOND AIRCRAFT INDUSTRIES INC.,DA 40,58e466b123e366664c91b2eca8dd426f9987de2f3b97d1cab103eb5d83685863,True,3
32442,27753,021026_ML.npy,2026-10-06,2026-10-06 00:10:25.949774,7C168B,DA40,DIAMOND AIRCRAFT INDUSTRIES INC.,DA 40,3b4240b566f512370d50eb99cc30a8fc56878f7df936b8dd29ef2853e2a4de08,True,2
32494,27805,021026_ML.npy,2026-10-06,2026-10-06 00:12:13.281306,7C2E75,C172,CESSNA AIRCRAFT COMPANY,172N,6bc90e0e2ce2ba570e1eeef4cff946625001bb27e947ac9dbe73b1841260ca10,True,5
32497,27808,021026_ML.npy,2026-10-06,2026-10-06 00:12:13.722093,7C2E75,C172,CESSNA AIRCRAFT COMPANY,172N,537a411f6d666b5552508369672999737cfab429b0e5d0136716492142f23c12,True,3
32509,27820,021026_ML.npy,2026-10-06,2026-10-06 00:12:20.832508,7C2E75,C172,CESSNA AIRCRAFT COMPANY,172N,76f007aaab0acb1476607b132201adae1ceef617eef5f4b9c17dee967269d51f,True,5
32516,27827,021026_ML.npy,2026-10-06,2026-10-06 00:12:25.873903,7C2E75,C172,CESSNA AIRCRAFT COMPANY,172N,6bc90e0e2ce2ba570e1eeef4cff946625001bb27e947ac9dbe73b1841260ca10,True,5
32528,27839,021026_ML.npy,2026-10-06,2026-10-06 00:17:01.173408,7C7C3E,DA40,DIAMOND AIRCRAFT INDUSTRIES INC.,DA 40,fd751fdb54586f5d61077a554be23af828580200876fa92e993e63ee160bdb40,True,2
32580,27891,021026_ML.npy,2026-10-06,2026-10-06 00:17:53.691007,7C2E75,C172,CESSNA AIRCRAFT COMPANY,172N,c9a188e8e084587440b70fae366a047a12fcb31821a3b9e8e4adaa613d0bbaa9,True,5
32581,27892,021026_ML.npy,2026-10-06,2026-10-06 00:17:53.698122,7C2E75,C172,CESSNA AIRCRAFT COMPANY,172N,9606469753495f7197821cbb38d85eaeb6de2a1297307d93c69a61f4540ffc8a,True,2
32594,27905,021026_ML.npy,2026-10-06,2026-10-06 00:17:58.901251,7C2E75,C172,CESSNA AIRCRAFT COMPANY,172N,b114e4672f26ff7ec8e9a8575131cf300df9318437ad9ed049d22fe6e56c2b87,True,5
32595,27906,021026_ML.npy,2026-10-06,2026-10-06 00:17:58.907201,7C2E75,C172,CESSNA AIRCRAFT COMPANY,172N,1c0fe969c99022cbeb1de7436e5af5927a2c357874c8c6f3d1431cf75e84055b,True,4
32608,27919,021026_ML.npy,2026-10-06,2026-10-06 00:18:07.053202,7C2E75,C172,CESSNA AIRCRAFT COMPANY,172N,70f8ecd9d4b7abc53858dbbcd5e767b4323751588cb9fcd24c8126d95cfe4d81,True,4
32609,27920,021026_ML.npy,2026-10-06,2026-10-06 00:18:08.555534,7C2E75,C172,CESSNA AIRCRAFT COMPANY,172N,b4479d9af2ca99b378d1a6f800cb658793d483093b44e7d899c9f72548d617d6,True,1
32617,27928,021026_ML.npy,2026-10-06,2026-10-06 00:18:14.727030,7C7B5F,DA40,DIAMOND AIRCRAFT INDUSTRIES INC.,DA 40,5f58c6d645801f7a19c175646cfdc74cadff05cef51cb09e2f3d5ed616250ff5,True,3
32627,27938,021026_ML.npy,2026-10-06,2026-10-06 00:18:26.434602,7C7B5F,DA40,DIAMOND AIRCRAFT INDUSTRIES INC.,DA 40,4f41c123c789313675b3ee0f8f88f2f47e1886f9a129662a05d838c74362a833,True,5
32633,27944,021026_ML.npy,2026-10-06,2026-10-06 00:18:29.548338,7C2E75,C172,CESSNA AIRCRAFT COMPANY,172N,835d611bdc30a1d8aa8bde44e57fa3198fedfcb366d0dc1469bbc21fcabbac3e,True,1
32635,27946,021026_ML.npy,2026-10-06,2026-10-06 00:18:34.844072,7C7B5F,DA40,DIAMOND AIRCRAFT INDUSTRIES INC.,DA 40,1c97b306be91521ac6fc209ad49b757b935cf68bda80770aeaf18284aa758011,True,2
32646,27957,021026_ML.npy,2026-10-06,2026-10-06 00:19:55.726144,7C0074,C172,CESSNA AIRCRAFT COMPANY,172S,1937ed5ab1dec108846b559b34331598e8b048d5332c76de91d7b57c2ea23eb9,True,4
32647,27958,021026_ML.npy,2026-10-06,2026-10-06 00:19:57.274481,7C0074,C172,CESSNA AIRCRAFT COMPANY,172S,8406bd52814ddc048fadf07470c6aab28f6d6bee9be4cd580fed24f966011180,True,1
32651,27962,021026_ML.npy,2026-10-06,2026-10-06 00:19:59.885826,7C0074,C172,CESSNA AIRCRAFT COMPANY,172S,fe4b34052bd04d7f3cc87ff42e28a198d02a5818f2e6efa901b97c1623e13938,True,2
32661,27972,021026_ML.npy,2026-10-06,2026-10-06 00:20:17.169360,7C0074,C172,CESSNA AIRCRAFT COMPANY,172S,5cd642da486b862d3e2cf16f831093d0a30519025776292b04b4e669a417c66c,True,1
32669,27980,021026_ML.npy,2026-10-06,2026-10-06 00:20:38.084873,7C0074,C172,CESSNA AIRCRAFT COMPANY,172S,a90437468594afb04371eeb71f3b5e037838bcf49386806f9e33408491dc648a,True,1
32672,27983,021026_ML.npy,2026-10-06,2026-10-06 00:20:40.319131,7C7AF8,DA40,DIAMOND AIRCRAFT INDUSTRIES INC.,DA 40,98d6916894f612c17f0aeb7b368f958a398df08ae75f752f7c7417a23e3a718d,True,3
32673,27984,021026_ML.npy,2026-10-06,2026-10-06 00:20:42.465741,7C0074,C172,CESSNA AIRCRAFT COMPANY,172S,db19eed1d546e91a689c111378e56d6c6148be0d71d6c2610da61f40fa126b0b,True,2
32677,27988,021026_ML.npy,2026-10-06,2026-10-06 00:20:47.014850,7C7AF8,DA40,DIAMOND AIRCRAFT INDUSTRIES INC.,DA 40,68c1c134dd95d9516846ff66090fbc9e9ea3bff3ee546efae99e2ffb9b75a47d,True,1
32678,27989,021026_ML.npy,2026-10-06,2026-10-06 00:20:48.148476,7C7AF8,DA40,DIAMOND AIRCRAFT INDUSTRIES INC.,DA 40,8b3d080714fc250b338458e1e6050d206966efbeecd2a9b13d22d519b0db1e88,True,3
32690,28001,021026_ML.npy,2026-10-06,2026-10-06 00:21:07.906963,7C7AF8,DA40,DIAMOND AIRCRAFT INDUSTRIES INC.,DA 40,1217adcb94bf10d4fa4783183c5a650d3af77471b2fae3b1a520c8b3b7e05291,True,2
32698,28009,021026_ML.npy,2026-10-06,2026-10-06 00:21:29.529052,7C0074,C172,CESSNA AIRCRAFT COMPANY,172S,1bb0709d003d9f1ca46dcf6c09a57e70a9323330048c0c6bb58759872a87f9ea,True,4
32705,28016,021026_ML.npy,2026-10-06,2026-10-06 00:23:07.759051,7C2E75,C172,CESSNA AIRCRAFT COMPANY,172N,8f9c5d98c8a0e66fafd1b6468edde7a79de419a2ec9d6e24ef8a14e374732dc1,True,4
32709,28020,021026_ML.npy,2026-10-06,2026-10-06 00:23:14.726750,7C2E75,C172,CESSNA AIRCRAFT COMPANY,172N,6bc90e0e2ce2ba570e1eeef4cff946625001bb27e947ac9dbe73b1841260ca10,True,3
32715,28026,021026_ML.npy,2026-10-06,2026-10-06 00:23:21.858390,7C1689,DA40,DIAMOND AIRCRAFT INDUSTRIES INC.,DA 40,9eb9d6868245da5fe99b77446c7439cb5c39ec98ccfd804cf91a4a784a0202fb,True,5
32716,28027,021026_ML.npy,2026-10-06,2026-10-06 00:23:23.522184,7C2E75,C172,CESSNA AIRCRAFT COMPANY,172N,3e0b4782100bf9ee62baddcb399fec1571b1180727ac58a2b61c6f164a57eb6d,True,5
32726,28037,021026_ML.npy,2026-10-06,2026-10-06 00:23:38.556621,7C2E75,C172,CESSNA AIRCRAFT COMPANY,172N,db3cf13f89bf18ed699cd630b27f76550f62a1f1fc2fc9255088c5da64003ac4,True,3
32727,28038,021026_ML.npy,2026-10-06,2026-10-06 00:23:39.251881,7C2E75,C172,CESSNA AIRCRAFT COMPANY,172N,b054cac776aadf96e266ff73f9fefd138a62b1651361ab2f925a54ce147f915b,True,1
32740,28051,021026_ML.npy,2026-10-06,2026-10-06 00:24:21.101525,7C7144,C172,CESSNA AIRCRAFT COMPANY,172N,bb320c01aeec2d2cea349db513c4b1b2920368c3d437e15d1f78313a231bfbc1,True,5
32743,28054,021026_ML.npy,2026-10-06,2026-10-06 00:24:26.936443,7C7144,C172,CESSNA AIRCRAFT COMPANY,172N,d6468ef5a8459889a7735d6ab7a044b7e1bf23b03a27c7ff62760b0719471f42,True,5
32744,28055,021026_ML.npy,2026-10-06,2026-10-06 00:24:26.942722,7C7144,C172,CESSNA AIRCRAFT COMPANY,172N,69aa5cba5dfa96f0f82a6c898c6927630ae8c88ac1a85ff213bead7814139a4d,True,1
32750,28061,021026_ML.npy,2026-10-06,2026-10-06 00:25:03.476279,7C0074,C172,CESSNA AIRCRAFT COMPANY,172S,a90437468594afb04371eeb71f3b5e037838bcf49386806f9e33408491dc648a,True,3
32756,28067,021026_ML.npy,2026-10-06,2026-10-06 00:25:10.696506,7C0074,C172,CESSNA AIRCRAFT COMPANY,172S,3ce829d796f623bc10b62eec37b1757bce3174127e4aaa92e7bccd065065c308,True,5
32770,28081,021026_ML.npy,2026-10-06,2026-10-06 00:25:42.146802,7C0074,C172,CESSNA AIRCRAFT COMPANY,172S,a90437468594afb04371eeb71f3b5e037838bcf49386806f9e33408491dc648a,True,5
32776,28087,021026_ML.npy,2026-10-06,2026-10-06 00:25:52.325535,7C0074,C172,CESSNA AIRCRAFT COMPANY,172S,7a821972fc116f14954dee384a7732641e29c882ceb42525ccc891db196a590e,True,5
32780,28091,021026_ML.npy,2026-10-06,2026-10-06 00:25:59.575120,7C0074,C172,CESSNA AIRCRAFT COMPANY,172S,a90437468594afb04371eeb71f3b5e037838bcf49386806f9e33408491dc648a,True,4
32782,28093,021026_ML.npy,2026-10-06,2026-10-06 00:26:00.788923,7C0074,C172,CESSNA AIRCRAFT COMPANY,172S,236f1b1315f00aea7809ccf44a9d776d8605ed621a4e7f97107ff40a0ec11095,True,4
32790,28101,021026_ML.npy,2026-10-06,2026-10-06 00:27:06.068361,7C0074,C172,CESSNA AIRCRAFT COMPANY,172S,6f886438fa79a658fe57cc87427bb1c3e22a1147f24c01fd75437d292e49ab96,True,2
32793,28104,021026_ML.npy,2026-10-06,2026-10-06 00:27:10.427748,7C0074,C172,CESSNA AIRCRAFT COMPANY,172S,a90437468594afb04371eeb71f3b5e037838bcf49386806f9e33408491dc648a,True,4
32803,28114,021026_ML.npy,2026-10-06,2026-10-06 00:28:25.220414,7C2E75,C172,CESSNA AIRCRAFT COMPANY,172N,82b929879f0407bbcad708701aaca9c6d9e95a048fbb5970f92fb9e1aa1d4027,True,5
32804,28115,021026_ML.npy,2026-10-06,2026-10-06 00:28:25.317041,7C2E75,C172,CESSNA AIRCRAFT COMPANY,172N,6bc90e0e2ce2ba570e1eeef4cff946625001bb27e947ac9dbe73b1841260ca10,True,5
32812,28123,021026_ML.npy,2026-10-06,2026-10-06 00:28:33.959486,7C2E75,C172,CESSNA AIRCRAFT COMPANY,172N,6b887934e1e2a38c685d5aa5113d841223f16010d27d050a35959b2fa3976797,True,1
32813,28124,021026_ML.npy,2026-10-06,2026-10-06 00:28:34.426270,7C2E75,C172,CESSNA AIRCRAFT COMPANY,172N,1fc7d4f632cace63312c66a4db95efa42ca5d0214ab24dae470df315c36a89f8,True,4
32817,28128,021026_ML.npy,2026-10-06,2026-10-06 00:28:39.323752,7C2E75,C172,CESSNA AIRCRAFT COMPANY,172N,622a235e732902601cfc91511941ed8b9d1e90322f54a62b6b2d934d38f2384a,True,3
32818,28129,021026_ML.npy,2026-10-06,2026-10-06 00:28:39.329359,7C2E75,C172,CESSNA AIRCRAFT COMPANY,172N,8be8f2d80024b8396ce229b6d3a5c73553a8b1dc054d5bc67b1678de82c3449c,True,2
32820,28131,021026_ML.npy,2026-10-06,2026-10-06 00:28:40.852022,7C2E75,C172,CESSNA AIRCRAFT COMPANY,172N,bd782e9eb263d0f432d247d835134d453c93df0f07ebb10b9632e877d86ecbd2,True,2
32824,28135,021026_ML.npy,2026-10-06,2026-10-06 00:28:49.578251,7C2E75,C172,CESSNA AIRCRAFT COMPANY,172N,905a4bbe868fc26d144d32345760ac758c2d4bfd5792681f9e3787a06aab26bf,True,4
32831,28142,021026_ML.npy,2026-10-06,2026-10-06 00:29:13.972283,7C2E75,C172,CESSNA AIRCRAFT COMPANY,172N,c46757e5d7cf969646a341001b3e24e1b28274e8a82d66da832fdce6ad2f291b,True,5
32836,28147,021026_ML.npy,2026-10-06,2026-10-06 00:30:41.841735,7C0074,C172,CESSNA AIRCRAFT COMPANY,172S,1af3b698c03ea5418cb47c660da6fdd68ae72c4a76c4eee9ed948e8551358ea7,True,1
32839,28150,021026_ML.npy,2026-10-06,2026-10-06 00:30:45.813535,7C0074,C172,CESSNA AIRCRAFT COMPANY,172S,0fa89a6a3d67be5a7dcd9fbd4b5685a5a56336ca63c7935514174d0138b7b6df,True,5
32852,28163,021026_ML.npy,2026-10-06,2026-10-06 00:31:04.832306,7C0074,C172,CESSNA AIRCRAFT COMPANY,172S,3ce829d796f623bc10b62eec37b1757bce3174127e4aaa92e7bccd065065c308,True,3
32865,28176,021026_ML.npy,2026-10-06,2026-10-06 00:31:20.156011,7C0074,C172,CESSNA AIRCRAFT COMPANY,172S,955a9c5462c5294a574a81448a1981bef405c579751b968b4d0f1944ac270827,True,2
32870,28181,021026_ML.npy,2026-10-06,2026-10-06 00:31:23.232035,7C0074,C172,CESSNA AIRCRAFT COMPANY,172S,83bdaa483fa4fa2dbe374a692c9a952c4bfb2a18397bc78f0905a06d5650803f,True,1
32881,28192,021026_ML.npy,2026-10-06,2026-10-06 00:31:30.883286,7C0074,C172,CESSNA AIRCRAFT COMPANY,172S,b3cc7b5c128629588d799d714726720898107864c79bb442016f77bc6a26af79,True,4
32885,28196,021026_ML.npy,2026-10-06,2026-10-06 00:31:32.245505,7C41FD,DA40,DIAMOND AIRCRAFT INDUSTRIES INC.,DA 40,46d2ebc9cc73c22ae3155f7a5db859369187a503130c4c53a58d0564f37af3c8,True,2
32889,28200,021026_ML.npy,2026-10-06,2026-10-06 00:31:32.874807,7C0074,C172,CESSNA AIRCRAFT COMPANY,172S,45f2c18bae2ab06537d57e78492e42ab8cb8c4531bcd4e48e484d0546d4e8095,True,1
32898,28209,021026_ML.npy,2026-10-06,2026-10-06 00:31:44.138859,7C7C2E,DA40,DIAMOND AIRCRAFT INDUSTRIES INC.,DA 40,d3c3e8ed2e9169894781739e9dbfb2b89eada8cfb3350a78be5fc37190eb5a4c,True,2
32904,28215,021026_ML.npy,2026-10-06,2026-10-06 00:31:51.515763,7C7C2E,DA40,DIAMOND AIRCRAFT INDUSTRIES INC.,DA 40,cf1cf555a775c50935b36dd9c8a8e898a0377c9599f865503f4d96e1178db06d,True,4
32933,28244,021026_ML.npy,2026-10-06,2026-10-06 00:32:11.060053,7C41FD,DA40,DIAMOND AIRCRAFT INDUSTRIES INC.,DA 40,ca3c431819122b2a9e842a54a6e771d97c78dfd9bf3576dcd5186f0cefafb50c,True,1
32934,28245,021026_ML.npy,2026-10-06,2026-10-06 00:32:11.934029,7C7C2E,DA40,DIAMOND AIRCRAFT INDUSTRIES INC.,DA 40,d7a6b4521befd08c0743914f76c667eabc0898d524e6deff998e87f372b98a90,True,5
32937,28248,021026_ML.npy,2026-10-06,2026-10-06 00:32:13.996036,7C7C2E,DA40,DIAMOND AIRCRAFT INDUSTRIES INC.,DA 40,644ba5fff18d51629e00be5e441ea5e8aa37cf8a8826fff95206333a89a069cb,True,2
32954,28265,021026_ML.npy,2026-10-06,2026-10-06 00:32:22.883042,7C7C2E,DA40,DIAMOND AIRCRAFT INDUSTRIES INC.,DA 40,add7edb856b59236c58c5286c7f8756ae2aa3d422697a7c213e7e900b646f24c,True,2
32979,28290,021026_ML.npy,2026-10-06,2026-10-06 00:33:42.884859,7C168A,DA40,DIAMOND AIRCRAFT INDUSTRIES INC.,DA 40,15da7f1799547897f1f83ad2ce8a6f55266cd62fb95a998195ea205ec020a8e0,True,1
32982,28293,021026_ML.npy,2026-10-06,2026-10-06 00:33:45.331638,7C2E75,C172,CESSNA AIRCRAFT COMPANY,172N,4f330d51eb1e63ed59e504de2af3501a16ba91d4f93ec16629b2b8462bf76be2,True,4
32996,28307,021026_ML.npy,2026-10-06,2026-10-06 00:33:59.428223,7C2E75,C172,CESSNA AIRCRAFT COMPANY,172N,fd1d31d6d8734667fb9eb8bd3877bdae0586cf6651228e9b0518270598b96b0e,True,5
33007,28318,021026_ML.npy,2026-10-06,2026-10-06 00:34:02.270391,7C2E75,C172,CESSNA AIRCRAFT COMPANY,172N,2bcb8eae9dd05c632f1145ff1dffb9f4def7519712aae5d302c15eea91ca68dd,True,3
33021,28332,021026_ML.npy,2026-10-06,2026-10-06 00:34:09.235234,7C2E75,C172,CESSNA AIRCRAFT COMPANY,172N,7b58cdf0341a48a209292eaa6ee10d64638e8318fb5e6811a65425c3c26c0c2c,True,2
33024,28335,021026_ML.npy,2026-10-06,2026-10-06 00:34:13.030833,7C2E75,C172,CESSNA AIRCRAFT COMPANY,172N,4b25fe037985022100f6fe5dab83ed958e43202796ce105eb622814f6ee4ea65,True,2
33025,28336,021026_ML.npy,2026-10-06,2026-10-06 00:34:15.706412,7C168A,DA40,DIAMOND AIRCRAFT INDUSTRIES INC.,DA 40,81addb92c046fd000435504b13e28f1853d548e1d5641de7112ff04340f09140,True,2
33031,28342,021026_ML.npy,2026-10-06,2026-10-06 00:34:23.561855,7C2E75,C172,CESSNA AIRCRAFT COMPANY,172N,9c183125166c842a4a059461eb518c69fa8fc9239ec574b55153b6571c251f46,True,5
33032,28343,021026_ML.npy,2026-10-06,2026-10-06 00:34:24.776043,7C168A,DA40,DIAMOND AIRCRAFT INDUSTRIES INC.,DA 40,c31d85eee3e862f5a38141cc9c3cd7799a9695cff8abf562175bb967401373c6,True,3
33034,28345,021026_ML.npy,2026-10-06,2026-10-06 00:34:46.853465,7C2E75,C172,CESSNA AIRCRAFT COMPANY,172N,2ea3f922db4b0796a00410cf229340d3adc003fe6611c909de32d8b6ef591ff0,True,4
33035,28346,021026_ML.npy,2026-10-06,2026-10-06 00:36:49.855167,7C0074,C172,CESSNA AIRCRAFT COMPANY,172S,a90437468594afb04371eeb71f3b5e037838bcf49386806f9e33408491dc648a,True,2
33036,28347,021026_ML.npy,2026-10-06,2026-10-06 00:36:52.667836,7C0074,C172,CESSNA AIRCRAFT COMPANY,172S,61bcda56db84f29b7a6e012ce006fc3b3f3149cb5214f81d75a8dbc64dfa4770,True,5
33037,28348,021026_ML.npy,2026-10-06,2026-10-06 00:36:53.195890,7C0074,C172,CESSNA AIRCRAFT COMPANY,172S,976503016d5c665f8473bf214ed2d2caffef23bfff0437fc180c3b57dd0def7a,True,1
33040,28351,021026_ML.npy,2026-10-06,2026-10-06 00:36:59.680590,7C0074,C172,CESSNA AIRCRAFT COMPANY,172S,3ce829d796f623bc10b62eec37b1757bce3174127e4aaa92e7bccd065065c308,True,4
33041,28352,021026_ML.npy,2026-10-06,2026-10-06 00:37:01.715418,7C0074,C172,CESSNA AIRCRAFT COMPANY,172S,051a6f19d6c8851dda445b335ceaa4b254aa362b30265ebdca80815840233943,True,3
33042,28353,021026_ML.npy,2026-10-06,2026-10-06 00:37:02.677253,7C0074,C172,CESSNA AIRCRAFT COMPANY,172S,8406bd52814ddc048fadf07470c6aab28f6d6bee9be4cd580fed24f966011180,True,5
33043,28354,021026_ML.npy,2026-10-06,2026-10-06 00:37:03.264615,7C0074,C172,CESSNA AIRCRAFT COMPANY,172S,976503016d5c665f8473bf214ed2d2caffef23bfff0437fc180c3b57dd0def7a,True,3
33056,28367,021026_ML.npy,2026-10-06,2026-10-06 00:37:11.588870,7C0074,C172,CESSNA AIRCRAFT COMPANY,172S,4ca43248fe9de9d550bdaae74a496ea65505b011ee2eb921655daf3d567d6153,True,3
33057,28368,021026_ML.npy,2026-10-06,2026-10-06 00:37:13.764028,7C0074,C172,CESSNA AIRCRAFT COMPANY,172S,4fb212a06d213facea6eb67fda92eb61ef3f0bbfff87c1ddd03dc946edef419d,True,5
33061,28372,021026_ML.npy,2026-10-06,2026-10-06 00:37:16.420208,7C0074,C172,CESSNA AIRCRAFT COMPANY,172S,099155fecc63973e613a8e8a87ce66b02a971a42479a175aa5f0d992e7c0c33c,True,1
33062,28373,021026_ML.npy,2026-10-06,2026-10-06 00:37:17.289160,7C0074,C172,CESSNA AIRCRAFT COMPANY,172S,3ce829d796f623bc10b62eec37b1757bce3174127e4aaa92e7bccd065065c308,True,4
33066,28377,021026_ML.npy,2026-10-06,2026-10-06 00:37:25.805342,7C0074,C172,CESSNA AIRCRAFT COMPANY,172S,a90437468594afb04371eeb71f3b5e037838bcf49386806f9e33408491dc648a,True,2
33067,28378,021026_ML.npy,2026-10-06,2026-10-06 00:37:27.055410,7C0074,C172,CESSNA AIRCRAFT COMPANY,172S,a90437468594afb04371eeb71f3b5e037838bcf49386806f9e33408491dc648a,True,2
33070,28381,021026_ML.npy,2026-10-06,2026-10-06 00:37:34.342377,7C0074,C172,CESSNA AIRCRAFT COMPANY,172S,9dd89f1a8442632fe2056daf6ce6f2070bd2f965fdcede75b30bb7c784580a7d,True,4
33075,28386,021026_ML.npy,2026-10-06,2026-10-06 00:37:43.792181,7C0074,C172,CESSNA AIRCRAFT COMPANY,172S,a9cd143a4de32667419d5c3d26925ce353982038a1f920cd34f6db52d14aa602,True,2
33076,28387,021026_ML.npy,2026-10-06,2026-10-06 00:37:43.798371,7C0074,C172,CESSNA AIRCRAFT COMPANY,172S,fb25db6db74169b2d14902a725c792de1bc86fd0819d5075ff1831ae0def8a12,True,5
33080,28391,021026_ML.npy,2026-10-06,2026-10-06 00:37:48.010928,7C41FD,DA40,DIAMOND AIRCRAFT INDUSTRIES INC.,DA 40,62a7626cc6c81096b8d9f5d23e03e8d811a0be1ec18977ea81e4ed37c016da64,True,3
33086,28397,021026_ML.npy,2026-10-06,2026-10-06 00:38:13.450442,7C41FD,DA40,DIAMOND AIRCRAFT INDUSTRIES INC.,DA 40,5d8e658d033f6a6e517cdc54b7091a6baa8455dbc8eafceb19c13aa5fa455431,True,3
33090,28401,021026_ML.npy,2026-10-06,2026-10-06 00:38:19.346326,7C41FD,DA40,DIAMOND AIRCRAFT INDUSTRIES INC.,DA 40,2a3f3aa80058d8c331d161967ab1a2a06bb2059522fc40899d9a1dccb4f436a3,True,3
33098,28409,021026_ML.npy,2026-10-06,2026-10-06 00:39:17.696758,7C79B4,DA42,DIAMOND AIRCRAFT INDUSTRIES,DA 42,ad6643688faf654a7cb2a7b922f5fe3d290d808ac7e4bbce7f35401f79a6853f,True,1
33099,28410,021026_ML.npy,2026-10-06,2026-10-06 00:39:17.701434,7C79B4,DA42,DIAMOND AIRCRAFT INDUSTRIES,DA 42,9603dc4e1fa6e4030df172a0cdb19af95437e76aa63f9d24b4fac78a569ef8f2,True,1
33100,28411,021026_ML.npy,2026-10-06,2026-10-06 00:39:19.220424,7C79B4,DA42,DIAMOND AIRCRAFT INDUSTRIES,DA 42,21844399e538ff874383a6f8d9e0a2af083d88589e154200a9bdf40cbaa13675,True,4
33102,28413,021026_ML.npy,2026-10-06,2026-10-06 00:39:20.884491,7C79B4,DA42,DIAMOND AIRCRAFT INDUSTRIES,DA 42,411de81be748946126a88908f031f360b145da3d9ec2e646e5366fbe915abe7d,True,5
33107,28418,021026_ML.npy,2026-10-06,2026-10-06 00:39:29.402163,7C79B4,DA42,DIAMOND AIRCRAFT INDUSTRIES,DA 42,d048b1e0d7ebb06619d4e719eab2795f77d96c4d64e85776fe84ea4e22db2079,True,1
33108,28419,021026_ML.npy,2026-10-06,2026-10-06 00:39:29.726604,7C79B4,DA42,DIAMOND AIRCRAFT INDUSTRIES,DA 42,4c70b874d261f692681ca4ea28bab01446aedd292c433136a399dacdfaa4d2b0,True,3
33109,28420,021026_ML.npy,2026-10-06,2026-10-06 00:39:30.521215,7C79B4,DA42,DIAMOND AIRCRAFT INDUSTRIES,DA 42,76316d9ce0c021b10e5954246027599631c4df22a0a0bc0004dacdcf4ec7b1ba,True,4
33110,28421,021026_ML.npy,2026-10-06,2026-10-06 00:39:34.405873,7C79B4,DA42,DIAMOND AIRCRAFT INDUSTRIES,DA 42,21844399e538ff874383a6f8d9e0a2af083d88589e154200a9bdf40cbaa13675,True,5
33115,28426,021026_ML.npy,2026-10-06,2026-10-06 00:39:38.010380,7C79B4,DA42,DIAMOND AIRCRAFT INDUSTRIES,DA 42,80090aa521432a024b43a445cd0eaf0818535865c12d1414c4684a5754a3dab1,True,4
33116,28427,021026_ML.npy,2026-10-06,2026-10-06 00:39:38.544508,7C79B4,DA42,DIAMOND AIRCRAFT INDUSTRIES,DA 42,a96289010df609523f770e8d59b009365a2c8df9fa61d83d4cf27619c74b9ab7,True,3
33117,28428,021026_ML.npy,2026-10-06,2026-10-06 00:39:39.038512,7C79B4,DA42,DIAMOND AIRCRAFT INDUSTRIES,DA 42,860ed1081a32a4b4e65fed9d9b1b73648d5f628864540bb9660bbd8271ca4423,True,5
33118,28429,021026_ML.npy,2026-10-06,2026-10-06 00:39:39.045193,7C79B4,DA42,DIAMOND AIRCRAFT INDUSTRIES,DA 42,6d7baafd4e4a1dcd2bed1bfa44a2f67b21d956d9c05d7a172c1ef3ff3285bef6,True,4
33119,28430,021026_ML.npy,2026-10-06,2026-10-06 00:39:39.920673,7C79B4,DA42,DIAMOND AIRCRAFT INDUSTRIES,DA 42,e562c73b5aaa2b2eb3010e1829e504ec8022b89b53ea696b5382cfdcd2daee05,True,4
33125,28436,021026_ML.npy,2026-10-06,2026-10-06 00:39:43.464507,7C79B4,DA42,DIAMOND AIRCRAFT INDUSTRIES,DA 42,bd487c40beecdf1ac533c6f6c5b53aa43125ea5da5bc29f0df8b0421ee1dae78,True,4
33127,28438,021026_ML.npy,2026-10-06,2026-10-06 00:39:43.996475,7C79B4,DA42,DIAMOND AIRCRAFT INDUSTRIES,DA 42,6874ab274f030e47d391195be97e29280fc2b0bbff8c2b7d6111ec2cf362889c,True,2
33128,28439,021026_ML.npy,2026-10-06,2026-10-06 00:39:44.591049,7C79B4,DA42,DIAMOND AIRCRAFT INDUSTRIES,DA 42,8b0182308e2b03d376c7f11ba4e906e8ced210a5ec94f0c4c2cd215dbfecce8f,True,5
33130,28441,021026_ML.npy,2026-10-06,2026-10-06 00:39:45.656632,7C2E75,C172,CESSNA AIRCRAFT COMPANY,172N,719190f41e9db01c37a080a8b4ffa7816afab056b865718279e8798342dc2c6f,True,4
33133,28444,021026_ML.npy,2026-10-06,2026-10-06 00:39:47.611387,7C79B4,DA42,DIAMOND AIRCRAFT INDUSTRIES,DA 42,d662d94e4b1f7ddb6af7ca4540345458bde21b7d5766cf317bd7a0a340a1f16c,True,1
33134,28445,021026_ML.npy,2026-10-06,2026-10-06 00:39:47.616145,7C79B4,DA42,DIAMOND AIRCRAFT INDUSTRIES,DA 42,d877c394d5d56325f456c395c659b2fcd9214ee3140c05f9277ae3da9d874891,True,1
33135,28446,021026_ML.npy,2026-10-06,2026-10-06 00:39:49.747775,7C79B4,DA42,DIAMOND AIRCRAFT INDUSTRIES,DA 42,8e5257e0878f6c136408a8c3f51d52554b46e4976f1a87aa471c5b455335eeaf,True,5
33139,28450,021026_ML.npy,2026-10-06,2026-10-06 00:39:50.781545,7C79B4,DA42,DIAMOND AIRCRAFT INDUSTRIES,DA 42,1a9f79b9fe42c898f5ca61634931d15bd4fd0f2dc0f0f6841e0ed5a735976ff5,True,5
33141,28452,021026_ML.npy,2026-10-06,2026-10-06 00:39:52.132630,7C79B4,DA42,DIAMOND AIRCRAFT INDUSTRIES,DA 42,723d88374a813a6f2ae33bbae9661e417169d86a34c68ce95c29cd88376de406,True,3
33142,28453,021026_ML.npy,2026-10-06,2026-10-06 00:39:52.138868,7C79B4,DA42,DIAMOND AIRCRAFT INDUSTRIES,DA 42,a8e9094d42bcb4de028f30deb2ea1281ce50542619c96fa126a898771f42afb1,True,3
33145,28456,021026_ML.npy,2026-10-06,2026-10-06 00:39:53.349967,7C2E75,C172,CESSNA AIRCRAFT COMPANY,172N,b054cac776aadf96e266ff73f9fefd138a62b1651361ab2f925a54ce147f915b,True,2
33148,28459,021026_ML.npy,2026-10-06,2026-10-06 00:39:58.190500,7C79B4,DA42,DIAMOND AIRCRAFT INDUSTRIES,DA 42,3cad9fb57bb4d021fdb7e3399ef9712aa95e02c458e66304de8741ecb1f30bc9,True,2
33150,28461,021026_ML.npy,2026-10-06,2026-10-06 00:39:58.620868,7C79B4,DA42,DIAMOND AIRCRAFT INDUSTRIES,DA 42,7b2adac8c68bd8344173870793595f4dc4ad77fc82a713bccb7056d68bc139f6,True,1
33153,28464,021026_ML.npy,2026-10-06,2026-10-06 00:40:00.690800,7C79B4,DA42,DIAMOND AIRCRAFT INDUSTRIES,DA 42,76316d9ce0c021b10e5954246027599631c4df22a0a0bc0004dacdcf4ec7b1ba,True,2
33154,28465,021026_ML.npy,2026-10-06,2026-10-06 00:40:01.081591,7C79B4,DA42,DIAMOND AIRCRAFT INDUSTRIES,DA 42,418bb4e3d14291996fcad9241bd51d09e0dcb391d5d81c095b63b280f851419e,True,5
33157,28468,021026_ML.npy,2026-10-06,2026-10-06 00:40:02.774599,7C79B4,DA42,DIAMOND AIRCRAFT INDUSTRIES,DA 42,7a78bdd6abe093a07211a2bf00e5a335ce11ceee63f26214e603c8091a7ba8ad,True,1
33158,28469,021026_ML.npy,2026-10-06,2026-10-06 00:40:02.780871,7C79B4,DA42,DIAMOND AIRCRAFT INDUSTRIES,DA 42,dbf40fa656934fc3d6c16de887c1163119e9566c40c5ecaa95e10be68f385fa5,True,1
33160,28471,021026_ML.npy,2026-10-06,2026-10-06 00:40:05.603558,7C79B4,DA42,DIAMOND AIRCRAFT INDUSTRIES,DA 42,76316d9ce0c021b10e5954246027599631c4df22a0a0bc0004dacdcf4ec7b1ba,True,3
33162,28473,021026_ML.npy,2026-10-06,2026-10-06 00:40:07.205020,7C79B4,DA42,DIAMOND AIRCRAFT INDUSTRIES,DA 42,26a88305709419cc7257dff4a58f4b950981d79f84219fbbbe3875b7816948d9,True,3
33163,28474,021026_ML.npy,2026-10-06,2026-10-06 00:40:07.899649,7C2E75,C172,CESSNA AIRCRAFT COMPANY,172N,7139f4fdc0884d499380a18aaf4b57800566f774bf824a26a9e8fc04619d7a08,True,5
33166,28477,021026_ML.npy,2026-10-06,2026-10-06 00:40:08.736838,7C79B4,DA42,DIAMOND AIRCRAFT INDUSTRIES,DA 42,859f1b4c0ed5bb404978a7bd7822bd46f49ddbe8984f291fea2cd4bd53697902,True,5
33175,28486,021026_ML.npy,2026-10-06,2026-10-06 00:40:19.197317,7C2E75,C172,CESSNA AIRCRAFT COMPANY,172N,86238547f0d87c7def8998ad6320fcf43a4220c9564ac4d60218a226f77bc9ed,True,1
33181,28492,021026_ML.npy,2026-10-06,2026-10-06 00:40:26.783090,7C2E75,C172,CESSNA AIRCRAFT COMPANY,172N,022a100508b6e404016bdad194b9c80f758a89da0d282446cd11307206fa3bb0,True,4
33182,28493,021026_ML.npy,2026-10-06,2026-10-06 00:40:34.615929,7C2E75,C172,CESSNA AIRCRAFT COMPANY,172N,b7ee9cc5b32170a06456d8e84898299b4c61644afb2ce95d4c0e2ac48dab3f3a,True,3
33184,28495,021026_ML.npy,2026-10-06,2026-10-06 00:40:36.974821,7C2E75,C172,CESSNA AIRCRAFT COMPANY,172N,9fc15750d82f838fdfb59a65b69899078bde62c8713d1701be59b3709f311605,True,1
33197,28508,021026_ML.npy,2026-10-06,2026-10-06 00:41:00.616474,7C7B65,DA40,DIAMOND AIRCRAFT INDUSTRIES INC.,DA 40,1285b2744e294774f90f2497f39cc370d29f4d81643130b5f098fa9eb30fe226,True,1
33198,28509,021026_ML.npy,2026-10-06,2026-10-06 00:41:03.810617,7C4E44,DA40,DIAMOND AIRCRAFT INDUSTRIES INC.,DA 40,bbdba4aefe5ada12498cfa6ea773b750bb17adeb2fd410ba83f22c4854daf14b,True,5
33200,28511,021026_ML.npy,2026-10-06,2026-10-06 00:41:05.754105,7C79B4,DA42,DIAMOND AIRCRAFT INDUSTRIES,DA 42,a97d4ec332d9de56b3d6b5d5bd39974908d10860ef1d5bfd08ad35b70089a345,True,5
33205,28516,021026_ML.npy,2026-10-06,2026-10-06 00:41:10.419392,7C79B4,DA42,DIAMOND AIRCRAFT INDUSTRIES,DA 42,d048b1e0d7ebb06619d4e719eab2795f77d96c4d64e85776fe84ea4e22db2079,True,2
33232,28543,021026_ML.npy,2026-10-06,2026-10-06 00:41:32.456116,7C79B4,DA42,DIAMOND AIRCRAFT INDUSTRIES,DA 42,e7acb301cd88f0006443e04fe2f4dd5149f5cde9aeea3dc1bf4593f9f27043a1,True,2
33237,28548,021026_ML.npy,2026-10-06,2026-10-06 00:41:40.449508,7C79B4,DA42,DIAMOND AIRCRAFT INDUSTRIES,DA 42,d048b1e0d7ebb06619d4e719eab2795f77d96c4d64e85776fe84ea4e22db2079,True,5
33245,28556,021026_ML.npy,2026-10-06,2026-10-06 00:41:48.237817,7C79B4,DA42,DIAMOND AIRCRAFT INDUSTRIES,DA 42,80090aa521432a024b43a445cd0eaf0818535865c12d1414c4684a5754a3dab1,True,1
33250,28561,021026_ML.npy,2026-10-06,2026-10-06 00:42:07.677831,7C79B4,DA42,DIAMOND AIRCRAFT INDUSTRIES,DA 42,76316d9ce0c021b10e5954246027599631c4df22a0a0bc0004dacdcf4ec7b1ba,True,2
33252,28563,021026_ML.npy,2026-10-06,2026-10-06 00:42:24.370562,7C0074,C172,CESSNA AIRCRAFT COMPANY,172S,a28e23e3068745097f8624423a29b6093104bb33b927042bbd869b8641319f4c,True,1
33262,28573,021026_ML.npy,2026-10-06,2026-10-06 00:42:34.339239,7C7B56,DA40,DIAMOND AIRCRAFT INDUSTRIES INC.,DA 40,1ebc6bba4af861fa2ab10e78a2db3ee10158db3f4829880ca5d5274d8ab22eaf,True,2
33289,28600,021026_ML.npy,2026-10-06,2026-10-06 00:42:51.121372,7C7B60,DA40,DIAMOND AIRCRAFT INDUSTRIES INC.,DA 40,49755b9441c856ddf7b4e890320d7e19b6fb2ff9807994f6c21ed483228b0c5d,True,2
33300,28611,021026_ML.npy,2026-10-06,2026-10-06 00:42:57.652986,7C0074,C172,CESSNA AIRCRAFT COMPANY,172S,3ce829d796f623bc10b62eec37b1757bce3174127e4aaa92e7bccd065065c308,True,4
33308,28619,021026_ML.npy,2026-10-06,2026-10-06 00:43:02.230818,7C0074,C172,CESSNA AIRCRAFT COMPANY,172S,b84f29d710090975cf4ebad0b8afc9406332e0b5a8fd11d4088ceed08ef1b3c5,True,1
33314,28625,021026_ML.npy,2026-10-06,2026-10-06 00:43:05.894100,7C0074,C172,CESSNA AIRCRAFT COMPANY,172S,4a8573c0868a5279bb17adad98d6801bb89d9517ac4693c5cf8511b48b97966f,True,1
33340,28651,021026_ML.npy,2026-10-06,2026-10-06 00:43:35.482093,7C41FD,DA40,DIAMOND AIRCRAFT INDUSTRIES INC.,DA 40,1e1b41a86e4326336e42ac835a74607c2bc39e4b0a78ae078f9b3e47092bdd87,True,5
33353,28664,021026_ML.npy,2026-10-06,2026-10-06 00:44:42.525290,7C79B4,DA42,DIAMOND AIRCRAFT INDUSTRIES,DA 42,76316d9ce0c021b10e5954246027599631c4df22a0a0bc0004dacdcf4ec7b1ba,True,2
33357,28668,021026_ML.npy,2026-10-06,2026-10-06 00:44:50.522973,7C79B4,DA42,DIAMOND AIRCRAFT INDUSTRIES,DA 42,94573d7c0c2c96323840f0e9f6ca43d413b0bd12223732712d7adb25e2339857,True,3
33361,28672,021026_ML.npy,2026-10-06,2026-10-06 00:44:52.577677,7C79B4,DA42,DIAMOND AIRCRAFT INDUSTRIES,DA 42,1ae108bdb76ad3168a6f104a606ae12bfadec5ad0eb3a5e47a4be856665db96e,True,5
33364,28675,021026_ML.npy,2026-10-06,2026-10-06 00:44:53.511529,7C582C,DA40,DIAMOND AIRCRAFT INDUSTRIES INC.,DA 40,cf96ecd6f424e1a87f2593c0e131280cbda88c0a6f31ae1134a175519aa2cf4e,True,1
33375,28686,021026_ML.npy,2026-10-06,2026-10-06 00:44:57.672670,7C79B4,DA42,DIAMOND AIRCRAFT INDUSTRIES,DA 42,6f1703ea32b7b3891cb37604459123cf5101f5dfa01fef82d143df25519afa0f,True,5
33376,28687,021026_ML.npy,2026-10-06,2026-10-06 00:44:58.154791,7C582C,DA40,DIAMOND AIRCRAFT INDUSTRIES INC.,DA 40,e0a8f8cc746bba1c9b6dea12ecb43741dd14136a78e0969db28d2e8f8dc60317,True,3
33378,28689,021026_ML.npy,2026-10-06,2026-10-06 00:45:01.311137,7C79B4,DA42,DIAMOND AIRCRAFT INDUSTRIES,DA 42,3987d6d11d6e1adab156550031d20bda47ffef8f4469d608fc6710559ae1463c,True,2
33381,28692,021026_ML.npy,2026-10-06,2026-10-06 00:45:06.564769,7C79B4,DA42,DIAMOND AIRCRAFT INDUSTRIES,DA 42,020798b8e014f96b118980fa01b603993e68897af028d8b9667d8ec5e3778d89,True,2
33382,28693,021026_ML.npy,2026-10-06,2026-10-06 00:45:07.112151,7C79B4,DA42,DIAMOND AIRCRAFT INDUSTRIES,DA 42,fe2079e94266dc3a1c371d69bf8c9672e7b60882e3da882acced70782171d29f,True,1
33385,28696,021026_ML.npy,2026-10-06,2026-10-06 00:45:10.458812,7C79B4,DA42,DIAMOND AIRCRAFT INDUSTRIES,DA 42,ff9eef1ed043c03b8cb7ffd42c29f9de68048fecdd1f45d319d03095a653a491,True,3
33388,28699,021026_ML.npy,2026-10-06,2026-10-06 00:45:11.341717,7C79B4,DA42,DIAMOND AIRCRAFT INDUSTRIES,DA 42,14146a549d78e06d80b5fe991f0a06c85b76c83fa54ee3aa465cac76cbfa7dce,True,5
33392,28703,021026_ML.npy,2026-10-06,2026-10-06 00:45:15.538109,7C79B4,DA42,DIAMOND AIRCRAFT INDUSTRIES,DA 42,ed01e4eb6d22d63168d7a326c2ed5e8bb42c2b36a99462da028c97ec10fda730,True,4
33393,28704,021026_ML.npy,2026-10-06,2026-10-06 00:45:15.547786,7C79B4,DA42,DIAMOND AIRCRAFT INDUSTRIES,DA 42,066f318dde5b605bc45d160c25b66cdeb7af728ed049137c5a68458f061be253,True,2
33404,28715,021026_ML.npy,2026-10-06,2026-10-06 00:45:22.116508,7C79B4,DA42,DIAMOND AIRCRAFT INDUSTRIES,DA 42,1abcb8c082ab33283b69409133371d5aa5ee73e305619cf292af95a224a0cf08,True,4
33406,28717,021026_ML.npy,2026-10-06,2026-10-06 00:45:24.610338,7C79B4,DA42,DIAMOND AIRCRAFT INDUSTRIES,DA 42,661b68e8329c0bc6379edc31508a8d1df4638a5174f5ea31780f5c387a260291,True,2
33409,28720,021026_ML.npy,2026-10-06,2026-10-06 00:45:27.435336,7C79B4,DA42,DIAMOND AIRCRAFT INDUSTRIES,DA 42,fb4a2c7a044ab46908f86a9a66b3179860e622ed282de8a8216f66cdfa40f734,True,3
33413,28724,021026_ML.npy,2026-10-06,2026-10-06 00:45:28.981929,7C582C,DA40,DIAMOND AIRCRAFT INDUSTRIES INC.,DA 40,e2f80451e65a8449feecf131b3407c2b8fb3a9a891892f037858622ad55d2876,True,2
33418,28729,021026_ML.npy,2026-10-06,2026-10-06 00:45:30.554414,7C79B4,DA42,DIAMOND AIRCRAFT INDUSTRIES,DA 42,67fdaed93d359e2418585c65e4caed9f4bf04f748694d54f960ecfa3f7482b49,True,3
33421,28732,021026_ML.npy,2026-10-06,2026-10-06 00:45:31.580454,7C79B4,DA42,DIAMOND AIRCRAFT INDUSTRIES,DA 42,01f2336413ae73baab3d1767907c0221649cb7462f023279bb7d1d93ce44f19f,True,3
33424,28735,021026_ML.npy,2026-10-06,2026-10-06 00:45:32.710338,7C79B4,DA42,DIAMOND AIRCRAFT INDUSTRIES,DA 42,76316d9ce0c021b10e5954246027599631c4df22a0a0bc0004dacdcf4ec7b1ba,True,2
33429,28740,021026_ML.npy,2026-10-06,2026-10-06 00:45:34.572059,7C79B4,DA42,DIAMOND AIRCRAFT INDUSTRIES,DA 42,e574de77d3afe6dcccfa661856891816d992d1da1d3b38df7b5c3ac6680e1c34,True,1
33430,28741,021026_ML.npy,2026-10-06,2026-10-06 00:45:35.200648,7C79B4,DA42,DIAMOND AIRCRAFT INDUSTRIES,DA 42,76316d9ce0c021b10e5954246027599631c4df22a0a0bc0004dacdcf4ec7b1ba,True,5
33431,28742,021026_ML.npy,2026-10-06,2026-10-06 00:45:35.556126,7C79B4,DA42,DIAMOND AIRCRAFT INDUSTRIES,DA 42,ff510440b5e0d8efa00031ea446def5ec62f585c9999ecc1310dceedc9c74254,True,5
33433,28744,021026_ML.npy,2026-10-06,2026-10-06 00:45:38.029433,7C79B4,DA42,DIAMOND AIRCRAFT INDUSTRIES,DA 42,21844399e538ff874383a6f8d9e0a2af083d88589e154200a9bdf40cbaa13675,True,3
33434,28745,021026_ML.npy,2026-10-06,2026-10-06 00:45:38.582982,7C79B4,DA42,DIAMOND AIRCRAFT INDUSTRIES,DA 42,0a1c582c549ddf1f20a22b80d564e8353ac9306e60fe4a019a3656c26d4a517e,True,1
33436,28747,021026_ML.npy,2026-10-06,2026-10-06 00:45:39.474240,7C79B4,DA42,DIAMOND AIRCRAFT INDUSTRIES,DA 42,c71df5eaac6708b3d6560063093f393656c543efeadc258ddcffdb9084814bf1,True,2
33442,28753,021026_ML.npy,2026-10-06,2026-10-06 00:45:46.082501,7C2E75,C172,CESSNA AIRCRAFT COMPANY,172N,59caa2a06ca84910b82e5345cff29da44f0043fe018d39199bb184a27105efc8,True,5
33443,28754,021026_ML.npy,2026-10-06,2026-10-06 00:45:46.809056,7C79B4,DA42,DIAMOND AIRCRAFT INDUSTRIES,DA 42,42e91e6519b9089559601d984135c9118282e49c3b598a1d110b4ee5e4899fb0,True,4
33452,28763,021026_ML.npy,2026-10-06,2026-10-06 00:45:53.343428,7C2E75,C172,CESSNA AIRCRAFT COMPANY,172N,5e0d39a632fcd598d1a034e1b2bd55dc6ba45b079af02e928b0bc6b7296db0f7,True,4
33455,28766,021026_ML.npy,2026-10-06,2026-10-06 00:46:00.076389,7C2E75,C172,CESSNA AIRCRAFT COMPANY,172N,6bc90e0e2ce2ba570e1eeef4cff946625001bb27e947ac9dbe73b1841260ca10,True,3
33467,28778,021026_ML.npy,2026-10-06,2026-10-06 00:46:12.738854,7C79B4,DA42,DIAMOND AIRCRAFT INDUSTRIES,DA 42,5c69e5008c87ae093cba5ae0ca631942fcdafc569d69ac6b8e12e3ccca03126c,True,1
33469,28780,021026_ML.npy,2026-10-06,2026-10-06 00:46:14.693483,7C79B4,DA42,DIAMOND AIRCRAFT INDUSTRIES,DA 42,7a3e2493a443658bdc280f11cda79c8b6aedc43147933fa3ad2448fb28083fe7,True,5
33471,28782,021026_ML.npy,2026-10-06,2026-10-06 00:46:20.965778,7C2E75,C172,CESSNA AIRCRAFT COMPANY,172N,83eef6e53fd4206b891bec09be2f787cec7d5baad55cb57a979a467588b43f0d,True,5
33475,28786,021026_ML.npy,2026-10-06,2026-10-06 00:46:33.585391,7C2E75,C172,CESSNA AIRCRAFT COMPANY,172N,537a411f6d666b5552508369672999737cfab429b0e5d0136716492142f23c12,True,2
33494,28805,021026_ML.npy,2026-10-06,2026-10-06 00:47:13.629507,7C7B65,DA40,DIAMOND AIRCRAFT INDUSTRIES INC.,DA 40,59d3144bbf2ce6b706276771f74c32c013e9f449323b9b58a52e756025c293dc,True,2
33504,28815,021026_ML.npy,2026-10-06,2026-10-06 00:47:37.869780,7C7B65,DA40,DIAMOND AIRCRAFT INDUSTRIES INC.,DA 40,b6dcac937a834c9518850cac0ce938a752d4de4c215935fc72fbaa40c82b0fe5,True,4
33507,28818,021026_ML.npy,2026-10-06,2026-10-06 00:48:00.210049,7C0074,C172,CESSNA AIRCRAFT COMPANY,172S,d95364f0c974f85d3545d6e8b7e75824eb313dd69ba286e99770147cab73aa62,True,4
33514,28825,021026_ML.npy,2026-10-06,2026-10-06 00:48:12.573917,7C0074,C172,CESSNA AIRCRAFT COMPANY,172S,7c471c2287a7378d35b4faad568f319ff8ef94a24e7f6d18c083a5f6fab3c33e,True,5
33522,28833,021026_ML.npy,2026-10-06,2026-10-06 00:48:17.254784,7C0074,C172,CESSNA AIRCRAFT COMPANY,172S,8406bd52814ddc048fadf07470c6aab28f6d6bee9be4cd580fed24f966011180,True,5
33529,28840,021026_ML.npy,2026-10-06,2026-10-06 00:48:29.286165,7C0074,C172,CESSNA AIRCRAFT COMPANY,172S,d20a9913b1b4604994e12d65723c19c4af6a6ae54832ed0deb29ef3319eaa4fc,True,5
33541,28852,021026_ML.npy,2026-10-06,2026-10-06 00:48:57.965869,7C41FD,DA40,DIAMOND AIRCRAFT INDUSTRIES INC.,DA 40,272184d0d363493a6a882d6c8d129563d5cacd94bc33740b6ee1fddf987de1cb,True,2
33544,28855,021026_ML.npy,2026-10-06,2026-10-06 00:49:01.344883,7C41FD,DA40,DIAMOND AIRCRAFT INDUSTRIES INC.,DA 40,9a5fe1ba70e31899aa7baaeadd776e091369482a9308f2df41b224b1429d1ab5,True,3
33546,28857,021026_ML.npy,2026-10-06,2026-10-06 00:49:03.875989,7C0074,C172,CESSNA AIRCRAFT COMPANY,172S,eac5cf82f4864c7979a8a75acc19457c167324ed64423f01b4cfb94fa3aa2d8a,True,1
33552,28863,021026_ML.npy,2026-10-06,2026-10-06 00:49:17.868216,7C0074,C172,CESSNA AIRCRAFT COMPANY,172S,8777a9669bc1fde6afd3a05176f27411557f2863b15951d72adeca928af1730c,True,1
33553,28864,021026_ML.npy,2026-10-06,2026-10-06 00:49:23.989974,7C41FD,DA40,DIAMOND AIRCRAFT INDUSTRIES INC.,DA 40,953306c8700b340cfa2d8b304d94d820f4458200b250ec386237170763e3f3ef,True,2
33560,28871,021026_ML.npy,2026-10-06,2026-10-06 00:49:38.817007,7C79B4,DA42,DIAMOND AIRCRAFT INDUSTRIES,DA 42,88b26eff5e74fe2282df7f7c38f400b42f9a4ff717a41fb53012858be65dd41e,True,1
33561,28872,021026_ML.npy,2026-10-06,2026-10-06 00:49:38.824059,7C79B4,DA42,DIAMOND AIRCRAFT INDUSTRIES,DA 42,1765cf0d3b852071d974a980092d238da0ff4d64ccf57798a449d331d05fdbac,True,2
33562,28873,021026_ML.npy,2026-10-06,2026-10-06 00:49:40.065468,7C79B4,DA42,DIAMOND AIRCRAFT INDUSTRIES,DA 42,d048b1e0d7ebb06619d4e719eab2795f77d96c4d64e85776fe84ea4e22db2079,True,5
33563,28874,021026_ML.npy,2026-10-06,2026-10-06 00:49:40.184960,7C79B4,DA42,DIAMOND AIRCRAFT INDUSTRIES,DA 42,c8c5d31a1c47c09d87fa9e162a371f2202d0fc72caa3fbccc231945f2b35d153,True,5
33564,28875,021026_ML.npy,2026-10-06,2026-10-06 00:49:40.188492,7C79B4,DA42,DIAMOND AIRCRAFT INDUSTRIES,DA 42,42df1ebea819c9991d9e4d1ba5d09d2578171ce317fc6fb147fc07f8f92f2630,True,3
33568,28879,021026_ML.npy,2026-10-06,2026-10-06 00:49:47.964459,7C79B4,DA42,DIAMOND AIRCRAFT INDUSTRIES,DA 42,21844399e538ff874383a6f8d9e0a2af083d88589e154200a9bdf40cbaa13675,True,5
33572,28883,021026_ML.npy,2026-10-06,2026-10-06 00:49:53.950677,7C0074,C172,CESSNA AIRCRAFT COMPANY,172S,5f78fc26a66f3df042ad27cdd5ac3615af8e7936c3120eaa6fd36a77dc6e17dc,True,1
33578,28889,021026_ML.npy,2026-10-06,2026-10-06 00:49:58.583675,7C79B4,DA42,DIAMOND AIRCRAFT INDUSTRIES,DA 42,cfd5e7a189df938f1fda58472496ac293a7339a33e3fb5da068b147fa6dcbd1c,True,5
33586,28897,021026_ML.npy,2026-10-06,2026-10-06 00:50:03.057198,7C79B4,DA42,DIAMOND AIRCRAFT INDUSTRIES,DA 42,76316d9ce0c021b10e5954246027599631c4df22a0a0bc0004dacdcf4ec7b1ba,True,3
33587,28898,021026_ML.npy,2026-10-06,2026-10-06 00:50:04.039665,7C79B4,DA42,DIAMOND AIRCRAFT INDUSTRIES,DA 42,6183aaae3ee6b5f1f86ec2c6d66d71b18dfeaf951edd08932578ab81e890e956,True,4
33590,28901,021026_ML.npy,2026-10-06,2026-10-06 00:50:08.035768,7C79B4,DA42,DIAMOND AIRCRAFT INDUSTRIES,DA 42,21844399e538ff874383a6f8d9e0a2af083d88589e154200a9bdf40cbaa13675,True,5
33592,28903,021026_ML.npy,2026-10-06,2026-10-06 00:50:10.553711,7C79B4,DA42,DIAMOND AIRCRAFT INDUSTRIES,DA 42,56373c19b57489fcb9a48dd58256b1c29e031c657654794f8b5d385cd5dd34ef,True,4
33594,28905,021026_ML.npy,2026-10-06,2026-10-06 00:50:10.970089,7C79B4,DA42,DIAMOND AIRCRAFT INDUSTRIES,DA 42,20f23af1ec545a15734b77f03c8eb6ee392c0eb0c2d0e93554f3e164dccaba3d,True,4
33596,28907,021026_ML.npy,2026-10-06,2026-10-06 00:50:11.865442,7C79B4,DA42,DIAMOND AIRCRAFT INDUSTRIES,DA 42,7dc855a8539508d370b7d246a8dd2ff7d09031f1ba65837bf265ad4f2c4242fb,True,3
33600,28911,021026_ML.npy,2026-10-06,2026-10-06 00:50:13.901004,7C79B4,DA42,DIAMOND AIRCRAFT INDUSTRIES,DA 42,7fc0729fb8f6e80bf69b047324fa58b0b65f32e265e79c7429ee404e1a669381,True,4
33601,28912,021026_ML.npy,2026-10-06,2026-10-06 00:50:13.907151,7C79B4,DA42,DIAMOND AIRCRAFT INDUSTRIES,DA 42,7d7cf0e22ede777b20ab0a56508647214d9065f485c38acde94b5183ca613b02,True,2
33613,28924,021026_ML.npy,2026-10-06,2026-10-06 00:51:19.857653,7C79B4,DA42,DIAMOND AIRCRAFT INDUSTRIES,DA 42,b699359112687b46a467606a8701c524784a7ebc6c4735f6135692b91153c364,True,3
33614,28925,021026_ML.npy,2026-10-06,2026-10-06 00:51:22.196198,7C79B4,DA42,DIAMOND AIRCRAFT INDUSTRIES,DA 42,21844399e538ff874383a6f8d9e0a2af083d88589e154200a9bdf40cbaa13675,True,1
33615,28926,021026_ML.npy,2026-10-06,2026-10-06 00:51:23.188068,7C79B4,DA42,DIAMOND AIRCRAFT INDUSTRIES,DA 42,f28e6776edca48d6829ebd007d6fd637f456613138050fcb663d6a5c1fba2c62,True,5
33616,28927,021026_ML.npy,2026-10-06,2026-10-06 00:51:23.751930,7C79B4,DA42,DIAMOND AIRCRAFT INDUSTRIES,DA 42,d048b1e0d7ebb06619d4e719eab2795f77d96c4d64e85776fe84ea4e22db2079,True,5
33619,28930,021026_ML.npy,2026-10-06,2026-10-06 00:51:32.184707,7C79B4,DA42,DIAMOND AIRCRAFT INDUSTRIES,DA 42,85ef21a395a060d30f5b9898a1d8137f4d45d75b4a311ee6cdcaea8b722e4f24,True,1
33620,28931,021026_ML.npy,2026-10-06,2026-10-06 00:51:36.601011,7C79B4,DA42,DIAMOND AIRCRAFT INDUSTRIES,DA 42,d2a5f25aac49e1e112861a7ba462e10620b6b55db299d984aa69381dbf828371,True,3
33621,28932,021026_ML.npy,2026-10-06,2026-10-06 00:51:36.606988,7C79B4,DA42,DIAMOND AIRCRAFT INDUSTRIES,DA 42,7ab73b615f2c2ddc5352bc44ce80d0d5d4e4a645928fd5a40bb41c1d6b2acb9c,True,4
33622,28933,021026_ML.npy,2026-10-06,2026-10-06 00:51:37.542241,7C79B4,DA42,DIAMOND AIRCRAFT INDUSTRIES,DA 42,d048b1e0d7ebb06619d4e719eab2795f77d96c4d64e85776fe84ea4e22db2079,True,4
33623,28934,021026_ML.npy,2026-10-06,2026-10-06 00:51:40.000150,7C79B4,DA42,DIAMOND AIRCRAFT INDUSTRIES,DA 42,d048b1e0d7ebb06619d4e719eab2795f77d96c4d64e85776fe84ea4e22db2079,True,4
33626,28937,021026_ML.npy,2026-10-06,2026-10-06 00:51:44.326835,7C79B4,DA42,DIAMOND AIRCRAFT INDUSTRIES,DA 42,bce8964b007c1ac6cf24c9c6a8a5561dcf9b5fcc9c8e889552745fa75d5fc0e2,True,5
33628,28939,021026_ML.npy,2026-10-06,2026-10-06 00:52:03.815936,7C168B,DA40,DIAMOND AIRCRAFT INDUSTRIES INC.,DA 40,b0a52f49b5f0a9c5aaa4edacabef35514cf13a40ff0dbce547239b6682e3a7ff,True,3
33630,28941,021026_ML.npy,2026-10-06,2026-10-06 00:52:04.355845,7C168B,DA40,DIAMOND AIRCRAFT INDUSTRIES INC.,DA 40,7cd054af5e07e223fd177b166820e7ff027009921fba24261aaaa350b42281f9,True,4
33641,28952,021026_ML.npy,2026-10-06,2026-10-06 00:52:19.918001,7C168B,DA40,DIAMOND AIRCRAFT INDUSTRIES INC.,DA 40,2efa8f63416a4a275ba70af4827cebb9805a20e14179cb1f19d0463999f31b38,True,2
33646,28957,021026_ML.npy,2026-10-06,2026-10-06 00:52:24.725185,7C7B65,DA40,DIAMOND AIRCRAFT INDUSTRIES INC.,DA 40,aa258a1b4e4d77aeda4c96719a5951adbdb802b3104294bee73a62b02aab8338,True,4
33660,28971,021026_ML.npy,2026-10-06,2026-10-06 00:52:47.265824,7C7B65,DA40,DIAMOND AIRCRAFT INDUSTRIES INC.,DA 40,fde0d36ad3a5ccd45eb20f61b6ec8ff7a56a78072e3cf23cbafa6da86756bb77,True,1
33661,28972,021026_ML.npy,2026-10-06,2026-10-06 00:52:51.311263,7C7B65,DA40,DIAMOND AIRCRAFT INDUSTRIES INC.,DA 40,c110d68df7a84156134dd872e38864daa97b9518b069489f13669e9ae9080dec,True,4
33665,28976,021026_ML.npy,2026-10-06,2026-10-06 00:53:00.946801,7C7B65,DA40,DIAMOND AIRCRAFT INDUSTRIES INC.,DA 40,5f3db454d2ce0a93be782f37592f214c0c26bb1ad70ea19bcb558e0c0c78698e,True,1
33682,28993,021026_ML.npy,2026-10-06,2026-10-06 00:54:05.672224,7C0074,C172,CESSNA AIRCRAFT COMPANY,172S,c2685a644b679cde083cce67c6e08fc8acaf0fd1547d3194bd015b90ac97a4ab,True,2
33689,29000,021026_ML.npy,2026-10-06,2026-10-06 00:54:11.311035,7C0074,C172,CESSNA AIRCRAFT COMPANY,172S,29a8c5506669f6852c28616f6da69b0309cdcf996d645eabc69ada1c231d9ba8,True,5
33692,29003,021026_ML.npy,2026-10-06,2026-10-06 00:54:16.772077,7C0074,C172,CESSNA AIRCRAFT COMPANY,172S,3ce829d796f623bc10b62eec37b1757bce3174127e4aaa92e7bccd065065c308,True,2
33693,29004,021026_ML.npy,2026-10-06,2026-10-06 00:54:20.176386,7C0074,C172,CESSNA AIRCRAFT COMPANY,172S,5ea52a0d523b380ae121605f6775ecfbd0298215abb6777124e8c6253743d43f,True,5
33698,29009,021026_ML.npy,2026-10-06,2026-10-06 00:54:30.244655,7C0074,C172,CESSNA AIRCRAFT COMPANY,172S,f06014458d6c58847b2e9f73365ec25b61b50f941abe69fa5b11e9d4abae1a83,True,1
33704,29015,021026_ML.npy,2026-10-06,2026-10-06 00:54:35.320695,7C0074,C172,CESSNA AIRCRAFT COMPANY,172S,f02e81a4b01930e5aa6a3ef9c8cae51bc99e4957d08c6111e7e094764269bca9,True,5
33714,29025,021026_ML.npy,2026-10-06,2026-10-06 00:54:53.045956,7C0074,C172,CESSNA AIRCRAFT COMPANY,172S,92431d772a2b7e9a53db1c022aee3150b75f06c43d5f8d05ff6cde21da988a3a,True,2
33722,29033,021026_ML.npy,2026-10-06,2026-10-06 00:55:06.141825,7C79B4,DA42,DIAMOND AIRCRAFT INDUSTRIES,DA 42,116dfc97e48df29dcb5a188ed6334c187baa5c25ec45626bff39273ebeaa6826,True,5
33723,29034,021026_ML.npy,2026-10-06,2026-10-06 00:55:09.303333,7C79B4,DA42,DIAMOND AIRCRAFT INDUSTRIES,DA 42,7119a934e05a2feb65e82b332cfd7ed0e6f128f75bd249cca8f4d5e8d68df2de,True,4
33724,29035,021026_ML.npy,2026-10-06,2026-10-06 00:55:09.308930,7C79B4,DA42,DIAMOND AIRCRAFT INDUSTRIES,DA 42,483d3790a5554327c2db5f21bb63d06598dd64da3a13c156608fabe0b69d8d83,True,2
33732,29043,021026_ML.npy,2026-10-06,2026-10-06 00:55:18.603520,7C79B4,DA42,DIAMOND AIRCRAFT INDUSTRIES,DA 42,d048b1e0d7ebb06619d4e719eab2795f77d96c4d64e85776fe84ea4e22db2079,True,1
33734,29045,021026_ML.npy,2026-10-06,2026-10-06 00:55:18.830505,7C79B4,DA42,DIAMOND AIRCRAFT INDUSTRIES,DA 42,8e3c646cc6533ac6986c01bf231228f39c21c2fe177900a20fdf1b8e6f3f7f4c,True,4
33737,29048,021026_ML.npy,2026-10-06,2026-10-06 00:55:20.705618,7C79B4,DA42,DIAMOND AIRCRAFT INDUSTRIES,DA 42,50b91961fe9a36b4088ba6d763d6400aa9c7f67a1e5207a1a107c4ba6d73dd82,True,1
33738,29049,021026_ML.npy,2026-10-06,2026-10-06 00:55:24.742591,7C79B4,DA42,DIAMOND AIRCRAFT INDUSTRIES,DA 42,d048b1e0d7ebb06619d4e719eab2795f77d96c4d64e85776fe84ea4e22db2079,True,2
33740,29051,021026_ML.npy,2026-10-06,2026-10-06 00:55:26.796570,7C79B4,DA42,DIAMOND AIRCRAFT INDUSTRIES,DA 42,850838f8b9a00d2385f8abb7696da83ce960a51a4f32d249834228d635a517f3,True,3
33742,29053,021026_ML.npy,2026-10-06,2026-10-06 00:55:29.368131,7C79B4,DA42,DIAMOND AIRCRAFT INDUSTRIES,DA 42,2e57fb8f4f7c75b54d4b83efcf6a2bcc3c359814854a5a134b380d5bbb06fe7c,True,3
33743,29054,021026_ML.npy,2026-10-06,2026-10-06 00:55:29.371242,7C79B4,DA42,DIAMOND AIRCRAFT INDUSTRIES,DA 42,1e19dc7d1adffe7af1c99426548de903283061bb72ef71e3119487bc0b87b8f1,True,3
33744,29055,021026_ML.npy,2026-10-06,2026-10-06 00:55:32.253413,7C79B4,DA42,DIAMOND AIRCRAFT INDUSTRIES,DA 42,97ba4b13976014bf699f315d9e4885f811cc1d2db79dbee399e093f84d9b1d06,True,1
33746,29057,021026_ML.npy,2026-10-06,2026-10-06 00:55:34.862304,7C79B4,DA42,DIAMOND AIRCRAFT INDUSTRIES,DA 42,76316d9ce0c021b10e5954246027599631c4df22a0a0bc0004dacdcf4ec7b1ba,True,1
33747,29058,021026_ML.npy,2026-10-06,2026-10-06 00:55:35.690286,7C79B4,DA42,DIAMOND AIRCRAFT INDUSTRIES,DA 42,6902835288a1a58886becdfc67161c939479cc48236db5c7ccc7d714a807865c,True,5
33748,29059,021026_ML.npy,2026-10-06,2026-10-06 00:55:37.716277,7C0074,C172,CESSNA AIRCRAFT COMPANY,172S,a90437468594afb04371eeb71f3b5e037838bcf49386806f9e33408491dc648a,True,4
33749,29060,021026_ML.npy,2026-10-06,2026-10-06 00:55:38.503582,7C79B4,DA42,DIAMOND AIRCRAFT INDUSTRIES,DA 42,d048b1e0d7ebb06619d4e719eab2795f77d96c4d64e85776fe84ea4e22db2079,True,4
33755,29066,021026_ML.npy,2026-10-06,2026-10-06 00:55:52.607964,7C79B4,DA42,DIAMOND AIRCRAFT INDUSTRIES,DA 42,76316d9ce0c021b10e5954246027599631c4df22a0a0bc0004dacdcf4ec7b1ba,True,1
33756,29067,021026_ML.npy,2026-10-06,2026-10-06 00:56:05.275852,7C79B4,DA42,DIAMOND AIRCRAFT INDUSTRIES,DA 42,153cd65a2e9f3de49bd6a9beb411ec6441d67c18356654fa3f670590fec9e6e2,True,3
33758,29069,021026_ML.npy,2026-10-06,2026-10-06 00:56:29.021643,7C7AF7,DA40,DIAMOND AIRCRAFT INDUSTRIES INC.,DA 40,0590ece372cfd15148ed8b7bf3cced633f87361570d35b304dc51189dd9e38cb,True,2
33762,29073,021026_ML.npy,2026-10-06,2026-10-06 00:56:33.957772,7C7AF7,DA40,DIAMOND AIRCRAFT INDUSTRIES INC.,DA 40,50323ca058e65adf75d92681db51d4740278a9cdce70dee019dcdd7813f0ac6d,True,2
33763,29074,021026_ML.npy,2026-10-06,2026-10-06 00:56:37.184863,7C7AF7,DA40,DIAMOND AIRCRAFT INDUSTRIES INC.,DA 40,70e2e960b526ddd27e585eb9c87d7d3f19a27a24c97729cbde9d4a895753bda1,True,2
33766,29077,021026_ML.npy,2026-10-06,2026-10-06 00:56:47.415545,7C7AF7,DA40,DIAMOND AIRCRAFT INDUSTRIES INC.,DA 40,d7358a686158b71a3797f2bee92c6a744cda72af319b697737101dcbef351d7f,True,4
33772,29083,021026_ML.npy,2026-10-06,2026-10-06 00:57:02.463995,7C7AF7,DA40,DIAMOND AIRCRAFT INDUSTRIES INC.,DA 40,0b74a0e3730a3f356c916bb1adefb58a596aea97841132bf9ee5660d3a450c55,True,1
33773,29084,021026_ML.npy,2026-10-06,2026-10-06 00:57:05.703473,7C79B4,DA42,DIAMOND AIRCRAFT INDUSTRIES,DA 42,85637de4b90bd9bd81e2352672b11732d62b953c9ce4dfa3f7a5f360178dcbbf,True,5
33775,29086,021026_ML.npy,2026-10-06,2026-10-06 00:57:06.152774,7C79B4,DA42,DIAMOND AIRCRAFT INDUSTRIES,DA 42,b741e27192dc9ab3d9b014b2a10eb307770d66895d71011f8a44cc4665e7de21,True,1
33776,29087,021026_ML.npy,2026-10-06,2026-10-06 00:57:07.196809,7C79B4,DA42,DIAMOND AIRCRAFT INDUSTRIES,DA 42,9aba471807307b9873494fba7aba8861af3055115908d179dadd9da1580eb7af,True,1
33777,29088,021026_ML.npy,2026-10-06,2026-10-06 00:57:07.201307,7C79B4,DA42,DIAMOND AIRCRAFT INDUSTRIES,DA 42,c426efab1617e6baa8de5012cfa9391a7bb4b6fea9b24acca97c461fabd8e9b3,True,3
33778,29089,021026_ML.npy,2026-10-06,2026-10-06 00:57:10.078917,7C79B4,DA42,DIAMOND AIRCRAFT INDUSTRIES,DA 42,76316d9ce0c021b10e5954246027599631c4df22a0a0bc0004dacdcf4ec7b1ba,True,4
33779,29090,021026_ML.npy,2026-10-06,2026-10-06 00:57:10.141182,7C79B4,DA42,DIAMOND AIRCRAFT INDUSTRIES,DA 42,cdae7949d3ac8852a44db461308dde06a01171a94908681074668869722b32ed,True,5
33782,29093,021026_ML.npy,2026-10-06,2026-10-06 00:57:15.094958,7C79B4,DA42,DIAMOND AIRCRAFT INDUSTRIES,DA 42,76316d9ce0c021b10e5954246027599631c4df22a0a0bc0004dacdcf4ec7b1ba,True,1
33784,29095,021026_ML.npy,2026-10-06,2026-10-06 00:57:19.908756,7C79B4,DA42,DIAMOND AIRCRAFT INDUSTRIES,DA 42,89a909f3e7db6e9772db70761bd645974c65dfa5e9f5aaf79334b0c618d5c5c5,True,2
33788,29099,021026_ML.npy,2026-10-06,2026-10-06 00:57:25.676738,7C79B4,DA42,DIAMOND AIRCRAFT INDUSTRIES,DA 42,4fda96efa2521493fc5ec4ca9385305a4a885bc4cc5e93373c1b943aa0cf745e,True,1
33814,29125,021026_ML.npy,2026-10-06,2026-10-06 00:58:44.508354,7C7B65,DA40,DIAMOND AIRCRAFT INDUSTRIES INC.,DA 40,1ccfbb1689b9043e5e7dbec40c0150be24b89f1039147438f09912f698423a11,True,2
33817,29128,021026_ML.npy,2026-10-06,2026-10-06 00:58:45.680284,7C7B65,DA40,DIAMOND AIRCRAFT INDUSTRIES INC.,DA 40,01821b475afeb20cd6cc3fb4215c0e9386245904db42e252b98962b4c8eef4b4,True,1
33825,29136,021026_ML.npy,2026-10-06,2026-10-06 00:58:59.399382,7C7B65,DA40,DIAMOND AIRCRAFT INDUSTRIES INC.,DA 40,9286e94bf015f6506d39e8f340cf3d9cf1835e96ffb493588753c20f555fd024,True,3
33830,29141,021026_ML.npy,2026-10-06,2026-10-06 00:59:13.056795,7C7C41,DA40,DIAMOND AIRCRAFT INDUSTRIES INC.,DA 40,6ac9f4104a87090c7f28a92f047e54ef9c79a3a5b4ef7d3b380452466e477ae7,True,2
33840,29151,021026_ML.npy,2026-10-06,2026-10-06 00:59:30.840260,7C7C41,DA40,DIAMOND AIRCRAFT INDUSTRIES INC.,DA 40,fd91bca1f03d450a885959982fbfc3de6a3d5f56a7f8df5fb9a074b04a111905,True,3
33845,29156,021026_ML.npy,2026-10-06,2026-10-06 00:59:44.910426,7C7C41,DA40,DIAMOND AIRCRAFT INDUSTRIES INC.,DA 40,781ccc91327184de3af5cc6db4ccc880c730cd3afd70de0739470604c903de78,True,4
33858,29169,021026_ML.npy,2026-10-06,2026-10-06 01:00:35.213652,7C41FD,DA40,DIAMOND AIRCRAFT INDUSTRIES INC.,DA 40,c1fddaa68f9384bac25e5f5f28ed3734cd34486d78ca3b677a9691f647340a1e,True,1
33868,29179,021026_ML.npy,2026-10-06,2026-10-06 01:01:00.615246,7C79B4,DA42,DIAMOND AIRCRAFT INDUSTRIES,DA 42,5a5497e3581f43c152115cf4473a25d9cdb7449dead505c552bb618436d88f97,True,5
33871,29182,021026_ML.npy,2026-10-06,2026-10-06 01:01:04.607213,7C79B4,DA42,DIAMOND AIRCRAFT INDUSTRIES,DA 42,76316d9ce0c021b10e5954246027599631c4df22a0a0bc0004dacdcf4ec7b1ba,True,1
33872,29183,021026_ML.npy,2026-10-06,2026-10-06 01:01:08.533608,7C79B4,DA42,DIAMOND AIRCRAFT INDUSTRIES,DA 42,d048b1e0d7ebb06619d4e719eab2795f77d96c4d64e85776fe84ea4e22db2079,True,2
33874,29185,021026_ML.npy,2026-10-06,2026-10-06 01:01:09.165715,7C79B4,DA42,DIAMOND AIRCRAFT INDUSTRIES,DA 42,6763650bf14ff8a597a76e90eded1beeb18ce97a4c5fa9e4986559d5f47f5c67,True,5
33875,29186,021026_ML.npy,2026-10-06,2026-10-06 01:01:13.288194,7C79B4,DA42,DIAMOND AIRCRAFT INDUSTRIES,DA 42,21844399e538ff874383a6f8d9e0a2af083d88589e154200a9bdf40cbaa13675,True,2
33876,29187,021026_ML.npy,2026-10-06,2026-10-06 01:01:14.512350,7C79B4,DA42,DIAMOND AIRCRAFT INDUSTRIES,DA 42,c97b22853f7fe4a55e2abef974200158ec91bd07d80472cd7d7a69ead0a40311,True,3
33877,29188,021026_ML.npy,2026-10-06,2026-10-06 01:01:16.328546,7C79B4,DA42,DIAMOND AIRCRAFT INDUSTRIES,DA 42,a89bc1bb961506963556f94c07ced6e1919ef822107fe98eb1d5315fd529a117,True,5
33879,29190,021026_ML.npy,2026-10-06,2026-10-06 01:01:22.957613,7C79B4,DA42,DIAMOND AIRCRAFT INDUSTRIES,DA 42,b34801e68bbffe5db6cb9af00bb93557e0a1b7698dccccc52500cbd98e4c3b98,True,1
33880,29191,021026_ML.npy,2026-10-06,2026-10-06 01:01:23.530847,7C79B4,DA42,DIAMOND AIRCRAFT INDUSTRIES,DA 42,430da0e01c460ee453566c962f27f5577f6aa090f8922dc66a33370b6038dc52,True,2
33882,29193,021026_ML.npy,2026-10-06,2026-10-06 01:01:25.537136,7C79B4,DA42,DIAMOND AIRCRAFT INDUSTRIES,DA 42,58ebef315442078198fc0c18d5383fc3b43eb37d7925c5dccba0dcdc745937df,True,3
33883,29194,021026_ML.npy,2026-10-06,2026-10-06 01:01:25.894151,7C79B4,DA42,DIAMOND AIRCRAFT INDUSTRIES,DA 42,d048b1e0d7ebb06619d4e719eab2795f77d96c4d64e85776fe84ea4e22db2079,True,5
33884,29195,021026_ML.npy,2026-10-06,2026-10-06 01:01:25.977602,7C79B4,DA42,DIAMOND AIRCRAFT INDUSTRIES,DA 42,185f221872183ed98053ac492ec3f04363f885aed6e2dd30fa1854dfd6636830,True,3
33886,29197,021026_ML.npy,2026-10-06,2026-10-06 01:01:26.410680,7C79B4,DA42,DIAMOND AIRCRAFT INDUSTRIES,DA 42,cf83be440e497229ccc6589287a1ba4b8ee85cdf141246ae1a8ded37c07f29d5,True,2
33887,29198,021026_ML.npy,2026-10-06,2026-10-06 01:01:26.686490,7C79B4,DA42,DIAMOND AIRCRAFT INDUSTRIES,DA 42,80090aa521432a024b43a445cd0eaf0818535865c12d1414c4684a5754a3dab1,True,4
33889,29200,021026_ML.npy,2026-10-06,2026-10-06 01:01:29.469216,7C79B4,DA42,DIAMOND AIRCRAFT INDUSTRIES,DA 42,07b5a73b1bc4c530f2e6420d4c2282042ccb1ef28247fca85c9cb18adc0df80c,True,3
33891,29202,021026_ML.npy,2026-10-06,2026-10-06 01:01:31.561331,7C79B4,DA42,DIAMOND AIRCRAFT INDUSTRIES,DA 42,80090aa521432a024b43a445cd0eaf0818535865c12d1414c4684a5754a3dab1,True,3
33892,29203,021026_ML.npy,2026-10-06,2026-10-06 01:01:32.111819,7C79B4,DA42,DIAMOND AIRCRAFT INDUSTRIES,DA 42,d048b1e0d7ebb06619d4e719eab2795f77d96c4d64e85776fe84ea4e22db2079,True,2
33894,29205,021026_ML.npy,2026-10-06,2026-10-06 01:01:32.161388,7C79B4,DA42,DIAMOND AIRCRAFT INDUSTRIES,DA 42,7c675c16c6b424665acbe95209daf476b2ae3b490d7e812893f98d519c287781,True,4
33895,29206,021026_ML.npy,2026-10-06,2026-10-06 01:01:34.066113,7C79B4,DA42,DIAMOND AIRCRAFT INDUSTRIES,DA 42,629827f9526a9c242cdf532c31688f05b8b6de29deb02ff8454bd136b95f4e5b,True,1
33896,29207,021026_ML.npy,2026-10-06,2026-10-06 01:01:34.073896,7C79B4,DA42,DIAMOND AIRCRAFT INDUSTRIES,DA 42,20bdb22a4962216fe50aed3860220a9b6b8103370b2e9498d5dc4855072b7606,True,4
33897,29208,021026_ML.npy,2026-10-06,2026-10-06 01:01:37.487516,7C79B4,DA42,DIAMOND AIRCRAFT INDUSTRIES,DA 42,6ac312c1c771850e61830b9128a68449080b839a8bda4222aa75d6b475130e2e,True,2
33900,29211,021026_ML.npy,2026-10-06,2026-10-06 01:01:37.990707,7C79B4,DA42,DIAMOND AIRCRAFT INDUSTRIES,DA 42,9ca2f2195271e3f4dbfa1f4a87ddaabb820d3f770835bfd6ff2e9ca5e42cf4f0,True,5
33901,29212,021026_ML.npy,2026-10-06,2026-10-06 01:01:39.923105,7C79B4,DA42,DIAMOND AIRCRAFT INDUSTRIES,DA 42,97c563953afeecb95b74f244c74f9b9e557aa9a8ec5c45447252c2d4384f6da1,True,5
33903,29214,021026_ML.npy,2026-10-06,2026-10-06 01:01:40.419152,7C79B4,DA42,DIAMOND AIRCRAFT INDUSTRIES,DA 42,2d157742cce38201d1051dfd0c319cf4bbfcfff807c6d0d8a3bd95dd22ff57c4,True,1
33905,29216,021026_ML.npy,2026-10-06,2026-10-06 01:01:47.437128,7C79B4,DA42,DIAMOND AIRCRAFT INDUSTRIES,DA 42,bdc64afef8e60896fca4df5bfbd0d0eaafc3dc0defc355292ea29c5294bc97c2,True,3
33906,29217,021026_ML.npy,2026-10-06,2026-10-06 01:01:48.374075,7C79B4,DA42,DIAMOND AIRCRAFT INDUSTRIES,DA 42,21844399e538ff874383a6f8d9e0a2af083d88589e154200a9bdf40cbaa13675,True,4
33909,29220,021026_ML.npy,2026-10-06,2026-10-06 01:02:01.948640,7C79B4,DA42,DIAMOND AIRCRAFT INDUSTRIES,DA 42,7ef47be4930f3906217a8b595cdec3adde2dd59a14962454047c76894c2e2cd5,True,3
33910,29221,021026_ML.npy,2026-10-06,2026-10-06 01:02:01.952049,7C79B4,DA42,DIAMOND AIRCRAFT INDUSTRIES,DA 42,d2809e623ad963121afa7a69a9b91ff54e9903792796acc8b80448cf8d878d9d,True,1
33912,29223,021026_ML.npy,2026-10-06,2026-10-06 01:02:06.486381,7C79B4,DA42,DIAMOND AIRCRAFT INDUSTRIES,DA 42,5c4642da459607f73702938683b588d0042c1aec375c57d3bb60a563e98127e1,True,1
33914,29225,021026_ML.npy,2026-10-06,2026-10-06 01:04:12.686754,7C7B65,DA40,DIAMOND AIRCRAFT INDUSTRIES INC.,DA 40,cdef6f8fc39af39ac99b98ff3c895d317117be280c0f78f7d889ee245725c0c5,True,5
33923,29234,021026_ML.npy,2026-10-06,2026-10-06 01:04:45.466981,7C7B65,DA40,DIAMOND AIRCRAFT INDUSTRIES INC.,DA 40,16b24ceb53e78a4848f3c9f939199aac7399e4212a1cb0f42cd24c227f68e4ea,True,1
33941,29252,021026_ML.npy,2026-10-06,2026-10-06 01:05:14.065445,7C41FD,DA40,DIAMOND AIRCRAFT INDUSTRIES INC.,DA 40,06c4a57d3cbac2fcdb71a19f0e01fb95927f0531edb382ce7dc9f9f9a8f1570b,True,4
33953,29264,021026_ML.npy,2026-10-06,2026-10-06 01:05:34.641747,7C41FD,DA40,DIAMOND AIRCRAFT INDUSTRIES INC.,DA 40,62662705ead8f79287a4e236c6de55f93fc7e8b17c4290db912751dcf2bfb05b,True,4
33957,29268,021026_ML.npy,2026-10-06,2026-10-06 01:05:40.080031,7C7C39,DA40,DIAMOND AIRCRAFT INDUSTRIES INC.,DA 40,e584783d62d28075dee7467e35e32c8fd7a15972bdef581a593c8522b6ca3aab,True,3
33992,29303,021026_ML.npy,2026-10-06,2026-10-06 01:06:24.336501,7C7C39,DA40,DIAMOND AIRCRAFT INDUSTRIES INC.,DA 40,c5701522dababfa716deadd509da8859478466d5dc3877dfab3374c84fdcfd43,True,5
33993,29304,021026_ML.npy,2026-10-06,2026-10-06 01:06:26.315663,7C7C39,DA40,DIAMOND AIRCRAFT INDUSTRIES INC.,DA 40,11c381d1c8a4a10e8c6f71f7298a9e79e77009d2a643bf82e7334609195f958f,True,5
34020,29331,021026_ML.npy,2026-10-06,2026-10-06 01:09:24.227202,7C7B65,DA40,DIAMOND AIRCRAFT INDUSTRIES INC.,DA 40,5d9bc948903e234ba87cd09045020ee1b066387b455024069e37996a6981e367,True,1
34023,29334,021026_ML.npy,2026-10-06,2026-10-06 01:09:26.942872,7C7B65,DA40,DIAMOND AIRCRAFT INDUSTRIES INC.,DA 40,fb31ca011eeae7010c4406dc413081d415565367b37601f433395785893d8592,True,2
34037,29348,021026_ML.npy,2026-10-06,2026-10-06 01:09:47.375741,7C7B65,DA40,DIAMOND AIRCRAFT INDUSTRIES INC.,DA 40,74fca349c9ccb563319db82a841c78dbb8731507a9e2bcc9f11ff1ac13e33c57,True,3
34041,29352,021026_ML.npy,2026-10-06,2026-10-06 01:09:53.483467,7C7B65,DA40,DIAMOND AIRCRAFT INDUSTRIES INC.,DA 40,f097b4d5c45b18a56c56252cea47c112ddb75c5881cd47bbbe56eb8115109c41,True,3
34052,29363,021026_ML.npy,2026-10-06,2026-10-06 01:10:22.198600,7C41FD,DA40,DIAMOND AIRCRAFT INDUSTRIES INC.,DA 40,880d4edbb301aceafd9738a014c333d888c542c53229cc8b4a1ef38e212c6382,True,3
34059,29370,021026_ML.npy,2026-10-06,2026-10-06 01:10:30.604963,7C41FD,DA40,DIAMOND AIRCRAFT INDUSTRIES INC.,DA 40,272184d0d363493a6a882d6c8d129563d5cacd94bc33740b6ee1fddf987de1cb,True,3
34074,29385,021026_ML.npy,2026-10-06,2026-10-06 01:10:53.416131,7C41FD,DA40,DIAMOND AIRCRAFT INDUSTRIES INC.,DA 40,5d7067fc1213b66755f38185ef3659b5d322d45b7d978a75ec4311a4321f50b7,True,4
34084,29395,021026_ML.npy,2026-10-06,2026-10-06 01:11:19.832690,7C7C39,DA40,DIAMOND AIRCRAFT INDUSTRIES INC.,DA 40,5bd7aab0613e7e0efb3b5ab3bacf669bfe280b2b0de54ae7ee4a0687d83a73c4,True,5
34104,29415,021026_ML.npy,2026-10-06,2026-10-06 01:12:24.161359,7C0D65,DA42,DIAMOND AIRCRAFT INDUSTRIES INC.,DA 42,6cbe5135f36b61942b47fcd55f0049194b966df7560f6a396fa7eeaa8b6ab050,True,2
34105,29416,021026_ML.npy,2026-10-06,2026-10-06 01:12:24.433833,7C0D65,DA42,DIAMOND AIRCRAFT INDUSTRIES INC.,DA 42,989fdeac31b4a7ee0a4f5dbdd9c2094facd5b43e7b1cc7ac53d868880bbb47f1,True,1
34106,29417,021026_ML.npy,2026-10-06,2026-10-06 01:12:25.750277,7C0D65,DA42,DIAMOND AIRCRAFT INDUSTRIES INC.,DA 42,5ed501bfe064cca63626010aabda8f5f7fa7a8b5a38ac506a5844f904173cc39,True,2
34108,29419,021026_ML.npy,2026-10-06,2026-10-06 01:12:27.456754,7C0D65,DA42,DIAMOND AIRCRAFT INDUSTRIES INC.,DA 42,32b8a1350b97cdeb7c1661a4bfd6d9b89e758fdec1b688381fc74c1600a7698f,True,3
34109,29420,021026_ML.npy,2026-10-06,2026-10-06 01:12:27.462731,7C0D65,DA42,DIAMOND AIRCRAFT INDUSTRIES INC.,DA 42,10b0509c98f984349aeeec1fa26036d5b50bad3153c4ec7e3ac1c240817382ac,True,5
34111,29422,021026_ML.npy,2026-10-06,2026-10-06 01:12:31.056313,7C0D65,DA42,DIAMOND AIRCRAFT INDUSTRIES INC.,DA 42,18fd76d1bd6afa5d45b55aa2ad7259703c7101437d7f40ae18ae4e43f69ba5d6,True,5
34113,29424,021026_ML.npy,2026-10-06,2026-10-06 01:12:34.038072,7C0D65,DA42,DIAMOND AIRCRAFT INDUSTRIES INC.,DA 42,d0ba5b283747b31375cd98a3cc56cc308a9fce4fe061c71bfea74205daf861a3,True,3
34115,29426,021026_ML.npy,2026-10-06,2026-10-06 01:12:34.629352,7C0D65,DA42,DIAMOND AIRCRAFT INDUSTRIES INC.,DA 42,468d651fb843d60859d098af50346b1618df6d7ade7e3db2ac1f41870b05a80b,True,5
34120,29431,021026_ML.npy,2026-10-06,2026-10-06 01:12:40.374196,7C0D65,DA42,DIAMOND AIRCRAFT INDUSTRIES INC.,DA 42,e9c653822b7cb94bad1d18c1467c6704918d775d45fe2b20aea32ae0c31a5f8a,True,4
34121,29432,021026_ML.npy,2026-10-06,2026-10-06 01:12:43.851998,7C0D65,DA42,DIAMOND AIRCRAFT INDUSTRIES INC.,DA 42,433e7d016e43a29c61cdfdc05002e2975cd1f5ee89d83e3e0655b6f92c60abf4,True,1
34122,29433,021026_ML.npy,2026-10-06,2026-10-06 01:12:44.259310,7C0D65,DA42,DIAMOND AIRCRAFT INDUSTRIES INC.,DA 42,d3a99988508c73cd5a274d2b81415936cabb3d91c2f979b58edc747ca641a7c5,True,3
34123,29434,021026_ML.npy,2026-10-06,2026-10-06 01:12:44.792143,7C0D65,DA42,DIAMOND AIRCRAFT INDUSTRIES INC.,DA 42,c1e63934031676aeb3b24f78918244b620af98132d48c88f2bfa6fad8da86a5a,True,4
34124,29435,021026_ML.npy,2026-10-06,2026-10-06 01:12:45.920609,7C0D65,DA42,DIAMOND AIRCRAFT INDUSTRIES INC.,DA 42,8e496f46c512c75f70cf69fefa4fc17b1c5fffa7ff1cc4d9eb3acbecb56488ed,True,3
34125,29436,021026_ML.npy,2026-10-06,2026-10-06 01:12:46.770793,7C0D65,DA42,DIAMOND AIRCRAFT INDUSTRIES INC.,DA 42,5de4ce2f5a4e9484ddb88074edd09f8a0f157018fc1b046d0935597ff32ec88c,True,2
34126,29437,021026_ML.npy,2026-10-06,2026-10-06 01:12:48.824618,7C0D65,DA42,DIAMOND AIRCRAFT INDUSTRIES INC.,DA 42,433e7d016e43a29c61cdfdc05002e2975cd1f5ee89d83e3e0655b6f92c60abf4,True,5
34127,29438,021026_ML.npy,2026-10-06,2026-10-06 01:12:51.646848,7C0D65,DA42,DIAMOND AIRCRAFT INDUSTRIES INC.,DA 42,72be76d24c160ddde028f43389ca07e1438e24926142123826b29aa3e38c099d,True,4
34128,29439,021026_ML.npy,2026-10-06,2026-10-06 01:12:56.988615,7C0D65,DA42,DIAMOND AIRCRAFT INDUSTRIES INC.,DA 42,8e1e88a8c06139804950d10a3061f9b0744a403dff63393167003ac077add179,True,1
34129,29440,021026_ML.npy,2026-10-06,2026-10-06 01:12:59.212988,7C0D65,DA42,DIAMOND AIRCRAFT INDUSTRIES INC.,DA 42,6cbe5135f36b61942b47fcd55f0049194b966df7560f6a396fa7eeaa8b6ab050,True,1
34131,29442,021026_ML.npy,2026-10-06,2026-10-06 01:13:04.153307,7C0D65,DA42,DIAMOND AIRCRAFT INDUSTRIES INC.,DA 42,5ed501bfe064cca63626010aabda8f5f7fa7a8b5a38ac506a5844f904173cc39,True,2
34133,29444,021026_ML.npy,2026-10-06,2026-10-06 01:13:14.132087,7C0D65,DA42,DIAMOND AIRCRAFT INDUSTRIES INC.,DA 42,47d65f6392452802a35b9e87f0a4292d750beb57c16e8fc7f815d85b5be95cc2,True,3
34137,29448,021026_ML.npy,2026-10-06,2026-10-06 01:13:50.496759,7C0D65,DA42,DIAMOND AIRCRAFT INDUSTRIES INC.,DA 42,5ed501bfe064cca63626010aabda8f5f7fa7a8b5a38ac506a5844f904173cc39,True,5
34139,29450,021026_ML.npy,2026-10-06,2026-10-06 01:13:54.790836,7C0D65,DA42,DIAMOND AIRCRAFT INDUSTRIES INC.,DA 42,433e7d016e43a29c61cdfdc05002e2975cd1f5ee89d83e3e0655b6f92c60abf4,True,3
34140,29451,021026_ML.npy,2026-10-06,2026-10-06 01:13:55.078485,7C0D65,DA42,DIAMOND AIRCRAFT INDUSTRIES INC.,DA 42,b43293dbe4bd72ab57c484aa7562b7740262dfc53fa73e25ab63663f981f65cb,True,2
34141,29452,021026_ML.npy,2026-10-06,2026-10-06 01:13:57.622913,7C0D65,DA42,DIAMOND AIRCRAFT INDUSTRIES INC.,DA 42,2ce1825a789712592970e0c991ad33cd98b10bd0d328c77c0d8095af85c34e10,True,5
34143,29454,021026_ML.npy,2026-10-06,2026-10-06 01:14:03.753300,7C0D65,DA42,DIAMOND AIRCRAFT INDUSTRIES INC.,DA 42,50470695b52d56c1f319e676951f9f23dad370313e2438f2f2ee2af6240eeccc,True,2
34144,29455,021026_ML.npy,2026-10-06,2026-10-06 01:14:04.209898,7C0D65,DA42,DIAMOND AIRCRAFT INDUSTRIES INC.,DA 42,657ef34b66971d30182997261595bb3ca00347d64c95efe8fc0f4e6fee98f426,True,3
34155,29466,021026_ML.npy,2026-10-06,2026-10-06 01:14:48.568529,7C7B65,DA40,DIAMOND AIRCRAFT INDUSTRIES INC.,DA 40,01821b475afeb20cd6cc3fb4215c0e9386245904db42e252b98962b4c8eef4b4,True,3
34183,29494,021026_ML.npy,2026-10-06,2026-10-06 01:15:43.587532,7C41FD,DA40,DIAMOND AIRCRAFT INDUSTRIES INC.,DA 40,deb73d9c45e4df0d50635c8fbfe633d8bae7aeb0b96e0167111b06a07c3efbed,True,1
34187,29498,021026_ML.npy,2026-10-06,2026-10-06 01:15:48.913879,7C41FD,DA40,DIAMOND AIRCRAFT INDUSTRIES INC.,DA 40,4cfd7791f6ca0a4189835739bf20f39bfb51e9b04ddfd9782aeb161edb9e7582,True,5
34190,29501,021026_ML.npy,2026-10-06,2026-10-06 01:15:50.957183,7C41FD,DA40,DIAMOND AIRCRAFT INDUSTRIES INC.,DA 40,b813f192b23205c4095db99eeef1057c2b5264be5898d1b5c1da612ac214bf02,True,1
34192,29503,021026_ML.npy,2026-10-06,2026-10-06 01:15:52.433198,7C41FD,DA40,DIAMOND AIRCRAFT INDUSTRIES INC.,DA 40,e6ae117a4d16dfce9184f02f4f0d3206da4ba5b5f338c0167e2470f989eb4eec,True,3
34198,29509,021026_ML.npy,2026-10-06,2026-10-06 01:16:15.338591,7C41FD,DA40,DIAMOND AIRCRAFT INDUSTRIES INC.,DA 40,d3b8cfc4aea52f9d3444689e5104ad40c2d4f0092017a423d365570ff3966c38,True,3
34201,29512,021026_ML.npy,2026-10-06,2026-10-06 01:17:16.650697,7C0D65,DA42,DIAMOND AIRCRAFT INDUSTRIES INC.,DA 42,0ed1a50ddb0fe20d53f839f745419b136f0571f83afdd903851ac9b91f56fb34,True,1
34202,29513,021026_ML.npy,2026-10-06,2026-10-06 01:17:16.656444,7C0D65,DA42,DIAMOND AIRCRAFT INDUSTRIES INC.,DA 42,b3c81d52b7fda909198336a56054ab1bce7ffa9df95aa67cf0380f1ab473efb0,True,1
34205,29516,021026_ML.npy,2026-10-06,2026-10-06 01:17:20.323185,7C0D65,DA42,DIAMOND AIRCRAFT INDUSTRIES INC.,DA 42,04b686c1dec303818333a823dea86669591a2b34efd8efd724eb57585ffe13ec,True,4
34206,29517,021026_ML.npy,2026-10-06,2026-10-06 01:17:20.811191,7C0D65,DA42,DIAMOND AIRCRAFT INDUSTRIES INC.,DA 42,b982747172dd01f59ae9366757805d7385c7a70d5e654d01a68db40655541019,True,4
34207,29518,021026_ML.npy,2026-10-06,2026-10-06 01:17:20.815014,7C0D65,DA42,DIAMOND AIRCRAFT INDUSTRIES INC.,DA 42,5e9d0684953062c36bf4a71047d31249c80152617e13604e130f577f54cb8e35,True,4
34209,29520,021026_ML.npy,2026-10-06,2026-10-06 01:17:26.262946,7C0D65,DA42,DIAMOND AIRCRAFT INDUSTRIES INC.,DA 42,3e93db96e19dd6f45f775790a6b605401a9d87cb21dec8d637bbca16b9a2060c,True,1
34212,29523,021026_ML.npy,2026-10-06,2026-10-06 01:17:35.040627,7C0D65,DA42,DIAMOND AIRCRAFT INDUSTRIES INC.,DA 42,04b686c1dec303818333a823dea86669591a2b34efd8efd724eb57585ffe13ec,True,5
34216,29527,021026_ML.npy,2026-10-06,2026-10-06 01:17:38.591846,7C0D65,DA42,DIAMOND AIRCRAFT INDUSTRIES INC.,DA 42,e8246f5d72697aea6187da964c56a179d3ab11413342c4fd76f15332d78dad80,True,2
34217,29528,021026_ML.npy,2026-10-06,2026-10-06 01:17:39.675569,7C0D65,DA42,DIAMOND AIRCRAFT INDUSTRIES INC.,DA 42,ee83b59aeae54108289a941de6af798af5390cc73f3ac3ba98f894146ea0afe5,True,3
34218,29529,021026_ML.npy,2026-10-06,2026-10-06 01:17:39.682602,7C0D65,DA42,DIAMOND AIRCRAFT INDUSTRIES INC.,DA 42,ba61279cf621125a614642c6a1c4488d058a85172ce3ef976db7598ed1d5086c,True,1
34220,29531,021026_ML.npy,2026-10-06,2026-10-06 01:17:44.049239,7C0D65,DA42,DIAMOND AIRCRAFT INDUSTRIES INC.,DA 42,f81c572267c70bd6790f3171109852fab58432a62efc4e15a63fa9c376017ed7,True,2
34221,29532,021026_ML.npy,2026-10-06,2026-10-06 01:17:44.056356,7C0D65,DA42,DIAMOND AIRCRAFT INDUSTRIES INC.,DA 42,35e08a4c66136168e1d70fdcd3ed9a06782a4e8f301cf4daeeae149d6ab87f9d,True,4
34223,29534,021026_ML.npy,2026-10-06,2026-10-06 01:17:48.251785,7C0D65,DA42,DIAMOND AIRCRAFT INDUSTRIES INC.,DA 42,5ed501bfe064cca63626010aabda8f5f7fa7a8b5a38ac506a5844f904173cc39,True,3
34224,29535,021026_ML.npy,2026-10-06,2026-10-06 01:17:52.847406,7C0D65,DA42,DIAMOND AIRCRAFT INDUSTRIES INC.,DA 42,e45bdb1fda47cc9b09f07bc1df245a8cfa7ea851f2ae556e1f8490c5a9883646,True,3
34226,29537,021026_ML.npy,2026-10-06,2026-10-06 01:17:55.004561,7C0D65,DA42,DIAMOND AIRCRAFT INDUSTRIES INC.,DA 42,a6dc9d96e0a93337b7aaf942318feea36a5532d87fbbb61b959832112077e013,True,3
34232,29543,021026_ML.npy,2026-10-06,2026-10-06 01:18:06.820817,7C0D65,DA42,DIAMOND AIRCRAFT INDUSTRIES INC.,DA 42,b07dc53b3776ecbd18d82f30c9f4664191e80843b857e62feba61e87af6d8381,True,5
34240,29551,021026_ML.npy,2026-10-06,2026-10-06 01:19:36.564393,7C0D65,DA42,DIAMOND AIRCRAFT INDUSTRIES INC.,DA 42,6cbe5135f36b61942b47fcd55f0049194b966df7560f6a396fa7eeaa8b6ab050,True,1
34241,29552,021026_ML.npy,2026-10-06,2026-10-06 01:19:39.131893,7C0D65,DA42,DIAMOND AIRCRAFT INDUSTRIES INC.,DA 42,80e9999340abdaeadf02d78d3cc44436d002a256542fd76defd3c29eb274d8cb,True,1
34242,29553,021026_ML.npy,2026-10-06,2026-10-06 01:19:49.380446,7C0D65,DA42,DIAMOND AIRCRAFT INDUSTRIES INC.,DA 42,8745763be8f45d65c28e5688b3e5b092838e132b03a9b5628a274603f1e21ffe,True,1
34261,29572,021026_ML.npy,2026-10-06,2026-10-06 01:21:10.341256,7C41FD,DA40,DIAMOND AIRCRAFT INDUSTRIES INC.,DA 40,8a220227202c8ac6f31c3a2d3efc272372605962f8e6b3fd6fba168dc1a54d8c,True,4
34265,29576,021026_ML.npy,2026-10-06,2026-10-06 01:21:15.091207,7C41FD,DA40,DIAMOND AIRCRAFT INDUSTRIES INC.,DA 40,6f5ee31fdd82f45104ceefc172be616f92a9513da43962a1334f675091d25660,True,5
34267,29578,021026_ML.npy,2026-10-06,2026-10-06 01:21:15.790775,7C41FD,DA40,DIAMOND AIRCRAFT INDUSTRIES INC.,DA 40,bb273711360b201c136f89d12a30524a268471495bd097548fb65946fd2fdae9,True,2
34270,29581,021026_ML.npy,2026-10-06,2026-10-06 01:21:17.238701,7C41FD,DA40,DIAMOND AIRCRAFT INDUSTRIES INC.,DA 40,71962c299b8afe540896ee59516332ee7230d935d03e17034f875bbbd6e6e1e7,True,3
34287,29598,021026_ML.npy,2026-10-06,2026-10-06 01:21:33.994233,7C41FD,DA40,DIAMOND AIRCRAFT INDUSTRIES INC.,DA 40,84422e0f0e20a14e24f05f2633f13e9d8acf7edb4e447280fb56678502e70ca1,True,2
34296,29607,021026_ML.npy,2026-10-06,2026-10-06 01:21:42.225391,7C41FD,DA40,DIAMOND AIRCRAFT INDUSTRIES INC.,DA 40,ca3c431819122b2a9e842a54a6e771d97c78dfd9bf3576dcd5186f0cefafb50c,True,5
34301,29612,021026_ML.npy,2026-10-06,2026-10-06 01:21:45.613924,7C67D0,C172,CESSNA AIRCRAFT COMPANY,172S,dd22a26b7715d20f94ac05222ab2e8fdca89b29fb165784af3e5bfb3a8f282d1,True,4
34302,29613,021026_ML.npy,2026-10-06,2026-10-06 01:21:46.058189,7C67D0,C172,CESSNA AIRCRAFT COMPANY,172S,742b26d109cc1658353b1f7271da3eef1e660eab3b08d73a646a5d123fa8ffc5,True,1
34308,29619,021026_ML.npy,2026-10-06,2026-10-06 01:21:56.278695,7C67D0,C172,CESSNA AIRCRAFT COMPANY,172S,69d13832838281f7de15ade3a98712d13cf1e87ea8914ac5b9cc62744fe92dd2,True,1
34312,29623,021026_ML.npy,2026-10-06,2026-10-06 01:22:03.091878,7C67D0,C172,CESSNA AIRCRAFT COMPANY,172S,e6de667b45fed7d9c8300b1c7729fef2a9fb50ec451f64c153039f1eca124e0e,True,2
34320,29631,021026_ML.npy,2026-10-06,2026-10-06 01:22:13.515850,7C67D0,C172,CESSNA AIRCRAFT COMPANY,172S,69d13832838281f7de15ade3a98712d13cf1e87ea8914ac5b9cc62744fe92dd2,True,3
34322,29633,021026_ML.npy,2026-10-06,2026-10-06 01:22:14.025480,7C67D0,C172,CESSNA AIRCRAFT COMPANY,172S,100f213f7718b33873c3916c6416120147945715c2d9a583709f9d399cea3db8,True,4
34324,29635,021026_ML.npy,2026-10-06,2026-10-06 01:22:16.461630,7C67D0,C172,CESSNA AIRCRAFT COMPANY,172S,742b26d109cc1658353b1f7271da3eef1e660eab3b08d73a646a5d123fa8ffc5,True,1
34328,29639,021026_ML.npy,2026-10-06,2026-10-06 01:22:19.320737,7C67D0,C172,CESSNA AIRCRAFT COMPANY,172S,2dd976af097337ba5c17c73ab92bc04dec82b5ad64135ffe5050b57b806b7a7a,True,3
34329,29640,021026_ML.npy,2026-10-06,2026-10-06 01:22:22.146912,7C67D0,C172,CESSNA AIRCRAFT COMPANY,172S,38c52d928b226d73eb3b909694768239f7804e7a95a02dfb4fbbe9664d068f36,True,4
34330,29641,021026_ML.npy,2026-10-06,2026-10-06 01:22:22.152801,7C67D0,C172,CESSNA AIRCRAFT COMPANY,172S,a674aaeb6c5341dd53db36dfaf3f74a3a0f420f2dad594a2d98b6c35820986d3,True,3
34331,29642,021026_ML.npy,2026-10-06,2026-10-06 01:22:25.910281,7C67D0,C172,CESSNA AIRCRAFT COMPANY,172S,69d13832838281f7de15ade3a98712d13cf1e87ea8914ac5b9cc62744fe92dd2,True,1
34336,29647,021026_ML.npy,2026-10-06,2026-10-06 01:22:30.771379,7C67D0,C172,CESSNA AIRCRAFT COMPANY,172S,771678abe63cf0a610cbb3184c332d81d8818fe351578fa9554d5560bd597e07,True,4
34337,29648,021026_ML.npy,2026-10-06,2026-10-06 01:22:32.175434,7C67D0,C172,CESSNA AIRCRAFT COMPANY,172S,69d13832838281f7de15ade3a98712d13cf1e87ea8914ac5b9cc62744fe92dd2,True,5
34343,29654,021026_ML.npy,2026-10-06,2026-10-06 01:23:02.752061,7C0D65,DA42,DIAMOND AIRCRAFT INDUSTRIES INC.,DA 42,1062634d2dd64dfea5f073afcfc56036df61ecbc8e5b8534a898f9b18e713a8b,True,1
34344,29655,021026_ML.npy,2026-10-06,2026-10-06 01:23:06.343187,7C0D65,DA42,DIAMOND AIRCRAFT INDUSTRIES INC.,DA 42,55d1c88adf0fac11e64d14428e818802612025ac9647b4bf67c1ec77538e4880,True,4
34350,29661,021026_ML.npy,2026-10-06,2026-10-06 01:23:09.356217,7C0D65,DA42,DIAMOND AIRCRAFT INDUSTRIES INC.,DA 42,f2ae00ced20736e2b8bb9f6503808717dd06ef84be21d4a2c30eb46cd890b716,True,2
34351,29662,021026_ML.npy,2026-10-06,2026-10-06 01:23:10.953614,7C0D65,DA42,DIAMOND AIRCRAFT INDUSTRIES INC.,DA 42,3ffac72352ee363341e05eb8d1b179d8581088cb5df8c4fbe96ebb9199148d57,True,4
34352,29663,021026_ML.npy,2026-10-06,2026-10-06 01:23:13.184525,7C0D65,DA42,DIAMOND AIRCRAFT INDUSTRIES INC.,DA 42,ad5e04de4a7a36f2d20cf41e17083c33903bd2252dd7b5cd0ac408b2e81529ff,True,2
34354,29665,021026_ML.npy,2026-10-06,2026-10-06 01:23:14.247074,7C0D65,DA42,DIAMOND AIRCRAFT INDUSTRIES INC.,DA 42,ecf417d034c7f10e1cc848541e8918e4a7f784962c8ae515a73d3835d2bd894a,True,1
34356,29667,021026_ML.npy,2026-10-06,2026-10-06 01:23:15.633264,7C0D65,DA42,DIAMOND AIRCRAFT INDUSTRIES INC.,DA 42,8fa51f170edb60cdede6b8dc14e985b05bd1ad6e8b4c61d8a4470155d9d63497,True,5
34358,29669,021026_ML.npy,2026-10-06,2026-10-06 01:23:18.426401,7C0D65,DA42,DIAMOND AIRCRAFT INDUSTRIES INC.,DA 42,6cbe5135f36b61942b47fcd55f0049194b966df7560f6a396fa7eeaa8b6ab050,True,4
34359,29670,021026_ML.npy,2026-10-06,2026-10-06 01:23:20.146387,7C0D65,DA42,DIAMOND AIRCRAFT INDUSTRIES INC.,DA 42,9deec1b11669dc37f30ea4c6381dd8c24f9e82f9791c41d875122a166a2a3c77,True,2
34362,29673,021026_ML.npy,2026-10-06,2026-10-06 01:23:26.311874,7C0D65,DA42,DIAMOND AIRCRAFT INDUSTRIES INC.,DA 42,353bde3e5f6592d407041a7be12f8ea20c0e72a2a606ab27f60849067fb5edfa,True,1
34363,29674,021026_ML.npy,2026-10-06,2026-10-06 01:23:27.563718,7C0D65,DA42,DIAMOND AIRCRAFT INDUSTRIES INC.,DA 42,5ed501bfe064cca63626010aabda8f5f7fa7a8b5a38ac506a5844f904173cc39,True,5
34364,29675,021026_ML.npy,2026-10-06,2026-10-06 01:23:28.491720,7C67D0,C172,CESSNA AIRCRAFT COMPANY,172S,4765ffb54bdac29458930e7b2d4b6d3e74423092703194138b6eb1f896572ad4,True,2
34366,29677,021026_ML.npy,2026-10-06,2026-10-06 01:23:28.750819,7C0D65,DA42,DIAMOND AIRCRAFT INDUSTRIES INC.,DA 42,04b96eb18a4087f9e306791f566f26212400f7bf0f16dddc898392563f26fec2,True,2
34368,29679,021026_ML.npy,2026-10-06,2026-10-06 01:23:30.880102,7C0D65,DA42,DIAMOND AIRCRAFT INDUSTRIES INC.,DA 42,fd523fd1309512ec0d40c1848c24ab13bc2df19a2fa2770b206bb095e5b534f8,True,2
34369,29680,021026_ML.npy,2026-10-06,2026-10-06 01:23:33.885316,7C0D65,DA42,DIAMOND AIRCRAFT INDUSTRIES INC.,DA 42,5ed501bfe064cca63626010aabda8f5f7fa7a8b5a38ac506a5844f904173cc39,True,2
34371,29682,021026_ML.npy,2026-10-06,2026-10-06 01:23:36.438660,7C0D65,DA42,DIAMOND AIRCRAFT INDUSTRIES INC.,DA 42,5ed501bfe064cca63626010aabda8f5f7fa7a8b5a38ac506a5844f904173cc39,True,3
34381,29692,021026_ML.npy,2026-10-06,2026-10-06 01:23:45.684864,7C0D65,DA42,DIAMOND AIRCRAFT INDUSTRIES INC.,DA 42,b8444168aeb2597855c37bbaa0c9c2daa1e7f8a367e89a908c018db7149f644f,True,1
34383,29694,021026_ML.npy,2026-10-06,2026-10-06 01:23:49.296339,7C0D65,DA42,DIAMOND AIRCRAFT INDUSTRIES INC.,DA 42,e91ff0ad80d13abfc4d39575d1d32b100b423a4bd1941453134b3e6a258b9750,True,2
34384,29695,021026_ML.npy,2026-10-06,2026-10-06 01:23:50.476704,7C0D65,DA42,DIAMOND AIRCRAFT INDUSTRIES INC.,DA 42,6cbe5135f36b61942b47fcd55f0049194b966df7560f6a396fa7eeaa8b6ab050,True,3
34389,29700,021026_ML.npy,2026-10-06,2026-10-06 01:24:05.725012,7C0D65,DA42,DIAMOND AIRCRAFT INDUSTRIES INC.,DA 42,6cbe5135f36b61942b47fcd55f0049194b966df7560f6a396fa7eeaa8b6ab050,True,3
34390,29701,021026_ML.npy,2026-10-06,2026-10-06 01:24:06.255126,7C0D65,DA42,DIAMOND AIRCRAFT INDUSTRIES INC.,DA 42,5ed501bfe064cca63626010aabda8f5f7fa7a8b5a38ac506a5844f904173cc39,True,3
34391,29702,021026_ML.npy,2026-10-06,2026-10-06 01:24:27.104200,7C0D65,DA42,DIAMOND AIRCRAFT INDUSTRIES INC.,DA 42,df2dfd7af5514ce92b109fb6fd105b3ba06d6e516f2014d776020d2ac6785751,True,4
34395,29706,021026_ML.npy,2026-10-06,2026-10-06 01:24:28.206345,7C0D65,DA42,DIAMOND AIRCRAFT INDUSTRIES INC.,DA 42,6cbe5135f36b61942b47fcd55f0049194b966df7560f6a396fa7eeaa8b6ab050,True,4
34398,29709,021026_ML.npy,2026-10-06,2026-10-06 01:24:30.067343,7C0D65,DA42,DIAMOND AIRCRAFT INDUSTRIES INC.,DA 42,5ed501bfe064cca63626010aabda8f5f7fa7a8b5a38ac506a5844f904173cc39,True,2
34401,29712,021026_ML.npy,2026-10-06,2026-10-06 01:24:39.256210,7C0D65,DA42,DIAMOND AIRCRAFT INDUSTRIES INC.,DA 42,4de9cffeced2e04acea77030e6853e51ae4e3d0ceaca98e0d15cee73aa869e95,True,5
34405,29716,021026_ML.npy,2026-10-06,2026-10-06 01:25:08.530378,7C0D65,DA42,DIAMOND AIRCRAFT INDUSTRIES INC.,DA 42,e3c6b667ab4f102768f9f3733e27518fbce1fbe70e63e350bb4762563739ab55,True,4
34408,29719,021026_ML.npy,2026-10-06,2026-10-06 01:25:20.367873,7C7B5F,DA40,DIAMOND AIRCRAFT INDUSTRIES INC.,DA 40,0059010586036ffbad7d72b594738abf936d8fe6617f928f0d86ed3ad8c33778,True,5
34424,29735,021026_ML.npy,2026-10-06,2026-10-06 01:25:35.168950,7C7B5F,DA40,DIAMOND AIRCRAFT INDUSTRIES INC.,DA 40,9e1cae0b6798fdf921c091709012a3def7eca81088dae6ebcb2419602c10da7a,True,5
34434,29745,021026_ML.npy,2026-10-06,2026-10-06 01:25:48.744698,7C7B65,DA40,DIAMOND AIRCRAFT INDUSTRIES INC.,DA 40,bfc226115f46d12538a7bdef9b8da4d0905676b8dc172f7e883c27485e79315c,True,5
34435,29746,021026_ML.npy,2026-10-06,2026-10-06 01:25:49.229797,7C7B5F,DA40,DIAMOND AIRCRAFT INDUSTRIES INC.,DA 40,5c09b3a40d2214563cd0aa6c11344e7e2fe2e8865f2420bbb6882ff1a9d9b1b9,True,4
34455,29766,021026_ML.npy,2026-10-06,2026-10-06 01:26:03.134446,7C7B5F,DA40,DIAMOND AIRCRAFT INDUSTRIES INC.,DA 40,7d5972d603c27375117039e45a12318611914122578f6520fff53c33281fca6c,True,2
34475,29786,021026_ML.npy,2026-10-06,2026-10-06 01:26:35.972158,7C7B5F,DA40,DIAMOND AIRCRAFT INDUSTRIES INC.,DA 40,4fe98cbe727f7b0766b372b340c4684bdd99e132bdd69542cda7b11540446ae0,True,1
34490,29801,021026_ML.npy,2026-10-06,2026-10-06 01:27:23.488619,7C67D0,C172,CESSNA AIRCRAFT COMPANY,172S,01cb8cbdc4e73a237271ee195096aeba9d6e89a459b5d434ee2a19e0aa2486eb,True,1
34492,29803,021026_ML.npy,2026-10-06,2026-10-06 01:27:28.028724,7C67D0,C172,CESSNA AIRCRAFT COMPANY,172S,6ed9fae629f464f1c768ee6f3906832d2da96336965159338627b4ac711e2233,True,4
34502,29813,021026_ML.npy,2026-10-06,2026-10-06 01:27:44.990074,7C67D0,C172,CESSNA AIRCRAFT COMPANY,172S,53e855bdfed84e141569d89ce33fb918e58cd6f64e7ada589253b57fd8475019,True,4
34505,29816,021026_ML.npy,2026-10-06,2026-10-06 01:27:49.224262,7C0D65,DA42,DIAMOND AIRCRAFT INDUSTRIES INC.,DA 42,9da8281195eec22c1547c4f353b20cd4bfb7de8e0910bb3809799d278b6390fc,True,1
34507,29818,021026_ML.npy,2026-10-06,2026-10-06 01:27:55.344767,7C67D0,C172,CESSNA AIRCRAFT COMPANY,172S,679ed3404db6589208a0a150daf48b21d6b009c5bbce45e927cd6c169e3202a9,True,4
34510,29821,021026_ML.npy,2026-10-06,2026-10-06 01:28:00.537714,7C0D65,DA42,DIAMOND AIRCRAFT INDUSTRIES INC.,DA 42,f37e8de516de47ffa9364c73bba0e970f8b6298e465f11fd642f4023e23b0c41,True,4
34516,29827,021026_ML.npy,2026-10-06,2026-10-06 01:28:03.672567,7C0D65,DA42,DIAMOND AIRCRAFT INDUSTRIES INC.,DA 42,433e7d016e43a29c61cdfdc05002e2975cd1f5ee89d83e3e0655b6f92c60abf4,True,2
34525,29836,021026_ML.npy,2026-10-06,2026-10-06 01:28:06.002832,7C0D65,DA42,DIAMOND AIRCRAFT INDUSTRIES INC.,DA 42,3f1fcfc8ec6e0acff099f1ed11b5cba51270f76e6d29219565097039729b6f18,True,2
34528,29839,021026_ML.npy,2026-10-06,2026-10-06 01:28:07.460840,7C0D65,DA42,DIAMOND AIRCRAFT INDUSTRIES INC.,DA 42,969cab993c3310130e08b5fa96e8b4b7c0b1cc2ef0a4be89786ed7e97326e4d9,True,2
34530,29841,021026_ML.npy,2026-10-06,2026-10-06 01:28:08.685832,7C0D65,DA42,DIAMOND AIRCRAFT INDUSTRIES INC.,DA 42,433e7d016e43a29c61cdfdc05002e2975cd1f5ee89d83e3e0655b6f92c60abf4,True,3
34533,29844,021026_ML.npy,2026-10-06,2026-10-06 01:28:11.541772,7C0D65,DA42,DIAMOND AIRCRAFT INDUSTRIES INC.,DA 42,71e56bbcb6856c74da0e0f427a47e4205c3d9c9cfa065007bbde7c4672591f7b,True,4
34539,29850,021026_ML.npy,2026-10-06,2026-10-06 01:28:18.251314,7C0D65,DA42,DIAMOND AIRCRAFT INDUSTRIES INC.,DA 42,208017b9b3ca8bf54525c4154e212c2928aac56e045c1be40cd30333a9ca10f5,True,5
34542,29853,021026_ML.npy,2026-10-06,2026-10-06 01:28:22.027192,7C0D65,DA42,DIAMOND AIRCRAFT INDUSTRIES INC.,DA 42,60da094bd3bcb314731373f1b22dcd08647858a73a991dad25dfad3659a30518,True,3
34543,29854,021026_ML.npy,2026-10-06,2026-10-06 01:28:23.556714,7C67D0,C172,CESSNA AIRCRAFT COMPANY,172S,69d13832838281f7de15ade3a98712d13cf1e87ea8914ac5b9cc62744fe92dd2,True,1
34545,29856,021026_ML.npy,2026-10-06,2026-10-06 01:28:27.117063,7C0D65,DA42,DIAMOND AIRCRAFT INDUSTRIES INC.,DA 42,3266700962c6f25213e6ad763205ed55eb62ef97c2e6163cd5ef61e2a3681764,True,1
34546,29857,021026_ML.npy,2026-10-06,2026-10-06 01:28:27.124290,7C0D65,DA42,DIAMOND AIRCRAFT INDUSTRIES INC.,DA 42,2158bcba0740b51f6ee04526342626a3334fa9162f9a61bf270e5f0a5d7a7d90,True,2
34547,29858,021026_ML.npy,2026-10-06,2026-10-06 01:28:29.526253,7C0D65,DA42,DIAMOND AIRCRAFT INDUSTRIES INC.,DA 42,36a55b2cbaeba240c959f762f8cffa9d9bda4bb3ac2259d24547efc6b0a28b15,True,4
34549,29860,021026_ML.npy,2026-10-06,2026-10-06 01:28:31.105788,7C0D65,DA42,DIAMOND AIRCRAFT INDUSTRIES INC.,DA 42,d74ef8e2925661bc0ec8ff0259641c237ea4d7d5be338b6ad1775eba9dc125d5,True,1
34553,29864,021026_ML.npy,2026-10-06,2026-10-06 01:28:40.852269,7C0D65,DA42,DIAMOND AIRCRAFT INDUSTRIES INC.,DA 42,d8c6b6119f66c59ca028007dda96fecb87178c0286d644d9c209c0b51e21a306,True,4
34555,29866,021026_ML.npy,2026-10-06,2026-10-06 01:28:44.191149,7C0D65,DA42,DIAMOND AIRCRAFT INDUSTRIES INC.,DA 42,820edeea17994371b7c2983ab829d938c7ed7dcc1d3bc400589761e7c182b369,True,2
34557,29868,021026_ML.npy,2026-10-06,2026-10-06 01:28:50.967970,7C0D65,DA42,DIAMOND AIRCRAFT INDUSTRIES INC.,DA 42,04b686c1dec303818333a823dea86669591a2b34efd8efd724eb57585ffe13ec,True,3
34559,29870,021026_ML.npy,2026-10-06,2026-10-06 01:28:52.342594,7C0D65,DA42,DIAMOND AIRCRAFT INDUSTRIES INC.,DA 42,5ed501bfe064cca63626010aabda8f5f7fa7a8b5a38ac506a5844f904173cc39,True,1
34561,29872,021026_ML.npy,2026-10-06,2026-10-06 01:28:53.679132,7C0D65,DA42,DIAMOND AIRCRAFT INDUSTRIES INC.,DA 42,366c089a31b22e0f39a116ce3b0a13780f71f1ea1438c6e92d0228e5eaeaa31c,True,2
34563,29874,021026_ML.npy,2026-10-06,2026-10-06 01:28:57.298494,7C0D65,DA42,DIAMOND AIRCRAFT INDUSTRIES INC.,DA 42,5ed501bfe064cca63626010aabda8f5f7fa7a8b5a38ac506a5844f904173cc39,True,5
34565,29876,021026_ML.npy,2026-10-06,2026-10-06 01:29:02.488196,7C67D0,C172,CESSNA AIRCRAFT COMPANY,172S,7e8d7c7ac89841a40ade30dd4276891779480754332f77ac08b5c88e4f7253ad,True,4
34568,29879,021026_ML.npy,2026-10-06,2026-10-06 01:29:14.177231,7C0D65,DA42,DIAMOND AIRCRAFT INDUSTRIES INC.,DA 42,498009867d5e6c9ca58398a42716dc619e09a43e60e6a2c9c670a99b809eef48,True,5
34585,29896,021026_ML.npy,2026-10-06,2026-10-06 01:29:51.504806,7C1687,DA40,DIAMOND AIRCRAFT INDUSTRIES INC.,DA 40,868dab83cec806b3caead63f40e9689515efc95941541e37e0ce7e34c4f79500,True,5
34595,29906,021026_ML.npy,2026-10-06,2026-10-06 01:30:12.632902,7C1687,DA40,DIAMOND AIRCRAFT INDUSTRIES INC.,DA 40,f916ca9a856cc4464cada5ae4a0cf693907a5d4f9a2a9ec35adc9d6fadc8792e,True,4
34599,29910,021026_ML.npy,2026-10-06,2026-10-06 01:30:22.633945,7C1687,DA40,DIAMOND AIRCRAFT INDUSTRIES INC.,DA 40,73b6dfff530dc01b50f15e588cc1ab56ba586d7c3ea5584bad8797a0519df459,True,3
34601,29912,021026_ML.npy,2026-10-06,2026-10-06 01:30:44.253901,7C7B65,DA40,DIAMOND AIRCRAFT INDUSTRIES INC.,DA 40,01821b475afeb20cd6cc3fb4215c0e9386245904db42e252b98962b4c8eef4b4,True,4
34606,29917,021026_ML.npy,2026-10-06,2026-10-06 01:30:53.324940,7C7B65,DA40,DIAMOND AIRCRAFT INDUSTRIES INC.,DA 40,26342913d34aa1c125028512095a018483e5aecfce250c06220586d5ebe526cd,True,3
34609,29920,021026_ML.npy,2026-10-06,2026-10-06 01:31:01.336345,7C7B65,DA40,DIAMOND AIRCRAFT INDUSTRIES INC.,DA 40,85c81128cd6acfe1f45a930041961ced29e86c5f4358644254dd8ff977918375,True,5
34611,29922,021026_ML.npy,2026-10-06,2026-10-06 01:31:04.078646,7C7B65,DA40,DIAMOND AIRCRAFT INDUSTRIES INC.,DA 40,bde7d1b728e1160011216ad834a1054f29e361f235ddbbf21bbe273547792015,True,3
34625,29936,021026_ML.npy,2026-10-06,2026-10-06 01:32:24.989487,7C67D0,C172,CESSNA AIRCRAFT COMPANY,172S,bce31e7d318ab8685ba011b56735f21806b29db00675d6b0a171aba8cd564b2c,True,3
34633,29944,021026_ML.npy,2026-10-06,2026-10-06 01:32:34.264439,7C67D0,C172,CESSNA AIRCRAFT COMPANY,172S,938b044d92bcd3ac7480c880a545af9aba306fae343e43999be8c9493806431c,True,2
34638,29949,021026_ML.npy,2026-10-06,2026-10-06 01:32:37.917680,7C67D0,C172,CESSNA AIRCRAFT COMPANY,172S,2632ef2786f17aabec3b6f5eb78e6034eaef807454df089644b5eaa3d086ad5f,True,4
34640,29951,021026_ML.npy,2026-10-06,2026-10-06 01:32:38.918365,7C67D0,C172,CESSNA AIRCRAFT COMPANY,172S,691f36210f310316886eb90cb90a5e4c29a5824a2b1e73d370d40813f0b4dfc4,True,2
34648,29959,021026_ML.npy,2026-10-06,2026-10-06 01:32:44.658357,7C67D0,C172,CESSNA AIRCRAFT COMPANY,172S,f0f9ea4b9db1611ff83d6294fe28a93228906c9b628cb50de3efcb2ace63dc07,True,1
34649,29960,021026_ML.npy,2026-10-06,2026-10-06 01:32:45.773943,7C67D0,C172,CESSNA AIRCRAFT COMPANY,172S,69d13832838281f7de15ade3a98712d13cf1e87ea8914ac5b9cc62744fe92dd2,True,3
34652,29963,021026_ML.npy,2026-10-06,2026-10-06 01:32:47.872791,7C67D0,C172,CESSNA AIRCRAFT COMPANY,172S,6bb3845ed25a90f24344485527f65d1603856166d7a0c63492a707545503771c,True,5
34653,29964,021026_ML.npy,2026-10-06,2026-10-06 01:32:49.548837,7C67D0,C172,CESSNA AIRCRAFT COMPANY,172S,69d13832838281f7de15ade3a98712d13cf1e87ea8914ac5b9cc62744fe92dd2,True,2
34654,29965,021026_ML.npy,2026-10-06,2026-10-06 01:32:51.018342,7C67D0,C172,CESSNA AIRCRAFT COMPANY,172S,65c229372ae280cd6965d2dec3fb8642d6ba1d0c51356fb0a68b6485711d17a6,True,3
34655,29966,021026_ML.npy,2026-10-06,2026-10-06 01:32:51.026422,7C67D0,C172,CESSNA AIRCRAFT COMPANY,172S,5f64b81eb3ae8cd573b8df73b9ffa9a3a7b91c7ae7605701e1da618216180580,True,2
34671,29982,021026_ML.npy,2026-10-06,2026-10-06 01:33:08.850366,7C6693,DA40,DIAMOND AIRCRAFT INDUSTRIES INC.,DA 40,4a0a04eff2c98b81a4c8b90657e2dec1028e508232efae1a3589f4f0af5a2cde,True,5
34679,29990,021026_ML.npy,2026-10-06,2026-10-06 01:33:16.380619,7C7B56,DA40,DIAMOND AIRCRAFT INDUSTRIES INC.,DA 40,1ebc6bba4af861fa2ab10e78a2db3ee10158db3f4829880ca5d5274d8ab22eaf,True,5
34682,29993,021026_ML.npy,2026-10-06,2026-10-06 01:33:18.497598,7C6693,DA40,DIAMOND AIRCRAFT INDUSTRIES INC.,DA 40,bf7c53993f1b751847e713e24ab3936104b63f3418c0f9b16363ebb649f0bcd8,True,3
34685,29996,021026_ML.npy,2026-10-06,2026-10-06 01:33:21.161717,7C6693,DA40,DIAMOND AIRCRAFT INDUSTRIES INC.,DA 40,1001897e83a3e3c860c8bcf7d80e01526b9eb9a85aa5e569d0a8eab935cfa092,True,2
34688,29999,021026_ML.npy,2026-10-06,2026-10-06 01:33:24.631641,7C7B56,DA40,DIAMOND AIRCRAFT INDUSTRIES INC.,DA 40,23f999c741782b86870f9a05901b362f2faa42e6ffb9f83726773c3dbd8fb7a1,True,3
34692,30003,021026_ML.npy,2026-10-06,2026-10-06 01:33:25.838767,7C7B56,DA40,DIAMOND AIRCRAFT INDUSTRIES INC.,DA 40,7b8d195dc80d4410e151d1f114bb69fb5c2ad8cc710a899d4d8fee9534309eec,True,5
34719,30030,021026_ML.npy,2026-10-06,2026-10-06 01:33:44.357770,7C6693,DA40,DIAMOND AIRCRAFT INDUSTRIES INC.,DA 40,cdf8663fef85e6887958112daa6a5c6f7df7d83c84b7e0836b32b4f70c9f3c36,True,5
34720,30031,021026_ML.npy,2026-10-06,2026-10-06 01:33:44.825691,7C6693,DA40,DIAMOND AIRCRAFT INDUSTRIES INC.,DA 40,600e1bd055a1fb7db58ff666e7103f8330f3767932da7b50328e3cc9742e3df6,True,4
34723,30034,021026_ML.npy,2026-10-06,2026-10-06 01:33:48.290968,7C7B56,DA40,DIAMOND AIRCRAFT INDUSTRIES INC.,DA 40,e95616fb76817ef447390ce906097a31322d4fb9dfb9c2ebc737ffcb646b2d37,True,5
34752,30063,021026_ML.npy,2026-10-06,2026-10-06 01:34:12.801073,7C6693,DA40,DIAMOND AIRCRAFT INDUSTRIES INC.,DA 40,5dd4635133d46ec64d5a479b184cabdea15322b3e8f712f2cb91fb4083ec7803,True,1
34784,30095,021026_ML.npy,2026-10-06,2026-10-06 01:34:48.592302,7C1689,DA40,DIAMOND AIRCRAFT INDUSTRIES INC.,DA 40,718065bdd7ec621b2665d2a21f2d3685a69f8f1f190f44bfd07d73326da44d1d,True,4
34785,30096,021026_ML.npy,2026-10-06,2026-10-06 01:34:49.882461,7C1697,DA40,DIAMOND AIRCRAFT INDUSTRIES INC.,DA 40,0483441412cb7e1ffd6976b529852b26cd45897a5285c47d833b60a668aee04d,True,3
34790,30101,021026_ML.npy,2026-10-06,2026-10-06 01:34:59.301203,7C1689,DA40,DIAMOND AIRCRAFT INDUSTRIES INC.,DA 40,e8425ff0e24bd1f223d835ed7002b06e4e5161c05d3244ac98dad850d5bac7b0,True,4
34829,30140,021026_ML.npy,2026-10-06,2026-10-06 01:35:53.930783,7C1B2A,DA40,DIAMOND AIRCRAFT INDUSTRIES INC.,DA 40,6e61a53992648effaa405802f2db90d163f5eb08dc276754abf314d2d32e878a,True,5
34833,30144,021026_ML.npy,2026-10-06,2026-10-06 01:35:59.214335,7C1B2A,DA40,DIAMOND AIRCRAFT INDUSTRIES INC.,DA 40,189e1b02b0e39ae477089b9c5b298c6a6b001d8bb9fb8db2d38648bfe0f1c8e9,True,4
34849,30160,021026_ML.npy,2026-10-06,2026-10-06 01:36:13.254740,7C1B2A,DA40,DIAMOND AIRCRAFT INDUSTRIES INC.,DA 40,d65a02a6b0173b540bf7f935bb59552b623fb2ee642e2791bdf4738c32a43630,True,2
34857,30168,021026_ML.npy,2026-10-06,2026-10-06 01:36:27.984441,7C1B2A,DA40,DIAMOND AIRCRAFT INDUSTRIES INC.,DA 40,7331f84c7f9586c6e4cd2f2620fb10d0031e2c5ed842af1de2a1e94a60dc630e,True,1
34884,30195,021026_ML.npy,2026-10-06,2026-10-06 01:37:11.830941,7C2647,C172,CESSNA AIRCRAFT COMPANY,R172K,2603f96c68ad4ea1c16c1d99e8dba2f651718033b1412d08c3b27760cf631489,True,5
34903,30214,021026_ML.npy,2026-10-06,2026-10-06 01:37:23.734188,7C67D0,C172,CESSNA AIRCRAFT COMPANY,172S,44c86df52ee6044ce5916506d72ab4b4c7cd87e95931c8c3f4c9cdd0ffdb3181,True,2
34904,30215,021026_ML.npy,2026-10-06,2026-10-06 01:37:25.651852,7C2647,C172,CESSNA AIRCRAFT COMPANY,R172K,eb2f6ac2a9df4ed5c9910b9a1ab494687d03e74494faca831556c865560d74d1,True,3
34906,30217,021026_ML.npy,2026-10-06,2026-10-06 01:37:27.239045,7C2647,C172,CESSNA AIRCRAFT COMPANY,R172K,568ccdfcb2e978ab9270036bd13d1787690527189e67a0f9fc1f0fa4be86ca7d,True,3
34909,30220,021026_ML.npy,2026-10-06,2026-10-06 01:37:30.165868,7C2647,C172,CESSNA AIRCRAFT COMPANY,R172K,df8f8396d2356cf159ada7bf72e97b83ac5ef9353cb77d28178288e5a77f3903,True,4
34910,30221,021026_ML.npy,2026-10-06,2026-10-06 01:37:31.599956,7C2647,C172,CESSNA AIRCRAFT COMPANY,R172K,4962a320f36559996e065dc1f9627607d3866415b1ec6be31e32973aa290da6c,True,4
34911,30222,021026_ML.npy,2026-10-06,2026-10-06 01:37:33.033817,7C67D0,C172,CESSNA AIRCRAFT COMPANY,172S,69d13832838281f7de15ade3a98712d13cf1e87ea8914ac5b9cc62744fe92dd2,True,3
34917,30228,021026_ML.npy,2026-10-06,2026-10-06 01:37:38.036037,7C2647,C172,CESSNA AIRCRAFT COMPANY,R172K,97021dca2c297be8b1c0739cc31d53613fb08db61af48a6c4b528bf33ea194b4,True,4
34919,30230,021026_ML.npy,2026-10-06,2026-10-06 01:37:38.105008,7C67D0,C172,CESSNA AIRCRAFT COMPANY,172S,4b338df84a3b47a4daf0d15664870401bd7f2cca20536a3c55a9de7393482ac1,True,1
34926,30237,021026_ML.npy,2026-10-06,2026-10-06 01:37:45.406324,7C67D0,C172,CESSNA AIRCRAFT COMPANY,172S,69d13832838281f7de15ade3a98712d13cf1e87ea8914ac5b9cc62744fe92dd2,True,3
34931,30242,021026_ML.npy,2026-10-06,2026-10-06 01:37:49.154821,7C67D0,C172,CESSNA AIRCRAFT COMPANY,172S,9749b45f22a90bffb41aea6d72c0eda3b777052c668c8a6806856692011afe72,True,1
34943,30254,021026_ML.npy,2026-10-06,2026-10-06 01:37:56.708374,7C2647,C172,CESSNA AIRCRAFT COMPANY,R172K,b13d644a38f006a81203c516ad15881f3382f8e93de6533cc89306deeab8425f,True,2
34945,30256,021026_ML.npy,2026-10-06,2026-10-06 01:37:58.138321,7C0077,DA40,DIAMOND AIRCRAFT INDUSTRIES INC.,DA 40,b63d9c417ff41995f3622d6db89e708a22c18a2405bd977a20d1c116d0d2ddfa,True,3
34947,30258,021026_ML.npy,2026-10-06,2026-10-06 01:37:58.729999,7C0077,DA40,DIAMOND AIRCRAFT INDUSTRIES INC.,DA 40,1dd5646aeba83d1cddea5e42c049bf4b2e25a3a46f0486d66df677b021c89462,True,2
34951,30262,021026_ML.npy,2026-10-06,2026-10-06 01:38:00.120894,7C2647,C172,CESSNA AIRCRAFT COMPANY,R172K,695a58821f4522b3c2333760888a2b3de0b44d297c8cf80f3bcf5377db0f17be,True,2
34953,30264,021026_ML.npy,2026-10-06,2026-10-06 01:38:00.636864,7C67D0,C172,CESSNA AIRCRAFT COMPANY,172S,e5d900f85658780f631455410b8e03eec781d8482127dc8392ba11b0e9fcacfa,True,5
34959,30270,021026_ML.npy,2026-10-06,2026-10-06 01:38:02.018496,7C0077,DA40,DIAMOND AIRCRAFT INDUSTRIES INC.,DA 40,b8afee51370f95174a8b02a43122ef0313e838099bb6404391fb65c3be12809f,True,3
34971,30282,021026_ML.npy,2026-10-06,2026-10-06 01:38:09.685456,7C0077,DA40,DIAMOND AIRCRAFT INDUSTRIES INC.,DA 40,4a0fabf6b0e7c75d4103d13c058c2338af8748a5410d62157df855930194e328,True,3
34978,30289,021026_ML.npy,2026-10-06,2026-10-06 01:38:14.529752,7C67D0,C172,CESSNA AIRCRAFT COMPANY,172S,d7b713d613ece19b92c1bbe77f876cd8e1f33060b53ac347387dabff994eada4,True,4
34980,30291,021026_ML.npy,2026-10-06,2026-10-06 01:38:14.796301,7C67D0,C172,CESSNA AIRCRAFT COMPANY,172S,742b26d109cc1658353b1f7271da3eef1e660eab3b08d73a646a5d123fa8ffc5,True,3
35002,30313,021026_ML.npy,2026-10-06,2026-10-06 01:38:40.064404,7C7B56,DA40,DIAMOND AIRCRAFT INDUSTRIES INC.,DA 40,0cb3b506db4e57d795954203d560870f9e9bdaf6c4de9445eb1e816d922743aa,True,3
35010,30321,021026_ML.npy,2026-10-06,2026-10-06 01:38:45.581786,7C7B56,DA40,DIAMOND AIRCRAFT INDUSTRIES INC.,DA 40,266b1308934bc75f6d00bda42618b5f1632dde6aedcfdf733730c7a7c7cc60f1,True,2
35021,30332,021026_ML.npy,2026-10-06,2026-10-06 01:38:59.466353,7C7B56,DA40,DIAMOND AIRCRAFT INDUSTRIES INC.,DA 40,480a08094fc178ef3abcdbb09cf857ac0eaf780b456e99d687d40ecbcf071836,True,2
35022,30333,021026_ML.npy,2026-10-06,2026-10-06 01:38:59.942352,7C7B56,DA40,DIAMOND AIRCRAFT INDUSTRIES INC.,DA 40,d17e4f8c82236d4e9631a5ec76a7310100e0967268aff48e19d57aad9d537e31,True,1
35030,30341,021026_ML.npy,2026-10-06,2026-10-06 01:39:09.906845,7C67D0,C172,CESSNA AIRCRAFT COMPANY,172S,7049a99221827577ac6dec4c12c1facb1bf8c9db78a9c0a379699cb381237728,True,2
35034,30345,021026_ML.npy,2026-10-06,2026-10-06 01:41:08.685109,7C1687,DA40,DIAMOND AIRCRAFT INDUSTRIES INC.,DA 40,c440d3cb72d7801b2c4a0d9765cfdb6c6e39863d407c826107b86a5fcb3ee337,True,2
35041,30352,021026_ML.npy,2026-10-06,2026-10-06 01:41:18.646432,7C1687,DA40,DIAMOND AIRCRAFT INDUSTRIES INC.,DA 40,791f30ef29a742c14de8203a764e1d55763ee00d9a526fac21420bf4776b214c,True,4
35042,30353,021026_ML.npy,2026-10-06,2026-10-06 01:41:19.103725,7C1687,DA40,DIAMOND AIRCRAFT INDUSTRIES INC.,DA 40,2886e8897347cfdd053cda27c9aafc4a283495c6f7176a7c9d8a02ed67b026fe,True,1
35044,30355,021026_ML.npy,2026-10-06,2026-10-06 01:41:20.904185,7C1687,DA40,DIAMOND AIRCRAFT INDUSTRIES INC.,DA 40,11d1ebc6bf58a8a837f002b1a06925b2b6d216e135d1fd1a47880c0241068c75,True,3
35051,30362,021026_ML.npy,2026-10-06,2026-10-06 01:42:11.611935,7C67D0,C172,CESSNA AIRCRAFT COMPANY,172S,fe18d92f7e5c1f2d573722626447048a201b5f54ac97e929e8d0373145978d3a,True,2
35052,30363,021026_ML.npy,2026-10-06,2026-10-06 01:42:11.614828,7C67D0,C172,CESSNA AIRCRAFT COMPANY,172S,7420e194ae6cdf86800f082a10d8588e5facb1e89fae428826ec9af6f616410c,True,2
35053,30364,021026_ML.npy,2026-10-06,2026-10-06 01:42:18.281954,7C67D0,C172,CESSNA AIRCRAFT COMPANY,172S,b4a3175fca3feae2c6fefa38addde610573923458eca79a9d77807f9adcfca7e,True,3
35057,30368,021026_ML.npy,2026-10-06,2026-10-06 01:42:26.429446,7C67D0,C172,CESSNA AIRCRAFT COMPANY,172S,69d13832838281f7de15ade3a98712d13cf1e87ea8914ac5b9cc62744fe92dd2,True,2
35066,30377,021026_ML.npy,2026-10-06,2026-10-06 01:42:40.196088,7C67D0,C172,CESSNA AIRCRAFT COMPANY,172S,5cb2e36be0e89c84b348266feac0eb1b51f0c8f8a505cb227c8f1648b7191e1e,True,1
35068,30379,021026_ML.npy,2026-10-06,2026-10-06 01:42:42.087536,7C67D0,C172,CESSNA AIRCRAFT COMPANY,172S,f4b466592f935b98692f24fa27ec4b01b172049f929a19313c39332dd7aca271,True,3
35074,30385,021026_ML.npy,2026-10-06,2026-10-06 01:42:51.344436,7C67D0,C172,CESSNA AIRCRAFT COMPANY,172S,1225e45a65f309e109ccc7b4d08149cceffdeee2fb79713e7f2d7301ebcbde9a,True,5
35082,30393,021026_ML.npy,2026-10-06,2026-10-06 01:43:07.670942,7C67D0,C172,CESSNA AIRCRAFT COMPANY,172S,1ce5875bfdf1709869df775844acff584032622d050cc80fe588b0b32ce52c52,True,4
35088,30399,021026_ML.npy,2026-10-06,2026-10-06 01:43:13.692303,7C67D0,C172,CESSNA AIRCRAFT COMPANY,172S,9fab64b0a4a90e8e46c3d8206a91e4d365cfedc265ccad757ebad65f50318e77,True,3
35090,30401,021026_ML.npy,2026-10-06,2026-10-06 01:43:34.145601,7C67D0,C172,CESSNA AIRCRAFT COMPANY,172S,69d13832838281f7de15ade3a98712d13cf1e87ea8914ac5b9cc62744fe92dd2,True,3
35105,30416,021026_ML.npy,2026-10-06,2026-10-06 01:43:57.727053,7C7B56,DA40,DIAMOND AIRCRAFT INDUSTRIES INC.,DA 40,23f999c741782b86870f9a05901b362f2faa42e6ffb9f83726773c3dbd8fb7a1,True,2
35107,30418,021026_ML.npy,2026-10-06,2026-10-06 01:43:58.872392,7C7B56,DA40,DIAMOND AIRCRAFT INDUSTRIES INC.,DA 40,56c3e2e969efc0e60ab5d6bf84c9968c9d40c61cf2eef69a5b3d2a71fe9953d8,True,1
35110,30421,021026_ML.npy,2026-10-06,2026-10-06 01:44:08.442039,7C67D0,C172,CESSNA AIRCRAFT COMPANY,172S,8250691f27c9d41294d03e323bd6a02af066b79667b549b5b1b6d214ce6fb981,True,1
35113,30424,021026_ML.npy,2026-10-06,2026-10-06 01:44:11.821984,7C67D0,C172,CESSNA AIRCRAFT COMPANY,172S,9e90393b02ccaba3932cd8c227012384b3ff13d0bd2683b9f2c980bfd23327ba,True,2
35125,30436,021026_ML.npy,2026-10-06,2026-10-06 01:44:51.751507,7C67D3,C172,CESSNA AIRCRAFT COMPANY,172S,98859d8ea52d3abc13b89f0cfa5ce70c558330590022b9c06eec1825df9c2c73,True,3
35128,30439,021026_ML.npy,2026-10-06,2026-10-06 01:44:53.677743,7C67D3,C172,CESSNA AIRCRAFT COMPANY,172S,b36d3116ede8beef1c53d35c8b960beb8d1eb742b35f46cd5ac20a3aede919ee,True,5
35133,30444,021026_ML.npy,2026-10-06,2026-10-06 01:44:56.770878,7C67D3,C172,CESSNA AIRCRAFT COMPANY,172S,0ec92fc11de7bc7529c2cb6d4d3417cdada474c30711b8740e5798ae14c840be,True,4
35140,30451,021026_ML.npy,2026-10-06,2026-10-06 01:45:03.557727,7C67D3,C172,CESSNA AIRCRAFT COMPANY,172S,b36d3116ede8beef1c53d35c8b960beb8d1eb742b35f46cd5ac20a3aede919ee,True,4
35142,30453,021026_ML.npy,2026-10-06,2026-10-06 01:45:05.567873,7C67D3,C172,CESSNA AIRCRAFT COMPANY,172S,6707a042a73dffe4c0c0333a7e62fd078371f5ff5f63575b043921630656e523,True,4
35144,30455,021026_ML.npy,2026-10-06,2026-10-06 01:45:05.969947,7C67D3,C172,CESSNA AIRCRAFT COMPANY,172S,9b0bfdbfea3acad63d4453bfefa4049aab166f148a4056e193f9c8f0ba21a3bd,True,5
35145,30456,021026_ML.npy,2026-10-06,2026-10-06 01:45:06.426670,7C67D3,C172,CESSNA AIRCRAFT COMPANY,172S,c23582a3b4fdbe87d7260ec77a148e271248ec41a5835c3028334ce420959ea9,True,3
35151,30462,021026_ML.npy,2026-10-06,2026-10-06 01:45:09.627124,7C67D3,C172,CESSNA AIRCRAFT COMPANY,172S,b36d3116ede8beef1c53d35c8b960beb8d1eb742b35f46cd5ac20a3aede919ee,True,4
35155,30466,021026_ML.npy,2026-10-06,2026-10-06 01:45:10.845531,7C67D3,C172,CESSNA AIRCRAFT COMPANY,172S,1d4878f80bbadfbc4df83d4185b2d31db01082a1190d10576d079f6484d56735,True,2
35160,30471,021026_ML.npy,2026-10-06,2026-10-06 01:45:15.999477,7C67D3,C172,CESSNA AIRCRAFT COMPANY,172S,c0b892088d3e2c123ed93145d83afbf9ad7993fd54e383437a91a1e28e33ffcb,True,1
35162,30473,021026_ML.npy,2026-10-06,2026-10-06 01:45:21.142623,7C67D3,C172,CESSNA AIRCRAFT COMPANY,172S,c0b892088d3e2c123ed93145d83afbf9ad7993fd54e383437a91a1e28e33ffcb,True,3
35165,30476,021026_ML.npy,2026-10-06,2026-10-06 01:45:26.192710,7C67D3,C172,CESSNA AIRCRAFT COMPANY,172S,8dfc0169eb9a45f511f1b4b301f73fb8d0b55abff9eda69873d0019055c76416,True,5
35170,30481,021026_ML.npy,2026-10-06,2026-10-06 01:45:30.630321,7C67D3,C172,CESSNA AIRCRAFT COMPANY,172S,d6d814071f1279d3413416b92c798ada28b57a35c27bac71acfcbb71056866d2,True,1
35171,30482,021026_ML.npy,2026-10-06,2026-10-06 01:45:32.028073,7C67D3,C172,CESSNA AIRCRAFT COMPANY,172S,b36d3116ede8beef1c53d35c8b960beb8d1eb742b35f46cd5ac20a3aede919ee,True,3
35185,30496,021026_ML.npy,2026-10-06,2026-10-06 01:45:46.966577,7C67D3,C172,CESSNA AIRCRAFT COMPANY,172S,4bfc04f503241abc07d70fa7f5dac8615f94b783924fbb1451225671016fb45c,True,3
35193,30504,021026_ML.npy,2026-10-06,2026-10-06 01:45:53.503634,7C67D3,C172,CESSNA AIRCRAFT COMPANY,172S,9eb29bb3c56193e791a10ee4f9e23ab443b335715fb6720a9294a93132ce5459,True,2
35194,30505,021026_ML.npy,2026-10-06,2026-10-06 01:45:55.040570,7C67D3,C172,CESSNA AIRCRAFT COMPANY,172S,405c1d775ae63e4cdb6e088175ef04217810e9688d917d72f27a4a61c18fc6d7,True,5
35199,30510,021026_ML.npy,2026-10-06,2026-10-06 01:46:03.458479,7C67D3,C172,CESSNA AIRCRAFT COMPANY,172S,b36d3116ede8beef1c53d35c8b960beb8d1eb742b35f46cd5ac20a3aede919ee,True,2
35203,30514,021026_ML.npy,2026-10-06,2026-10-06 01:46:08.526851,7C67D3,C172,CESSNA AIRCRAFT COMPANY,172S,b36d3116ede8beef1c53d35c8b960beb8d1eb742b35f46cd5ac20a3aede919ee,True,2
35228,30539,021026_ML.npy,2026-10-06,2026-10-06 01:46:43.717463,7C1687,DA40,DIAMOND AIRCRAFT INDUSTRIES INC.,DA 40,7b7cbd688c522fae004fef6045b081f0944c2d7e25648909b396e643f341a42c,True,3
35239,30550,021026_ML.npy,2026-10-06,2026-10-06 01:47:45.846278,7C67D0,C172,CESSNA AIRCRAFT COMPANY,172S,4c8fa051c58eebb34c7c6a5da21742d18230c8cb14b83444ce7551de2501163c,True,4
35243,30554,021026_ML.npy,2026-10-06,2026-10-06 01:47:50.162493,7C67D0,C172,CESSNA AIRCRAFT COMPANY,172S,537b6cf8ed141d4108c5029af5c0870229a20e0972c6fe7cc00fa73e47444134,True,4
35245,30556,021026_ML.npy,2026-10-06,2026-10-06 01:47:51.102368,7C67D0,C172,CESSNA AIRCRAFT COMPANY,172S,ac2d2ef2df56e0548f90e14728dd0d4fe0183bb6668f7508d89f20aa0aa7e984,True,4
35246,30557,021026_ML.npy,2026-10-06,2026-10-06 01:47:51.968486,7C67D0,C172,CESSNA AIRCRAFT COMPANY,172S,dd218486f0ac35cfca381f5a80a4da8d8289f688bf85dcce0d51fd4efa9a668b,True,2
35249,30560,021026_ML.npy,2026-10-06,2026-10-06 01:47:58.225926,7C67D0,C172,CESSNA AIRCRAFT COMPANY,172S,899697917c0060d4f1433636c01d8b5b20e044eab47eef23ce0991626ab7c7b1,True,2
35257,30568,021026_ML.npy,2026-10-06,2026-10-06 01:48:07.054996,7C67D0,C172,CESSNA AIRCRAFT COMPANY,172S,ddd2e7690a23da06ec0050ad913535c68be67e609bc6821784a377ad832b8750,True,4
35264,30575,021026_ML.npy,2026-10-06,2026-10-06 01:48:23.505894,7C67D0,C172,CESSNA AIRCRAFT COMPANY,172S,69d13832838281f7de15ade3a98712d13cf1e87ea8914ac5b9cc62744fe92dd2,True,5
35293,30604,021026_ML.npy,2026-10-06,2026-10-06 01:51:18.746164,7C1687,DA40,DIAMOND AIRCRAFT INDUSTRIES INC.,DA 40,4d6df5fe0ed450d768bd6249bcfce3fc78299e57b010235ccfd11f7c4a15dad7,True,3
35297,30608,021026_ML.npy,2026-10-06,2026-10-06 01:51:22.571516,7C1687,DA40,DIAMOND AIRCRAFT INDUSTRIES INC.,DA 40,c73a3f6fa29dabec7e2187d9e73282abd037a19dcf6cc2b9807ac16835b9a5b0,True,3
35316,30627,021026_ML.npy,2026-10-06,2026-10-06 01:52:49.829579,7C67D0,C172,CESSNA AIRCRAFT COMPANY,172S,8ce772498d3d013b17abd360e5c5a9b1d4794230b630090a44bc83cd1c8a2e8c,True,2
35320,30631,021026_ML.npy,2026-10-06,2026-10-06 01:52:51.590297,7C67D0,C172,CESSNA AIRCRAFT COMPANY,172S,742b26d109cc1658353b1f7271da3eef1e660eab3b08d73a646a5d123fa8ffc5,True,4
35326,30637,021026_ML.npy,2026-10-06,2026-10-06 01:53:01.372547,7C67D0,C172,CESSNA AIRCRAFT COMPANY,172S,f706601b40c23ab3eff2e152643dc4fa5ae8f003f847726cd0c2799795430e1c,True,2
35328,30639,021026_ML.npy,2026-10-06,2026-10-06 01:53:10.921509,7C67D0,C172,CESSNA AIRCRAFT COMPANY,172S,f0f9ea4b9db1611ff83d6294fe28a93228906c9b628cb50de3efcb2ace63dc07,True,4
35329,30640,021026_ML.npy,2026-10-06,2026-10-06 01:53:12.105134,7C67D0,C172,CESSNA AIRCRAFT COMPANY,172S,69d13832838281f7de15ade3a98712d13cf1e87ea8914ac5b9cc62744fe92dd2,True,1
35330,30641,021026_ML.npy,2026-10-06,2026-10-06 01:53:16.642623,7C67D0,C172,CESSNA AIRCRAFT COMPANY,172S,742b26d109cc1658353b1f7271da3eef1e660eab3b08d73a646a5d123fa8ffc5,True,1
35332,30643,021026_ML.npy,2026-10-06,2026-10-06 01:53:57.122467,7C7B56,DA40,DIAMOND AIRCRAFT INDUSTRIES INC.,DA 40,8fc1039caf30167ce790e508971cb3fbe6b34cd8e43f2fafc56f19064cd03129,True,4
35339,30650,021026_ML.npy,2026-10-06,2026-10-06 01:54:10.076496,7C67D0,C172,CESSNA AIRCRAFT COMPANY,172S,3d47e5b692ac78a27d02cfb99d10bef53c2aa981f96c789b96ef61b345fbba30,True,2
35355,30666,021026_ML.npy,2026-10-06,2026-10-06 01:54:48.403103,7C7B56,DA40,DIAMOND AIRCRAFT INDUSTRIES INC.,DA 40,71bee9df1dd97bbc442edc34a82c91fb5b9fb2d9e3689b01114dd4c9fef82831,True,4
35365,30676,021026_ML.npy,2026-10-06,2026-10-06 01:55:08.885465,7C7B56,DA40,DIAMOND AIRCRAFT INDUSTRIES INC.,DA 40,b4c73ed1731a977b0b86f8e259e06ef307a8e7c97d46014f1ace1f9251fa0afd,True,3
35405,30716,021026_ML.npy,2026-10-06,2026-10-06 01:58:05.699981,7C168B,DA40,DIAMOND AIRCRAFT INDUSTRIES INC.,DA 40,5c467306c48d3e25f77bdbc8dc7f7876cd9e4ed611e5acf4abdf81dd0bfab621,True,3
35419,30730,021026_ML.npy,2026-10-06,2026-10-06 02:01:50.181859,7C1687,DA40,DIAMOND AIRCRAFT INDUSTRIES INC.,DA 40,478fbb9d52cc1f9b40533349da94f888e3e16ba35febe04ce4cb567fa08ef572,True,3
35425,30736,021026_ML.npy,2026-10-06,2026-10-06 02:02:07.836294,7C1687,DA40,DIAMOND AIRCRAFT INDUSTRIES INC.,DA 40,91dc48a5083fadb32d926dfc86fb1ea0e88b2d75a46a56f75ab16d60d43ffa01,True,5
35428,30739,021026_ML.npy,2026-10-06,2026-10-06 02:02:21.124881,7C1687,DA40,DIAMOND AIRCRAFT INDUSTRIES INC.,DA 40,3eb6692f939a9b3d412bb3f5888a3dbc067fba81043b2cd6d3f8c757fca952ef,True,4
35435,30746,021026_ML.npy,2026-10-06,2026-10-06 02:06:28.968972,7C1687,DA40,DIAMOND AIRCRAFT INDUSTRIES INC.,DA 40,3967f563aacefde90ce4b3329a47c260f1b840eae634d9bf763c12e7e284521a,True,2
35438,30749,021026_ML.npy,2026-10-06,2026-10-06 02:06:29.988876,7C1687,DA40,DIAMOND AIRCRAFT INDUSTRIES INC.,DA 40,860992a2172a4d25e5141aeb539e54bb6db68af5aaa6f63f870b6ac31334ad32,True,1
35439,30750,021026_ML.npy,2026-10-06,2026-10-06 02:06:31.108654,7C1687,DA40,DIAMOND AIRCRAFT INDUSTRIES INC.,DA 40,a863513e4b73425cb45b42cfd25901e54967fd3a2cac2af8d9986a557d28a4e2,True,3
35450,30761,021026_ML.npy,2026-10-06,2026-10-06 02:06:44.393442,7C1687,DA40,DIAMOND AIRCRAFT INDUSTRIES INC.,DA 40,c73a3f6fa29dabec7e2187d9e73282abd037a19dcf6cc2b9807ac16835b9a5b0,True,1
35453,30764,021026_ML.npy,2026-10-06,2026-10-06 02:06:47.339286,7C1687,DA40,DIAMOND AIRCRAFT INDUSTRIES INC.,DA 40,aff15fbcb0754713ceb71e352dbad9a91ad0f6c4fe0c5055af363ffddda09750,True,1
35469,30780,021026_ML.npy,2026-10-06,2026-10-06 02:10:00.667253,7C7BD9,DA42,DIAMOND AIRCRAFT INDUSTRIES INC.,DA 42,fbddf9df45dfb183277212683731e656e8e87309fbe456d6a26352bea08619b1,True,3
35471,30782,021026_ML.npy,2026-10-06,2026-10-06 02:10:14.043780,7C7BD9,DA42,DIAMOND AIRCRAFT INDUSTRIES INC.,DA 42,eff257b9cc62a52756801e8e9f091c38661ffa1a204191ec518f9519d6e5113a,True,3
35473,30784,021026_ML.npy,2026-10-06,2026-10-06 02:10:22.022252,7C7BD9,DA42,DIAMOND AIRCRAFT INDUSTRIES INC.,DA 42,d53cc305253ca7f4950ed6df08a4724b5118fb5d1d909f367fae1a486a44223a,True,2
35476,30787,021026_ML.npy,2026-10-06,2026-10-06 02:10:28.896198,7C7BD9,DA42,DIAMOND AIRCRAFT INDUSTRIES INC.,DA 42,85b0db95002e7b79cb0a20847b1da8bda10dc388bddd5828bc0d069d7b77f1bf,True,2
35477,30788,021026_ML.npy,2026-10-06,2026-10-06 02:10:29.688604,7C7BD9,DA42,DIAMOND AIRCRAFT INDUSTRIES INC.,DA 42,b406ce177069cd7f5383c53563f969ab6d3a1de4f75934da94a2cac08104c48a,True,3
35480,30791,021026_ML.npy,2026-10-06,2026-10-06 02:10:33.045983,7C7BD9,DA42,DIAMOND AIRCRAFT INDUSTRIES INC.,DA 42,7e6ffe0fba82da432fb0db49cb7f3678362fa3fd1e13d2534b790530abaa7dc8,True,5
35481,30792,021026_ML.npy,2026-10-06,2026-10-06 02:10:35.177216,7C7BD9,DA42,DIAMOND AIRCRAFT INDUSTRIES INC.,DA 42,796662d0ba046e83a97a0240b12776dd0640a9f27c7770eeaa93d371dfbbc518,True,5
35482,30793,021026_ML.npy,2026-10-06,2026-10-06 02:10:35.181402,7C7BD9,DA42,DIAMOND AIRCRAFT INDUSTRIES INC.,DA 42,8d95ef94513f129d1acb377a0dd7470f119dc278a78e782b99167db170c5c401,True,5
35483,30794,021026_ML.npy,2026-10-06,2026-10-06 02:10:35.926963,7C7BD9,DA42,DIAMOND AIRCRAFT INDUSTRIES INC.,DA 42,b406ce177069cd7f5383c53563f969ab6d3a1de4f75934da94a2cac08104c48a,True,4
35484,30795,021026_ML.npy,2026-10-06,2026-10-06 02:10:37.101774,7C7BD9,DA42,DIAMOND AIRCRAFT INDUSTRIES INC.,DA 42,db5042d6651ebe0114b1b9790a18d050a9e2111efc6c291a9213424a7681729b,True,1
35487,30798,021026_ML.npy,2026-10-06,2026-10-06 02:10:39.172992,7C7BD9,DA42,DIAMOND AIRCRAFT INDUSTRIES INC.,DA 42,405a902b48d199a48c23a5232b0adb41c9952381325f828d0743c6866778e368,True,2
35488,30799,021026_ML.npy,2026-10-06,2026-10-06 02:10:40.765153,7C7BD9,DA42,DIAMOND AIRCRAFT INDUSTRIES INC.,DA 42,b406ce177069cd7f5383c53563f969ab6d3a1de4f75934da94a2cac08104c48a,True,2
35489,30800,021026_ML.npy,2026-10-06,2026-10-06 02:10:41.086350,7C7BD9,DA42,DIAMOND AIRCRAFT INDUSTRIES INC.,DA 42,3c80ea7b7a7ab3db2f16f39ac6f03222e50608858a3b719dea7e2126f0b63a91,True,2
35490,30801,021026_ML.npy,2026-10-06,2026-10-06 02:10:41.093443,7C7BD9,DA42,DIAMOND AIRCRAFT INDUSTRIES INC.,DA 42,8bc42bec38b4b1b8684ba00eb47a9cb082b19cb3f501e22666a9f51babc402f6,True,1
35494,30805,021026_ML.npy,2026-10-06,2026-10-06 02:10:45.976540,7C7BD9,DA42,DIAMOND AIRCRAFT INDUSTRIES INC.,DA 42,b5f55c97266ef20eb80b5d405d1b96c15cf9c1fc124d7905fda40db463c95a83,True,2
35499,30810,021026_ML.npy,2026-10-06,2026-10-06 02:10:49.791649,7C7BD9,DA42,DIAMOND AIRCRAFT INDUSTRIES INC.,DA 42,df58ad7b8716dc3c714f1b70a1791a697ffde6f1982965da0d3b149b35923a9c,True,3
35506,30817,021026_ML.npy,2026-10-06,2026-10-06 02:10:53.234134,7C7BD9,DA42,DIAMOND AIRCRAFT INDUSTRIES INC.,DA 42,b406ce177069cd7f5383c53563f969ab6d3a1de4f75934da94a2cac08104c48a,True,2
35507,30818,021026_ML.npy,2026-10-06,2026-10-06 02:10:54.163956,7C7BD9,DA42,DIAMOND AIRCRAFT INDUSTRIES INC.,DA 42,52665120aa2c6c20f3d730b4f43e6eebce72ba1afd3eb48834f7419a1c338126,True,2
35520,30831,021026_ML.npy,2026-10-06,2026-10-06 02:11:05.162271,7C7B55,DA40,DIAMOND AIRCRAFT INDUSTRIES INC.,DA 40,6d3be2c3bad198118d1ea699e0b49eb09fdadda6e7ac431092c5b023ca303538,True,3
35531,30842,021026_ML.npy,2026-10-06,2026-10-06 02:11:11.589428,7C7B55,DA40,DIAMOND AIRCRAFT INDUSTRIES INC.,DA 40,04d0493304e6a736adf3aaeda5653175b80a0c8eaa581793cfa53bd20d349285,True,5
35533,30844,021026_ML.npy,2026-10-06,2026-10-06 02:11:12.151553,7C1687,DA40,DIAMOND AIRCRAFT INDUSTRIES INC.,DA 40,063186816f28404a391de3d94b378df7343395cb4f966aebc9a5e0f4221d6d62,True,3
35537,30848,021026_ML.npy,2026-10-06,2026-10-06 02:11:13.167688,7C7BD9,DA42,DIAMOND AIRCRAFT INDUSTRIES INC.,DA 42,eed67eb3551cd8628968ce507ae4c2bcd840386aadb608450ddc20522dfe8fae,True,2
35542,30853,021026_ML.npy,2026-10-06,2026-10-06 02:11:16.559156,7C1687,DA40,DIAMOND AIRCRAFT INDUSTRIES INC.,DA 40,797c23dbd7792c9f1c89b603d663ef2866d402763848bd4ff1b42a3b4c2cc9db,True,1
35548,30859,021026_ML.npy,2026-10-06,2026-10-06 02:11:19.496549,7C1687,DA40,DIAMOND AIRCRAFT INDUSTRIES INC.,DA 40,38a365ee12544d69defb463bed66fad89ce7beec439be7d4899523c112685a14,True,4
35552,30863,021026_ML.npy,2026-10-06,2026-10-06 02:11:26.947747,7C1687,DA40,DIAMOND AIRCRAFT INDUSTRIES INC.,DA 40,34101840de0f336b863552bdf536a36634df5f3663dd9a7f8d0d13d60f1eccbe,True,1
35591,30902,021026_ML.npy,2026-10-06,2026-10-06 02:11:56.644324,7C7C39,DA40,DIAMOND AIRCRAFT INDUSTRIES INC.,DA 40,4e9ac11f1d556756de806974acf526835dc78aeffa1512371276c8e917622562,True,3
35599,30910,021026_ML.npy,2026-10-06,2026-10-06 02:12:03.119456,7C7C39,DA40,DIAMOND AIRCRAFT INDUSTRIES INC.,DA 40,c5701522dababfa716deadd509da8859478466d5dc3877dfab3374c84fdcfd43,True,4
35610,30921,021026_ML.npy,2026-10-06,2026-10-06 02:12:07.914143,7C7C39,DA40,DIAMOND AIRCRAFT INDUSTRIES INC.,DA 40,1f515edafd18e2ed2ee7c059418d59e0bcbc966aa24925ca3a57d32c16006e81,True,2
35619,30930,021026_ML.npy,2026-10-06,2026-10-06 02:12:17.196625,7C7C39,DA40,DIAMOND AIRCRAFT INDUSTRIES INC.,DA 40,f87d0171a21d598cdcafd54aa55bb643a3049d5cf128f065722393a320f4fdd6,True,3
35621,30932,021026_ML.npy,2026-10-06,2026-10-06 02:12:26.378143,7C7C39,DA40,DIAMOND AIRCRAFT INDUSTRIES INC.,DA 40,4e9ac11f1d556756de806974acf526835dc78aeffa1512371276c8e917622562,True,2
35628,30939,021026_ML.npy,2026-10-06,2026-10-06 02:17:03.941303,7C7B5F,DA40,DIAMOND AIRCRAFT INDUSTRIES INC.,DA 40,4a4762820a6656a9e8d81d95bb2553203252b3f3c79cf6367ec18ae6a8dd0038,True,1
35637,30948,021026_ML.npy,2026-10-06,2026-10-06 02:17:18.837706,7C7B5F,DA40,DIAMOND AIRCRAFT INDUSTRIES INC.,DA 40,8b9d430fe30053bafb204b3c3c899d6e4fd870eabf70d8efac3f7f4a55a9fb43,True,1
35640,30951,021026_ML.npy,2026-10-06,2026-10-06 02:17:21.760088,7C7B5F,DA40,DIAMOND AIRCRAFT INDUSTRIES INC.,DA 40,9e1cae0b6798fdf921c091709012a3def7eca81088dae6ebcb2419602c10da7a,True,1
35677,11,230926_ML_2.npy,2026-08-26,2026-08-26 11:05:25.098450,7C7C2E,DA40,DIAMOND AIRCRAFT INDUSTRIES INC.,DA 40,43e4088262fe84c3dd5dab272d68cf0fc86653c0854aef9a906c28d2bcdeea86,True,1
35708,42,230926_ML_2.npy,2026-08-26,2026-08-26 11:23:56.962877,7C7B5E,DA40,DIAMOND AIRCRAFT INDUSTRIES INC.,DA 40,9a2eabe72beaf22002f2fc529252acc43106d3eaa220494a6e14cc8480da6543,True,2
35710,44,230926_ML_2.npy,2026-08-26,2026-08-26 11:24:09.281983,7C7B5E,DA40,DIAMOND AIRCRAFT INDUSTRIES INC.,DA 40,b485189e2fd72197041772985d610d3d692ca68ab1a94cf8a29fab1dbac242f4,True,2
35721,55,230926_ML_2.npy,2026-08-26,2026-08-26 11:25:05.182410,7C7AF7,DA40,DIAMOND AIRCRAFT INDUSTRIES INC.,DA 40,c1578b7d95367e8dcb456fcf6b3dfa5bb30ae12959ebb87f5f71b42031bf0bac,True,1
35722,56,230926_ML_2.npy,2026-08-26,2026-08-26 11:25:06.568436,7C7AF7,DA40,DIAMOND AIRCRAFT INDUSTRIES INC.,DA 40,cafb3b91f5e505868285ab4604235be093247ad9c04a74a9e0b32d9801cafad3,True,1
35734,68,230926_ML_2.npy,2026-08-26,2026-08-26 11:29:12.490647,7C7B5E,DA40,DIAMOND AIRCRAFT INDUSTRIES INC.,DA 40,556ebfc3a04653933c26feae5d723e48ce10e0d87856f5a35a71ff3bf4e97007,True,5
35744,78,230926_ML_2.npy,2026-08-26,2026-08-26 11:29:35.862388,7C7B5E,DA40,DIAMOND AIRCRAFT INDUSTRIES INC.,DA 40,71c01927b7777220c42f19c9c1847c15353c44a400dc669aaee7d186dfa2ceaa,True,5
35753,87,230926_ML_2.npy,2026-08-26,2026-08-26 11:34:28.735987,7C7B5E,DA40,DIAMOND AIRCRAFT INDUSTRIES INC.,DA 40,48e995dd982bff550d5e2e395e7484e57d587257aebb2458cdb41cea60726979,True,1
35756,90,230926_ML_2.npy,2026-08-26,2026-08-26 11:34:38.853464,7C7B5E,DA40,DIAMOND AIRCRAFT INDUSTRIES INC.,DA 40,2798ff1d5992fa05e4c1100e1f48772ab453eb443b7911efe5ebed623bb6af03,True,2
35785,119,230926_ML_2.npy,2026-08-26,2026-08-26 11:39:34.740829,7C7B5E,DA40,DIAMOND AIRCRAFT INDUSTRIES INC.,DA 40,ea3db85dc1fb7d55acd7c81db0ef7c60c13b357b8cd3b2df89ba1be4ee331227,True,2
35801,135,230926_ML_2.npy,2026-08-26,2026-08-26 11:39:51.137653,7C7B5E,DA40,DIAMOND AIRCRAFT INDUSTRIES INC.,DA 40,556ebfc3a04653933c26feae5d723e48ce10e0d87856f5a35a71ff3bf4e97007,True,3
35810,144,230926_ML_2.npy,2026-08-26,2026-08-26 11:39:55.689174,7C7B5E,DA40,DIAMOND AIRCRAFT INDUSTRIES INC.,DA 40,ed96edb1a02e99021bedea4acbb1297399e704da10843c2b1db9941c835ec5de,True,3
35813,147,230926_ML_2.npy,2026-08-26,2026-08-26 11:39:56.382780,7C7C3E,DA40,DIAMOND AIRCRAFT INDUSTRIES INC.,DA 40,8465c145946ba78d027f3bb27610f2e55be825315a268d36babcd0bd47c4fb72,True,3
35824,158,230926_ML_2.npy,2026-08-26,2026-08-26 11:41:21.364344,7C7B56,DA40,DIAMOND AIRCRAFT INDUSTRIES INC.,DA 40,d23132e7f3c1cb0707d17d123c7010d0ad318fcf6051a5beb6204b70d75f2301,True,1
35828,162,230926_ML_2.npy,2026-08-26,2026-08-26 11:41:31.507615,7C7B56,DA40,DIAMOND AIRCRAFT INDUSTRIES INC.,DA 40,3e0b33fee6e550d85cfbe1df90ebb47fd93b05ab672fa10094d6c1e5b0078f4f,True,4
35834,168,230926_ML_2.npy,2026-08-26,2026-08-26 11:41:48.396986,7C7B56,DA40,DIAMOND AIRCRAFT INDUSTRIES INC.,DA 40,86c0343296582666d52080bd60f22edf7d45631ce9911644ce739a8a91a608a3,True,4
35839,173,230926_ML_2.npy,2026-08-26,2026-08-26 11:41:51.860694,7C7B56,DA40,DIAMOND AIRCRAFT INDUSTRIES INC.,DA 40,8c6786c2ca66e7816f0973f7234883ca32641371a217c40ea16d2e8fe71fcd7f,True,2
35841,175,230926_ML_2.npy,2026-08-26,2026-08-26 11:41:59.372676,7C7B56,DA40,DIAMOND AIRCRAFT INDUSTRIES INC.,DA 40,dad9125df3c6b5914a93e2449a2c88da751a1d43876f7f21d54cc922e9fc2419,True,4
35867,201,230926_ML_2.npy,2026-08-26,2026-08-26 11:45:08.197224,7C7B5E,DA40,DIAMOND AIRCRAFT INDUSTRIES INC.,DA 40,a5bc98d925b7af78e693747fe331531ace68b28265f140b622cf0a208bb2b70c,True,4
35878,212,230926_ML_2.npy,2026-08-26,2026-08-26 11:45:38.851471,7C79B4,DA42,DIAMOND AIRCRAFT INDUSTRIES,DA 42,6bd24a0aeb5b5d11e03178445d40b1d97cafbe94e22048a066c419c0de33bec9,True,5
35879,213,230926_ML_2.npy,2026-08-26,2026-08-26 11:45:40.808103,7C79B4,DA42,DIAMOND AIRCRAFT INDUSTRIES,DA 42,661e5546c1e1268f6de48aa10fff6703294ce1f10157dc909e02e5b5c970876a,True,1
35880,214,230926_ML_2.npy,2026-08-26,2026-08-26 11:45:42.054947,7C79B4,DA42,DIAMOND AIRCRAFT INDUSTRIES,DA 42,661e5546c1e1268f6de48aa10fff6703294ce1f10157dc909e02e5b5c970876a,True,1
35881,215,230926_ML_2.npy,2026-08-26,2026-08-26 11:45:44.399375,7C79B4,DA42,DIAMOND AIRCRAFT INDUSTRIES,DA 42,638293ee3dbc84f1fadf7604d675f6ec01ccb432aed42e2c20165b119d2224e4,True,4
35882,216,230926_ML_2.npy,2026-08-26,2026-08-26 11:45:47.763956,7C79B4,DA42,DIAMOND AIRCRAFT INDUSTRIES,DA 42,b2d24c149b3be257de2b1e12a037221e4ce2053277dce3c2007477fef4a445a6,True,1
35883,217,230926_ML_2.npy,2026-08-26,2026-08-26 11:45:47.990564,7C79B4,DA42,DIAMOND AIRCRAFT INDUSTRIES,DA 42,80090aa521432a024b43a445cd0eaf0818535865c12d1414c4684a5754a3dab1,True,3
35884,218,230926_ML_2.npy,2026-08-26,2026-08-26 11:45:50.831757,7C79B4,DA42,DIAMOND AIRCRAFT INDUSTRIES,DA 42,94e6717cdc70130f9f149eb73655d2c2c0d1f1b9b056b61a41213b9bdc5696d6,True,4
35885,219,230926_ML_2.npy,2026-08-26,2026-08-26 11:45:51.205403,7C79B4,DA42,DIAMOND AIRCRAFT INDUSTRIES,DA 42,76316d9ce0c021b10e5954246027599631c4df22a0a0bc0004dacdcf4ec7b1ba,True,4
35886,220,230926_ML_2.npy,2026-08-26,2026-08-26 11:45:52.274357,7C79B4,DA42,DIAMOND AIRCRAFT INDUSTRIES,DA 42,23c10a014a671452348e13cfaa8e759d51089631ad5392fb2e33c96045eb3dcf,True,3
35887,221,230926_ML_2.npy,2026-08-26,2026-08-26 11:45:52.281477,7C79B4,DA42,DIAMOND AIRCRAFT INDUSTRIES,DA 42,81e9da804c7048641402376efcd534473b76f517d24fff5455ba9214f4e85558,True,4
35889,223,230926_ML_2.npy,2026-08-26,2026-08-26 11:45:53.603645,7C79B4,DA42,DIAMOND AIRCRAFT INDUSTRIES,DA 42,30ce00d6e724c422f90f982bcfdf92a92e88b3e827f1157714a33948bbd5d17f,True,5
35895,229,230926_ML_2.npy,2026-08-26,2026-08-26 11:45:58.197918,7C79B4,DA42,DIAMOND AIRCRAFT INDUSTRIES,DA 42,a672b8fec12044b313ec9fbf322d908fad5d882a113c9def82c3ee9b2134e7ea,True,1
35896,230,230926_ML_2.npy,2026-08-26,2026-08-26 11:45:58.204901,7C79B4,DA42,DIAMOND AIRCRAFT INDUSTRIES,DA 42,efe21f784a57686ce4442a4016577cb1c51f6bacac502ea0a3a19ee65a76133c,True,5
35897,231,230926_ML_2.npy,2026-08-26,2026-08-26 11:46:00.277632,7C79B4,DA42,DIAMOND AIRCRAFT INDUSTRIES,DA 42,6820236f0cf63b5c5fb21808dab050d5bbab1adfc7d686d32851bc773a5f8c8a,True,4
35898,232,230926_ML_2.npy,2026-08-26,2026-08-26 11:46:03.138973,7C79B4,DA42,DIAMOND AIRCRAFT INDUSTRIES,DA 42,b4094ac89ef9ea3cb7de33a303b02ddf6c5b0c7916facbd964a73d4f2d3f1deb,True,1
35925,259,230926_ML_2.npy,2026-08-26,2026-08-26 11:48:06.720859,7C7C39,DA40,DIAMOND AIRCRAFT INDUSTRIES INC.,DA 40,05afeef88a1648354c2b949a20a8f2119180de4472cf8e4b9569087fcee80a1a,True,5
35937,271,230926_ML_2.npy,2026-08-26,2026-08-26 11:48:20.587384,7C7C39,DA40,DIAMOND AIRCRAFT INDUSTRIES INC.,DA 40,3734e85376783d2f351f0a440555f05cba5484f766ee73716caaccd3f34122cf,True,3
35945,279,230926_ML_2.npy,2026-08-26,2026-08-26 11:48:36.363746,7C7C39,DA40,DIAMOND AIRCRAFT INDUSTRIES INC.,DA 40,76aa4a3d83cee96f3ee36a65e86546a9b472817037a1099e234306a16eb4889d,True,2
35948,282,230926_ML_2.npy,2026-08-26,2026-08-26 11:54:11.605466,7C0077,DA40,DIAMOND AIRCRAFT INDUSTRIES INC.,DA 40,6d752a7156456d10019d825059aef6896dd314e49ea6e8d253d5d0974666379b,True,2
35949,283,230926_ML_2.npy,2026-08-26,2026-08-26 11:54:44.390620,7C0077,DA40,DIAMOND AIRCRAFT INDUSTRIES INC.,DA 40,57b3b6a40bbf5efaa4b5700bcd245858911514c4b14efb5b4556ae7fe8684b94,True,3
35953,287,230926_ML_2.npy,2026-08-26,2026-08-26 11:55:33.097874,7C0077,DA40,DIAMOND AIRCRAFT INDUSTRIES INC.,DA 40,6d752a7156456d10019d825059aef6896dd314e49ea6e8d253d5d0974666379b,True,3
35976,310,230926_ML_2.npy,2026-09-23,2026-09-23 03:01:42.991920,7C0077,DA40,DIAMOND AIRCRAFT INDUSTRIES INC.,DA 40,f2288ddd360dd4e4216d235bf0639c284339c19407d7fbc68f3e2cb015b7f634,True,5
35978,312,230926_ML_2.npy,2026-09-23,2026-09-23 03:01:45.416563,7C0077,DA40,DIAMOND AIRCRAFT INDUSTRIES INC.,DA 40,a7b279a0f7c259ed14949cd9a02fc51fe3762ec60a2f4da38e9442ff92a397a8,True,4
35981,315,230926_ML_2.npy,2026-09-23,2026-09-23 03:01:46.367234,7C0077,DA40,DIAMOND AIRCRAFT INDUSTRIES INC.,DA 40,d97140d028ab37a26ecde97d26011eb7d00a9d1610e3196353fc56bdb73d5e6d,True,1
35991,325,230926_ML_2.npy,2026-09-23,2026-09-23 03:05:16.209223,7C0077,DA40,DIAMOND AIRCRAFT INDUSTRIES INC.,DA 40,f7320f886c400d83cca085ae24c09c580b701001cac0d7359fdbd1ffe2062215,True,5
36021,355,230926_ML_2.npy,2026-09-23,2026-09-23 03:07:09.291241,7C7B55,DA40,DIAMOND AIRCRAFT INDUSTRIES INC.,DA 40,77f09ce5763952c162ea1c38ee9a90cc07658f7e98ce5cb5db7ab2e1a7926489,True,3
36031,365,230926_ML_2.npy,2026-09-23,2026-09-23 03:08:10.739452,7C582C,DA40,DIAMOND AIRCRAFT INDUSTRIES INC.,DA 40,07b6a60d7d43de7ac40b1d466bbef2cfa59d1c47d18d793979411aa5bbe49ed5,True,5
36032,366,230926_ML_2.npy,2026-09-23,2026-09-23 03:08:13.324895,7C582C,DA40,DIAMOND AIRCRAFT INDUSTRIES INC.,DA 40,86c4dc4d1df5fc266d3755dfc24785e15907805c96fa4d37e9d0d0f312d3be2b,True,1
36044,378,230926_ML_2.npy,2026-09-23,2026-09-23 03:08:28.212460,7C582C,DA40,DIAMOND AIRCRAFT INDUSTRIES INC.,DA 40,7b680eb100d477a87b735d9d0e4e64f6736238712873a7ee4f2de4882c893eb9,True,1
36051,385,230926_ML_2.npy,2026-09-23,2026-09-23 03:08:33.179825,7C582C,DA40,DIAMOND AIRCRAFT INDUSTRIES INC.,DA 40,07b6a60d7d43de7ac40b1d466bbef2cfa59d1c47d18d793979411aa5bbe49ed5,True,1
36052,386,230926_ML_2.npy,2026-09-23,2026-09-23 03:08:33.274308,7C582C,DA40,DIAMOND AIRCRAFT INDUSTRIES INC.,DA 40,c811a2c9a6206d22cd8ecc8c67288d2a81eab89f79b3d3b5ae2b2ce4cbc9fcb6,True,1
36055,389,230926_ML_2.npy,2026-09-23,2026-09-23 03:08:40.423297,7C582C,DA40,DIAMOND AIRCRAFT INDUSTRIES INC.,DA 40,aa340a560224d1c42c16c94895c5e29f0928fde23a5f8a0910a306561c01456a,True,5
36059,393,230926_ML_2.npy,2026-09-23,2026-09-23 03:08:42.223797,7C582C,DA40,DIAMOND AIRCRAFT INDUSTRIES INC.,DA 40,6ac857c06679eeb32a0fea107dfdaff5f3802c9d4d7c2bdf70bacb60215b4504,True,1
36060,394,230926_ML_2.npy,2026-09-23,2026-09-23 03:08:45.141382,7C582C,DA40,DIAMOND AIRCRAFT INDUSTRIES INC.,DA 40,6ac857c06679eeb32a0fea107dfdaff5f3802c9d4d7c2bdf70bacb60215b4504,True,3
36102,436,230926_ML_2.npy,2026-09-23,2026-09-23 03:11:43.200413,7C7144,C172,CESSNA AIRCRAFT COMPANY,172N,06b12a7e2aeb31158a0504bf826339dd74dc706810a93bbf990d65240ae061b3,True,1
36105,439,230926_ML_2.npy,2026-09-23,2026-09-23 03:11:45.608544,7C7144,C172,CESSNA AIRCRAFT COMPANY,172N,6684cc73cfd7807d42c99e8da9e6fa805dad59a3bbe986d5cdda937228478297,True,1
36106,440,230926_ML_2.npy,2026-09-23,2026-09-23 03:11:45.718896,7C7144,C172,CESSNA AIRCRAFT COMPANY,172N,8db8ee94d17680963e18e500428f365887cdbf23ad5b14038dd2f06e1fce61c1,True,5
36127,461,230926_ML_2.npy,2026-09-23,2026-09-23 03:12:36.870112,7C7144,C172,CESSNA AIRCRAFT COMPANY,172N,b1cc43a5fb18e5d9c4f394c550fb6d8691423363de40b689c6ede48c8569fd8c,True,3
36144,478,230926_ML_2.npy,2026-09-23,2026-09-23 03:13:24.603930,7C7144,C172,CESSNA AIRCRAFT COMPANY,172N,25ecffd02a618058de3b2945417e026c76c8237f5d9bff411fb8d6879bd15d24,True,2
36154,488,230926_ML_2.npy,2026-09-23,2026-09-23 03:13:41.903310,7C7144,C172,CESSNA AIRCRAFT COMPANY,172N,8da9b0b9106041c098f97425a8d704fc00f47fa16569dcf88850cd85e37be249,True,2
36159,493,230926_ML_2.npy,2026-09-23,2026-09-23 03:13:58.651630,7C7144,C172,CESSNA AIRCRAFT COMPANY,172N,a26a0f1fa6d9ba284d32713e08e2614f491ebf97e02aba29822256d0636d9cc6,True,5
36160,494,230926_ML_2.npy,2026-09-23,2026-09-23 03:13:58.657604,7C7144,C172,CESSNA AIRCRAFT COMPANY,172N,628db8b3225027a56b6b519228ea13455bde5c327a36c4f480af8c900dd05d0c,True,4
36162,496,230926_ML_2.npy,2026-09-23,2026-09-23 03:13:59.801731,7C7144,C172,CESSNA AIRCRAFT COMPANY,172N,768c66328e546edab7ea80f5cff9481d5c159c941f8767e3b5e7cba7e4572197,True,4
36170,504,230926_ML_2.npy,2026-09-23,2026-09-23 03:14:09.805172,7C7144,C172,CESSNA AIRCRAFT COMPANY,172N,4d4c78ae7cb75b631555c93b52e57d756dd5e205a9483012a095de488d659de8,True,5
36171,505,230926_ML_2.npy,2026-09-23,2026-09-23 03:14:10.092488,7C7144,C172,CESSNA AIRCRAFT COMPANY,172N,25ecffd02a618058de3b2945417e026c76c8237f5d9bff411fb8d6879bd15d24,True,4
36181,515,230926_ML_2.npy,2026-09-23,2026-09-23 03:15:50.589341,7C7B5E,DA40,DIAMOND AIRCRAFT INDUSTRIES INC.,DA 40,180e7045a2303319878f0c6c923e064a73f35615eff385ce1f4a0f26464713bd,True,3
36186,520,230926_ML_2.npy,2026-09-23,2026-09-23 03:16:07.271243,7C7144,C172,CESSNA AIRCRAFT COMPANY,172N,6684cc73cfd7807d42c99e8da9e6fa805dad59a3bbe986d5cdda937228478297,True,3
36197,531,230926_ML_2.npy,2026-09-23,2026-09-23 03:16:46.767369,7C7144,C172,CESSNA AIRCRAFT COMPANY,172N,719031ec9c63af814f17731fa5332c8ca29d62477b30a02d9160781906f7fe43,True,2
36201,535,230926_ML_2.npy,2026-09-23,2026-09-23 03:17:15.014527,7C7B5E,DA40,DIAMOND AIRCRAFT INDUSTRIES INC.,DA 40,3a21484a6490fe1b16150659a871f65db757ad10b71bafa559e6f409df51df10,True,4
36202,536,230926_ML_2.npy,2026-09-23,2026-09-23 03:17:15.672407,7C7B5E,DA40,DIAMOND AIRCRAFT INDUSTRIES INC.,DA 40,4cfec71826c2bfd4d8c409330c8f3109369ee473537af2e302dbe83aebad9061,True,4
36204,538,230926_ML_2.npy,2026-09-23,2026-09-23 03:17:18.900009,7C7144,C172,CESSNA AIRCRAFT COMPANY,172N,a4f263e5d4b8b878e003fa51df399593b27dc090ebf3ed31f4452b61e5ab8178,True,5
36209,543,230926_ML_2.npy,2026-09-23,2026-09-23 03:17:26.984317,7C7B5E,DA40,DIAMOND AIRCRAFT INDUSTRIES INC.,DA 40,ef8cdb4de5ae200bdacc5a0de880b7bba5364306fed91acce92677c63b674ac3,True,5
36218,552,230926_ML_2.npy,2026-09-23,2026-09-23 03:17:41.737603,7C7144,C172,CESSNA AIRCRAFT COMPANY,172N,775bbc76485bcb0d9feba99ede398d3a03b62abea3d056b4b261186b3b97fed2,True,3
36222,556,230926_ML_2.npy,2026-09-23,2026-09-23 03:17:47.900054,7C7B5E,DA40,DIAMOND AIRCRAFT INDUSTRIES INC.,DA 40,7e2f4da581b84f1e25fb0576fd0847f489f64618dc15fc4c97c07d6dfb0d5d14,True,2
36233,567,230926_ML_2.npy,2026-09-23,2026-09-23 03:18:08.298709,7C7144,C172,CESSNA AIRCRAFT COMPANY,172N,b9b89ad5daa2792b4095f1e20a1643df9fe95af0780ebe69334a91906fa366fb,True,2
36235,569,230926_ML_2.npy,2026-09-23,2026-09-23 03:18:29.870077,7C7144,C172,CESSNA AIRCRAFT COMPANY,172N,25ecffd02a618058de3b2945417e026c76c8237f5d9bff411fb8d6879bd15d24,True,5
36239,573,230926_ML_2.npy,2026-09-23,2026-09-23 03:18:38.128068,7C7144,C172,CESSNA AIRCRAFT COMPANY,172N,c71393b513924e72795fd4d1c5aa71a69838e9ba0aff2a80c1bb222128fae875,True,3
36251,585,230926_ML_2.npy,2026-09-23,2026-09-23 03:18:56.924478,7C7144,C172,CESSNA AIRCRAFT COMPANY,172N,0328b8f93b0dd580427b89e0968178376a376e92d27668d1a513e981cf6f08d9,True,5
36252,586,230926_ML_2.npy,2026-09-23,2026-09-23 03:18:58.700812,7C7144,C172,CESSNA AIRCRAFT COMPANY,172N,f5735546b7fcc39f1c9f03f8553cc70b2c15f0066a797da6671bda2f54077d95,True,5
36269,603,230926_ML_2.npy,2026-09-23,2026-09-23 03:19:12.009140,7C7144,C172,CESSNA AIRCRAFT COMPANY,172N,7d4b3da5885b0351f50f78175bcad826034d3c4a6564e67c6fb7b6626c2177d7,True,2
36273,607,230926_ML_2.npy,2026-09-23,2026-09-23 03:19:22.949507,7C7144,C172,CESSNA AIRCRAFT COMPANY,172N,cfa663503a6f796e072ff2c7a20f1a14a0ecef41ec496a55f6e67feff29a00c4,True,2
36321,655,230926_ML_2.npy,2026-09-23,2026-09-23 03:22:21.738862,7C7B5E,DA40,DIAMOND AIRCRAFT INDUSTRIES INC.,DA 40,e73df2082249abf06edb2012087332a3d77f9055f61659481bb59bcd139dd40f,True,2
36326,660,230926_ML_2.npy,2026-09-23,2026-09-23 03:22:33.841059,7C7144,C172,CESSNA AIRCRAFT COMPANY,172N,76c2649fa43ec2c2f2d3bbd14d9cc6b82f7c90e491efdba9078f90d5b6250a01,True,5
36330,664,230926_ML_2.npy,2026-09-23,2026-09-23 03:22:42.251609,7C7B5E,DA40,DIAMOND AIRCRAFT INDUSTRIES INC.,DA 40,f24c6480e80006cedc8a582aa56446951c08b8ae439f90d7b35c6032b4b22e94,True,1
36334,668,230926_ML_2.npy,2026-09-23,2026-09-23 03:22:56.042460,7C7B5E,DA40,DIAMOND AIRCRAFT INDUSTRIES INC.,DA 40,3c38620b81bb2726841ab1b62e61b9fee2493acc8a3722a195336d4b7e95094a,True,2
36344,678,230926_ML_2.npy,2026-09-23,2026-09-23 03:23:34.712192,7C7144,C172,CESSNA AIRCRAFT COMPANY,172N,6684cc73cfd7807d42c99e8da9e6fa805dad59a3bbe986d5cdda937228478297,True,4
36352,686,230926_ML_2.npy,2026-09-23,2026-09-23 03:23:49.420138,7C7144,C172,CESSNA AIRCRAFT COMPANY,172N,633ccad158a82ce341732c90b731c87e80aca950dd99eb3c44dbfe90f8253e9e,True,2
36357,691,230926_ML_2.npy,2026-09-23,2026-09-23 03:23:55.595740,7C7144,C172,CESSNA AIRCRAFT COMPANY,172N,7c550d64d69722027b1149bf58267968f8c6abc9be62eaf68c9008ec3ca328a9,True,3
36362,696,230926_ML_2.npy,2026-09-23,2026-09-23 03:24:02.549179,7C7144,C172,CESSNA AIRCRAFT COMPANY,172N,bd24bf74290e93a622cf45643d4d244b5cdf9cb7d6099dab4e1e43b0d0cfca38,True,3
36366,700,230926_ML_2.npy,2026-09-23,2026-09-23 03:24:10.448927,7C7144,C172,CESSNA AIRCRAFT COMPANY,172N,301996c2469e09358ca9a6803b3e1b2a7f6acc1d2fbc50b313df3e0fcb51e91a,True,4
36370,704,230926_ML_2.npy,2026-09-23,2026-09-23 03:24:13.838517,7C7144,C172,CESSNA AIRCRAFT COMPANY,172N,25ecffd02a618058de3b2945417e026c76c8237f5d9bff411fb8d6879bd15d24,True,5
36371,705,230926_ML_2.npy,2026-09-23,2026-09-23 03:24:16.358613,7C7144,C172,CESSNA AIRCRAFT COMPANY,172N,20705c3cf280e5f8574c50e896bb4dc220d0d271304bd878266eeaf3dd1d2cd8,True,1
36380,714,230926_ML_2.npy,2026-09-23,2026-09-23 03:24:52.737161,7C67D3,C172,CESSNA AIRCRAFT COMPANY,172S,4d8e0f6aeb3fb3dd443a3a040ba37edce956653b96b9bcb4e8b0d18e9a91c6b2,True,1
36381,715,230926_ML_2.npy,2026-09-23,2026-09-23 03:24:53.119967,7C67D3,C172,CESSNA AIRCRAFT COMPANY,172S,c4855b7fe1c03da7ddae36a3f05ac98b751f6775d99faad9c4bb2af2a8b0829e,True,2
36382,716,230926_ML_2.npy,2026-09-23,2026-09-23 03:24:55.167843,7C67D3,C172,CESSNA AIRCRAFT COMPANY,172S,31c190fdda84f104493a74f499d090473b8797553769108a3a0c55852849ac9f,True,2
36383,717,230926_ML_2.npy,2026-09-23,2026-09-23 03:24:55.966405,7C67D3,C172,CESSNA AIRCRAFT COMPANY,172S,bc58407091d59a644851245fea0c5a707c069cfddb675f1c267b8cf65e0b334d,True,1
36385,719,230926_ML_2.npy,2026-09-23,2026-09-23 03:24:56.786309,7C67D3,C172,CESSNA AIRCRAFT COMPANY,172S,64cf166d44f08e53c0c5b76fd628f835c3e9f0d899a05b45ef4646bd6d519de3,True,2
36386,720,230926_ML_2.npy,2026-09-23,2026-09-23 03:25:25.379911,7C67D3,C172,CESSNA AIRCRAFT COMPANY,172S,98859d8ea52d3abc13b89f0cfa5ce70c558330590022b9c06eec1825df9c2c73,True,4
36388,722,230926_ML_2.npy,2026-09-23,2026-09-23 03:25:28.473470,7C67D3,C172,CESSNA AIRCRAFT COMPANY,172S,0049b6c41a39376914cdb83399743143856ebdb6660e4be57197559e1dd30e19,True,5
36391,725,230926_ML_2.npy,2026-09-23,2026-09-23 03:25:35.704657,7C67D3,C172,CESSNA AIRCRAFT COMPANY,172S,07991de2732ca37dff2576111983d7a01828f0858a601f250df7f45842961de7,True,2
36392,726,230926_ML_2.npy,2026-09-23,2026-09-23 03:26:03.883298,7C7C31,DA40,DIAMOND AIRCRAFT INDUSTRIES INC.,DA 40,31f80fb7d5619c14b2582360a932d7bf67089d775e00ec7dd739e5defe5c6e70,True,3
36396,730,230926_ML_2.npy,2026-09-23,2026-09-23 03:26:12.183309,7C7144,C172,CESSNA AIRCRAFT COMPANY,172N,6684cc73cfd7807d42c99e8da9e6fa805dad59a3bbe986d5cdda937228478297,True,2
36400,734,230926_ML_2.npy,2026-09-23,2026-09-23 03:26:35.000967,7C7144,C172,CESSNA AIRCRAFT COMPANY,172N,5f897ce14f75d96466c24122eb9651a467b3d63a99b99396c9f04d12b10eb2b2,True,3
36406,740,230926_ML_2.npy,2026-09-23,2026-09-23 03:26:41.344679,7C7144,C172,CESSNA AIRCRAFT COMPANY,172N,20705c3cf280e5f8574c50e896bb4dc220d0d271304bd878266eeaf3dd1d2cd8,True,3
36407,741,230926_ML_2.npy,2026-09-23,2026-09-23 03:26:42.337022,7C7144,C172,CESSNA AIRCRAFT COMPANY,172N,6684cc73cfd7807d42c99e8da9e6fa805dad59a3bbe986d5cdda937228478297,True,1
36408,742,230926_ML_2.npy,2026-09-23,2026-09-23 03:26:56.366464,7C7144,C172,CESSNA AIRCRAFT COMPANY,172N,515c95ae222abfa031a8421e971d7cf5a0b02c2f16861a9841d09e60c9bdc02e,True,2
36418,752,230926_ML_2.npy,2026-09-23,2026-09-23 03:27:52.688319,7C444D,P28A,PIPER AIRCRAFT CORP,PA-28-181,c0fe89425d06c0bb0523d41b73bd5d0a052c32c1b2b839d334a75eef8eff14fe,True,1
36419,753,230926_ML_2.npy,2026-09-23,2026-09-23 03:27:53.728287,7C444D,P28A,PIPER AIRCRAFT CORP,PA-28-181,c0672a6a5d14d4a3b8f17bbf1ca4ee9b1c8df2cd08a8201cb891d624a8483b50,True,3
36420,754,230926_ML_2.npy,2026-09-23,2026-09-23 03:27:54.660449,7C7144,C172,CESSNA AIRCRAFT COMPANY,172N,0d75bcf088bfffcfdfe8a9eacd91971835d2baa5eb13af6824dd45459025fd09,True,3
36422,756,230926_ML_2.npy,2026-09-23,2026-09-23 03:27:56.180091,7C444D,P28A,PIPER AIRCRAFT CORP,PA-28-181,10f47b45bc5287442c116ee1bb766a6ec3c43cd6e81219d4485a7f8fcfa6d32c,True,4
36424,758,230926_ML_2.npy,2026-09-23,2026-09-23 03:27:56.895887,7C444D,P28A,PIPER AIRCRAFT CORP,PA-28-181,517b1ed1ae7aedceeebc318824f154fd1193c1160172a72fae8fe4ec55eeff74,True,1
36425,759,230926_ML_2.npy,2026-09-23,2026-09-23 03:27:57.543763,7C444D,P28A,PIPER AIRCRAFT CORP,PA-28-181,6c46c47fa5dc39e5e69b2c6d703eccf23bc5d619c15e0fb714bc68f456bb063d,True,2
36427,761,230926_ML_2.npy,2026-09-23,2026-09-23 03:27:57.901689,7C444D,P28A,PIPER AIRCRAFT CORP,PA-28-181,bdbea92283397c39fbb177d0e95a1912f7416a11383c2ccf93c282201996d94c,True,3
36428,762,230926_ML_2.npy,2026-09-23,2026-09-23 03:27:58.381915,7C7144,C172,CESSNA AIRCRAFT COMPANY,172N,72fedad8a5a75d038c85617bdb800757ab7a97c78ba80cbd92d369c66405cfd4,True,4
36429,763,230926_ML_2.npy,2026-09-23,2026-09-23 03:27:59.597431,7C444D,P28A,PIPER AIRCRAFT CORP,PA-28-181,3a4cdb19b2a094c3592c6cc8ae1128e75a5a7010c51328e3dc020cf4654131cc,True,5
36433,767,230926_ML_2.npy,2026-09-23,2026-09-23 03:28:01.077688,7C7144,C172,CESSNA AIRCRAFT COMPANY,172N,ee7126fdb67ea0b4473377ea6984785dd9a73d9a14a240f74f9a6c3774ed2c9f,True,4
36441,775,230926_ML_2.npy,2026-09-23,2026-09-23 03:28:12.202309,7C7144,C172,CESSNA AIRCRAFT COMPANY,172N,74640845017503185c065a5c234ffdcd251e30f5713822fc4b60f2e05be567da,True,5
36450,784,230926_ML_2.npy,2026-09-23,2026-09-23 03:28:18.650829,7C7144,C172,CESSNA AIRCRAFT COMPANY,172N,d12c6407474ae7b12d20be3137527080d5aa4f235a0c6fe1573f30cccfce7f4f,True,2
36453,787,230926_ML_2.npy,2026-09-23,2026-09-23 03:28:26.656740,7C444D,P28A,PIPER AIRCRAFT CORP,PA-28-181,0a712d93c3b436632b6313eca8379ae14858b33e3b9968582f2fdcbbff01ea49,True,5
36457,791,230926_ML_2.npy,2026-09-23,2026-09-23 03:28:31.628291,7C7144,C172,CESSNA AIRCRAFT COMPANY,172N,6b718328b600855952abb4a5da0e993b6d28b21d43e392d9d33484dbbf817cab,True,4
36459,793,230926_ML_2.npy,2026-09-23,2026-09-23 03:28:32.436934,7C7144,C172,CESSNA AIRCRAFT COMPANY,172N,182b90afae9bac5c5b6f0457dcf181aee96148a6e28a257141c5f78f047cfeb2,True,1
36461,795,230926_ML_2.npy,2026-09-23,2026-09-23 03:28:32.906871,7C7144,C172,CESSNA AIRCRAFT COMPANY,172N,0bda8374f310e8fcce685ffd981b8c37061099c9f61862f998a0c7d83a2e0190,True,4
36464,798,230926_ML_2.npy,2026-09-23,2026-09-23 03:28:40.226287,7C444D,P28A,PIPER AIRCRAFT CORP,PA-28-181,a619b84d850e05b157c1a37b51d3ee36f96c5e6725dfb7d08e34fc4663a3a7a5,True,3
36465,799,230926_ML_2.npy,2026-09-23,2026-09-23 03:28:41.302210,7C444D,P28A,PIPER AIRCRAFT CORP,PA-28-181,7fd94917edba48f1d5bc99ec86e09dd1535bd8b6501f12db09002d013798a77d,True,5
36467,801,230926_ML_2.npy,2026-09-23,2026-09-23 03:28:41.574254,7C444D,P28A,PIPER AIRCRAFT CORP,PA-28-181,469173d940925a7b01ebf6118d541ccfa896de0baf248142057ef91c65473683,True,3
36468,802,230926_ML_2.npy,2026-09-23,2026-09-23 03:28:42.143674,7C444D,P28A,PIPER AIRCRAFT CORP,PA-28-181,00190e4c7a06971bb61aaae4db2b700a4d01312e5781d7cc22ab6781d659b396,True,5
36469,803,230926_ML_2.npy,2026-09-23,2026-09-23 03:28:42.560866,7C444D,P28A,PIPER AIRCRAFT CORP,PA-28-181,55537c81544a1235ff224631e539b61259ac5d787c782894f12706b9332b84a9,True,5
36470,804,230926_ML_2.npy,2026-09-23,2026-09-23 03:28:42.973597,7C444D,P28A,PIPER AIRCRAFT CORP,PA-28-181,8004dfc7410a5d4fdaaf81cb2acf76b125132557c62648467e87828182ff8562,True,4
36471,805,230926_ML_2.npy,2026-09-23,2026-09-23 03:28:44.385341,7C444D,P28A,PIPER AIRCRAFT CORP,PA-28-181,e876595d197b7d3ff5a84f82d932618004b8beea4a1c3c397e72466987aac245,True,3
36472,806,230926_ML_2.npy,2026-09-23,2026-09-23 03:28:44.515227,7C444D,P28A,PIPER AIRCRAFT CORP,PA-28-181,789375ebc38240eb440c4a8b915d6c109c853e712cd8c606cc88d28ade708430,True,2
36473,807,230926_ML_2.npy,2026-09-23,2026-09-23 03:28:47.425161,7C444D,P28A,PIPER AIRCRAFT CORP,PA-28-181,d8ca3e90afb3bc1d4dca52ed572384b0662a75fc6da6c43081f935eb45116e9f,True,1
36474,808,230926_ML_2.npy,2026-09-23,2026-09-23 03:28:51.020353,7C444D,P28A,PIPER AIRCRAFT CORP,PA-28-181,a059a125c68bbb3d0dd180b657d9475d6bd089351db59c769c6e9cf4b3719765,True,1
36475,809,230926_ML_2.npy,2026-09-23,2026-09-23 03:28:52.103812,7C444D,P28A,PIPER AIRCRAFT CORP,PA-28-181,68a39adcaffc918b892c7535164e913c863ba483ec1269f8bb0793f70e325a4d,True,2
36476,810,230926_ML_2.npy,2026-09-23,2026-09-23 03:28:59.796536,7C444D,P28A,PIPER AIRCRAFT CORP,PA-28-181,759035cbfaed9aedfaf41c2c1ecfc506ddbc51854ae58bbf06eea3448c8ad978,True,4
36477,811,230926_ML_2.npy,2026-09-23,2026-09-23 03:28:59.848804,7C444D,P28A,PIPER AIRCRAFT CORP,PA-28-181,ae635640d736a03a5aeab19b2ae3407efc5a6ed4e42aa8cb9357a2643ea89f4d,True,5
36478,812,230926_ML_2.npy,2026-09-23,2026-09-23 03:29:20.001456,7C444D,P28A,PIPER AIRCRAFT CORP,PA-28-181,7f17154a6b7bab16368c7bd5bf69d8564716431b12032f75a2092907da76f8a2,True,2
36479,813,230926_ML_2.npy,2026-09-23,2026-09-23 03:29:24.576406,7C444D,P28A,PIPER AIRCRAFT CORP,PA-28-181,01a97295bda4a48f7a31fa0e5beda0568bf1456cc6827bbd1319bd96d0aaa8a6,True,2
36480,814,230926_ML_2.npy,2026-09-23,2026-09-23 03:29:25.863959,7C444D,P28A,PIPER AIRCRAFT CORP,PA-28-181,0a712d93c3b436632b6313eca8379ae14858b33e3b9968582f2fdcbbff01ea49,True,5
36481,815,230926_ML_2.npy,2026-09-23,2026-09-23 03:29:26.304128,7C444D,P28A,PIPER AIRCRAFT CORP,PA-28-181,bef545bf68754892b0f542dc2600accba4dc1ec5829319c4023ee64e131a01a1,True,4
36482,816,230926_ML_2.npy,2026-09-23,2026-09-23 03:29:29.367553,7C444D,P28A,PIPER AIRCRAFT CORP,PA-28-181,fbb6b0e5fd2387f570569304579d70ce45aebf59ee910fa5b34628cba95eef8a,True,1
36484,818,230926_ML_2.npy,2026-09-23,2026-09-23 03:30:06.972035,7C444D,P28A,PIPER AIRCRAFT CORP,PA-28-181,d19dc508a4702ce01b6fe61247eab320ef4c86faa0b43ddcde0b90eb2c7ac5b5,True,3
36485,819,230926_ML_2.npy,2026-09-23,2026-09-23 03:30:07.062511,7C444D,P28A,PIPER AIRCRAFT CORP,PA-28-181,333ec9fa3e689b1cd409fe0fd100a15a4aeb32040c0f460fb800df88aaa52343,True,3
36492,826,230926_ML_2.npy,2026-09-23,2026-09-23 03:30:17.962400,7C444D,P28A,PIPER AIRCRAFT CORP,PA-28-181,55d6117adf9d14114f37500ebc1bd4c1bfe9fbd8005ed82a034e712d16dd2ed1,True,5
36493,827,230926_ML_2.npy,2026-09-23,2026-09-23 03:30:19.991988,7C444D,P28A,PIPER AIRCRAFT CORP,PA-28-181,5e49ff8cf51f073b4ebb63a4e9df866e33df18ed5b3e922e5cd33209c08f4ec7,True,4
36494,828,230926_ML_2.npy,2026-09-23,2026-09-23 03:30:21.659650,7C444D,P28A,PIPER AIRCRAFT CORP,PA-28-181,52851664d66ccbc1b4a286bb749af65a505ce0e0855bf389968375bba724e184,True,4
36496,830,230926_ML_2.npy,2026-09-23,2026-09-23 03:30:22.265629,7C444D,P28A,PIPER AIRCRAFT CORP,PA-28-181,3eae9e49873e64f3e91b8ebdde08c693b45d6b5249abcc9195a51f0217a9078a,True,5
36497,831,230926_ML_2.npy,2026-09-23,2026-09-23 03:30:22.407715,7C444D,P28A,PIPER AIRCRAFT CORP,PA-28-181,bdbea92283397c39fbb177d0e95a1912f7416a11383c2ccf93c282201996d94c,True,5
36498,832,230926_ML_2.npy,2026-09-23,2026-09-23 03:30:24.397085,7C1B2A,DA40,DIAMOND AIRCRAFT INDUSTRIES INC.,DA 40,0237a6d81e1bc90f8eaf3d634ef2f1f66d4cdcad50d43214a14f445b72a07f4c,True,4
36500,834,230926_ML_2.npy,2026-09-23,2026-09-23 03:30:25.454887,7C444D,P28A,PIPER AIRCRAFT CORP,PA-28-181,177d30421546c1a0c30b791eff19fd52992daae124f97480e883160612046688,True,2
36501,835,230926_ML_2.npy,2026-09-23,2026-09-23 03:30:26.908454,7C1B2A,DA40,DIAMOND AIRCRAFT INDUSTRIES INC.,DA 40,492fc4af1bf8f6067648b03747010f6ebba1cb60998fed8381d19ef1d6720790,True,1
36502,836,230926_ML_2.npy,2026-09-23,2026-09-23 03:30:27.524289,7C444D,P28A,PIPER AIRCRAFT CORP,PA-28-181,af498d8c320406b924dcae8aae1f0d352acdbe145589434e42576d230cdb3d5c,True,2
36505,839,230926_ML_2.npy,2026-09-23,2026-09-23 03:30:30.789935,7C444D,P28A,PIPER AIRCRAFT CORP,PA-28-181,0a712d93c3b436632b6313eca8379ae14858b33e3b9968582f2fdcbbff01ea49,True,5
36508,842,230926_ML_2.npy,2026-09-23,2026-09-23 03:30:32.863135,7C444D,P28A,PIPER AIRCRAFT CORP,PA-28-181,c9fae2b357f3812e03aba19cb29790c62314b17675f30f4a5f9b53931bcf53ed,True,3
36510,844,230926_ML_2.npy,2026-09-23,2026-09-23 03:30:37.007560,7C1B2A,DA40,DIAMOND AIRCRAFT INDUSTRIES INC.,DA 40,c2f17b77a76ddaf1ee4dbcf7de8509f812d265622c80d7051963c7dd56818678,True,1
36511,845,230926_ML_2.npy,2026-09-23,2026-09-23 03:30:37.142217,7C444D,P28A,PIPER AIRCRAFT CORP,PA-28-181,5528acd39d149c465565a0840213c9519ebe21ad2b0e72beb88b374ea1f7687d,True,2
36512,846,230926_ML_2.npy,2026-09-23,2026-09-23 03:30:37.503217,7C1B2A,DA40,DIAMOND AIRCRAFT INDUSTRIES INC.,DA 40,28ad003ccff9306dd5b18f34c51c385d30add4ec140f26914dd0124ef018f44f,True,3
36515,849,230926_ML_2.npy,2026-09-23,2026-09-23 03:30:38.254728,7C444D,P28A,PIPER AIRCRAFT CORP,PA-28-181,9ea44ac825439d913eac4bd1f0c2cd0399ee93b648961fb9c6659138f086bd0c,True,3
36516,850,230926_ML_2.npy,2026-09-23,2026-09-23 03:30:38.854407,7C444D,P28A,PIPER AIRCRAFT CORP,PA-28-181,460c0322dc7d2a10a764e45b301c51f8dbb0357f1e78a593c8362a25778a9a7b,True,1
36518,852,230926_ML_2.npy,2026-09-23,2026-09-23 03:30:39.842340,7C444D,P28A,PIPER AIRCRAFT CORP,PA-28-181,74bbec65002f88df854b7438eaa7ad8d5661270f75130826c6a36720f2374e16,True,3
36521,855,230926_ML_2.npy,2026-09-23,2026-09-23 03:30:40.280211,7C444D,P28A,PIPER AIRCRAFT CORP,PA-28-181,b200f6866e3921c7bad4da21da747850d77c53a12a38763c695e992d861f3809,True,5
36524,858,230926_ML_2.npy,2026-09-23,2026-09-23 03:30:40.687981,7C444D,P28A,PIPER AIRCRAFT CORP,PA-28-181,7ef945d11c00ce4350282e4158e459ce7f0c5f46468919d3d42d1a0ad914177a,True,4
36525,859,230926_ML_2.npy,2026-09-23,2026-09-23 03:30:40.816106,7C444D,P28A,PIPER AIRCRAFT CORP,PA-28-181,9cea51719edb3fde27e619d3b36bf48cea7f6aaca5d6f746a10bdb4e20cc54d7,True,2
36530,864,230926_ML_2.npy,2026-09-23,2026-09-23 03:30:42.795772,7C444D,P28A,PIPER AIRCRAFT CORP,PA-28-181,55f947b5e6b8a70d750c0c98ee0ac78e75faaabdcb56ded424070beee605484e,True,1
36531,865,230926_ML_2.npy,2026-09-23,2026-09-23 03:30:43.255577,7C444D,P28A,PIPER AIRCRAFT CORP,PA-28-181,909fa0d302a23f714c316b333a66ca6250e4d16332a7a25316521d429ec6d84a,True,4
36536,870,230926_ML_2.npy,2026-09-23,2026-09-23 03:30:46.138976,7C444D,P28A,PIPER AIRCRAFT CORP,PA-28-181,757a9b0fe42f43b62ef8dbb8f6084ebe266a68f60ede340a7ee6728ed77a4f30,True,5
36537,871,230926_ML_2.npy,2026-09-23,2026-09-23 03:30:47.882255,7C444D,P28A,PIPER AIRCRAFT CORP,PA-28-181,c0d2d0581f045758816d7b31ac18ded5d23731f46efc78019f486a2501cd3ad6,True,3
36540,874,230926_ML_2.npy,2026-09-23,2026-09-23 03:30:48.616620,7C444D,P28A,PIPER AIRCRAFT CORP,PA-28-181,4dd033c69851a6586e8825f7264d53e79b3e20e1679fedf261b00d80296c1cf3,True,1
36542,876,230926_ML_2.npy,2026-09-23,2026-09-23 03:30:49.672449,7C444D,P28A,PIPER AIRCRAFT CORP,PA-28-181,6389396461e915c4d34e35e0affd25c1c42c617cc87d38f9f20a6a9dec186000,True,1
36543,877,230926_ML_2.npy,2026-09-23,2026-09-23 03:30:49.964128,7C444D,P28A,PIPER AIRCRAFT CORP,PA-28-181,d8ca3e90afb3bc1d4dca52ed572384b0662a75fc6da6c43081f935eb45116e9f,True,2
36544,878,230926_ML_2.npy,2026-09-23,2026-09-23 03:30:50.406256,7C444D,P28A,PIPER AIRCRAFT CORP,PA-28-181,f8601ee145a23b089d85a7b8644ef9336e0298ff250bc25a45b50870ff3363e2,True,2
36545,879,230926_ML_2.npy,2026-09-23,2026-09-23 03:30:51.867669,7C444D,P28A,PIPER AIRCRAFT CORP,PA-28-181,db68b4efbe72283b376bf4fabb53abde0d03095e45f14f5750347a2a1e0508f3,True,4
36547,881,230926_ML_2.npy,2026-09-23,2026-09-23 03:30:52.373538,7C444D,P28A,PIPER AIRCRAFT CORP,PA-28-181,4a3fc6bbbb1509c505e748d9785b4e612d02e4faa9845802450ee1ed851f7e01,True,4
36548,882,230926_ML_2.npy,2026-09-23,2026-09-23 03:30:52.503456,7C444D,P28A,PIPER AIRCRAFT CORP,PA-28-181,d8ca3e90afb3bc1d4dca52ed572384b0662a75fc6da6c43081f935eb45116e9f,True,5
36552,886,230926_ML_2.npy,2026-09-23,2026-09-23 03:30:55.113345,7C444D,P28A,PIPER AIRCRAFT CORP,PA-28-181,b2def2d46ecc51552515420f6c2b14fb8407df19bb918bbb77ef17b2e22bdc80,True,5
36553,887,230926_ML_2.npy,2026-09-23,2026-09-23 03:30:56.046847,7C444D,P28A,PIPER AIRCRAFT CORP,PA-28-181,0a712d93c3b436632b6313eca8379ae14858b33e3b9968582f2fdcbbff01ea49,True,1
36554,888,230926_ML_2.npy,2026-09-23,2026-09-23 03:30:56.297136,7C444D,P28A,PIPER AIRCRAFT CORP,PA-28-181,a36202b3224e3e415f738af8f349e9cb811bca6dca3ba2384e9d371cbc61bce2,True,3
36555,889,230926_ML_2.npy,2026-09-23,2026-09-23 03:30:58.872607,7C444D,P28A,PIPER AIRCRAFT CORP,PA-28-181,d87c22d08d2f7bd05612e5a4cf4cec965996a8596a59c23e4ee605b0ac24eee7,True,5
36556,890,230926_ML_2.npy,2026-09-23,2026-09-23 03:31:00.794603,7C444D,P28A,PIPER AIRCRAFT CORP,PA-28-181,6e6a5c946ad847624ba0935e29c24bd14a43e7f56e60f95753f6a8ae26c200b8,True,3
36558,892,230926_ML_2.npy,2026-09-23,2026-09-23 03:31:01.769908,7C7144,C172,CESSNA AIRCRAFT COMPANY,172N,e5b3cccf2fc03aae703bf5ff3bc251aa0da9fd570b0929c351ab91a3ae4f262d,True,1
36559,893,230926_ML_2.npy,2026-09-23,2026-09-23 03:31:01.852163,7C444D,P28A,PIPER AIRCRAFT CORP,PA-28-181,f8046d707ec368258132142d19280fb99d700548d798a5dddc8a7f41c723d579,True,5
36560,894,230926_ML_2.npy,2026-09-23,2026-09-23 03:31:02.829881,7C444D,P28A,PIPER AIRCRAFT CORP,PA-28-181,039f242cf46d88874dc6fef83f5d2c7b7a3fbc0a6b8153131ad1423566308e27,True,4
36564,898,230926_ML_2.npy,2026-09-23,2026-09-23 03:31:19.622753,7C7144,C172,CESSNA AIRCRAFT COMPANY,172N,6684cc73cfd7807d42c99e8da9e6fa805dad59a3bbe986d5cdda937228478297,True,4
36567,901,230926_ML_2.npy,2026-09-23,2026-09-23 03:31:34.718530,7C7144,C172,CESSNA AIRCRAFT COMPANY,172N,2e70c3b346017680b03264954b6f029bffdcfd54f5cc346142b6130a7af3082c,True,5
36577,911,230926_ML_2.npy,2026-09-23,2026-09-23 03:32:00.191545,7C7AF0,DA40,DIAMOND AIRCRAFT INDUSTRIES INC.,DA 40,739494df921a2b52b606f429f954641d2ad2c31a9dde1094e94a9fa27f63fb71,True,2
36582,916,230926_ML_2.npy,2026-09-23,2026-09-23 03:32:07.377560,7C7AF0,DA40,DIAMOND AIRCRAFT INDUSTRIES INC.,DA 40,bff2710049bbeabc43eed5ae36c502d7095da8926631626353110dca7c158b88,True,2
36595,929,230926_ML_2.npy,2026-09-23,2026-09-23 03:32:17.504750,7C7144,C172,CESSNA AIRCRAFT COMPANY,172N,34d5a901740d9995ee5ff4f3db8e9170e63a05f07e57f28a117c0830e09aabef,True,1
36623,957,230926_ML_2.npy,2026-09-23,2026-09-23 03:33:20.957364,7C7144,C172,CESSNA AIRCRAFT COMPANY,172N,482658c0b7f4379f58bf39492a823937ba24e952aec2b15bb6c5ced77da18b39,True,1
36625,959,230926_ML_2.npy,2026-09-23,2026-09-23 03:33:28.944187,7C7144,C172,CESSNA AIRCRAFT COMPANY,172N,e2d4302f6960c9595ba1eb48d4899182fb0aeb8d0de1ca2fd0b3618e0dba75dc,True,2
36626,960,230926_ML_2.npy,2026-09-23,2026-09-23 03:33:32.018356,7C7144,C172,CESSNA AIRCRAFT COMPANY,172N,be715d32f5b74e5dc57159049506814d8465e458a26d95f703cb2cd6484e495c,True,2
36633,967,230926_ML_2.npy,2026-09-23,2026-09-23 03:33:46.563814,7C7144,C172,CESSNA AIRCRAFT COMPANY,172N,73adbfa3a011a50bbcf564aa0a73831842de950aa7f16305f18e73e868d69c7f,True,2
36641,975,230926_ML_2.npy,2026-09-23,2026-09-23 03:34:02.098063,7C444D,P28A,PIPER AIRCRAFT CORP,PA-28-181,a72c253d0cb84f03dcbeca81bf308f11d377a45ff476f3330a602a0160acdf9a,True,3
36645,979,230926_ML_2.npy,2026-09-23,2026-09-23 03:34:11.664674,7C7144,C172,CESSNA AIRCRAFT COMPANY,172N,9e79d6e6a4d52b7d91581282ea08810050702a6d80e8eb9ec3ca2ff1b5ffe829,True,4
36647,981,230926_ML_2.npy,2026-09-23,2026-09-23 03:34:14.523207,7C444D,P28A,PIPER AIRCRAFT CORP,PA-28-181,b9184c532a23d3e4406ea0366f1b9d4484949d28c61f05e1596d9c839565530e,True,4
36648,982,230926_ML_2.npy,2026-09-23,2026-09-23 03:34:15.742032,7C7144,C172,CESSNA AIRCRAFT COMPANY,172N,6a5aa561e1b698799a094e1d21c087e5544d98aa4bb6552f41890a1410393ff5,True,5
36651,985,230926_ML_2.npy,2026-09-23,2026-09-23 03:34:19.390032,7C7144,C172,CESSNA AIRCRAFT COMPANY,172N,6684cc73cfd7807d42c99e8da9e6fa805dad59a3bbe986d5cdda937228478297,True,5
36652,986,230926_ML_2.npy,2026-09-23,2026-09-23 03:34:25.891251,7C444D,P28A,PIPER AIRCRAFT CORP,PA-28-181,f79ca4033e4346e129d1c6f3ca4f005003649a3cdd3ea3d17d0512ba3e8e0fc6,True,1
36655,989,230926_ML_2.npy,2026-09-23,2026-09-23 03:34:26.541015,7C444D,P28A,PIPER AIRCRAFT CORP,PA-28-181,bdbea92283397c39fbb177d0e95a1912f7416a11383c2ccf93c282201996d94c,True,2
36658,992,230926_ML_2.npy,2026-09-23,2026-09-23 03:34:31.867618,7C444D,P28A,PIPER AIRCRAFT CORP,PA-28-181,1693a7d7d2cb7316baa629d3df41d6ab41c0514b1323bdbf95c5f73b3b77595c,True,2
36659,993,230926_ML_2.npy,2026-09-23,2026-09-23 03:34:32.064785,7C444D,P28A,PIPER AIRCRAFT CORP,PA-28-181,0a712d93c3b436632b6313eca8379ae14858b33e3b9968582f2fdcbbff01ea49,True,3
36662,996,230926_ML_2.npy,2026-09-23,2026-09-23 03:34:32.795846,7C444D,P28A,PIPER AIRCRAFT CORP,PA-28-181,c7d74a9907b99eab237e9379c75a6260f528f6663f01ca7fd9d921955991e966,True,4
36663,997,230926_ML_2.npy,2026-09-23,2026-09-23 03:34:34.833486,7C444D,P28A,PIPER AIRCRAFT CORP,PA-28-181,796e6de1825b94c7cbd5ddacd6f53ed7e027d22df7515a5083d7e3e1bcc83b8e,True,2
36664,998,230926_ML_2.npy,2026-09-23,2026-09-23 03:34:37.119056,7C444D,P28A,PIPER AIRCRAFT CORP,PA-28-181,d8ca3e90afb3bc1d4dca52ed572384b0662a75fc6da6c43081f935eb45116e9f,True,2
36665,999,230926_ML_2.npy,2026-09-23,2026-09-23 03:34:40.112346,7C444D,P28A,PIPER AIRCRAFT CORP,PA-28-181,0f15de69d5cb508c790a2d34e9e775b450ac06f72568063aff38948dac7eb6b7,True,2
36666,1000,230926_ML_2.npy,2026-09-23,2026-09-23 03:34:40.335166,7C444D,P28A,PIPER AIRCRAFT CORP,PA-28-181,8a4d414eff76fc2f3ca1bebebbb1742c6e8a3e15f5138b25d4545a53927d7e8a,True,3
36667,1001,230926_ML_2.npy,2026-09-23,2026-09-23 03:34:42.095634,7C444D,P28A,PIPER AIRCRAFT CORP,PA-28-181,fa382c4bd6122f915357515b42f39120a42e765b19c087e27429a3cdd597dca5,True,3
36669,1003,230926_ML_2.npy,2026-09-23,2026-09-23 03:34:44.287508,7C444D,P28A,PIPER AIRCRAFT CORP,PA-28-181,dcf14a2cd4d0c593ea45162149b3f25002320d3df8edcb20604d99918cdc3220,True,4
36670,1004,230926_ML_2.npy,2026-09-23,2026-09-23 03:34:46.153301,7C444D,P28A,PIPER AIRCRAFT CORP,PA-28-181,935e47127ca3e95e16386c35cd331260517997c081c0e9c6d2f7dbbbc0e68748,True,1
36675,1009,230926_ML_2.npy,2026-09-23,2026-09-23 03:34:51.040028,7C444D,P28A,PIPER AIRCRAFT CORP,PA-28-181,63abbbc78ad8152f6cc8a3c14284b14af51e4d74f89429209fd27928c53f242d,True,2
36705,1039,230926_ML_2.npy,2026-09-23,2026-09-23 03:35:26.500804,7C444D,P28A,PIPER AIRCRAFT CORP,PA-28-181,17bff897c56bec9a56eccb404cc7cd7ca65e4b710d20b19d0dcf5c17a6b31cb0,True,3
36706,1040,230926_ML_2.npy,2026-09-23,2026-09-23 03:35:28.236401,7C444D,P28A,PIPER AIRCRAFT CORP,PA-28-181,2c27a155986333611e90ff7218e3eb28b0b09c5a42bb5758a03559f6f323d323,True,2
36708,1042,230926_ML_2.npy,2026-09-23,2026-09-23 03:35:43.579281,7C444D,P28A,PIPER AIRCRAFT CORP,PA-28-181,bc256c6604a7782e1f26af4202cbf08a88cdf6ae38364cedf53eddb5b31b4347,True,1
36709,1043,230926_ML_2.npy,2026-09-23,2026-09-23 03:35:44.431308,7C444D,P28A,PIPER AIRCRAFT CORP,PA-28-181,2979713d329aa482b681e4cd78eddd17fd504f016062d5fbbed998843c9066b5,True,3
36710,1044,230926_ML_2.npy,2026-09-23,2026-09-23 03:35:47.870248,7C444D,P28A,PIPER AIRCRAFT CORP,PA-28-181,7dc9bbf60cb088784d3fb8f4c713c8ad0500a3bc110e3d4e94172735d91082a9,True,2
36711,1045,230926_ML_2.npy,2026-09-23,2026-09-23 03:35:48.928062,7C444D,P28A,PIPER AIRCRAFT CORP,PA-28-181,990c12df507af4699cc268c90e13620c503f76167c7dc6508ad462e186575a4a,True,2
36712,1046,230926_ML_2.npy,2026-09-23,2026-09-23 03:35:49.575842,7C444D,P28A,PIPER AIRCRAFT CORP,PA-28-181,653856e31152a8a957c59dc4afa769e4926a3006b8b1d172a0ce1c6206bd1d7a,True,3
36713,1047,230926_ML_2.npy,2026-09-23,2026-09-23 03:35:49.768024,7C444D,P28A,PIPER AIRCRAFT CORP,PA-28-181,4929a7bc7b83b6a302f58da6597cb5650b42a65cb9c6dced59eb792608250ee0,True,4
36714,1048,230926_ML_2.npy,2026-09-23,2026-09-23 03:35:50.631303,7C444D,P28A,PIPER AIRCRAFT CORP,PA-28-181,0174471771e3cd9b59c35224a9c713fbf5a27b494c7cc6d07d9296b879a299e0,True,1
36715,1049,230926_ML_2.npy,2026-09-23,2026-09-23 03:35:52.831584,7C444D,P28A,PIPER AIRCRAFT CORP,PA-28-181,3cd8ff8f7f20f23662af19dc2709f889c8e6f95ccaa1e44d8c3a17b91ca4db25,True,4
36716,1050,230926_ML_2.npy,2026-09-23,2026-09-23 03:35:54.465040,7C444D,P28A,PIPER AIRCRAFT CORP,PA-28-181,c4c66105d084e9af23d21ad6a6a3c49729874347ceeecefbb8fb3f7c1f83ca23,True,4
36717,1051,230926_ML_2.npy,2026-09-23,2026-09-23 03:35:57.308294,7C444D,P28A,PIPER AIRCRAFT CORP,PA-28-181,bdbea92283397c39fbb177d0e95a1912f7416a11383c2ccf93c282201996d94c,True,3
36718,1052,230926_ML_2.npy,2026-09-23,2026-09-23 03:36:00.583664,7C444D,P28A,PIPER AIRCRAFT CORP,PA-28-181,e7f797495531f8c9308248f96a22414ac0de9f075ab7d60548dbeddb3f7f7057,True,1
36719,1053,230926_ML_2.npy,2026-09-23,2026-09-23 03:36:02.549413,7C444D,P28A,PIPER AIRCRAFT CORP,PA-28-181,684e223506a94fa0a6f8b6ea20f7145acbd877c6dc1b2401da0d231f38c3dd39,True,4
36720,1054,230926_ML_2.npy,2026-09-23,2026-09-23 03:36:09.527498,7C444D,P28A,PIPER AIRCRAFT CORP,PA-28-181,aa2231ffbcc61cfcfd31962f88d5ac6cb8271d8c5d92cec8200b59efef7b4f0a,True,5
36721,1055,230926_ML_2.npy,2026-09-23,2026-09-23 03:36:09.783754,7C444D,P28A,PIPER AIRCRAFT CORP,PA-28-181,d8ca3e90afb3bc1d4dca52ed572384b0662a75fc6da6c43081f935eb45116e9f,True,1
36722,1056,230926_ML_2.npy,2026-09-23,2026-09-23 03:36:10.437646,7C444D,P28A,PIPER AIRCRAFT CORP,PA-28-181,03262fc3e0d768d5ad2674be68030e6ca2fd983632acd1e9226804d20efecb04,True,4
36723,1057,230926_ML_2.npy,2026-09-23,2026-09-23 03:36:10.583673,7C444D,P28A,PIPER AIRCRAFT CORP,PA-28-181,ced0d24d73c9321ad79cf959444b56d15475774e7ff7c40dce3b64f7ac8e7dab,True,1
36724,1058,230926_ML_2.npy,2026-09-23,2026-09-23 03:36:14.243539,7C7144,C172,CESSNA AIRCRAFT COMPANY,172N,3222c1648ae2f0d0fe2e53fd00e832b3c1c7dc840e941e997a166b8d26e24542,True,2
36725,1059,230926_ML_2.npy,2026-09-23,2026-09-23 03:36:19.163763,7C444D,P28A,PIPER AIRCRAFT CORP,PA-28-181,7da38478ae740ab5c1c537444c26b8ac0b6ca55766649398b88ea5d82056ee24,True,5
36726,1060,230926_ML_2.npy,2026-09-23,2026-09-23 03:36:19.713659,7C444D,P28A,PIPER AIRCRAFT CORP,PA-28-181,5af71b0c4cbdaf008ceedfa25181632d128900b71e074c6cb8d7eeb2f8d3a5c7,True,1
36727,1061,230926_ML_2.npy,2026-09-23,2026-09-23 03:36:20.299676,7C444D,P28A,PIPER AIRCRAFT CORP,PA-28-181,b3529879aedea7c2cb6dc887c70ddedfe6bf8c7123d757699b4401831e25f27f,True,1
36728,1062,230926_ML_2.npy,2026-09-23,2026-09-23 03:36:21.454242,7C444D,P28A,PIPER AIRCRAFT CORP,PA-28-181,c92f5e46e40f209cc77a6608668aa27db7df7bd86eb8ea8aba7fd732557e3291,True,3
36730,1064,230926_ML_2.npy,2026-09-23,2026-09-23 03:36:22.148728,7C444D,P28A,PIPER AIRCRAFT CORP,PA-28-181,bdbea92283397c39fbb177d0e95a1912f7416a11383c2ccf93c282201996d94c,True,2
36731,1065,230926_ML_2.npy,2026-09-23,2026-09-23 03:36:22.990641,7C444D,P28A,PIPER AIRCRAFT CORP,PA-28-181,6b4fc3f4428dca1a971a9a60c454729e662ec9bc6512d423c49c551eac8ae7ff,True,5
36732,1066,230926_ML_2.npy,2026-09-23,2026-09-23 03:36:25.454223,7C444D,P28A,PIPER AIRCRAFT CORP,PA-28-181,b6a2578799f5955883abc1ec948d95773971d946797a7b1835eb6e9b6b05d9ba,True,3
36733,1067,230926_ML_2.npy,2026-09-23,2026-09-23 03:36:27.311802,7C444D,P28A,PIPER AIRCRAFT CORP,PA-28-181,d8ca3e90afb3bc1d4dca52ed572384b0662a75fc6da6c43081f935eb45116e9f,True,2
36734,1068,230926_ML_2.npy,2026-09-23,2026-09-23 03:36:28.771862,7C444D,P28A,PIPER AIRCRAFT CORP,PA-28-181,1c26825775bbd424a208e5868271fbbe48707914fe985ebd3eb5121061fe92b7,True,4
36735,1069,230926_ML_2.npy,2026-09-23,2026-09-23 03:36:29.077741,7C444D,P28A,PIPER AIRCRAFT CORP,PA-28-181,700a06abb33fb23807b992491e02a0a633befd4dfbb7abc6a7d07321829bd189,True,2
36736,1070,230926_ML_2.npy,2026-09-23,2026-09-23 03:36:31.183434,7C444D,P28A,PIPER AIRCRAFT CORP,PA-28-181,36d9e12e3bf60d1ae670a4d1676c3348413c57c25a4b7d7380d852d1e8c05fe3,True,5
36737,1071,230926_ML_2.npy,2026-09-23,2026-09-23 03:36:34.306703,7C444D,P28A,PIPER AIRCRAFT CORP,PA-28-181,853d646df6aa33ed4f1345c41558a85cd1694b350575957dc10c43c36a0072ac,True,5
36740,1074,230926_ML_2.npy,2026-09-23,2026-09-23 03:36:58.865667,7C7144,C172,CESSNA AIRCRAFT COMPANY,172N,25ecffd02a618058de3b2945417e026c76c8237f5d9bff411fb8d6879bd15d24,True,3
36741,1075,230926_ML_2.npy,2026-09-23,2026-09-23 03:36:59.733355,7C7144,C172,CESSNA AIRCRAFT COMPANY,172N,2a0285dd06ffe1ef2643b46d26e56cbdd5497f3752d425d639c60db778ecdf79,True,5
36742,1076,230926_ML_2.npy,2026-09-23,2026-09-23 03:37:09.475142,7C7144,C172,CESSNA AIRCRAFT COMPANY,172N,20705c3cf280e5f8574c50e896bb4dc220d0d271304bd878266eeaf3dd1d2cd8,True,2
36747,1081,230926_ML_2.npy,2026-09-23,2026-09-23 03:38:16.235841,7C7144,C172,CESSNA AIRCRAFT COMPANY,172N,12247ff8db78a4c297e824813ce43d1438ccb4063ed20dac8d1a34b4bd341504,True,4
36749,1083,230926_ML_2.npy,2026-09-23,2026-09-23 03:38:18.128193,7C7144,C172,CESSNA AIRCRAFT COMPANY,172N,6ac95c784bd843dc294e2d45109bbfbaa96b7b056daaa7ba1d4114a239f4d77c,True,5
36751,1085,230926_ML_2.npy,2026-09-23,2026-09-23 03:38:21.654321,7C7144,C172,CESSNA AIRCRAFT COMPANY,172N,976beb0c9e0df7493df57e7d7d7a452ab7f9ec98976d0f0611262e4173160c42,True,4
36754,1088,230926_ML_2.npy,2026-09-23,2026-09-23 03:38:27.129332,7C444D,P28A,PIPER AIRCRAFT CORP,PA-28-181,dfe8f494f007b547c0b008d825b86741a307024db9b717300344d2492d3b0b36,True,5
36755,1089,230926_ML_2.npy,2026-09-23,2026-09-23 03:38:27.560945,7C444D,P28A,PIPER AIRCRAFT CORP,PA-28-181,00149abfae97a24bb3a752c85fdec22e84dd84cac6667b3a7a91c96f37985444,True,2
36757,1091,230926_ML_2.npy,2026-09-23,2026-09-23 03:38:27.667873,7C7144,C172,CESSNA AIRCRAFT COMPANY,172N,14628f5861524d5dd56742f3b39a12e1de9365b168ba2f33d49acd75d3c7199a,True,2
36758,1092,230926_ML_2.npy,2026-09-23,2026-09-23 03:38:28.142871,7C444D,P28A,PIPER AIRCRAFT CORP,PA-28-181,2a50851cb8ae39db62169963436812d6f0922a085cf6b14cf8fa13ec17d3cc7b,True,2
36766,1100,230926_ML_2.npy,2026-09-23,2026-09-23 03:38:31.981556,7C444D,P28A,PIPER AIRCRAFT CORP,PA-28-181,bdbea92283397c39fbb177d0e95a1912f7416a11383c2ccf93c282201996d94c,True,3
36776,1110,230926_ML_2.npy,2026-09-23,2026-09-23 03:38:40.195191,7C7144,C172,CESSNA AIRCRAFT COMPANY,172N,7911081e443fc0409c41e9de038df943d981ffd75151bd1eed5933b30d4a5510,True,1
36778,1112,230926_ML_2.npy,2026-09-23,2026-09-23 03:38:40.677409,7C7144,C172,CESSNA AIRCRAFT COMPANY,172N,5900ed54d91ef22f815fe2a247bb6f87ef1c6f4edad9d3d8881deb91bffed45d,True,2
36779,1113,230926_ML_2.npy,2026-09-23,2026-09-23 03:38:41.607494,7C7144,C172,CESSNA AIRCRAFT COMPANY,172N,cf7580d226963125796ca4f2fe8604b35d051ba403bd0986f9c0ee56ea0faa5e,True,2
36789,1123,230926_ML_2.npy,2026-09-23,2026-09-23 03:38:48.682005,7C7144,C172,CESSNA AIRCRAFT COMPANY,172N,441b84b78f3ea091ecd932da6d19c35a4be851db4660b36467756b3daf8fa328,True,2
36808,1142,230926_ML_2.npy,2026-09-23,2026-09-23 03:39:01.089241,7C7144,C172,CESSNA AIRCRAFT COMPANY,172N,d769d668e606ba265bb7f2b76bc371aa2c02da7c2b43dbddba28874659d376e3,True,3
36813,1147,230926_ML_2.npy,2026-09-23,2026-09-23 03:39:06.464725,7C7B60,DA40,DIAMOND AIRCRAFT INDUSTRIES INC.,DA 40,0170b636c61bf9504c5fe490e10b52436eefcd3efe670ecdb85e1e4dcc343c10,True,4
36815,1149,230926_ML_2.npy,2026-09-23,2026-09-23 03:39:09.243358,7C7144,C172,CESSNA AIRCRAFT COMPANY,172N,7fb3b00ab800f8206b306d4c9c120872184407b2390d234af68b6021c54dc13d,True,4
36817,1151,230926_ML_2.npy,2026-09-23,2026-09-23 03:39:09.822839,7C7B60,DA40,DIAMOND AIRCRAFT INDUSTRIES INC.,DA 40,468624acfa28d1d051cac167cbd08abcbe38d0a0abf3ee6f8c0b54543ecb04fc,True,4
36818,1152,230926_ML_2.npy,2026-09-23,2026-09-23 03:39:10.622905,7C7B60,DA40,DIAMOND AIRCRAFT INDUSTRIES INC.,DA 40,acd98233dccb9dc66e08793f022a00e8f921c91c6af4f790e9aad87fc8397eeb,True,5
36819,1153,230926_ML_2.npy,2026-09-23,2026-09-23 03:39:11.116842,7C7144,C172,CESSNA AIRCRAFT COMPANY,172N,baf2172a0593cfc3799a053bf206b97cad78ee6c105b84ada76c05d85bccbb81,True,3
36824,1158,230926_ML_2.npy,2026-09-23,2026-09-23 03:39:14.909418,7C444D,P28A,PIPER AIRCRAFT CORP,PA-28-181,779c641bee315c060d512292191976f20cd0200c5073b48de4e84f2b3ed12c43,True,4
36826,1160,230926_ML_2.npy,2026-09-23,2026-09-23 03:39:20.851079,7C444D,P28A,PIPER AIRCRAFT CORP,PA-28-181,87351a6cad163f3e6d5cb995ad8ad8cb1cbca52c6b03760465575214101d28fd,True,1
36827,1161,230926_ML_2.npy,2026-09-23,2026-09-23 03:39:28.555957,7C444D,P28A,PIPER AIRCRAFT CORP,PA-28-181,fff2e9bd5bd9966fd02fa67477009ed437da428d9eb6c7bfd75c93e80fccfed7,True,3
36828,1162,230926_ML_2.npy,2026-09-23,2026-09-23 03:39:29.011813,7C444D,P28A,PIPER AIRCRAFT CORP,PA-28-181,c28279b46cdfab875e46ca00d84303fba809509a5543ae8b36c8c913333eb7c5,True,1
36829,1163,230926_ML_2.npy,2026-09-23,2026-09-23 03:39:29.540100,7C444D,P28A,PIPER AIRCRAFT CORP,PA-28-181,5c09ab52b450ea0cb1559fcda8f1f2d0e331a067999de19edaccee53e02bfdd5,True,1
36830,1164,230926_ML_2.npy,2026-09-23,2026-09-23 03:39:46.328116,7C444D,P28A,PIPER AIRCRAFT CORP,PA-28-181,0be215a38fd11d061734a90acb4539c355eeea77d0a8aefea2d8ee4a8f99538a,True,1
36831,1165,230926_ML_2.npy,2026-09-23,2026-09-23 03:39:47.323935,7C444D,P28A,PIPER AIRCRAFT CORP,PA-28-181,38ccb7fcd885b43c52978c100a9e47c1f60f7c4ba00c2f77799854f03f6607e4,True,2
36832,1166,230926_ML_2.npy,2026-09-23,2026-09-23 03:39:55.640303,7C444D,P28A,PIPER AIRCRAFT CORP,PA-28-181,d8ca3e90afb3bc1d4dca52ed572384b0662a75fc6da6c43081f935eb45116e9f,True,4
36833,1167,230926_ML_2.npy,2026-09-23,2026-09-23 03:40:12.660609,7C444D,P28A,PIPER AIRCRAFT CORP,PA-28-181,de052e64442c08c35ed1126aa704d4f66d8634a9288213825c1cbd2337bdb75e,True,1
36835,1169,230926_ML_2.npy,2026-09-23,2026-09-23 03:40:28.213300,7C444D,P28A,PIPER AIRCRAFT CORP,PA-28-181,4d53cdf7fcc10f2efbf062fe2192f3eda514ad81dfbcf9c3c475ecc9ebd9f9c2,True,1
36836,1170,230926_ML_2.npy,2026-09-23,2026-09-23 03:40:28.881258,7C444D,P28A,PIPER AIRCRAFT CORP,PA-28-181,ab0c9c6c89035432e6a17f2ea34ab4b06f2f06f83cb185719a24ae949761f876,True,5
36837,1171,230926_ML_2.npy,2026-09-23,2026-09-23 03:40:30.852885,7C444D,P28A,PIPER AIRCRAFT CORP,PA-28-181,ae296415ca759063f8fda1745bd3617524921051708c400d1566a92035528daa,True,5
36838,1172,230926_ML_2.npy,2026-09-23,2026-09-23 03:40:34.934053,7C444D,P28A,PIPER AIRCRAFT CORP,PA-28-181,df8f6a2b3d1102ced07ee93068e21ea33cf7d7c9f3af1f5503e6a238aa35ffba,True,4
36839,1173,230926_ML_2.npy,2026-09-23,2026-09-23 03:40:38.748981,7C444D,P28A,PIPER AIRCRAFT CORP,PA-28-181,e530405dfc01e90f258e79c890145a381d9ad3f8d88f9e4b2f5a17bcb8f9642b,True,5
36840,1174,230926_ML_2.npy,2026-09-23,2026-09-23 03:40:39.790860,7C444D,P28A,PIPER AIRCRAFT CORP,PA-28-181,a95dc1cf2a5266dbdb98793ca6432369128e383dbf5f9be8d368bd8ca8f86978,True,2
36841,1175,230926_ML_2.npy,2026-09-23,2026-09-23 03:40:40.787572,7C444D,P28A,PIPER AIRCRAFT CORP,PA-28-181,babd7344f7c4aa1a17eb31cdf43d3cd608925a7df3da2d630b6663ed5a3ebe5b,True,1
36842,1176,230926_ML_2.npy,2026-09-23,2026-09-23 03:40:41.768422,7C444D,P28A,PIPER AIRCRAFT CORP,PA-28-181,48a96cf98b3c5b663a5eb1f9183301cc959252063739e34e09fcad4051cb7e52,True,2
36843,1177,230926_ML_2.npy,2026-09-23,2026-09-23 03:40:41.860244,7C444D,P28A,PIPER AIRCRAFT CORP,PA-28-181,bdbea92283397c39fbb177d0e95a1912f7416a11383c2ccf93c282201996d94c,True,5
36844,1178,230926_ML_2.npy,2026-09-23,2026-09-23 03:40:42.810103,7C444D,P28A,PIPER AIRCRAFT CORP,PA-28-181,cb2349b1096690eec98ea2c71bb03de1a1e7a4a2801f95e043f007f289110f4e,True,5
36845,1179,230926_ML_2.npy,2026-09-23,2026-09-23 03:40:44.253930,7C444D,P28A,PIPER AIRCRAFT CORP,PA-28-181,14058fb953bc5513a89cfc2d7d5e66289f8e4e1ff2f2c804e40c60a382a06b86,True,2
36846,1180,230926_ML_2.npy,2026-09-23,2026-09-23 03:40:45.997096,7C444D,P28A,PIPER AIRCRAFT CORP,PA-28-181,d8ca3e90afb3bc1d4dca52ed572384b0662a75fc6da6c43081f935eb45116e9f,True,1
36847,1181,230926_ML_2.npy,2026-09-23,2026-09-23 03:40:46.405400,7C444D,P28A,PIPER AIRCRAFT CORP,PA-28-181,f1d76f49d166dd2b7eaba2daa37afed0b9a0d8558bcd58998606791f67753193,True,5
36848,1182,230926_ML_2.npy,2026-09-23,2026-09-23 03:40:51.138415,7C444D,P28A,PIPER AIRCRAFT CORP,PA-28-181,19d53e49f765552111c8d4e6b574fbb6de12a5495a808be91c21867b9af0a284,True,5
36849,1183,230926_ML_2.npy,2026-09-23,2026-09-23 03:40:53.117953,7C444D,P28A,PIPER AIRCRAFT CORP,PA-28-181,ece1814fdd75a8c857edc2b9c8a864135bb9eeb96f130d74fe87a75a6b6d8a8b,True,5
36850,1184,230926_ML_2.npy,2026-09-23,2026-09-23 03:40:56.153447,7C444D,P28A,PIPER AIRCRAFT CORP,PA-28-181,aef8bc242086e0112ad8312bce21b575ba449f6db3636d0d5c2b8e940091b0e4,True,4
36851,1185,230926_ML_2.npy,2026-09-23,2026-09-23 03:40:56.663751,7C0D65,DA42,DIAMOND AIRCRAFT INDUSTRIES INC.,DA 42,b60411826f021a11f21a8bb7c20b61479b263c86074e2b72c54ceaf091622f93,True,2
36852,1186,230926_ML_2.npy,2026-09-23,2026-09-23 03:41:00.120577,7C444D,P28A,PIPER AIRCRAFT CORP,PA-28-181,1a8c4dd726744dc3f6bd0876f78c1cb0d039b909c15f17b19b7f29be3e816439,True,3
36853,1187,230926_ML_2.npy,2026-09-23,2026-09-23 03:41:00.572123,7C444D,P28A,PIPER AIRCRAFT CORP,PA-28-181,ea4ab016fc77806a549e229819569d915c452152ec00742c68f2dae938d14dd4,True,1
36854,1188,230926_ML_2.npy,2026-09-23,2026-09-23 03:41:01.495829,7C444D,P28A,PIPER AIRCRAFT CORP,PA-28-181,43c2d765b4bf503fe92ee33bd3dcd656fd69eb7727ba855199e8ad34efe40093,True,4
36855,1189,230926_ML_2.npy,2026-09-23,2026-09-23 03:41:02.148052,7C444D,P28A,PIPER AIRCRAFT CORP,PA-28-181,da07b4d8a16afdfacbcc0d6da656495a429015c7f26447e9f2fbacd28ed43934,True,5
36856,1190,230926_ML_2.npy,2026-09-23,2026-09-23 03:41:02.157588,7C0D65,DA42,DIAMOND AIRCRAFT INDUSTRIES INC.,DA 42,c94dd1fe088fc8852f817095799726f4f566778dae65d3faaac9ea77448e461e,True,5
36857,1191,230926_ML_2.npy,2026-09-23,2026-09-23 03:41:02.163552,7C0D65,DA42,DIAMOND AIRCRAFT INDUSTRIES INC.,DA 42,9807e9ef204425132a48a302a9af3e1fdd09a8f4bdc70416b502da5cf39279e6,True,4
36858,1192,230926_ML_2.npy,2026-09-23,2026-09-23 03:41:04.023157,7C0D65,DA42,DIAMOND AIRCRAFT INDUSTRIES INC.,DA 42,b972e552270598feb8fb3492e8ca9b51f2125cf4c642a7ad41cc08d1a087d80c,True,3
36859,1193,230926_ML_2.npy,2026-09-23,2026-09-23 03:41:05.659484,7C444D,P28A,PIPER AIRCRAFT CORP,PA-28-181,07855771619a9876ae78cf62923018d8fb9d42dcd8cb393abec129b7d5104c84,True,3
36860,1194,230926_ML_2.npy,2026-09-23,2026-09-23 03:41:06.111199,7C444D,P28A,PIPER AIRCRAFT CORP,PA-28-181,d8ca3e90afb3bc1d4dca52ed572384b0662a75fc6da6c43081f935eb45116e9f,True,1
36861,1195,230926_ML_2.npy,2026-09-23,2026-09-23 03:41:06.124223,7C444D,P28A,PIPER AIRCRAFT CORP,PA-28-181,07855771619a9876ae78cf62923018d8fb9d42dcd8cb393abec129b7d5104c84,True,4
36862,1196,230926_ML_2.npy,2026-09-23,2026-09-23 03:41:06.325910,7C0D65,DA42,DIAMOND AIRCRAFT INDUSTRIES INC.,DA 42,130645b65f92bba4b38c8e672083c1185bb41e0810c7ad671662ed15ff69c8e1,True,4
36863,1197,230926_ML_2.npy,2026-09-23,2026-09-23 03:41:06.786116,7C444D,P28A,PIPER AIRCRAFT CORP,PA-28-181,bdbea92283397c39fbb177d0e95a1912f7416a11383c2ccf93c282201996d94c,True,3
36865,1199,230926_ML_2.npy,2026-09-23,2026-09-23 03:41:08.601071,7C444D,P28A,PIPER AIRCRAFT CORP,PA-28-181,81d0f9dbbb123b0a97cf059c5fdfbcf4b2a00f3b132397586fbf4c28dcea4d7a,True,1
36866,1200,230926_ML_2.npy,2026-09-23,2026-09-23 03:41:10.728284,7C444D,P28A,PIPER AIRCRAFT CORP,PA-28-181,18419822f51901cce678cb57953c2734b54dfb3304a4531c56639f3b65f3533b,True,5
36867,1201,230926_ML_2.npy,2026-09-23,2026-09-23 03:41:10.800291,7C444D,P28A,PIPER AIRCRAFT CORP,PA-28-181,38b60439406919ec0cb780d9daa69ef0ac1dee5623422f2958b366bb8a697f61,True,2
36869,1203,230926_ML_2.npy,2026-09-23,2026-09-23 03:41:11.147901,7C444D,P28A,PIPER AIRCRAFT CORP,PA-28-181,e8f5ccaa1b193e753934718333939ae6f3bc85371421f2c2411b0dcacbc3ae7e,True,2
36870,1204,230926_ML_2.npy,2026-09-23,2026-09-23 03:41:11.375234,7C444D,P28A,PIPER AIRCRAFT CORP,PA-28-181,ec545eff0f498e2d42ddc904c1b552f4d5dd2294326a5ef71d62ca0d2f7e4e2c,True,4
36871,1205,230926_ML_2.npy,2026-09-23,2026-09-23 03:41:12.833118,7C7144,C172,CESSNA AIRCRAFT COMPANY,172N,b9e6305aeaf13ff4ab19d09ec3caf2d0f361dccb98a630bc531969626247f0f9,True,5
36872,1206,230926_ML_2.npy,2026-09-23,2026-09-23 03:41:12.838057,7C7144,C172,CESSNA AIRCRAFT COMPANY,172N,f2bb5d9e56bf0e50b39dbc510d5c663ca635b70936c12a3ab934760e9913789e,True,1
36873,1207,230926_ML_2.npy,2026-09-23,2026-09-23 03:41:13.901234,7C444D,P28A,PIPER AIRCRAFT CORP,PA-28-181,8580f98f9fca41881f3895645066b0f9584b45111efbf16818c3e85e89e2cac7,True,5
36874,1208,230926_ML_2.npy,2026-09-23,2026-09-23 03:41:14.725412,7C0D65,DA42,DIAMOND AIRCRAFT INDUSTRIES INC.,DA 42,7f64f4f3145cec7f0e1afac4eb7d73475c61006e64c30634e4fbad9ccc90da10,True,5
36875,1209,230926_ML_2.npy,2026-09-23,2026-09-23 03:41:17.509748,7C0D65,DA42,DIAMOND AIRCRAFT INDUSTRIES INC.,DA 42,130645b65f92bba4b38c8e672083c1185bb41e0810c7ad671662ed15ff69c8e1,True,2
36876,1210,230926_ML_2.npy,2026-09-23,2026-09-23 03:41:18.017656,7C0D65,DA42,DIAMOND AIRCRAFT INDUSTRIES INC.,DA 42,6cbe5135f36b61942b47fcd55f0049194b966df7560f6a396fa7eeaa8b6ab050,True,3
36877,1211,230926_ML_2.npy,2026-09-23,2026-09-23 03:41:18.456283,7C444D,P28A,PIPER AIRCRAFT CORP,PA-28-181,d0ba618a2707d4c0455863ec27cd78e3787fa173cbdabffa9a21f7cd3ddde98a,True,4
36878,1212,230926_ML_2.npy,2026-09-23,2026-09-23 03:41:18.717214,7C0D65,DA42,DIAMOND AIRCRAFT INDUSTRIES INC.,DA 42,130645b65f92bba4b38c8e672083c1185bb41e0810c7ad671662ed15ff69c8e1,True,1
36879,1213,230926_ML_2.npy,2026-09-23,2026-09-23 03:41:20.448146,7C444D,P28A,PIPER AIRCRAFT CORP,PA-28-181,e5728117939b197f1e001662ae12dc3e435c150339d8c0d726c6aecb7d481012,True,2
36880,1214,230926_ML_2.npy,2026-09-23,2026-09-23 03:41:21.791581,7C444D,P28A,PIPER AIRCRAFT CORP,PA-28-181,0a712d93c3b436632b6313eca8379ae14858b33e3b9968582f2fdcbbff01ea49,True,2
36881,1215,230926_ML_2.npy,2026-09-23,2026-09-23 03:41:22.001441,7C444D,P28A,PIPER AIRCRAFT CORP,PA-28-181,0035420ad812a4b049b8b6491101edd194520f2afab7f3a160bb9bbf30b966fd,True,1
36882,1216,230926_ML_2.npy,2026-09-23,2026-09-23 03:41:23.170310,7C0D65,DA42,DIAMOND AIRCRAFT INDUSTRIES INC.,DA 42,7b8ecc8aaf8dedbb24578ac735540cc0d977a84e1efa43098fe131837d117f92,True,2
36883,1217,230926_ML_2.npy,2026-09-23,2026-09-23 03:41:24.111378,7C7144,C172,CESSNA AIRCRAFT COMPANY,172N,94b7b303b950cf7d208b57e07d03c21f6b3808fbbd93d81d714e9096022297a8,True,5
36887,1221,230926_ML_2.npy,2026-09-23,2026-09-23 03:41:32.182078,7C0D65,DA42,DIAMOND AIRCRAFT INDUSTRIES INC.,DA 42,49ac9aec55f48aba66a1e78fb8c353586b68981d53b88b1684a3fa8e311ca390,True,4
36889,1223,230926_ML_2.npy,2026-09-23,2026-09-23 03:41:32.251642,7C0D65,DA42,DIAMOND AIRCRAFT INDUSTRIES INC.,DA 42,130645b65f92bba4b38c8e672083c1185bb41e0810c7ad671662ed15ff69c8e1,True,2
36890,1224,230926_ML_2.npy,2026-09-23,2026-09-23 03:41:32.550746,7C0D65,DA42,DIAMOND AIRCRAFT INDUSTRIES INC.,DA 42,590fc3b807dc106959106fb93679dd0dd9b5fe2901ea085c6886e062990df269,True,5
36891,1225,230926_ML_2.npy,2026-09-23,2026-09-23 03:41:32.687502,7C0D65,DA42,DIAMOND AIRCRAFT INDUSTRIES INC.,DA 42,8dd5cf4b1204ebac384489c46bf2be8365fed16b61f57356318a5bd039e384c4,True,3
36896,1230,230926_ML_2.npy,2026-09-23,2026-09-23 03:41:38.320930,7C0D65,DA42,DIAMOND AIRCRAFT INDUSTRIES INC.,DA 42,e27eeac319a7e50a53a21bfbca3e0d93f693e51a8ae7ee2a77d94ddd8f7a7231,True,1
36897,1231,230926_ML_2.npy,2026-09-23,2026-09-23 03:41:38.327037,7C0D65,DA42,DIAMOND AIRCRAFT INDUSTRIES INC.,DA 42,f6eb9f8bbfe7b7c817c6254c7f267b97ccecfb0008f6dba59f9a531e09abd0ed,True,3
36898,1232,230926_ML_2.npy,2026-09-23,2026-09-23 03:41:40.394976,7C0D65,DA42,DIAMOND AIRCRAFT INDUSTRIES INC.,DA 42,6cbe5135f36b61942b47fcd55f0049194b966df7560f6a396fa7eeaa8b6ab050,True,1
36899,1233,230926_ML_2.npy,2026-09-23,2026-09-23 03:41:40.884002,7C0D65,DA42,DIAMOND AIRCRAFT INDUSTRIES INC.,DA 42,39cc0f3c0f0858c29236ba12826376c0f918d50c98affaefaf928920d63fc6a2,True,5
36900,1234,230926_ML_2.npy,2026-09-23,2026-09-23 03:41:42.474818,7C0D65,DA42,DIAMOND AIRCRAFT INDUSTRIES INC.,DA 42,590fc3b807dc106959106fb93679dd0dd9b5fe2901ea085c6886e062990df269,True,5
36914,1248,230926_ML_2.npy,2026-09-23,2026-09-23 03:42:05.225356,7C7B5F,DA40,DIAMOND AIRCRAFT INDUSTRIES INC.,DA 40,b3e6c120b4ad8b803a9f8d73365f5dfea2458267113f0e9dac2e320b6ace0564,True,2
36933,1267,230926_ML_2.npy,2026-09-23,2026-09-23 03:43:02.804407,7C7144,C172,CESSNA AIRCRAFT COMPANY,172N,b27ff2612dc30afa20cb1c61cd83fb286ec8dd8d12d5438cbae60becf00708f9,True,1
36935,1269,230926_ML_2.npy,2026-09-23,2026-09-23 03:43:08.259844,7C7144,C172,CESSNA AIRCRAFT COMPANY,172N,3b0821d3b05f313af02a088a2353ebd3b8c1dc8a272f5dc2f3be5215160d8358,True,3
36937,1271,230926_ML_2.npy,2026-09-23,2026-09-23 03:43:13.914510,7C7144,C172,CESSNA AIRCRAFT COMPANY,172N,25ecffd02a618058de3b2945417e026c76c8237f5d9bff411fb8d6879bd15d24,True,5
36940,1274,230926_ML_2.npy,2026-09-23,2026-09-23 03:43:19.261301,7C7144,C172,CESSNA AIRCRAFT COMPANY,172N,d1b0fa50229e0d1352b276bee018b6797bd6b67085d8aaa7c67150b3f8007994,True,1
36942,1276,230926_ML_2.npy,2026-09-23,2026-09-23 03:43:21.693224,7C7144,C172,CESSNA AIRCRAFT COMPANY,172N,e7f7af22e703fd3f20ed13fe1325b6b8bfe88a02a7ddb037d93989ee2e4698ac,True,5
36944,1278,230926_ML_2.npy,2026-09-23,2026-09-23 03:43:23.160558,7C7144,C172,CESSNA AIRCRAFT COMPANY,172N,99a764619ab0cd8206b1855361c42df07ea60e86d02bbf3210957d0b5c09a2d9,True,3
36948,1282,230926_ML_2.npy,2026-09-23,2026-09-23 03:43:29.375833,7C7144,C172,CESSNA AIRCRAFT COMPANY,172N,bc564e432df3b8004a07ef5b634b2183a5ead845076f7350f49e3b0374d94b32,True,1
36950,1284,230926_ML_2.npy,2026-09-23,2026-09-23 03:43:30.545556,7C7144,C172,CESSNA AIRCRAFT COMPANY,172N,d20f232a47a470f316a59cd988568430c351bffec2b8fede9dcb57d84612f6d4,True,5
36957,1291,230926_ML_2.npy,2026-09-23,2026-09-23 03:43:43.570739,7C7144,C172,CESSNA AIRCRAFT COMPANY,172N,cfe3096c47687a35ef91503b157d51b25f57a424c6e6112e252c2df041bab4be,True,2
36964,1298,230926_ML_2.npy,2026-09-23,2026-09-23 03:45:31.200705,7C7144,C172,CESSNA AIRCRAFT COMPANY,172N,136ffacc272cbee173e06e438c5ffd2a6a0fc410dda4187845edb852f1349b3c,True,3
36967,1301,230926_ML_2.npy,2026-09-23,2026-09-23 03:45:36.076354,7C7144,C172,CESSNA AIRCRAFT COMPANY,172N,8c9c95a7a1b5790204cbe5d57298d1a24c29ca6ef36d942220c6db96afe6c249,True,2
36969,1303,230926_ML_2.npy,2026-09-23,2026-09-23 03:46:00.726095,7C7144,C172,CESSNA AIRCRAFT COMPANY,172N,47efe4847e0659fdd77852be68c0ba2a9a3c3ae5b028a14b6ca024de3a0de448,True,2
36970,1304,230926_ML_2.npy,2026-09-23,2026-09-23 03:46:02.143549,7C7144,C172,CESSNA AIRCRAFT COMPANY,172N,e6102e29d1c9e3cb565a6f7ff188147db2f7541c6d85ad4c8385d21b81f8693f,True,2
36975,1309,230926_ML_2.npy,2026-09-23,2026-09-23 03:46:04.178373,7C7144,C172,CESSNA AIRCRAFT COMPANY,172N,e98a65918fb1a9562f865dba10da9f175f4c07457ae7056d720a3550da196597,True,5
36993,1327,230926_ML_2.npy,2026-09-23,2026-09-23 03:47:11.098975,7C7144,C172,CESSNA AIRCRAFT COMPANY,172N,e996c89b1d262ab23a0f1e2fe7f73024b522c509c3069f474f066a65252af79d,True,3
36994,1328,230926_ML_2.npy,2026-09-23,2026-09-23 03:47:14.192660,7C7144,C172,CESSNA AIRCRAFT COMPANY,172N,139f992255f206237c73e676451ee0b4abecdfce9675495f230ebffe0f527ac1,True,2
37001,1335,230926_ML_2.npy,2026-09-23,2026-09-23 03:47:30.026116,7C7144,C172,CESSNA AIRCRAFT COMPANY,172N,ec2e92ac8bdee0c50a314885f12e43accad6d2329e8ed79fdbf59584ddc33855,True,5
37002,1336,230926_ML_2.npy,2026-09-23,2026-09-23 03:47:30.031488,7C7144,C172,CESSNA AIRCRAFT COMPANY,172N,8cd9dd1992869b049ac58b3c53f690c35ebbe3a725e102cb33273b44701c87a4,True,4
37006,3,230926_ML_3.npy,2026-09-23,2026-09-23 04:43:12.542446,7C7BD9,DA42,DIAMOND AIRCRAFT INDUSTRIES INC.,DA 42,c81ba717947e067f71569a68824e48400104c5b5fdde2bc4c7123c04289228ef,True,4
37009,6,230926_ML_3.npy,2026-09-23,2026-09-23 04:43:14.115848,7C7BD9,DA42,DIAMOND AIRCRAFT INDUSTRIES INC.,DA 42,da230f606288cbb204585d4358946020ce9bd89ec8785a8c1f914ac0c85208a9,True,5
37010,7,230926_ML_3.npy,2026-09-23,2026-09-23 04:43:14.662651,7C7BD9,DA42,DIAMOND AIRCRAFT INDUSTRIES INC.,DA 42,8d5963b9a9dfb72cbb9e8a06669d0b2a1557900b14e71b7cd4053528602e9006,True,4
37015,12,230926_ML_3.npy,2026-09-23,2026-09-23 04:43:19.046446,7C7BD9,DA42,DIAMOND AIRCRAFT INDUSTRIES INC.,DA 42,bdcd313070cd6d0474537abbbea52a8784d0bc775f946c1cd476c35486dac303,True,3
37017,14,230926_ML_3.npy,2026-09-23,2026-09-23 04:43:23.064849,7C7BD9,DA42,DIAMOND AIRCRAFT INDUSTRIES INC.,DA 42,05cc5ecabf0a61193c1f0ee5a4e3c83d66b41e9a3f86147db06983799b1ba00c,True,5
37018,15,230926_ML_3.npy,2026-09-23,2026-09-23 04:43:24.030340,7C7BD9,DA42,DIAMOND AIRCRAFT INDUSTRIES INC.,DA 42,3d598703ba9f905ff8ccc27c52810f7dfa3731ef3abcdb02a15ab874d1d3fa61,True,3
37019,16,230926_ML_3.npy,2026-09-23,2026-09-23 04:43:24.037831,7C7BD9,DA42,DIAMOND AIRCRAFT INDUSTRIES INC.,DA 42,0fd6986b5b84e5fc5472ef38f168b22270701a7748ffbd9df8c1b1af4832d7c1,True,3
37021,18,230926_ML_3.npy,2026-09-23,2026-09-23 04:43:24.970963,7C7BD9,DA42,DIAMOND AIRCRAFT INDUSTRIES INC.,DA 42,155d34f2dc47a547c66f53b87c729289e4972102f40b9b53acab2d6817b5369a,True,2
37022,19,230926_ML_3.npy,2026-09-23,2026-09-23 04:43:26.815622,7C7BD9,DA42,DIAMOND AIRCRAFT INDUSTRIES INC.,DA 42,8acf515b74eb5162b8e7fe76be997865d7582e5bddf51f60622ab6904f65d890,True,3
37025,22,230926_ML_3.npy,2026-09-23,2026-09-23 04:43:26.905519,7C7BD9,DA42,DIAMOND AIRCRAFT INDUSTRIES INC.,DA 42,396ac8b60f473732e5b346da79169e1864bcdd414e4091ae93430ec4353576eb,True,1
37026,23,230926_ML_3.npy,2026-09-23,2026-09-23 04:43:27.347213,7C7BD9,DA42,DIAMOND AIRCRAFT INDUSTRIES INC.,DA 42,55d7446b616fe3e19d77912ead6143a66f66ffb15ac89cd911ffc47e3ae196be,True,2
37027,24,230926_ML_3.npy,2026-09-23,2026-09-23 04:43:27.351155,7C7BD9,DA42,DIAMOND AIRCRAFT INDUSTRIES INC.,DA 42,714d07b3456681bbe836338c1b3f965174618efabaee07b27610836aa3587afe,True,2
37030,27,230926_ML_3.npy,2026-09-23,2026-09-23 04:43:30.227809,7C7BD9,DA42,DIAMOND AIRCRAFT INDUSTRIES INC.,DA 42,a3b87262355d572731d78eaa08c7048fa6d97cfb9b7c9d2eadf1e29a13627e76,True,4
37032,29,230926_ML_3.npy,2026-09-23,2026-09-23 04:43:30.711066,7C7BD9,DA42,DIAMOND AIRCRAFT INDUSTRIES INC.,DA 42,eff257b9cc62a52756801e8e9f091c38661ffa1a204191ec518f9519d6e5113a,True,2
37033,30,230926_ML_3.npy,2026-09-23,2026-09-23 04:43:32.361973,7C7BD9,DA42,DIAMOND AIRCRAFT INDUSTRIES INC.,DA 42,333a664e30ed07809896e9d1f1357647a892dea59ecb35c2e59380e2089e81c6,True,2
37035,32,230926_ML_3.npy,2026-09-23,2026-09-23 04:43:36.442318,7C7BD9,DA42,DIAMOND AIRCRAFT INDUSTRIES INC.,DA 42,0839fa69acf793eb67d99346099d58ebd2c84a1f7d204da74bb933cee64856d4,True,3
37038,35,230926_ML_3.npy,2026-09-23,2026-09-23 04:43:36.853063,7C7BD9,DA42,DIAMOND AIRCRAFT INDUSTRIES INC.,DA 42,478cf09c7b15ab4a59557d79aa1644edf59bbbe12d40860ad6e6aa2267eb35e9,True,4
37056,53,230926_ML_3.npy,2026-09-23,2026-09-23 04:43:56.022606,7C0077,DA40,DIAMOND AIRCRAFT INDUSTRIES INC.,DA 40,f2d9453c39a4d46702ba4d45a182448832177310588de30aa5895eeffb66792d,True,4
37077,74,230926_ML_3.npy,2026-09-23,2026-09-23 04:46:16.959925,7C7BD9,DA42,DIAMOND AIRCRAFT INDUSTRIES INC.,DA 42,8acf515b74eb5162b8e7fe76be997865d7582e5bddf51f60622ab6904f65d890,True,2
37079,76,230926_ML_3.npy,2026-09-23,2026-09-23 04:46:20.277863,7C7BD9,DA42,DIAMOND AIRCRAFT INDUSTRIES INC.,DA 42,aca254572c43ed94445efc2a014a43721397f0d860b060174c3c0cf19362d3b1,True,3
37082,79,230926_ML_3.npy,2026-09-23,2026-09-23 04:46:41.137738,7C7BD9,DA42,DIAMOND AIRCRAFT INDUSTRIES INC.,DA 42,d9912af93c1ba9621e4e6c739a819abd3863edc88c116fc1f5f021ab19c2ac6a,True,3
37085,82,230926_ML_3.npy,2026-09-23,2026-09-23 04:47:02.803726,7C7BD9,DA42,DIAMOND AIRCRAFT INDUSTRIES INC.,DA 42,3a21ce96530de5fa49c71c25f3ab265eaa6f7efb4bff794c206e8d2f8b460820,True,5
37086,83,230926_ML_3.npy,2026-09-23,2026-09-23 04:47:03.364884,7C7BD9,DA42,DIAMOND AIRCRAFT INDUSTRIES INC.,DA 42,e5f28eee0cba51ebea89b30093133bc619d8e53f58be5fe8a0605d1cbeb7d16c,True,4
37087,84,230926_ML_3.npy,2026-09-23,2026-09-23 04:47:07.926410,7C7BD9,DA42,DIAMOND AIRCRAFT INDUSTRIES INC.,DA 42,328c0fbda092b7919a13530980247e39bac898af52b5f0176d8f809d47fa0a58,True,4
37088,85,230926_ML_3.npy,2026-09-23,2026-09-23 04:47:12.832694,7C7BD9,DA42,DIAMOND AIRCRAFT INDUSTRIES INC.,DA 42,dc50e85811ce3589796b08852fe3df3d5485fdbb0f2c8814d05e2bb4a67c45f5,True,4
37126,123,230926_ML_3.npy,2026-09-23,2026-09-23 04:49:12.032768,7C7BD9,DA42,DIAMOND AIRCRAFT INDUSTRIES INC.,DA 42,b7986a40df2db7bbb51e517c7d80aa83e156d646ce55f34128606c6532b66a88,True,3
37127,124,230926_ML_3.npy,2026-09-23,2026-09-23 04:49:12.038664,7C7BD9,DA42,DIAMOND AIRCRAFT INDUSTRIES INC.,DA 42,dd1941686070bce3b8e88e5c99dffb4748aab6c174698394fc94eacc94527fda,True,1
37128,125,230926_ML_3.npy,2026-09-23,2026-09-23 04:49:13.698093,7C7BD9,DA42,DIAMOND AIRCRAFT INDUSTRIES INC.,DA 42,8acf515b74eb5162b8e7fe76be997865d7582e5bddf51f60622ab6904f65d890,True,1
37129,126,230926_ML_3.npy,2026-09-23,2026-09-23 04:49:13.984977,7C7BD9,DA42,DIAMOND AIRCRAFT INDUSTRIES INC.,DA 42,497a44050bb4aa3884ef340e6333d440abdd64bf1d431bf91b540cab1f1eebca,True,5
37130,127,230926_ML_3.npy,2026-09-23,2026-09-23 04:49:18.189529,7C7BD9,DA42,DIAMOND AIRCRAFT INDUSTRIES INC.,DA 42,ed8f0df77db96134cb6d0a09113f177736dae6f87518fb6d1406337a051dfc01,True,4
37131,128,230926_ML_3.npy,2026-09-23,2026-09-23 04:49:26.708970,7C7BD9,DA42,DIAMOND AIRCRAFT INDUSTRIES INC.,DA 42,89c35e292e6343f06b0a414eaf79ced06cd8132cb7a9474bc4df0816e1ffa535,True,2
37132,129,230926_ML_3.npy,2026-09-23,2026-09-23 04:49:26.714591,7C7BD9,DA42,DIAMOND AIRCRAFT INDUSTRIES INC.,DA 42,90bc44c121d30d0464b63c87497e1c8ef343d5ae8375a07edb371444abf817c8,True,4
37134,131,230926_ML_3.npy,2026-09-23,2026-09-23 04:49:34.723982,7C7BD9,DA42,DIAMOND AIRCRAFT INDUSTRIES INC.,DA 42,eff257b9cc62a52756801e8e9f091c38661ffa1a204191ec518f9519d6e5113a,True,5
37137,134,230926_ML_3.npy,2026-09-23,2026-09-23 04:49:36.349342,7C7BD9,DA42,DIAMOND AIRCRAFT INDUSTRIES INC.,DA 42,22569dcbb61c608f794b004eb4133f55c6b3f4d2da7a212ba8a3dda21d223419,True,3
37139,136,230926_ML_3.npy,2026-09-23,2026-09-23 04:49:37.359951,7C7BD9,DA42,DIAMOND AIRCRAFT INDUSTRIES INC.,DA 42,c4974b764d7e581e1b4aa7af284fe504983579789fc4e4273e04796baa36191f,True,5
37141,138,230926_ML_3.npy,2026-09-23,2026-09-23 04:49:37.859865,7C7BD9,DA42,DIAMOND AIRCRAFT INDUSTRIES INC.,DA 42,840b81c513780022d52aa0726fddea55c08369e737912e367d59fd278a762b7b,True,4
37144,141,230926_ML_3.npy,2026-09-23,2026-09-23 04:49:39.426805,7C7BD9,DA42,DIAMOND AIRCRAFT INDUSTRIES INC.,DA 42,dc099472ff896697638a2c1e132dd46797818218efebf79113ea971527045c2c,True,3
37151,148,230926_ML_3.npy,2026-09-23,2026-09-23 04:49:45.064115,7C7BD9,DA42,DIAMOND AIRCRAFT INDUSTRIES INC.,DA 42,ed05c86cf59ba621af4418ee7ca9fe020dd19e7c519e6a0ba23a13031f916d4f,True,3
37152,149,230926_ML_3.npy,2026-09-23,2026-09-23 04:49:45.080694,7C0074,C172,CESSNA AIRCRAFT COMPANY,172S,b081da300a60f59627ea62198029ff8a9e169d5490452b583829bd8461212ab4,True,4
37157,154,230926_ML_3.npy,2026-09-23,2026-09-23 04:49:52.715947,7C0074,C172,CESSNA AIRCRAFT COMPANY,172S,b081da300a60f59627ea62198029ff8a9e169d5490452b583829bd8461212ab4,True,1
37159,156,230926_ML_3.npy,2026-09-23,2026-09-23 04:49:55.734836,7C0074,C172,CESSNA AIRCRAFT COMPANY,172S,7c8ee3a1d6cee3c04d9b197ad1a0c7f46020ee825ca27cdede2a7a927879306d,True,3
37170,167,230926_ML_3.npy,2026-09-23,2026-09-23 04:50:04.630829,7C0074,C172,CESSNA AIRCRAFT COMPANY,172S,ed73433b6af54a07f7b7701905148db7606f297ed94c328d301a4e88d80a9dea,True,5
37183,180,230926_ML_3.npy,2026-09-23,2026-09-23 04:50:19.377387,7C0074,C172,CESSNA AIRCRAFT COMPANY,172S,ce83fbc4fe7eabb933511ef18778aafe49c7289705d7eeb79fa70a7ad9d766ad,True,5
37184,181,230926_ML_3.npy,2026-09-23,2026-09-23 04:50:21.361770,7C0074,C172,CESSNA AIRCRAFT COMPANY,172S,c88cd1207dab6396bef141521c1a860c4eb1564891aa10b0b48793976ceb899a,True,5
37191,188,230926_ML_3.npy,2026-09-23,2026-09-23 04:52:32.067614,7C7BD9,DA42,DIAMOND AIRCRAFT INDUSTRIES INC.,DA 42,9d90a4c98a735fa683e84e7fb9c107e6abc39c52e650ee4f64d0510bff69d22b,True,4
37194,191,230926_ML_3.npy,2026-09-23,2026-09-23 04:52:36.270406,7C7BD9,DA42,DIAMOND AIRCRAFT INDUSTRIES INC.,DA 42,94c08d634fa6ea70837215086cf5262b60a37938b9c0b2cb47c9d6c8418156dc,True,4
37196,193,230926_ML_3.npy,2026-09-23,2026-09-23 04:52:37.228638,7C7BD9,DA42,DIAMOND AIRCRAFT INDUSTRIES INC.,DA 42,78d716bb42b52678a2995afa18b727ab6c58b6b8bf76c494aa54a7e1ef26181d,True,1
37197,194,230926_ML_3.npy,2026-09-23,2026-09-23 04:52:37.234980,7C7BD9,DA42,DIAMOND AIRCRAFT INDUSTRIES INC.,DA 42,3d72a948c630cd1d107154bf889962db3520478ab1bd00c851884034b76a4fb7,True,4
37198,195,230926_ML_3.npy,2026-09-23,2026-09-23 04:52:38.231654,7C7BD9,DA42,DIAMOND AIRCRAFT INDUSTRIES INC.,DA 42,606f310ee8521f6f32a6781d7cade1f3752f4e82cd5aa1fc450c761dab835c7f,True,1
37199,196,230926_ML_3.npy,2026-09-23,2026-09-23 04:52:40.485315,7C7BD9,DA42,DIAMOND AIRCRAFT INDUSTRIES INC.,DA 42,eff257b9cc62a52756801e8e9f091c38661ffa1a204191ec518f9519d6e5113a,True,4
37200,197,230926_ML_3.npy,2026-09-23,2026-09-23 04:52:56.661146,7C7BD9,DA42,DIAMOND AIRCRAFT INDUSTRIES INC.,DA 42,8acf515b74eb5162b8e7fe76be997865d7582e5bddf51f60622ab6904f65d890,True,1
37201,198,230926_ML_3.npy,2026-09-23,2026-09-23 04:53:04.754343,7C7BD9,DA42,DIAMOND AIRCRAFT INDUSTRIES INC.,DA 42,e56896df4fad4693855c628072ddfa07d5cbcc20ac8b92ec52931fdad50d92ab,True,2
37204,201,230926_ML_3.npy,2026-09-23,2026-09-23 04:53:14.302306,7C7BD9,DA42,DIAMOND AIRCRAFT INDUSTRIES INC.,DA 42,28d7a3b59de797bf47824ae3917aca22ec07e7919759aee16e5d13209176cfe0,True,4
37206,203,230926_ML_3.npy,2026-09-23,2026-09-23 04:53:26.612502,7C7BD9,DA42,DIAMOND AIRCRAFT INDUSTRIES INC.,DA 42,ed05c86cf59ba621af4418ee7ca9fe020dd19e7c519e6a0ba23a13031f916d4f,True,5
37208,205,230926_ML_3.npy,2026-09-23,2026-09-23 04:53:45.505651,7C7BD9,DA42,DIAMOND AIRCRAFT INDUSTRIES INC.,DA 42,7d5db387907e9d328e4344ad1e682ac20c7a715bb56cd439b7a8be8f641de754,True,4
37215,212,230926_ML_3.npy,2026-09-23,2026-09-23 04:54:18.903291,7C7BD9,DA42,DIAMOND AIRCRAFT INDUSTRIES INC.,DA 42,bf49330cfa4bc86a94736e7dabf643e5b8f94dce13b0f02e57776608c8c6d89a,True,1
37220,217,230926_ML_3.npy,2026-09-23,2026-09-23 04:54:28.550585,7C0074,C172,CESSNA AIRCRAFT COMPANY,172S,b081da300a60f59627ea62198029ff8a9e169d5490452b583829bd8461212ab4,True,5
37225,222,230926_ML_3.npy,2026-09-23,2026-09-23 04:54:32.667238,7C0074,C172,CESSNA AIRCRAFT COMPANY,172S,cff3b12a5b76ddad7d014fe620e2b45ebc5ad7b2bd0238ba5ee6f842ead338dc,True,5
37232,229,230926_ML_3.npy,2026-09-23,2026-09-23 04:54:42.545260,7C0074,C172,CESSNA AIRCRAFT COMPANY,172S,c8d740d63870715a7d3b254b30a59ba9e4792d6845bd69c2174ebac9ae5452e4,True,1
37238,235,230926_ML_3.npy,2026-09-23,2026-09-23 04:54:54.078958,7C0074,C172,CESSNA AIRCRAFT COMPANY,172S,3ce829d796f623bc10b62eec37b1757bce3174127e4aaa92e7bccd065065c308,True,2
37245,242,230926_ML_3.npy,2026-09-23,2026-09-23 04:55:05.549969,7C7BD9,DA42,DIAMOND AIRCRAFT INDUSTRIES INC.,DA 42,ea6acf3b18230b0b56805dae8bd40a7f3f9355497ccaa14f40953b74739959f3,True,1
37248,245,230926_ML_3.npy,2026-09-23,2026-09-23 04:55:07.959614,7C7BD9,DA42,DIAMOND AIRCRAFT INDUSTRIES INC.,DA 42,7bc14dd9cdc912204809e3fabe1f71249c5c7f0415a8deffd023b3d1d3142459,True,4
37250,247,230926_ML_3.npy,2026-09-23,2026-09-23 04:55:10.645271,7C7BD9,DA42,DIAMOND AIRCRAFT INDUSTRIES INC.,DA 42,42816d34bc06d8892231353783916ff71a4f160f7658be26c8dee067fd03499b,True,5
37253,250,230926_ML_3.npy,2026-09-23,2026-09-23 04:55:10.706720,7C7BD9,DA42,DIAMOND AIRCRAFT INDUSTRIES INC.,DA 42,eff257b9cc62a52756801e8e9f091c38661ffa1a204191ec518f9519d6e5113a,True,2
37256,253,230926_ML_3.npy,2026-09-23,2026-09-23 04:55:14.709045,7C7BD9,DA42,DIAMOND AIRCRAFT INDUSTRIES INC.,DA 42,806f12fb47a4259b127699c9216ea29677adfb926744a65d007ca7b91ee16c08,True,1
37257,254,230926_ML_3.npy,2026-09-23,2026-09-23 04:55:14.972369,7C7BD9,DA42,DIAMOND AIRCRAFT INDUSTRIES INC.,DA 42,b406ce177069cd7f5383c53563f969ab6d3a1de4f75934da94a2cac08104c48a,True,3
37258,255,230926_ML_3.npy,2026-09-23,2026-09-23 04:55:15.367239,7C7BD9,DA42,DIAMOND AIRCRAFT INDUSTRIES INC.,DA 42,405a902b48d199a48c23a5232b0adb41c9952381325f828d0743c6866778e368,True,1
37259,256,230926_ML_3.npy,2026-09-23,2026-09-23 04:55:15.716257,7C7BD9,DA42,DIAMOND AIRCRAFT INDUSTRIES INC.,DA 42,eff257b9cc62a52756801e8e9f091c38661ffa1a204191ec518f9519d6e5113a,True,2
37260,257,230926_ML_3.npy,2026-09-23,2026-09-23 04:55:15.797432,7C7BD9,DA42,DIAMOND AIRCRAFT INDUSTRIES INC.,DA 42,8002debf8f261280e733fcf56acb5f261a5492ef7a4846b9f797843ea9dc80a0,True,1
37262,259,230926_ML_3.npy,2026-09-23,2026-09-23 04:55:16.243131,7C7BD9,DA42,DIAMOND AIRCRAFT INDUSTRIES INC.,DA 42,b406ce177069cd7f5383c53563f969ab6d3a1de4f75934da94a2cac08104c48a,True,3
37263,260,230926_ML_3.npy,2026-09-23,2026-09-23 04:55:16.371732,7C7BD9,DA42,DIAMOND AIRCRAFT INDUSTRIES INC.,DA 42,5cdf84a9a17e4c238ceb27507b9bd336e1ff31ee9c68b4c7236fc67327c3bcfc,True,4
37264,261,230926_ML_3.npy,2026-09-23,2026-09-23 04:55:20.587601,7C7BD9,DA42,DIAMOND AIRCRAFT INDUSTRIES INC.,DA 42,eff257b9cc62a52756801e8e9f091c38661ffa1a204191ec518f9519d6e5113a,True,2
37265,262,230926_ML_3.npy,2026-09-23,2026-09-23 04:55:20.711117,7C7BD9,DA42,DIAMOND AIRCRAFT INDUSTRIES INC.,DA 42,a5bed9adcaa475ac586534bb0b53db4ab7ee0417f39f65b98a4081d48959e380,True,4
37266,263,230926_ML_3.npy,2026-09-23,2026-09-23 04:55:20.716808,7C7BD9,DA42,DIAMOND AIRCRAFT INDUSTRIES INC.,DA 42,b02d9100842299c69ceba174385e7b9e0e8bc18298be185d1d34c4dcd068ef7e,True,1
37267,264,230926_ML_3.npy,2026-09-23,2026-09-23 04:55:21.209297,7C7BD9,DA42,DIAMOND AIRCRAFT INDUSTRIES INC.,DA 42,b406ce177069cd7f5383c53563f969ab6d3a1de4f75934da94a2cac08104c48a,True,5
37272,269,230926_ML_3.npy,2026-09-23,2026-09-23 04:55:26.821121,7C7BD9,DA42,DIAMOND AIRCRAFT INDUSTRIES INC.,DA 42,ed05c86cf59ba621af4418ee7ca9fe020dd19e7c519e6a0ba23a13031f916d4f,True,1
37273,270,230926_ML_3.npy,2026-09-23,2026-09-23 04:55:27.134269,7C7BD9,DA42,DIAMOND AIRCRAFT INDUSTRIES INC.,DA 42,da37b4f64c09ef9604d06c5ebeedb70e11693465980ea8647d91af0b70fa81c2,True,3
37274,271,230926_ML_3.npy,2026-09-23,2026-09-23 04:55:29.992320,7C7BD9,DA42,DIAMOND AIRCRAFT INDUSTRIES INC.,DA 42,b81519fd1f089aa4b2fb870fc29f929d8c2bba188894de65816ba4a92bd3c2fe,True,5
37284,281,230926_ML_3.npy,2026-09-23,2026-09-23 04:55:39.184085,7C7BD9,DA42,DIAMOND AIRCRAFT INDUSTRIES INC.,DA 42,ed05c86cf59ba621af4418ee7ca9fe020dd19e7c519e6a0ba23a13031f916d4f,True,3
37293,290,230926_ML_3.npy,2026-09-23,2026-09-23 04:55:59.313336,7C1689,DA40,DIAMOND AIRCRAFT INDUSTRIES INC.,DA 40,89572dc49ef955e3fa0ddd99842c395dc5248ff7ef54cbd0e32b8f6f2db19921,True,4
37294,291,230926_ML_3.npy,2026-09-23,2026-09-23 04:55:59.317237,7C1689,DA40,DIAMOND AIRCRAFT INDUSTRIES INC.,DA 40,6808eae53b5364bd3000fb2400aba3bc9d1ca39417e27f3d80f771a37350137c,True,4
37299,296,230926_ML_3.npy,2026-09-23,2026-09-23 04:56:08.137438,7C1689,DA40,DIAMOND AIRCRAFT INDUSTRIES INC.,DA 40,27274dfba628b75e6065d9f16a50237725b20130cea9197b23f489907d4c6ba5,True,3
37307,304,230926_ML_3.npy,2026-09-23,2026-09-23 04:57:49.529036,7C7BD9,DA42,DIAMOND AIRCRAFT INDUSTRIES INC.,DA 42,b406ce177069cd7f5383c53563f969ab6d3a1de4f75934da94a2cac08104c48a,True,2
37308,305,230926_ML_3.npy,2026-09-23,2026-09-23 04:57:51.456426,7C7BD9,DA42,DIAMOND AIRCRAFT INDUSTRIES INC.,DA 42,7646cdd23bc2dc058da0cdbdf25edde903b9a1fc33e47e47e04db49ee8a8e00c,True,5
37311,308,230926_ML_3.npy,2026-09-23,2026-09-23 04:57:59.370585,7C7BD9,DA42,DIAMOND AIRCRAFT INDUSTRIES INC.,DA 42,a77dadee56147d25f5bd22f8e2d8ca605f238b53383767eecc8a5a34e1c98650,True,3
37312,309,230926_ML_3.npy,2026-09-23,2026-09-23 04:57:59.378214,7C7BD9,DA42,DIAMOND AIRCRAFT INDUSTRIES INC.,DA 42,3fe659d3a0d5f8b0b8b2e3573d287c2665eeda5d830209745ba047774c48869e,True,4
37314,311,230926_ML_3.npy,2026-09-23,2026-09-23 04:58:18.407834,7C7BD9,DA42,DIAMOND AIRCRAFT INDUSTRIES INC.,DA 42,b406ce177069cd7f5383c53563f969ab6d3a1de4f75934da94a2cac08104c48a,True,3
37315,312,230926_ML_3.npy,2026-09-23,2026-09-23 04:58:20.045358,7C7BD9,DA42,DIAMOND AIRCRAFT INDUSTRIES INC.,DA 42,405a902b48d199a48c23a5232b0adb41c9952381325f828d0743c6866778e368,True,5
37318,315,230926_ML_3.npy,2026-09-23,2026-09-23 04:58:21.479104,7C67D7,C172,CESSNA AIRCRAFT COMPANY,172S,6a362e72ebb3fe310d3d56f7684c0cb20a767cb85073cecf515328918be84656,True,2
37322,319,230926_ML_3.npy,2026-09-23,2026-09-23 04:58:43.463926,7C7BD9,DA42,DIAMOND AIRCRAFT INDUSTRIES INC.,DA 42,b406ce177069cd7f5383c53563f969ab6d3a1de4f75934da94a2cac08104c48a,True,2
37328,325,230926_ML_3.npy,2026-09-23,2026-09-23 04:58:46.374919,7C7BD9,DA42,DIAMOND AIRCRAFT INDUSTRIES INC.,DA 42,ed05c86cf59ba621af4418ee7ca9fe020dd19e7c519e6a0ba23a13031f916d4f,True,1
37332,329,230926_ML_3.npy,2026-09-23,2026-09-23 04:58:54.751137,7C7BD9,DA42,DIAMOND AIRCRAFT INDUSTRIES INC.,DA 42,b406ce177069cd7f5383c53563f969ab6d3a1de4f75934da94a2cac08104c48a,True,3
37337,334,230926_ML_3.npy,2026-09-23,2026-09-23 04:59:08.122773,7C0074,C172,CESSNA AIRCRAFT COMPANY,172S,5850f56b1bb2103f6cc3eb1831b29840be50604d3a7dfec93ffdec53901080e2,True,3
37342,339,230926_ML_3.npy,2026-09-23,2026-09-23 04:59:13.261225,7C0074,C172,CESSNA AIRCRAFT COMPANY,172S,976503016d5c665f8473bf214ed2d2caffef23bfff0437fc180c3b57dd0def7a,True,4
37346,343,230926_ML_3.npy,2026-09-23,2026-09-23 04:59:17.377943,7C0074,C172,CESSNA AIRCRAFT COMPANY,172S,8a208172bffd5819f6b7a7d6e009bd3c5b1220c21befa200f6be18aeaad2f1e0,True,1
37356,353,230926_ML_3.npy,2026-09-23,2026-09-23 04:59:24.354172,7C0074,C172,CESSNA AIRCRAFT COMPANY,172S,53534732c6d308aceb9e983c578a451ee99a50c79e095e3f87f1aab790b7a379,True,4
37357,354,230926_ML_3.npy,2026-09-23,2026-09-23 04:59:25.985988,7C0074,C172,CESSNA AIRCRAFT COMPANY,172S,dbb34f96bfcef5bc8202fc018e2614a4d1817c9e4ee40941fa7877d02332fc6e,True,5
37361,358,230926_ML_3.npy,2026-09-23,2026-09-23 04:59:28.360227,7C0074,C172,CESSNA AIRCRAFT COMPANY,172S,df07dc5498d2076a707eb94e13ababc344ef6beef78f08edcce1e34b815d7f9b,True,3
37362,359,230926_ML_3.npy,2026-09-23,2026-09-23 04:59:28.434563,7C0074,C172,CESSNA AIRCRAFT COMPANY,172S,b081da300a60f59627ea62198029ff8a9e169d5490452b583829bd8461212ab4,True,1
37365,362,230926_ML_3.npy,2026-09-23,2026-09-23 04:59:32.163541,7C0074,C172,CESSNA AIRCRAFT COMPANY,172S,b081da300a60f59627ea62198029ff8a9e169d5490452b583829bd8461212ab4,True,4
37370,367,230926_ML_3.npy,2026-09-23,2026-09-23 04:59:38.393883,7C0074,C172,CESSNA AIRCRAFT COMPANY,172S,b081da300a60f59627ea62198029ff8a9e169d5490452b583829bd8461212ab4,True,4
37378,375,230926_ML_3.npy,2026-09-23,2026-09-23 05:00:33.175592,7C7BD9,DA42,DIAMOND AIRCRAFT INDUSTRIES INC.,DA 42,93db8a46619a93a91b624e2f840572d10558627da573b05baed36fe317441244,True,2
37386,383,230926_ML_3.npy,2026-09-23,2026-09-23 05:00:38.489044,7C7BD9,DA42,DIAMOND AIRCRAFT INDUSTRIES INC.,DA 42,b406ce177069cd7f5383c53563f969ab6d3a1de4f75934da94a2cac08104c48a,True,1
37389,386,230926_ML_3.npy,2026-09-23,2026-09-23 05:00:43.201085,7C67D7,C172,CESSNA AIRCRAFT COMPANY,172S,a2bd1d6dc4822e8edecc4dd9a212cdf98f1c140f1b8b011fe37872da188df111,True,4
37390,387,230926_ML_3.npy,2026-09-23,2026-09-23 05:00:44.144800,7C67D7,C172,CESSNA AIRCRAFT COMPANY,172S,a514c70131dcd348e6b8f2d5575d5fe9afb5eb5ce46773895e1be2e8436087fa,True,5
37393,390,230926_ML_3.npy,2026-09-23,2026-09-23 05:00:46.696753,7C67D7,C172,CESSNA AIRCRAFT COMPANY,172S,0e5304e59aaece5e448b0477979448714ce1ee51c93e2f846d5040c720a10d2b,True,4
37400,397,230926_ML_3.npy,2026-09-23,2026-09-23 05:00:51.130638,7C7BD9,DA42,DIAMOND AIRCRAFT INDUSTRIES INC.,DA 42,eff257b9cc62a52756801e8e9f091c38661ffa1a204191ec518f9519d6e5113a,True,2
37405,402,230926_ML_3.npy,2026-09-23,2026-09-23 05:00:56.096672,7C7BD9,DA42,DIAMOND AIRCRAFT INDUSTRIES INC.,DA 42,eff257b9cc62a52756801e8e9f091c38661ffa1a204191ec518f9519d6e5113a,True,3
37406,403,230926_ML_3.npy,2026-09-23,2026-09-23 05:00:56.109393,7C7BD9,DA42,DIAMOND AIRCRAFT INDUSTRIES INC.,DA 42,b406ce177069cd7f5383c53563f969ab6d3a1de4f75934da94a2cac08104c48a,True,1
37409,406,230926_ML_3.npy,2026-09-23,2026-09-23 05:01:02.259617,7C67D7,C172,CESSNA AIRCRAFT COMPANY,172S,e9cf9437b124b23cf64bf46521e1c30220b30e823c1efde18d60941023041615,True,2
37423,420,230926_ML_3.npy,2026-09-23,2026-09-23 05:01:14.724894,7C67D7,C172,CESSNA AIRCRAFT COMPANY,172S,af36e6bfa89de01ff00d43c52bddcb1fa1ad2a46db0db5f88c7f31ac58f3d7bc,True,4
37426,423,230926_ML_3.npy,2026-09-23,2026-09-23 05:01:17.269501,7C67D7,C172,CESSNA AIRCRAFT COMPANY,172S,6846cac5f58870fe5fc1ef12a431883ddb5b23d1580eecc02ac7855145f1d917,True,2
37427,424,230926_ML_3.npy,2026-09-23,2026-09-23 05:01:19.940102,7C67D7,C172,CESSNA AIRCRAFT COMPANY,172S,4be5b4072b0292b100c0aed89c14b2e00e5b230f7d6b8ae3c7bcafea1431b0aa,True,1
37442,439,230926_ML_3.npy,2026-09-23,2026-09-23 05:03:50.739232,7C7BD9,DA42,DIAMOND AIRCRAFT INDUSTRIES INC.,DA 42,b406ce177069cd7f5383c53563f969ab6d3a1de4f75934da94a2cac08104c48a,True,1
37446,443,230926_ML_3.npy,2026-09-23,2026-09-23 05:03:53.887240,7C0074,C172,CESSNA AIRCRAFT COMPANY,172S,3ce829d796f623bc10b62eec37b1757bce3174127e4aaa92e7bccd065065c308,True,4
37447,444,230926_ML_3.npy,2026-09-23,2026-09-23 05:03:54.186899,7C7BD9,DA42,DIAMOND AIRCRAFT INDUSTRIES INC.,DA 42,7ac321a3314c49c75c813cafece6fcbcc2f699a7999103c600fab8a7f2675871,True,2
37448,445,230926_ML_3.npy,2026-09-23,2026-09-23 05:03:54.474949,7C7BD9,DA42,DIAMOND AIRCRAFT INDUSTRIES INC.,DA 42,b406ce177069cd7f5383c53563f969ab6d3a1de4f75934da94a2cac08104c48a,True,3
37451,448,230926_ML_3.npy,2026-09-23,2026-09-23 05:03:58.017029,7C0074,C172,CESSNA AIRCRAFT COMPANY,172S,de01cec34a837a9ffc157dc630134f59a39a525e7dd6c1172834190888aa204d,True,1
37452,449,230926_ML_3.npy,2026-09-23,2026-09-23 05:03:58.076988,7C7BD9,DA42,DIAMOND AIRCRAFT INDUSTRIES INC.,DA 42,b73ccea5da4e0ff196bf2e29e24f99e6e024f8886dfca1e109a25edd515061e3,True,2
37455,452,230926_ML_3.npy,2026-09-23,2026-09-23 05:04:01.589877,7C0074,C172,CESSNA AIRCRAFT COMPANY,172S,013b6b55819720bbde0186e2e897fec50999cb424213bc976e01b67939699bb4,True,5
37458,455,230926_ML_3.npy,2026-09-23,2026-09-23 05:04:03.373162,7C7BD9,DA42,DIAMOND AIRCRAFT INDUSTRIES INC.,DA 42,2503e35f0f62e8426d8e4e8c468c0541c5ae7527fbc442bad89ad370dc37e4f9,True,1
37459,456,230926_ML_3.npy,2026-09-23,2026-09-23 05:04:05.027301,7C0074,C172,CESSNA AIRCRAFT COMPANY,172S,5e0cc848ea40a0a598246823226d24b979e6e1fe0ad170d84d22188b8b8f14ac,True,4
37464,461,230926_ML_3.npy,2026-09-23,2026-09-23 05:04:08.197974,7C0074,C172,CESSNA AIRCRAFT COMPANY,172S,976503016d5c665f8473bf214ed2d2caffef23bfff0437fc180c3b57dd0def7a,True,5
37469,466,230926_ML_3.npy,2026-09-23,2026-09-23 05:04:15.722865,7C7BD9,DA42,DIAMOND AIRCRAFT INDUSTRIES INC.,DA 42,c4daeca883562826a437ceb959f8256bc6840e38e450bf0d75a6ec300d7cc8e7,True,2
37470,467,230926_ML_3.npy,2026-09-23,2026-09-23 05:04:20.254119,7C7BD9,DA42,DIAMOND AIRCRAFT INDUSTRIES INC.,DA 42,16078d53cd3c37282b109496726baab9eeecfe72b5b43280036ce4f6b74a4048,True,1
37478,475,230926_ML_3.npy,2026-09-23,2026-09-23 05:04:29.038199,7C0074,C172,CESSNA AIRCRAFT COMPANY,172S,b081da300a60f59627ea62198029ff8a9e169d5490452b583829bd8461212ab4,True,2
37482,479,230926_ML_3.npy,2026-09-23,2026-09-23 05:04:31.988794,7C7BD9,DA42,DIAMOND AIRCRAFT INDUSTRIES INC.,DA 42,b406ce177069cd7f5383c53563f969ab6d3a1de4f75934da94a2cac08104c48a,True,1
37483,480,230926_ML_3.npy,2026-09-23,2026-09-23 05:04:33.243020,7C7BD9,DA42,DIAMOND AIRCRAFT INDUSTRIES INC.,DA 42,b406ce177069cd7f5383c53563f969ab6d3a1de4f75934da94a2cac08104c48a,True,2
37484,481,230926_ML_3.npy,2026-09-23,2026-09-23 05:04:34.537569,7C7BD9,DA42,DIAMOND AIRCRAFT INDUSTRIES INC.,DA 42,62cd8087016202dc7f2b74d62e85f2317d4541c25a6b013f6e3de9b2497c07a1,True,2
37488,485,230926_ML_3.npy,2026-09-23,2026-09-23 05:04:40.426618,7C7BD9,DA42,DIAMOND AIRCRAFT INDUSTRIES INC.,DA 42,405a902b48d199a48c23a5232b0adb41c9952381325f828d0743c6866778e368,True,1
37492,489,230926_ML_3.npy,2026-09-23,2026-09-23 05:04:44.507950,7C7BD9,DA42,DIAMOND AIRCRAFT INDUSTRIES INC.,DA 42,b406ce177069cd7f5383c53563f969ab6d3a1de4f75934da94a2cac08104c48a,True,4
37498,495,230926_ML_3.npy,2026-09-23,2026-09-23 05:06:15.071583,7C7BD9,DA42,DIAMOND AIRCRAFT INDUSTRIES INC.,DA 42,67b96e8780e2eb7d212a636800376cea00591b5b3cbb93e62ed06832f11e105c,True,1
37499,496,230926_ML_3.npy,2026-09-23,2026-09-23 05:06:17.082275,7C7BD9,DA42,DIAMOND AIRCRAFT INDUSTRIES INC.,DA 42,993ef2febe019ae5f643ae1eab610c6d380d7a199e7ed6eb38345f8dc6cc1296,True,4
37501,498,230926_ML_3.npy,2026-09-23,2026-09-23 05:06:20.672446,7C7BD9,DA42,DIAMOND AIRCRAFT INDUSTRIES INC.,DA 42,b13b0313c6e985bd2e17d1e6c9eae2cb5a7c3b3f64cb263e63ebf04782784424,True,3
37502,499,230926_ML_3.npy,2026-09-23,2026-09-23 05:06:22.257927,7C7BD9,DA42,DIAMOND AIRCRAFT INDUSTRIES INC.,DA 42,afe28aebb8ac1a02ec122805ac602538786b34cb9dd56c054c35dfdc75bd48ba,True,5
37503,500,230926_ML_3.npy,2026-09-23,2026-09-23 05:06:22.715418,7C7BD9,DA42,DIAMOND AIRCRAFT INDUSTRIES INC.,DA 42,97d16e4f34f9fd80ff215de2e8220fefacf0aa351ec7b39a66df43d51b56850c,True,3
37505,502,230926_ML_3.npy,2026-09-23,2026-09-23 05:06:24.095650,7C7BD9,DA42,DIAMOND AIRCRAFT INDUSTRIES INC.,DA 42,961c13dd5f456e8099ebbfb2ad426100c8b4907f8bac78e4e8a126a3c3bd8a51,True,1
37506,503,230926_ML_3.npy,2026-09-23,2026-09-23 05:06:24.099231,7C7BD9,DA42,DIAMOND AIRCRAFT INDUSTRIES INC.,DA 42,089f83da3747477cd353ef81526255aa005143011209dc2ce8f75f50373af374,True,3
37507,504,230926_ML_3.npy,2026-09-23,2026-09-23 05:06:29.143808,7C7BD9,DA42,DIAMOND AIRCRAFT INDUSTRIES INC.,DA 42,2c7003eea56e791eeab13f47b4d28994732d9bb0aa21cf6b03bd2fb625cbbd11,True,4
37509,506,230926_ML_3.npy,2026-09-23,2026-09-23 05:06:32.456139,7C7BD9,DA42,DIAMOND AIRCRAFT INDUSTRIES INC.,DA 42,72421be547736b40523e2fe6a30059cc4d09a41209ea65fe860e733e82c84dea,True,4
37510,507,230926_ML_3.npy,2026-09-23,2026-09-23 05:06:36.315368,7C7BD9,DA42,DIAMOND AIRCRAFT INDUSTRIES INC.,DA 42,aaeac26528d61f8d8fc4b03d3fb2d0e1bed60857e93792cf753b0493972f5829,True,3
37513,510,230926_ML_3.npy,2026-09-23,2026-09-23 05:06:37.364064,7C7BD9,DA42,DIAMOND AIRCRAFT INDUSTRIES INC.,DA 42,76bd61f0922d3774af4334f585c4c2f0512277ec71e62c3e4edd62a6fa3f978d,True,4
37520,517,230926_ML_3.npy,2026-09-23,2026-09-23 05:06:45.928107,7C7BD9,DA42,DIAMOND AIRCRAFT INDUSTRIES INC.,DA 42,b8575a2c573ae1d6694fba502d6cb3c79d4b61291c3e8838ec0f22eaf4a8683e,True,1
37522,519,230926_ML_3.npy,2026-09-23,2026-09-23 05:06:46.366877,7C7BD9,DA42,DIAMOND AIRCRAFT INDUSTRIES INC.,DA 42,1ad433b27f6c5f9dbb648ed93f4803710c4f6fc453565db7f501baae369b49f8,True,1
37529,526,230926_ML_3.npy,2026-09-23,2026-09-23 05:08:07.291975,7C0074,C172,CESSNA AIRCRAFT COMPANY,172S,824b18694adff1fdee25bf62e6de38476d440c8779472846baf5464d9994339a,True,3
37530,527,230926_ML_3.npy,2026-09-23,2026-09-23 05:08:20.395509,7C0074,C172,CESSNA AIRCRAFT COMPANY,172S,762e1d5c5681ac6d894f26255afd079567af0d6a4da7c8fd1b0b63d73a48a066,True,4
37532,529,230926_ML_3.npy,2026-09-23,2026-09-23 05:08:33.212414,7C0074,C172,CESSNA AIRCRAFT COMPANY,172S,b081da300a60f59627ea62198029ff8a9e169d5490452b583829bd8461212ab4,True,4
37534,531,230926_ML_3.npy,2026-09-23,2026-09-23 05:08:39.444252,7C0074,C172,CESSNA AIRCRAFT COMPANY,172S,5486a1f2a72636c468b52d67c4b90bdd5bbade8737b629586119364c3810a074,True,2
37536,533,230926_ML_3.npy,2026-09-23,2026-09-23 05:08:40.465837,7C0074,C172,CESSNA AIRCRAFT COMPANY,172S,8406bd52814ddc048fadf07470c6aab28f6d6bee9be4cd580fed24f966011180,True,1
37544,541,230926_ML_3.npy,2026-09-23,2026-09-23 05:08:46.580418,7C0074,C172,CESSNA AIRCRAFT COMPANY,172S,3ce829d796f623bc10b62eec37b1757bce3174127e4aaa92e7bccd065065c308,True,2
37547,544,230926_ML_3.npy,2026-09-23,2026-09-23 05:08:51.957748,7C0074,C172,CESSNA AIRCRAFT COMPANY,172S,b081da300a60f59627ea62198029ff8a9e169d5490452b583829bd8461212ab4,True,5
37550,547,230926_ML_3.npy,2026-09-23,2026-09-23 05:08:55.613212,7C0074,C172,CESSNA AIRCRAFT COMPANY,172S,a1ac8b7917b33f2b448352b2ee6e93ae8d0f80f38aa5497af646d011549304a6,True,5
37557,554,230926_ML_3.npy,2026-09-23,2026-09-23 05:08:59.215898,7C0074,C172,CESSNA AIRCRAFT COMPANY,172S,3ce829d796f623bc10b62eec37b1757bce3174127e4aaa92e7bccd065065c308,True,2
37571,568,230926_ML_3.npy,2026-09-23,2026-09-23 05:09:15.629356,7C0074,C172,CESSNA AIRCRAFT COMPANY,172S,b081da300a60f59627ea62198029ff8a9e169d5490452b583829bd8461212ab4,True,3
37572,569,230926_ML_3.npy,2026-09-23,2026-09-23 05:09:16.227196,7C0074,C172,CESSNA AIRCRAFT COMPANY,172S,4a8048399278f1e5c5841a5306e0a13e56ffdc407c09e2e12aba1029f6d5b4f7,True,3
37574,571,230926_ML_3.npy,2026-09-23,2026-09-23 05:09:16.830864,7C0074,C172,CESSNA AIRCRAFT COMPANY,172S,976503016d5c665f8473bf214ed2d2caffef23bfff0437fc180c3b57dd0def7a,True,3
37575,572,230926_ML_3.npy,2026-09-23,2026-09-23 05:09:16.918492,7C7BD9,DA42,DIAMOND AIRCRAFT INDUSTRIES INC.,DA 42,b406ce177069cd7f5383c53563f969ab6d3a1de4f75934da94a2cac08104c48a,True,1
37576,573,230926_ML_3.npy,2026-09-23,2026-09-23 05:09:19.325722,7C0074,C172,CESSNA AIRCRAFT COMPANY,172S,b081da300a60f59627ea62198029ff8a9e169d5490452b583829bd8461212ab4,True,5
37577,574,230926_ML_3.npy,2026-09-23,2026-09-23 05:09:25.392025,7C7BD9,DA42,DIAMOND AIRCRAFT INDUSTRIES INC.,DA 42,b3c19ff8d5aa4e777c4f9a749caf9bce6521520e15c639beb3ec9c3ef4b6489f,True,4
37578,575,230926_ML_3.npy,2026-09-23,2026-09-23 05:09:31.590775,7C7BD9,DA42,DIAMOND AIRCRAFT INDUSTRIES INC.,DA 42,bbafaca63bdce87fa7e8311900b85cd98cd5539458fda095313c4e8d03ea597f,True,2
37579,576,230926_ML_3.npy,2026-09-23,2026-09-23 05:09:32.642878,7C7BD9,DA42,DIAMOND AIRCRAFT INDUSTRIES INC.,DA 42,b67fe6b7927083183ed6ee4e91723367a2934f3a316cbd8edf1a6493dd443db1,True,1
37580,577,230926_ML_3.npy,2026-09-23,2026-09-23 05:09:32.649666,7C7BD9,DA42,DIAMOND AIRCRAFT INDUSTRIES INC.,DA 42,8dfc316cead4376da27c343d132ea5ca16a0bec4ed4c5e87711ce6f6244f839f,True,5
37581,578,230926_ML_3.npy,2026-09-23,2026-09-23 05:09:46.424428,7C7BD9,DA42,DIAMOND AIRCRAFT INDUSTRIES INC.,DA 42,ed05c86cf59ba621af4418ee7ca9fe020dd19e7c519e6a0ba23a13031f916d4f,True,2
37583,580,230926_ML_3.npy,2026-09-23,2026-09-23 05:10:00.102960,7C7BD9,DA42,DIAMOND AIRCRAFT INDUSTRIES INC.,DA 42,566e348de9214125e708513462b188d149b1dde28adeacc2e6eb61ab3aa7a66b,True,1
37584,581,230926_ML_3.npy,2026-09-23,2026-09-23 05:10:00.106788,7C7BD9,DA42,DIAMOND AIRCRAFT INDUSTRIES INC.,DA 42,ba9e0c9de1b84d1e83ae45c199450ec33e98b2df518069a32b9de8cd86477320,True,3
37585,582,230926_ML_3.npy,2026-09-23,2026-09-23 05:10:04.441612,7C7BD9,DA42,DIAMOND AIRCRAFT INDUSTRIES INC.,DA 42,e1e9a7ae392bdeda11556e6485af26a768a9c76b9ee12b864d13e90d20744232,True,4
37586,583,230926_ML_3.npy,2026-09-23,2026-09-23 05:10:06.260206,7C7BD9,DA42,DIAMOND AIRCRAFT INDUSTRIES INC.,DA 42,585c6de86a59531f52807e74586171460394898cade291e2c13fa53967337adb,True,4
37587,584,230926_ML_3.npy,2026-09-23,2026-09-23 05:10:06.892653,7C7BD9,DA42,DIAMOND AIRCRAFT INDUSTRIES INC.,DA 42,eff257b9cc62a52756801e8e9f091c38661ffa1a204191ec518f9519d6e5113a,True,4
37590,587,230926_ML_3.npy,2026-09-23,2026-09-23 05:10:19.916557,7C7BD9,DA42,DIAMOND AIRCRAFT INDUSTRIES INC.,DA 42,71f43ceefaf4f8c234512740bc64f5051826cc96ea641ff905919e4d27012307,True,4
37596,593,230926_ML_3.npy,2026-09-23,2026-09-23 05:11:31.227169,7C7BD9,DA42,DIAMOND AIRCRAFT INDUSTRIES INC.,DA 42,ed05c86cf59ba621af4418ee7ca9fe020dd19e7c519e6a0ba23a13031f916d4f,True,3
37597,594,230926_ML_3.npy,2026-09-23,2026-09-23 05:11:44.065130,7C7BD9,DA42,DIAMOND AIRCRAFT INDUSTRIES INC.,DA 42,5dff4832c58436a3ca084343e7a14e24cd685c9c8df5a92ce406776276aaa127,True,4
37598,595,230926_ML_3.npy,2026-09-23,2026-09-23 05:11:47.235270,7C7BD9,DA42,DIAMOND AIRCRAFT INDUSTRIES INC.,DA 42,6b4f1a8fa6d876deb1db827f8200ad457cec044df817b9f9304713307e3e1ba5,True,3
37600,597,230926_ML_3.npy,2026-09-23,2026-09-23 05:11:49.142492,7C7BD9,DA42,DIAMOND AIRCRAFT INDUSTRIES INC.,DA 42,9a3b54f4fca33656e792310dd0e6468a9b0b71418644b5e9c1dfc728b4198ee9,True,3
37601,598,230926_ML_3.npy,2026-09-23,2026-09-23 05:11:51.298738,7C7BD9,DA42,DIAMOND AIRCRAFT INDUSTRIES INC.,DA 42,ed05c86cf59ba621af4418ee7ca9fe020dd19e7c519e6a0ba23a13031f916d4f,True,4
37602,599,230926_ML_3.npy,2026-09-23,2026-09-23 05:11:52.548942,7C7BD9,DA42,DIAMOND AIRCRAFT INDUSTRIES INC.,DA 42,8c8bed8804553020b5c21b1aef39b907841624ca91383ebba0de1a073d9d51dd,True,1
37603,600,230926_ML_3.npy,2026-09-23,2026-09-23 05:11:53.517277,7C7BD9,DA42,DIAMOND AIRCRAFT INDUSTRIES INC.,DA 42,bdeeea3a8fdfb7158310e16b439f1881ae974197c9819e9f3bf5deb0e78991ee,True,3
37604,601,230926_ML_3.npy,2026-09-23,2026-09-23 05:11:53.523600,7C7BD9,DA42,DIAMOND AIRCRAFT INDUSTRIES INC.,DA 42,7b563c17486373c367b0e94dc47d632054d8bc48870b2d12ef353970c282bc3a,True,4
37605,602,230926_ML_3.npy,2026-09-23,2026-09-23 05:11:53.766252,7C7BD9,DA42,DIAMOND AIRCRAFT INDUSTRIES INC.,DA 42,ed05c86cf59ba621af4418ee7ca9fe020dd19e7c519e6a0ba23a13031f916d4f,True,5
37610,607,230926_ML_3.npy,2026-09-23,2026-09-23 05:12:00.400547,7C7BD9,DA42,DIAMOND AIRCRAFT INDUSTRIES INC.,DA 42,f6612e044a693f62add94bad88ae4ef4028e6fd733df5befd6e91d4474c7854e,True,3
37611,608,230926_ML_3.npy,2026-09-23,2026-09-23 05:12:01.335832,7C7BD9,DA42,DIAMOND AIRCRAFT INDUSTRIES INC.,DA 42,813d93374688976f95284b7959dedf888f73a1cbd18d7b617f836a43f77abdc1,True,2
37613,610,230926_ML_3.npy,2026-09-23,2026-09-23 05:12:05.238487,7C7BD9,DA42,DIAMOND AIRCRAFT INDUSTRIES INC.,DA 42,b406ce177069cd7f5383c53563f969ab6d3a1de4f75934da94a2cac08104c48a,True,3
37614,611,230926_ML_3.npy,2026-09-23,2026-09-23 05:12:05.798862,7C7BD9,DA42,DIAMOND AIRCRAFT INDUSTRIES INC.,DA 42,405a902b48d199a48c23a5232b0adb41c9952381325f828d0743c6866778e368,True,2
37615,612,230926_ML_3.npy,2026-09-23,2026-09-23 05:12:06.451858,7C7BD9,DA42,DIAMOND AIRCRAFT INDUSTRIES INC.,DA 42,ed05c86cf59ba621af4418ee7ca9fe020dd19e7c519e6a0ba23a13031f916d4f,True,4
37618,615,230926_ML_3.npy,2026-09-23,2026-09-23 05:12:11.276075,7C7BD9,DA42,DIAMOND AIRCRAFT INDUSTRIES INC.,DA 42,ad67e3ee08157823f634158634818ac80c0cb80ab8225df2f359fda0589160f7,True,4
37619,616,230926_ML_3.npy,2026-09-23,2026-09-23 05:12:12.786812,7C7BD9,DA42,DIAMOND AIRCRAFT INDUSTRIES INC.,DA 42,0cb0bfdf111c41ef08266fe2a1ccc86181dd4d892b3919d0bfba098ff38a8cad,True,4
37620,617,230926_ML_3.npy,2026-09-23,2026-09-23 05:12:12.790451,7C7BD9,DA42,DIAMOND AIRCRAFT INDUSTRIES INC.,DA 42,798e351cf41ca2afd477ada234bc6ed75a89068247bd1ca762b125f65bef6327,True,3
37621,618,230926_ML_3.npy,2026-09-23,2026-09-23 05:12:13.192565,7C7BD9,DA42,DIAMOND AIRCRAFT INDUSTRIES INC.,DA 42,acd1a1176de3f781de9ab7456d914df425c6ac5390a87a8f13d96db754aba2c7,True,4
37627,624,230926_ML_3.npy,2026-09-23,2026-09-23 05:13:06.963928,7C67D0,C172,CESSNA AIRCRAFT COMPANY,172S,6f000db55e020b637c049220f564710bf40e98268cf8561734df43cdb3e82bc5,True,2
37634,631,230926_ML_3.npy,2026-09-23,2026-09-23 05:13:25.086635,7C67D0,C172,CESSNA AIRCRAFT COMPANY,172S,f0f9ea4b9db1611ff83d6294fe28a93228906c9b628cb50de3efcb2ace63dc07,True,4
37637,634,230926_ML_3.npy,2026-09-23,2026-09-23 05:13:31.594850,7C67D0,C172,CESSNA AIRCRAFT COMPANY,172S,0e68fec912e6de8eb4af70345072de50fe39a569829d87a219a78bf82ee3aea3,True,4
37639,636,230926_ML_3.npy,2026-09-23,2026-09-23 05:13:32.529129,7C67D0,C172,CESSNA AIRCRAFT COMPANY,172S,840cf6e8a4c64c88a68d04806b74774aae6e921b978821c15b60b11d9e1b9e3c,True,3
37640,637,230926_ML_3.npy,2026-09-23,2026-09-23 05:13:32.540349,7C67D0,C172,CESSNA AIRCRAFT COMPANY,172S,6ed9fae629f464f1c768ee6f3906832d2da96336965159338627b4ac711e2233,True,4
37641,638,230926_ML_3.npy,2026-09-23,2026-09-23 05:13:34.411276,7C67D0,C172,CESSNA AIRCRAFT COMPANY,172S,7e52d97c3fe4f04e4868dcb4119d0c4cdd01142a18ec910a0924cb9c59c15bc8,True,4
37643,640,230926_ML_3.npy,2026-09-23,2026-09-23 05:13:37.494658,7C67D0,C172,CESSNA AIRCRAFT COMPANY,172S,6ed9fae629f464f1c768ee6f3906832d2da96336965159338627b4ac711e2233,True,1
37646,643,230926_ML_3.npy,2026-09-23,2026-09-23 05:13:43.450241,7C67D0,C172,CESSNA AIRCRAFT COMPANY,172S,6aef1427b03d47a335f6235713dd375067d97b5f14b5523389b3df5098c75aa0,True,3
37647,644,230926_ML_3.npy,2026-09-23,2026-09-23 05:13:43.457598,7C67D0,C172,CESSNA AIRCRAFT COMPANY,172S,51dc50524c76fbc312a168368c7fa8230255f2fbedb6a2b764797b4bcd0d0035,True,2
37648,645,230926_ML_3.npy,2026-09-23,2026-09-23 05:13:44.027159,7C67D0,C172,CESSNA AIRCRAFT COMPANY,172S,0b73a1cc536e914052d1ec1e6aaba468b2ae3b3eb77fd8a81964d290ebfc3e36,True,3
37656,653,230926_ML_3.npy,2026-09-23,2026-09-23 05:13:50.206472,7C67D0,C172,CESSNA AIRCRAFT COMPANY,172S,e09ef2c1cd246a52ada4234c4dedc2907348a3e1a2fcb6b735ade5d8f6116920,True,4
37657,654,230926_ML_3.npy,2026-09-23,2026-09-23 05:13:52.353382,7C67D0,C172,CESSNA AIRCRAFT COMPANY,172S,9282e5823ccbcc3462d68df62135436597f6ff746a3f5378323299f9bcb77a28,True,1
37666,663,230926_ML_3.npy,2026-09-23,2026-09-23 05:13:58.389628,7C67D0,C172,CESSNA AIRCRAFT COMPANY,172S,4fcdb9b1384efb3409672e3077554dccf5e6199191dc6292d61e9280e1ce0826,True,3
37667,664,230926_ML_3.npy,2026-09-23,2026-09-23 05:13:58.394181,7C67D0,C172,CESSNA AIRCRAFT COMPANY,172S,cbd3c5596f4e84ebb76639a335092cf16079ab22074d54041a1d577eb8b72ddf,True,2
37683,680,230926_ML_3.npy,2026-09-23,2026-09-23 05:14:12.676037,7C67D0,C172,CESSNA AIRCRAFT COMPANY,172S,6ed9fae629f464f1c768ee6f3906832d2da96336965159338627b4ac711e2233,True,5
37691,688,230926_ML_3.npy,2026-09-23,2026-09-23 05:14:35.954799,7C0074,C172,CESSNA AIRCRAFT COMPANY,172S,8406bd52814ddc048fadf07470c6aab28f6d6bee9be4cd580fed24f966011180,True,2
37697,694,230926_ML_3.npy,2026-09-23,2026-09-23 05:14:43.449953,7C0074,C172,CESSNA AIRCRAFT COMPANY,172S,90bd208a269196a704691bffd780cf413762603477cafde054878ae8b625b0a3,True,4
37704,701,230926_ML_3.npy,2026-09-23,2026-09-23 05:14:50.339542,7C0074,C172,CESSNA AIRCRAFT COMPANY,172S,3ce829d796f623bc10b62eec37b1757bce3174127e4aaa92e7bccd065065c308,True,4
37706,703,230926_ML_3.npy,2026-09-23,2026-09-23 05:14:51.150614,7C0074,C172,CESSNA AIRCRAFT COMPANY,172S,e05c847cc6c6286227b4e2fe174c9b056d9d19d1e79590b213b00aff0cf6b169,True,1
37709,706,230926_ML_3.npy,2026-09-23,2026-09-23 05:14:54.520483,7C0074,C172,CESSNA AIRCRAFT COMPANY,172S,dc4a476a0413ba0ea23388a3bd4ad97b4ff68d177712aa3dd9e90f58ad7d221d,True,4
37730,727,230926_ML_3.npy,2026-09-23,2026-09-23 05:15:11.555448,7C0074,C172,CESSNA AIRCRAFT COMPANY,172S,2b0c9dce5e9fd960384bd025f258f49400566c43a5c44b6843ee4bf9c9f8b460,True,3
37737,734,230926_ML_3.npy,2026-09-23,2026-09-23 05:15:19.667249,7C0074,C172,CESSNA AIRCRAFT COMPANY,172S,9cc3dcc033f0daa8e83a9addf0f7714c0e274a1e8d8bd0317d5251705bb52442,True,5
37748,745,230926_ML_3.npy,2026-09-23,2026-09-23 05:16:09.115713,7C67D0,C172,CESSNA AIRCRAFT COMPANY,172S,f8136492c5a00137742ce1741e3c19cc3a9b6b26adab6dcd983ea78e1bb62cf6,True,3
37751,748,230926_ML_3.npy,2026-09-23,2026-09-23 05:16:29.888215,7C7AF7,DA40,DIAMOND AIRCRAFT INDUSTRIES INC.,DA 40,350a5cbd028817b87936686ee9bacbe18e671ee59feb468decf1e2a793b95c68,True,1
37801,798,230926_ML_3.npy,2026-09-23,2026-09-23 05:19:33.684876,7C67D0,C172,CESSNA AIRCRAFT COMPANY,172S,0075d5b8809cddc06f9767fe296d82a985f5de74f8ae3b8b7e0e5660ed8b07f1,True,5
37805,802,230926_ML_3.npy,2026-09-23,2026-09-23 05:19:35.567520,7C67D0,C172,CESSNA AIRCRAFT COMPANY,172S,99ec00c9b001fa38287cb42f9bbb7df274d64d6ab6dc42712bcdaa3faea83dd4,True,1
37811,808,230926_ML_3.npy,2026-09-23,2026-09-23 05:19:40.201209,7C67D0,C172,CESSNA AIRCRAFT COMPANY,172S,f13eac054f4727096380fba5515379d0b85967c6c750207d50624dd7a5f447b8,True,4
37815,812,230926_ML_3.npy,2026-09-23,2026-09-23 05:19:42.210609,7C67D0,C172,CESSNA AIRCRAFT COMPANY,172S,e09ef2c1cd246a52ada4234c4dedc2907348a3e1a2fcb6b735ade5d8f6116920,True,5
37819,816,230926_ML_3.npy,2026-09-23,2026-09-23 05:19:46.828603,7C67D0,C172,CESSNA AIRCRAFT COMPANY,172S,ecf52aa38da5b96079ff529e911391d6a1abefcf89e9288a3a00f71a3dae2cf3,True,3
37820,817,230926_ML_3.npy,2026-09-23,2026-09-23 05:19:47.222565,7C67D0,C172,CESSNA AIRCRAFT COMPANY,172S,e09ef2c1cd246a52ada4234c4dedc2907348a3e1a2fcb6b735ade5d8f6116920,True,3
37827,824,230926_ML_3.npy,2026-09-23,2026-09-23 05:19:58.614512,7C67D0,C172,CESSNA AIRCRAFT COMPANY,172S,f0f9ea4b9db1611ff83d6294fe28a93228906c9b628cb50de3efcb2ace63dc07,True,1
37831,828,230926_ML_3.npy,2026-09-23,2026-09-23 05:20:09.201250,7C0074,C172,CESSNA AIRCRAFT COMPANY,172S,4d8e747305ebd32315a35a4a3b5c709abd874f1c84cdbad218a1bddc3169dbea,True,1
37841,838,230926_ML_3.npy,2026-09-23,2026-09-23 05:20:18.612383,7C0074,C172,CESSNA AIRCRAFT COMPANY,172S,9fc450de43623bdb41aade7a59c2f529307087c753d48b63310431bacd16cac8,True,1
37842,839,230926_ML_3.npy,2026-09-23,2026-09-23 05:20:19.728273,7C0074,C172,CESSNA AIRCRAFT COMPANY,172S,b081da300a60f59627ea62198029ff8a9e169d5490452b583829bd8461212ab4,True,4
37845,842,230926_ML_3.npy,2026-09-23,2026-09-23 05:20:21.006201,7C0074,C172,CESSNA AIRCRAFT COMPANY,172S,b081da300a60f59627ea62198029ff8a9e169d5490452b583829bd8461212ab4,True,2
37846,843,230926_ML_3.npy,2026-09-23,2026-09-23 05:20:21.550118,7C0074,C172,CESSNA AIRCRAFT COMPANY,172S,033a2c9b46d675aa7cd0cac5215718625b038301e83f7dbe99ef74de5be8ec52,True,3
37848,845,230926_ML_3.npy,2026-09-23,2026-09-23 05:20:25.964173,7C0074,C172,CESSNA AIRCRAFT COMPANY,172S,b081da300a60f59627ea62198029ff8a9e169d5490452b583829bd8461212ab4,True,2
37867,864,230926_ML_3.npy,2026-09-23,2026-09-23 05:20:52.516564,7C0074,C172,CESSNA AIRCRAFT COMPANY,172S,9ec2cd91841d3de294c7f27bcda1e13489a72bb71a7b6ef8023fe59f89e1bf3d,True,3
37870,867,230926_ML_3.npy,2026-09-23,2026-09-23 05:20:58.134492,7C0074,C172,CESSNA AIRCRAFT COMPANY,172S,b081da300a60f59627ea62198029ff8a9e169d5490452b583829bd8461212ab4,True,2
37871,868,230926_ML_3.npy,2026-09-23,2026-09-23 05:20:59.720455,7C0074,C172,CESSNA AIRCRAFT COMPANY,172S,f841dccf81f7b62e650fdb88d824a1c1d98e8714af5417232d3b1208f7a10d8d,True,4
37872,869,230926_ML_3.npy,2026-09-23,2026-09-23 05:20:59.724135,7C0074,C172,CESSNA AIRCRAFT COMPANY,172S,a108e49faabfb380cec4254bffd84f8129dcbe9cb8478ee459520a02e36af9b4,True,3
37895,892,230926_ML_3.npy,2026-09-23,2026-09-23 05:21:24.723744,7C7B64,DA40,DIAMOND AIRCRAFT INDUSTRIES INC.,DA 40,5d5ca0a021d565251c400b326f7a22aeb7da7c79a7fc48272b5868317d92d4b9,True,3
37907,904,230926_ML_3.npy,2026-09-23,2026-09-23 05:21:31.845740,7C0074,C172,CESSNA AIRCRAFT COMPANY,172S,b081da300a60f59627ea62198029ff8a9e169d5490452b583829bd8461212ab4,True,3
37908,905,230926_ML_3.npy,2026-09-23,2026-09-23 05:21:33.372845,7C7B64,DA40,DIAMOND AIRCRAFT INDUSTRIES INC.,DA 40,ae14a854dc620e6703742c82f3c202ffbe54c76319021e89b8fbf248be51f804,True,5
37909,906,230926_ML_3.npy,2026-09-23,2026-09-23 05:21:34.327646,7C0074,C172,CESSNA AIRCRAFT COMPANY,172S,b081da300a60f59627ea62198029ff8a9e169d5490452b583829bd8461212ab4,True,4
37913,910,230926_ML_3.npy,2026-09-23,2026-09-23 05:21:36.009356,7C7B64,DA40,DIAMOND AIRCRAFT INDUSTRIES INC.,DA 40,e057fb98a06db2e66273892f88ea5204b4f1e21cc11203ce5ad800813b3657cd,True,1
37914,911,230926_ML_3.npy,2026-09-23,2026-09-23 05:21:36.209115,7C7B64,DA40,DIAMOND AIRCRAFT INDUSTRIES INC.,DA 40,e5a67c6f652105ae2a3e4a41792d8cfe6b68077a5a2a5ff9372d2bfdbe75b571,True,5
37916,913,230926_ML_3.npy,2026-09-23,2026-09-23 05:21:38.095088,7C0074,C172,CESSNA AIRCRAFT COMPANY,172S,b081da300a60f59627ea62198029ff8a9e169d5490452b583829bd8461212ab4,True,4
37950,947,230926_ML_3.npy,2026-09-23,2026-09-23 05:23:27.796223,7C7C2E,DA40,DIAMOND AIRCRAFT INDUSTRIES INC.,DA 40,c10a6360f1dae4f471661e72cab7bec73b894bfc8a8386d7ee47cc68d322ed7f,True,3
37952,949,230926_ML_3.npy,2026-09-23,2026-09-23 05:23:29.667295,7C7C2E,DA40,DIAMOND AIRCRAFT INDUSTRIES INC.,DA 40,d5c3c7adb33ca018e92f03f80e8f3e9d7b8268b658da97e526db4ba1b9567982,True,5
37963,960,230926_ML_3.npy,2026-09-23,2026-09-23 05:23:38.728403,7C168A,DA40,DIAMOND AIRCRAFT INDUSTRIES INC.,DA 40,14de9fef1b95fa4994bfbed65a669a91692493241dc25a10b6cb404742632725,True,2
37964,961,230926_ML_3.npy,2026-09-23,2026-09-23 05:23:39.665079,7C168A,DA40,DIAMOND AIRCRAFT INDUSTRIES INC.,DA 40,dc83f7b7210818bca15d4e2f797efb35e4d18423a2f3568b3a7a98242332bd64,True,4
37969,966,230926_ML_3.npy,2026-09-23,2026-09-23 05:23:42.758346,7C168A,DA40,DIAMOND AIRCRAFT INDUSTRIES INC.,DA 40,8c676a11b528a251509815f4ad8c0237cc9abb5dacc846342302e15567dfe3a8,True,3
38008,1005,230926_ML_3.npy,2026-09-23,2026-09-23 05:24:42.005259,7C0074,C172,CESSNA AIRCRAFT COMPANY,172S,8406bd52814ddc048fadf07470c6aab28f6d6bee9be4cd580fed24f966011180,True,1
38014,1011,230926_ML_3.npy,2026-09-23,2026-09-23 05:24:46.794318,7C0074,C172,CESSNA AIRCRAFT COMPANY,172S,68dac33620642f2f372a28c7cd6967e7d4451a26866ae97dd2327f27e560d431,True,2
38015,1012,230926_ML_3.npy,2026-09-23,2026-09-23 05:24:48.323511,7C0074,C172,CESSNA AIRCRAFT COMPANY,172S,c276a0dba6d415692f73dbb4782a9b53811985fd9600abcddd4158b6f27014e8,True,3
38017,1014,230926_ML_3.npy,2026-09-23,2026-09-23 05:24:50.983522,7C0074,C172,CESSNA AIRCRAFT COMPANY,172S,b081da300a60f59627ea62198029ff8a9e169d5490452b583829bd8461212ab4,True,5
38023,1020,230926_ML_3.npy,2026-09-23,2026-09-23 05:24:59.477993,7C0074,C172,CESSNA AIRCRAFT COMPANY,172S,b167be94af145f4122cf5d31b0799c873fc99fd57ff24ac8f8e6cb27609c0ddd,True,2
38031,1028,230926_ML_3.npy,2026-09-23,2026-09-23 05:25:08.791446,7C0074,C172,CESSNA AIRCRAFT COMPANY,172S,3ce829d796f623bc10b62eec37b1757bce3174127e4aaa92e7bccd065065c308,True,5
38032,1029,230926_ML_3.npy,2026-09-23,2026-09-23 05:25:09.384119,7C0074,C172,CESSNA AIRCRAFT COMPANY,172S,21a88f4c268b5140ad8b5c2f884ffd0d76a6709b934f98222907f39598ef9ba4,True,2
38035,1032,230926_ML_3.npy,2026-09-23,2026-09-23 05:25:12.300171,7C0074,C172,CESSNA AIRCRAFT COMPANY,172S,b081da300a60f59627ea62198029ff8a9e169d5490452b583829bd8461212ab4,True,4
38041,1038,230926_ML_3.npy,2026-09-23,2026-09-23 05:25:28.954799,7C6C18,C172,CESSNA AIRCRAFT COMPANY,172S,5c223d471624c32876d736a9b8da1d89921801fc542ce33667f4c33e42844cdc,True,1
38046,1043,230926_ML_3.npy,2026-09-23,2026-09-23 05:26:02.055152,7C6C18,C172,CESSNA AIRCRAFT COMPANY,172S,e4fde3f5ff7de770aa047902f3c0b34627d3bb572cf96178a91709b715309da2,True,2
38048,1045,230926_ML_3.npy,2026-09-23,2026-09-23 05:26:07.084175,7C6C18,C172,CESSNA AIRCRAFT COMPANY,172S,0a2da230ba36e67939d0d8f737331694c365a2fa01fe4e0d289684d29eb0dff9,True,1
38059,1056,230926_ML_3.npy,2026-09-23,2026-09-23 05:27:00.493717,7C168A,DA40,DIAMOND AIRCRAFT INDUSTRIES INC.,DA 40,1ef182b3a27815f1180fb0ae207afcfa979515be3aaacc22d6269cd0194b69b6,True,2
38065,1062,230926_ML_3.npy,2026-09-23,2026-09-23 05:27:07.543589,7C6C18,C172,CESSNA AIRCRAFT COMPANY,172S,c399630976d1abda56a8b251ebf86f5a5beeff868a588b362494bc130c2e347b,True,1
38077,1074,230926_ML_3.npy,2026-09-23,2026-09-23 05:32:14.607622,7C168A,DA40,DIAMOND AIRCRAFT INDUSTRIES INC.,DA 40,75d2b156552b60778cc8695859b75c4f73b1cf03c3b0792366a8fe9fea0eed4b,True,2
38079,1076,230926_ML_3.npy,2026-09-23,2026-09-23 05:32:16.957331,7C168A,DA40,DIAMOND AIRCRAFT INDUSTRIES INC.,DA 40,297a2fb7da3a62cdcfc67376426b0bf383920d633fcfe4bb594a0455e69fa331,True,5
38083,1080,230926_ML_3.npy,2026-09-23,2026-09-23 05:32:27.414749,7C168A,DA40,DIAMOND AIRCRAFT INDUSTRIES INC.,DA 40,5d7c8318c3e57fb4f8c6397fdbb3fdbf9450841b1ddd117228dd0132bdce2e03,True,3
38090,1087,230926_ML_3.npy,2026-09-23,2026-09-23 05:32:49.081035,7C168A,DA40,DIAMOND AIRCRAFT INDUSTRIES INC.,DA 40,dc83f7b7210818bca15d4e2f797efb35e4d18423a2f3568b3a7a98242332bd64,True,5
38143,1140,230926_ML_3.npy,2026-09-23,2026-09-23 05:37:38.116694,7C168A,DA40,DIAMOND AIRCRAFT INDUSTRIES INC.,DA 40,dc83f7b7210818bca15d4e2f797efb35e4d18423a2f3568b3a7a98242332bd64,True,3
38155,1152,230926_ML_3.npy,2026-09-23,2026-09-23 05:41:43.317998,7C7C41,DA40,DIAMOND AIRCRAFT INDUSTRIES INC.,DA 40,f87413e5db39b77732269df4561378a4720c63e5e16ca4f874f15a8b145f5c1f,True,4
38183,1180,230926_ML_3.npy,2026-09-23,2026-09-23 05:43:03.223014,7C7C31,DA40,DIAMOND AIRCRAFT INDUSTRIES INC.,DA 40,6b39926653b80769417ab22132d147684c05eb2d8212df4d9477523789fba265,True,1
38202,1199,230926_ML_3.npy,2026-09-23,2026-09-23 05:43:25.326236,7C444D,P28A,PIPER AIRCRAFT CORP,PA-28-181,5e53698f8fac56f27fbc40a9e392100fa1217785ec39b484495302a0fdc98ddf,True,3
38203,1200,230926_ML_3.npy,2026-09-23,2026-09-23 05:43:25.567618,7C7C31,DA40,DIAMOND AIRCRAFT INDUSTRIES INC.,DA 40,d2e71d9ba67bdf6a1055f10e8f77898ac4ecb1b58836f6225bd279e193f72317,True,4
38206,1203,230926_ML_3.npy,2026-09-23,2026-09-23 05:43:26.387958,7C444D,P28A,PIPER AIRCRAFT CORP,PA-28-181,8ea089efe9a7cb4ffa86500db16d17d31f6a274b750e1a075df4d8e613fc092a,True,2
38209,1206,230926_ML_3.npy,2026-09-23,2026-09-23 05:43:27.531723,7C444D,P28A,PIPER AIRCRAFT CORP,PA-28-181,ebe8dfc2f66a959bbe9fb9470a11af1d1392d459e47677b560da338ab367de64,True,2
38215,1212,230926_ML_3.npy,2026-09-23,2026-09-23 05:43:47.988366,7C168A,DA40,DIAMOND AIRCRAFT INDUSTRIES INC.,DA 40,048e3105dc3b3ad86901c3a97cd60824e942d3e296b692c90d8be194e43d54fc,True,4
38216,1213,230926_ML_3.npy,2026-09-23,2026-09-23 05:44:26.365443,7C444D,P28A,PIPER AIRCRAFT CORP,PA-28-181,31ac66d6e0096cb37cd76b4ae053e8fccc57bef150bc0ad9f3cec97e30c9d919,True,5
38217,1214,230926_ML_3.npy,2026-09-23,2026-09-23 05:44:26.580585,7C444D,P28A,PIPER AIRCRAFT CORP,PA-28-181,d8ca3e90afb3bc1d4dca52ed572384b0662a75fc6da6c43081f935eb45116e9f,True,3
38218,1215,230926_ML_3.npy,2026-09-23,2026-09-23 05:44:29.870426,7C444D,P28A,PIPER AIRCRAFT CORP,PA-28-181,39f289e50667c99297ef9791881810a4e52bc59b32b378f20d41b666702e2bbf,True,1
38219,1216,230926_ML_3.npy,2026-09-23,2026-09-23 05:44:32.352132,7C444D,P28A,PIPER AIRCRAFT CORP,PA-28-181,66b2ad8054c382c65ab8f0d2942d5e441bc2091c298e8f10560e08cceb413e72,True,4
38220,1217,230926_ML_3.npy,2026-09-23,2026-09-23 05:44:58.109929,7C444D,P28A,PIPER AIRCRAFT CORP,PA-28-181,1df45d8816bec98fef17accf616b9e3b0240cfe36a9bff6294e9271ff36b32e2,True,2
38221,1218,230926_ML_3.npy,2026-09-23,2026-09-23 05:45:06.142834,7C444D,P28A,PIPER AIRCRAFT CORP,PA-28-181,6657c186fa4f8954038967b1ef9a7543eff1aeef58f4788fa20401ca679e4f9b,True,3
38222,1219,230926_ML_3.npy,2026-09-23,2026-09-23 05:45:06.395133,7C444D,P28A,PIPER AIRCRAFT CORP,PA-28-181,d8ca3e90afb3bc1d4dca52ed572384b0662a75fc6da6c43081f935eb45116e9f,True,2
38225,1222,230926_ML_3.npy,2026-09-23,2026-09-23 05:45:34.950799,7C7AF0,DA40,DIAMOND AIRCRAFT INDUSTRIES INC.,DA 40,08b69cb05e8c33aa553322bfe3fd52eca192cbe1262187eeafc8c8b8c8e62cb6,True,3
38243,1240,230926_ML_3.npy,2026-09-23,2026-09-23 05:46:03.170882,7C7AF0,DA40,DIAMOND AIRCRAFT INDUSTRIES INC.,DA 40,00a3ea37d92c6abfcc02a1d8b525572012962366f9c6970ddf11b019c42ca329,True,4
38245,1242,230926_ML_3.npy,2026-09-23,2026-09-23 05:46:04.105096,7C444D,P28A,PIPER AIRCRAFT CORP,PA-28-181,8b3429ec342700fa9e6b1577064a36513f3aaccf18cb707e79f9d3c19821a82e,True,4
38246,1243,230926_ML_3.npy,2026-09-23,2026-09-23 05:46:05.022849,7C444D,P28A,PIPER AIRCRAFT CORP,PA-28-181,577f5b549c0fe692b207d95cde3b6e5de72bd4546a106eb6f89ea913d4634cec,True,4
38250,1247,230926_ML_3.npy,2026-09-23,2026-09-23 05:46:09.561512,7C444D,P28A,PIPER AIRCRAFT CORP,PA-28-181,474d0729cebf73830fb014b591b672a9e8b2e596587ec7dd0dbcda0d20a4bc4f,True,3
38251,1248,230926_ML_3.npy,2026-09-23,2026-09-23 05:46:09.643773,7C444D,P28A,PIPER AIRCRAFT CORP,PA-28-181,4202dff6162895fccd424cc9a318bdd3692ce5cb802fba799867ef9f8d13f767,True,1
38252,1249,230926_ML_3.npy,2026-09-23,2026-09-23 05:46:11.033473,7C444D,P28A,PIPER AIRCRAFT CORP,PA-28-181,4c7caa0203cefa8919d1a7eec1ecfb06f9449601feb7a666501c054d23f1b411,True,4
38253,1250,230926_ML_3.npy,2026-09-23,2026-09-23 05:46:11.570304,7C7AF0,DA40,DIAMOND AIRCRAFT INDUSTRIES INC.,DA 40,f4306244dbc85bebd7bd70112b436b8acd3ad09f8dfc42da39d59416c119a1c6,True,4
38254,1251,230926_ML_3.npy,2026-09-23,2026-09-23 05:46:14.228847,7C444D,P28A,PIPER AIRCRAFT CORP,PA-28-181,00cacd685c3138d46bed0a694f113c0a3662474d3c360f165188bc9a9c02fab8,True,4
38255,1252,230926_ML_3.npy,2026-09-23,2026-09-23 05:46:16.222099,7C444D,P28A,PIPER AIRCRAFT CORP,PA-28-181,2cc7456d34f1c53e5765c5baabc7430d79d052877e3d417354f1c1cc06a25412,True,1
38256,1253,230926_ML_3.npy,2026-09-23,2026-09-23 05:46:18.303762,7C444D,P28A,PIPER AIRCRAFT CORP,PA-28-181,bdbea92283397c39fbb177d0e95a1912f7416a11383c2ccf93c282201996d94c,True,5
38257,1254,230926_ML_3.npy,2026-09-23,2026-09-23 05:46:19.105835,7C444D,P28A,PIPER AIRCRAFT CORP,PA-28-181,732462657e750fe98a2e32a2fddf1f336860ee7c047074dc7950038381c8c6ae,True,5
38258,1255,230926_ML_3.npy,2026-09-23,2026-09-23 05:46:22.307135,7C444D,P28A,PIPER AIRCRAFT CORP,PA-28-181,985b408b6c85849f51982486c1442d3b84c011756246272e2fecd67d04706f65,True,1
38259,1256,230926_ML_3.npy,2026-09-23,2026-09-23 05:46:27.100079,7C444D,P28A,PIPER AIRCRAFT CORP,PA-28-181,0a712d93c3b436632b6313eca8379ae14858b33e3b9968582f2fdcbbff01ea49,True,2
38260,1257,230926_ML_3.npy,2026-09-23,2026-09-23 05:46:28.067660,7C444D,P28A,PIPER AIRCRAFT CORP,PA-28-181,00cacd685c3138d46bed0a694f113c0a3662474d3c360f165188bc9a9c02fab8,True,2
38261,1258,230926_ML_3.npy,2026-09-23,2026-09-23 05:46:28.664015,7C444D,P28A,PIPER AIRCRAFT CORP,PA-28-181,00cacd685c3138d46bed0a694f113c0a3662474d3c360f165188bc9a9c02fab8,True,2
38262,1259,230926_ML_3.npy,2026-09-23,2026-09-23 05:46:29.717550,7C444D,P28A,PIPER AIRCRAFT CORP,PA-28-181,a4c6df0727c742f6135edc657312f9b5c3b33dbb2338ab59ec272aae32a6880d,True,5
38263,1260,230926_ML_3.npy,2026-09-23,2026-09-23 05:46:33.199010,7C444D,P28A,PIPER AIRCRAFT CORP,PA-28-181,8b1ef6ec4aa89d54cdd683c65fdafbd68e3efe68be749a59aa5573ac14bc74f4,True,1
38264,1261,230926_ML_3.npy,2026-09-23,2026-09-23 05:46:33.604963,7C444D,P28A,PIPER AIRCRAFT CORP,PA-28-181,d8ca3e90afb3bc1d4dca52ed572384b0662a75fc6da6c43081f935eb45116e9f,True,4
38265,1262,230926_ML_3.npy,2026-09-23,2026-09-23 05:46:33.612909,7C444D,P28A,PIPER AIRCRAFT CORP,PA-28-181,fcd06cf517ffe2b3780a6083b4f19759095102deb7cfcdf6ea04de9b0376fb3d,True,1
38266,1263,230926_ML_3.npy,2026-09-23,2026-09-23 05:46:33.746804,7C444D,P28A,PIPER AIRCRAFT CORP,PA-28-181,50dd874888da6f5a46e43159f33397b25574b2abf880d9e621a6f73a0e4e31b3,True,4
38267,1264,230926_ML_3.npy,2026-09-23,2026-09-23 05:46:34.698326,7C444D,P28A,PIPER AIRCRAFT CORP,PA-28-181,fcd06cf517ffe2b3780a6083b4f19759095102deb7cfcdf6ea04de9b0376fb3d,True,5
38268,1265,230926_ML_3.npy,2026-09-23,2026-09-23 05:46:35.188602,7C444D,P28A,PIPER AIRCRAFT CORP,PA-28-181,fcd06cf517ffe2b3780a6083b4f19759095102deb7cfcdf6ea04de9b0376fb3d,True,5
38269,1266,230926_ML_3.npy,2026-09-23,2026-09-23 05:46:35.684296,7C444D,P28A,PIPER AIRCRAFT CORP,PA-28-181,285b1d53d4c8726449ad942573fbbc70cb72a819ee80477aedb7c7d1a36ef000,True,3
38270,1267,230926_ML_3.npy,2026-09-23,2026-09-23 05:46:37.189531,7C444D,P28A,PIPER AIRCRAFT CORP,PA-28-181,d2b3a2c0630c2ee6422219c2a12ce7f9a9fd11262a1e04c99307ccd17bd90be5,True,1
38271,1268,230926_ML_3.npy,2026-09-23,2026-09-23 05:46:38.665826,7C444D,P28A,PIPER AIRCRAFT CORP,PA-28-181,db812e403935ff2b57383bb9c26157bee09cd00cd2e3d9570d637ef4791c5729,True,3
38272,1269,230926_ML_3.npy,2026-09-23,2026-09-23 05:46:42.158691,7C444D,P28A,PIPER AIRCRAFT CORP,PA-28-181,6cddf0b8573a141cd01ae28fd14a220610ecbfec34ce5c0c15e53dce0033b21a,True,1
38273,1270,230926_ML_3.npy,2026-09-23,2026-09-23 05:46:42.315089,7C444D,P28A,PIPER AIRCRAFT CORP,PA-28-181,a939f487585f8b4a9ab4cd0b4d3f6fd8335c93d9a4361fcbc7e37b58279ab3d6,True,5
38274,1271,230926_ML_3.npy,2026-09-23,2026-09-23 05:46:45.750142,7C444D,P28A,PIPER AIRCRAFT CORP,PA-28-181,9bea0cb30b6b520e922c9b282f1c805847aa4770fbd937f53911b6257791e637,True,5
38275,1272,230926_ML_3.npy,2026-09-23,2026-09-23 05:46:46.916006,7C444D,P28A,PIPER AIRCRAFT CORP,PA-28-181,4fa05b4e7007d6009862a1ae83a2ada9016e333464f54aa0e4ec6d7b7d385b50,True,2
38276,1273,230926_ML_3.npy,2026-09-23,2026-09-23 05:46:48.771881,7C444D,P28A,PIPER AIRCRAFT CORP,PA-28-181,d8ca3e90afb3bc1d4dca52ed572384b0662a75fc6da6c43081f935eb45116e9f,True,5
38277,1274,230926_ML_3.npy,2026-09-23,2026-09-23 05:46:50.117519,7C444D,P28A,PIPER AIRCRAFT CORP,PA-28-181,10be8c7e6e553a7ca1fc939e7c38d1e427521484f01df9f5c24859934aac7cf6,True,2
38278,1275,230926_ML_3.npy,2026-09-23,2026-09-23 05:46:53.812539,7C444D,P28A,PIPER AIRCRAFT CORP,PA-28-181,a4e6754f796acec100523586d16bdc678b176777b2d87a4b848d328511deed12,True,1
38279,1276,230926_ML_3.npy,2026-09-23,2026-09-23 05:46:55.813939,7C444D,P28A,PIPER AIRCRAFT CORP,PA-28-181,a3e27ab2c76aecb0a8a5ced012a6cd42a675035ffba66542d3479be850f3ef20,True,2
38280,1277,230926_ML_3.npy,2026-09-23,2026-09-23 05:47:00.049055,7C444D,P28A,PIPER AIRCRAFT CORP,PA-28-181,5d58a906fb00f7e10733a11faefe0a68ab8241ff2f0229569957908e19d050f2,True,4
38281,1278,230926_ML_3.npy,2026-09-23,2026-09-23 05:47:01.159126,7C444D,P28A,PIPER AIRCRAFT CORP,PA-28-181,3d23e645fcc91ba14fb3e716d4b4f325bb2f5003f68bc01d80451b51abd231a6,True,1
38282,1279,230926_ML_3.npy,2026-09-23,2026-09-23 05:47:03.054793,7C444D,P28A,PIPER AIRCRAFT CORP,PA-28-181,bdbea92283397c39fbb177d0e95a1912f7416a11383c2ccf93c282201996d94c,True,2
38283,1280,230926_ML_3.npy,2026-09-23,2026-09-23 05:47:04.184365,7C444D,P28A,PIPER AIRCRAFT CORP,PA-28-181,9bb1c13f79cb256b85576ef6459ef1d075a8b60062728a2dc2e542c52c84f050,True,3
38285,1282,230926_ML_3.npy,2026-09-23,2026-09-23 05:47:05.824117,7C444D,P28A,PIPER AIRCRAFT CORP,PA-28-181,40283a4077221b0218d73b7753132876216c93eb23e385125917581348f49c43,True,4
38292,1289,230926_ML_3.npy,2026-09-23,2026-09-23 05:48:03.112182,7C168A,DA40,DIAMOND AIRCRAFT INDUSTRIES INC.,DA 40,8b418e6b22cc09b05f75334bf2c5f9373c9451ce310eb2001e87525ac2aa83f5,True,2
38294,1291,230926_ML_3.npy,2026-09-23,2026-09-23 05:48:08.548070,7C168A,DA40,DIAMOND AIRCRAFT INDUSTRIES INC.,DA 40,8c676a11b528a251509815f4ad8c0237cc9abb5dacc846342302e15567dfe3a8,True,2
38298,1295,230926_ML_3.npy,2026-09-23,2026-09-23 05:48:40.993452,7C1687,DA40,DIAMOND AIRCRAFT INDUSTRIES INC.,DA 40,34a070fecf061ffd10c92ba59c2be8482476c782ef0a759be8e2f2a417451591,True,2
38303,1300,230926_ML_3.npy,2026-09-23,2026-09-23 05:48:55.314794,7C1687,DA40,DIAMOND AIRCRAFT INDUSTRIES INC.,DA 40,74bd2f08400357eec042166c94d946ef6de2bbf86612b109f21bc4ddfa1eb658,True,5
38328,1325,230926_ML_3.npy,2026-09-23,2026-09-23 05:49:48.604707,7C444D,P28A,PIPER AIRCRAFT CORP,PA-28-181,47b1b1dfe67feccf3e58d1c8e67c56b0480c20c680a864ccda961c3b4cea79db,True,1
38329,1326,230926_ML_3.npy,2026-09-23,2026-09-23 05:50:02.391790,7C444D,P28A,PIPER AIRCRAFT CORP,PA-28-181,e33c8d24f715a77aa19e210f23538e18746f37f979b0949090d4d807c474ce85,True,5
38330,1327,230926_ML_3.npy,2026-09-23,2026-09-23 05:50:06.398522,7C444D,P28A,PIPER AIRCRAFT CORP,PA-28-181,88d6811d268e5bc58fea1a428b4fa3ddaa811c4bffc6b79f5da859b1cfcc9915,True,3
38331,1328,230926_ML_3.npy,2026-09-23,2026-09-23 05:50:08.590479,7C444D,P28A,PIPER AIRCRAFT CORP,PA-28-181,b9a19b7aa4e51dbbbef942fd218b4a1e88aab8d2c05dbb3f66341a48716bff7b,True,5
38332,1329,230926_ML_3.npy,2026-09-23,2026-09-23 05:50:11.195942,7C444D,P28A,PIPER AIRCRAFT CORP,PA-28-181,d8ca3e90afb3bc1d4dca52ed572384b0662a75fc6da6c43081f935eb45116e9f,True,3
38333,1330,230926_ML_3.npy,2026-09-23,2026-09-23 05:50:11.547449,7C444D,P28A,PIPER AIRCRAFT CORP,PA-28-181,670cf487d7830772ec442f71230bb3545d46a01fb663e78c0a9e0987473244ef,True,5
38334,1331,230926_ML_3.npy,2026-09-23,2026-09-23 05:50:32.587432,7C444D,P28A,PIPER AIRCRAFT CORP,PA-28-181,9b8bcc811afbbff1db771e8f575a656e0ce701f0407e1c0e20b94df4b5155fc3,True,3
38335,1332,230926_ML_3.npy,2026-09-23,2026-09-23 05:50:49.467989,7C444D,P28A,PIPER AIRCRAFT CORP,PA-28-181,df10fcd4aae911c885c6fd9439cc5bedae070ac9d594f9387206b93b7530e4c0,True,2
38336,1333,230926_ML_3.npy,2026-09-23,2026-09-23 05:51:29.005338,7C444D,P28A,PIPER AIRCRAFT CORP,PA-28-181,05982e94a3415ab5e14a454d499cb075799ab1e8b28b1cfa2771535c375b48f1,True,3
38337,1334,230926_ML_3.npy,2026-09-23,2026-09-23 05:51:45.944085,7C444D,P28A,PIPER AIRCRAFT CORP,PA-28-181,25884cac840fc85a942363701864c54358004e110013007d4f746d4d59f7adda,True,5
38338,1335,230926_ML_3.npy,2026-09-23,2026-09-23 05:51:49.903282,7C444D,P28A,PIPER AIRCRAFT CORP,PA-28-181,b4b68774c2358d625d930f2c948dcbf5908ba043d592bb8a2fb6fd7fc8d073a6,True,2
38339,1336,230926_ML_3.npy,2026-09-23,2026-09-23 05:51:51.018974,7C444D,P28A,PIPER AIRCRAFT CORP,PA-28-181,34ecf1e8f00d5032f4010fef0b9030e301fa8bb9a14eb2db6d31299abe83ebdd,True,1
38340,1337,230926_ML_3.npy,2026-09-23,2026-09-23 05:51:54.576465,7C444D,P28A,PIPER AIRCRAFT CORP,PA-28-181,4cd1574b470a1ec260007319e4070085ec2f89383ccc16dc768e6ebfb107e59e,True,5
38341,1338,230926_ML_3.npy,2026-09-23,2026-09-23 05:51:55.566415,7C444D,P28A,PIPER AIRCRAFT CORP,PA-28-181,7b8e9f9401601b7c57a151a954acab1027ea6d3c70be60a33bf5d89fc6f28a1f,True,2
38342,1339,230926_ML_3.npy,2026-09-23,2026-09-23 05:51:56.384032,7C444D,P28A,PIPER AIRCRAFT CORP,PA-28-181,d8ca3e90afb3bc1d4dca52ed572384b0662a75fc6da6c43081f935eb45116e9f,True,5
38343,1340,230926_ML_3.npy,2026-09-23,2026-09-23 05:51:57.119527,7C444D,P28A,PIPER AIRCRAFT CORP,PA-28-181,87fc6c41dde096bf171bf92466e2aa80d33b7d8b1bd06a5f7bec1c44d7a4070d,True,3
38344,1341,230926_ML_3.npy,2026-09-23,2026-09-23 05:51:57.995443,7C444D,P28A,PIPER AIRCRAFT CORP,PA-28-181,fa92d9ab54d446dbe74bad389e4dbec6243c56aeebb103376d169d4fcb9c623e,True,4
38345,1342,230926_ML_3.npy,2026-09-23,2026-09-23 05:51:58.535719,7C444D,P28A,PIPER AIRCRAFT CORP,PA-28-181,481203752911bb55855b08f1158b1595fdf52f30d36376068dd886474cb761f6,True,2
38346,1343,230926_ML_3.npy,2026-09-23,2026-09-23 05:52:02.189099,7C444D,P28A,PIPER AIRCRAFT CORP,PA-28-181,36264febc3759bdf138cf6546597e48018fa61e8f8111a6fc488cca0d7c035ee,True,2
38347,1344,230926_ML_3.npy,2026-09-23,2026-09-23 05:52:02.776823,7C444D,P28A,PIPER AIRCRAFT CORP,PA-28-181,fd9e249710ff0189c66b12a96aed08a37e7caeb4987bb575598f95e49fb0bc5f,True,2
38348,1345,230926_ML_3.npy,2026-09-23,2026-09-23 05:52:03.774663,7C444D,P28A,PIPER AIRCRAFT CORP,PA-28-181,a4d09a90a4df72135c0d74120a6906460563bb4f630b5c3c0e7750db1f06c277,True,2
38349,1346,230926_ML_3.npy,2026-09-23,2026-09-23 05:52:08.439497,7C444D,P28A,PIPER AIRCRAFT CORP,PA-28-181,0a712d93c3b436632b6313eca8379ae14858b33e3b9968582f2fdcbbff01ea49,True,4
38350,1347,230926_ML_3.npy,2026-09-23,2026-09-23 05:52:13.576636,7C444D,P28A,PIPER AIRCRAFT CORP,PA-28-181,14728217d27a7d5aac0cfe484a7ae93e3972b5e286b5169d898268162fddd489,True,3
38351,1348,230926_ML_3.npy,2026-09-23,2026-09-23 05:52:15.439840,7C444D,P28A,PIPER AIRCRAFT CORP,PA-28-181,e9c2abf33323a973fdb28f5fd1b7744b72667bf02544c7529f2ff08e47f95806,True,1
38352,1349,230926_ML_3.npy,2026-09-23,2026-09-23 05:52:16.220229,7C444D,P28A,PIPER AIRCRAFT CORP,PA-28-181,f27af3b3b5e4eaa0c7328eba47501208e853063adf59aa07698c834e6fa327d5,True,3
38353,1350,230926_ML_3.npy,2026-09-23,2026-09-23 05:52:18.731678,7C444D,P28A,PIPER AIRCRAFT CORP,PA-28-181,86848909b5e69610e3b4928e97abd9aed07c6156758bb95cec9a2fe0171ab464,True,4
38354,1351,230926_ML_3.npy,2026-09-23,2026-09-23 05:52:18.827558,7C444D,P28A,PIPER AIRCRAFT CORP,PA-28-181,f6460b351355e076a1f80d2abcc84ac63273b6d7725d40e42f37dfdcc29d88e1,True,1
38355,1352,230926_ML_3.npy,2026-09-23,2026-09-23 05:52:20.762874,7C444D,P28A,PIPER AIRCRAFT CORP,PA-28-181,c5c58e9b63021e39c5bb3def07a0ffbd61c3446edaac2420735140bba6fc8af3,True,4
38356,1353,230926_ML_3.npy,2026-09-23,2026-09-23 05:52:25.055952,7C444D,P28A,PIPER AIRCRAFT CORP,PA-28-181,c99b352016be079aeef9b87689acbcc618390b79031b47b1232293cc5635eea9,True,4
38357,1354,230926_ML_3.npy,2026-09-23,2026-09-23 05:52:26.097635,7C444D,P28A,PIPER AIRCRAFT CORP,PA-28-181,bc644a6889b02befd4fb3b3a846b407d22ac4737d69f6702a66e3ec6fdd3a5c1,True,1
38358,1355,230926_ML_3.npy,2026-09-23,2026-09-23 05:52:26.462011,7C444D,P28A,PIPER AIRCRAFT CORP,PA-28-181,d8ca3e90afb3bc1d4dca52ed572384b0662a75fc6da6c43081f935eb45116e9f,True,3
38359,1356,230926_ML_3.npy,2026-09-23,2026-09-23 05:52:35.899867,7C444D,P28A,PIPER AIRCRAFT CORP,PA-28-181,7899c77083cc38e2401f7df738cc3c038dd882e39e3f11848114fce1de04547c,True,5
38361,1358,230926_ML_3.npy,2026-09-23,2026-09-23 05:52:36.179941,7C444D,P28A,PIPER AIRCRAFT CORP,PA-28-181,9b4071408cbefada21b891a70ef66939341a29fee9772eb31fbfee5fdc0ab4fd,True,3
38362,1359,230926_ML_3.npy,2026-09-23,2026-09-23 05:52:36.444028,7C444D,P28A,PIPER AIRCRAFT CORP,PA-28-181,7899c77083cc38e2401f7df738cc3c038dd882e39e3f11848114fce1de04547c,True,2
38365,1362,230926_ML_3.npy,2026-09-23,2026-09-23 05:52:46.216149,7C444D,P28A,PIPER AIRCRAFT CORP,PA-28-181,fead344aab0aec40143be0ad69ff17b0d721aa68c4bebac3cd6d285a19f47416,True,3
38390,1387,230926_ML_3.npy,2026-09-23,2026-09-23 05:55:28.496625,7C444D,P28A,PIPER AIRCRAFT CORP,PA-28-181,d8ca3e90afb3bc1d4dca52ed572384b0662a75fc6da6c43081f935eb45116e9f,True,4
38392,1389,230926_ML_3.npy,2026-09-23,2026-09-23 05:55:29.886107,7C444D,P28A,PIPER AIRCRAFT CORP,PA-28-181,5abc09e91a0cae04f5fe8e34f47dd0ee8f499c3c618ecf1bce67645c64767368,True,4
38393,1390,230926_ML_3.npy,2026-09-23,2026-09-23 05:55:31.300090,7C444D,P28A,PIPER AIRCRAFT CORP,PA-28-181,4d88ffbe5242a39e21f8c893dcc6ba53be6576d0d820637c4ba2c6466dbec169,True,3
38396,1393,230926_ML_3.npy,2026-09-23,2026-09-23 05:55:33.329720,7C444D,P28A,PIPER AIRCRAFT CORP,PA-28-181,d8ca3e90afb3bc1d4dca52ed572384b0662a75fc6da6c43081f935eb45116e9f,True,3
38397,1394,230926_ML_3.npy,2026-09-23,2026-09-23 05:55:35.029959,7C7B64,DA40,DIAMOND AIRCRAFT INDUSTRIES INC.,DA 40,5d5ca0a021d565251c400b326f7a22aeb7da7c79a7fc48272b5868317d92d4b9,True,4
38399,1396,230926_ML_3.npy,2026-09-23,2026-09-23 05:55:35.763626,7C444D,P28A,PIPER AIRCRAFT CORP,PA-28-181,d8ca3e90afb3bc1d4dca52ed572384b0662a75fc6da6c43081f935eb45116e9f,True,1
38406,1403,230926_ML_3.npy,2026-09-23,2026-09-23 05:55:52.995841,7C444D,P28A,PIPER AIRCRAFT CORP,PA-28-181,0a712d93c3b436632b6313eca8379ae14858b33e3b9968582f2fdcbbff01ea49,True,4
38407,1404,230926_ML_3.npy,2026-09-23,2026-09-23 05:55:53.497555,7C444D,P28A,PIPER AIRCRAFT CORP,PA-28-181,d8ca3e90afb3bc1d4dca52ed572384b0662a75fc6da6c43081f935eb45116e9f,True,2
38423,1420,230926_ML_3.npy,2026-09-23,2026-09-23 05:56:18.604517,7C444D,P28A,PIPER AIRCRAFT CORP,PA-28-181,883cf530042481be1e07182fa763b08d9035cb6edddc3916b69f09ad367760e3,True,1
38424,1421,230926_ML_3.npy,2026-09-23,2026-09-23 05:56:25.640838,7C444D,P28A,PIPER AIRCRAFT CORP,PA-28-181,c67641a17be578c53517577105e1c8d996f3eeadd698a651594ded2a9125f0ca,True,3
38425,1422,230926_ML_3.npy,2026-09-23,2026-09-23 05:56:43.554888,7C444D,P28A,PIPER AIRCRAFT CORP,PA-28-181,69ce703b7fa9ec08073760e27254c1367f2d2d58a64c6a838cce93b3f8c89bcb,True,4
38426,1423,230926_ML_3.npy,2026-09-23,2026-09-23 05:56:51.303904,7C444D,P28A,PIPER AIRCRAFT CORP,PA-28-181,1ed6f24091f9288f1ace28fa05bb74bd31663d45eed7295c4a4678d57c69b130,True,4
38427,1424,230926_ML_3.npy,2026-09-23,2026-09-23 05:56:51.755521,7C444D,P28A,PIPER AIRCRAFT CORP,PA-28-181,fd6c926a4e593cd3e86ae70d3b12ab4a2c8ac4b4284348d963024b881ab3c05f,True,4
38428,1425,230926_ML_3.npy,2026-09-23,2026-09-23 05:56:52.313721,7C444D,P28A,PIPER AIRCRAFT CORP,PA-28-181,b0a941b4840267d744a6599079d08135489063876cecac3d88515db62c551566,True,3
38429,1426,230926_ML_3.npy,2026-09-23,2026-09-23 05:56:58.869772,7C444D,P28A,PIPER AIRCRAFT CORP,PA-28-181,22c2e91459d3fd5118be57904897fbe730da1e838ebe655cfc01390004486382,True,5
38430,1427,230926_ML_3.npy,2026-09-23,2026-09-23 05:57:05.082866,7C444D,P28A,PIPER AIRCRAFT CORP,PA-28-181,f3173ca776595aae6fe57e1677e6822cf74fb6c09a9c1d328fd358fb1f1d7b23,True,1
38431,1428,230926_ML_3.npy,2026-09-23,2026-09-23 05:57:06.462790,7C444D,P28A,PIPER AIRCRAFT CORP,PA-28-181,0f7cb930cfe35f9633d0f5c42fca0740cb163a7c355e683a597ab162e4f2ab76,True,5
38432,1429,230926_ML_3.npy,2026-09-23,2026-09-23 05:57:10.485835,7C444D,P28A,PIPER AIRCRAFT CORP,PA-28-181,1d2f03acb76e4c2e5c945c33991a03dd02f9cea4d950902a3de76d4c0634ea57,True,3
38433,1430,230926_ML_3.npy,2026-09-23,2026-09-23 05:57:11.137312,7C444D,P28A,PIPER AIRCRAFT CORP,PA-28-181,6aaf93746114a3eeaf9d4351e920e24c4fa0f25daf1e2f2730d130a18a878451,True,5
38434,1431,230926_ML_3.npy,2026-09-23,2026-09-23 05:57:11.685584,7C444D,P28A,PIPER AIRCRAFT CORP,PA-28-181,fb0c5ad3f62c8e6f3e9359eb952d7dea38ef3b808d09e908e15163e1a5de726b,True,4
38435,1432,230926_ML_3.npy,2026-09-23,2026-09-23 05:57:13.733166,7C444D,P28A,PIPER AIRCRAFT CORP,PA-28-181,9ef1b55d4be3c677b68f099ce96f0c710e5e5f8b298df7f75138e9d743d0567a,True,5
38436,1433,230926_ML_3.npy,2026-09-23,2026-09-23 05:57:14.678903,7C444D,P28A,PIPER AIRCRAFT CORP,PA-28-181,05908cb63228ed0ef5cfb16f651b110634ee4752ab7ff49c126962e5135713aa,True,5
38437,1434,230926_ML_3.npy,2026-09-23,2026-09-23 05:57:14.810878,7C444D,P28A,PIPER AIRCRAFT CORP,PA-28-181,17aba5c22291986a97e762866b9f90b70a28bc47f0c3360bf1ba0216fab1e3ab,True,1
38438,1435,230926_ML_3.npy,2026-09-23,2026-09-23 05:57:18.359644,7C444D,P28A,PIPER AIRCRAFT CORP,PA-28-181,bdbea92283397c39fbb177d0e95a1912f7416a11383c2ccf93c282201996d94c,True,3
38439,1436,230926_ML_3.npy,2026-09-23,2026-09-23 05:57:20.485783,7C444D,P28A,PIPER AIRCRAFT CORP,PA-28-181,9db68ea2fbf638cdfa76113c07cd8672b0be310e808935703574dd0db7551c1a,True,4
38440,1437,230926_ML_3.npy,2026-09-23,2026-09-23 05:57:23.533105,7C444D,P28A,PIPER AIRCRAFT CORP,PA-28-181,c54819d417012781b4fd1236c5e8b5313fad9c012439dadad674c2edb69b9dc6,True,1
38441,1438,230926_ML_3.npy,2026-09-23,2026-09-23 05:57:26.396467,7C444D,P28A,PIPER AIRCRAFT CORP,PA-28-181,df61e53ef955fd212e96e600bb5028e4e373372b14b161023d5e3935b1cd4dfc,True,1
38442,1439,230926_ML_3.npy,2026-09-23,2026-09-23 05:57:27.837716,7C444D,P28A,PIPER AIRCRAFT CORP,PA-28-181,0a712d93c3b436632b6313eca8379ae14858b33e3b9968582f2fdcbbff01ea49,True,4
38443,1440,230926_ML_3.npy,2026-09-23,2026-09-23 05:57:29.301888,7C444D,P28A,PIPER AIRCRAFT CORP,PA-28-181,23c548bf2932a337a6c05af6ed1ff39f028c21cb39fc6e85f4e48f8ab75288f3,True,2
38444,1441,230926_ML_3.npy,2026-09-23,2026-09-23 05:57:30.167724,7C444D,P28A,PIPER AIRCRAFT CORP,PA-28-181,adc22179bb3515465518909fe101d71ed436d0671dc1a56b48dfe553d5cf58e9,True,3
38445,1442,230926_ML_3.npy,2026-09-23,2026-09-23 05:57:31.147741,7C444D,P28A,PIPER AIRCRAFT CORP,PA-28-181,c81b51f13a9c4c3059710e8d03896857a9d90686df00c4a7d75755ec8fd899d5,True,4
38446,1443,230926_ML_3.npy,2026-09-23,2026-09-23 05:57:31.965045,7C444D,P28A,PIPER AIRCRAFT CORP,PA-28-181,1d12f9154049f8f5444d19bb66342f0586a6e831ca843577ad0397995d0a9af6,True,3
38447,1444,230926_ML_3.npy,2026-09-23,2026-09-23 05:57:32.256921,7C444D,P28A,PIPER AIRCRAFT CORP,PA-28-181,04b8108bed2cab82da51a676fbe598fb1e26bf765c2b955ea1d1e941e89adf67,True,5
38448,1445,230926_ML_3.npy,2026-09-23,2026-09-23 05:57:33.361277,7C444D,P28A,PIPER AIRCRAFT CORP,PA-28-181,afa2975d499db9d8765384490aaebd22f629aad8fe101d64a69b25b4028d07e3,True,5
38449,1446,230926_ML_3.npy,2026-09-23,2026-09-23 05:57:33.565125,7C444D,P28A,PIPER AIRCRAFT CORP,PA-28-181,d8ca3e90afb3bc1d4dca52ed572384b0662a75fc6da6c43081f935eb45116e9f,True,5
38450,1447,230926_ML_3.npy,2026-09-23,2026-09-23 05:57:33.886718,7C444D,P28A,PIPER AIRCRAFT CORP,PA-28-181,8ba3793a00861dc3ee463325427495df18d3836f09bca1061ff5685969b057ef,True,3
38451,1448,230926_ML_3.npy,2026-09-23,2026-09-23 05:57:37.524042,7C444D,P28A,PIPER AIRCRAFT CORP,PA-28-181,8b4c76db7972a33385827194659c3b5c1ece152ae93af535d8bce6fee728ef1a,True,5
38452,1449,230926_ML_3.npy,2026-09-23,2026-09-23 05:57:38.302167,7C444D,P28A,PIPER AIRCRAFT CORP,PA-28-181,17d35a34e295d9ad0b2a6a669478edd2535f0670262e0ccf891f84a8eda27bcc,True,2
38453,1450,230926_ML_3.npy,2026-09-23,2026-09-23 05:57:38.548033,7C444D,P28A,PIPER AIRCRAFT CORP,PA-28-181,d8ca3e90afb3bc1d4dca52ed572384b0662a75fc6da6c43081f935eb45116e9f,True,2
38454,1451,230926_ML_3.npy,2026-09-23,2026-09-23 05:57:40.219706,7C444D,P28A,PIPER AIRCRAFT CORP,PA-28-181,21ef6f46a55974e1b736f7bd78aed686d6fcb0dfcbaa1520a9af4615f8d15e18,True,2
38455,1452,230926_ML_3.npy,2026-09-23,2026-09-23 05:57:40.985674,7C444D,P28A,PIPER AIRCRAFT CORP,PA-28-181,d8ca3e90afb3bc1d4dca52ed572384b0662a75fc6da6c43081f935eb45116e9f,True,2
38456,1453,230926_ML_3.npy,2026-09-23,2026-09-23 05:57:41.643564,7C444D,P28A,PIPER AIRCRAFT CORP,PA-28-181,2ec9a9c3520b41bbf33aa698cdd554c1a63999a9e4948e892145651ed9dab8e4,True,4
38457,1454,230926_ML_3.npy,2026-09-23,2026-09-23 05:57:43.365134,7C444D,P28A,PIPER AIRCRAFT CORP,PA-28-181,2555d3425288109a4a1bc02f8a7900dca1938e92296f1f0aefb85268f60aeec8,True,3
38458,1455,230926_ML_3.npy,2026-09-23,2026-09-23 05:57:44.396837,7C444D,P28A,PIPER AIRCRAFT CORP,PA-28-181,59482bf0943e61e1e878ddbb4904d7297435f9b64efff92fb369dba77d73838c,True,1
38459,1456,230926_ML_3.npy,2026-09-23,2026-09-23 05:57:45.944444,7C444D,P28A,PIPER AIRCRAFT CORP,PA-28-181,abc0d814b17ff475e6fcafef161c54a68b57788476dd8ec5e1ec7a553d8ef26f,True,4
38460,1457,230926_ML_3.npy,2026-09-23,2026-09-23 05:57:46.048426,7C444D,P28A,PIPER AIRCRAFT CORP,PA-28-181,d8ca3e90afb3bc1d4dca52ed572384b0662a75fc6da6c43081f935eb45116e9f,True,5
38461,1458,230926_ML_3.npy,2026-09-23,2026-09-23 05:57:47.513746,7C444D,P28A,PIPER AIRCRAFT CORP,PA-28-181,c47ac351d5b946f814e77053a236424d83800f6553a7861da9d9709eafdfddce,True,1
38462,1459,230926_ML_3.npy,2026-09-23,2026-09-23 05:57:47.520621,7C444D,P28A,PIPER AIRCRAFT CORP,PA-28-181,dc2497478a9ada3ddde719ed585b8931274a21299d3c1fb24a9c6d8b45c1c4fa,True,3
38463,1460,230926_ML_3.npy,2026-09-23,2026-09-23 05:57:48.084046,7C444D,P28A,PIPER AIRCRAFT CORP,PA-28-181,bd094577845b14261dd5d431ef00006cafaec2f458a28c84ac5bf4ffd07f64ba,True,4
38464,1461,230926_ML_3.npy,2026-09-23,2026-09-23 05:57:48.531954,7C444D,P28A,PIPER AIRCRAFT CORP,PA-28-181,f2eda012916699d1d68d3ef94313561b7ae0049d8a65f58bbd335f1f54b23dab,True,2
38466,1463,230926_ML_3.npy,2026-09-23,2026-09-23 05:57:56.097287,7C444D,P28A,PIPER AIRCRAFT CORP,PA-28-181,78e925a29ef5fb1cfbbfff3ec09451ef6297de2d5c28b8f71a67cf267f4a6537,True,3
38467,1464,230926_ML_3.npy,2026-09-23,2026-09-23 05:57:56.630497,7C444D,P28A,PIPER AIRCRAFT CORP,PA-28-181,91880aa6426760472edafd8972770b10be761361d08ca2a490899c6dd2c26b68,True,4
38468,1465,230926_ML_3.npy,2026-09-23,2026-09-23 05:57:58.183883,7C444D,P28A,PIPER AIRCRAFT CORP,PA-28-181,4e76022dc00c1e24a1fccd7cb57ae2e007e0d043eb5520d8257a74c16b09cbf2,True,4
38469,1466,230926_ML_3.npy,2026-09-23,2026-09-23 05:57:58.835888,7C444D,P28A,PIPER AIRCRAFT CORP,PA-28-181,e774b6829b1bb5c2edde82d305e23fed03e205160c3fdac8c07ad5fdbfb2a2b1,True,4
38470,1467,230926_ML_3.npy,2026-09-23,2026-09-23 05:58:00.487330,7C444D,P28A,PIPER AIRCRAFT CORP,PA-28-181,179cd3e1bbafc964dc5f99689409fe7563854fc09f1cb9413185dfacf77f1c45,True,4
38471,1468,230926_ML_3.npy,2026-09-23,2026-09-23 05:58:00.633715,7C444D,P28A,PIPER AIRCRAFT CORP,PA-28-181,8a5c6aa9f2baa3d8dfdab45c659767264a31d1620c84c40796b7e1f97fc51de4,True,3
38480,1477,230926_ML_3.npy,2026-09-23,2026-09-23 05:58:11.951834,7C7C3E,DA40,DIAMOND AIRCRAFT INDUSTRIES INC.,DA 40,52ae0b7c624c3c6186b785e2d22250b8a8515e5ce9a628ef1887c3b700f32004,True,4
38507,1504,230926_ML_3.npy,2026-09-23,2026-09-23 05:59:29.095197,7C7B55,DA40,DIAMOND AIRCRAFT INDUSTRIES INC.,DA 40,460c0a52a87195f20f0c7be42b45ef442960b19c1a6cf9229ab44180b1b005d0,True,2
38527,1524,230926_ML_3.npy,2026-09-23,2026-09-23 05:59:54.600738,7C7B64,DA40,DIAMOND AIRCRAFT INDUSTRIES INC.,DA 40,37eacf113e62e36cc7af7fb2072aba0d0cfaead4a5d2ba6dd1e17d77682ec30b,True,2
38546,1543,230926_ML_3.npy,2026-09-23,2026-09-23 06:00:09.851437,7C7B55,DA40,DIAMOND AIRCRAFT INDUSTRIES INC.,DA 40,c697d2cc1701c30157ab908751226062861a39619e8b7b60130cb7289421f37a,True,4
38550,1547,230926_ML_3.npy,2026-09-23,2026-09-23 06:00:13.988779,7C1B2A,DA40,DIAMOND AIRCRAFT INDUSTRIES INC.,DA 40,f6502b41b2f3d48f44f834dfb82d158a4a7c9e1e6e73f91f23313f5a960c7eb9,True,3
38556,1553,230926_ML_3.npy,2026-09-23,2026-09-23 06:00:22.937270,7C1B2A,DA40,DIAMOND AIRCRAFT INDUSTRIES INC.,DA 40,306be19b70fea4b41de1b70b81cd96495055aa0f75ea4f9c4b73f8b335251b2e,True,4
38557,1554,230926_ML_3.npy,2026-09-23,2026-09-23 06:00:22.944898,7C1B2A,DA40,DIAMOND AIRCRAFT INDUSTRIES INC.,DA 40,abcc87766670bdf9b79cc1476af0de3894c5ddb331a6a577d8a2af391fd4a918,True,2
38560,1557,230926_ML_3.npy,2026-09-23,2026-09-23 06:00:26.227949,7C1B2A,DA40,DIAMOND AIRCRAFT INDUSTRIES INC.,DA 40,56fc27ffa39c25e14a8189313807547720effcf691796bf4f3c5f89e6733c1d4,True,4
38571,1568,230926_ML_3.npy,2026-09-23,2026-09-23 06:00:34.784389,7C1B2A,DA40,DIAMOND AIRCRAFT INDUSTRIES INC.,DA 40,eaa57d08ceaf908ecfc86518c782f3573f56dd871bdf09c8de82a66d14c2bd1b,True,5
38579,1576,230926_ML_3.npy,2026-09-23,2026-09-23 06:00:43.637331,7C1B2A,DA40,DIAMOND AIRCRAFT INDUSTRIES INC.,DA 40,49adf8625e5d9b0f7cad960c1bbb256355ba9d6ceecbea44e8c261c2f8ef5f9e,True,1
38583,1580,230926_ML_3.npy,2026-09-23,2026-09-23 06:00:48.874497,7C444D,P28A,PIPER AIRCRAFT CORP,PA-28-181,1d33621c1fe3ba7c534f78c095ecbf48a5e3eabc571293fa9f6ddbe3003336d3,True,4
38584,1581,230926_ML_3.npy,2026-09-23,2026-09-23 06:00:54.281880,7C444D,P28A,PIPER AIRCRAFT CORP,PA-28-181,2fccd993c88041aa15e3428ada53c137b95274abff23b29bdfe813d17c99af1e,True,4
38585,1582,230926_ML_3.npy,2026-09-23,2026-09-23 06:00:55.019265,7C444D,P28A,PIPER AIRCRAFT CORP,PA-28-181,d4a314bb146bfbcba9c385b61257ad644907d625e2cbcd539c2370625335f43c,True,2
38586,1583,230926_ML_3.npy,2026-09-23,2026-09-23 06:00:56.537425,7C444D,P28A,PIPER AIRCRAFT CORP,PA-28-181,bd7ddf14224c823e02c949c1097effb13a426a34f44f5bef9a732b0297cc102a,True,2
38587,1584,230926_ML_3.npy,2026-09-23,2026-09-23 06:00:58.090158,7C444D,P28A,PIPER AIRCRAFT CORP,PA-28-181,d8ca3e90afb3bc1d4dca52ed572384b0662a75fc6da6c43081f935eb45116e9f,True,4
38588,1585,230926_ML_3.npy,2026-09-23,2026-09-23 06:01:00.662884,7C444D,P28A,PIPER AIRCRAFT CORP,PA-28-181,13b478f3161a240376747cb3c5975d91c76e7266559b22dc313fa974bde7e3ba,True,4
38589,1586,230926_ML_3.npy,2026-09-23,2026-09-23 06:01:04.112007,7C444D,P28A,PIPER AIRCRAFT CORP,PA-28-181,0a712d93c3b436632b6313eca8379ae14858b33e3b9968582f2fdcbbff01ea49,True,4
38590,1587,230926_ML_3.npy,2026-09-23,2026-09-23 06:01:04.245970,7C444D,P28A,PIPER AIRCRAFT CORP,PA-28-181,de5e35c0df792f2b2dc6d41f727a652c8000d962363e1a6ee4b94d60953102e9,True,1
38591,1588,230926_ML_3.npy,2026-09-23,2026-09-23 06:01:04.662075,7C444D,P28A,PIPER AIRCRAFT CORP,PA-28-181,d59dad6078c5dfda7481f5bfc400291398e295f8921fe21130e4602265a3ad9b,True,4
38592,1589,230926_ML_3.npy,2026-09-23,2026-09-23 06:01:11.784787,7C444D,P28A,PIPER AIRCRAFT CORP,PA-28-181,83b15f6b8cf4380e7deb2fe6dd41aebe90388cb33a377535d4385a91f3ee2960,True,1
38593,1590,230926_ML_3.npy,2026-09-23,2026-09-23 06:01:12.155028,7C444D,P28A,PIPER AIRCRAFT CORP,PA-28-181,93d4116acdf8aaec82bfdd90a42889538bcc219aa2b14e06a7e18e4b00fd016e,True,5
38594,1591,230926_ML_3.npy,2026-09-23,2026-09-23 06:01:13.340525,7C444D,P28A,PIPER AIRCRAFT CORP,PA-28-181,22bcbb58d2a948edeb76255bc2a70c8b32a029609c5bc84d48e79d48b99fd08b,True,2
38595,1592,230926_ML_3.npy,2026-09-23,2026-09-23 06:01:17.821631,7C444D,P28A,PIPER AIRCRAFT CORP,PA-28-181,bb461f987a5b15218b7a5ddb3f8f911d8e508a36ebde35f0fca299c7affd6680,True,2
38596,1593,230926_ML_3.npy,2026-09-23,2026-09-23 06:01:19.197269,7C444D,P28A,PIPER AIRCRAFT CORP,PA-28-181,bdbea92283397c39fbb177d0e95a1912f7416a11383c2ccf93c282201996d94c,True,3
38597,1594,230926_ML_3.npy,2026-09-23,2026-09-23 06:01:23.910478,7C444D,P28A,PIPER AIRCRAFT CORP,PA-28-181,f45f7bd5a5914af6af50b18c1e1ff506669c246fe54bb6f7f18499eef94bd800,True,5
38598,1595,230926_ML_3.npy,2026-09-23,2026-09-23 06:01:28.613554,7C444D,P28A,PIPER AIRCRAFT CORP,PA-28-181,86eb19669ebacc5af5483e1ac1c39a35b00896f8946ffe10b0d5d7d3ab81f455,True,4
38599,1596,230926_ML_3.npy,2026-09-23,2026-09-23 06:01:30.239861,7C444D,P28A,PIPER AIRCRAFT CORP,PA-28-181,e8c6e6e10899bae4ca60744b6883d542739f3b76d562f446efd7d6bfd333ccd2,True,3
38600,1597,230926_ML_3.npy,2026-09-23,2026-09-23 06:01:44.268920,7C444D,P28A,PIPER AIRCRAFT CORP,PA-28-181,0a712d93c3b436632b6313eca8379ae14858b33e3b9968582f2fdcbbff01ea49,True,5
38609,1606,230926_ML_3.npy,2026-09-23,2026-09-23 06:02:06.407791,7C7B64,DA40,DIAMOND AIRCRAFT INDUSTRIES INC.,DA 40,5d5ca0a021d565251c400b326f7a22aeb7da7c79a7fc48272b5868317d92d4b9,True,4
38621,1618,230926_ML_3.npy,2026-09-23,2026-09-23 06:02:31.952935,7C7B64,DA40,DIAMOND AIRCRAFT INDUSTRIES INC.,DA 40,7fa276a71b1cbecdbf6a4964392663b0f4d590fb1d13000a126598ee337beab0,True,1
38622,1619,230926_ML_3.npy,2026-09-23,2026-09-23 06:02:49.067579,7C444D,P28A,PIPER AIRCRAFT CORP,PA-28-181,a02f883e4423022c895c577a75660d4ac896ee8e94b067648b625e0ec9dc3edb,True,3
38623,1620,230926_ML_3.npy,2026-09-23,2026-09-23 06:02:49.675410,7C444D,P28A,PIPER AIRCRAFT CORP,PA-28-181,bdbea92283397c39fbb177d0e95a1912f7416a11383c2ccf93c282201996d94c,True,1
38624,1621,230926_ML_3.npy,2026-09-23,2026-09-23 06:02:50.153386,7C444D,P28A,PIPER AIRCRAFT CORP,PA-28-181,062c5b7e5bc5d1b02d09eadaa114f52c7b55309135178a9f0a1c0deef48642cc,True,5
38625,1622,230926_ML_3.npy,2026-09-23,2026-09-23 06:02:51.792891,7C444D,P28A,PIPER AIRCRAFT CORP,PA-28-181,74c48b6585df22f3f963dae9d1fa4ac897c9f89ad954affb50083e71b6e565d9,True,4
38626,1623,230926_ML_3.npy,2026-09-23,2026-09-23 06:02:53.580363,7C444D,P28A,PIPER AIRCRAFT CORP,PA-28-181,d469519be4e95417b20c688faddbf8b3da0594e4aa8e9fcc54d0453c8d2520b9,True,4
38627,1624,230926_ML_3.npy,2026-09-23,2026-09-23 06:02:56.579851,7C444D,P28A,PIPER AIRCRAFT CORP,PA-28-181,bada51eefa3728b3bd4f0a1f658528c3ff35df7273cadab3fcf53220d158a10c,True,1
38628,1625,230926_ML_3.npy,2026-09-23,2026-09-23 06:02:58.971207,7C444D,P28A,PIPER AIRCRAFT CORP,PA-28-181,9c14303c40b715eaac5c0e607af004f8865643e80dc78a94c5256376cfdd0c40,True,2
38629,1626,230926_ML_3.npy,2026-09-23,2026-09-23 06:03:02.752865,7C444D,P28A,PIPER AIRCRAFT CORP,PA-28-181,b86966705c715857c42c2a58cefac439691bc9bcaca14df33a97b2aed5c9e8e1,True,3
38630,1627,230926_ML_3.npy,2026-09-23,2026-09-23 06:03:03.946652,7C444D,P28A,PIPER AIRCRAFT CORP,PA-28-181,37449a18b95943ec8356edc62ec6df25c058981942a7163cf421965620a0ed92,True,5
38631,1628,230926_ML_3.npy,2026-09-23,2026-09-23 06:03:04.708376,7C444D,P28A,PIPER AIRCRAFT CORP,PA-28-181,bdbea92283397c39fbb177d0e95a1912f7416a11383c2ccf93c282201996d94c,True,2
38632,1629,230926_ML_3.npy,2026-09-23,2026-09-23 06:03:04.944438,7C444D,P28A,PIPER AIRCRAFT CORP,PA-28-181,ad09f972dd1f46df7c8934d69f8cac4830d49c81d2b0e74c4613098b773c727c,True,2
38633,1630,230926_ML_3.npy,2026-09-23,2026-09-23 06:03:05.832296,7C444D,P28A,PIPER AIRCRAFT CORP,PA-28-181,9c34d64a4945ff314719baac5d41630ea0eead25db3ca9b225ed3763102ede70,True,5
38634,1631,230926_ML_3.npy,2026-09-23,2026-09-23 06:03:05.928127,7C444D,P28A,PIPER AIRCRAFT CORP,PA-28-181,073c0c42d5515c656a4bf691159e458d5e3ac8fc77351bfd297f7f19f5538654,True,4
38635,1632,230926_ML_3.npy,2026-09-23,2026-09-23 06:03:06.368009,7C444D,P28A,PIPER AIRCRAFT CORP,PA-28-181,7406a480e99fa1aad448238db0146bae68bbc684a9a3ed5111c9633cb269e808,True,1
38636,1633,230926_ML_3.npy,2026-09-23,2026-09-23 06:03:07.679940,7C444D,P28A,PIPER AIRCRAFT CORP,PA-28-181,65430391b177fd2668d8a5dfb71180704fa4ee2ba273ef53e82ca3a29b255d0d,True,4
38637,1634,230926_ML_3.npy,2026-09-23,2026-09-23 06:03:08.132894,7C444D,P28A,PIPER AIRCRAFT CORP,PA-28-181,607913869f3add31180486c68c2d8bbc552bea02b4086f07be9862288b46b53a,True,4
38638,1635,230926_ML_3.npy,2026-09-23,2026-09-23 06:03:08.631403,7C444D,P28A,PIPER AIRCRAFT CORP,PA-28-181,4b8db274ff7ccf1dcbaf7ca998bda3d75925831c070fd991640addc2f34e98eb,True,1
38639,1636,230926_ML_3.npy,2026-09-23,2026-09-23 06:03:13.784953,7C444D,P28A,PIPER AIRCRAFT CORP,PA-28-181,e958def4d8dad216e3a1301333a405278e5c55eb8b8088514c4bf50436337859,True,2
38640,1637,230926_ML_3.npy,2026-09-23,2026-09-23 06:03:14.666786,7C444D,P28A,PIPER AIRCRAFT CORP,PA-28-181,1caf49b0cf2f44e158e48ea80ef74f18ffe30fc31f7dd44dade35921c97a6d01,True,1
38641,1638,230926_ML_3.npy,2026-09-23,2026-09-23 06:03:17.290224,7C444D,P28A,PIPER AIRCRAFT CORP,PA-28-181,9556764c58ddb8682b1fabd29960c00bc36e8bd038463bddde77246fda4c30d0,True,4
38642,1639,230926_ML_3.npy,2026-09-23,2026-09-23 06:03:17.499273,7C444D,P28A,PIPER AIRCRAFT CORP,PA-28-181,c2187c47f549f27a193f207e7dffbf4db4e8a7ac4c475d42a551120aa46e14ab,True,5
38643,1640,230926_ML_3.npy,2026-09-23,2026-09-23 06:03:18.213557,7C444D,P28A,PIPER AIRCRAFT CORP,PA-28-181,1b146aad9e528032c750a88644622df56f912b89ebc7532f6e2d3456d7700bf0,True,4
38644,1641,230926_ML_3.npy,2026-09-23,2026-09-23 06:03:18.643971,7C444D,P28A,PIPER AIRCRAFT CORP,PA-28-181,ae52186b40a93c3761b1c12f75e2795ce4271991839490c07d2f700829d7b7b7,True,2
38645,1642,230926_ML_3.npy,2026-09-23,2026-09-23 06:03:19.004158,7C444D,P28A,PIPER AIRCRAFT CORP,PA-28-181,10399af8b7aa5dfb94183ad5ecc631b0297d7b8ace47b4faf4e02d69a668123e,True,2
38646,1643,230926_ML_3.npy,2026-09-23,2026-09-23 06:03:20.001707,7C444D,P28A,PIPER AIRCRAFT CORP,PA-28-181,a4ebfc9fd01abc30cd3eb4e53ab6476a91d2fc26f987edadc55eaaaa7de26212,True,5
38647,1644,230926_ML_3.npy,2026-09-23,2026-09-23 06:03:22.295515,7C444D,P28A,PIPER AIRCRAFT CORP,PA-28-181,b08c07355b80d066cefa5636e456cea830ba431323c7c48c4bf7e5f32d986207,True,5
38648,1645,230926_ML_3.npy,2026-09-23,2026-09-23 06:03:23.366970,7C444D,P28A,PIPER AIRCRAFT CORP,PA-28-181,0a712d93c3b436632b6313eca8379ae14858b33e3b9968582f2fdcbbff01ea49,True,3
38649,1646,230926_ML_3.npy,2026-09-23,2026-09-23 06:03:24.592453,7C444D,P28A,PIPER AIRCRAFT CORP,PA-28-181,7da38478ae740ab5c1c537444c26b8ac0b6ca55766649398b88ea5d82056ee24,True,2
38650,1647,230926_ML_3.npy,2026-09-23,2026-09-23 06:03:25.182819,7C444D,P28A,PIPER AIRCRAFT CORP,PA-28-181,272780697a8885a0874ba1211518b727ccdbdc6d9fb55ee7d55ed87f74b9f41b,True,3
38651,1648,230926_ML_3.npy,2026-09-23,2026-09-23 06:03:29.667740,7C444D,P28A,PIPER AIRCRAFT CORP,PA-28-181,bdbbaacf6c61e7d410c1b4e6cd9459222c5203ac248aa94aac694031059107bd,True,2
38652,1649,230926_ML_3.npy,2026-09-23,2026-09-23 06:03:31.587244,7C444D,P28A,PIPER AIRCRAFT CORP,PA-28-181,c53ab7e7fac4d182f39468669555d99405dc4dca4b51102a558a1c6f7006c63e,True,3
38653,1650,230926_ML_3.npy,2026-09-23,2026-09-23 06:03:32.041531,7C444D,P28A,PIPER AIRCRAFT CORP,PA-28-181,31105736bf1cb88013815bf53fa0c0e848e4601ad09448cea8382b03abc4de05,True,5
38654,1651,230926_ML_3.npy,2026-09-23,2026-09-23 06:03:32.903408,7C444D,P28A,PIPER AIRCRAFT CORP,PA-28-181,c3b8955018ec621fb2cad19266f39b273bf584908a5ddcd330a778c1a1a0cc3b,True,1
38655,1652,230926_ML_3.npy,2026-09-23,2026-09-23 06:03:33.892973,7C444D,P28A,PIPER AIRCRAFT CORP,PA-28-181,0ce84a4616643e8f1f7a8205d4021ca9faaab6721bc7db7586daf1c87935b498,True,4
38656,1653,230926_ML_3.npy,2026-09-23,2026-09-23 06:03:42.487628,7C444D,P28A,PIPER AIRCRAFT CORP,PA-28-181,5866d0a1e4a94eb137c3bd175e911c77903dce34f65ebf502f936367522dd485,True,1
38657,1654,230926_ML_3.npy,2026-09-23,2026-09-23 06:03:42.779796,7C444D,P28A,PIPER AIRCRAFT CORP,PA-28-181,c41181661fac8b1b1bfc9993be887db57f7f499d459fcec95b5a4b93c53be0e4,True,1
38658,1655,230926_ML_3.npy,2026-09-23,2026-09-23 06:04:54.929168,7C7B5E,DA40,DIAMOND AIRCRAFT INDUSTRIES INC.,DA 40,f42d9f9ec2e82ae24389420008214b3b4447603f9b085663823ca887afd09a69,True,1
38664,1661,230926_ML_3.npy,2026-09-23,2026-09-23 06:05:44.051263,7C7B5E,DA40,DIAMOND AIRCRAFT INDUSTRIES INC.,DA 40,ae0fb2128d4c1955f2b25e46c2a5473cde4d5117ae370891fc2566ff413d2ece,True,2
38666,1663,230926_ML_3.npy,2026-09-23,2026-09-23 06:05:46.305177,7C444D,P28A,PIPER AIRCRAFT CORP,PA-28-181,7ce2baee332112c335cbfb42dae291159d677ba369cc2c4f429756ee55136247,True,1
38668,1665,230926_ML_3.npy,2026-09-23,2026-09-23 06:05:49.282419,7C444D,P28A,PIPER AIRCRAFT CORP,PA-28-181,50991ca2a2480f3acad5ef110ac52c0ce87694e6779fca03c7aed3c2fd5d9472,True,4
38669,1666,230926_ML_3.npy,2026-09-23,2026-09-23 06:05:49.610506,7C444D,P28A,PIPER AIRCRAFT CORP,PA-28-181,8776e484b0b1db22043ebd51ffe02d961a4ab3992aedf9879968fcdcb9be3837,True,3
38670,1667,230926_ML_3.npy,2026-09-23,2026-09-23 06:05:50.096383,7C444D,P28A,PIPER AIRCRAFT CORP,PA-28-181,9a0c2266a60803f5e44c78062a2cbe36d8bcc78f596f53a1737a8eef95bf57fe,True,5
38672,1669,230926_ML_3.npy,2026-09-23,2026-09-23 06:05:51.821501,7C444D,P28A,PIPER AIRCRAFT CORP,PA-28-181,94669bb0cec00b3b5e5ba80356b1795d97efb674dc5b50bbabb21861669e31f8,True,5
38684,1681,230926_ML_3.npy,2026-09-23,2026-09-23 06:06:04.348003,7C7B5E,DA40,DIAMOND AIRCRAFT INDUSTRIES INC.,DA 40,8f4bb92285bbde43a514788d698602d715099ec7c5c99c01ca6be9f8c512ced0,True,1
38690,1687,230926_ML_3.npy,2026-09-23,2026-09-23 06:06:10.886476,7C7B5E,DA40,DIAMOND AIRCRAFT INDUSTRIES INC.,DA 40,fbbc4af4511392100bc4774f7b94f8a94b5e50dbe444b8744151f43fca7422f0,True,2
38705,1702,230926_ML_3.npy,2026-09-23,2026-09-23 06:06:44.388356,7C444D,P28A,PIPER AIRCRAFT CORP,PA-28-181,bfec454c2ac0609227c646b59718cdecf50ed145b0922ef24bfb86f27d9e0218,True,4
38707,1704,230926_ML_3.npy,2026-09-23,2026-09-23 06:06:45.884091,7C444D,P28A,PIPER AIRCRAFT CORP,PA-28-181,e9455e17364b915400dd9ea13eed2dd2e4b3a01e1475756c0f5f5017d521a142,True,4
38709,1706,230926_ML_3.npy,2026-09-23,2026-09-23 06:06:48.287673,7C444D,P28A,PIPER AIRCRAFT CORP,PA-28-181,d8ca3e90afb3bc1d4dca52ed572384b0662a75fc6da6c43081f935eb45116e9f,True,4
38716,1713,230926_ML_3.npy,2026-09-23,2026-09-23 06:07:08.709219,7C444D,P28A,PIPER AIRCRAFT CORP,PA-28-181,4da4684802be074d4016acb12c49a4d6a7951e0c1705c66c1da3da5ec50e5121,True,1
38718,1715,230926_ML_3.npy,2026-09-23,2026-09-23 06:07:14.948325,7C444D,P28A,PIPER AIRCRAFT CORP,PA-28-181,e50081a2784ee2530de3bfcd9e566df40f7f476bf0142f0ff78a9e1718975c19,True,1
38719,1716,230926_ML_3.npy,2026-09-23,2026-09-23 06:07:15.802266,7C444D,P28A,PIPER AIRCRAFT CORP,PA-28-181,5d7bb7fc0edab4d69bbeae282c5f9aedea6b81755c583195312804521d5efd79,True,2
38721,1718,230926_ML_3.npy,2026-09-23,2026-09-23 06:07:23.870896,7C444D,P28A,PIPER AIRCRAFT CORP,PA-28-181,f89deab5115e86d67f37307d1410fc2cdf6a1d07b1c7d485d032b6c624379a5e,True,3
38724,1721,230926_ML_3.npy,2026-09-23,2026-09-23 06:07:27.204188,7C444D,P28A,PIPER AIRCRAFT CORP,PA-28-181,1e5f63c02cfdc531c9237bf9223ab6f96d25230934d5ac1e9c897fae1096b7c3,True,3
38767,1764,230926_ML_3.npy,2026-09-23,2026-09-23 06:08:04.254134,7C6C18,C172,CESSNA AIRCRAFT COMPANY,172S,bd1d59223410ce2653ef3d8181a34120bc54bd9af5534bd734e1660aa3920a79,True,2
38778,1775,230926_ML_3.npy,2026-09-23,2026-09-23 06:08:11.530117,7C444D,P28A,PIPER AIRCRAFT CORP,PA-28-181,45d84ab151271b92b0092ae2c01c23492950d6415ad35424d1b35dafda513385,True,4
38785,1782,230926_ML_3.npy,2026-09-23,2026-09-23 06:08:19.480040,7C444D,P28A,PIPER AIRCRAFT CORP,PA-28-181,91f5a520899e22b0ad9dc5070b9c84f8a8bdb05f00507d1813e82b6c77130fce,True,3
38787,1784,230926_ML_3.npy,2026-09-23,2026-09-23 06:08:19.827315,7C6C18,C172,CESSNA AIRCRAFT COMPANY,172S,9ce45e00033fd218d948580fe968a06ae86a70e50f7376704eb41b524c3c6216,True,5
38788,1785,230926_ML_3.npy,2026-09-23,2026-09-23 06:08:20.136612,7C6C18,C172,CESSNA AIRCRAFT COMPANY,172S,203f99fc5ce3a09610df6060ca908e496d451043719572c6b25efbe7ae9cf6e2,True,1
38790,1787,230926_ML_3.npy,2026-09-23,2026-09-23 06:08:22.783517,7C6C18,C172,CESSNA AIRCRAFT COMPANY,172S,429ed2ae5ed27ec7a6968167b000918c475b56a0d1274b44ce9c6570b29d5820,True,5
38791,1788,230926_ML_3.npy,2026-09-23,2026-09-23 06:08:24.135574,7C444D,P28A,PIPER AIRCRAFT CORP,PA-28-181,25f48990baf08361a9655c0dfdc96e1cedb3f398e782a07b557cd5e4dbaf5936,True,2
38792,1789,230926_ML_3.npy,2026-09-23,2026-09-23 06:08:25.419281,7C444D,P28A,PIPER AIRCRAFT CORP,PA-28-181,d8ca3e90afb3bc1d4dca52ed572384b0662a75fc6da6c43081f935eb45116e9f,True,1
38793,1790,230926_ML_3.npy,2026-09-23,2026-09-23 06:08:29.812386,7C444D,P28A,PIPER AIRCRAFT CORP,PA-28-181,f6c057ba8384c367303573d871c60b3a513682a5b1ac7fe40536a8b68503fed4,True,2
38794,1791,230926_ML_3.npy,2026-09-23,2026-09-23 06:08:32.883909,7C444D,P28A,PIPER AIRCRAFT CORP,PA-28-181,d8ca3e90afb3bc1d4dca52ed572384b0662a75fc6da6c43081f935eb45116e9f,True,3
38795,1792,230926_ML_3.npy,2026-09-23,2026-09-23 06:08:35.650968,7C444D,P28A,PIPER AIRCRAFT CORP,PA-28-181,5a2b19acf4b6040dca8e8a99f554dd2f30ba6bd6438554928edd3a5f9a839b00,True,1
38797,1794,230926_ML_3.npy,2026-09-23,2026-09-23 06:08:36.156319,7C6C18,C172,CESSNA AIRCRAFT COMPANY,172S,f7d9adc0e47198b52227c3b30eec29817d756a6b649c0704130b5a8cf93acb5d,True,3
38800,1797,230926_ML_3.npy,2026-09-23,2026-09-23 06:08:43.249893,7C444D,P28A,PIPER AIRCRAFT CORP,PA-28-181,7c26f4fb91491efb283c14ae7f5b88ee71828cde8775eccf7dea50d81099bf44,True,1
38801,1798,230926_ML_3.npy,2026-09-23,2026-09-23 06:08:43.297994,7C444D,P28A,PIPER AIRCRAFT CORP,PA-28-181,0a712d93c3b436632b6313eca8379ae14858b33e3b9968582f2fdcbbff01ea49,True,5
38804,1801,230926_ML_3.npy,2026-09-23,2026-09-23 06:08:45.879400,7C444D,P28A,PIPER AIRCRAFT CORP,PA-28-181,50e3c5bfb4db69fb6e81f0a40c9572013584d2cc93350715fdf7ec3f593145d6,True,5
38806,1803,230926_ML_3.npy,2026-09-23,2026-09-23 06:08:48.247014,7C444D,P28A,PIPER AIRCRAFT CORP,PA-28-181,1d5c1d086e5f38b2c041c09c64161e4e62105dd7722355b1b388ff78fac7cbc4,True,3
38810,1807,230926_ML_3.npy,2026-09-23,2026-09-23 06:08:50.816504,7C444D,P28A,PIPER AIRCRAFT CORP,PA-28-181,e2e2db33e1d0ad92eaf86ee0a1c183d1721ef5c5b2ff9c8cff99c1f9aa8064e4,True,2
38811,1808,230926_ML_3.npy,2026-09-23,2026-09-23 06:08:50.961130,7C6C18,C172,CESSNA AIRCRAFT COMPANY,172S,463a7ce47fba716c2de4fd3280de28672d83ba40d13f5a6c510ed09e0d03b0c7,True,5
38812,1809,230926_ML_3.npy,2026-09-23,2026-09-23 06:08:51.358316,7C444D,P28A,PIPER AIRCRAFT CORP,PA-28-181,bbadefe8d66c50c6924528ac705c636e4f33d8becb25b273c654c7b73ea0aba6,True,1
38813,1810,230926_ML_3.npy,2026-09-23,2026-09-23 06:08:52.234282,7C6C18,C172,CESSNA AIRCRAFT COMPANY,172S,463a7ce47fba716c2de4fd3280de28672d83ba40d13f5a6c510ed09e0d03b0c7,True,3
38814,1811,230926_ML_3.npy,2026-09-23,2026-09-23 06:08:52.893509,7C444D,P28A,PIPER AIRCRAFT CORP,PA-28-181,d8ca3e90afb3bc1d4dca52ed572384b0662a75fc6da6c43081f935eb45116e9f,True,4
38817,1814,230926_ML_3.npy,2026-09-23,2026-09-23 06:08:55.917713,7C444D,P28A,PIPER AIRCRAFT CORP,PA-28-181,422a79fb4e6e486b602e7b0cc95f1f3d31a0d66924e47b07ed445c5597863f80,True,5
38818,1815,230926_ML_3.npy,2026-09-23,2026-09-23 06:08:56.007168,7C444D,P28A,PIPER AIRCRAFT CORP,PA-28-181,4ed1c0df38ad7ec90c7e991a5b7335d3cb2928bbf0bfc2fa4bc491cd7cbbee06,True,2
38819,1816,230926_ML_3.npy,2026-09-23,2026-09-23 06:08:57.077413,7C444D,P28A,PIPER AIRCRAFT CORP,PA-28-181,b218da72763d5153d56244aedf1a0731a4265b0cb22e18df99da624b61be2a9d,True,5
38820,1817,230926_ML_3.npy,2026-09-23,2026-09-23 06:08:58.119171,7C444D,P28A,PIPER AIRCRAFT CORP,PA-28-181,0a712d93c3b436632b6313eca8379ae14858b33e3b9968582f2fdcbbff01ea49,True,1
38821,1818,230926_ML_3.npy,2026-09-23,2026-09-23 06:08:58.621030,7C444D,P28A,PIPER AIRCRAFT CORP,PA-28-181,f628500bb6baf474f9fe0cc9ba307db38fce04e45f3b23f710a7f1b84ff7618e,True,4
38823,1820,230926_ML_3.npy,2026-09-23,2026-09-23 06:09:01.181610,7C6C18,C172,CESSNA AIRCRAFT COMPANY,172S,42dce843af0af5e3f61de88a23cc89f8d68f9f3d46447b576692a8ca26273d06,True,3
38825,1822,230926_ML_3.npy,2026-09-23,2026-09-23 06:09:02.566266,7C444D,P28A,PIPER AIRCRAFT CORP,PA-28-181,37511f12a832c4aa282ded060391fa0c13979648a1f9fbeb993febdf529b597e,True,4
38828,1825,230926_ML_3.npy,2026-09-23,2026-09-23 06:09:04.143895,7C444D,P28A,PIPER AIRCRAFT CORP,PA-28-181,7e2ef14b9512da6ff9888a8aafcbe340a1e968c84c725e7ab8cef9be5b72b9c9,True,5
38830,1827,230926_ML_3.npy,2026-09-23,2026-09-23 06:09:04.668410,7C6C18,C172,CESSNA AIRCRAFT COMPANY,172S,533943d9632513bcd15818cf30fa599b701fa5a54cbe76ed8a096a83f8ab7058,True,4
38832,1829,230926_ML_3.npy,2026-09-23,2026-09-23 06:09:05.445197,7C444D,P28A,PIPER AIRCRAFT CORP,PA-28-181,685101760c5a7dd9f4e19744cf958242ec322e42e09add954f5ad302f303e71d,True,4
38833,1830,230926_ML_3.npy,2026-09-23,2026-09-23 06:09:06.206526,7C444D,P28A,PIPER AIRCRAFT CORP,PA-28-181,219374434426a1f1644b961a8ec864e5d9b13442d047c6640ee7f95483fe1a29,True,5
38835,1832,230926_ML_3.npy,2026-09-23,2026-09-23 06:09:07.779183,7C444D,P28A,PIPER AIRCRAFT CORP,PA-28-181,3d144d6143a0c178051261754e0c75e4f922dd6ba95edacda0b022a3c14fdfe0,True,2
38837,1834,230926_ML_3.npy,2026-09-23,2026-09-23 06:09:09.259081,7C444D,P28A,PIPER AIRCRAFT CORP,PA-28-181,bdbea92283397c39fbb177d0e95a1912f7416a11383c2ccf93c282201996d94c,True,1
38843,1840,230926_ML_3.npy,2026-09-23,2026-09-23 06:09:12.249754,7C6C18,C172,CESSNA AIRCRAFT COMPANY,172S,7c612b23ffd437b4b83d1b28d70aca6ec7da693d10d77c014ffaf662c050496f,True,3
38845,1842,230926_ML_3.npy,2026-09-23,2026-09-23 06:09:13.438328,7C444D,P28A,PIPER AIRCRAFT CORP,PA-28-181,9ea5b88c584a24c0841d53cab00a335da6d804a5dfc0aef9775e09798352be4c,True,1
38848,1845,230926_ML_3.npy,2026-09-23,2026-09-23 06:09:18.643476,7C6C18,C172,CESSNA AIRCRAFT COMPANY,172S,f29ff869eee3f1ac3cb29e19b20d38f0ffd0c4d2366dd18a7785d29015f88802,True,1
38862,1859,230926_ML_3.npy,2026-09-23,2026-09-23 06:09:31.689427,7C6C18,C172,CESSNA AIRCRAFT COMPANY,172S,baf1feafd21f1f951613e7d0e5e2ed3d8100080ad88f433204cb838da5e1e208,True,2
38869,1866,230926_ML_3.npy,2026-09-23,2026-09-23 06:09:47.572371,7C6C18,C172,CESSNA AIRCRAFT COMPANY,172S,203f99fc5ce3a09610df6060ca908e496d451043719572c6b25efbe7ae9cf6e2,True,1
38871,1868,230926_ML_3.npy,2026-09-23,2026-09-23 06:09:48.185201,7C6C18,C172,CESSNA AIRCRAFT COMPANY,172S,e715391a7f0d25064b59c678d95e8f8db32a3ac5f8365fbec60a1b72ab8906a5,True,3
38886,1883,230926_ML_3.npy,2026-09-23,2026-09-23 06:09:57.549036,7C6C18,C172,CESSNA AIRCRAFT COMPANY,172S,3779a2e47a87f6718ef09c0590c0b478ce3bcb2230d83ec9a7f069cd1a932bc2,True,1
38891,1888,230926_ML_3.npy,2026-09-23,2026-09-23 06:11:31.362225,7C6C18,C172,CESSNA AIRCRAFT COMPANY,172S,f76d0d1af336eb908581feb476def15938fdb45a12539795b5d6b6e81788ecb1,True,5
38893,1890,230926_ML_3.npy,2026-09-23,2026-09-23 06:11:34.956864,7C6C18,C172,CESSNA AIRCRAFT COMPANY,172S,d02c1bfc8ebbbedd4c6211c0546e94c0905e94757018e8ee55ef6ebc4846a5f4,True,5
38895,1892,230926_ML_3.npy,2026-09-23,2026-09-23 06:11:36.430278,7C6C18,C172,CESSNA AIRCRAFT COMPANY,172S,d1f2a65e19a2b46012607001a8fa3748c5f3fe33a39aa2e31f57613b817b5e17,True,4
38897,1894,230926_ML_3.npy,2026-09-23,2026-09-23 06:11:40.472611,7C6C18,C172,CESSNA AIRCRAFT COMPANY,172S,02d5e543cabb8c3304f83fdf73cc143126b6794bd4e7ef0195864841b4f5f26a,True,4
38899,1896,230926_ML_3.npy,2026-09-23,2026-09-23 06:11:42.010332,7C6C18,C172,CESSNA AIRCRAFT COMPANY,172S,cc0e3c74df1811a592aaf03be2178afb0a3d97d396ba7792dfeeea3436eb247f,True,3
38900,1897,230926_ML_3.npy,2026-09-23,2026-09-23 06:11:42.865532,7C6C18,C172,CESSNA AIRCRAFT COMPANY,172S,be3a09f410ae9c530dbb755f67306968fe845fbd1b52dc6426ef7408b23a781c,True,4
38907,1904,230926_ML_3.npy,2026-09-23,2026-09-23 06:11:52.672944,7C6C18,C172,CESSNA AIRCRAFT COMPANY,172S,4d415628aef0db68ccb2e3b57f637902a2ad5cc6a03712d2c2019da652585785,True,4
38909,1906,230926_ML_3.npy,2026-09-23,2026-09-23 06:11:53.553066,7C6C18,C172,CESSNA AIRCRAFT COMPANY,172S,463a7ce47fba716c2de4fd3280de28672d83ba40d13f5a6c510ed09e0d03b0c7,True,4
38910,1907,230926_ML_3.npy,2026-09-23,2026-09-23 06:11:55.371193,7C6C18,C172,CESSNA AIRCRAFT COMPANY,172S,d0a378f6418c32358c526e66c569333092cec2c8a0b67e3815c3bb67129dcf82,True,5
38916,1913,230926_ML_3.npy,2026-09-23,2026-09-23 06:12:01.228291,7C444D,P28A,PIPER AIRCRAFT CORP,PA-28-181,ae3525d9e271113d552836bd35e46870c1e9c402bf92d690a2455153b7037a0b,True,3
38917,1914,230926_ML_3.npy,2026-09-23,2026-09-23 06:12:03.600190,7C444D,P28A,PIPER AIRCRAFT CORP,PA-28-181,cde56b8baec086d98eae747e2545388e6a9c92b9da6b6af7c1d9744595c57b56,True,1
38918,1915,230926_ML_3.npy,2026-09-23,2026-09-23 06:12:03.661748,7C444D,P28A,PIPER AIRCRAFT CORP,PA-28-181,bdbea92283397c39fbb177d0e95a1912f7416a11383c2ccf93c282201996d94c,True,2
38920,1917,230926_ML_3.npy,2026-09-23,2026-09-23 06:12:06.793332,7C444D,P28A,PIPER AIRCRAFT CORP,PA-28-181,5996988c62daf7164ecc0801cdffb754a915984fa5f585b4707df03b540aa493,True,1
38922,1919,230926_ML_3.npy,2026-09-23,2026-09-23 06:12:10.400541,7C444D,P28A,PIPER AIRCRAFT CORP,PA-28-181,bb726882da5b595082874334d7b409f0ffdf6498a4a98de2f1d4cd3279529a18,True,2
38925,1922,230926_ML_3.npy,2026-09-23,2026-09-23 06:12:12.817973,7C444D,P28A,PIPER AIRCRAFT CORP,PA-28-181,ba14d898cf51a3d2c4f9bb90918e5ddb46caf799f508714a7713e72befa07535,True,2
38926,1923,230926_ML_3.npy,2026-09-23,2026-09-23 06:12:15.925074,7C6C18,C172,CESSNA AIRCRAFT COMPANY,172S,9dd7255eee853e42657530ee5ab994b6c66c76cd46d51ff10ada30aa135c123e,True,4
38927,1924,230926_ML_3.npy,2026-09-23,2026-09-23 06:12:17.430723,7C6C18,C172,CESSNA AIRCRAFT COMPANY,172S,3ba8ada346dfca27b100c66613b3de7f990b99caf13847e5ecbd5b58b686364c,True,1
38929,1926,230926_ML_3.npy,2026-09-23,2026-09-23 06:12:19.689600,7C444D,P28A,PIPER AIRCRAFT CORP,PA-28-181,9f786daa6e6319a3f1316d1e109c77e28922c12813d126b310389f070c5ab7fe,True,1
38930,1927,230926_ML_3.npy,2026-09-23,2026-09-23 06:12:21.190120,7C6C18,C172,CESSNA AIRCRAFT COMPANY,172S,e7b8c9416d93b9f0cd1331e3de053535cd644180fcb641d317bb6ff5ee1749e1,True,5
38932,1929,230926_ML_3.npy,2026-09-23,2026-09-23 06:12:21.834224,7C79B4,DA42,DIAMOND AIRCRAFT INDUSTRIES,DA 42,f8adbf55d6d4f14b75f314211cc0f1bb19480bf7bad9d40317552aff9b26acc4,True,1
38933,1930,230926_ML_3.npy,2026-09-23,2026-09-23 06:12:21.838019,7C79B4,DA42,DIAMOND AIRCRAFT INDUSTRIES,DA 42,cd9894a97c4d81f0af7fd61ec84bc100a9789c9848e1943ae7ff0ae12bdba475,True,2
38935,1932,230926_ML_3.npy,2026-09-23,2026-09-23 06:12:22.264308,7C6C18,C172,CESSNA AIRCRAFT COMPANY,172S,69ddfef90f633ac717de1a17ea4af45e7e48ccf9a1f0a397c41adbd9a8578aaa,True,2
38938,1935,230926_ML_3.npy,2026-09-23,2026-09-23 06:12:25.861423,7C6C18,C172,CESSNA AIRCRAFT COMPANY,172S,463a7ce47fba716c2de4fd3280de28672d83ba40d13f5a6c510ed09e0d03b0c7,True,2
38939,1936,230926_ML_3.npy,2026-09-23,2026-09-23 06:12:25.913982,7C79B4,DA42,DIAMOND AIRCRAFT INDUSTRIES,DA 42,5f345e071a50938c26e8d4fea2034305d59450895daba8051e788f9a5260ea4d,True,2
38943,1940,230926_ML_3.npy,2026-09-23,2026-09-23 06:12:27.935051,7C79B4,DA42,DIAMOND AIRCRAFT INDUSTRIES,DA 42,d007bd2da281894267966192170011e1cd5a4828d697eee9f47a268bfe002b9a,True,2
38944,1941,230926_ML_3.npy,2026-09-23,2026-09-23 06:12:28.871321,7C79B4,DA42,DIAMOND AIRCRAFT INDUSTRIES,DA 42,781d531b2ccf86f09399a16c8d1f8b84982cf98e325ba59ef10a1d1e04bd5a5c,True,2
38946,1943,230926_ML_3.npy,2026-09-23,2026-09-23 06:12:29.239935,7C79B4,DA42,DIAMOND AIRCRAFT INDUSTRIES,DA 42,a6e9b73ef1eff324641866551c6be0252bbb314be4dd1e4237a4d917b0c30907,True,5
38951,1948,230926_ML_3.npy,2026-09-23,2026-09-23 06:12:34.171299,7C79B4,DA42,DIAMOND AIRCRAFT INDUSTRIES,DA 42,a6e9b73ef1eff324641866551c6be0252bbb314be4dd1e4237a4d917b0c30907,True,4
38953,1950,230926_ML_3.npy,2026-09-23,2026-09-23 06:12:36.632668,7C79B4,DA42,DIAMOND AIRCRAFT INDUSTRIES,DA 42,a6e9b73ef1eff324641866551c6be0252bbb314be4dd1e4237a4d917b0c30907,True,5
38954,1951,230926_ML_3.npy,2026-09-23,2026-09-23 06:12:37.389688,7C79B4,DA42,DIAMOND AIRCRAFT INDUSTRIES,DA 42,25311b603e1702bcc698b33ce64ecd2b360bc104db1cd7e8d6ceb458322a7c4e,True,5
38957,1954,230926_ML_3.npy,2026-09-23,2026-09-23 06:12:39.344466,7C79B4,DA42,DIAMOND AIRCRAFT INDUSTRIES,DA 42,dda5f209310f0c156baeb2a271115e4f42e78d6ad29ef851cb12f0b7d99b8e79,True,1
38959,1956,230926_ML_3.npy,2026-09-23,2026-09-23 06:12:41.070830,7C444D,P28A,PIPER AIRCRAFT CORP,PA-28-181,a30da54206a8d16d4473ee1b35f17df5acd44765bb7c746bfa559e8a53733312,True,5
38960,1957,230926_ML_3.npy,2026-09-23,2026-09-23 06:12:42.652825,7C79B4,DA42,DIAMOND AIRCRAFT INDUSTRIES,DA 42,ec4665d1cf0559707d700db34b4113ba36bdb44b188fca03a0f2779af6670132,True,5
38961,1958,230926_ML_3.npy,2026-09-23,2026-09-23 06:12:42.870679,7C79B4,DA42,DIAMOND AIRCRAFT INDUSTRIES,DA 42,a6e9b73ef1eff324641866551c6be0252bbb314be4dd1e4237a4d917b0c30907,True,3
38962,1959,230926_ML_3.npy,2026-09-23,2026-09-23 06:12:44.000960,7C79B4,DA42,DIAMOND AIRCRAFT INDUSTRIES,DA 42,da24fddc59ddacc1779db2c2153d5901b2f094eb37dc91b7ab418d67dd260562,True,4
38965,1962,230926_ML_3.npy,2026-09-23,2026-09-23 06:13:44.052613,7C444D,P28A,PIPER AIRCRAFT CORP,PA-28-181,bd0659559d3debe3c7a3e11ee40563c9a8d709726bd480849621d37525a35c72,True,3
38966,1963,230926_ML_3.npy,2026-09-23,2026-09-23 06:13:44.198151,7C444D,P28A,PIPER AIRCRAFT CORP,PA-28-181,8f6e73dc4dbe60a929833bf158a0d1bc7433ab1e1708ec5c54763e09db85385b,True,4
38967,1964,230926_ML_3.npy,2026-09-23,2026-09-23 06:13:44.570365,7C444D,P28A,PIPER AIRCRAFT CORP,PA-28-181,a67417b02eda5c06aafe616095d6aa302db0a66f5f848bdbaae95d65363c94d9,True,1
38968,1965,230926_ML_3.npy,2026-09-23,2026-09-23 06:13:44.674411,7C444D,P28A,PIPER AIRCRAFT CORP,PA-28-181,d9474baa8f8f23adbd5aa1adfe9c468b6b96bdc08d1671f95954e1a622d2aac5,True,2
38969,1966,230926_ML_3.npy,2026-09-23,2026-09-23 06:13:46.786117,7C444D,P28A,PIPER AIRCRAFT CORP,PA-28-181,764cbd5ccd86d98dc918789dbb3c36bcecbfe3d117414472d6e0f58c6e4ee17d,True,1
38970,1967,230926_ML_3.npy,2026-09-23,2026-09-23 06:13:48.039811,7C444D,P28A,PIPER AIRCRAFT CORP,PA-28-181,dcdbb360b7d70f7eee34ce9255a911b18bb22d2fdd66dca4bd17e96ff2c432d3,True,2
38971,1968,230926_ML_3.npy,2026-09-23,2026-09-23 06:13:50.259673,7C444D,P28A,PIPER AIRCRAFT CORP,PA-28-181,4ba9f642968a56cfd26c95fa1041770a7a47d7617a5168912eae24a070aac013,True,2
38972,1969,230926_ML_3.npy,2026-09-23,2026-09-23 06:13:51.730850,7C444D,P28A,PIPER AIRCRAFT CORP,PA-28-181,25b6342337d46cc9a0dbe80765f113ef1fce639546fb07331f36488ca61b606a,True,2
38973,1970,230926_ML_3.npy,2026-09-23,2026-09-23 06:13:52.722736,7C444D,P28A,PIPER AIRCRAFT CORP,PA-28-181,59603eaa42bac734a4af15dba9fbf704e9413aa6f820174eae53ffa0271b8fe2,True,2
38974,1971,230926_ML_3.npy,2026-09-23,2026-09-23 06:13:52.788914,7C444D,P28A,PIPER AIRCRAFT CORP,PA-28-181,0a712d93c3b436632b6313eca8379ae14858b33e3b9968582f2fdcbbff01ea49,True,4
38975,1972,230926_ML_3.npy,2026-09-23,2026-09-23 06:13:53.076354,7C444D,P28A,PIPER AIRCRAFT CORP,PA-28-181,bdbea92283397c39fbb177d0e95a1912f7416a11383c2ccf93c282201996d94c,True,4
38976,1973,230926_ML_3.npy,2026-09-23,2026-09-23 06:13:54.048616,7C444D,P28A,PIPER AIRCRAFT CORP,PA-28-181,d8ca3e90afb3bc1d4dca52ed572384b0662a75fc6da6c43081f935eb45116e9f,True,2
38977,1974,230926_ML_3.npy,2026-09-23,2026-09-23 06:13:55.658279,7C444D,P28A,PIPER AIRCRAFT CORP,PA-28-181,2fc7a6df76d05d626b21a2463289be7e340d2a5a7e6da67eb13316a2a803b5a0,True,5
38978,1975,230926_ML_3.npy,2026-09-23,2026-09-23 06:13:56.504063,7C444D,P28A,PIPER AIRCRAFT CORP,PA-28-181,d8ca3e90afb3bc1d4dca52ed572384b0662a75fc6da6c43081f935eb45116e9f,True,2
38979,1976,230926_ML_3.npy,2026-09-23,2026-09-23 06:13:56.525911,7C444D,P28A,PIPER AIRCRAFT CORP,PA-28-181,b410f19b1c792d46e2516803266064d5bf1abe46c0a3c83d605c61dea42206a6,True,2
38980,1977,230926_ML_3.npy,2026-09-23,2026-09-23 06:13:58.606070,7C444D,P28A,PIPER AIRCRAFT CORP,PA-28-181,2db107e6cbecd956f3971ac4a66a8832a031513b1ac74b9fc73fad0c30eaa0e9,True,4
38981,1978,230926_ML_3.npy,2026-09-23,2026-09-23 06:13:59.143687,7C444D,P28A,PIPER AIRCRAFT CORP,PA-28-181,4603391dc254b9645eaf1f5e297f5f0cce4f6f248bff7a36fb70364c69a20713,True,5
38982,1979,230926_ML_3.npy,2026-09-23,2026-09-23 06:14:02.390923,7C444D,P28A,PIPER AIRCRAFT CORP,PA-28-181,62def031e4618c9c51580fa8f9143c1928db046949554238e0b2787058b3a891,True,4
38983,1980,230926_ML_3.npy,2026-09-23,2026-09-23 06:14:02.726537,7C444D,P28A,PIPER AIRCRAFT CORP,PA-28-181,e0db1a8267e5257cf9a602e195124b1a86e1f812962323829152f7e90853ff94,True,5
38984,1981,230926_ML_3.npy,2026-09-23,2026-09-23 06:14:03.916617,7C444D,P28A,PIPER AIRCRAFT CORP,PA-28-181,d8ca3e90afb3bc1d4dca52ed572384b0662a75fc6da6c43081f935eb45116e9f,True,4
38985,1982,230926_ML_3.npy,2026-09-23,2026-09-23 06:14:07.891843,7C444D,P28A,PIPER AIRCRAFT CORP,PA-28-181,224cb68c3712fd26f7c41e2ecf4b4380e2640b3dfdd244f5a17cb577819c2c33,True,1
38986,1983,230926_ML_3.npy,2026-09-23,2026-09-23 06:14:08.191768,7C444D,P28A,PIPER AIRCRAFT CORP,PA-28-181,8cfa197b3c8dfdcc3fb02d48104716df7809e0175b3cd8d9987229616c0488c9,True,5
38987,1984,230926_ML_3.npy,2026-09-23,2026-09-23 06:14:09.027834,7C444D,P28A,PIPER AIRCRAFT CORP,PA-28-181,d8ca3e90afb3bc1d4dca52ed572384b0662a75fc6da6c43081f935eb45116e9f,True,5
38988,1985,230926_ML_3.npy,2026-09-23,2026-09-23 06:14:10.313932,7C444D,P28A,PIPER AIRCRAFT CORP,PA-28-181,12c7f4c69ffb44d5cce8f21b0f3c9636bf6fa4f49fd5c54683328512573e9c5f,True,5
38989,1986,230926_ML_3.npy,2026-09-23,2026-09-23 06:14:10.767630,7C444D,P28A,PIPER AIRCRAFT CORP,PA-28-181,9556764c58ddb8682b1fabd29960c00bc36e8bd038463bddde77246fda4c30d0,True,2
38990,1987,230926_ML_3.npy,2026-09-23,2026-09-23 06:14:11.505057,7C444D,P28A,PIPER AIRCRAFT CORP,PA-28-181,d8ca3e90afb3bc1d4dca52ed572384b0662a75fc6da6c43081f935eb45116e9f,True,4
38991,1988,230926_ML_3.npy,2026-09-23,2026-09-23 06:14:12.558809,7C444D,P28A,PIPER AIRCRAFT CORP,PA-28-181,2badc6edc41a7cb4d9c87e825feb2ce0a0d158cab45e4b9b7cdff538ca44f20f,True,1
38992,1989,230926_ML_3.npy,2026-09-23,2026-09-23 06:14:15.332338,7C444D,P28A,PIPER AIRCRAFT CORP,PA-28-181,ad90c4e18c28338a002bed95126482575a14db8ac68fff7cc19210d87d3a0836,True,1
38993,1990,230926_ML_3.npy,2026-09-23,2026-09-23 06:14:17.104052,7C444D,P28A,PIPER AIRCRAFT CORP,PA-28-181,7686db5bf176d3fbec3b4b0c7b378f82d6373e5abfdebd634ae407bb94dc4b55,True,3
38994,1991,230926_ML_3.npy,2026-09-23,2026-09-23 06:14:17.388102,7C444D,P28A,PIPER AIRCRAFT CORP,PA-28-181,79c8bc0628cf901e648383480280a0b403e4eac88206fb3e6a8f46b77864bd24,True,2
38995,1992,230926_ML_3.npy,2026-09-23,2026-09-23 06:14:17.627763,7C444D,P28A,PIPER AIRCRAFT CORP,PA-28-181,7686db5bf176d3fbec3b4b0c7b378f82d6373e5abfdebd634ae407bb94dc4b55,True,2
38996,1993,230926_ML_3.npy,2026-09-23,2026-09-23 06:14:19.249702,7C444D,P28A,PIPER AIRCRAFT CORP,PA-28-181,f01dc0230209bef622a941bbcb8ae57b52b630e4669d2442c78313ad21bae6aa,True,1
38997,1994,230926_ML_3.npy,2026-09-23,2026-09-23 06:14:20.809568,7C444D,P28A,PIPER AIRCRAFT CORP,PA-28-181,a332fa6321404ffff0783eb46be0e5ccef3341a0608560d53f80378b31a7376c,True,2
38998,1995,230926_ML_3.npy,2026-09-23,2026-09-23 06:14:21.755267,7C444D,P28A,PIPER AIRCRAFT CORP,PA-28-181,1aa5026fd43fd8b3f535e621024767d3b0e2a7c8e1b6cfd2e9f3a8c3f11b42ab,True,1
38999,1996,230926_ML_3.npy,2026-09-23,2026-09-23 06:14:21.797368,7C444D,P28A,PIPER AIRCRAFT CORP,PA-28-181,d3ed4d6f1c42b16ef50c5c9a47fd126a5a3b16e800a468acda925a8b68ee3e90,True,5
39000,1997,230926_ML_3.npy,2026-09-23,2026-09-23 06:14:23.667043,7C444D,P28A,PIPER AIRCRAFT CORP,PA-28-181,eecb0b2906f399a9c4eb81fd0575ccb88739ae89312ec4faec1ff7046acc3f19,True,2
39001,1998,230926_ML_3.npy,2026-09-23,2026-09-23 06:14:32.475177,7C444D,P28A,PIPER AIRCRAFT CORP,PA-28-181,0a712d93c3b436632b6313eca8379ae14858b33e3b9968582f2fdcbbff01ea49,True,1
39002,1999,230926_ML_3.npy,2026-09-23,2026-09-23 06:14:32.575305,7C444D,P28A,PIPER AIRCRAFT CORP,PA-28-181,b7425b45a5a2d69879c67c9fdc60f325426078c6ab551b8e5375ab8cb584d4a6,True,3
39003,2000,230926_ML_3.npy,2026-09-23,2026-09-23 06:14:33.680718,7C444D,P28A,PIPER AIRCRAFT CORP,PA-28-181,d2a1f49c3249ea5522ac33f1b9c6e985c174470ee883fbddf3873d25a92481cb,True,5
39004,2001,230926_ML_3.npy,2026-09-23,2026-09-23 06:14:35.074401,7C444D,P28A,PIPER AIRCRAFT CORP,PA-28-181,2fae57cf21fe5980fb51ba05397d04e198de81741f9e18b84b61732012fc1100,True,4
39005,2002,230926_ML_3.npy,2026-09-23,2026-09-23 06:14:37.356148,7C444D,P28A,PIPER AIRCRAFT CORP,PA-28-181,0a712d93c3b436632b6313eca8379ae14858b33e3b9968582f2fdcbbff01ea49,True,4
39006,2003,230926_ML_3.npy,2026-09-23,2026-09-23 06:14:37.934836,7C444D,P28A,PIPER AIRCRAFT CORP,PA-28-181,694fa92493502a056f343d0bdbb5cc478af8c2a65772f473827c108e2df99602,True,3
39007,2004,230926_ML_3.npy,2026-09-23,2026-09-23 06:16:41.755799,7C444D,P28A,PIPER AIRCRAFT CORP,PA-28-181,686b30c8ac0d969fa540bbd3c7e9e85dff1501bcbcad3cb65c44c3069fba90dc,True,2
39008,2005,230926_ML_3.npy,2026-09-23,2026-09-23 06:16:42.166118,7C444D,P28A,PIPER AIRCRAFT CORP,PA-28-181,8134dbe735b10655b17b6326fb992f659444fcdafac287bfc9dcbd7bbf1f580d,True,5
39009,2006,230926_ML_3.npy,2026-09-23,2026-09-23 06:16:42.282196,7C444D,P28A,PIPER AIRCRAFT CORP,PA-28-181,bdbea92283397c39fbb177d0e95a1912f7416a11383c2ccf93c282201996d94c,True,2
39010,2007,230926_ML_3.npy,2026-09-23,2026-09-23 06:16:44.007521,7C444D,P28A,PIPER AIRCRAFT CORP,PA-28-181,4d35d099c0c241e6c1c3455ab0fcad19e7056b4b3e59e4bff341b876207d8fb0,True,3
39029,2026,230926_ML_3.npy,2026-09-23,2026-09-23 06:17:28.895786,7C444D,P28A,PIPER AIRCRAFT CORP,PA-28-181,d464faee3ac1ee69ce6a8a1c07e1bfaf5d1236b4c9bfb6a90d6f0616e3606889,True,3
39030,2027,230926_ML_3.npy,2026-09-23,2026-09-23 06:17:33.408024,7C444D,P28A,PIPER AIRCRAFT CORP,PA-28-181,22e749a1ca1b55d83ba619c9c9d1a76d1f804682866143163f89104628b1a210,True,2
39031,2028,230926_ML_3.npy,2026-09-23,2026-09-23 06:17:49.340691,7C444D,P28A,PIPER AIRCRAFT CORP,PA-28-181,1f5719faae5ee698e3cfd97bad5d5308b4be076c5c4e95cf99510a967902f8ae,True,1
39032,2029,230926_ML_3.npy,2026-09-23,2026-09-23 06:18:02.408263,7C444D,P28A,PIPER AIRCRAFT CORP,PA-28-181,a47443783f510335ba86bd6d0aab590e47f902f5a05b2f35c6e8f8b7c07dfc08,True,3
39033,2030,230926_ML_3.npy,2026-09-23,2026-09-23 06:18:09.124856,7C444D,P28A,PIPER AIRCRAFT CORP,PA-28-181,1a008bab6fd6ac1348b143a336d13319b2939abb05245b0b1269410d72ce28cb,True,3
39034,2031,230926_ML_3.npy,2026-09-23,2026-09-23 06:19:09.089131,7C444D,P28A,PIPER AIRCRAFT CORP,PA-28-181,22d56b9911336d30768df93df60c6a39dcd3f5899541bb826712c1abb107447f,True,5
39035,2032,230926_ML_3.npy,2026-09-23,2026-09-23 06:19:15.533760,7C444D,P28A,PIPER AIRCRAFT CORP,PA-28-181,4a4eda679573712b034bcf63c828338861a8d648a0f2da195798ec4d6a8bcc79,True,3
39036,2033,230926_ML_3.npy,2026-09-23,2026-09-23 06:19:18.552803,7C444D,P28A,PIPER AIRCRAFT CORP,PA-28-181,4ba9f642968a56cfd26c95fa1041770a7a47d7617a5168912eae24a070aac013,True,2
39037,2034,230926_ML_3.npy,2026-09-23,2026-09-23 06:19:23.790590,7C444D,P28A,PIPER AIRCRAFT CORP,PA-28-181,37dad76e3319aac769bf20ba605ad28f23d5e03920d4dc270e057320e7785bca,True,3
39038,2035,230926_ML_3.npy,2026-09-23,2026-09-23 06:19:25.644219,7C444D,P28A,PIPER AIRCRAFT CORP,PA-28-181,d7b18b598b5f0c08c6e5fbc19feac498696573bbf3b2f66c791045270e276736,True,2
39039,2036,230926_ML_3.npy,2026-09-23,2026-09-23 06:19:26.046389,7C444D,P28A,PIPER AIRCRAFT CORP,PA-28-181,ceaf811bf90ff427eeecf71cd2a28b984175dcdd91e044de82d0f80102f44210,True,3
39040,2037,230926_ML_3.npy,2026-09-23,2026-09-23 06:19:28.031788,7C444D,P28A,PIPER AIRCRAFT CORP,PA-28-181,7e437d2755f09ea671f2ab01c1ef180e47122f78df597139b6bacdfb5ea4ff30,True,5
39041,2038,230926_ML_3.npy,2026-09-23,2026-09-23 06:19:31.805064,7C444D,P28A,PIPER AIRCRAFT CORP,PA-28-181,128ac616803a80756b562aaadb2513cf24c304b6333786a1ce58f81ccce79549,True,3
39042,2039,230926_ML_3.npy,2026-09-23,2026-09-23 06:19:33.206765,7C444D,P28A,PIPER AIRCRAFT CORP,PA-28-181,9aaf7337f18307f16e6adafa6e0cc10f07b8f74a8ec5e5e4d33ed545412fbb2c,True,1
39043,2040,230926_ML_3.npy,2026-09-23,2026-09-23 06:19:34.016279,7C444D,P28A,PIPER AIRCRAFT CORP,PA-28-181,7b6e2a98fd68b755565079148ae030e92ad9f8149a1eb2db32c9974880cc4281,True,2
39044,2041,230926_ML_3.npy,2026-09-23,2026-09-23 06:19:35.509849,7C444D,P28A,PIPER AIRCRAFT CORP,PA-28-181,f49336eaa68efb70e88f6edc548b45e14d8918850cc681c905ca103ae9394347,True,1
39045,2042,230926_ML_3.npy,2026-09-23,2026-09-23 06:19:39.133758,7C444D,P28A,PIPER AIRCRAFT CORP,PA-28-181,81dbb4f0be135a6051104eb9717673126e2e8684c97d8a8cf1167e85a04a5158,True,4
39046,2043,230926_ML_3.npy,2026-09-23,2026-09-23 06:19:44.262716,7C444D,P28A,PIPER AIRCRAFT CORP,PA-28-181,2cf73f9dcbf85e0aad90fe687d6e3d948dcceeea29654e0fd73f2914a685b2fe,True,5
39047,2044,230926_ML_3.npy,2026-09-23,2026-09-23 06:19:47.051838,7C444D,P28A,PIPER AIRCRAFT CORP,PA-28-181,141cbcfa1d6f3369720b8b80d268e92b51e285070c405f7743d2bfd9fa8eb014,True,5
39048,2045,230926_ML_3.npy,2026-09-23,2026-09-23 06:19:48.405837,7C444D,P28A,PIPER AIRCRAFT CORP,PA-28-181,e356e2701c911047b4dea4ede99b6ec3ada09228681b53a4b0af2f3d9a389419,True,2
39049,2046,230926_ML_3.npy,2026-09-23,2026-09-23 06:19:49.733682,7C444D,P28A,PIPER AIRCRAFT CORP,PA-28-181,c35374773084672af3b30141b4f52b9ebaf72b0391884201d08d786a6cfa6c19,True,2
39050,2047,230926_ML_3.npy,2026-09-23,2026-09-23 06:19:52.399054,7C444D,P28A,PIPER AIRCRAFT CORP,PA-28-181,bdbea92283397c39fbb177d0e95a1912f7416a11383c2ccf93c282201996d94c,True,4
39051,2048,230926_ML_3.npy,2026-09-23,2026-09-23 06:19:59.427203,7C444D,P28A,PIPER AIRCRAFT CORP,PA-28-181,eae1af9ee3dedd2dff68f4b13bbb9d9fd7807b842d52019d32b3e98c59239a74,True,4
39052,2049,230926_ML_3.npy,2026-09-23,2026-09-23 06:19:59.611715,7C444D,P28A,PIPER AIRCRAFT CORP,PA-28-181,64e1fddddb7941566766d3f6d1e57e413f78758f39386b4d506e443a241654b7,True,4
39053,2050,230926_ML_3.npy,2026-09-23,2026-09-23 06:20:01.411441,7C444D,P28A,PIPER AIRCRAFT CORP,PA-28-181,06323da95a14881efcbd8910295f3c110d6dc2ec26ed8bb1b735bd9eec188448,True,5
39054,2051,230926_ML_3.npy,2026-09-23,2026-09-23 06:20:01.418555,7C444D,P28A,PIPER AIRCRAFT CORP,PA-28-181,d8ca3e90afb3bc1d4dca52ed572384b0662a75fc6da6c43081f935eb45116e9f,True,3
39055,2052,230926_ML_3.npy,2026-09-23,2026-09-23 06:20:02.957216,7C444D,P28A,PIPER AIRCRAFT CORP,PA-28-181,e50111f1a339929e30f1d18f1e7e8e0dc052531ce6c1ec92bbe36d81dd7f2a44,True,4
39056,2053,230926_ML_3.npy,2026-09-23,2026-09-23 06:20:06.542014,7C444D,P28A,PIPER AIRCRAFT CORP,PA-28-181,51a1791dee35a4e9d0fb71e5bcaf686b4ffe5c32c77d7b94fb2e092af6c63a38,True,2
39057,2054,230926_ML_3.npy,2026-09-23,2026-09-23 06:20:07.120099,7C444D,P28A,PIPER AIRCRAFT CORP,PA-28-181,5afd53133ee45030efa5fa12c5c2c394cb90e33b2197c8cb4e0249e645d86553,True,3
39058,2055,230926_ML_3.npy,2026-09-23,2026-09-23 06:20:07.146154,7C444D,P28A,PIPER AIRCRAFT CORP,PA-28-181,0a712d93c3b436632b6313eca8379ae14858b33e3b9968582f2fdcbbff01ea49,True,1
39059,2056,230926_ML_3.npy,2026-09-23,2026-09-23 06:20:07.436968,7C444D,P28A,PIPER AIRCRAFT CORP,PA-28-181,2af027c70040c8bdb7d7fe55be60ac0ae98c94777ac8e48eca5c1d453284bd73,True,5
39060,2057,230926_ML_3.npy,2026-09-23,2026-09-23 06:20:10.987534,7C444D,P28A,PIPER AIRCRAFT CORP,PA-28-181,c476b894e4643c821d7b52ec8005d7773987c9392b50c048ac14a3dbae9c091a,True,1
39092,2089,230926_ML_3.npy,2026-09-23,2026-09-23 06:22:14.221944,7C6C18,C172,CESSNA AIRCRAFT COMPANY,172S,beb75bceac1f72cad1ba2ece72f61c38b4e61a8974f5e7a83603e4e2a5b80b65,True,5
39096,2093,230926_ML_3.npy,2026-09-23,2026-09-23 06:22:14.733438,7C6C18,C172,CESSNA AIRCRAFT COMPANY,172S,463a7ce47fba716c2de4fd3280de28672d83ba40d13f5a6c510ed09e0d03b0c7,True,1
39113,2110,230926_ML_3.npy,2026-09-23,2026-09-23 06:22:33.519584,7C6C18,C172,CESSNA AIRCRAFT COMPANY,172S,429ed2ae5ed27ec7a6968167b000918c475b56a0d1274b44ce9c6570b29d5820,True,3
39179,2176,230926_ML_3.npy,2026-09-23,2026-09-23 06:26:11.958214,7C582C,DA40,DIAMOND AIRCRAFT INDUSTRIES INC.,DA 40,7193603468770e5494033c4a4dff4d64fa41846ff18ee0c1e17481b589f8e7c9,True,1
39185,2182,230926_ML_3.npy,2026-09-23,2026-09-23 06:26:17.397926,7C582C,DA40,DIAMOND AIRCRAFT INDUSTRIES INC.,DA 40,e0e165f5186940a8d7ab3f26a0a5fb923226100dbea5fe730ae4af780f8d424f,True,2
39191,2188,230926_ML_3.npy,2026-09-23,2026-09-23 06:26:25.983662,7C582C,DA40,DIAMOND AIRCRAFT INDUSTRIES INC.,DA 40,6586394179fa551f4b33c87a811add273533e75d6a5a4c5c33342c7ff1331cc1,True,5
39209,2206,230926_ML_3.npy,2026-09-23,2026-09-23 06:26:48.078704,7C582C,DA40,DIAMOND AIRCRAFT INDUSTRIES INC.,DA 40,e249454a6545d240a17b74928f317097f60bc6b5f3955cf7ff607cd6549835d0,True,4
39217,2214,230926_ML_3.npy,2026-09-23,2026-09-23 06:28:42.857895,7C7C41,DA40,DIAMOND AIRCRAFT INDUSTRIES INC.,DA 40,2c0f216bcc31e790816221c9f3ac057aaa73fe9b8521ea5a60fa7f6af5215b92,True,3
39231,2228,230926_ML_3.npy,2026-09-23,2026-09-23 06:29:20.271540,7C7C41,DA40,DIAMOND AIRCRAFT INDUSTRIES INC.,DA 40,2c0f216bcc31e790816221c9f3ac057aaa73fe9b8521ea5a60fa7f6af5215b92,True,5
39240,2237,230926_ML_3.npy,2026-09-23,2026-09-23 06:34:38.907777,7C7C41,DA40,DIAMOND AIRCRAFT INDUSTRIES INC.,DA 40,a0b828854ccb8046b38dcef7d1e544efb772b06737ce2a6cb2d619891a84e778,True,5
39244,2241,230926_ML_3.npy,2026-09-23,2026-09-23 06:34:52.406980,7C7C41,DA40,DIAMOND AIRCRAFT INDUSTRIES INC.,DA 40,5b1074a9ed0aa20bf6d75fcc3ca4ab036dbb2904cc3a249ca1cc530a4815b1cc,True,3
39249,2246,230926_ML_3.npy,2026-09-23,2026-09-23 06:35:30.183514,7C444D,P28A,PIPER AIRCRAFT CORP,PA-28-181,7fcea6b47c81133e4e103ca3390e8cf52f72284eab4c537be295eb4a121f4515,True,1
39250,2247,230926_ML_3.npy,2026-09-23,2026-09-23 06:35:33.291030,7C444D,P28A,PIPER AIRCRAFT CORP,PA-28-181,67ac1a5f07cd42558c886e6c599cd833e06b02eb1b510561418da2a546813007,True,2
39251,2248,230926_ML_3.npy,2026-09-23,2026-09-23 06:35:42.263663,7C444D,P28A,PIPER AIRCRAFT CORP,PA-28-181,7883bd9bf2e8dcd45c34f3246bd27f689d81b67a4e96342be6e703ab1681f558,True,4
39252,2249,230926_ML_3.npy,2026-09-23,2026-09-23 06:35:44.473516,7C444D,P28A,PIPER AIRCRAFT CORP,PA-28-181,e26bcb5bf0dca439b268e60ce0524cd94cc2fdd8868227b915021e00c25ff152,True,3
39255,2252,230926_ML_3.npy,2026-09-23,2026-09-23 06:35:52.364712,7C444D,P28A,PIPER AIRCRAFT CORP,PA-28-181,0a712d93c3b436632b6313eca8379ae14858b33e3b9968582f2fdcbbff01ea49,True,4
39275,2272,230926_ML_3.npy,2026-09-23,2026-09-23 06:36:37.678921,7C7C39,DA40,DIAMOND AIRCRAFT INDUSTRIES INC.,DA 40,11c381d1c8a4a10e8c6f71f7298a9e79e77009d2a643bf82e7334609195f958f,True,3
39279,2276,230926_ML_3.npy,2026-09-23,2026-09-23 06:37:28.018142,7C444D,P28A,PIPER AIRCRAFT CORP,PA-28-181,b3450a0188e82f671966d2736bcc63525ed889e1896422b9ce19c258ce14abf2,True,4
39280,2277,230926_ML_3.npy,2026-09-23,2026-09-23 06:37:29.098385,7C444D,P28A,PIPER AIRCRAFT CORP,PA-28-181,10f8a755a3b9b08c497789c8c093780569101d43a1e694b16fcc7e616ea51af1,True,2
39281,2278,230926_ML_3.npy,2026-09-23,2026-09-23 06:37:33.855421,7C444D,P28A,PIPER AIRCRAFT CORP,PA-28-181,af2710728eb8d4bfeeb6203ddb710e2ab6589a07a3530ec738dc359e90c27b2b,True,5
39282,2279,230926_ML_3.npy,2026-09-23,2026-09-23 06:37:35.553532,7C444D,P28A,PIPER AIRCRAFT CORP,PA-28-181,836f3bf506afdd4a5e491928664da065dc1f2eb0b5979d43fe38398712f2891f,True,1
39283,2280,230926_ML_3.npy,2026-09-23,2026-09-23 06:37:39.961299,7C444D,P28A,PIPER AIRCRAFT CORP,PA-28-181,b6fa319e25de55596641f07d697b813e53f8140a9d4483f704722e771f6fad73,True,2
39284,2281,230926_ML_3.npy,2026-09-23,2026-09-23 06:37:41.072766,7C444D,P28A,PIPER AIRCRAFT CORP,PA-28-181,8d1e6ddb764b86fe0ba30e7cd44e481ca9e8a6ba2a0f49a4374b55b485394a4d,True,1
39285,2282,230926_ML_3.npy,2026-09-23,2026-09-23 06:37:41.662617,7C444D,P28A,PIPER AIRCRAFT CORP,PA-28-181,abf15a39a7e21c1bec61d164e0bf1fbf1b8c16016ebfd1d845cb6934a2ded0e7,True,4
39286,2283,230926_ML_3.npy,2026-09-23,2026-09-23 06:37:42.228403,7C444D,P28A,PIPER AIRCRAFT CORP,PA-28-181,eb88eb48c6cdda4ffd8f961f55a84650655de174eb7997d6eedccca4c02be120,True,3
39287,2284,230926_ML_3.npy,2026-09-23,2026-09-23 06:37:42.312463,7C444D,P28A,PIPER AIRCRAFT CORP,PA-28-181,3523f8dbd980924e22d039a9fb550ca55e31a9651449c74d5bd149015c80ddd7,True,4
39288,2285,230926_ML_3.npy,2026-09-23,2026-09-23 06:37:44.208079,7C444D,P28A,PIPER AIRCRAFT CORP,PA-28-181,8f146e1c30c7e643b3c675d138f7e1066e40353211bc30c03282096bc4338df3,True,2
39289,2286,230926_ML_3.npy,2026-09-23,2026-09-23 06:37:45.276055,7C444D,P28A,PIPER AIRCRAFT CORP,PA-28-181,8f146e1c30c7e643b3c675d138f7e1066e40353211bc30c03282096bc4338df3,True,1
39290,2287,230926_ML_3.npy,2026-09-23,2026-09-23 06:37:45.642147,7C444D,P28A,PIPER AIRCRAFT CORP,PA-28-181,d8ca3e90afb3bc1d4dca52ed572384b0662a75fc6da6c43081f935eb45116e9f,True,1
39292,2289,230926_ML_3.npy,2026-09-23,2026-09-23 06:37:52.228931,7C444D,P28A,PIPER AIRCRAFT CORP,PA-28-181,d31a774cf9502f7e4b9b8f0e1aee3893579b6fe353cff0d2e2b85876eac8d894,True,1
39293,2290,230926_ML_3.npy,2026-09-23,2026-09-23 06:37:53.240916,7C444D,P28A,PIPER AIRCRAFT CORP,PA-28-181,d3a48e30507cce2f9a43567936b19397cff901f8ec6381e493886af997034b4c,True,3
39294,2291,230926_ML_3.npy,2026-09-23,2026-09-23 06:37:54.720526,7C444D,P28A,PIPER AIRCRAFT CORP,PA-28-181,703f21648c89ec186b99931c5bff687c38e7e6ed6919f14f971ffc74727f9928,True,4
39295,2292,230926_ML_3.npy,2026-09-23,2026-09-23 06:37:55.602523,7C444D,P28A,PIPER AIRCRAFT CORP,PA-28-181,d8ca3e90afb3bc1d4dca52ed572384b0662a75fc6da6c43081f935eb45116e9f,True,3
39296,2293,230926_ML_3.npy,2026-09-23,2026-09-23 06:37:56.822520,7C444D,P28A,PIPER AIRCRAFT CORP,PA-28-181,62c9b858e0086f70730d76ca12c28b3ed0a63e5fc0cffb280e4c3584f7bcd83f,True,2
39297,2294,230926_ML_3.npy,2026-09-23,2026-09-23 06:37:57.182290,7C444D,P28A,PIPER AIRCRAFT CORP,PA-28-181,0a712d93c3b436632b6313eca8379ae14858b33e3b9968582f2fdcbbff01ea49,True,5
39298,2295,230926_ML_3.npy,2026-09-23,2026-09-23 06:37:57.639974,7C444D,P28A,PIPER AIRCRAFT CORP,PA-28-181,70a282fb032225e437bc36d8ed0aba1eec1a6f2057080908d128fc80de332396,True,2
39299,2296,230926_ML_3.npy,2026-09-23,2026-09-23 06:37:59.703799,7C444D,P28A,PIPER AIRCRAFT CORP,PA-28-181,0dc7d1870f863d04906061bda599f9b5ada82c69ff78277cd9dded21f9404555,True,4
39300,2297,230926_ML_3.npy,2026-09-23,2026-09-23 06:38:00.849594,7C444D,P28A,PIPER AIRCRAFT CORP,PA-28-181,e5662c2e9b885caadff0d5dc83a42d0d980919bb96f1fce5db1644c46ecc160e,True,4
39301,2298,230926_ML_3.npy,2026-09-23,2026-09-23 06:38:02.807374,7C444D,P28A,PIPER AIRCRAFT CORP,PA-28-181,607913869f3add31180486c68c2d8bbc552bea02b4086f07be9862288b46b53a,True,4
39302,2299,230926_ML_3.npy,2026-09-23,2026-09-23 06:38:04.671115,7C444D,P28A,PIPER AIRCRAFT CORP,PA-28-181,bf1494aa2399e66930abb7cafa3c39633d102db310d70221bdc256d24cb02cae,True,5
39303,2300,230926_ML_3.npy,2026-09-23,2026-09-23 06:38:08.030636,7C444D,P28A,PIPER AIRCRAFT CORP,PA-28-181,4e656a5a7f5f5e3353be4655e99118fe0397a395580af11fcf1a8bce0556525e,True,3
39304,2301,230926_ML_3.npy,2026-09-23,2026-09-23 06:38:11.492182,7C444D,P28A,PIPER AIRCRAFT CORP,PA-28-181,8ae1cbaa16ddfe89d110eb8bf3c51aac0d87792bb4270a6978574848de81963f,True,4
39305,2302,230926_ML_3.npy,2026-09-23,2026-09-23 06:38:14.491654,7C444D,P28A,PIPER AIRCRAFT CORP,PA-28-181,9bff37681feb5b102a0832cb9de8a73ab3c5668b09d36f8f0846fe4840dce55b,True,4
39306,2303,230926_ML_3.npy,2026-09-23,2026-09-23 06:38:15.895586,7C444D,P28A,PIPER AIRCRAFT CORP,PA-28-181,2b2b8e5c1b6972bd339e612fb19da0dc152aa586c5e2b0edd375026d3c205839,True,3
39307,2304,230926_ML_3.npy,2026-09-23,2026-09-23 06:38:16.091403,7C444D,P28A,PIPER AIRCRAFT CORP,PA-28-181,addad86fe510cd58f7dba9157497c37033759a46625aec296480739fe2e5142c,True,3
39308,2305,230926_ML_3.npy,2026-09-23,2026-09-23 06:38:17.029437,7C444D,P28A,PIPER AIRCRAFT CORP,PA-28-181,02dd306d2e29384c044e86efda9ba97c2bd7c7ec5226c58e4df6407f7e07565e,True,1
39309,2306,230926_ML_3.npy,2026-09-23,2026-09-23 06:38:18.317268,7C444D,P28A,PIPER AIRCRAFT CORP,PA-28-181,fababf186ac79c29c5049c96c6791b0a4bcd993d3d156d715fc365df457427fd,True,4
39319,2316,230926_ML_3.npy,2026-09-23,2026-09-23 06:40:07.895224,7C7C41,DA40,DIAMOND AIRCRAFT INDUSTRIES INC.,DA 40,2c0f216bcc31e790816221c9f3ac057aaa73fe9b8521ea5a60fa7f6af5215b92,True,5
39327,2324,230926_ML_3.npy,2026-09-23,2026-09-23 06:41:30.668002,7C7B64,DA40,DIAMOND AIRCRAFT INDUSTRIES INC.,DA 40,d017aa706832e04e275a730aed88bb3e68ed6529dcbd9477cc152dc9619dd21c,True,2
39347,2344,230926_ML_3.npy,2026-09-23,2026-09-23 06:44:54.710009,7C7C41,DA40,DIAMOND AIRCRAFT INDUSTRIES INC.,DA 40,3c6a9cfc03ae19a8e1655e3ea075659983dbdd400cbe8c3360ecf93bb7c119e8,True,5
39348,2345,230926_ML_3.npy,2026-09-23,2026-09-23 06:45:04.869346,7C7C41,DA40,DIAMOND AIRCRAFT INDUSTRIES INC.,DA 40,2c0f216bcc31e790816221c9f3ac057aaa73fe9b8521ea5a60fa7f6af5215b92,True,5
39351,2348,230926_ML_3.npy,2026-09-23,2026-09-23 06:45:08.002788,7C7C41,DA40,DIAMOND AIRCRAFT INDUSTRIES INC.,DA 40,bb99737adb0af95bc8b7e0f90cdf71a05b8053073abec2d1048770c16ce77981,True,3
39373,2370,230926_ML_3.npy,2026-09-23,2026-09-23 06:45:50.497394,7C7AF8,DA40,DIAMOND AIRCRAFT INDUSTRIES INC.,DA 40,853717a42c506e7003846faedf47f737d8924594495932db10069aaed606eeb6,True,1
39378,2375,230926_ML_3.npy,2026-09-23,2026-09-23 06:45:54.264562,7C7C2E,DA40,DIAMOND AIRCRAFT INDUSTRIES INC.,DA 40,76fea30d43d893774c9fc886a05e17370bcdc3bbea9c7ac7b72063f0654db3ca,True,2
39389,2386,230926_ML_3.npy,2026-09-23,2026-09-23 06:46:01.102971,7C7AF8,DA40,DIAMOND AIRCRAFT INDUSTRIES INC.,DA 40,397762665265716f82c951255557cbf282c1d23852776dbcbf7323b93ce543eb,True,5
39412,2409,230926_ML_3.npy,2026-09-23,2026-09-23 06:47:15.335331,7C7C3E,DA40,DIAMOND AIRCRAFT INDUSTRIES INC.,DA 40,9b31aec735d55c98342c0a9cdc9c62768e5bb95f0d261ce3a0baecccc0b9c6ef,True,2
39422,2419,230926_ML_3.npy,2026-09-23,2026-09-23 06:47:38.832798,7C168B,DA40,DIAMOND AIRCRAFT INDUSTRIES INC.,DA 40,05d43aa37130bd2898f5bf6cd6836992a093b62e7f84adc40a491d9c53906668,True,3
39427,2424,230926_ML_3.npy,2026-09-23,2026-09-23 06:47:46.212594,7C7C3E,DA40,DIAMOND AIRCRAFT INDUSTRIES INC.,DA 40,982f8e8e220bfac0484c8c618279b9d6787973640db0b963526b29a616179c87,True,2
39434,2431,230926_ML_3.npy,2026-09-23,2026-09-23 06:47:53.145683,7C7C3E,DA40,DIAMOND AIRCRAFT INDUSTRIES INC.,DA 40,7fb938b813facca42dbbedba82636b7fbfa4e362683283e2cd443870884baece,True,3
39435,2432,230926_ML_3.npy,2026-09-23,2026-09-23 06:47:53.881719,7C168B,DA40,DIAMOND AIRCRAFT INDUSTRIES INC.,DA 40,f367efb24e25d4628f5e2274935856fbc70f9543629fa63770d765024565aa55,True,4
39436,2433,230926_ML_3.npy,2026-09-23,2026-09-23 06:47:54.728705,7C7C3E,DA40,DIAMOND AIRCRAFT INDUSTRIES INC.,DA 40,00ca473c76e5c32f8751c89d181b610f9e37da76f7f66888d9f48668b955ccf2,True,3
39438,2435,230926_ML_3.npy,2026-09-23,2026-09-23 06:47:56.172989,7C7C3E,DA40,DIAMOND AIRCRAFT INDUSTRIES INC.,DA 40,d6677de68f5acab52ce0e671bb4a0b6a2f045272fcc3571d0647a3e4ed75c3eb,True,5
39447,2444,230926_ML_3.npy,2026-09-23,2026-09-23 06:48:02.361225,7C168B,DA40,DIAMOND AIRCRAFT INDUSTRIES INC.,DA 40,e0d143b86334b3f359746cce904a5e2ab7f63e793232d26542c5444131458d43,True,3
39448,2445,230926_ML_3.npy,2026-09-23,2026-09-23 06:48:03.789225,7C168B,DA40,DIAMOND AIRCRAFT INDUSTRIES INC.,DA 40,074a1493634daa921af8c4682ed72186199dbd0806c1e61fa0de6e4e4f32baed,True,3
39464,2461,230926_ML_3.npy,2026-09-23,2026-09-23 06:48:42.180532,7C67D3,C172,CESSNA AIRCRAFT COMPANY,172S,98859d8ea52d3abc13b89f0cfa5ce70c558330590022b9c06eec1825df9c2c73,True,5
39470,2467,230926_ML_3.npy,2026-09-23,2026-09-23 06:48:56.519532,7C67D3,C172,CESSNA AIRCRAFT COMPANY,172S,b36d3116ede8beef1c53d35c8b960beb8d1eb742b35f46cd5ac20a3aede919ee,True,5
39471,2468,230926_ML_3.npy,2026-09-23,2026-09-23 06:48:57.164200,7C67D3,C172,CESSNA AIRCRAFT COMPANY,172S,98859d8ea52d3abc13b89f0cfa5ce70c558330590022b9c06eec1825df9c2c73,True,1
39473,2470,230926_ML_3.npy,2026-09-23,2026-09-23 06:49:01.416187,7C67D3,C172,CESSNA AIRCRAFT COMPANY,172S,7aca7520bb36e67f0a8c0b396eb5d9d0b95370213b1050c1107d3ae5cc754b73,True,2
39474,2471,230926_ML_3.npy,2026-09-23,2026-09-23 06:49:01.984483,7C67D3,C172,CESSNA AIRCRAFT COMPANY,172S,0c7fb22ec9426dbe8aa4c444e58f12e3d8b27757355435cd7fa31b7e9cfd3212,True,5
39478,2475,230926_ML_3.npy,2026-09-23,2026-09-23 06:49:04.536543,7C67D3,C172,CESSNA AIRCRAFT COMPANY,172S,489a20c85edbf344f15cbe31533d0e4609890523445cc33bac3fb1e58126053f,True,3
39482,2479,230926_ML_3.npy,2026-09-23,2026-09-23 06:49:19.060420,7C67D3,C172,CESSNA AIRCRAFT COMPANY,172S,b36d3116ede8beef1c53d35c8b960beb8d1eb742b35f46cd5ac20a3aede919ee,True,1
39483,2480,230926_ML_3.npy,2026-09-23,2026-09-23 06:49:19.085175,7C67D3,C172,CESSNA AIRCRAFT COMPANY,172S,835222c0eecb7a7209b9b23ba05d833f115e65e713eb910bcff8dea0bd67bc75,True,3
39494,2491,230926_ML_3.npy,2026-09-23,2026-09-23 06:50:21.246308,7C7C41,DA40,DIAMOND AIRCRAFT INDUSTRIES INC.,DA 40,a7b4d526e0d3bb1f67328fdca0be15f85c11cabb028df145f74590d9d866c004,True,2
39496,2493,230926_ML_3.npy,2026-09-23,2026-09-23 06:50:25.258503,7C7C41,DA40,DIAMOND AIRCRAFT INDUSTRIES INC.,DA 40,83c8feab7ecfdaf9d07f6d242ff4a52b6698881eed804dad68a20efd33e6a3a9,True,2
39507,2504,230926_ML_3.npy,2026-09-23,2026-09-23 06:51:18.175055,7C1452,C172,CESSNA AIRCRAFT COMPANY,172S,26dc37b6095387cfafb8871971005756258d46899484ed6f69c23e118cb3a3fe,True,4
39508,2505,230926_ML_3.npy,2026-09-23,2026-09-23 06:51:22.721162,7C1452,C172,CESSNA AIRCRAFT COMPANY,172S,450a3ad32f54795e453b6bd6583167abdea771062059d1796782ce4a69089628,True,4
39520,2517,230926_ML_3.npy,2026-09-23,2026-09-23 06:51:42.333107,7C1452,C172,CESSNA AIRCRAFT COMPANY,172S,1b840d8022e526a5d35a2c52bfd9c52b162b766ef16d3bb6a9f70c72f4e44ac6,True,1
39521,2518,230926_ML_3.npy,2026-09-23,2026-09-23 06:51:43.713266,7C1452,C172,CESSNA AIRCRAFT COMPANY,172S,8b8368d270123b99af9bc45ad4b8d485adeccc40a8c1265d9cd88ec9f2d52b46,True,5
39551,2548,230926_ML_3.npy,2026-09-23,2026-09-23 06:53:12.929680,7C168B,DA40,DIAMOND AIRCRAFT INDUSTRIES INC.,DA 40,491181b264e8e96b55beb13f3d428d65b687266539e622549853b109fee5a76d,True,1
39559,2556,230926_ML_3.npy,2026-09-23,2026-09-23 06:53:24.138705,7C7C3E,DA40,DIAMOND AIRCRAFT INDUSTRIES INC.,DA 40,14d89194e8c79a622c46c326d372c863e04ef208495c0479480d954575dc15ba,True,3
39566,2563,230926_ML_3.npy,2026-09-23,2026-09-23 06:53:29.064751,7C168B,DA40,DIAMOND AIRCRAFT INDUSTRIES INC.,DA 40,fae47a47c65d626342e117991801ec1ca6e675a4ae0c71808034976b1b4f9c2a,True,3
39583,2580,230926_ML_3.npy,2026-09-23,2026-09-23 06:53:45.627691,7C7C3E,DA40,DIAMOND AIRCRAFT INDUSTRIES INC.,DA 40,655d61c89a5381aa83256fee8f88320f50adb8b571f6b4e68a0e8cb1aa24c2e9,True,5
39593,2590,230926_ML_3.npy,2026-09-23,2026-09-23 06:53:50.803645,7C7C3E,DA40,DIAMOND AIRCRAFT INDUSTRIES INC.,DA 40,9b31aec735d55c98342c0a9cdc9c62768e5bb95f0d261ce3a0baecccc0b9c6ef,True,2
39600,2597,230926_ML_3.npy,2026-09-23,2026-09-23 06:55:21.298406,7C7C41,DA40,DIAMOND AIRCRAFT INDUSTRIES INC.,DA 40,a97d661a6907b51d16666ed93052215f5fefb42124aee1bb0486bb162c216e8d,True,3
39614,2611,230926_ML_3.npy,2026-09-23,2026-09-23 06:58:00.594148,7C7C3E,DA40,DIAMOND AIRCRAFT INDUSTRIES INC.,DA 40,6039521e2b2a8574e6252cf4a9ae1bb0852582da3aa7f987f4b34ba9384ce16b,True,1
39619,2616,230926_ML_3.npy,2026-09-23,2026-09-23 06:58:08.796658,7C7C3E,DA40,DIAMOND AIRCRAFT INDUSTRIES INC.,DA 40,49213be94100d43467698eb38e52a08d6657697efd5966872c3c8247bf41d535,True,3
39621,2618,230926_ML_3.npy,2026-09-23,2026-09-23 06:58:10.938672,7C7C3E,DA40,DIAMOND AIRCRAFT INDUSTRIES INC.,DA 40,1b82ff8d9edf1ac090625d4d1ece20f58dc9b94d54885c9e4d7fd5c67f2063a8,True,2
39629,2626,230926_ML_3.npy,2026-09-23,2026-09-23 06:58:16.510846,7C7C3E,DA40,DIAMOND AIRCRAFT INDUSTRIES INC.,DA 40,a011007108d893494821ed6f3df7c03c47985e1a3cf86426b68194b8893bfd22,True,1
39634,2631,230926_ML_3.npy,2026-09-23,2026-09-23 06:58:30.614321,7C7C3E,DA40,DIAMOND AIRCRAFT INDUSTRIES INC.,DA 40,ec4e907e1a43cb1680f18aecfb0061a0f557b9bca29e5dcba1b9d72f497b3cf5,True,2
39647,2644,230926_ML_3.npy,2026-09-23,2026-09-23 07:00:36.114408,7C7C41,DA40,DIAMOND AIRCRAFT INDUSTRIES INC.,DA 40,5b1074a9ed0aa20bf6d75fcc3ca4ab036dbb2904cc3a249ca1cc530a4815b1cc,True,4
39649,2646,230926_ML_3.npy,2026-09-23,2026-09-23 07:00:36.907359,7C7C41,DA40,DIAMOND AIRCRAFT INDUSTRIES INC.,DA 40,68206ae9da76f3271aca2362ea19f992a8c25e0c98256243f68c79b8b5492fa8,True,3
39653,2650,230926_ML_3.npy,2026-09-23,2026-09-23 07:00:45.899149,7C7C41,DA40,DIAMOND AIRCRAFT INDUSTRIES INC.,DA 40,5b1074a9ed0aa20bf6d75fcc3ca4ab036dbb2904cc3a249ca1cc530a4815b1cc,True,2
39664,2661,230926_ML_3.npy,2026-09-23,2026-09-23 07:02:59.252850,7C7B5F,DA40,DIAMOND AIRCRAFT INDUSTRIES INC.,DA 40,e229b2c7f9788ea196fccf1b88c00797eff283abc352a358937ef012b2a7c216,True,3
39668,2665,230926_ML_3.npy,2026-09-23,2026-09-23 07:03:04.308828,7C7B5F,DA40,DIAMOND AIRCRAFT INDUSTRIES INC.,DA 40,5a9a9e235b4e41d19a67cbe26ed6d40b2e4c2f75db6aa3831c414a83691428e4,True,1
39669,2666,230926_ML_3.npy,2026-09-23,2026-09-23 07:03:04.733330,7C7B5F,DA40,DIAMOND AIRCRAFT INDUSTRIES INC.,DA 40,f6bbf67fc904ac29d352d3a52ee14db074884c810a267ab496ca0595fd8102ff,True,5
39671,2668,230926_ML_3.npy,2026-09-23,2026-09-23 07:03:19.635008,7C7B5F,DA40,DIAMOND AIRCRAFT INDUSTRIES INC.,DA 40,9c9a79fc468593e6a092ff273f7f59cdb04d84658e0e659a0711a0dd43c1b94b,True,2
39690,2687,230926_ML_3.npy,2026-09-23,2026-09-23 07:04:32.055010,7C7C3E,DA40,DIAMOND AIRCRAFT INDUSTRIES INC.,DA 40,f2df6c3850828b0efbc665acff451d64349f9156343dcdf33c7ca5bca57624cb,True,1
39695,2692,230926_ML_3.npy,2026-09-23,2026-09-23 07:04:41.174273,7C7C3E,DA40,DIAMOND AIRCRAFT INDUSTRIES INC.,DA 40,65c3024d297759b856acaeda2f21b76598a4acbbd516fec0aa71710d97694854,True,1
39700,2697,230926_ML_3.npy,2026-09-23,2026-09-23 07:04:44.552865,7C7C3E,DA40,DIAMOND AIRCRAFT INDUSTRIES INC.,DA 40,f2d239e2cb96334f42670934924302f34dd5608886731bc9c68b28eecf3af441,True,3
39707,2704,230926_ML_3.npy,2026-09-23,2026-09-23 07:05:11.817312,7C7C3E,DA40,DIAMOND AIRCRAFT INDUSTRIES INC.,DA 40,675a9bd67ddb1ce72b2b5e69436c6a9458419fa0e773ff0b418cb3107cb09184,True,1
39726,2723,230926_ML_3.npy,2026-09-23,2026-09-23 07:07:57.137590,7C0077,DA40,DIAMOND AIRCRAFT INDUSTRIES INC.,DA 40,e914ac94faccab458a375d6f0d6e36d01d0d6865cbc330c92a99bd5b3610daf9,True,4
39756,2753,230926_ML_3.npy,2026-09-23,2026-09-23 07:10:02.852016,7C7C3E,DA40,DIAMOND AIRCRAFT INDUSTRIES INC.,DA 40,00a8bef24ca5bd72116a6af4488c07a2eae4373809b2de1eddc736579d1985c6,True,5
39762,2759,230926_ML_3.npy,2026-09-23,2026-09-23 07:10:18.953459,7C0077,DA40,DIAMOND AIRCRAFT INDUSTRIES INC.,DA 40,5249e55cdae7ad40c544b8e0692fecfe67e08bf1833bf198d36fbbc73325f883,True,3
39784,2781,230926_ML_3.npy,2026-09-23,2026-09-23 07:11:44.731853,7C0077,DA40,DIAMOND AIRCRAFT INDUSTRIES INC.,DA 40,0ada3bb82118325b61926ed5aa2db73e5cb16c91d669fd49bf94ded54b31d83f,True,3
39801,2798,230926_ML_3.npy,2026-09-23,2026-09-23 07:12:12.713304,7C7B60,DA40,DIAMOND AIRCRAFT INDUSTRIES INC.,DA 40,84000d5669027a22e944e41ab33b98f243bb2fcb1d24948c0092697c3866c483,True,5
39812,2809,230926_ML_3.npy,2026-09-23,2026-09-23 07:12:34.354123,7C7B60,DA40,DIAMOND AIRCRAFT INDUSTRIES INC.,DA 40,eff205278f1e97dadbe7e5b6d8d67f90be1778112346e46e79d9aaff208239d7,True,4
39842,2839,230926_ML_3.npy,2026-09-23,2026-09-23 07:13:47.781562,7C0077,DA40,DIAMOND AIRCRAFT INDUSTRIES INC.,DA 40,fa209ed706b931fc2dbd07e3f88911caad58f6328a2ebe6b1cac1406999dc3fb,True,2
39864,2861,230926_ML_3.npy,2026-09-23,2026-09-23 07:15:02.128428,7C7C3E,DA40,DIAMOND AIRCRAFT INDUSTRIES INC.,DA 40,ee9300cace80f0e28821418361fa6f1c27504d4705e33cb76cb27306850887bf,True,5
39871,2868,230926_ML_3.npy,2026-09-23,2026-09-23 07:15:21.204205,7C7C3E,DA40,DIAMOND AIRCRAFT INDUSTRIES INC.,DA 40,48040d95447abb638fa47f2f867e681d637af9db9a64d7b02b44705413e07892,True,2
39877,2874,230926_ML_3.npy,2026-09-23,2026-09-23 07:15:29.784451,7C7C3E,DA40,DIAMOND AIRCRAFT INDUSTRIES INC.,DA 40,696d76acab349f227bd169bf09acb3fcacc23cf4eaad71e68c748f0c6c33c8c5,True,3
39878,2875,230926_ML_3.npy,2026-09-23,2026-09-23 07:15:29.791412,7C7C3E,DA40,DIAMOND AIRCRAFT INDUSTRIES INC.,DA 40,cb9d3426276ef537505fe3d2da5dc649f38fc28ea529da7615621c3b6e6e657f,True,2
39880,2877,230926_ML_3.npy,2026-09-23,2026-09-23 07:16:35.337794,7C67D0,C172,CESSNA AIRCRAFT COMPANY,172S,0996372977e6bf90bf5bf49ddaafa88f118b7bd1c7560c5e7366391dcba5f7bf,True,3
39885,2882,230926_ML_3.npy,2026-09-23,2026-09-23 07:16:42.231074,7C67D0,C172,CESSNA AIRCRAFT COMPANY,172S,2b9c50935b4782b961233d69e57173f21dff12c8e58dbe9932351cadd2534d4d,True,3
39889,2886,230926_ML_3.npy,2026-09-23,2026-09-23 07:18:43.993555,7C7B56,DA40,DIAMOND AIRCRAFT INDUSTRIES INC.,DA 40,6c3e20dd7be482acbf46d35b3a3d09effaefb5ddeb12d9f0bf9c1166baa0d299,True,1
39896,2893,230926_ML_3.npy,2026-09-23,2026-09-23 07:18:57.221587,7C7C3E,DA40,DIAMOND AIRCRAFT INDUSTRIES INC.,DA 40,6a34fca2dc09385871015a3a1326cda274e28094a84aa9b57deee5e92d68449e,True,3
39897,2894,230926_ML_3.npy,2026-09-23,2026-09-23 07:19:04.487641,7C7C3E,DA40,DIAMOND AIRCRAFT INDUSTRIES INC.,DA 40,6d379dea07512e994d5953d5e7f1f9b1417423eee73490c00e5b912437ba5b62,True,3
39899,2896,230926_ML_3.npy,2026-09-23,2026-09-23 07:19:06.489276,7C7B56,DA40,DIAMOND AIRCRAFT INDUSTRIES INC.,DA 40,1434e8161c400641b0b44d07f967021a019ba664622e01c401f3f685fa383d0d,True,1
39917,2914,230926_ML_3.npy,2026-09-23,2026-09-23 07:20:12.159777,7C7C3E,DA40,DIAMOND AIRCRAFT INDUSTRIES INC.,DA 40,6d1fd606ead15568a3f9d4a7da20ffc4aa20439b24cab8783f8ad9ee7a191e34,True,5
39921,2918,230926_ML_3.npy,2026-09-23,2026-09-23 07:20:19.561017,7C7C3E,DA40,DIAMOND AIRCRAFT INDUSTRIES INC.,DA 40,f6a146cfb260e37d442e2cb54acf368bea2c08af24cec19e533a482b20820a8e,True,2
39944,2941,230926_ML_3.npy,2026-09-23,2026-09-23 07:25:56.923794,7C7C3E,DA40,DIAMOND AIRCRAFT INDUSTRIES INC.,DA 40,730ffbda8fb4050de4a1e2eb89bcc9990b6b43c296831e2961746844ea3d2bde,True,1
39946,2943,230926_ML_3.npy,2026-09-23,2026-09-23 07:25:58.429130,7C7C3E,DA40,DIAMOND AIRCRAFT INDUSTRIES INC.,DA 40,944726259b9fb996dce4013b147d807497194986be3a703098ee22e88aaa0cba,True,5
39958,2955,230926_ML_3.npy,2026-09-23,2026-09-23 07:26:20.275971,7C7C3E,DA40,DIAMOND AIRCRAFT INDUSTRIES INC.,DA 40,31eeea930b877da836998e303e1f4644f12403c5a922774a6e558c98e2cdebd7,True,3
39964,2961,230926_ML_3.npy,2026-09-23,2026-09-23 07:26:27.435605,7C7C3E,DA40,DIAMOND AIRCRAFT INDUSTRIES INC.,DA 40,11a967bee420d60b4c650dc2363d4f916bf8a35623974581acd4f17767ea7af6,True,2
39971,2968,230926_ML_3.npy,2026-09-23,2026-09-23 07:35:51.235785,7C6693,DA40,DIAMOND AIRCRAFT INDUSTRIES INC.,DA 40,fcecb43e24212912e9bed352a5243bb13a12f7094a51af215f12f891051a30c3,True,1
39988,2985,230926_ML_3.npy,2026-09-23,2026-09-23 07:36:32.673285,7C6693,DA40,DIAMOND AIRCRAFT INDUSTRIES INC.,DA 40,c72c5882d9394792dc0b70eb7ea5d8917ace5ca42209909f85e6d1d5587f07ec,True,2
40022,3019,230926_ML_3.npy,2026-09-23,2026-09-23 07:38:54.217140,7C168D,DA40,DIAMOND AIRCRAFT INDUSTRIES INC.,DA 40,f0e767c0c2d1cc4886038606d89bd3091823e51c622883078fc77b9acfdd7b8b,True,5
40026,3023,230926_ML_3.npy,2026-09-23,2026-09-23 07:39:00.215130,7C168D,DA40,DIAMOND AIRCRAFT INDUSTRIES INC.,DA 40,2b1279abb28712aa79ffeb474b26d50cd5d0be4028db96a46f9842332df163f4,True,1
40037,3034,230926_ML_3.npy,2026-09-23,2026-09-23 07:39:16.051407,7C168D,DA40,DIAMOND AIRCRAFT INDUSTRIES INC.,DA 40,522bd3f602404d72231fdec789b1782f27667b3c1c64190561a3ffb7c0aba757,True,3
40047,3044,230926_ML_3.npy,2026-09-23,2026-09-23 07:42:43.847168,7C168A,DA40,DIAMOND AIRCRAFT INDUSTRIES INC.,DA 40,14fc33272e7654ff9a6cfb9afbbf89a248fb33b47419c9d877404e1b8a8629be,True,4
40074,3071,230926_ML_3.npy,2026-09-23,2026-09-23 07:47:58.797359,7C67D0,C172,CESSNA AIRCRAFT COMPANY,172S,52e14a1b3fcf7be29c9448c94a4549488a97f1bac0fe7b21a02bee3e585d85d7,True,3
40075,3072,230926_ML_3.npy,2026-09-23,2026-09-23 07:47:59.528779,7C67D0,C172,CESSNA AIRCRAFT COMPANY,172S,6ed9fae629f464f1c768ee6f3906832d2da96336965159338627b4ac711e2233,True,2
40078,3075,230926_ML_3.npy,2026-09-23,2026-09-23 07:48:04.942872,7C67D0,C172,CESSNA AIRCRAFT COMPANY,172S,268fc3dcd123c90b34ee3ff068be0fa6262be893933b0d32785ba274ab1f4165,True,2
40119,3116,230926_ML_3.npy,2026-09-23,2026-09-23 07:49:57.234352,7C67D0,C172,CESSNA AIRCRAFT COMPANY,172S,72ff2025168f7c51dc07242218da7f78f6bfd1af06260383d1b4ad29b66762fb,True,3
40123,3120,230926_ML_3.npy,2026-09-23,2026-09-23 07:50:06.476772,7C67D0,C172,CESSNA AIRCRAFT COMPANY,172S,2e5414078dfde9388738dc8ed974f53630f64a4b2161c97ce94051e55d1b2152,True,3
40124,3121,230926_ML_3.npy,2026-09-23,2026-09-23 07:50:06.681660,7C67D0,C172,CESSNA AIRCRAFT COMPANY,172S,742b26d109cc1658353b1f7271da3eef1e660eab3b08d73a646a5d123fa8ffc5,True,1
40126,3123,230926_ML_3.npy,2026-09-23,2026-09-23 07:50:07.530629,7C67D0,C172,CESSNA AIRCRAFT COMPANY,172S,13e02ce07fe9f3abfbd2a74346d81656d83eb3035f5bd6be44a04366fe72aee6,True,5
40131,3128,230926_ML_3.npy,2026-09-23,2026-09-23 07:50:12.689191,7C67D0,C172,CESSNA AIRCRAFT COMPANY,172S,e2a20c59561e3b1b8534ab2081c6f813e05972f033cea63d82eb0b443c0f94f6,True,2
40137,3134,230926_ML_3.npy,2026-09-23,2026-09-23 07:50:26.481970,7C67D0,C172,CESSNA AIRCRAFT COMPANY,172S,742b26d109cc1658353b1f7271da3eef1e660eab3b08d73a646a5d123fa8ffc5,True,4
40138,3135,230926_ML_3.npy,2026-09-23,2026-09-23 07:50:28.185734,7C67D0,C172,CESSNA AIRCRAFT COMPANY,172S,824c23eee793da354f95980bdff1ff58c5741111ff3135d554038bcae0080292,True,4
40143,3140,230926_ML_3.npy,2026-09-23,2026-09-23 07:50:31.593000,7C67D0,C172,CESSNA AIRCRAFT COMPANY,172S,742b26d109cc1658353b1f7271da3eef1e660eab3b08d73a646a5d123fa8ffc5,True,2
40148,3145,230926_ML_3.npy,2026-09-23,2026-09-23 07:50:35.656577,7C67D0,C172,CESSNA AIRCRAFT COMPANY,172S,c9eca74f2ee62668f21fe5ae1705f3a8979723ae4ce040d93e01cab690b91c76,True,3
40150,3147,230926_ML_3.npy,2026-09-23,2026-09-23 07:50:36.505051,7C67D0,C172,CESSNA AIRCRAFT COMPANY,172S,f0f9ea4b9db1611ff83d6294fe28a93228906c9b628cb50de3efcb2ace63dc07,True,2
40157,3154,230926_ML_3.npy,2026-09-23,2026-09-23 07:50:43.946356,7C67D0,C172,CESSNA AIRCRAFT COMPANY,172S,f0f9ea4b9db1611ff83d6294fe28a93228906c9b628cb50de3efcb2ace63dc07,True,3
40162,3159,230926_ML_3.npy,2026-09-23,2026-09-23 07:52:16.482727,7C168A,DA40,DIAMOND AIRCRAFT INDUSTRIES INC.,DA 40,3d4a7b188e17bd7cec2726688de97d7cad6fd9a8cc95bc030e773de9ee4d69bf,True,2
40166,3163,230926_ML_3.npy,2026-09-23,2026-09-23 07:52:32.890306,7C168A,DA40,DIAMOND AIRCRAFT INDUSTRIES INC.,DA 40,82062771270a8fcccaa015ba1d4c9350891c73099f2357a7724e6873cdd08ee7,True,2
40169,3166,230926_ML_3.npy,2026-09-23,2026-09-23 07:52:34.958179,7C168A,DA40,DIAMOND AIRCRAFT INDUSTRIES INC.,DA 40,dc83f7b7210818bca15d4e2f797efb35e4d18423a2f3568b3a7a98242332bd64,True,3
40179,3176,230926_ML_3.npy,2026-09-23,2026-09-23 07:54:26.631785,7C0D65,DA42,DIAMOND AIRCRAFT INDUSTRIES INC.,DA 42,602d89a37358317c8067b6d7d0463a953f9adcbd39c44f96f31fe75d87859b81,True,4
40181,3178,230926_ML_3.npy,2026-09-23,2026-09-23 07:54:27.593790,7C168A,DA40,DIAMOND AIRCRAFT INDUSTRIES INC.,DA 40,ce70370a6179ce19b886b6671d5d8f463ba19a2480356df87ffa88ae36319c45,True,3
40182,3179,230926_ML_3.npy,2026-09-23,2026-09-23 07:54:31.058250,7C168A,DA40,DIAMOND AIRCRAFT INDUSTRIES INC.,DA 40,ea8ab875b0b88bd03d7387d6cd6976a2afc3a8fe80a782e3c9fcaa745ae2b6cd,True,3
40183,3180,230926_ML_3.npy,2026-09-23,2026-09-23 07:54:32.246012,7C168A,DA40,DIAMOND AIRCRAFT INDUSTRIES INC.,DA 40,8e486463ca4ee0cf574f59817c9fe3ed8f0b563d52360f319bce9fc8ebad0054,True,1
40193,3190,230926_ML_3.npy,2026-09-23,2026-09-23 07:54:45.751525,7C168A,DA40,DIAMOND AIRCRAFT INDUSTRIES INC.,DA 40,f18aedc0af293f158c5ad532de169552353a1c7fcf686fee88602e7260ee19c0,True,2
40201,3198,230926_ML_3.npy,2026-09-23,2026-09-23 07:55:08.382171,7C0D65,DA42,DIAMOND AIRCRAFT INDUSTRIES INC.,DA 42,bcd370efcc4f08a94f5bac85b30802e7c5c10f4a5faae2a405bea3926bc25fed,True,1
40203,3200,230926_ML_3.npy,2026-09-23,2026-09-23 07:55:22.809341,7C0D65,DA42,DIAMOND AIRCRAFT INDUSTRIES INC.,DA 42,1fbedbedcb71a1e370af9381b02994381d322991dc132d480db0a737845a1705,True,4
40206,3203,230926_ML_3.npy,2026-09-23,2026-09-23 07:55:26.303521,7C0D65,DA42,DIAMOND AIRCRAFT INDUSTRIES INC.,DA 42,0025ac046a4d96c9aa6a6f9a822d7c9a6554e4f8a5bb0d36aff9229a5b45fc48,True,3
40209,3206,230926_ML_3.npy,2026-09-23,2026-09-23 07:55:31.029332,7C0D65,DA42,DIAMOND AIRCRAFT INDUSTRIES INC.,DA 42,5781797d8dfcda305ef89be952b7f5f320f9e345ee777fe37c2b63330af08821,True,1
40210,3207,230926_ML_3.npy,2026-09-23,2026-09-23 07:55:39.189413,7C0D65,DA42,DIAMOND AIRCRAFT INDUSTRIES INC.,DA 42,c258b2485ab9674d2de6468f1431148f231d8c8108821ffb5725b7a534bc185c,True,5
40211,3208,230926_ML_3.npy,2026-09-23,2026-09-23 07:55:39.197572,7C0D65,DA42,DIAMOND AIRCRAFT INDUSTRIES INC.,DA 42,2fd1695795925436ad412aac0760e9b8f90e2c1860a5533448666b7e15cc02ee,True,3
40212,3209,230926_ML_3.npy,2026-09-23,2026-09-23 07:55:56.528359,7C0D65,DA42,DIAMOND AIRCRAFT INDUSTRIES INC.,DA 42,1fbedbedcb71a1e370af9381b02994381d322991dc132d480db0a737845a1705,True,3
40216,3213,230926_ML_3.npy,2026-09-23,2026-09-23 07:56:55.277875,7C0D65,DA42,DIAMOND AIRCRAFT INDUSTRIES INC.,DA 42,6cbe5135f36b61942b47fcd55f0049194b966df7560f6a396fa7eeaa8b6ab050,True,1
40220,3217,230926_ML_3.npy,2026-09-23,2026-09-23 07:57:14.785182,7C0D65,DA42,DIAMOND AIRCRAFT INDUSTRIES INC.,DA 42,82c93caa8af0ba0f726c226e8872c3fdb2ab8e9f9eb61fc112f54a887f12f82a,True,4
40222,3219,230926_ML_3.npy,2026-09-23,2026-09-23 07:57:17.760740,7C0D65,DA42,DIAMOND AIRCRAFT INDUSTRIES INC.,DA 42,33a9174b765447aece8bb6c9cd09874b2056b4a934390af63880d1eb6e395583,True,1
40223,3220,230926_ML_3.npy,2026-09-23,2026-09-23 07:57:17.918942,7C0D65,DA42,DIAMOND AIRCRAFT INDUSTRIES INC.,DA 42,6cbe5135f36b61942b47fcd55f0049194b966df7560f6a396fa7eeaa8b6ab050,True,5
40233,3230,230926_ML_3.npy,2026-09-23,2026-09-23 07:57:35.899099,7C0D65,DA42,DIAMOND AIRCRAFT INDUSTRIES INC.,DA 42,886c3a2a81c46349a8ce9cfb77b563d059daa5276b56e36897f691fb0c1cd83f,True,1
40234,3231,230926_ML_3.npy,2026-09-23,2026-09-23 07:57:35.905427,7C0D65,DA42,DIAMOND AIRCRAFT INDUSTRIES INC.,DA 42,ec20cf4131adba1dc10038c69c5a2ad756065171b6a0f7bf50882235b6e39026,True,2
40235,3232,230926_ML_3.npy,2026-09-23,2026-09-23 07:57:37.072987,7C0D65,DA42,DIAMOND AIRCRAFT INDUSTRIES INC.,DA 42,4026ff8ec1bcb1be3ed0b4db68e088ac8c799b4602554b6ad4dfb30da6ccd328,True,2
40238,3235,230926_ML_3.npy,2026-09-23,2026-09-23 07:57:37.574919,7C0D65,DA42,DIAMOND AIRCRAFT INDUSTRIES INC.,DA 42,17da9fc8371687708629749dd61a37d6d92d39eee6470698a99810ac88153d39,True,4
40240,3237,230926_ML_3.npy,2026-09-23,2026-09-23 07:57:38.720587,7C0D65,DA42,DIAMOND AIRCRAFT INDUSTRIES INC.,DA 42,04b686c1dec303818333a823dea86669591a2b34efd8efd724eb57585ffe13ec,True,5
40243,3240,230926_ML_3.npy,2026-09-23,2026-09-23 07:57:41.343842,7C0D65,DA42,DIAMOND AIRCRAFT INDUSTRIES INC.,DA 42,1d46f827a8f28983d27bd93bcea4863ab882fda1beab5170f7c5b300ea2df980,True,1
40244,3241,230926_ML_3.npy,2026-09-23,2026-09-23 07:57:41.351827,7C0D65,DA42,DIAMOND AIRCRAFT INDUSTRIES INC.,DA 42,7b54dba40d34e59e06fd67f191ae713addd5b028885b8fb3dd50a995ef742ff6,True,1
40245,3242,230926_ML_3.npy,2026-09-23,2026-09-23 07:58:09.275231,7C444D,P28A,PIPER AIRCRAFT CORP,PA-28-181,bc299081f7a10335c8d7d2341a409cb1e3d2dae2967a6469a44946a060adb5c5,True,1
40246,3243,230926_ML_3.npy,2026-09-23,2026-09-23 07:58:10.269002,7C444D,P28A,PIPER AIRCRAFT CORP,PA-28-181,97bbef0279a9ace2ddaa50127b1ce8f76ec875a33653fc0b7f3390768d5a71b6,True,5
40247,3244,230926_ML_3.npy,2026-09-23,2026-09-23 07:58:14.505877,7C444D,P28A,PIPER AIRCRAFT CORP,PA-28-181,cee250c826a53c92dbb711de8041bc19b9a4a054088166db8324ea5aca658628,True,5
40248,3245,230926_ML_3.npy,2026-09-23,2026-09-23 07:58:14.698177,7C444D,P28A,PIPER AIRCRAFT CORP,PA-28-181,8727d5c67defb3ac4a77bffbd3fc21a3de15e868c8b2c2ccb82ca9ccd3377cb9,True,3
40251,3248,230926_ML_3.npy,2026-09-23,2026-09-23 07:58:16.711477,7C444D,P28A,PIPER AIRCRAFT CORP,PA-28-181,feadf15c9a5816160c7f2408c66b3b8f3e0bfda2a68fdc4a37e7af90c6a2c468,True,5
40252,3249,230926_ML_3.npy,2026-09-23,2026-09-23 07:58:16.945116,7C444D,P28A,PIPER AIRCRAFT CORP,PA-28-181,d081d2b2f24c20c18b5d0847ffa5f4796da2125a48b9116ef8652bd65520a09a,True,3
40253,3250,230926_ML_3.npy,2026-09-23,2026-09-23 07:58:19.291283,7C444D,P28A,PIPER AIRCRAFT CORP,PA-28-181,0a712d93c3b436632b6313eca8379ae14858b33e3b9968582f2fdcbbff01ea49,True,5
40255,3252,230926_ML_3.npy,2026-09-23,2026-09-23 07:58:21.584957,7C444D,P28A,PIPER AIRCRAFT CORP,PA-28-181,23ade8104ad2f9a96df1a1e8789ef2ee76678db1ab9b4d47a0d802e4cab18f4a,True,2
40263,3260,230926_ML_3.npy,2026-09-23,2026-09-23 07:58:31.096890,7C1689,DA40,DIAMOND AIRCRAFT INDUSTRIES INC.,DA 40,1ad403a1beed1f85e713fede158ee5a443f90e51531c6fd8448285238416f073,True,4
40265,3262,230926_ML_3.npy,2026-09-23,2026-09-23 07:58:40.624655,7C444D,P28A,PIPER AIRCRAFT CORP,PA-28-181,de8302953b832808a2b58c20f0d857a95cfc89df1ad422e9aaee44905072ad2b,True,3
40271,3268,230926_ML_3.npy,2026-09-23,2026-09-23 07:58:43.484336,7C444D,P28A,PIPER AIRCRAFT CORP,PA-28-181,9ef29f8bb837a28d5016af2752b9efa858be62e095d76d053778834187d4a2ff,True,3
40282,3279,230926_ML_3.npy,2026-09-23,2026-09-23 07:58:55.972068,7C444D,P28A,PIPER AIRCRAFT CORP,PA-28-181,21d44e398d3cc043dab12852768bfa2d5f10c0a70f4edf980bb96f33f1ab9ac9,True,5
40286,3283,230926_ML_3.npy,2026-09-23,2026-09-23 07:58:59.265998,7C168A,DA40,DIAMOND AIRCRAFT INDUSTRIES INC.,DA 40,d8e6d47c5dbc6f1f247b83d55f5527556856ccf10489af9083441fa819b63152,True,3
40290,3287,230926_ML_3.npy,2026-09-23,2026-09-23 07:59:09.429554,7C444D,P28A,PIPER AIRCRAFT CORP,PA-28-181,27850a9eaea1832e78c24ee276b299354f4889f826d5f408c38455ab8faa134d,True,2
40291,3288,230926_ML_3.npy,2026-09-23,2026-09-23 07:59:12.046974,7C444D,P28A,PIPER AIRCRAFT CORP,PA-28-181,f1ad05dba8b73a45c1974aa83d4a4ad1106c1f5c923dc24c09f33feab0284857,True,4
40292,3289,230926_ML_3.npy,2026-09-23,2026-09-23 07:59:13.606232,7C444D,P28A,PIPER AIRCRAFT CORP,PA-28-181,fab83806b7580ee2464b70f9210559b952460b6fddd3bde4d24b1b7219419ee6,True,1
40293,3290,230926_ML_3.npy,2026-09-23,2026-09-23 07:59:14.106429,7C444D,P28A,PIPER AIRCRAFT CORP,PA-28-181,d8ca3e90afb3bc1d4dca52ed572384b0662a75fc6da6c43081f935eb45116e9f,True,2
40297,3294,230926_ML_3.npy,2026-09-23,2026-09-23 07:59:51.349939,7C168A,DA40,DIAMOND AIRCRAFT INDUSTRIES INC.,DA 40,f5d7c73bb30ecd4da2c0cf6c86d0e4ee105fff8436a7d74a31cbb3ca18e3d9f0,True,3
40300,3297,230926_ML_3.npy,2026-09-23,2026-09-23 08:00:02.465032,7C0D65,DA42,DIAMOND AIRCRAFT INDUSTRIES INC.,DA 42,6cbe5135f36b61942b47fcd55f0049194b966df7560f6a396fa7eeaa8b6ab050,True,1
40301,3298,230926_ML_3.npy,2026-09-23,2026-09-23 08:00:03.871830,7C0D65,DA42,DIAMOND AIRCRAFT INDUSTRIES INC.,DA 42,e668f2f57738015b0608085199df3127e3b536859f688fb86eb16972702b3b93,True,4
40302,3299,230926_ML_3.npy,2026-09-23,2026-09-23 08:00:17.366848,7C0D65,DA42,DIAMOND AIRCRAFT INDUSTRIES INC.,DA 42,ea9f6c307932864d463559f8457841f6f9b5e9673de25b114975598a9a169123,True,2
40304,3301,230926_ML_3.npy,2026-09-23,2026-09-23 08:00:25.101399,7C0D65,DA42,DIAMOND AIRCRAFT INDUSTRIES INC.,DA 42,1fbedbedcb71a1e370af9381b02994381d322991dc132d480db0a737845a1705,True,5
40311,3308,230926_ML_3.npy,2026-09-23,2026-09-23 08:00:38.368059,7C0D65,DA42,DIAMOND AIRCRAFT INDUSTRIES INC.,DA 42,bb52ad41c50cb74ba9a6f9c93ef2b8d578745f41df786615601283276b290517,True,5
40320,3317,230926_ML_3.npy,2026-09-23,2026-09-23 08:00:46.033210,7C168A,DA40,DIAMOND AIRCRAFT INDUSTRIES INC.,DA 40,9338f392fecd37b14f36a5357bea15c1c064dc42f1a097ce6a388e017621803f,True,4
40323,3320,230926_ML_3.npy,2026-09-23,2026-09-23 08:00:47.577591,7C0D65,DA42,DIAMOND AIRCRAFT INDUSTRIES INC.,DA 42,1fbedbedcb71a1e370af9381b02994381d322991dc132d480db0a737845a1705,True,1
40325,3322,230926_ML_3.npy,2026-09-23,2026-09-23 08:00:49.019371,7C0D65,DA42,DIAMOND AIRCRAFT INDUSTRIES INC.,DA 42,188cee29168c8469fb26090a05cd679f4d00246c3df3ba4d5e32ac96ce2b7f65,True,3
40326,3323,230926_ML_3.npy,2026-09-23,2026-09-23 08:00:50.889676,7C7B65,DA40,DIAMOND AIRCRAFT INDUSTRIES INC.,DA 40,67ce8e37745715599007a6a3536508d5f209a94a4d5edbf35a9c208b73b976df,True,5
40330,3327,230926_ML_3.npy,2026-09-23,2026-09-23 08:00:55.180952,7C0D65,DA42,DIAMOND AIRCRAFT INDUSTRIES INC.,DA 42,1fbedbedcb71a1e370af9381b02994381d322991dc132d480db0a737845a1705,True,4
40331,3328,230926_ML_3.npy,2026-09-23,2026-09-23 08:00:56.078110,7C0D65,DA42,DIAMOND AIRCRAFT INDUSTRIES INC.,DA 42,b397092290124c50a5f46fc0795d6c098b5218de786ab617731313431d3cf63f,True,1
40335,3332,230926_ML_3.npy,2026-09-23,2026-09-23 08:00:58.918925,7C0D65,DA42,DIAMOND AIRCRAFT INDUSTRIES INC.,DA 42,1fbedbedcb71a1e370af9381b02994381d322991dc132d480db0a737845a1705,True,5
40387,3384,230926_ML_3.npy,2026-09-23,2026-09-23 08:01:40.094184,7C7B65,DA40,DIAMOND AIRCRAFT INDUSTRIES INC.,DA 40,8787086b7a1b7763ef329314907a81584ac1f774f35261ba3acba78df924d191,True,5
40400,3397,230926_ML_3.npy,2026-09-23,2026-09-23 08:02:24.980945,7C0D65,DA42,DIAMOND AIRCRAFT INDUSTRIES INC.,DA 42,6cbe5135f36b61942b47fcd55f0049194b966df7560f6a396fa7eeaa8b6ab050,True,5
40401,3398,230926_ML_3.npy,2026-09-23,2026-09-23 08:02:27.182870,7C0D65,DA42,DIAMOND AIRCRAFT INDUSTRIES INC.,DA 42,1fbedbedcb71a1e370af9381b02994381d322991dc132d480db0a737845a1705,True,3
40402,3399,230926_ML_3.npy,2026-09-23,2026-09-23 08:02:29.632446,7C0D65,DA42,DIAMOND AIRCRAFT INDUSTRIES INC.,DA 42,1fbedbedcb71a1e370af9381b02994381d322991dc132d480db0a737845a1705,True,4
40404,3401,230926_ML_3.npy,2026-09-23,2026-09-23 08:02:32.136337,7C0D65,DA42,DIAMOND AIRCRAFT INDUSTRIES INC.,DA 42,61287ead3bebbfcab97c0da462b6657672a66365f7eba56a1724b8f373d0735a,True,4
40407,3404,230926_ML_3.npy,2026-09-23,2026-09-23 08:02:35.818434,7C0D65,DA42,DIAMOND AIRCRAFT INDUSTRIES INC.,DA 42,1fbedbedcb71a1e370af9381b02994381d322991dc132d480db0a737845a1705,True,4
40408,3405,230926_ML_3.npy,2026-09-23,2026-09-23 08:02:36.195914,7C0D65,DA42,DIAMOND AIRCRAFT INDUSTRIES INC.,DA 42,1b9d7f46da8480c7ceda3f76447044d19ee67f54cb28d97afa63dc12afaf3cbf,True,3
40409,3406,230926_ML_3.npy,2026-09-23,2026-09-23 08:02:40.901552,7C0D65,DA42,DIAMOND AIRCRAFT INDUSTRIES INC.,DA 42,27f2d9b6eb89d0aa3322b2a440e5182035b7773ac7c497f6811badbb3d689edf,True,5
40410,3407,230926_ML_3.npy,2026-09-23,2026-09-23 08:02:40.907960,7C0D65,DA42,DIAMOND AIRCRAFT INDUSTRIES INC.,DA 42,474639e6428c7a8cf2e74dbee25e0a094f2c997ef7fa8710b72047bf8c1d7e9f,True,3
40412,3409,230926_ML_3.npy,2026-09-23,2026-09-23 08:02:43.345160,7C0D65,DA42,DIAMOND AIRCRAFT INDUSTRIES INC.,DA 42,a285f75e533159757db095c286f13762aaac6fbecf2c30366eeb4047d5c09cea,True,3
40414,3411,230926_ML_3.npy,2026-09-23,2026-09-23 08:02:46.279013,7C0D65,DA42,DIAMOND AIRCRAFT INDUSTRIES INC.,DA 42,a1775b973c2b6ae2179be6910c8995a0e9a489043e60f94af38e862ba22ea6d9,True,5
40415,3412,230926_ML_3.npy,2026-09-23,2026-09-23 08:02:50.052126,7C0D65,DA42,DIAMOND AIRCRAFT INDUSTRIES INC.,DA 42,6cbe5135f36b61942b47fcd55f0049194b966df7560f6a396fa7eeaa8b6ab050,True,5
40419,3416,230926_ML_3.npy,2026-09-23,2026-09-23 08:02:50.675821,7C0D65,DA42,DIAMOND AIRCRAFT INDUSTRIES INC.,DA 42,aba855c3682e3fa56a309a412070c1cfb09616122d7c5304c6ee81f31af47ba1,True,4
40420,3417,230926_ML_3.npy,2026-09-23,2026-09-23 08:02:51.639848,7C0D65,DA42,DIAMOND AIRCRAFT INDUSTRIES INC.,DA 42,d516e82bebd28c0fe7b772e3017b44bed80b2df88f1de757a5c9b4371a9393f7,True,3
40421,3418,230926_ML_3.npy,2026-09-23,2026-09-23 08:02:51.644100,7C0D65,DA42,DIAMOND AIRCRAFT INDUSTRIES INC.,DA 42,3ccee7c4801069d5b38d4df6a7eda2c283f366324360b1e2ab3e440d194fd530,True,1
40424,3421,230926_ML_3.npy,2026-09-23,2026-09-23 08:02:57.782237,7C0D65,DA42,DIAMOND AIRCRAFT INDUSTRIES INC.,DA 42,70e4ab6f5e10acf44016e6b58e4773466a19b70495f7621038cb26bd3dadf5f6,True,4
40435,3432,230926_ML_3.npy,2026-09-23,2026-09-23 08:05:14.995534,7C0D65,DA42,DIAMOND AIRCRAFT INDUSTRIES INC.,DA 42,04b686c1dec303818333a823dea86669591a2b34efd8efd724eb57585ffe13ec,True,2
40437,3434,230926_ML_3.npy,2026-09-23,2026-09-23 08:05:32.740554,7C0D65,DA42,DIAMOND AIRCRAFT INDUSTRIES INC.,DA 42,6cbe5135f36b61942b47fcd55f0049194b966df7560f6a396fa7eeaa8b6ab050,True,2
40438,3435,230926_ML_3.npy,2026-09-23,2026-09-23 08:05:45.213906,7C0D65,DA42,DIAMOND AIRCRAFT INDUSTRIES INC.,DA 42,6cbe5135f36b61942b47fcd55f0049194b966df7560f6a396fa7eeaa8b6ab050,True,2
40439,3436,230926_ML_3.npy,2026-09-23,2026-09-23 08:05:48.801383,7C0D65,DA42,DIAMOND AIRCRAFT INDUSTRIES INC.,DA 42,dad6a5c5f34324d79a2a3966df0562d7a8907cd86049531dd9cacee61f5b960d,True,1
40444,3441,230926_ML_3.npy,2026-09-23,2026-09-23 08:06:05.279682,7C0D65,DA42,DIAMOND AIRCRAFT INDUSTRIES INC.,DA 42,95cd6d4d65d9f55cc12f8810c136b78986d733646ac8f38632ae26ad11adc7b0,True,3
40446,3443,230926_ML_3.npy,2026-09-23,2026-09-23 08:06:08.766245,7C0D65,DA42,DIAMOND AIRCRAFT INDUSTRIES INC.,DA 42,433e7d016e43a29c61cdfdc05002e2975cd1f5ee89d83e3e0655b6f92c60abf4,True,3
40448,3445,230926_ML_3.npy,2026-09-23,2026-09-23 08:06:14.319149,7C0D65,DA42,DIAMOND AIRCRAFT INDUSTRIES INC.,DA 42,0f14e280085c2953aad10c1c369e22ac9d2cadc01231325913042d55fd181d57,True,4
40449,3446,230926_ML_3.npy,2026-09-23,2026-09-23 08:06:14.324764,7C0D65,DA42,DIAMOND AIRCRAFT INDUSTRIES INC.,DA 42,08b9ffed5c531b1ab4097ecf215922fddd0cd171088e343151027124a7ab7518,True,2
40452,3449,230926_ML_3.npy,2026-09-23,2026-09-23 08:07:49.328185,7C0D65,DA42,DIAMOND AIRCRAFT INDUSTRIES INC.,DA 42,04b686c1dec303818333a823dea86669591a2b34efd8efd724eb57585ffe13ec,True,1
40454,3451,230926_ML_3.npy,2026-09-23,2026-09-23 08:07:56.158120,7C0D65,DA42,DIAMOND AIRCRAFT INDUSTRIES INC.,DA 42,1fbedbedcb71a1e370af9381b02994381d322991dc132d480db0a737845a1705,True,1
40455,3452,230926_ML_3.npy,2026-09-23,2026-09-23 08:07:57.247013,7C0D65,DA42,DIAMOND AIRCRAFT INDUSTRIES INC.,DA 42,4ab74400906e4f73d6c6f74eba13b4b2f2e3100b388edfea3156dba805f02af0,True,5
40456,3453,230926_ML_3.npy,2026-09-23,2026-09-23 08:07:57.984093,7C0D65,DA42,DIAMOND AIRCRAFT INDUSTRIES INC.,DA 42,6cbe5135f36b61942b47fcd55f0049194b966df7560f6a396fa7eeaa8b6ab050,True,4
40457,3454,230926_ML_3.npy,2026-09-23,2026-09-23 08:08:00.573513,7C0D65,DA42,DIAMOND AIRCRAFT INDUSTRIES INC.,DA 42,6cbe5135f36b61942b47fcd55f0049194b966df7560f6a396fa7eeaa8b6ab050,True,5
40458,3455,230926_ML_3.npy,2026-09-23,2026-09-23 08:08:00.659607,7C0D65,DA42,DIAMOND AIRCRAFT INDUSTRIES INC.,DA 42,35883f9f3926752cfa14c8d0e7f1ed47b5f69f9bf061518d8b43c5dae9c81741,True,4
40459,3456,230926_ML_3.npy,2026-09-23,2026-09-23 08:08:00.663540,7C0D65,DA42,DIAMOND AIRCRAFT INDUSTRIES INC.,DA 42,1a7f3ad73dba4131c3526699248d4655ce90b3fbf42d9ff23c21406e06482a32,True,1
40461,3458,230926_ML_3.npy,2026-09-23,2026-09-23 08:08:02.920713,7C0D65,DA42,DIAMOND AIRCRAFT INDUSTRIES INC.,DA 42,1671c442f7e12415da64f339ec7dfb8f347d9c32ef41fe361d94e0e07a2e9e52,True,3
40469,3466,230926_ML_3.npy,2026-09-23,2026-09-23 08:08:14.714369,7C0D65,DA42,DIAMOND AIRCRAFT INDUSTRIES INC.,DA 42,4cd201648464a9b59a93fac2b1baf1d849c4764b3dfe0195b227f76bb42a5ab8,True,1
40472,3469,230926_ML_3.npy,2026-09-23,2026-09-23 08:08:17.856782,7C0D65,DA42,DIAMOND AIRCRAFT INDUSTRIES INC.,DA 42,3e285a42eba1e2105ad5f665e522d8c174405ca307bbc0c628cc7e342b8fbcc5,True,2
40473,3470,230926_ML_3.npy,2026-09-23,2026-09-23 08:08:19.552554,7C0D65,DA42,DIAMOND AIRCRAFT INDUSTRIES INC.,DA 42,04b686c1dec303818333a823dea86669591a2b34efd8efd724eb57585ffe13ec,True,1
40474,3471,230926_ML_3.npy,2026-09-23,2026-09-23 08:08:21.654730,7C0D65,DA42,DIAMOND AIRCRAFT INDUSTRIES INC.,DA 42,633b4c90e117a14fe57383cf921675a5f09e0c37cef7b118f9f04d30c41e28db,True,4
40475,3472,230926_ML_3.npy,2026-09-23,2026-09-23 08:08:21.659334,7C0D65,DA42,DIAMOND AIRCRAFT INDUSTRIES INC.,DA 42,1d96a207d05cd2f5b64c8ebb33542565bf7ea6a5805b6abf92c375751eacb22f,True,1
40476,3473,230926_ML_3.npy,2026-09-23,2026-09-23 08:08:23.635559,7C0D65,DA42,DIAMOND AIRCRAFT INDUSTRIES INC.,DA 42,1fbedbedcb71a1e370af9381b02994381d322991dc132d480db0a737845a1705,True,1
40478,3475,230926_ML_3.npy,2026-09-23,2026-09-23 08:08:24.159461,7C0D65,DA42,DIAMOND AIRCRAFT INDUSTRIES INC.,DA 42,c668616b6b1a78f9ef89f7c92c253831fd71c37346c25d9ddc06280b301475b1,True,3
40479,3476,230926_ML_3.npy,2026-09-23,2026-09-23 08:08:27.901387,7C0D65,DA42,DIAMOND AIRCRAFT INDUSTRIES INC.,DA 42,433e7d016e43a29c61cdfdc05002e2975cd1f5ee89d83e3e0655b6f92c60abf4,True,1
40480,3477,230926_ML_3.npy,2026-09-23,2026-09-23 08:10:14.353343,7C0D65,DA42,DIAMOND AIRCRAFT INDUSTRIES INC.,DA 42,27a64d24a8a0c46923dc02c65d43df3afd84a6025b9a7784299663db46efb252,True,4
40488,3485,230926_ML_3.npy,2026-09-23,2026-09-23 08:11:40.545309,7C0D65,DA42,DIAMOND AIRCRAFT INDUSTRIES INC.,DA 42,1fbedbedcb71a1e370af9381b02994381d322991dc132d480db0a737845a1705,True,5
40492,3489,230926_ML_3.npy,2026-09-23,2026-09-23 08:11:57.565366,7C0D65,DA42,DIAMOND AIRCRAFT INDUSTRIES INC.,DA 42,1e2d4df8984c8f453964e823f820daa0f1892789de67cb7a66de2df2a9f0dcd8,True,1
40508,3505,230926_ML_3.npy,2026-09-23,2026-09-23 08:13:17.735128,7C0D65,DA42,DIAMOND AIRCRAFT INDUSTRIES INC.,DA 42,05d01bd8cae1a2ce3d43e0290c9ceab78ddaf88f1ce9f5b98e972382c0bc85f9,True,2
40509,3506,230926_ML_3.npy,2026-09-23,2026-09-23 08:13:17.739892,7C0D65,DA42,DIAMOND AIRCRAFT INDUSTRIES INC.,DA 42,dc0162b7c48164e814bae248b82c141723c3cf6b9f83639b46b4d4f66d3de84a,True,5
40510,3507,230926_ML_3.npy,2026-09-23,2026-09-23 08:13:18.653843,7C0D65,DA42,DIAMOND AIRCRAFT INDUSTRIES INC.,DA 42,eaee3823b0c0c2fb3486c321a401150b4c782335d5f3ed88037c202fc20e69b9,True,5
40511,3508,230926_ML_3.npy,2026-09-23,2026-09-23 08:13:23.220710,7C0D65,DA42,DIAMOND AIRCRAFT INDUSTRIES INC.,DA 42,65a6e16bda63d98cba8d6239d4c461d00938db5fe9040befb67a99588895bf94,True,5
40512,3509,230926_ML_3.npy,2026-09-23,2026-09-23 08:13:24.292312,7C0D65,DA42,DIAMOND AIRCRAFT INDUSTRIES INC.,DA 42,d1b7ce505a4a75a192a65ce274e3a98263d21fcc9f95bd214b74c98ce9a813d0,True,1
40513,3510,230926_ML_3.npy,2026-09-23,2026-09-23 08:13:24.296926,7C0D65,DA42,DIAMOND AIRCRAFT INDUSTRIES INC.,DA 42,ee403e6c08a01febaec3a37998a906e04d1705b70ee5de339f6eedb5f83c43fd,True,4
40514,3511,230926_ML_3.npy,2026-09-23,2026-09-23 08:13:28.794539,7C0D65,DA42,DIAMOND AIRCRAFT INDUSTRIES INC.,DA 42,04b686c1dec303818333a823dea86669591a2b34efd8efd724eb57585ffe13ec,True,5
40515,3512,230926_ML_3.npy,2026-09-23,2026-09-23 08:13:29.233689,7C0D65,DA42,DIAMOND AIRCRAFT INDUSTRIES INC.,DA 42,5f4e150c3e6d48ed04d1e9aad97fef1b3510584b10d9f1e9c2445deb40468c1f,True,3
40517,3514,230926_ML_3.npy,2026-09-23,2026-09-23 08:13:30.120016,7C0D65,DA42,DIAMOND AIRCRAFT INDUSTRIES INC.,DA 42,13de01745bfaa166b92efbfcb7d855c6129a9e8c86475a0f28c2f3e6ec05e092,True,4
40518,3515,230926_ML_3.npy,2026-09-23,2026-09-23 08:13:30.123278,7C0D65,DA42,DIAMOND AIRCRAFT INDUSTRIES INC.,DA 42,3d73dc758df37787d896816ff470a66064bb24a13e930d79025c97aea9e39295,True,2
40520,3517,230926_ML_3.npy,2026-09-23,2026-09-23 08:13:31.101754,7C0D65,DA42,DIAMOND AIRCRAFT INDUSTRIES INC.,DA 42,db23b49156f4f2e1f39fea3145ef6849cdc75430b5e04fcf0d0153dc290c9efe,True,2
40521,3518,230926_ML_3.npy,2026-09-23,2026-09-23 08:13:33.129764,7C0D65,DA42,DIAMOND AIRCRAFT INDUSTRIES INC.,DA 42,1fbedbedcb71a1e370af9381b02994381d322991dc132d480db0a737845a1705,True,1
40522,3519,230926_ML_3.npy,2026-09-23,2026-09-23 08:13:33.524795,7C0D65,DA42,DIAMOND AIRCRAFT INDUSTRIES INC.,DA 42,39146101a5abcd2db3146636c2d1942cd1170f67f4fa469c23b57e70b72ed7bf,True,2
40524,3521,230926_ML_3.npy,2026-09-23,2026-09-23 08:13:37.091081,7C0D65,DA42,DIAMOND AIRCRAFT INDUSTRIES INC.,DA 42,78186c815c04b26c09f1a447664f038848d0f8ac60e22bf03e6a1e61b07a0916,True,2
40525,3522,230926_ML_3.npy,2026-09-23,2026-09-23 08:13:37.495499,7C0D65,DA42,DIAMOND AIRCRAFT INDUSTRIES INC.,DA 42,6efcd24fb4f1ffe412f4c3c689abe6e7fcc75cdeb8825875467f407e5d310b5d,True,3
40527,3524,230926_ML_3.npy,2026-09-23,2026-09-23 08:13:38.018949,7C0D65,DA42,DIAMOND AIRCRAFT INDUSTRIES INC.,DA 42,bf8158a0efe48b79f71024fe37623aa5409927f8eb9fd1450e34225db075c7b2,True,5
40529,3526,230926_ML_3.npy,2026-09-23,2026-09-23 08:13:40.226072,7C0D65,DA42,DIAMOND AIRCRAFT INDUSTRIES INC.,DA 42,624c236c22c65627f5143a16a43ba995727df651ebe375d93e3e10a3fe20423d,True,1
40532,3529,230926_ML_3.npy,2026-09-23,2026-09-23 08:13:44.395764,7C0D65,DA42,DIAMOND AIRCRAFT INDUSTRIES INC.,DA 42,1fbedbedcb71a1e370af9381b02994381d322991dc132d480db0a737845a1705,True,5
40536,3533,230926_ML_3.npy,2026-09-23,2026-09-23 08:13:47.716943,7C0D65,DA42,DIAMOND AIRCRAFT INDUSTRIES INC.,DA 42,9596c73c94255cb2bc4606b68f36fed5b70191dd193cbc686f630af866747436,True,4
40540,3537,230926_ML_3.npy,2026-09-23,2026-09-23 08:15:29.590861,7C0D65,DA42,DIAMOND AIRCRAFT INDUSTRIES INC.,DA 42,2f01adea8d056c150c364b0321a480bbc3df2e71a06bf74a2f73eaa15047449c,True,5
40543,3540,230926_ML_3.npy,2026-09-23,2026-09-23 08:15:31.647744,7C0D65,DA42,DIAMOND AIRCRAFT INDUSTRIES INC.,DA 42,b77048b31016c3308b8d5a024567f61f4240bc95b66f2fcc7823f101ae991132,True,5
40553,3550,230926_ML_3.npy,2026-09-23,2026-09-23 08:15:58.272461,7C0D65,DA42,DIAMOND AIRCRAFT INDUSTRIES INC.,DA 42,1fbedbedcb71a1e370af9381b02994381d322991dc132d480db0a737845a1705,True,3
40556,3553,230926_ML_3.npy,2026-09-23,2026-09-23 08:16:02.986656,7C0D65,DA42,DIAMOND AIRCRAFT INDUSTRIES INC.,DA 42,dd06073a06fd812f18aab55637c7f940a3ca6fa533ab73d6af71b1e94e7a8fc0,True,5
40558,3555,230926_ML_3.npy,2026-09-23,2026-09-23 08:16:07.968929,7C0D65,DA42,DIAMOND AIRCRAFT INDUSTRIES INC.,DA 42,322fac79d0489a1d0554b5f4a68ca1b46fb69da1e0126eb3fc49f55b1d37a535,True,3
40564,3561,230926_ML_3.npy,2026-09-23,2026-09-23 08:16:23.072966,7C0D65,DA42,DIAMOND AIRCRAFT INDUSTRIES INC.,DA 42,1c3f74324bd3409dc4ef0a4315cf449e7fbfbcb7991e22e7745448a6f83ea21d,True,1
40566,3563,230926_ML_3.npy,2026-09-23,2026-09-23 08:16:24.498272,7C0D65,DA42,DIAMOND AIRCRAFT INDUSTRIES INC.,DA 42,1fbedbedcb71a1e370af9381b02994381d322991dc132d480db0a737845a1705,True,3
40569,3566,230926_ML_3.npy,2026-09-23,2026-09-23 08:16:25.364788,7C0D65,DA42,DIAMOND AIRCRAFT INDUSTRIES INC.,DA 42,ca4815f5c195273daf646c47d29a6c246125f3d5fa16b1cf5485eb03682b5305,True,5
40571,3568,230926_ML_3.npy,2026-09-23,2026-09-23 08:16:25.961279,7C0D65,DA42,DIAMOND AIRCRAFT INDUSTRIES INC.,DA 42,e9080903ee9120c4873da91b7a7362d2c52f8da50b7b2cbe1444f9cc52864cbc,True,1
40575,3572,230926_ML_3.npy,2026-09-23,2026-09-23 08:16:39.415835,7C0D65,DA42,DIAMOND AIRCRAFT INDUSTRIES INC.,DA 42,1fbedbedcb71a1e370af9381b02994381d322991dc132d480db0a737845a1705,True,2
40577,3574,230926_ML_3.npy,2026-09-23,2026-09-23 08:16:39.853518,7C0D65,DA42,DIAMOND AIRCRAFT INDUSTRIES INC.,DA 42,cbe4a980e1baa7ffd7ff8b04a6beb3423a14f1bc2cecc9f7bc4548877f42458c,True,5
40581,3578,230926_ML_3.npy,2026-09-23,2026-09-23 08:16:43.426706,7C0D65,DA42,DIAMOND AIRCRAFT INDUSTRIES INC.,DA 42,3e2ee7505d7bcb596b8c9ac2ca672719826d1c2181c234643686a9dfa00bf192,True,5
40587,3584,230926_ML_3.npy,2026-09-23,2026-09-23 08:16:48.186720,7C0D65,DA42,DIAMOND AIRCRAFT INDUSTRIES INC.,DA 42,ac75268c2fe3a10a9c9067e1dbf1047028eea1c2ffdb3e36a15464a949bd7ba3,True,3
40588,3585,230926_ML_3.npy,2026-09-23,2026-09-23 08:16:48.192543,7C0D65,DA42,DIAMOND AIRCRAFT INDUSTRIES INC.,DA 42,b732d446aa603e0b8cf117b223c8469736367146ebd42007721c586353f5c645,True,4
40603,3600,230926_ML_3.npy,2026-09-23,2026-09-23 08:18:29.307530,7C0D65,DA42,DIAMOND AIRCRAFT INDUSTRIES INC.,DA 42,52519a35ef386c87038f7468d4262d6ed10a8c2740610442905f0ff76fcd545f,True,3
40605,3602,230926_ML_3.npy,2026-09-23,2026-09-23 08:18:29.811610,7C0D65,DA42,DIAMOND AIRCRAFT INDUSTRIES INC.,DA 42,db210893c54fb94a4b17029efb14c39540b8f220211204d3bfb515f7d10fcc90,True,5
40606,3603,230926_ML_3.npy,2026-09-23,2026-09-23 08:18:30.394760,7C0D65,DA42,DIAMOND AIRCRAFT INDUSTRIES INC.,DA 42,86b46e5953fa0bc1773909ee72626d8c9a9961aa10ba6c71f3b2b5150a2ad95c,True,5
40607,3604,230926_ML_3.npy,2026-09-23,2026-09-23 08:18:30.400988,7C0D65,DA42,DIAMOND AIRCRAFT INDUSTRIES INC.,DA 42,ed4e1f5f6f1ccdd9c33f36d9a5bfc1db3aa130e8617c4892515563214ebfc0a8,True,3
40608,3605,230926_ML_3.npy,2026-09-23,2026-09-23 08:18:30.832104,7C0D65,DA42,DIAMOND AIRCRAFT INDUSTRIES INC.,DA 42,aca952b5555eb1ea7f58701e50c16069bdf5747ab706b5480ffb004f16a5b2bd,True,4
40609,3606,230926_ML_3.npy,2026-09-23,2026-09-23 08:18:30.838337,7C0D65,DA42,DIAMOND AIRCRAFT INDUSTRIES INC.,DA 42,8238fe2119dfc4dbb9bcb12b6bf832e149af8d5b08a11fd76e48b5c908154d5a,True,4
40610,3607,230926_ML_3.npy,2026-09-23,2026-09-23 08:18:31.846238,7C0D65,DA42,DIAMOND AIRCRAFT INDUSTRIES INC.,DA 42,d1db7ff6ee4146341ead66b93c0987e7e39b2118b98c534f2b317e39b47df43b,True,5
40612,3609,230926_ML_3.npy,2026-09-23,2026-09-23 08:18:36.490050,7C0D65,DA42,DIAMOND AIRCRAFT INDUSTRIES INC.,DA 42,1fbedbedcb71a1e370af9381b02994381d322991dc132d480db0a737845a1705,True,1
40616,3613,230926_ML_3.npy,2026-09-23,2026-09-23 08:18:44.068027,7C0D65,DA42,DIAMOND AIRCRAFT INDUSTRIES INC.,DA 42,38299a10597228331a978b8ab236fc3ab649ae2d06048b46353c2b192938287c,True,4
40617,3614,230926_ML_3.npy,2026-09-23,2026-09-23 08:18:44.627885,7C0D65,DA42,DIAMOND AIRCRAFT INDUSTRIES INC.,DA 42,d13d33ac458162352b2689230ce936c6a9ef10cace1301c1a4004e9310c4a485,True,3
40620,3617,230926_ML_3.npy,2026-09-23,2026-09-23 08:18:47.652131,7C0D65,DA42,DIAMOND AIRCRAFT INDUSTRIES INC.,DA 42,c9cbc21f9ee71a027723a7be4415387c6e8cc3bb638e8e03c289862daf9247a4,True,2
40621,3618,230926_ML_3.npy,2026-09-23,2026-09-23 08:18:47.657106,7C0D65,DA42,DIAMOND AIRCRAFT INDUSTRIES INC.,DA 42,3227d3ccd27b05644cdd93ff3a3a28e05d6c415713311a7ed0584d1982ceb959,True,2
40623,3620,230926_ML_3.npy,2026-09-23,2026-09-23 08:18:48.648176,7C0D65,DA42,DIAMOND AIRCRAFT INDUSTRIES INC.,DA 42,bdb3efc6cd9b53ff34427b4fa0b4ca6309c1e458807f79ee5135e39d5ac20de2,True,1
40624,3621,230926_ML_3.npy,2026-09-23,2026-09-23 08:18:49.716562,7C0D65,DA42,DIAMOND AIRCRAFT INDUSTRIES INC.,DA 42,3506a8acb2db94aa5fef4ea1724084a67dde9c055bfbf27e8fd759d9431a4161,True,3
40625,3622,230926_ML_3.npy,2026-09-23,2026-09-23 08:18:49.723542,7C0D65,DA42,DIAMOND AIRCRAFT INDUSTRIES INC.,DA 42,61a6b128ccc20498d7d82472f29c95908f26f1ad5499ac0bd9c9d1be3831f55b,True,1
40626,3623,230926_ML_3.npy,2026-09-23,2026-09-23 08:18:51.315591,7C0D65,DA42,DIAMOND AIRCRAFT INDUSTRIES INC.,DA 42,1fbedbedcb71a1e370af9381b02994381d322991dc132d480db0a737845a1705,True,5
40631,3628,230926_ML_3.npy,2026-09-23,2026-09-23 08:18:59.665038,7C0D65,DA42,DIAMOND AIRCRAFT INDUSTRIES INC.,DA 42,d08fa9de680b92760768aa0688b8f1b35a752dc3cdc1f5a57ef01f3a1f9aca00,True,5
40632,3629,230926_ML_3.npy,2026-09-23,2026-09-23 08:22:01.638101,7C0D65,DA42,DIAMOND AIRCRAFT INDUSTRIES INC.,DA 42,2b2a24dc7e75773bbf79608d705642cb59a3bdad9c63ae440265d43582b9e3d9,True,4
40633,3630,230926_ML_3.npy,2026-09-23,2026-09-23 08:22:01.645149,7C0D65,DA42,DIAMOND AIRCRAFT INDUSTRIES INC.,DA 42,dd2566b5eae9a3694339128d90024af1089e8861fb5952ae6b29b7e0708425c2,True,3
40636,3633,230926_ML_3.npy,2026-09-23,2026-09-23 08:22:07.271035,7C0D65,DA42,DIAMOND AIRCRAFT INDUSTRIES INC.,DA 42,6cbe5135f36b61942b47fcd55f0049194b966df7560f6a396fa7eeaa8b6ab050,True,5
40637,3634,230926_ML_3.npy,2026-09-23,2026-09-23 08:22:12.221113,7C0D65,DA42,DIAMOND AIRCRAFT INDUSTRIES INC.,DA 42,6cbe5135f36b61942b47fcd55f0049194b966df7560f6a396fa7eeaa8b6ab050,True,5
40641,3638,230926_ML_3.npy,2026-09-23,2026-09-23 08:22:25.201712,7C0D65,DA42,DIAMOND AIRCRAFT INDUSTRIES INC.,DA 42,d5f802be9f52eb518c24edd0d8b92f5b58df9fdfb7a21d2cf2e0cce1c6e38bb5,True,3
40642,3639,230926_ML_3.npy,2026-09-23,2026-09-23 08:23:24.809159,7C0D65,DA42,DIAMOND AIRCRAFT INDUSTRIES INC.,DA 42,ca7b627b5605bc3c4a6161a3c49f3dbdff8a389589074f174ae5b5a67c205db6,True,2
40644,3641,230926_ML_3.npy,2026-09-23,2026-09-23 08:23:55.000760,7C0D65,DA42,DIAMOND AIRCRAFT INDUSTRIES INC.,DA 42,928c6982a8747e7ee8aba0996fb2f12444b8baf5d9fc266c37f5244c16aa7555,True,4
40647,3644,230926_ML_3.npy,2026-09-23,2026-09-23 08:23:57.060291,7C0D65,DA42,DIAMOND AIRCRAFT INDUSTRIES INC.,DA 42,69fdbaed7fb1be23ca1ba6315873697451a3de4055bee5d5bf6df5d1810c5dd0,True,2
40649,3646,230926_ML_3.npy,2026-09-23,2026-09-23 08:23:58.173192,7C0D65,DA42,DIAMOND AIRCRAFT INDUSTRIES INC.,DA 42,8f38d3ce02ef208eed82be5818bfbdf89c989f722320654d9b5d79d1f6d8e6fb,True,2
40651,3648,230926_ML_3.npy,2026-09-23,2026-09-23 08:24:03.445193,7C0D65,DA42,DIAMOND AIRCRAFT INDUSTRIES INC.,DA 42,d5b25a6e44437f414d0134bcfc0db28bb86c5f6016c6eb29f7adff52605c5f42,True,1
40652,3649,230926_ML_3.npy,2026-09-23,2026-09-23 08:24:03.903809,7C0D65,DA42,DIAMOND AIRCRAFT INDUSTRIES INC.,DA 42,a298f4e2ee5dc9a63d2c21f9b257338e81a7da1127cedc4b0f5b4248a79bb892,True,4
40655,3652,230926_ML_3.npy,2026-09-23,2026-09-23 08:24:06.895784,7C0D65,DA42,DIAMOND AIRCRAFT INDUSTRIES INC.,DA 42,cdddb1da6cecc171e88a84fd95ffc7898389304fba923e0a2e10639ebac454d4,True,4
40657,3654,230926_ML_3.npy,2026-09-23,2026-09-23 08:24:11.366165,7C0D65,DA42,DIAMOND AIRCRAFT INDUSTRIES INC.,DA 42,1175ab0d212d382a888f256fbd3b0c7e186f4a8abcd8be73f9e78fbf0eb52715,True,4
40658,3655,230926_ML_3.npy,2026-09-23,2026-09-23 08:24:12.815059,7C0D65,DA42,DIAMOND AIRCRAFT INDUSTRIES INC.,DA 42,1fbedbedcb71a1e370af9381b02994381d322991dc132d480db0a737845a1705,True,5
40659,3656,230926_ML_3.npy,2026-09-23,2026-09-23 08:24:14.568577,7C0D65,DA42,DIAMOND AIRCRAFT INDUSTRIES INC.,DA 42,4412312a6a06b19fb63d03623abf3396225643de383d2cd9382941522b4d6a34,True,1
40663,3660,230926_ML_3.npy,2026-09-23,2026-09-23 08:24:26.029281,7C0D65,DA42,DIAMOND AIRCRAFT INDUSTRIES INC.,DA 42,848ad50d857de03527bc28d9ae17c5381e4c473b907a1646953dbf818824ba49,True,4
40673,3670,230926_ML_3.npy,2026-09-23,2026-09-23 08:25:21.645083,7C7B61,DA40,DIAMOND AIRCRAFT INDUSTRIES INC.,DA 40,d442dcfd893a6c7b29c22fdd3087c5bf112d5b7fbaefa2ccb5ea191f8397af56,True,4
40678,3675,230926_ML_3.npy,2026-09-23,2026-09-23 08:25:30.614415,7C7B61,DA40,DIAMOND AIRCRAFT INDUSTRIES INC.,DA 40,3473dc10e113b937a026f5550b001b0e7c28e6f3cdcd820bf523ad6328821f22,True,4
40687,3684,230926_ML_3.npy,2026-09-23,2026-09-23 08:25:41.530155,7C7B61,DA40,DIAMOND AIRCRAFT INDUSTRIES INC.,DA 40,b5ca80515a27b69e51a7aa2e17b5f71241df443bd73e64da5bc101c86872fe11,True,5
40696,3693,230926_ML_3.npy,2026-09-23,2026-09-23 08:26:11.156391,7C0D65,DA42,DIAMOND AIRCRAFT INDUSTRIES INC.,DA 42,bf29c4e65daf4e7f8cee1443bfb0bee887440b9762c8ee4f668ea1ef1ff9f87a,True,3
40697,3694,230926_ML_3.npy,2026-09-23,2026-09-23 08:26:12.174568,7C0D65,DA42,DIAMOND AIRCRAFT INDUSTRIES INC.,DA 42,d3a566dc81ec94595da6307839d7cf57ddebd9958e45ed2ea554629a12429e4b,True,3
40700,3697,230926_ML_3.npy,2026-09-23,2026-09-23 08:27:02.765311,7C0D65,DA42,DIAMOND AIRCRAFT INDUSTRIES INC.,DA 42,6cbe5135f36b61942b47fcd55f0049194b966df7560f6a396fa7eeaa8b6ab050,True,3
40702,3699,230926_ML_3.npy,2026-09-23,2026-09-23 08:27:02.963115,7C0D65,DA42,DIAMOND AIRCRAFT INDUSTRIES INC.,DA 42,696789bcce4100c5c1c6cb9df0d11acdaa6b0fdebb1c5e5fcfa1f29ec7e88236,True,1
40704,3701,230926_ML_3.npy,2026-09-23,2026-09-23 08:27:11.121744,7C0D65,DA42,DIAMOND AIRCRAFT INDUSTRIES INC.,DA 42,08438e70a285c53a303bec4771417a77dbe2e759fbdb7be287418550bcba4a4a,True,2
40708,3705,230926_ML_3.npy,2026-09-23,2026-09-23 08:27:28.436321,7C0D65,DA42,DIAMOND AIRCRAFT INDUSTRIES INC.,DA 42,cabf14f6b278cb2f114cafc0290b95830cf99bb43515a4c0d0f8244919473d79,True,3
40743,3740,230926_ML_3.npy,2026-09-23,2026-09-23 08:29:11.786718,7C0D65,DA42,DIAMOND AIRCRAFT INDUSTRIES INC.,DA 42,a3313ec537fbd7ca4405441a3e9a9909a76a68ba1a63c9dd94d83eb6df814d9d,True,2
40745,3742,230926_ML_3.npy,2026-09-23,2026-09-23 08:29:14.260875,7C0D65,DA42,DIAMOND AIRCRAFT INDUSTRIES INC.,DA 42,e34a99a059b853243a22e333e49f99fc34134146b6351315d60ab02219f4eaeb,True,3
40747,3744,230926_ML_3.npy,2026-09-23,2026-09-23 08:29:18.436262,7C0D65,DA42,DIAMOND AIRCRAFT INDUSTRIES INC.,DA 42,4d9b0a9e80faf6c9373081e33d0130e9f738f6506b7586f4783ed0f2e110c643,True,4
40752,3749,230926_ML_3.npy,2026-09-23,2026-09-23 08:29:26.267046,7C0D65,DA42,DIAMOND AIRCRAFT INDUSTRIES INC.,DA 42,687bac9825d242db290da6fd9b7a2571f94ef7372c8896b2ba333af39aaff1db,True,3
40754,3751,230926_ML_3.npy,2026-09-23,2026-09-23 08:29:28.292565,7C0D65,DA42,DIAMOND AIRCRAFT INDUSTRIES INC.,DA 42,525f41c3aa4c292260129f2791dcfbaa1e1bce202d5b0ff95f8bdca12932c2c2,True,1
40755,3752,230926_ML_3.npy,2026-09-23,2026-09-23 08:29:28.297234,7C0D65,DA42,DIAMOND AIRCRAFT INDUSTRIES INC.,DA 42,4f112e8e75c008e068d5a32f5e905e2bdc1ebe40d7ea3bc3d4b54e0c73a58d80,True,3
40756,3753,230926_ML_3.npy,2026-09-23,2026-09-23 08:29:28.799758,7C0D65,DA42,DIAMOND AIRCRAFT INDUSTRIES INC.,DA 42,1e46f602733c772a83dba4cd3a5640906109ac0faab99d5abaa8816d79e88264,True,2
40758,3755,230926_ML_3.npy,2026-09-23,2026-09-23 08:29:30.703134,7C0D65,DA42,DIAMOND AIRCRAFT INDUSTRIES INC.,DA 42,9174647528f0665200566510ceb0b9b2146f7b74a281cec6e3d6f5b3fd70b629,True,4
40759,3756,230926_ML_3.npy,2026-09-23,2026-09-23 08:29:31.567119,7C0D65,DA42,DIAMOND AIRCRAFT INDUSTRIES INC.,DA 42,1cbaafa6873fadadfca52e542686b469083f1eee005078dda9d0f33f787b92b9,True,5
40764,3761,230926_ML_3.npy,2026-09-23,2026-09-23 08:29:37.656035,7C0D65,DA42,DIAMOND AIRCRAFT INDUSTRIES INC.,DA 42,38acbfec4a1e0d97e7c78d8dd8351f3a4f615fa8e97eacbcc97e64e048ffe565,True,4
40765,3762,230926_ML_3.npy,2026-09-23,2026-09-23 08:29:38.674409,7C0D65,DA42,DIAMOND AIRCRAFT INDUSTRIES INC.,DA 42,1a77736c890d67feea50be7f6bb684c7a6b6535aa3762eac34bc6cc394801be8,True,4
40769,3766,230926_ML_3.npy,2026-09-23,2026-09-23 08:29:42.446061,7C0D65,DA42,DIAMOND AIRCRAFT INDUSTRIES INC.,DA 42,f97a2631400b2cb2d2681b3f48de41f2f908ee78e97d3fc872b6b3b996fc2aa6,True,4
40772,3769,230926_ML_3.npy,2026-09-23,2026-09-23 08:29:47.596040,7C0D65,DA42,DIAMOND AIRCRAFT INDUSTRIES INC.,DA 42,111e9b8fa64f21d86d47fdb2bdb5a7ce1518503a9e6c00186bab1bd64c770f5f,True,5
40773,3770,230926_ML_3.npy,2026-09-23,2026-09-23 08:29:47.602819,7C0D65,DA42,DIAMOND AIRCRAFT INDUSTRIES INC.,DA 42,31195085e97ebed263f5eb2e0cb8829ad8e4b5e9a0a581d2993e05d0fcaf0fb7,True,3
40776,3773,230926_ML_3.npy,2026-09-23,2026-09-23 08:29:49.015552,7C0D65,DA42,DIAMOND AIRCRAFT INDUSTRIES INC.,DA 42,2a0d36b749567de00046fcf3d16517d214d8b3a83ee593c8a35bf4c6b577c8db,True,5
40777,3774,230926_ML_3.npy,2026-09-23,2026-09-23 08:29:50.443680,7C0D65,DA42,DIAMOND AIRCRAFT INDUSTRIES INC.,DA 42,f63b44c6beeab8a7b279adacfdee415ee3ab4addc784f837a6432ec1e219f007,True,2
40778,3775,230926_ML_3.npy,2026-09-23,2026-09-23 08:29:50.451051,7C0D65,DA42,DIAMOND AIRCRAFT INDUSTRIES INC.,DA 42,31195085e97ebed263f5eb2e0cb8829ad8e4b5e9a0a581d2993e05d0fcaf0fb7,True,1
40781,3778,230926_ML_3.npy,2026-09-23,2026-09-23 08:32:12.326033,7C0D65,DA42,DIAMOND AIRCRAFT INDUSTRIES INC.,DA 42,1fbedbedcb71a1e370af9381b02994381d322991dc132d480db0a737845a1705,True,3
40787,3784,230926_ML_3.npy,2026-09-23,2026-09-23 08:32:55.726056,7C0D65,DA42,DIAMOND AIRCRAFT INDUSTRIES INC.,DA 42,0b81547e450beb7df5ae5df9f0e40fd682aee96e453f1db5c424ed41a814bbe8,True,1
40789,3786,230926_ML_3.npy,2026-09-23,2026-09-23 08:33:07.251486,7C0D65,DA42,DIAMOND AIRCRAFT INDUSTRIES INC.,DA 42,1fbedbedcb71a1e370af9381b02994381d322991dc132d480db0a737845a1705,True,4
40790,3787,230926_ML_3.npy,2026-09-23,2026-09-23 08:33:08.517906,7C0D65,DA42,DIAMOND AIRCRAFT INDUSTRIES INC.,DA 42,0a50f771f03a3e4f639eb36d112eded8056f1a732799e4cd99b1d1eb8b074ace,True,4
40792,3789,230926_ML_3.npy,2026-09-23,2026-09-23 08:33:09.747885,7C0D65,DA42,DIAMOND AIRCRAFT INDUSTRIES INC.,DA 42,1fbedbedcb71a1e370af9381b02994381d322991dc132d480db0a737845a1705,True,5
40794,3791,230926_ML_3.npy,2026-09-23,2026-09-23 08:33:13.906329,7C0D65,DA42,DIAMOND AIRCRAFT INDUSTRIES INC.,DA 42,6cbe5135f36b61942b47fcd55f0049194b966df7560f6a396fa7eeaa8b6ab050,True,1
40797,3794,230926_ML_3.npy,2026-09-23,2026-09-23 08:34:42.436970,7C0D65,DA42,DIAMOND AIRCRAFT INDUSTRIES INC.,DA 42,4fabfeda1ac9f185b3ce308f1f06ccceeb4cb5965a3c1057f7cb44753dee4e6c,True,2
40798,3795,230926_ML_3.npy,2026-09-23,2026-09-23 08:34:42.441711,7C0D65,DA42,DIAMOND AIRCRAFT INDUSTRIES INC.,DA 42,2e4f50fb056da275d8379347f8e6def5f03a10fbb7f333389b771506e91f935c,True,1
40799,3796,230926_ML_3.npy,2026-09-23,2026-09-23 08:34:42.905934,7C0D65,DA42,DIAMOND AIRCRAFT INDUSTRIES INC.,DA 42,ac8be39d876adf675cc9c92b52432101a25881351c70551ca65b6b5ff646ad2b,True,5
40805,3802,230926_ML_3.npy,2026-09-23,2026-09-23 08:34:51.716944,7C0D65,DA42,DIAMOND AIRCRAFT INDUSTRIES INC.,DA 42,cd0ee40fbbfde95494f8475344ce5e733487b28fca47d8fe36967cc16b3dc4f1,True,3
40806,3803,230926_ML_3.npy,2026-09-23,2026-09-23 08:34:54.346618,7C0D65,DA42,DIAMOND AIRCRAFT INDUSTRIES INC.,DA 42,1fbedbedcb71a1e370af9381b02994381d322991dc132d480db0a737845a1705,True,2
40807,3804,230926_ML_3.npy,2026-09-23,2026-09-23 08:34:55.049468,7C0D65,DA42,DIAMOND AIRCRAFT INDUSTRIES INC.,DA 42,723281c821d1947ef9126ddda7d22600d68458d8d2d877d3dd7631531999489f,True,3
40808,3805,230926_ML_3.npy,2026-09-23,2026-09-23 08:34:55.055938,7C0D65,DA42,DIAMOND AIRCRAFT INDUSTRIES INC.,DA 42,63d431c5efac5834fdd7d92c255f562f068b5e352a177866cefc29d34a4b43d1,True,1
40811,3808,230926_ML_3.npy,2026-09-23,2026-09-23 08:34:57.553664,7C0D65,DA42,DIAMOND AIRCRAFT INDUSTRIES INC.,DA 42,092af1fc157e235f29f4431535688dd5570d026221cabc476c574d3eb3c71d28,True,2
40812,3809,230926_ML_3.npy,2026-09-23,2026-09-23 08:34:58.614570,7C0D65,DA42,DIAMOND AIRCRAFT INDUSTRIES INC.,DA 42,433e7d016e43a29c61cdfdc05002e2975cd1f5ee89d83e3e0655b6f92c60abf4,True,3
40814,3811,230926_ML_3.npy,2026-09-23,2026-09-23 08:34:59.373137,7C0D65,DA42,DIAMOND AIRCRAFT INDUSTRIES INC.,DA 42,1fbedbedcb71a1e370af9381b02994381d322991dc132d480db0a737845a1705,True,1
40815,3812,230926_ML_3.npy,2026-09-23,2026-09-23 08:34:59.665657,7C0D65,DA42,DIAMOND AIRCRAFT INDUSTRIES INC.,DA 42,1668b9cd0abdbc504abcdffa2d78be54a7b69b0ec0b8b8d69c77e7fdccb91c69,True,3
40816,3813,230926_ML_3.npy,2026-09-23,2026-09-23 08:34:59.671626,7C0D65,DA42,DIAMOND AIRCRAFT INDUSTRIES INC.,DA 42,e26d0ed36955cee48cfc919da3b898e5871991e71840fe241373e6d748151e96,True,2
40817,3814,230926_ML_3.npy,2026-09-23,2026-09-23 08:35:03.447129,7C0D65,DA42,DIAMOND AIRCRAFT INDUSTRIES INC.,DA 42,433e7d016e43a29c61cdfdc05002e2975cd1f5ee89d83e3e0655b6f92c60abf4,True,5
40818,3815,230926_ML_3.npy,2026-09-23,2026-09-23 08:35:04.067587,7C0D65,DA42,DIAMOND AIRCRAFT INDUSTRIES INC.,DA 42,29782d4852c1efcb58b37a9c77c4d39422d659110f0001d48abab4c44dd33c8e,True,4
40820,3817,230926_ML_3.npy,2026-09-23,2026-09-23 08:35:06.749239,7C0D65,DA42,DIAMOND AIRCRAFT INDUSTRIES INC.,DA 42,1fbedbedcb71a1e370af9381b02994381d322991dc132d480db0a737845a1705,True,4
40822,3819,230926_ML_3.npy,2026-09-23,2026-09-23 08:35:08.370613,7C0D65,DA42,DIAMOND AIRCRAFT INDUSTRIES INC.,DA 42,25cdad1fe6b8b4eebc13842ae20ab94684fae3188cc944ba9aabb3608caca40a,True,2
40824,3821,230926_ML_3.npy,2026-09-23,2026-09-23 08:35:11.474222,7C0D65,DA42,DIAMOND AIRCRAFT INDUSTRIES INC.,DA 42,538ed5f9c127687b29c55ce14745080395e6682903e4ee9fa4efb4b4089ec1c0,True,5
40827,3824,230926_ML_3.npy,2026-09-23,2026-09-23 08:35:13.510963,7C0D65,DA42,DIAMOND AIRCRAFT INDUSTRIES INC.,DA 42,35259ebbee94b048cbf444581ad41488bb107889b317377908f7d4553cf72e1f,True,3
40828,3825,230926_ML_3.npy,2026-09-23,2026-09-23 08:35:14.653071,7C0D65,DA42,DIAMOND AIRCRAFT INDUSTRIES INC.,DA 42,04b686c1dec303818333a823dea86669591a2b34efd8efd724eb57585ffe13ec,True,3
40832,3829,230926_ML_3.npy,2026-09-23,2026-09-23 08:35:41.653926,7C0D65,DA42,DIAMOND AIRCRAFT INDUSTRIES INC.,DA 42,6cbe5135f36b61942b47fcd55f0049194b966df7560f6a396fa7eeaa8b6ab050,True,1
40837,3834,230926_ML_3.npy,2026-09-23,2026-09-23 08:36:38.935994,7C0D65,DA42,DIAMOND AIRCRAFT INDUSTRIES INC.,DA 42,e662ccbfa065fb703a289efec682cfd5f5039dc0fa997ff873f922e6b6b2556e,True,4
40838,3835,230926_ML_3.npy,2026-09-23,2026-09-23 08:37:11.676695,7C0D65,DA42,DIAMOND AIRCRAFT INDUSTRIES INC.,DA 42,1fbedbedcb71a1e370af9381b02994381d322991dc132d480db0a737845a1705,True,1
40840,3837,230926_ML_3.npy,2026-09-23,2026-09-23 08:37:13.968304,7C0D65,DA42,DIAMOND AIRCRAFT INDUSTRIES INC.,DA 42,0b3325f162ef6398434ec6daeda42dbbff76f735db522bd5b0d5fdfe679d7d99,True,5
40841,3838,230926_ML_3.npy,2026-09-23,2026-09-23 08:37:33.377431,7C0D65,DA42,DIAMOND AIRCRAFT INDUSTRIES INC.,DA 42,bd9bba0ac9a1c0b3f0efc0c99b6e9d35bdf66deb33a8e18e774adbad67e89cf3,True,3
40842,3839,230926_ML_3.npy,2026-09-23,2026-09-23 08:37:34.246424,7C0D65,DA42,DIAMOND AIRCRAFT INDUSTRIES INC.,DA 42,1fbedbedcb71a1e370af9381b02994381d322991dc132d480db0a737845a1705,True,4
40843,3840,230926_ML_3.npy,2026-09-23,2026-09-23 08:37:36.786072,7C0D65,DA42,DIAMOND AIRCRAFT INDUSTRIES INC.,DA 42,1fbedbedcb71a1e370af9381b02994381d322991dc132d480db0a737845a1705,True,3
40845,3842,230926_ML_3.npy,2026-09-23,2026-09-23 08:37:48.697639,7C0D65,DA42,DIAMOND AIRCRAFT INDUSTRIES INC.,DA 42,14d7794011c04d467099c0b4216594b257a24bf20d990385a5e70300e59306d0,True,3
40846,3843,230926_ML_3.npy,2026-09-23,2026-09-23 08:37:49.478569,7C0D65,DA42,DIAMOND AIRCRAFT INDUSTRIES INC.,DA 42,6cbe5135f36b61942b47fcd55f0049194b966df7560f6a396fa7eeaa8b6ab050,True,3
40847,3844,230926_ML_3.npy,2026-09-23,2026-09-23 08:37:49.935544,7C0D65,DA42,DIAMOND AIRCRAFT INDUSTRIES INC.,DA 42,04b686c1dec303818333a823dea86669591a2b34efd8efd724eb57585ffe13ec,True,4
40848,3845,230926_ML_3.npy,2026-09-23,2026-09-23 08:37:50.787685,7C0D65,DA42,DIAMOND AIRCRAFT INDUSTRIES INC.,DA 42,24cb0da93b38a7f2eacbea0e4779cdf2cea8f1074335a53293923ff1dacb0a53,True,4
40849,3846,230926_ML_3.npy,2026-09-23,2026-09-23 08:37:56.931622,7C0D65,DA42,DIAMOND AIRCRAFT INDUSTRIES INC.,DA 42,9bf1acc7052b0d82b15b11951ca76fd160512ce3e6c59c2a9a1952466265edad,True,2
40850,3847,230926_ML_3.npy,2026-09-23,2026-09-23 08:37:56.937999,7C0D65,DA42,DIAMOND AIRCRAFT INDUSTRIES INC.,DA 42,28c2b3fae583c7e3d80e639a1b2ec38eb5ef85f82b0f70bdd29843f543fc8a93,True,4
40853,3850,230926_ML_3.npy,2026-09-23,2026-09-23 08:39:29.987279,7C0D65,DA42,DIAMOND AIRCRAFT INDUSTRIES INC.,DA 42,fcb9cdff887a1df680ef5ea55b28b4365a4cab016eff3ed0f96873c4c75b8d6d,True,5
40857,3854,230926_ML_3.npy,2026-09-23,2026-09-23 08:39:45.833089,7C0D65,DA42,DIAMOND AIRCRAFT INDUSTRIES INC.,DA 42,9c4a9595ea5b8d50947a94baa8425e4e6daa4b6c782e5a349d37b91a18e721e8,True,1
40859,3856,230926_ML_3.npy,2026-09-23,2026-09-23 08:39:47.793507,7C0D65,DA42,DIAMOND AIRCRAFT INDUSTRIES INC.,DA 42,daca4e850f4803aa7008d0696a763e05bd0167abb3c41cdc1b4e2563351ea0e0,True,2
40860,3857,230926_ML_3.npy,2026-09-23,2026-09-23 08:39:48.320755,7C0D65,DA42,DIAMOND AIRCRAFT INDUSTRIES INC.,DA 42,dc8d9173024ba36948b35418efa827d01d785cab78f9799a4f1ed1b1a44ff56b,True,1
40865,3862,230926_ML_3.npy,2026-09-23,2026-09-23 08:39:55.673282,7C0D65,DA42,DIAMOND AIRCRAFT INDUSTRIES INC.,DA 42,dab383c76613ebe86101ced26bfdf5318f786a84fd9e24565fbe6790f4a4a541,True,2
40866,3863,230926_ML_3.npy,2026-09-23,2026-09-23 08:39:56.550797,7C0D65,DA42,DIAMOND AIRCRAFT INDUSTRIES INC.,DA 42,32f4f413ac49f43a7a68381bf3cd025fcf67f45d8cebf6d5e6b1c74f07098f5b,True,2
40868,3865,230926_ML_3.npy,2026-09-23,2026-09-23 08:39:59.562275,7C0D65,DA42,DIAMOND AIRCRAFT INDUSTRIES INC.,DA 42,0d1fe32de782e0260f62cbca70af9ac21097c05d6091ab0a3afaf79d61b360df,True,2
40870,3867,230926_ML_3.npy,2026-09-23,2026-09-23 08:41:46.620578,7C0D65,DA42,DIAMOND AIRCRAFT INDUSTRIES INC.,DA 42,36039d7ac37f8849f5f84919a7504cf15b26fe457a8a71886341cfe14fb68211,True,2
40871,3868,230926_ML_3.npy,2026-09-23,2026-09-23 08:42:22.415646,7C0D65,DA42,DIAMOND AIRCRAFT INDUSTRIES INC.,DA 42,433e7d016e43a29c61cdfdc05002e2975cd1f5ee89d83e3e0655b6f92c60abf4,True,1
40872,3869,230926_ML_3.npy,2026-09-23,2026-09-23 08:42:54.887703,7C0D65,DA42,DIAMOND AIRCRAFT INDUSTRIES INC.,DA 42,6cbe5135f36b61942b47fcd55f0049194b966df7560f6a396fa7eeaa8b6ab050,True,2
40876,3873,230926_ML_3.npy,2026-09-23,2026-09-23 08:43:02.336561,7C0D65,DA42,DIAMOND AIRCRAFT INDUSTRIES INC.,DA 42,3cac1b71fb47fd1638a278f0b3c48b61384a4287d0b286b78a3dbc6f070409fb,True,5
40878,3875,230926_ML_3.npy,2026-09-23,2026-09-23 08:43:06.939966,7C0D65,DA42,DIAMOND AIRCRAFT INDUSTRIES INC.,DA 42,9b2022c028b833ed493f4cad5cdb30914240beb92c22568506dc8929ba32a2c4,True,2
40884,3881,230926_ML_3.npy,2026-09-23,2026-09-23 08:44:34.526284,7C0D65,DA42,DIAMOND AIRCRAFT INDUSTRIES INC.,DA 42,3496d4996c5401091510e4841a8257561f5d677d947c7c949035251bdc9672c5,True,3
40885,3882,230926_ML_3.npy,2026-09-23,2026-09-23 08:44:34.647626,7C0D65,DA42,DIAMOND AIRCRAFT INDUSTRIES INC.,DA 42,6cbe5135f36b61942b47fcd55f0049194b966df7560f6a396fa7eeaa8b6ab050,True,1
40888,3885,230926_ML_3.npy,2026-09-23,2026-09-23 08:44:37.446160,7C0D65,DA42,DIAMOND AIRCRAFT INDUSTRIES INC.,DA 42,1fbedbedcb71a1e370af9381b02994381d322991dc132d480db0a737845a1705,True,2
40890,3887,230926_ML_3.npy,2026-09-23,2026-09-23 08:44:38.981379,7C0D65,DA42,DIAMOND AIRCRAFT INDUSTRIES INC.,DA 42,4944b93ad8cacc218112e0810e3df3410d9c8a89e071fafaf29efaf41afb5717,True,5
40891,3888,230926_ML_3.npy,2026-09-23,2026-09-23 08:44:38.984732,7C0D65,DA42,DIAMOND AIRCRAFT INDUSTRIES INC.,DA 42,d7c161f658b8595fde24a519681fe549d7d6e73bd675bcbc6f96d6e35ef96e8c,True,1
40892,3889,230926_ML_3.npy,2026-09-23,2026-09-23 08:44:39.884077,7C0D65,DA42,DIAMOND AIRCRAFT INDUSTRIES INC.,DA 42,1fbedbedcb71a1e370af9381b02994381d322991dc132d480db0a737845a1705,True,2
40894,3891,230926_ML_3.npy,2026-09-23,2026-09-23 08:44:40.028836,7C0D65,DA42,DIAMOND AIRCRAFT INDUSTRIES INC.,DA 42,ee15494ee030526944022a1952a5d4de116d88045d5ba0f54776dfde78ea984b,True,4
40895,3892,230926_ML_3.npy,2026-09-23,2026-09-23 08:44:41.035891,7C0D65,DA42,DIAMOND AIRCRAFT INDUSTRIES INC.,DA 42,f916445a1c3c5d2d01dc27504ea9c749e1e4ea74c826937935f1725c18b384d4,True,4
40897,3894,230926_ML_3.npy,2026-09-23,2026-09-23 08:44:45.938984,7C0D65,DA42,DIAMOND AIRCRAFT INDUSTRIES INC.,DA 42,f769328e164b2dcefc0fde4eff51f207fc6247bcf0811510ae5d70d3a24566e7,True,5
40898,3895,230926_ML_3.npy,2026-09-23,2026-09-23 08:44:49.273949,7C0D65,DA42,DIAMOND AIRCRAFT INDUSTRIES INC.,DA 42,ecec578be3a82f7b3c7fd574980ac649670481e0c68ae7e8e4a05d8d476977cc,True,5
40900,3897,230926_ML_3.npy,2026-09-23,2026-09-23 08:44:51.201381,7C0D65,DA42,DIAMOND AIRCRAFT INDUSTRIES INC.,DA 42,928a49d6cbb0ec0915198e9d4f98d2371c39a9b5764f3e8886ef25d51db814a4,True,4
40902,3899,230926_ML_3.npy,2026-09-23,2026-09-23 08:44:51.775537,7C0D65,DA42,DIAMOND AIRCRAFT INDUSTRIES INC.,DA 42,8fcb8c91bf8937fec50147094385ca155bb2d87f377f47bad9c2960380d98d03,True,4
40903,3900,230926_ML_3.npy,2026-09-23,2026-09-23 08:44:51.779118,7C0D65,DA42,DIAMOND AIRCRAFT INDUSTRIES INC.,DA 42,ed6c3cde940de5fa7c929fe61059f4734f499f4b89cb5838b659e149f8a58ce7,True,3
40906,3903,230926_ML_3.npy,2026-09-23,2026-09-23 08:45:00.772239,7C0D65,DA42,DIAMOND AIRCRAFT INDUSTRIES INC.,DA 42,74f62af30c2955a4d86181114146097a7a24818b22ac343dcd9e87ae64dc67d4,True,3
40907,3904,230926_ML_3.npy,2026-09-23,2026-09-23 08:45:00.775887,7C0D65,DA42,DIAMOND AIRCRAFT INDUSTRIES INC.,DA 42,6e9f4a9e46a177bd4d22170caf87804a371be879053e76a79455e4060b1bcb03,True,1
40908,3905,230926_ML_3.npy,2026-09-23,2026-09-23 08:45:01.250482,7C0D65,DA42,DIAMOND AIRCRAFT INDUSTRIES INC.,DA 42,00614df4111eb94904e73be81d612908b8b842197a546dbda64f2007b2b8eb0a,True,3
40910,3907,230926_ML_3.npy,2026-09-23,2026-09-23 08:45:01.266184,7C0D65,DA42,DIAMOND AIRCRAFT INDUSTRIES INC.,DA 42,1fbedbedcb71a1e370af9381b02994381d322991dc132d480db0a737845a1705,True,1
40911,3908,230926_ML_3.npy,2026-09-23,2026-09-23 08:45:30.026914,7C444D,P28A,PIPER AIRCRAFT CORP,PA-28-181,184d2d87269a455a1e0c16275f5cca10be250ee8dbf571a1eb9f4d0430ccf8ec,True,1
40912,3909,230926_ML_3.npy,2026-09-23,2026-09-23 08:45:38.973420,7C444D,P28A,PIPER AIRCRAFT CORP,PA-28-181,113c36c41c50a8c3e71cc74a834f613474af7264fbd70032f0a84fd5a9a9d23b,True,5
40913,3910,230926_ML_3.npy,2026-09-23,2026-09-23 08:45:40.002836,7C444D,P28A,PIPER AIRCRAFT CORP,PA-28-181,58774b5032e1c7e11483b2ff4b5b6ad050d8bbb2ed647edd75660fb40f03d366,True,5
40914,3911,230926_ML_3.npy,2026-09-23,2026-09-23 08:45:40.584901,7C444D,P28A,PIPER AIRCRAFT CORP,PA-28-181,6ea203e44ff06457307a17989d8953395e1cec4cf875f9c7cdd042409c372327,True,1
40915,3912,230926_ML_3.npy,2026-09-23,2026-09-23 08:45:42.552088,7C444D,P28A,PIPER AIRCRAFT CORP,PA-28-181,098edfc9f4ec903fecb839aae0da893dcdc97da4e03de4458dbb4d68d51d6851,True,1
40916,3913,230926_ML_3.npy,2026-09-23,2026-09-23 08:46:08.059220,7C444D,P28A,PIPER AIRCRAFT CORP,PA-28-181,add64fb77155b5053d2e77e32669ac15e3a86ae57ce1068cfc11b4e8515072c1,True,2
40917,3914,230926_ML_3.npy,2026-09-23,2026-09-23 08:46:10.662433,7C444D,P28A,PIPER AIRCRAFT CORP,PA-28-181,2d0ba21452792df135cc3b260f5a4ada5cb0dc9185259321f9311c368f7ae5c0,True,4
40918,3915,230926_ML_3.npy,2026-09-23,2026-09-23 08:46:14.037129,7C444D,P28A,PIPER AIRCRAFT CORP,PA-28-181,dcc629e06af90c7fd8750b608bc2b7eac63e73a23f92a0a0b1ad5b367874fcc0,True,3
40920,3917,230926_ML_3.npy,2026-09-23,2026-09-23 08:46:17.954721,7C444D,P28A,PIPER AIRCRAFT CORP,PA-28-181,d828d836d1926cb43fc38bbda01f6c87e98ec10a1f8d2aed2f516bb3846e62b6,True,2
40921,3918,230926_ML_3.npy,2026-09-23,2026-09-23 08:46:19.178498,7C444D,P28A,PIPER AIRCRAFT CORP,PA-28-181,0a712d93c3b436632b6313eca8379ae14858b33e3b9968582f2fdcbbff01ea49,True,1
40922,3919,230926_ML_3.npy,2026-09-23,2026-09-23 08:46:19.560462,7C444D,P28A,PIPER AIRCRAFT CORP,PA-28-181,bdbea92283397c39fbb177d0e95a1912f7416a11383c2ccf93c282201996d94c,True,1
40923,3920,230926_ML_3.npy,2026-09-23,2026-09-23 08:46:20.156161,7C444D,P28A,PIPER AIRCRAFT CORP,PA-28-181,5f6e204eb3a5c119b12b9bdf555dc8fdaa93ef756f39629c772b1eb9ddea374f,True,2
40924,3921,230926_ML_3.npy,2026-09-23,2026-09-23 08:46:21.105897,7C444D,P28A,PIPER AIRCRAFT CORP,PA-28-181,69dd3308b5a1e7d155d3eeb2a874a1fc91abeddcee392a690f81ff68399be9ca,True,2
40926,3923,230926_ML_3.npy,2026-09-23,2026-09-23 08:46:22.649321,7C444D,P28A,PIPER AIRCRAFT CORP,PA-28-181,9f167502c7adfadbafb75234b894b2ea07b2c342c0bf1c380f5b6c1cd34485a8,True,1
40927,3924,230926_ML_3.npy,2026-09-23,2026-09-23 08:46:24.673485,7C444D,P28A,PIPER AIRCRAFT CORP,PA-28-181,bdbea92283397c39fbb177d0e95a1912f7416a11383c2ccf93c282201996d94c,True,3
40928,3925,230926_ML_3.npy,2026-09-23,2026-09-23 08:46:25.767135,7C444D,P28A,PIPER AIRCRAFT CORP,PA-28-181,6a280ded56ef60b1575a5df0c006abd39163603c472c5756d12b1b8484ee3722,True,1
40929,3926,230926_ML_3.npy,2026-09-23,2026-09-23 08:46:25.776648,7C444D,P28A,PIPER AIRCRAFT CORP,PA-28-181,558e0db1aa04c9549c6809d47cf82a6549ecd7cbe3e15f75d99840d1fb23ff86,True,4
40930,3927,230926_ML_3.npy,2026-09-23,2026-09-23 08:46:28.204032,7C444D,P28A,PIPER AIRCRAFT CORP,PA-28-181,b564ca6d506cbc207f451c31171cbffaf93e646a921616e12eec2313d97fad97,True,4
40931,3928,230926_ML_3.npy,2026-09-23,2026-09-23 08:46:29.787931,7C444D,P28A,PIPER AIRCRAFT CORP,PA-28-181,bdbea92283397c39fbb177d0e95a1912f7416a11383c2ccf93c282201996d94c,True,4
40932,3929,230926_ML_3.npy,2026-09-23,2026-09-23 08:46:29.805871,7C444D,P28A,PIPER AIRCRAFT CORP,PA-28-181,0ee1e0eb5809309deb155a29b19e7d6b30c5c83e7f18e856d4ae6c69f4be17e3,True,2
40933,3930,230926_ML_3.npy,2026-09-23,2026-09-23 08:46:29.900058,7C444D,P28A,PIPER AIRCRAFT CORP,PA-28-181,0e6ee9051eea1bb3e8efa295e41c732ea8a990d78d05773dd36c79e289788465,True,2
40934,3931,230926_ML_3.npy,2026-09-23,2026-09-23 08:46:30.395978,7C444D,P28A,PIPER AIRCRAFT CORP,PA-28-181,d8ca3e90afb3bc1d4dca52ed572384b0662a75fc6da6c43081f935eb45116e9f,True,4
40941,3938,230926_ML_3.npy,2026-09-23,2026-09-23 08:46:33.761570,7C444D,P28A,PIPER AIRCRAFT CORP,PA-28-181,f8c4b43845ceda3f0627a9f7247725ec247a273c105081c522ed8bdfdee7e0fb,True,3
40942,3939,230926_ML_3.npy,2026-09-23,2026-09-23 08:46:34.781938,7C444D,P28A,PIPER AIRCRAFT CORP,PA-28-181,bdbea92283397c39fbb177d0e95a1912f7416a11383c2ccf93c282201996d94c,True,5
40945,3942,230926_ML_3.npy,2026-09-23,2026-09-23 08:46:37.652045,7C444D,P28A,PIPER AIRCRAFT CORP,PA-28-181,4b26f3d1a3e8ff2b4537af404c1fd93e52e3b479daa14e743ad3d46edee32f41,True,4
40946,3943,230926_ML_3.npy,2026-09-23,2026-09-23 08:46:37.804379,7C444D,P28A,PIPER AIRCRAFT CORP,PA-28-181,d8ca3e90afb3bc1d4dca52ed572384b0662a75fc6da6c43081f935eb45116e9f,True,3
40949,3946,230926_ML_3.npy,2026-09-23,2026-09-23 08:46:38.118724,7C444D,P28A,PIPER AIRCRAFT CORP,PA-28-181,4b26f3d1a3e8ff2b4537af404c1fd93e52e3b479daa14e743ad3d46edee32f41,True,2
40952,3949,230926_ML_3.npy,2026-09-23,2026-09-23 08:46:39.566103,7C444D,P28A,PIPER AIRCRAFT CORP,PA-28-181,2cb20b15e554e0ee44c23043c37693db9238ab85dfd1bb89d2d2eba2852ec907,True,4
40954,3951,230926_ML_3.npy,2026-09-23,2026-09-23 08:46:42.247612,7C444D,P28A,PIPER AIRCRAFT CORP,PA-28-181,4cfe25e77ea7178c72c4201e2455511c9ac264405bd0e2b16f6afcf8a4f20085,True,3
40955,3952,230926_ML_3.npy,2026-09-23,2026-09-23 08:46:42.415483,7C444D,P28A,PIPER AIRCRAFT CORP,PA-28-181,291721d4f71ad602a11b1dfb0e18f70392d775285d2d475f447dfc90eff94a66,True,1
40956,3953,230926_ML_3.npy,2026-09-23,2026-09-23 08:46:42.807079,7C444D,P28A,PIPER AIRCRAFT CORP,PA-28-181,d8ca3e90afb3bc1d4dca52ed572384b0662a75fc6da6c43081f935eb45116e9f,True,1
40958,3955,230926_ML_3.npy,2026-09-23,2026-09-23 08:46:45.145026,7C444D,P28A,PIPER AIRCRAFT CORP,PA-28-181,23fc315ed9282554faf58d15b44b7ab78a535588022dbb6fd086a0506ab21ee6,True,5
40959,3956,230926_ML_3.npy,2026-09-23,2026-09-23 08:46:45.904177,7C0D65,DA42,DIAMOND AIRCRAFT INDUSTRIES INC.,DA 42,5ddcfcf501d3c35924ef8fad5d443d05db99b22b5bacf8edf31c71fc6e304dc0,True,2
40960,3957,230926_ML_3.npy,2026-09-23,2026-09-23 08:46:47.846400,7C444D,P28A,PIPER AIRCRAFT CORP,PA-28-181,d8ca3e90afb3bc1d4dca52ed572384b0662a75fc6da6c43081f935eb45116e9f,True,1
40962,3959,230926_ML_3.npy,2026-09-23,2026-09-23 08:46:49.195959,7C444D,P28A,PIPER AIRCRAFT CORP,PA-28-181,dda3313645252310f06af4497913e9e4ed55e7eae382f100181b834d2df452a3,True,3
40963,3960,230926_ML_3.npy,2026-09-23,2026-09-23 08:46:49.855813,7C444D,P28A,PIPER AIRCRAFT CORP,PA-28-181,bdbea92283397c39fbb177d0e95a1912f7416a11383c2ccf93c282201996d94c,True,3
40964,3961,230926_ML_3.npy,2026-09-23,2026-09-23 08:46:50.334017,7C444D,P28A,PIPER AIRCRAFT CORP,PA-28-181,d8ca3e90afb3bc1d4dca52ed572384b0662a75fc6da6c43081f935eb45116e9f,True,1
40965,3962,230926_ML_3.npy,2026-09-23,2026-09-23 08:46:52.393040,7C444D,P28A,PIPER AIRCRAFT CORP,PA-28-181,cab9ed9aed5a7714126ae2a2ae7c437aa9b0f523d27f036ae9d2a547d2c947e7,True,5
40967,3964,230926_ML_3.npy,2026-09-23,2026-09-23 08:46:53.351236,7C444D,P28A,PIPER AIRCRAFT CORP,PA-28-181,cab4e271b1c1bf04f1bba4fead7710379d07730cbad76fa2b16feceebeef9039,True,2
40968,3965,230926_ML_3.npy,2026-09-23,2026-09-23 08:46:54.000689,7C444D,P28A,PIPER AIRCRAFT CORP,PA-28-181,e04155cbc0ca3cf8da51c9793d7030e3a59c0e36297bbb392cdbe561fc31f445,True,5
40976,3973,230926_ML_3.npy,2026-09-23,2026-09-23 08:47:42.916550,7C0D65,DA42,DIAMOND AIRCRAFT INDUSTRIES INC.,DA 42,0a75670c6e1fe6825e203d785671f3e4981bf2b6131e71c6c2974ee943b6ab8d,True,5
40977,3974,230926_ML_3.npy,2026-09-23,2026-09-23 08:47:58.174948,7C0D65,DA42,DIAMOND AIRCRAFT INDUSTRIES INC.,DA 42,04b686c1dec303818333a823dea86669591a2b34efd8efd724eb57585ffe13ec,True,2
40978,3975,230926_ML_3.npy,2026-09-23,2026-09-23 08:47:59.111065,7C0D65,DA42,DIAMOND AIRCRAFT INDUSTRIES INC.,DA 42,8d60e64a00b49ee828216bcf480dbad874fa359f59c5a43bafb14dedb9c8caa6,True,5
40979,3976,230926_ML_3.npy,2026-09-23,2026-09-23 08:47:59.114940,7C0D65,DA42,DIAMOND AIRCRAFT INDUSTRIES INC.,DA 42,9d0483a603e952e4b8a1d96ea0067e75beffc2f9f7e74602305db6e7dd683644,True,3
40980,3977,230926_ML_3.npy,2026-09-23,2026-09-23 08:48:00.576916,7C0D65,DA42,DIAMOND AIRCRAFT INDUSTRIES INC.,DA 42,e0247b8ce6f405aa5681300e10558461150758b054bba3a3b31bfffc8843ffbe,True,2
40981,3978,230926_ML_3.npy,2026-09-23,2026-09-23 08:48:01.568228,7C0D65,DA42,DIAMOND AIRCRAFT INDUSTRIES INC.,DA 42,1fbedbedcb71a1e370af9381b02994381d322991dc132d480db0a737845a1705,True,3
40983,3980,230926_ML_3.npy,2026-09-23,2026-09-23 08:48:03.594621,7C0D65,DA42,DIAMOND AIRCRAFT INDUSTRIES INC.,DA 42,32b9658daf711c7c19870452d2ba4b4912ce68f5b3e6abce44b7e6f8530442c8,True,5
40984,3981,230926_ML_3.npy,2026-09-23,2026-09-23 08:48:03.600562,7C0D65,DA42,DIAMOND AIRCRAFT INDUSTRIES INC.,DA 42,0441b85138b769c6a77b9e64ef2d125655449f8c10df8e92eb35b7d8fd930403,True,5
40987,3984,230926_ML_3.npy,2026-09-23,2026-09-23 08:48:13.054832,7C0D65,DA42,DIAMOND AIRCRAFT INDUSTRIES INC.,DA 42,5c4cc3d268b496a90bd720f3165b11063100896313157d10e1cbfe52897ac4d0,True,3
40990,3987,230926_ML_3.npy,2026-09-23,2026-09-23 08:48:15.904626,7C0D65,DA42,DIAMOND AIRCRAFT INDUSTRIES INC.,DA 42,3353ed8d6ca992636d6dbea72f513ce39267508216fafe698339f2c50eb95391,True,1
40992,3989,230926_ML_3.npy,2026-09-23,2026-09-23 08:49:24.619433,7C0D65,DA42,DIAMOND AIRCRAFT INDUSTRIES INC.,DA 42,ae1a69e6a32dc9a8f9c07299dd6c13d1b1051ad222339816a11814d34ce0df26,True,4
40993,3990,230926_ML_3.npy,2026-09-23,2026-09-23 08:49:24.622463,7C0D65,DA42,DIAMOND AIRCRAFT INDUSTRIES INC.,DA 42,77cf3a46e30bfe993f0c4aa1a69b045667c927f5cb4cea2ef98e58638cd295a1,True,5
40998,3995,230926_ML_3.npy,2026-09-23,2026-09-23 08:50:01.186040,7C0D65,DA42,DIAMOND AIRCRAFT INDUSTRIES INC.,DA 42,9fe074328e164eb02dd0f132a37d3c9a71322b024161671416c773402343be6f,True,4
40999,3996,230926_ML_3.npy,2026-09-23,2026-09-23 08:50:03.981072,7C0D65,DA42,DIAMOND AIRCRAFT INDUSTRIES INC.,DA 42,82402c411e4239523ec6862b09c44a013a496a3e8c2ee3522cdb36d9f450ce46,True,4
41000,3997,230926_ML_3.npy,2026-09-23,2026-09-23 08:50:04.819143,7C0D65,DA42,DIAMOND AIRCRAFT INDUSTRIES INC.,DA 42,1fbedbedcb71a1e370af9381b02994381d322991dc132d480db0a737845a1705,True,4
41002,3999,230926_ML_3.npy,2026-09-23,2026-09-23 08:50:06.520604,7C0D65,DA42,DIAMOND AIRCRAFT INDUSTRIES INC.,DA 42,ef00f8eea800103ff7631f3055c3650839892cc6250815f3fa99a2a94686e9e9,True,1
41003,4000,230926_ML_3.npy,2026-09-23,2026-09-23 08:50:06.526910,7C0D65,DA42,DIAMOND AIRCRAFT INDUSTRIES INC.,DA 42,ea77240d1e30f1e05fe2a0d7b735dd77c5092c4ab03492bfd8c93b2f8d6b6241,True,3
41004,4001,230926_ML_3.npy,2026-09-23,2026-09-23 08:50:08.493434,7C0D65,DA42,DIAMOND AIRCRAFT INDUSTRIES INC.,DA 42,bebff3825caf606fd524e276cdb54ecf1ee67f193c9536e4d95672618598cdac,True,1
41006,4003,230926_ML_3.npy,2026-09-23,2026-09-23 08:50:09.904838,7C0D65,DA42,DIAMOND AIRCRAFT INDUSTRIES INC.,DA 42,d41a6097a59730158d77c755b93285ba26c13fe5d6f8ed1caaaa2327a627a85a,True,3
41007,4004,230926_ML_3.npy,2026-09-23,2026-09-23 08:50:09.909453,7C0D65,DA42,DIAMOND AIRCRAFT INDUSTRIES INC.,DA 42,cdab762b9f1d60a1b7daf590d81c832924ebe3f6f1f4ba8b2703326cf025f4f6,True,4
41011,4008,230926_ML_3.npy,2026-09-23,2026-09-23 08:50:13.067502,7C0D65,DA42,DIAMOND AIRCRAFT INDUSTRIES INC.,DA 42,32e38f1fa00d45296e62e6d8ac8bc65e004a5e509d043cf9a497c340fd1accd8,True,1
41012,4009,230926_ML_3.npy,2026-09-23,2026-09-23 08:50:13.345675,7C0D65,DA42,DIAMOND AIRCRAFT INDUSTRIES INC.,DA 42,6cbe5135f36b61942b47fcd55f0049194b966df7560f6a396fa7eeaa8b6ab050,True,2
41015,4012,230926_ML_3.npy,2026-09-23,2026-09-23 08:50:16.826926,7C0D65,DA42,DIAMOND AIRCRAFT INDUSTRIES INC.,DA 42,58b0e47ce18498426af0e94cf6eabec472ab6518917c3ab90294cb1640897ca0,True,3
41019,4016,230926_ML_3.npy,2026-09-23,2026-09-23 08:50:21.032632,7C0D65,DA42,DIAMOND AIRCRAFT INDUSTRIES INC.,DA 42,1fbedbedcb71a1e370af9381b02994381d322991dc132d480db0a737845a1705,True,1
41020,4017,230926_ML_3.npy,2026-09-23,2026-09-23 08:50:22.766831,7C0D65,DA42,DIAMOND AIRCRAFT INDUSTRIES INC.,DA 42,9afe89a125d19776b90123d9a51f7afb1005f6404960c02de87f063f645f5973,True,4
41021,4018,230926_ML_3.npy,2026-09-23,2026-09-23 08:50:23.670160,7C0D65,DA42,DIAMOND AIRCRAFT INDUSTRIES INC.,DA 42,5c612ec6e0cde45af84cf8ce8084b98e37c87eefeeb302cc0f5d7b813839330d,True,3
41023,4020,230926_ML_3.npy,2026-09-23,2026-09-23 08:50:28.801956,7C0D65,DA42,DIAMOND AIRCRAFT INDUSTRIES INC.,DA 42,433e7d016e43a29c61cdfdc05002e2975cd1f5ee89d83e3e0655b6f92c60abf4,True,5
41024,4021,230926_ML_3.npy,2026-09-23,2026-09-23 08:50:30.084910,7C0D65,DA42,DIAMOND AIRCRAFT INDUSTRIES INC.,DA 42,fc76aca49e6eb78e41a68419ab08663012b31139b913bc576454cb1b0d9ac27f,True,5
41026,4023,230926_ML_3.npy,2026-09-23,2026-09-23 08:50:34.438490,7C0D65,DA42,DIAMOND AIRCRAFT INDUSTRIES INC.,DA 42,e82b2208ca404708285d31254e0b13017e52a692fbe7b1f879ae4ea658950231,True,2
41027,4024,230926_ML_3.npy,2026-09-23,2026-09-23 08:50:34.443012,7C0D65,DA42,DIAMOND AIRCRAFT INDUSTRIES INC.,DA 42,113e18063c2e410876e299cfa01fe8dfdc180dd657597e142eab9be767fbf46e,True,4
41033,4030,230926_ML_3.npy,2026-09-23,2026-09-23 08:50:41.130245,7C0D65,DA42,DIAMOND AIRCRAFT INDUSTRIES INC.,DA 42,ae12ec53b96a3654b34922dd46b381f88a53d6851e2e7ba77cae57ac394fe1d0,True,2
41046,4043,230926_ML_3.npy,2026-09-23,2026-09-23 08:50:52.192630,7C0D65,DA42,DIAMOND AIRCRAFT INDUSTRIES INC.,DA 42,1fbedbedcb71a1e370af9381b02994381d322991dc132d480db0a737845a1705,True,3
41047,4044,230926_ML_3.npy,2026-09-23,2026-09-23 08:50:52.214043,7C0D65,DA42,DIAMOND AIRCRAFT INDUSTRIES INC.,DA 42,f23c29ac806bc7cb2b06cdb0da251defbaca891f1cec66e0de79a85d318f020d,True,1
41051,4048,230926_ML_3.npy,2026-09-23,2026-09-23 08:51:03.611791,7C0D65,DA42,DIAMOND AIRCRAFT INDUSTRIES INC.,DA 42,364483ccac8d5e673d6cfebbd0d37ea5c07579fc89d7c32e63fb8f29a59bd373,True,2
41053,4050,230926_ML_3.npy,2026-09-23,2026-09-23 08:51:05.976488,7C0D65,DA42,DIAMOND AIRCRAFT INDUSTRIES INC.,DA 42,1fbedbedcb71a1e370af9381b02994381d322991dc132d480db0a737845a1705,True,2
41055,4052,230926_ML_3.npy,2026-09-23,2026-09-23 08:51:07.162251,7C0D65,DA42,DIAMOND AIRCRAFT INDUSTRIES INC.,DA 42,321515740009d9e6ce5542366077f6b335eb989a5cbd5512f05bd06e9e6051f6,True,4
41056,4053,230926_ML_3.npy,2026-09-23,2026-09-23 08:51:07.868963,7C0D65,DA42,DIAMOND AIRCRAFT INDUSTRIES INC.,DA 42,04b686c1dec303818333a823dea86669591a2b34efd8efd724eb57585ffe13ec,True,3
41057,4054,230926_ML_3.npy,2026-09-23,2026-09-23 08:51:08.680912,7C0D65,DA42,DIAMOND AIRCRAFT INDUSTRIES INC.,DA 42,862b539e5a84375a132283f5b7e41b769e5c4346333381feb41a6b1f7deafea8,True,2
41058,4055,230926_ML_3.npy,2026-09-23,2026-09-23 08:51:08.839593,7C0D65,DA42,DIAMOND AIRCRAFT INDUSTRIES INC.,DA 42,433e7d016e43a29c61cdfdc05002e2975cd1f5ee89d83e3e0655b6f92c60abf4,True,1
41068,4065,230926_ML_3.npy,2026-09-23,2026-09-23 08:51:46.992099,7C0D65,DA42,DIAMOND AIRCRAFT INDUSTRIES INC.,DA 42,10f9896447273370a7575defd45c4419656c76b72be604e8a7c6e5b4907ed7c5,True,5
41069,4066,230926_ML_3.npy,2026-09-23,2026-09-23 08:51:48.200032,7C0D65,DA42,DIAMOND AIRCRAFT INDUSTRIES INC.,DA 42,1fbedbedcb71a1e370af9381b02994381d322991dc132d480db0a737845a1705,True,3
41071,4068,230926_ML_3.npy,2026-09-23,2026-09-23 08:51:52.410317,7C0D65,DA42,DIAMOND AIRCRAFT INDUSTRIES INC.,DA 42,3e4a7f6f3ca56c16c4bccf1a5f840e0b0df076910debb7ec17eaeb18bebfe1c1,True,3
41072,4069,230926_ML_3.npy,2026-09-23,2026-09-23 08:51:53.700597,7C0D65,DA42,DIAMOND AIRCRAFT INDUSTRIES INC.,DA 42,ad79fb6a69d2e677bb942c6af12d917de8441458d218fafd55787c6af7fa0180,True,3
41074,4071,230926_ML_3.npy,2026-09-23,2026-09-23 08:52:01.440180,7C0D65,DA42,DIAMOND AIRCRAFT INDUSTRIES INC.,DA 42,672861ebf2cca94c3e1d4765590d2893527cee325c70e97b4e36c45fe465bb94,True,4
41076,4073,230926_ML_3.npy,2026-09-23,2026-09-23 08:52:05.161702,7C0D65,DA42,DIAMOND AIRCRAFT INDUSTRIES INC.,DA 42,b06a0004653d24e03dbeb8027401bf225d56c36e9f249e7ea96dd059c655fae7,True,4
41079,4076,230926_ML_3.npy,2026-09-23,2026-09-23 08:53:43.948008,7C0D65,DA42,DIAMOND AIRCRAFT INDUSTRIES INC.,DA 42,6cbe5135f36b61942b47fcd55f0049194b966df7560f6a396fa7eeaa8b6ab050,True,2
41080,4077,230926_ML_3.npy,2026-09-23,2026-09-23 08:53:44.356327,7C0D65,DA42,DIAMOND AIRCRAFT INDUSTRIES INC.,DA 42,56051896c93d3bbf24a07afed507fac8fc6d6ea0b571dd9d0a82f20c71e1ce38,True,5
41081,4078,230926_ML_3.npy,2026-09-23,2026-09-23 08:53:46.133032,7C0D65,DA42,DIAMOND AIRCRAFT INDUSTRIES INC.,DA 42,6eea6dcb7c34056bde8c93c457be16b467c4bcd7a18d94b168169754e9d6ca0c,True,5
41084,4081,230926_ML_3.npy,2026-09-23,2026-09-23 08:53:51.788784,7C0D65,DA42,DIAMOND AIRCRAFT INDUSTRIES INC.,DA 42,04b686c1dec303818333a823dea86669591a2b34efd8efd724eb57585ffe13ec,True,1
41087,4084,230926_ML_3.npy,2026-09-23,2026-09-23 08:53:55.906474,7C0D65,DA42,DIAMOND AIRCRAFT INDUSTRIES INC.,DA 42,1fbedbedcb71a1e370af9381b02994381d322991dc132d480db0a737845a1705,True,5
41088,4085,230926_ML_3.npy,2026-09-23,2026-09-23 08:53:56.795597,7C0D65,DA42,DIAMOND AIRCRAFT INDUSTRIES INC.,DA 42,04b686c1dec303818333a823dea86669591a2b34efd8efd724eb57585ffe13ec,True,5
41089,4086,230926_ML_3.npy,2026-09-23,2026-09-23 08:53:58.646348,7C0D65,DA42,DIAMOND AIRCRAFT INDUSTRIES INC.,DA 42,7fb329e98ef30953ed19b36feb03098ee23909c73053145e237ea20fa24eefbc,True,3
41091,4088,230926_ML_3.npy,2026-09-23,2026-09-23 08:54:02.720983,7C0D65,DA42,DIAMOND AIRCRAFT INDUSTRIES INC.,DA 42,8de48a1eef6529cdc6f0f530d9681563d5fa08283a5728d956e1ce54af90b7f6,True,4
41092,4089,230926_ML_3.npy,2026-09-23,2026-09-23 08:54:03.315573,7C0D65,DA42,DIAMOND AIRCRAFT INDUSTRIES INC.,DA 42,1fbedbedcb71a1e370af9381b02994381d322991dc132d480db0a737845a1705,True,1
41094,4091,230926_ML_3.npy,2026-09-23,2026-09-23 08:54:04.283374,7C0D65,DA42,DIAMOND AIRCRAFT INDUSTRIES INC.,DA 42,d68c19ca9cff282d5e9c6e5a413940b436f8577535b1dbcf3678b63ece386968,True,2
41095,4092,230926_ML_3.npy,2026-09-23,2026-09-23 08:54:04.289615,7C0D65,DA42,DIAMOND AIRCRAFT INDUSTRIES INC.,DA 42,720d3250bcd9f288382d82f471a746a5ebec230b27736e4a9ebdabf15a54f30d,True,5
41097,4094,230926_ML_3.npy,2026-09-23,2026-09-23 08:54:04.739241,7C0D65,DA42,DIAMOND AIRCRAFT INDUSTRIES INC.,DA 42,720d3250bcd9f288382d82f471a746a5ebec230b27736e4a9ebdabf15a54f30d,True,3
41103,4100,230926_ML_3.npy,2026-09-23,2026-09-23 08:54:10.302927,7C0D65,DA42,DIAMOND AIRCRAFT INDUSTRIES INC.,DA 42,15730c3d0c8e449798ae404aee02e87bdcbcd7b7cac7152ffda43ce8e490f7e4,True,3
41104,4101,230926_ML_3.npy,2026-09-23,2026-09-23 08:54:12.179714,7C0D65,DA42,DIAMOND AIRCRAFT INDUSTRIES INC.,DA 42,084630c3b5892af31a6f80d0a4f7d249566352fdf45c9c9a5cb3004a6b534bdb,True,4
41105,4102,230926_ML_3.npy,2026-09-23,2026-09-23 08:54:12.186029,7C0D65,DA42,DIAMOND AIRCRAFT INDUSTRIES INC.,DA 42,97535dcb9ea7687c148f4dad60aa47c506a9ba38b7d8fb23c21d72c0004f445b,True,5
41107,4104,230926_ML_3.npy,2026-09-23,2026-09-23 08:56:40.157608,7C0D65,DA42,DIAMOND AIRCRAFT INDUSTRIES INC.,DA 42,074a63163da6d533a9d7c69432da881f22a943e2f31015a06b7d66a7310b7a17,True,1
41110,4107,230926_ML_3.npy,2026-09-23,2026-09-23 08:57:22.988217,7C0D65,DA42,DIAMOND AIRCRAFT INDUSTRIES INC.,DA 42,04b686c1dec303818333a823dea86669591a2b34efd8efd724eb57585ffe13ec,True,3
41112,4109,230926_ML_3.npy,2026-09-23,2026-09-23 08:57:45.900722,7C0D65,DA42,DIAMOND AIRCRAFT INDUSTRIES INC.,DA 42,1fbedbedcb71a1e370af9381b02994381d322991dc132d480db0a737845a1705,True,4
41113,4110,230926_ML_3.npy,2026-09-23,2026-09-23 08:58:36.837018,7C0D65,DA42,DIAMOND AIRCRAFT INDUSTRIES INC.,DA 42,1fbedbedcb71a1e370af9381b02994381d322991dc132d480db0a737845a1705,True,4
41114,4111,230926_ML_3.npy,2026-09-23,2026-09-23 08:59:07.545687,7C0D65,DA42,DIAMOND AIRCRAFT INDUSTRIES INC.,DA 42,0daa674bf2e5d00e73dc6368e617a40297e66ac9183ccf5db4b6fcaee0c72d26,True,3
41116,4113,230926_ML_3.npy,2026-09-23,2026-09-23 08:59:09.876458,7C0D65,DA42,DIAMOND AIRCRAFT INDUSTRIES INC.,DA 42,58eee08cdb94c54ba414f59bf5aa18d192a6d8a214846ff89f071e3b6d9d6bbd,True,4
41118,4115,230926_ML_3.npy,2026-09-23,2026-09-23 08:59:12.949415,7C0D65,DA42,DIAMOND AIRCRAFT INDUSTRIES INC.,DA 42,4ccc411e66b57aa7cf90cdcaab3c56f2324b4e7577f999728b343687df5ed7f9,True,1
41119,4116,230926_ML_3.npy,2026-09-23,2026-09-23 08:59:14.611581,7C0D65,DA42,DIAMOND AIRCRAFT INDUSTRIES INC.,DA 42,6cbe5135f36b61942b47fcd55f0049194b966df7560f6a396fa7eeaa8b6ab050,True,3
41125,4122,230926_ML_3.npy,2026-09-23,2026-09-23 08:59:18.471576,7C0D65,DA42,DIAMOND AIRCRAFT INDUSTRIES INC.,DA 42,2168789674220b36882ee6e89555a45e1b5961218828769822f8b1ee0263eba1,True,5
41128,4125,230926_ML_3.npy,2026-09-23,2026-09-23 08:59:19.646630,7C0D65,DA42,DIAMOND AIRCRAFT INDUSTRIES INC.,DA 42,6cbe5135f36b61942b47fcd55f0049194b966df7560f6a396fa7eeaa8b6ab050,True,5
41132,4129,230926_ML_3.npy,2026-09-23,2026-09-23 08:59:27.101501,7C0D65,DA42,DIAMOND AIRCRAFT INDUSTRIES INC.,DA 42,2da7b1181abe78b8f93bc16c80fe4b89a5cbcdc9ff7439840a3e8eb0f3a76a8f,True,5
41134,4131,230926_ML_3.npy,2026-09-23,2026-09-23 08:59:33.728084,7C0D65,DA42,DIAMOND AIRCRAFT INDUSTRIES INC.,DA 42,6fdeba3d3af90bd0872f9a67d86bb430aac4934938126de3aa42d4dce833010e,True,3
41137,4134,230926_ML_3.npy,2026-09-23,2026-09-23 08:59:36.945192,7C0D65,DA42,DIAMOND AIRCRAFT INDUSTRIES INC.,DA 42,6cbe5135f36b61942b47fcd55f0049194b966df7560f6a396fa7eeaa8b6ab050,True,1
41138,4135,230926_ML_3.npy,2026-09-23,2026-09-23 08:59:37.823672,7C0D65,DA42,DIAMOND AIRCRAFT INDUSTRIES INC.,DA 42,7d75adef0b9bb46121f021ad81175231a372b907b16f26e7805899f242a0a96a,True,2
41139,4136,230926_ML_3.npy,2026-09-23,2026-09-23 08:59:37.828558,7C0D65,DA42,DIAMOND AIRCRAFT INDUSTRIES INC.,DA 42,8f2dc459bcf1af219fce7343ce80b8ee43a7dc4a0797769b40b62d7e7ebb38b1,True,4
41143,4140,230926_ML_3.npy,2026-09-23,2026-09-23 08:59:41.817309,7C0D65,DA42,DIAMOND AIRCRAFT INDUSTRIES INC.,DA 42,6cbe5135f36b61942b47fcd55f0049194b966df7560f6a396fa7eeaa8b6ab050,True,3
41144,4141,230926_ML_3.npy,2026-09-23,2026-09-23 08:59:42.291732,7C0D65,DA42,DIAMOND AIRCRAFT INDUSTRIES INC.,DA 42,ac7408e74004a0e36eb7c4f308e67e10022f4e19b511366c74c4339ab98aa7fe,True,3
41147,4144,230926_ML_3.npy,2026-09-23,2026-09-23 08:59:46.054410,7C0D65,DA42,DIAMOND AIRCRAFT INDUSTRIES INC.,DA 42,0bfda3a0a4644798cf875796991059bf6fbcfff5512cef36fe94033b629be64a,True,5
41148,4145,230926_ML_3.npy,2026-09-23,2026-09-23 09:04:08.080215,7C7BD9,DA42,DIAMOND AIRCRAFT INDUSTRIES INC.,DA 42,8628f1912e5a490f7da020d27094c2ddc2346274a96d4952f25f35dc6b1a5481,True,2
41149,4146,230926_ML_3.npy,2026-09-23,2026-09-23 09:04:11.853081,7C7BD9,DA42,DIAMOND AIRCRAFT INDUSTRIES INC.,DA 42,b406ce177069cd7f5383c53563f969ab6d3a1de4f75934da94a2cac08104c48a,True,5
41150,4147,230926_ML_3.npy,2026-09-23,2026-09-23 09:04:12.329146,7C7BD9,DA42,DIAMOND AIRCRAFT INDUSTRIES INC.,DA 42,344e862c16a22b19056eac8b62877edceceefc473df7fc0dab80e0e62f63fb0c,True,1
41152,4149,230926_ML_3.npy,2026-09-23,2026-09-23 09:04:16.216139,7C7BD9,DA42,DIAMOND AIRCRAFT INDUSTRIES INC.,DA 42,6d94bcd9090c3588ddb8b0399d78259db762530d743f6b0510e13ab275189306,True,4
41153,4150,230926_ML_3.npy,2026-09-23,2026-09-23 09:04:16.220192,7C7BD9,DA42,DIAMOND AIRCRAFT INDUSTRIES INC.,DA 42,37941501f22f0e4ba6254cfe82637fee433445223e711212ff62967e9e9b810a,True,1
41155,4152,230926_ML_3.npy,2026-09-23,2026-09-23 09:04:21.878993,7C7BD9,DA42,DIAMOND AIRCRAFT INDUSTRIES INC.,DA 42,b406ce177069cd7f5383c53563f969ab6d3a1de4f75934da94a2cac08104c48a,True,1
41156,4153,230926_ML_3.npy,2026-09-23,2026-09-23 09:04:31.865028,7C7BD9,DA42,DIAMOND AIRCRAFT INDUSTRIES INC.,DA 42,b406ce177069cd7f5383c53563f969ab6d3a1de4f75934da94a2cac08104c48a,True,3
41159,4156,230926_ML_3.npy,2026-09-23,2026-09-23 09:04:45.896675,7C7BD9,DA42,DIAMOND AIRCRAFT INDUSTRIES INC.,DA 42,6dfe6543e9e6bbe26488050e9064cdc0377d037c5e65fa9307590e6046629dc6,True,2
41160,4157,230926_ML_3.npy,2026-09-23,2026-09-23 09:04:45.902812,7C7BD9,DA42,DIAMOND AIRCRAFT INDUSTRIES INC.,DA 42,b604ebac6979325fecd5c1c3c20ba19e52e9a6a1e1749e34cd27fc1946458c44,True,4
41161,4158,230926_ML_3.npy,2026-09-23,2026-09-23 09:04:48.127976,7C7BD9,DA42,DIAMOND AIRCRAFT INDUSTRIES INC.,DA 42,b406ce177069cd7f5383c53563f969ab6d3a1de4f75934da94a2cac08104c48a,True,3
41168,4165,230926_ML_3.npy,2026-09-23,2026-09-23 09:04:54.799033,7C7BD9,DA42,DIAMOND AIRCRAFT INDUSTRIES INC.,DA 42,02374894a6468f2202b0567cf4d60dba2c7094ad61499bdbd76a418df6b9321b,True,5
41169,4166,230926_ML_3.npy,2026-09-23,2026-09-23 09:04:56.675228,7C7BD9,DA42,DIAMOND AIRCRAFT INDUSTRIES INC.,DA 42,c1dba3d8953fe538844c4a681bd6b897ad7ff7e48cf98203769f4b9a3f66c7db,True,4
41171,4168,230926_ML_3.npy,2026-09-23,2026-09-23 09:04:57.803961,7C7BD9,DA42,DIAMOND AIRCRAFT INDUSTRIES INC.,DA 42,8916e046013c72e3c71886e7a4bf28ad0e4be6cc9a5fa7347170e8991e65dcf2,True,2
41172,4169,230926_ML_3.npy,2026-09-23,2026-09-23 09:04:58.211195,7C7BD9,DA42,DIAMOND AIRCRAFT INDUSTRIES INC.,DA 42,b406ce177069cd7f5383c53563f969ab6d3a1de4f75934da94a2cac08104c48a,True,4
41173,4170,230926_ML_3.npy,2026-09-23,2026-09-23 09:05:01.581439,7C7BD9,DA42,DIAMOND AIRCRAFT INDUSTRIES INC.,DA 42,ad0e1faf97e67b878b1e5e788a0cfc7afe804c7a436330d2eb685aa45b7f2703,True,4
41177,4174,230926_ML_3.npy,2026-09-23,2026-09-23 09:05:04.389670,7C7BD9,DA42,DIAMOND AIRCRAFT INDUSTRIES INC.,DA 42,b406ce177069cd7f5383c53563f969ab6d3a1de4f75934da94a2cac08104c48a,True,5
41179,4176,230926_ML_3.npy,2026-09-23,2026-09-23 09:05:06.734045,7C7BD9,DA42,DIAMOND AIRCRAFT INDUSTRIES INC.,DA 42,374e4a7540b73a0c1342b51e909792c8d3697c90c98d55b57e3fe39b284d538e,True,5
41182,4179,230926_ML_3.npy,2026-09-23,2026-09-23 09:06:36.314997,7C7BD9,DA42,DIAMOND AIRCRAFT INDUSTRIES INC.,DA 42,21d037d7737076b4483c09cd1fc62f587943ae3adbadedd84d6eb0b69d4e2780,True,3
41185,4182,230926_ML_3.npy,2026-09-23,2026-09-23 09:06:46.040717,7C7BD9,DA42,DIAMOND AIRCRAFT INDUSTRIES INC.,DA 42,90bb3952e3b54e95719f2361e97de729c61b993d822dd804fecd392e320663ce,True,3
41186,4183,230926_ML_3.npy,2026-09-23,2026-09-23 09:06:46.046633,7C7BD9,DA42,DIAMOND AIRCRAFT INDUSTRIES INC.,DA 42,d8216931c944f9e9c00957a65297acf48bec36ccc81a4737c427c89572f37bad,True,2
41188,4185,230926_ML_3.npy,2026-09-23,2026-09-23 09:06:47.531917,7C7BD9,DA42,DIAMOND AIRCRAFT INDUSTRIES INC.,DA 42,29f00b3a4802dc133acb8e5a5aeb21722825f98f13787af428dc82734b0cd3d8,True,4
41189,4186,230926_ML_3.npy,2026-09-23,2026-09-23 09:06:47.751760,7C7BD9,DA42,DIAMOND AIRCRAFT INDUSTRIES INC.,DA 42,ed05c86cf59ba621af4418ee7ca9fe020dd19e7c519e6a0ba23a13031f916d4f,True,3
41190,4187,230926_ML_3.npy,2026-09-23,2026-09-23 09:06:51.034855,7C7BD9,DA42,DIAMOND AIRCRAFT INDUSTRIES INC.,DA 42,eff257b9cc62a52756801e8e9f091c38661ffa1a204191ec518f9519d6e5113a,True,5
41192,4189,230926_ML_3.npy,2026-09-23,2026-09-23 09:06:52.058232,7C7BD9,DA42,DIAMOND AIRCRAFT INDUSTRIES INC.,DA 42,2fc3404240d87d15e80bb703b53b3b95a6469d9d3f5f5e376661771339ddb167,True,4
41194,4191,230926_ML_3.npy,2026-09-23,2026-09-23 09:06:53.941167,7C7BD9,DA42,DIAMOND AIRCRAFT INDUSTRIES INC.,DA 42,66c0721c855e969c20ca29303024d5c84e6ff69e71585e088c7c71ec1916a7a6,True,5
41195,4192,230926_ML_3.npy,2026-09-23,2026-09-23 09:06:54.419979,7C7BD9,DA42,DIAMOND AIRCRAFT INDUSTRIES INC.,DA 42,66c0721c855e969c20ca29303024d5c84e6ff69e71585e088c7c71ec1916a7a6,True,2
41196,4193,230926_ML_3.npy,2026-09-23,2026-09-23 09:06:57.658985,7C7BD9,DA42,DIAMOND AIRCRAFT INDUSTRIES INC.,DA 42,ed05c86cf59ba621af4418ee7ca9fe020dd19e7c519e6a0ba23a13031f916d4f,True,2
41197,4194,230926_ML_3.npy,2026-09-23,2026-09-23 09:06:58.182692,7C7BD9,DA42,DIAMOND AIRCRAFT INDUSTRIES INC.,DA 42,cbe42ddc6f5be82e3e9363c2feb7087cbda5fae8114bcc278d0ca8b078c7af15,True,2
41200,4197,230926_ML_3.npy,2026-09-23,2026-09-23 09:07:01.395024,7C7BD9,DA42,DIAMOND AIRCRAFT INDUSTRIES INC.,DA 42,617868e0a59d58fa8381035f9573d2c48ba66255e7df4d5d988961c748445b77,True,1
41201,4198,230926_ML_3.npy,2026-09-23,2026-09-23 09:07:02.940253,7C7BD9,DA42,DIAMOND AIRCRAFT INDUSTRIES INC.,DA 42,1ca0b76c56f269dec35f0d43f86f4d95f7188f4a644f050e6ecf11f60ad17211,True,2
41206,4203,230926_ML_3.npy,2026-09-23,2026-09-23 09:07:06.017335,7C7BD9,DA42,DIAMOND AIRCRAFT INDUSTRIES INC.,DA 42,c98358c78f2741cc763b60a3d40aa2ad6654807417952d30520888c76f9245ad,True,5
41208,4205,230926_ML_3.npy,2026-09-23,2026-09-23 09:07:07.496779,7C7BD9,DA42,DIAMOND AIRCRAFT INDUSTRIES INC.,DA 42,a41ae70c999c42b0404851d1fb8aadde048276c4e9938858bc9acadcc08ca84c,True,2
41210,4207,230926_ML_3.npy,2026-09-23,2026-09-23 09:07:10.057424,7C7BD9,DA42,DIAMOND AIRCRAFT INDUSTRIES INC.,DA 42,b6436b47303a2daeabe3651531985e6b90ec3e7a76bd73736e47fc95856cdadc,True,3
41211,4208,230926_ML_3.npy,2026-09-23,2026-09-23 09:07:15.507119,7C7BD9,DA42,DIAMOND AIRCRAFT INDUSTRIES INC.,DA 42,057a3b5edfaa5519147ce386a829f901f670dbce65691cf5bafb4ad30c18dd45,True,2
41212,4209,230926_ML_3.npy,2026-09-23,2026-09-23 09:07:15.510086,7C7BD9,DA42,DIAMOND AIRCRAFT INDUSTRIES INC.,DA 42,76a82435104fd2e8c34a387a74f05a2db66e185ad0fb21b443b2e9a39eda962b,True,3
41214,4211,230926_ML_3.npy,2026-09-23,2026-09-23 09:07:16.031217,7C7BD9,DA42,DIAMOND AIRCRAFT INDUSTRIES INC.,DA 42,b3f600ab6bf9c7f12e82b021f3d03b4451fc68da6631f75d391f9eccd81aca08,True,1
41219,4216,230926_ML_3.npy,2026-09-23,2026-09-23 09:09:29.328854,7C7BD9,DA42,DIAMOND AIRCRAFT INDUSTRIES INC.,DA 42,fdc8a64e48f1aea6fda2efbd280c06fe24ddb9b244e4fa1b73e43871fe645564,True,5
41221,4218,230926_ML_3.npy,2026-09-23,2026-09-23 09:09:29.873776,7C7BD9,DA42,DIAMOND AIRCRAFT INDUSTRIES INC.,DA 42,54a7984a19cc2bd412bcb99c365ab303420da8f168a234ba3e990d425c1aec28,True,3
41222,4219,230926_ML_3.npy,2026-09-23,2026-09-23 09:09:30.332048,7C7BD9,DA42,DIAMOND AIRCRAFT INDUSTRIES INC.,DA 42,b406ce177069cd7f5383c53563f969ab6d3a1de4f75934da94a2cac08104c48a,True,2
41223,4220,230926_ML_3.npy,2026-09-23,2026-09-23 09:09:36.929517,7C7BD9,DA42,DIAMOND AIRCRAFT INDUSTRIES INC.,DA 42,d8ef42e5d4381c716f6c4c5a6555f7819bacbf48a31f336354f7ed777a6f3f23,True,4
41224,4221,230926_ML_3.npy,2026-09-23,2026-09-23 09:09:38.603741,7C7BD9,DA42,DIAMOND AIRCRAFT INDUSTRIES INC.,DA 42,12eac9229d347d5311996f4da71f62690c236f161a6f60fffb3f7f8f9567a668,True,1
41225,4222,230926_ML_3.npy,2026-09-23,2026-09-23 09:09:38.610120,7C7BD9,DA42,DIAMOND AIRCRAFT INDUSTRIES INC.,DA 42,df862f75c416080a46b687f2feef9dce79986c2696c9f1aec63631449b10043c,True,2
41226,4223,230926_ML_3.npy,2026-09-23,2026-09-23 09:10:02.855212,7C7BD9,DA42,DIAMOND AIRCRAFT INDUSTRIES INC.,DA 42,b406ce177069cd7f5383c53563f969ab6d3a1de4f75934da94a2cac08104c48a,True,5
41227,4224,230926_ML_3.npy,2026-09-23,2026-09-23 09:10:13.545571,7C7BD9,DA42,DIAMOND AIRCRAFT INDUSTRIES INC.,DA 42,b0339e9d26a438b7d3f4b63e7534d9d338099a458096dc858bd3a8a6e2bf163b,True,5
41228,4225,230926_ML_3.npy,2026-09-23,2026-09-23 09:10:13.553330,7C7BD9,DA42,DIAMOND AIRCRAFT INDUSTRIES INC.,DA 42,c94418d1e7402173ecf95a7bc679bdfbdd13b9089a445d1f9a9f2c00f0c4d620,True,4
41229,4226,230926_ML_3.npy,2026-09-23,2026-09-23 09:10:17.847637,7C7BD9,DA42,DIAMOND AIRCRAFT INDUSTRIES INC.,DA 42,bb76f1ca95408709522f1ce07493f2df10c339b8c96949ccc3a3595aaa93e0be,True,4
41231,4228,230926_ML_3.npy,2026-09-23,2026-09-23 09:10:20.050361,7C7BD9,DA42,DIAMOND AIRCRAFT INDUSTRIES INC.,DA 42,0082502e9a651500a14c0ae7ba25002545576500b8068572de3d5ad933652a2e,True,4
41235,4232,230926_ML_3.npy,2026-09-23,2026-09-23 09:10:24.111882,7C7BD9,DA42,DIAMOND AIRCRAFT INDUSTRIES INC.,DA 42,b406ce177069cd7f5383c53563f969ab6d3a1de4f75934da94a2cac08104c48a,True,5
41236,4233,230926_ML_3.npy,2026-09-23,2026-09-23 09:10:25.571840,7C7BD9,DA42,DIAMOND AIRCRAFT INDUSTRIES INC.,DA 42,f2d1919ce306541f37d707565f40abec6f0c4a7c827ff9e4cad3e60861dc1793,True,1
41237,4234,230926_ML_3.npy,2026-09-23,2026-09-23 09:10:27.162879,7C7BD9,DA42,DIAMOND AIRCRAFT INDUSTRIES INC.,DA 42,9c9fd7dd01cc62b15f7ed5d60a804f7b12f1df57ff22b661e261153a366cb1ef,True,5
41245,4242,230926_ML_3.npy,2026-09-23,2026-09-23 09:11:54.900618,7C7BD9,DA42,DIAMOND AIRCRAFT INDUSTRIES INC.,DA 42,eff257b9cc62a52756801e8e9f091c38661ffa1a204191ec518f9519d6e5113a,True,2
41246,4243,230926_ML_3.npy,2026-09-23,2026-09-23 09:12:03.603892,7C7BD9,DA42,DIAMOND AIRCRAFT INDUSTRIES INC.,DA 42,5acd7f021951cfffd472a089a0d6355ce11061ac56b8f410275424197aa5053f,True,1
41249,4246,230926_ML_3.npy,2026-09-23,2026-09-23 09:12:04.997519,7C7BD9,DA42,DIAMOND AIRCRAFT INDUSTRIES INC.,DA 42,97ee746745a7a21c2db2fc5ab3a4ea1de5fdd435c97ac56bacf7129088b4f9b6,True,5
41250,4247,230926_ML_3.npy,2026-09-23,2026-09-23 09:12:05.003445,7C7BD9,DA42,DIAMOND AIRCRAFT INDUSTRIES INC.,DA 42,b082e5d206b71111dfad9e6b4ddb13c58b49dfe6a3567ab92869ba42db85bf22,True,2
41252,4249,230926_ML_3.npy,2026-09-23,2026-09-23 09:12:06.467975,7C7BD9,DA42,DIAMOND AIRCRAFT INDUSTRIES INC.,DA 42,a407d128b3c7a06b90c0dd5157bb33e077d35c701056d93048602833d03cb8f5,True,1
41253,4250,230926_ML_3.npy,2026-09-23,2026-09-23 09:12:07.594655,7C7BD9,DA42,DIAMOND AIRCRAFT INDUSTRIES INC.,DA 42,b406ce177069cd7f5383c53563f969ab6d3a1de4f75934da94a2cac08104c48a,True,2
41256,4253,230926_ML_3.npy,2026-09-23,2026-09-23 09:12:10.128164,7C7BD9,DA42,DIAMOND AIRCRAFT INDUSTRIES INC.,DA 42,eff257b9cc62a52756801e8e9f091c38661ffa1a204191ec518f9519d6e5113a,True,1
41258,4255,230926_ML_3.npy,2026-09-23,2026-09-23 09:12:13.968856,7C7BD9,DA42,DIAMOND AIRCRAFT INDUSTRIES INC.,DA 42,0bc5ff16f310891c160db942df688c05b19313e7155286eea5c2649e4d7c648c,True,4
41263,4260,230926_ML_3.npy,2026-09-23,2026-09-23 09:12:17.486716,7C7BD9,DA42,DIAMOND AIRCRAFT INDUSTRIES INC.,DA 42,001ad18f53dc4ff5dd105bdd2d5acfbbcec3daff7c3560a0138d9e3f8f2d0b06,True,1
41265,4262,230926_ML_3.npy,2026-09-23,2026-09-23 09:12:20.758802,7C7BD9,DA42,DIAMOND AIRCRAFT INDUSTRIES INC.,DA 42,71b089b82968e97ab65175d7ea62b75af49dbabef438e37b3ff0ff91c4d81109,True,2
41267,4264,230926_ML_3.npy,2026-09-23,2026-09-23 09:12:24.930550,7C7BD9,DA42,DIAMOND AIRCRAFT INDUSTRIES INC.,DA 42,f38a5f5db573445d465472f25b9ab850e8c26b423a2889df96cb51723f40b0b2,True,2
41269,4266,230926_ML_3.npy,2026-09-23,2026-09-23 09:14:28.834386,7C7BD9,DA42,DIAMOND AIRCRAFT INDUSTRIES INC.,DA 42,4211740d5c5ee7dcc3d8486a4e160fa88731263fa8ea935242820d3cb408aa82,True,4
41271,4268,230926_ML_3.npy,2026-09-23,2026-09-23 09:14:29.239249,7C7BD9,DA42,DIAMOND AIRCRAFT INDUSTRIES INC.,DA 42,ed05c86cf59ba621af4418ee7ca9fe020dd19e7c519e6a0ba23a13031f916d4f,True,4
41273,4270,230926_ML_3.npy,2026-09-23,2026-09-23 09:14:30.186224,7C7BD9,DA42,DIAMOND AIRCRAFT INDUSTRIES INC.,DA 42,b406ce177069cd7f5383c53563f969ab6d3a1de4f75934da94a2cac08104c48a,True,2
41274,4271,230926_ML_3.npy,2026-09-23,2026-09-23 09:14:35.250581,7C7BD9,DA42,DIAMOND AIRCRAFT INDUSTRIES INC.,DA 42,eff257b9cc62a52756801e8e9f091c38661ffa1a204191ec518f9519d6e5113a,True,2
41276,4273,230926_ML_3.npy,2026-09-23,2026-09-23 09:14:52.115687,7C7BD9,DA42,DIAMOND AIRCRAFT INDUSTRIES INC.,DA 42,ed05c86cf59ba621af4418ee7ca9fe020dd19e7c519e6a0ba23a13031f916d4f,True,2
41279,4276,230926_ML_3.npy,2026-09-23,2026-09-23 09:15:06.300077,7C7BD9,DA42,DIAMOND AIRCRAFT INDUSTRIES INC.,DA 42,6b2c5533bfb0d5c7753637b2a1f03dbb69593a03c0b00dfb10236048675ee3fe,True,4
41280,4277,230926_ML_3.npy,2026-09-23,2026-09-23 09:15:06.918058,7C7BD9,DA42,DIAMOND AIRCRAFT INDUSTRIES INC.,DA 42,ed05c86cf59ba621af4418ee7ca9fe020dd19e7c519e6a0ba23a13031f916d4f,True,4
41282,4279,230926_ML_3.npy,2026-09-23,2026-09-23 09:15:14.528393,7C7BD9,DA42,DIAMOND AIRCRAFT INDUSTRIES INC.,DA 42,a4486b284bea07a2bbaa0cea3032b984da086d9eddb749d9f25446325e496c93,True,5
41283,4280,230926_ML_3.npy,2026-09-23,2026-09-23 09:15:14.534532,7C7BD9,DA42,DIAMOND AIRCRAFT INDUSTRIES INC.,DA 42,1a5001e6cea9e0ee642f9101b535a8aa05841f7a12068ca0b299f480dd13b33b,True,1
41284,4281,230926_ML_3.npy,2026-09-23,2026-09-23 09:15:17.018175,7C7BD9,DA42,DIAMOND AIRCRAFT INDUSTRIES INC.,DA 42,d2c7d27d1a1bc211d0e9818381334fceefc68c5a6b59ff41cc3a32edd1182cb3,True,1
41285,4282,230926_ML_3.npy,2026-09-23,2026-09-23 09:15:17.024599,7C7BD9,DA42,DIAMOND AIRCRAFT INDUSTRIES INC.,DA 42,60d41226be2010a262935bffbbeed55691c8b8eb30b817910fae21be4f12722c,True,1
41286,4283,230926_ML_3.npy,2026-09-23,2026-09-23 09:15:19.460087,7C7BD9,DA42,DIAMOND AIRCRAFT INDUSTRIES INC.,DA 42,ed05c86cf59ba621af4418ee7ca9fe020dd19e7c519e6a0ba23a13031f916d4f,True,5
41287,4284,230926_ML_3.npy,2026-09-23,2026-09-23 09:15:20.183038,7C7BD9,DA42,DIAMOND AIRCRAFT INDUSTRIES INC.,DA 42,4a844300ca17af894a0df47a2f35a39cdaf3682e29fae81a51f3761384189b4e,True,4
41289,4286,230926_ML_3.npy,2026-09-23,2026-09-23 09:16:46.485098,7C7BD9,DA42,DIAMOND AIRCRAFT INDUSTRIES INC.,DA 42,b406ce177069cd7f5383c53563f969ab6d3a1de4f75934da94a2cac08104c48a,True,3
41290,4287,230926_ML_3.npy,2026-09-23,2026-09-23 09:16:47.305963,7C7BD9,DA42,DIAMOND AIRCRAFT INDUSTRIES INC.,DA 42,a5b2c7093eb48866f54efdf93c2469e7e802f98728a230ee81b0d7e9bff6a437,True,2
41291,4288,230926_ML_3.npy,2026-09-23,2026-09-23 09:16:47.309895,7C7BD9,DA42,DIAMOND AIRCRAFT INDUSTRIES INC.,DA 42,14c419e18b3167503d6e168d8bd2f7080dd2ba4bf05d8c5b60ad3b025eb69dc3,True,4
41294,4291,230926_ML_3.npy,2026-09-23,2026-09-23 09:16:53.956405,7C7BD9,DA42,DIAMOND AIRCRAFT INDUSTRIES INC.,DA 42,b406ce177069cd7f5383c53563f969ab6d3a1de4f75934da94a2cac08104c48a,True,1
41295,4292,230926_ML_3.npy,2026-09-23,2026-09-23 09:16:54.480047,7C7BD9,DA42,DIAMOND AIRCRAFT INDUSTRIES INC.,DA 42,f1a33e438bce46a6db8467ce9749eeda00f13b71b33f2a8b91d62359b5566d68,True,2
41297,4294,230926_ML_3.npy,2026-09-23,2026-09-23 09:16:55.234307,7C7BD9,DA42,DIAMOND AIRCRAFT INDUSTRIES INC.,DA 42,eff257b9cc62a52756801e8e9f091c38661ffa1a204191ec518f9519d6e5113a,True,1
41298,4295,230926_ML_3.npy,2026-09-23,2026-09-23 09:16:56.203657,7C7BD9,DA42,DIAMOND AIRCRAFT INDUSTRIES INC.,DA 42,1c5f8d78e296438363627abf1d94f54f2f47f672a8eda96c9eb6e5af58516ce9,True,5
41299,4296,230926_ML_3.npy,2026-09-23,2026-09-23 09:16:56.209789,7C7BD9,DA42,DIAMOND AIRCRAFT INDUSTRIES INC.,DA 42,97e4ae44761d22a70a37bd54f1dcf9d21f281ecd5a024b5fbd75cb044545be82,True,2
41302,4299,230926_ML_3.npy,2026-09-23,2026-09-23 09:16:59.719086,7C7BD9,DA42,DIAMOND AIRCRAFT INDUSTRIES INC.,DA 42,7a13f9727d341c811fbcc7a02dc9d8a3734a7e91d498cf31de01bc4f4efcd5db,True,5
41305,4302,230926_ML_3.npy,2026-09-23,2026-09-23 09:17:11.273043,7C7BD9,DA42,DIAMOND AIRCRAFT INDUSTRIES INC.,DA 42,0a7ff36f8fabcbb061bcdd68dd63c0945981ee762c01c73e088d14af0d170021,True,5
41306,4303,230926_ML_3.npy,2026-09-23,2026-09-23 09:17:11.276774,7C7BD9,DA42,DIAMOND AIRCRAFT INDUSTRIES INC.,DA 42,8bf62b1c30f8581037fd1ee6f5d15766d24f95fe640a8d3dfc5617e96b602c6f,True,3
41307,4304,230926_ML_3.npy,2026-09-23,2026-09-23 09:17:12.260095,7C7BD9,DA42,DIAMOND AIRCRAFT INDUSTRIES INC.,DA 42,e794f1cfe8a15370db88f28f8dee40e115829bd4a04277a4246bad508458e139,True,2
41308,4305,230926_ML_3.npy,2026-09-23,2026-09-23 09:17:12.267202,7C7BD9,DA42,DIAMOND AIRCRAFT INDUSTRIES INC.,DA 42,4ba4ac4d75f4ae99fa54efaae673f80fb33048a07948408e9ac10f99dac4d0cb,True,4
41310,4307,230926_ML_3.npy,2026-09-23,2026-09-23 09:17:15.105230,7C7BD9,DA42,DIAMOND AIRCRAFT INDUSTRIES INC.,DA 42,b406ce177069cd7f5383c53563f969ab6d3a1de4f75934da94a2cac08104c48a,True,2
41311,4308,230926_ML_3.npy,2026-09-23,2026-09-23 09:17:16.178434,7C7BD9,DA42,DIAMOND AIRCRAFT INDUSTRIES INC.,DA 42,58f4aa6ffa2771fbb70593401fdfe7efee4c682b8147c10c8ec95ce6c02ff328,True,3
41313,4310,230926_ML_3.npy,2026-09-23,2026-09-23 09:17:17.687750,7C7BD9,DA42,DIAMOND AIRCRAFT INDUSTRIES INC.,DA 42,b230a8cb06bcc1772ddb3718c07618c39c2984593cb7a8ecb7c1f78555cf9a44,True,3
41314,4311,230926_ML_3.npy,2026-09-23,2026-09-23 09:19:19.118453,7C7BD9,DA42,DIAMOND AIRCRAFT INDUSTRIES INC.,DA 42,baacbb1e18322cbb7249a51105c36f9ecaab330e5c04d1b11a426779b57ce758,True,2
41316,4313,230926_ML_3.npy,2026-09-23,2026-09-23 09:19:28.740025,7C7BD9,DA42,DIAMOND AIRCRAFT INDUSTRIES INC.,DA 42,eff257b9cc62a52756801e8e9f091c38661ffa1a204191ec518f9519d6e5113a,True,1
41317,4314,230926_ML_3.npy,2026-09-23,2026-09-23 09:19:31.762676,7C7BD9,DA42,DIAMOND AIRCRAFT INDUSTRIES INC.,DA 42,91402527273509f07c9a9e6ab178b12322ee02a2d46fdf9434c69b04da8ca65f,True,4
41318,4315,230926_ML_3.npy,2026-09-23,2026-09-23 09:19:37.845854,7C7BD9,DA42,DIAMOND AIRCRAFT INDUSTRIES INC.,DA 42,f4cab172460cf2d8c694397dd0d209049d8165183f00c88789edd74140ceadd8,True,5
41321,4318,230926_ML_3.npy,2026-09-23,2026-09-23 09:19:48.702721,7C7BD9,DA42,DIAMOND AIRCRAFT INDUSTRIES INC.,DA 42,eff257b9cc62a52756801e8e9f091c38661ffa1a204191ec518f9519d6e5113a,True,2
41322,4319,230926_ML_3.npy,2026-09-23,2026-09-23 09:19:52.282620,7C7BD9,DA42,DIAMOND AIRCRAFT INDUSTRIES INC.,DA 42,ac3737332e06f6ea38b5bdfd97caac8b5a7d0c9dabec5e2d8d7364a17bdc78b8,True,2
41323,4320,230926_ML_3.npy,2026-09-23,2026-09-23 09:19:56.225860,7C7BD9,DA42,DIAMOND AIRCRAFT INDUSTRIES INC.,DA 42,8d8cd75ff8da5441656783088f3d72c80cbcb63368466b968a0838fcf97d9a65,True,5
41328,4325,230926_ML_3.npy,2026-09-23,2026-09-23 09:20:14.660198,7C7BD9,DA42,DIAMOND AIRCRAFT INDUSTRIES INC.,DA 42,b406ce177069cd7f5383c53563f969ab6d3a1de4f75934da94a2cac08104c48a,True,3
41329,4326,230926_ML_3.npy,2026-09-23,2026-09-23 09:20:15.254233,7C7BD9,DA42,DIAMOND AIRCRAFT INDUSTRIES INC.,DA 42,335f1166e221ec76504f92056af434fa95ddeb5e2c3e624e7ad3b34fc55c3a1b,True,1
41331,4328,230926_ML_3.npy,2026-09-23,2026-09-23 09:20:17.558622,7C7BD9,DA42,DIAMOND AIRCRAFT INDUSTRIES INC.,DA 42,ed05c86cf59ba621af4418ee7ca9fe020dd19e7c519e6a0ba23a13031f916d4f,True,2
41334,4331,230926_ML_3.npy,2026-09-23,2026-09-23 09:20:20.096666,7C7BD9,DA42,DIAMOND AIRCRAFT INDUSTRIES INC.,DA 42,ed05c86cf59ba621af4418ee7ca9fe020dd19e7c519e6a0ba23a13031f916d4f,True,1
41335,4332,230926_ML_3.npy,2026-09-23,2026-09-23 09:20:20.909062,7C7BD9,DA42,DIAMOND AIRCRAFT INDUSTRIES INC.,DA 42,b406ce177069cd7f5383c53563f969ab6d3a1de4f75934da94a2cac08104c48a,True,3
41339,4336,230926_ML_3.npy,2026-09-23,2026-09-23 09:20:22.583923,7C7BD9,DA42,DIAMOND AIRCRAFT INDUSTRIES INC.,DA 42,ed05c86cf59ba621af4418ee7ca9fe020dd19e7c519e6a0ba23a13031f916d4f,True,4
41341,4338,230926_ML_3.npy,2026-09-23,2026-09-23 09:20:25.905555,7C7BD9,DA42,DIAMOND AIRCRAFT INDUSTRIES INC.,DA 42,3912ebf531cf37ac111d296cee8d0d7e92748515d5b361d8a2f67b44c3cc145d,True,5
41343,4340,230926_ML_3.npy,2026-09-23,2026-09-23 09:21:46.095025,7C7B65,DA40,DIAMOND AIRCRAFT INDUSTRIES INC.,DA 40,f0040d830f0101dab89933823c518441e247fc00ff4affc6e67a63d453b45052,True,4
41347,4344,230926_ML_3.npy,2026-09-23,2026-09-23 09:21:49.708691,7C7BD9,DA42,DIAMOND AIRCRAFT INDUSTRIES INC.,DA 42,b406ce177069cd7f5383c53563f969ab6d3a1de4f75934da94a2cac08104c48a,True,5
41348,4345,230926_ML_3.npy,2026-09-23,2026-09-23 09:21:51.265484,7C7BD9,DA42,DIAMOND AIRCRAFT INDUSTRIES INC.,DA 42,a4170ec4c7b7882422def00fe593b9e8cd7d7984565cd3f582ebaaa8651be7cc,True,3
41350,4347,230926_ML_3.npy,2026-09-23,2026-09-23 09:21:52.294179,7C7BD9,DA42,DIAMOND AIRCRAFT INDUSTRIES INC.,DA 42,b406ce177069cd7f5383c53563f969ab6d3a1de4f75934da94a2cac08104c48a,True,5
41352,4349,230926_ML_3.npy,2026-09-23,2026-09-23 09:21:56.933968,7C7BD9,DA42,DIAMOND AIRCRAFT INDUSTRIES INC.,DA 42,22b3b98cb7751fdd944b03676f7ecae7bb7e40a373a90d571f8157d5a1e9599a,True,4
41354,4351,230926_ML_3.npy,2026-09-23,2026-09-23 09:22:03.423870,7C7BD9,DA42,DIAMOND AIRCRAFT INDUSTRIES INC.,DA 42,b406ce177069cd7f5383c53563f969ab6d3a1de4f75934da94a2cac08104c48a,True,2
41356,4353,230926_ML_3.npy,2026-09-23,2026-09-23 09:22:07.222743,7C7BD9,DA42,DIAMOND AIRCRAFT INDUSTRIES INC.,DA 42,b0c4395ad81b1fd0570ce5d1b50ad13508cc16c05114600639269a5003a4ae6e,True,5
41357,4354,230926_ML_3.npy,2026-09-23,2026-09-23 09:22:07.376583,7C7BD9,DA42,DIAMOND AIRCRAFT INDUSTRIES INC.,DA 42,ed05c86cf59ba621af4418ee7ca9fe020dd19e7c519e6a0ba23a13031f916d4f,True,2
41362,4359,230926_ML_3.npy,2026-09-23,2026-09-23 09:22:12.265262,7C7BD9,DA42,DIAMOND AIRCRAFT INDUSTRIES INC.,DA 42,e76f8749cdb20fee25a1a5e06a09827e24c73af6626773fd566cf55850a9f325,True,4
41363,4360,230926_ML_3.npy,2026-09-23,2026-09-23 09:22:12.781471,7C7BD9,DA42,DIAMOND AIRCRAFT INDUSTRIES INC.,DA 42,5f4216aa4d3e260d59e2368354c1321ddda5d8590d1a0fbfc14024c95ed6fb2f,True,1
41364,4361,230926_ML_3.npy,2026-09-23,2026-09-23 09:22:12.787826,7C7BD9,DA42,DIAMOND AIRCRAFT INDUSTRIES INC.,DA 42,734606bf994c9c2dc5841365f61b23c395ae54f56c093fdc1934cff57368d05a,True,5
41366,4363,230926_ML_3.npy,2026-09-23,2026-09-23 09:22:13.365797,7C7BD9,DA42,DIAMOND AIRCRAFT INDUSTRIES INC.,DA 42,b406ce177069cd7f5383c53563f969ab6d3a1de4f75934da94a2cac08104c48a,True,5
41367,4364,230926_ML_3.npy,2026-09-23,2026-09-23 09:22:13.806524,7C7BD9,DA42,DIAMOND AIRCRAFT INDUSTRIES INC.,DA 42,4023c50e6262eed9afe2d55ec920d0268bf40cfd5e7fa3e4cec8956712249fd2,True,2
41368,4365,230926_ML_3.npy,2026-09-23,2026-09-23 09:22:13.812888,7C7BD9,DA42,DIAMOND AIRCRAFT INDUSTRIES INC.,DA 42,7b95d661b10cfab8d12c8c46febc415cc749bfe6fba4af0e088f2c877ea5671b,True,5
41370,4367,230926_ML_3.npy,2026-09-23,2026-09-23 09:22:14.989512,7C7BD9,DA42,DIAMOND AIRCRAFT INDUSTRIES INC.,DA 42,3d5da38e4e013960ab0f75254e60716cd86780be7a6a60068aa9ec77b68c0531,True,1
41376,4373,230926_ML_3.npy,2026-09-23,2026-09-23 09:22:21.016453,7C7BD9,DA42,DIAMOND AIRCRAFT INDUSTRIES INC.,DA 42,e569fd6d8fbc3f4b169c7d30fa448792983761bb12f45aa7f5077b170d91e86f,True,5
41377,4374,230926_ML_3.npy,2026-09-23,2026-09-23 09:22:21.023578,7C7BD9,DA42,DIAMOND AIRCRAFT INDUSTRIES INC.,DA 42,30e9c387299d45c052788332d6835b012b56ba7a0601f7c0d3e5fe7168531155,True,3
41379,4376,230926_ML_3.npy,2026-09-23,2026-09-23 09:22:24.567257,7C7BD9,DA42,DIAMOND AIRCRAFT INDUSTRIES INC.,DA 42,869095f9ef80c7964854197f14cbb01dcea3bc634fec1ba5eb226ddc85834317,True,4
41387,4384,230926_ML_3.npy,2026-09-23,2026-09-23 09:23:18.288338,7C7B65,DA40,DIAMOND AIRCRAFT INDUSTRIES INC.,DA 40,ff6b9556b0d8bd70a37273464bca24e5e25ddb0a98c9346f97666eaa0ef74669,True,5
41396,4393,230926_ML_3.npy,2026-09-23,2026-09-23 09:23:43.388650,7C7B65,DA40,DIAMOND AIRCRAFT INDUSTRIES INC.,DA 40,2154dbdbcc0cd86ee79ec01ad068e971fb7fe69156532740f4229d4757423c29,True,4
41404,4401,230926_ML_3.npy,2026-09-23,2026-09-23 09:23:54.030901,7C7B65,DA40,DIAMOND AIRCRAFT INDUSTRIES INC.,DA 40,c63a06e6805dea03e6db317ea834abef5ac5e1083ac15f343d7879f809711dbf,True,4
41408,4405,230926_ML_3.npy,2026-09-23,2026-09-23 09:24:00.916865,7C7B65,DA40,DIAMOND AIRCRAFT INDUSTRIES INC.,DA 40,0d1eff2be97936ba09dea62f8d498257d3adf6bfccc57d45c8f18c1d17616799,True,1
41413,4410,230926_ML_3.npy,2026-09-23,2026-09-23 09:24:06.040966,7C7B65,DA40,DIAMOND AIRCRAFT INDUSTRIES INC.,DA 40,314c896cae44e289f5ccc139a12610ce056afedfd70b26af1242302da192bc1e,True,5
41415,4412,230926_ML_3.npy,2026-09-23,2026-09-23 09:24:09.078994,7C7B65,DA40,DIAMOND AIRCRAFT INDUSTRIES INC.,DA 40,e5698e952968fb381e1e810264a153f2dfb3c152126492727b65aa1e7bdc581d,True,3
41420,4417,230926_ML_3.npy,2026-09-23,2026-09-23 09:24:15.193226,7C7B65,DA40,DIAMOND AIRCRAFT INDUSTRIES INC.,DA 40,57a44bb142b43d8c3b6dd3c18504891918bf46e7ac9d3014d7376609cc34e930,True,2
41421,4418,230926_ML_3.npy,2026-09-23,2026-09-23 09:24:18.175610,7C7BD9,DA42,DIAMOND AIRCRAFT INDUSTRIES INC.,DA 42,405a902b48d199a48c23a5232b0adb41c9952381325f828d0743c6866778e368,True,3
41422,4419,230926_ML_3.npy,2026-09-23,2026-09-23 09:24:26.725442,7C7BD9,DA42,DIAMOND AIRCRAFT INDUSTRIES INC.,DA 42,78d1debd82f4e33a0634286238fc544ffb97f197d7f25b5c0b3ed1abfcc1071a,True,2
41423,4420,230926_ML_3.npy,2026-09-23,2026-09-23 09:24:26.730662,7C7BD9,DA42,DIAMOND AIRCRAFT INDUSTRIES INC.,DA 42,b422e27c05cfcfa23680cb81f65aae19637bfe393709c3f1b4aaf1a496fbbee6,True,1
41425,4422,230926_ML_3.npy,2026-09-23,2026-09-23 09:24:33.651192,7C7BD9,DA42,DIAMOND AIRCRAFT INDUSTRIES INC.,DA 42,b406ce177069cd7f5383c53563f969ab6d3a1de4f75934da94a2cac08104c48a,True,5
41426,4423,230926_ML_3.npy,2026-09-23,2026-09-23 09:24:46.859246,7C7BD9,DA42,DIAMOND AIRCRAFT INDUSTRIES INC.,DA 42,ed05c86cf59ba621af4418ee7ca9fe020dd19e7c519e6a0ba23a13031f916d4f,True,2
41427,4424,230926_ML_3.npy,2026-09-23,2026-09-23 09:24:47.843807,7C7BD9,DA42,DIAMOND AIRCRAFT INDUSTRIES INC.,DA 42,405a902b48d199a48c23a5232b0adb41c9952381325f828d0743c6866778e368,True,1
41429,4426,230926_ML_3.npy,2026-09-23,2026-09-23 09:24:52.479251,7C7BD9,DA42,DIAMOND AIRCRAFT INDUSTRIES INC.,DA 42,76a00be736302f781977cb12533f9d4c795053b3551bdc94526845df656a9764,True,5
41430,4427,230926_ML_3.npy,2026-09-23,2026-09-23 09:24:52.998666,7C7BD9,DA42,DIAMOND AIRCRAFT INDUSTRIES INC.,DA 42,61fa7b3316eef7ffbd25b98da53a20034756fb7bd27a4ef94f83e35b72838bac,True,1
41432,4429,230926_ML_3.npy,2026-09-23,2026-09-23 09:24:53.447467,7C7BD9,DA42,DIAMOND AIRCRAFT INDUSTRIES INC.,DA 42,b406ce177069cd7f5383c53563f969ab6d3a1de4f75934da94a2cac08104c48a,True,2
41434,4431,230926_ML_3.npy,2026-09-23,2026-09-23 09:25:02.985343,7C7BD9,DA42,DIAMOND AIRCRAFT INDUSTRIES INC.,DA 42,405a902b48d199a48c23a5232b0adb41c9952381325f828d0743c6866778e368,True,4
41436,4433,230926_ML_3.npy,2026-09-23,2026-09-23 09:25:03.535791,7C7BD9,DA42,DIAMOND AIRCRAFT INDUSTRIES INC.,DA 42,b087f3b1313d3e63fd8f4f2d6e8c97d72112e3985783c8767bad1432d62e2090,True,1
41439,4436,230926_ML_3.npy,2026-09-23,2026-09-23 09:25:06.003219,7C7BD9,DA42,DIAMOND AIRCRAFT INDUSTRIES INC.,DA 42,536f7617a9a673dc6aa053c881ac6f4b963c3b352705d831a6728357f0aa579e,True,2
41440,4437,230926_ML_3.npy,2026-09-23,2026-09-23 09:25:06.015398,7C7BD9,DA42,DIAMOND AIRCRAFT INDUSTRIES INC.,DA 42,b406ce177069cd7f5383c53563f969ab6d3a1de4f75934da94a2cac08104c48a,True,4
41441,4438,230926_ML_3.npy,2026-09-23,2026-09-23 09:25:07.017086,7C7BD9,DA42,DIAMOND AIRCRAFT INDUSTRIES INC.,DA 42,9ddd9aaf2f6351544ab632fbb224e2f8655f1f94b97ea67c1210b4de0df31edd,True,3
41442,4439,230926_ML_3.npy,2026-09-23,2026-09-23 09:25:07.024138,7C7BD9,DA42,DIAMOND AIRCRAFT INDUSTRIES INC.,DA 42,882dc002dca2ab8523a3f35f2aa26980a1e6a8ce84534d710554e72b0d1d51be,True,4
41444,4441,230926_ML_3.npy,2026-09-23,2026-09-23 09:25:08.770010,7C7BD9,DA42,DIAMOND AIRCRAFT INDUSTRIES INC.,DA 42,a3ad662f143828dc756167fc06c9fc917874c00ca3b82723138b4b140cd7ca92,True,4
41445,4442,230926_ML_3.npy,2026-09-23,2026-09-23 09:25:09.345044,7C7BD9,DA42,DIAMOND AIRCRAFT INDUSTRIES INC.,DA 42,78f4903f7861c67ec47757f65116678ef56033fea6c6bbcd82a3b8784dbef1ff,True,5
41446,4443,230926_ML_3.npy,2026-09-23,2026-09-23 09:25:09.352531,7C7BD9,DA42,DIAMOND AIRCRAFT INDUSTRIES INC.,DA 42,a3ad662f143828dc756167fc06c9fc917874c00ca3b82723138b4b140cd7ca92,True,5
41448,4445,230926_ML_3.npy,2026-09-23,2026-09-23 09:25:11.661094,7C7BD9,DA42,DIAMOND AIRCRAFT INDUSTRIES INC.,DA 42,ed05c86cf59ba621af4418ee7ca9fe020dd19e7c519e6a0ba23a13031f916d4f,True,5
41449,4446,230926_ML_3.npy,2026-09-23,2026-09-23 09:25:11.679707,7C7BD9,DA42,DIAMOND AIRCRAFT INDUSTRIES INC.,DA 42,357c8215772d6d597667005dd28f81d621174e966575ac5f830ccf8a8882f6cb,True,2
41450,4447,230926_ML_3.npy,2026-09-23,2026-09-23 09:25:11.685865,7C7BD9,DA42,DIAMOND AIRCRAFT INDUSTRIES INC.,DA 42,0f9292ae8ef591ea58c1f28f1f587bf087680b2d67325bd36d344f9ca58d4188,True,1
41452,4449,230926_ML_3.npy,2026-09-23,2026-09-23 09:25:14.014308,7C7BD9,DA42,DIAMOND AIRCRAFT INDUSTRIES INC.,DA 42,13f520b520dbae1589ce9b83f3c2cf268c31920cc2b0c30063116b7edaf0b4fb,True,4
41453,4450,230926_ML_3.npy,2026-09-23,2026-09-23 09:25:14.421984,7C7BD9,DA42,DIAMOND AIRCRAFT INDUSTRIES INC.,DA 42,2355eed6bd8633f0ab868f855f42b271dc18a08d8bfa1b1da6b009f9d9022a44,True,4
41454,4451,230926_ML_3.npy,2026-09-23,2026-09-23 09:25:18.092087,7C7BD9,DA42,DIAMOND AIRCRAFT INDUSTRIES INC.,DA 42,405a902b48d199a48c23a5232b0adb41c9952381325f828d0743c6866778e368,True,2
41459,4456,230926_ML_3.npy,2026-09-23,2026-09-23 09:26:34.262378,7C7BD9,DA42,DIAMOND AIRCRAFT INDUSTRIES INC.,DA 42,ed05c86cf59ba621af4418ee7ca9fe020dd19e7c519e6a0ba23a13031f916d4f,True,3
41462,4459,230926_ML_3.npy,2026-09-23,2026-09-23 09:26:37.356983,7C7BD9,DA42,DIAMOND AIRCRAFT INDUSTRIES INC.,DA 42,ebf7de493ef1276394e81d777d6993dd98a53504a48b30d0afba16a56916509f,True,5
41463,4460,230926_ML_3.npy,2026-09-23,2026-09-23 09:26:38.399291,7C7BD9,DA42,DIAMOND AIRCRAFT INDUSTRIES INC.,DA 42,4167ae167943a7fdb718a9353ab55af58d6d19f0a7d019fa03f6136f615c734e,True,4
41465,4462,230926_ML_3.npy,2026-09-23,2026-09-23 09:26:43.386979,7C7BD9,DA42,DIAMOND AIRCRAFT INDUSTRIES INC.,DA 42,3bd3adb7291fd375e3a76aa3f97a6549b0cfec4a54e1d4498c36c705082026fd,True,3
41469,4466,230926_ML_3.npy,2026-09-23,2026-09-23 09:26:45.651543,7C7BD9,DA42,DIAMOND AIRCRAFT INDUSTRIES INC.,DA 42,4aa972dc6b35d1527f2cbd138464afc4d1ca108dd56fe6b29e9469bf15f9c2a7,True,1
41472,4469,230926_ML_3.npy,2026-09-23,2026-09-23 09:26:49.503631,7C7BD9,DA42,DIAMOND AIRCRAFT INDUSTRIES INC.,DA 42,b406ce177069cd7f5383c53563f969ab6d3a1de4f75934da94a2cac08104c48a,True,1
41478,4475,230926_ML_3.npy,2026-09-23,2026-09-23 09:26:55.481505,7C7BD9,DA42,DIAMOND AIRCRAFT INDUSTRIES INC.,DA 42,c9bebabaedd3813017bc39e147262f382b5a4449530552382dda252bf43a7e98,True,1
41479,4476,230926_ML_3.npy,2026-09-23,2026-09-23 09:26:55.487668,7C7BD9,DA42,DIAMOND AIRCRAFT INDUSTRIES INC.,DA 42,febfa126f0535dab729c1fa066172ab555e15a2ff180a3873711659c48e9cc32,True,1
41480,4477,230926_ML_3.npy,2026-09-23,2026-09-23 09:26:56.984027,7C7BD9,DA42,DIAMOND AIRCRAFT INDUSTRIES INC.,DA 42,b406ce177069cd7f5383c53563f969ab6d3a1de4f75934da94a2cac08104c48a,True,5
41481,4478,230926_ML_3.npy,2026-09-23,2026-09-23 09:27:02.986503,7C7BD9,DA42,DIAMOND AIRCRAFT INDUSTRIES INC.,DA 42,4d407e311b1800147537f0ae6cf8f11ad4847047cbc73270c35eccd720887abb,True,3
41482,4479,230926_ML_3.npy,2026-09-23,2026-09-23 09:27:02.993078,7C7BD9,DA42,DIAMOND AIRCRAFT INDUSTRIES INC.,DA 42,93237096d1d22bb24efff33cb12e3b97760f75cbe60691fcf5547c948fd569dc,True,1
41483,4480,230926_ML_3.npy,2026-09-23,2026-09-23 09:28:56.761743,7C7BD9,DA42,DIAMOND AIRCRAFT INDUSTRIES INC.,DA 42,2689a351a0fc77750a5d221340029b3c9d44830f5583d66397d78d03f1bb9ed7,True,5
41484,4481,230926_ML_3.npy,2026-09-23,2026-09-23 09:28:56.768780,7C7BD9,DA42,DIAMOND AIRCRAFT INDUSTRIES INC.,DA 42,3009d1cdc86c903e555edd6b8a5caef7d082279fb781bb5f6c6ce5715862396b,True,3
41485,4482,230926_ML_3.npy,2026-09-23,2026-09-23 09:29:00.200130,7C7BD9,DA42,DIAMOND AIRCRAFT INDUSTRIES INC.,DA 42,ae6be3235117e2d255e0c2994af7e1a1c708091c2871dab9771b4371e0f4f7c1,True,4
41486,4483,230926_ML_3.npy,2026-09-23,2026-09-23 09:29:06.419604,7C7BD9,DA42,DIAMOND AIRCRAFT INDUSTRIES INC.,DA 42,0bcacfab176bda4ebb90b86f3f98d88f9f2a0c730474cd51b13f15a75e5cf6dd,True,4
41495,4492,230926_ML_3.npy,2026-09-23,2026-09-23 09:29:25.507201,7C7BD9,DA42,DIAMOND AIRCRAFT INDUSTRIES INC.,DA 42,b406ce177069cd7f5383c53563f969ab6d3a1de4f75934da94a2cac08104c48a,True,1
41501,4498,230926_ML_3.npy,2026-09-23,2026-09-23 09:29:36.492698,7C7BD9,DA42,DIAMOND AIRCRAFT INDUSTRIES INC.,DA 42,375594ea58e3e213359ab7f045fbb4cb66a21736c0e19a6230f86d688eecd688,True,4
41504,4501,230926_ML_3.npy,2026-09-23,2026-09-23 09:29:41.848165,7C7BD9,DA42,DIAMOND AIRCRAFT INDUSTRIES INC.,DA 42,b406ce177069cd7f5383c53563f969ab6d3a1de4f75934da94a2cac08104c48a,True,4
41508,4505,230926_ML_3.npy,2026-09-23,2026-09-23 09:29:51.639106,7C7BD9,DA42,DIAMOND AIRCRAFT INDUSTRIES INC.,DA 42,05e7f78c2559ab181fda31741604948dae9fc9262f1b123ad8255955ea295eb8,True,2
41509,4506,230926_ML_3.npy,2026-09-23,2026-09-23 09:29:51.771073,7C7BD9,DA42,DIAMOND AIRCRAFT INDUSTRIES INC.,DA 42,b406ce177069cd7f5383c53563f969ab6d3a1de4f75934da94a2cac08104c48a,True,4
41518,4515,230926_ML_3.npy,2026-09-23,2026-09-23 09:30:40.704741,7C7B65,DA40,DIAMOND AIRCRAFT INDUSTRIES INC.,DA 40,1217b9258844a445fc204ec75b371a9085fcb86478c0928087aeef697b25f4dc,True,2
41519,4516,230926_ML_3.npy,2026-09-23,2026-09-23 09:30:41.354764,7C7BD9,DA42,DIAMOND AIRCRAFT INDUSTRIES INC.,DA 42,cc8be266981bde6d375553027957cd4ace7e82bcfa1e3380a977e369cdfdf917,True,3
41525,4522,230926_ML_3.npy,2026-09-23,2026-09-23 09:31:00.967754,7C7B65,DA40,DIAMOND AIRCRAFT INDUSTRIES INC.,DA 40,f6a99cecac71faf2a705c5f35aaf44a46afc5feac2268f199a145b4776bc96a5,True,3
41533,4530,230926_ML_3.npy,2026-09-23,2026-09-23 09:31:13.134050,7C7BD9,DA42,DIAMOND AIRCRAFT INDUSTRIES INC.,DA 42,86af2cf19e4d0ec553df7ce60c377b81c0b3d14db0cf1d9f9d20b4201b68c041,True,5
41539,4536,230926_ML_3.npy,2026-09-23,2026-09-23 09:31:21.321499,7C7BD9,DA42,DIAMOND AIRCRAFT INDUSTRIES INC.,DA 42,0fd6986b5b84e5fc5472ef38f168b22270701a7748ffbd9df8c1b1af4832d7c1,True,5
41541,4538,230926_ML_3.npy,2026-09-23,2026-09-23 09:31:24.313135,7C7BD9,DA42,DIAMOND AIRCRAFT INDUSTRIES INC.,DA 42,a70eb09cfee4462bd846cc82ef890d5849de6f5e1ce6f17aa263540505cd1395,True,4
41545,4542,230926_ML_3.npy,2026-09-23,2026-09-23 09:31:27.201359,7C7BD9,DA42,DIAMOND AIRCRAFT INDUSTRIES INC.,DA 42,7410884ce9dd3aadf940fd90496bbc66174051db2a4403a8bf7e76fa70767108,True,1
41546,4543,230926_ML_3.npy,2026-09-23,2026-09-23 09:31:33.123298,7C7BD9,DA42,DIAMOND AIRCRAFT INDUSTRIES INC.,DA 42,b406ce177069cd7f5383c53563f969ab6d3a1de4f75934da94a2cac08104c48a,True,5
41547,4544,230926_ML_3.npy,2026-09-23,2026-09-23 09:31:33.764985,7C7BD9,DA42,DIAMOND AIRCRAFT INDUSTRIES INC.,DA 42,c1becce876f630ec6284503c94f9deedb038f7110487c20e73d68366e693c04d,True,5
41548,4545,230926_ML_3.npy,2026-09-23,2026-09-23 09:31:33.771010,7C7BD9,DA42,DIAMOND AIRCRAFT INDUSTRIES INC.,DA 42,97cf46b8cd4dbf671e7ca3144b35a1ede00482fdff9682f1c3266b0fdef210a1,True,3
41549,4546,230926_ML_3.npy,2026-09-23,2026-09-23 09:31:35.867078,7C7BD9,DA42,DIAMOND AIRCRAFT INDUSTRIES INC.,DA 42,6ae731528334d390f04133f27b2d64560e0d4e7d65a9cce3fdf25ed0937b9052,True,2
41550,4547,230926_ML_3.npy,2026-09-23,2026-09-23 09:31:35.873959,7C7BD9,DA42,DIAMOND AIRCRAFT INDUSTRIES INC.,DA 42,a060961a7a6fdf483ba9b00db1968da4dcb10ca11e3ce3367dbb158a60a4b86e,True,1
41552,4549,230926_ML_3.npy,2026-09-23,2026-09-23 09:31:37.225223,7C7BD9,DA42,DIAMOND AIRCRAFT INDUSTRIES INC.,DA 42,e75760bd320124b8b78dc94e48e82ba5c65189cc51b7673cfcefff861ff18fba,True,2
41554,4551,230926_ML_3.npy,2026-09-23,2026-09-23 09:31:41.742679,7C7BD9,DA42,DIAMOND AIRCRAFT INDUSTRIES INC.,DA 42,1c2ef846034341e23bcde6ad7e3dc61f3a3152ae0adb2f94374f01c1418035e0,True,3
41557,4554,230926_ML_3.npy,2026-09-23,2026-09-23 09:31:44.020747,7C7BD9,DA42,DIAMOND AIRCRAFT INDUSTRIES INC.,DA 42,ed05c86cf59ba621af4418ee7ca9fe020dd19e7c519e6a0ba23a13031f916d4f,True,1
41558,4555,230926_ML_3.npy,2026-09-23,2026-09-23 09:31:46.567786,7C7BD9,DA42,DIAMOND AIRCRAFT INDUSTRIES INC.,DA 42,ed05c86cf59ba621af4418ee7ca9fe020dd19e7c519e6a0ba23a13031f916d4f,True,1
41559,4556,230926_ML_3.npy,2026-09-23,2026-09-23 09:31:46.961424,7C7BD9,DA42,DIAMOND AIRCRAFT INDUSTRIES INC.,DA 42,96f4cd46366d1fd0ec6f37d658faca22aae3b8b463d3675bfe7e00fede23b94a,True,2
41576,4573,230926_ML_3.npy,2026-09-23,2026-09-23 09:33:04.730882,7C7B65,DA40,DIAMOND AIRCRAFT INDUSTRIES INC.,DA 40,1f9546c507553a1866c21c4ae5193342247e2fb47a96159d4527746845e8f639,True,2
41583,4580,230926_ML_3.npy,2026-09-23,2026-09-23 09:33:11.118364,7C7B65,DA40,DIAMOND AIRCRAFT INDUSTRIES INC.,DA 40,f72fd34ba6a0c098e5ead1a2ac61e6c27e75978462f97b5b55344d134fedf809,True,4
41605,4602,230926_ML_3.npy,2026-09-23,2026-09-23 09:33:43.605492,7C7BD9,DA42,DIAMOND AIRCRAFT INDUSTRIES INC.,DA 42,4e3d83626a737461ea42fd19bb74beb879336b3f87c528ff09488b202f47f92e,True,2
41608,4605,230926_ML_3.npy,2026-09-23,2026-09-23 09:33:58.938209,7C7BD9,DA42,DIAMOND AIRCRAFT INDUSTRIES INC.,DA 42,1fdf030357dc45615b52e24d66abf8d2b4f44cd6bb0cc7d2ddf51b448c3745bd,True,3
41609,4606,230926_ML_3.npy,2026-09-23,2026-09-23 09:34:00.005671,7C7BD9,DA42,DIAMOND AIRCRAFT INDUSTRIES INC.,DA 42,caaf32dbf7c46613cc6f15e5914ba5279c6ffa43834d9bca6e85155bd234be75,True,4
41612,4609,230926_ML_3.npy,2026-09-23,2026-09-23 09:34:06.553261,7C7BD9,DA42,DIAMOND AIRCRAFT INDUSTRIES INC.,DA 42,ed05c86cf59ba621af4418ee7ca9fe020dd19e7c519e6a0ba23a13031f916d4f,True,4
41613,4610,230926_ML_3.npy,2026-09-23,2026-09-23 09:34:06.568633,7C7BD9,DA42,DIAMOND AIRCRAFT INDUSTRIES INC.,DA 42,b406ce177069cd7f5383c53563f969ab6d3a1de4f75934da94a2cac08104c48a,True,5
41614,4611,230926_ML_3.npy,2026-09-23,2026-09-23 09:34:20.972990,7C7BD9,DA42,DIAMOND AIRCRAFT INDUSTRIES INC.,DA 42,fcb2a480d1daf6030c11d5072c4115d1138e749e64df4914d7698c17ee8f4bc8,True,1
41615,4612,230926_ML_3.npy,2026-09-23,2026-09-23 09:34:20.978731,7C7BD9,DA42,DIAMOND AIRCRAFT INDUSTRIES INC.,DA 42,bf7344665f4a4bd7150d7a87de0c6768e1a45d41a893402aa7d44a8939e5f6f5,True,4
41617,4614,230926_ML_3.npy,2026-09-23,2026-09-23 09:34:22.771116,7C7BD9,DA42,DIAMOND AIRCRAFT INDUSTRIES INC.,DA 42,778fc734d64b7106effde611b41701051f0eae130ad39ffe35850bda8f3c740b,True,2
41618,4615,230926_ML_3.npy,2026-09-23,2026-09-23 09:34:24.095011,7C7BD9,DA42,DIAMOND AIRCRAFT INDUSTRIES INC.,DA 42,ed05c86cf59ba621af4418ee7ca9fe020dd19e7c519e6a0ba23a13031f916d4f,True,3
41619,4616,230926_ML_3.npy,2026-09-23,2026-09-23 09:34:27.322768,7C7BD9,DA42,DIAMOND AIRCRAFT INDUSTRIES INC.,DA 42,79891c539cc9ac898a867adf24f435c56b4b60a873893e08ee60c8e314c91bb2,True,4
41620,4617,230926_ML_3.npy,2026-09-23,2026-09-23 09:34:29.191820,7C7BD9,DA42,DIAMOND AIRCRAFT INDUSTRIES INC.,DA 42,32b726a3d7bce2902bd7a9133230230230e69db3dfb5f8c95b8b5050aa6b0299,True,4
41622,4619,230926_ML_3.npy,2026-09-23,2026-09-23 09:34:31.609916,7C7BD9,DA42,DIAMOND AIRCRAFT INDUSTRIES INC.,DA 42,b406ce177069cd7f5383c53563f969ab6d3a1de4f75934da94a2cac08104c48a,True,1
41625,4622,230926_ML_3.npy,2026-09-23,2026-09-23 09:34:32.368904,7C7BD9,DA42,DIAMOND AIRCRAFT INDUSTRIES INC.,DA 42,e67f697e68b12becd4da89fad048f50acc96a79a73865f78aec6a4bd56155824,True,5
41626,4623,230926_ML_3.npy,2026-09-23,2026-09-23 09:35:18.615425,7C7BD9,DA42,DIAMOND AIRCRAFT INDUSTRIES INC.,DA 42,b2cb899047ce3024d2f6ba5588bb353b90fa67f429a6ee5c0a5ce248e9bc7d42,True,3
41628,4625,230926_ML_3.npy,2026-09-23,2026-09-23 09:35:31.153859,7C7BD9,DA42,DIAMOND AIRCRAFT INDUSTRIES INC.,DA 42,eff257b9cc62a52756801e8e9f091c38661ffa1a204191ec518f9519d6e5113a,True,2
41630,4627,230926_ML_3.npy,2026-09-23,2026-09-23 09:35:54.516393,7C7BD9,DA42,DIAMOND AIRCRAFT INDUSTRIES INC.,DA 42,423f5d55520c555c4ea41d7b3ed811cdcd1e8999233e2f2127b7601a1677ad37,True,5
41631,4628,230926_ML_3.npy,2026-09-23,2026-09-23 09:35:54.522704,7C7BD9,DA42,DIAMOND AIRCRAFT INDUSTRIES INC.,DA 42,faddb02508cc26f3f24b7c5206459c9bfa85f213a385d2348088d956bd8df0ea,True,2
41634,4631,230926_ML_3.npy,2026-09-23,2026-09-23 09:36:05.336871,7C7BD9,DA42,DIAMOND AIRCRAFT INDUSTRIES INC.,DA 42,ef149b4584e372e7288029944ef0b371c807d0154a1a7ccfd2d78794f74b6931,True,4
41635,4632,230926_ML_3.npy,2026-09-23,2026-09-23 09:36:05.340476,7C7BD9,DA42,DIAMOND AIRCRAFT INDUSTRIES INC.,DA 42,7b73b047d31ac6d711d879808a27d550e513c65372f64e31e4a6964d90930ef5,True,4
41636,4633,230926_ML_3.npy,2026-09-23,2026-09-23 09:36:07.279755,7C7BD9,DA42,DIAMOND AIRCRAFT INDUSTRIES INC.,DA 42,b406ce177069cd7f5383c53563f969ab6d3a1de4f75934da94a2cac08104c48a,True,5
41637,4634,230926_ML_3.npy,2026-09-23,2026-09-23 09:36:09.765565,7C7BD9,DA42,DIAMOND AIRCRAFT INDUSTRIES INC.,DA 42,dee0e2e6c1f357434d3add20371e64b41f93c82991008a67959b06d9afc851bb,True,4
41638,4635,230926_ML_3.npy,2026-09-23,2026-09-23 09:36:09.771375,7C7BD9,DA42,DIAMOND AIRCRAFT INDUSTRIES INC.,DA 42,1740798ac6f20e73463c244bc1282d3a96bb6575a2dd46776e49447a814727e9,True,3
41639,4636,230926_ML_3.npy,2026-09-23,2026-09-23 09:36:10.171135,7C7BD9,DA42,DIAMOND AIRCRAFT INDUSTRIES INC.,DA 42,9ae0d2bb4ef686631c5e400753a539bbcffbac49a45dcf5f2f5e211b7ad9f2e6,True,1
41642,4639,230926_ML_3.npy,2026-09-23,2026-09-23 09:36:12.133079,7C7BD9,DA42,DIAMOND AIRCRAFT INDUSTRIES INC.,DA 42,78df36b66cc416d639cf7ff134e52757b270082d502c349a518a8a66da274364,True,5
41644,4641,230926_ML_3.npy,2026-09-23,2026-09-23 09:36:13.513336,7C7BD9,DA42,DIAMOND AIRCRAFT INDUSTRIES INC.,DA 42,249092545ad96d3c00879e325cdc02eb456cbcc0717403ef4a92017694cccc05,True,5
41650,4647,230926_ML_3.npy,2026-09-23,2026-09-23 09:36:22.692011,7C7BD9,DA42,DIAMOND AIRCRAFT INDUSTRIES INC.,DA 42,06d5e5ba0fe7923a311242007f1bba2dcb82ebe90fc3bfa8045592a75470b40e,True,2
41651,4648,230926_ML_3.npy,2026-09-23,2026-09-23 09:36:22.698309,7C7BD9,DA42,DIAMOND AIRCRAFT INDUSTRIES INC.,DA 42,daf881ec2a3d511208c2fa623e60836fb651d34350d321e675a49ad055f18f95,True,5
41653,4650,230926_ML_3.npy,2026-09-23,2026-09-23 09:36:24.593794,7C7BD9,DA42,DIAMOND AIRCRAFT INDUSTRIES INC.,DA 42,ed05c86cf59ba621af4418ee7ca9fe020dd19e7c519e6a0ba23a13031f916d4f,True,3
41655,4652,230926_ML_3.npy,2026-09-23,2026-09-23 09:36:32.341587,7C7BD9,DA42,DIAMOND AIRCRAFT INDUSTRIES INC.,DA 42,b406ce177069cd7f5383c53563f969ab6d3a1de4f75934da94a2cac08104c48a,True,1
41656,4653,230926_ML_3.npy,2026-09-23,2026-09-23 09:36:33.552754,7C7BD9,DA42,DIAMOND AIRCRAFT INDUSTRIES INC.,DA 42,b406ce177069cd7f5383c53563f969ab6d3a1de4f75934da94a2cac08104c48a,True,5
41657,4654,230926_ML_3.npy,2026-09-23,2026-09-23 09:36:34.825619,7C7BD9,DA42,DIAMOND AIRCRAFT INDUSTRIES INC.,DA 42,b406ce177069cd7f5383c53563f969ab6d3a1de4f75934da94a2cac08104c48a,True,2
41659,4656,230926_ML_3.npy,2026-09-23,2026-09-23 09:36:35.798785,7C7BD9,DA42,DIAMOND AIRCRAFT INDUSTRIES INC.,DA 42,86b64558b7bb429014fa8e1e61c167b313e1a994da738b29f6751605c812a75f,True,5
41661,4658,230926_ML_3.npy,2026-09-23,2026-09-23 09:36:36.658332,7C7BD9,DA42,DIAMOND AIRCRAFT INDUSTRIES INC.,DA 42,9c98fccb2bed186dc85b5fb61a82e22522b87af94543f8e9cabf6fdfa12b57c0,True,1
41663,4660,230926_ML_3.npy,2026-09-23,2026-09-23 09:36:37.358696,7C7BD9,DA42,DIAMOND AIRCRAFT INDUSTRIES INC.,DA 42,b406ce177069cd7f5383c53563f969ab6d3a1de4f75934da94a2cac08104c48a,True,4
41672,4669,230926_ML_3.npy,2026-09-23,2026-09-23 09:38:39.138154,7C7BD9,DA42,DIAMOND AIRCRAFT INDUSTRIES INC.,DA 42,041e5185b1a59a50c58664f2715e1e8a5774c42af63e2eda03edcbbeb2832c18,True,1
41681,4678,230926_ML_3.npy,2026-09-23,2026-09-23 09:38:53.773617,7C7BD9,DA42,DIAMOND AIRCRAFT INDUSTRIES INC.,DA 42,b406ce177069cd7f5383c53563f969ab6d3a1de4f75934da94a2cac08104c48a,True,5
41684,4681,230926_ML_3.npy,2026-09-23,2026-09-23 09:38:57.203828,7C7BD9,DA42,DIAMOND AIRCRAFT INDUSTRIES INC.,DA 42,ed05c86cf59ba621af4418ee7ca9fe020dd19e7c519e6a0ba23a13031f916d4f,True,2
41685,4682,230926_ML_3.npy,2026-09-23,2026-09-23 09:39:00.170260,7C7BD9,DA42,DIAMOND AIRCRAFT INDUSTRIES INC.,DA 42,4719e7ef4bdbe7f03feb5cae15151f534faba83368c5e3e2ce9159e6a8a30b06,True,1
41689,4686,230926_ML_3.npy,2026-09-23,2026-09-23 09:39:03.836939,7C7C41,DA40,DIAMOND AIRCRAFT INDUSTRIES INC.,DA 40,87160a48ecc9571ec92c8000adea3466c12339bb954b1e7a2e1c934a84d0bb5e,True,2
41692,4689,230926_ML_3.npy,2026-09-23,2026-09-23 09:39:04.197401,7C7BD9,DA42,DIAMOND AIRCRAFT INDUSTRIES INC.,DA 42,8aefb1b4fdb696f7941d1f1b42410e7bda0c18dcda0460180df5c348d5714319,True,4
41695,4692,230926_ML_3.npy,2026-09-23,2026-09-23 09:39:07.036835,7C7C41,DA40,DIAMOND AIRCRAFT INDUSTRIES INC.,DA 40,27278a185b954d1f54cf28d01e83f2635da82c79f151c2b6d91e1bd38c013d98,True,4
41696,4693,230926_ML_3.npy,2026-09-23,2026-09-23 09:39:13.830009,7C7BD9,DA42,DIAMOND AIRCRAFT INDUSTRIES INC.,DA 42,b406ce177069cd7f5383c53563f969ab6d3a1de4f75934da94a2cac08104c48a,True,3
41702,4699,230926_ML_3.npy,2026-09-23,2026-09-23 09:39:16.753175,7C7C41,DA40,DIAMOND AIRCRAFT INDUSTRIES INC.,DA 40,326ef80a60c0daf684603e5b42569c758e5bb992e4f5b81090e706626a2b7ddb,True,3
41705,4702,230926_ML_3.npy,2026-09-23,2026-09-23 09:39:18.442455,7C7C41,DA40,DIAMOND AIRCRAFT INDUSTRIES INC.,DA 40,53dcf9a19e90c5b2fb22e2e8bad31a634dac6ed8a16ef0bfe54b159b1ffa25e1,True,1
41711,4708,230926_ML_3.npy,2026-09-23,2026-09-23 09:39:21.988516,7C7BD9,DA42,DIAMOND AIRCRAFT INDUSTRIES INC.,DA 42,ed05c86cf59ba621af4418ee7ca9fe020dd19e7c519e6a0ba23a13031f916d4f,True,1
41712,4709,230926_ML_3.npy,2026-09-23,2026-09-23 09:39:22.516011,7C7BD9,DA42,DIAMOND AIRCRAFT INDUSTRIES INC.,DA 42,b406ce177069cd7f5383c53563f969ab6d3a1de4f75934da94a2cac08104c48a,True,3
41713,4710,230926_ML_3.npy,2026-09-23,2026-09-23 09:39:23.769492,7C7BD9,DA42,DIAMOND AIRCRAFT INDUSTRIES INC.,DA 42,b406ce177069cd7f5383c53563f969ab6d3a1de4f75934da94a2cac08104c48a,True,5
41714,4711,230926_ML_3.npy,2026-09-23,2026-09-23 09:39:24.330148,7C7C41,DA40,DIAMOND AIRCRAFT INDUSTRIES INC.,DA 40,e447b171d178d7fa49e0001f5f6304f9f75bff057d54c937e257d1a7f7d94c75,True,5
41720,4717,230926_ML_3.npy,2026-09-23,2026-09-23 09:39:32.551579,7C7BD9,DA42,DIAMOND AIRCRAFT INDUSTRIES INC.,DA 42,b406ce177069cd7f5383c53563f969ab6d3a1de4f75934da94a2cac08104c48a,True,2
41728,4725,230926_ML_3.npy,2026-09-23,2026-09-23 09:39:36.256156,7C7BD9,DA42,DIAMOND AIRCRAFT INDUSTRIES INC.,DA 42,b406ce177069cd7f5383c53563f969ab6d3a1de4f75934da94a2cac08104c48a,True,4
41729,4726,230926_ML_3.npy,2026-09-23,2026-09-23 09:39:37.507899,7C7C41,DA40,DIAMOND AIRCRAFT INDUSTRIES INC.,DA 40,064e2d668319fde9b9289ff38917a8e2ec7a608255301d8df92c9185bf016ce9,True,3
41733,4730,230926_ML_3.npy,2026-09-23,2026-09-23 09:39:40.234193,7C7BD9,DA42,DIAMOND AIRCRAFT INDUSTRIES INC.,DA 42,47faffe1e3d307600c79dc02cad3b143f7d6af82c84ee82046512fc547c8b96d,True,3
41738,4735,230926_ML_3.npy,2026-09-23,2026-09-23 09:39:42.938766,7C7C41,DA40,DIAMOND AIRCRAFT INDUSTRIES INC.,DA 40,c3b7adb475e0fb95e3e6b237de42b6f085b2f027b78ac16e3ce4c7ab24c52e6a,True,2
41742,4739,230926_ML_3.npy,2026-09-23,2026-09-23 09:39:47.289597,7C7C41,DA40,DIAMOND AIRCRAFT INDUSTRIES INC.,DA 40,5ed5f8e81d35c504b7acb9e69bb776747abc719f488351bc6b10c4be59be9b4f,True,3
41751,4748,230926_ML_3.npy,2026-09-23,2026-09-23 09:40:51.756244,7C7B65,DA40,DIAMOND AIRCRAFT INDUSTRIES INC.,DA 40,a301151cdf35553cd5e84022b2dc7d55fe86a2ef9d1d6f6b357e72a4113003e2,True,4
41753,4750,230926_ML_3.npy,2026-09-23,2026-09-23 09:40:54.752380,7C7BD9,DA42,DIAMOND AIRCRAFT INDUSTRIES INC.,DA 42,e7ffe82ab5fed8a826257d60c1f490da54539cb22c568db895b39c8953a15345,True,2
41762,4759,230926_ML_3.npy,2026-09-23,2026-09-23 09:41:06.466639,7C7BD9,DA42,DIAMOND AIRCRAFT INDUSTRIES INC.,DA 42,b406ce177069cd7f5383c53563f969ab6d3a1de4f75934da94a2cac08104c48a,True,5
41764,4761,230926_ML_3.npy,2026-09-23,2026-09-23 09:41:09.439527,7C7BD9,DA42,DIAMOND AIRCRAFT INDUSTRIES INC.,DA 42,e314ce774ef59f49fbd9f3b0beaebd31ab93a85f417316967af01e5902695f7b,True,5
41765,4762,230926_ML_3.npy,2026-09-23,2026-09-23 09:41:10.263703,7C7BD9,DA42,DIAMOND AIRCRAFT INDUSTRIES INC.,DA 42,b406ce177069cd7f5383c53563f969ab6d3a1de4f75934da94a2cac08104c48a,True,4
41766,4763,230926_ML_3.npy,2026-09-23,2026-09-23 09:41:10.507699,7C7BD9,DA42,DIAMOND AIRCRAFT INDUSTRIES INC.,DA 42,97cdade8b25c379d79934b2410cc10c58c1281292f92c379816c41740b01351b,True,1
41767,4764,230926_ML_3.npy,2026-09-23,2026-09-23 09:41:10.511297,7C7BD9,DA42,DIAMOND AIRCRAFT INDUSTRIES INC.,DA 42,8c89a81c529a9a09ac2262f8ff9b51525ad7eb29f1e9f968f5395981334fff5b,True,4
41771,4768,230926_ML_3.npy,2026-09-23,2026-09-23 09:41:11.615374,7C7BD9,DA42,DIAMOND AIRCRAFT INDUSTRIES INC.,DA 42,8c89a81c529a9a09ac2262f8ff9b51525ad7eb29f1e9f968f5395981334fff5b,True,4
41774,4771,230926_ML_3.npy,2026-09-23,2026-09-23 09:41:14.075601,7C7B65,DA40,DIAMOND AIRCRAFT INDUSTRIES INC.,DA 40,5f07a3b8f5f9f85b27f9292ecc800e9cc45cc8de9dfe8b236fb06fbfc4f43758,True,4
41776,4773,230926_ML_3.npy,2026-09-23,2026-09-23 09:41:14.628677,7C7BD9,DA42,DIAMOND AIRCRAFT INDUSTRIES INC.,DA 42,7e5793ef9b7b44a4aa0013c49a262661f888701b3313a1f1057a8dc5dc5bcc9e,True,5
41777,4774,230926_ML_3.npy,2026-09-23,2026-09-23 09:41:15.952266,7C7BD9,DA42,DIAMOND AIRCRAFT INDUSTRIES INC.,DA 42,eff257b9cc62a52756801e8e9f091c38661ffa1a204191ec518f9519d6e5113a,True,5
41779,4776,230926_ML_3.npy,2026-09-23,2026-09-23 09:41:23.996248,7C7BD9,DA42,DIAMOND AIRCRAFT INDUSTRIES INC.,DA 42,5e457101488dd49bbf316d978b24a263809c5592514e8ba7ee5e96b460f92733,True,5
41781,4778,230926_ML_3.npy,2026-09-23,2026-09-23 09:41:24.503511,7C7BD9,DA42,DIAMOND AIRCRAFT INDUSTRIES INC.,DA 42,1796a79f4239c0cdef0ea2c1fe4ba932c3b1bcea395bff83312e5b1cdbe4130e,True,4
41786,4783,230926_ML_3.npy,2026-09-23,2026-09-23 09:41:26.955813,7C7BD9,DA42,DIAMOND AIRCRAFT INDUSTRIES INC.,DA 42,b92788a5b837c6a266724614ca31899ff8137120984b8257ebf8c6692f7f2ff6,True,4
41790,4787,230926_ML_3.npy,2026-09-23,2026-09-23 09:41:29.549140,7C7BD9,DA42,DIAMOND AIRCRAFT INDUSTRIES INC.,DA 42,0571a686207ddec037510901dc200e0015f9d561313eb7fb6aa3c0703a4a317e,True,3
41794,4791,230926_ML_3.npy,2026-09-23,2026-09-23 09:41:30.941582,7C7BD9,DA42,DIAMOND AIRCRAFT INDUSTRIES INC.,DA 42,759fdef0b57288ceba309cc8c801328152ff5a253fcb9a42f149c4c9d5930fae,True,3
41795,4792,230926_ML_3.npy,2026-09-23,2026-09-23 09:41:30.947878,7C7BD9,DA42,DIAMOND AIRCRAFT INDUSTRIES INC.,DA 42,0571a686207ddec037510901dc200e0015f9d561313eb7fb6aa3c0703a4a317e,True,2
41797,4794,230926_ML_3.npy,2026-09-23,2026-09-23 09:41:31.409051,7C7BD9,DA42,DIAMOND AIRCRAFT INDUSTRIES INC.,DA 42,ed05c86cf59ba621af4418ee7ca9fe020dd19e7c519e6a0ba23a13031f916d4f,True,2
41802,4799,230926_ML_3.npy,2026-09-23,2026-09-23 09:41:34.907392,7C7BD9,DA42,DIAMOND AIRCRAFT INDUSTRIES INC.,DA 42,107ae9405082b9f2fd8bdf8bdd9bb2f044c59770efc8a26c4de0f7626a8cbfe2,True,1
41803,4800,230926_ML_3.npy,2026-09-23,2026-09-23 09:41:34.912113,7C7BD9,DA42,DIAMOND AIRCRAFT INDUSTRIES INC.,DA 42,e0298e4bd4177e0a6c563937225cec7649fb3f4efe9306bcae5632ad28e668d8,True,1
41806,4803,230926_ML_3.npy,2026-09-23,2026-09-23 09:41:36.327264,7C7BD9,DA42,DIAMOND AIRCRAFT INDUSTRIES INC.,DA 42,b406ce177069cd7f5383c53563f969ab6d3a1de4f75934da94a2cac08104c48a,True,3
41808,4805,230926_ML_3.npy,2026-09-23,2026-09-23 09:41:36.419372,7C7BD9,DA42,DIAMOND AIRCRAFT INDUSTRIES INC.,DA 42,ffc594a17ad61b795ca544feb2474db70437b2dfa01dcdd6a71eac7d6a3d4d1c,True,4
41810,4807,230926_ML_3.npy,2026-09-23,2026-09-23 09:41:37.431124,7C7BD9,DA42,DIAMOND AIRCRAFT INDUSTRIES INC.,DA 42,5bdb18ec355a0800b981b9863791abf519f4f8c19b15ae77b8015caf7ee0bac4,True,2
41811,4808,230926_ML_3.npy,2026-09-23,2026-09-23 09:41:37.609298,7C7BD9,DA42,DIAMOND AIRCRAFT INDUSTRIES INC.,DA 42,b406ce177069cd7f5383c53563f969ab6d3a1de4f75934da94a2cac08104c48a,True,2
41814,4811,230926_ML_3.npy,2026-09-23,2026-09-23 09:41:40.066906,7C7BD9,DA42,DIAMOND AIRCRAFT INDUSTRIES INC.,DA 42,b406ce177069cd7f5383c53563f969ab6d3a1de4f75934da94a2cac08104c48a,True,4
41815,4812,230926_ML_3.npy,2026-09-23,2026-09-23 09:41:41.201202,7C7BD9,DA42,DIAMOND AIRCRAFT INDUSTRIES INC.,DA 42,30334c00c27b91ade944722e0aaf2f5522ede32a545034b7c8937b5c9805e16b,True,1
41818,4815,230926_ML_3.npy,2026-09-23,2026-09-23 09:41:43.773011,7C7BD9,DA42,DIAMOND AIRCRAFT INDUSTRIES INC.,DA 42,ed05c86cf59ba621af4418ee7ca9fe020dd19e7c519e6a0ba23a13031f916d4f,True,3
41823,4820,230926_ML_3.npy,2026-09-23,2026-09-23 09:41:48.800772,7C7B65,DA40,DIAMOND AIRCRAFT INDUSTRIES INC.,DA 40,fb31ca011eeae7010c4406dc413081d415565367b37601f433395785893d8592,True,4
41843,4840,230926_ML_3.npy,2026-09-23,2026-09-23 09:43:07.135616,7C7C41,DA40,DIAMOND AIRCRAFT INDUSTRIES INC.,DA 40,ab9b6033d6be9ecc43fd6d457fa6191ec61cb6e00edfb9ea8a27ad7859b47d16,True,5
41849,4846,230926_ML_3.npy,2026-09-23,2026-09-23 09:43:12.248419,7C7B65,DA40,DIAMOND AIRCRAFT INDUSTRIES INC.,DA 40,d3cfc2a6611388ad56a884fbc96772ea25c4e5455f0017562792ebf6e09086c1,True,4
41858,4855,230926_ML_3.npy,2026-09-23,2026-09-23 09:43:21.275967,7C7B65,DA40,DIAMOND AIRCRAFT INDUSTRIES INC.,DA 40,a0e38392bab4202c59f8c5968eed3f58ff315a3ee5d0898bc4155b0c9b19a5a7,True,5
41867,4864,230926_ML_3.npy,2026-09-23,2026-09-23 09:43:36.425974,7C7BD9,DA42,DIAMOND AIRCRAFT INDUSTRIES INC.,DA 42,ed05c86cf59ba621af4418ee7ca9fe020dd19e7c519e6a0ba23a13031f916d4f,True,5
41868,4865,230926_ML_3.npy,2026-09-23,2026-09-23 09:43:37.391007,7C7BD9,DA42,DIAMOND AIRCRAFT INDUSTRIES INC.,DA 42,46a4fab2b39c7a3b4286a5345e0136c8f34d7b0df7be03b876dcd92669f73251,True,3
41870,4867,230926_ML_3.npy,2026-09-23,2026-09-23 09:43:38.034455,7C7B65,DA40,DIAMOND AIRCRAFT INDUSTRIES INC.,DA 40,4bb31e47a5d0a29bd19379cff3a71191e61e42cc23ae3f4e7587a6e1c902230d,True,4
41872,4869,230926_ML_3.npy,2026-09-23,2026-09-23 09:43:41.001329,7C7BD9,DA42,DIAMOND AIRCRAFT INDUSTRIES INC.,DA 42,b406ce177069cd7f5383c53563f969ab6d3a1de4f75934da94a2cac08104c48a,True,3
41881,4878,230926_ML_3.npy,2026-09-23,2026-09-23 09:43:50.304617,7C7BD9,DA42,DIAMOND AIRCRAFT INDUSTRIES INC.,DA 42,55927ed565d6d55fdd07cfce46b8502e6a2375e4ce4c4867a7f7e405e32fad25,True,3
41882,4879,230926_ML_3.npy,2026-09-23,2026-09-23 09:43:50.310953,7C7BD9,DA42,DIAMOND AIRCRAFT INDUSTRIES INC.,DA 42,3f91ac98feb3e35a76c0ba5ee23ae27343eb93a7f3fa0c34c1eb2c67b0b9f812,True,5
41889,4886,230926_ML_3.npy,2026-09-23,2026-09-23 09:43:56.564973,7C7BD9,DA42,DIAMOND AIRCRAFT INDUSTRIES INC.,DA 42,5baaa806252f0797bf851fcd18be05223035c2e4a729014a2e9347bd9b25b74e,True,5
41892,4889,230926_ML_3.npy,2026-09-23,2026-09-23 09:44:06.363748,7C7BD9,DA42,DIAMOND AIRCRAFT INDUSTRIES INC.,DA 42,ed05c86cf59ba621af4418ee7ca9fe020dd19e7c519e6a0ba23a13031f916d4f,True,5
41896,4893,230926_ML_3.npy,2026-09-23,2026-09-23 09:44:19.135152,7C7BD9,DA42,DIAMOND AIRCRAFT INDUSTRIES INC.,DA 42,b61475b217e3f6245911d3365e8e2705847b5064b29b23115de5619bf6adb364,True,4
41897,4894,230926_ML_3.npy,2026-09-23,2026-09-23 09:44:19.138744,7C7BD9,DA42,DIAMOND AIRCRAFT INDUSTRIES INC.,DA 42,e67f697e68b12becd4da89fad048f50acc96a79a73865f78aec6a4bd56155824,True,3
41899,4896,230926_ML_3.npy,2026-09-23,2026-09-23 09:44:21.856964,7C7BD9,DA42,DIAMOND AIRCRAFT INDUSTRIES INC.,DA 42,b406ce177069cd7f5383c53563f969ab6d3a1de4f75934da94a2cac08104c48a,True,4
41900,4897,230926_ML_3.npy,2026-09-23,2026-09-23 09:44:25.045193,7C7BD9,DA42,DIAMOND AIRCRAFT INDUSTRIES INC.,DA 42,27e7a00d618cfbf2e6d5a4cb2a4ccc4558d817a8d7c13a420ade2556aefcb182,True,2
41901,4898,230926_ML_3.npy,2026-09-23,2026-09-23 09:44:28.045091,7C7BD9,DA42,DIAMOND AIRCRAFT INDUSTRIES INC.,DA 42,b406ce177069cd7f5383c53563f969ab6d3a1de4f75934da94a2cac08104c48a,True,3
41902,4899,230926_ML_3.npy,2026-09-23,2026-09-23 09:44:37.560166,7C7BD9,DA42,DIAMOND AIRCRAFT INDUSTRIES INC.,DA 42,c3bf2b114de92d20b5e57b37f1179682bfee028c4de5ef741644c5b17ab4e3cc,True,3
41904,4901,230926_ML_3.npy,2026-09-23,2026-09-23 09:44:40.526766,7C7BD9,DA42,DIAMOND AIRCRAFT INDUSTRIES INC.,DA 42,5273653fd7c38b5732c3a0412b2853db60319b703e311693416ac13b96f20caa,True,3
41906,4903,230926_ML_3.npy,2026-09-23,2026-09-23 09:44:43.095357,7C7BD9,DA42,DIAMOND AIRCRAFT INDUSTRIES INC.,DA 42,bc884c120e043e2690815687efa3cd5d21a61a2b14f1efbcd01a26f2f30dfd20,True,4
41909,4906,230926_ML_3.npy,2026-09-23,2026-09-23 09:44:53.203253,7C7C41,DA40,DIAMOND AIRCRAFT INDUSTRIES INC.,DA 40,ec5f1a2e4b354c4e4cb158936c43220ef7cc7e03f6e05c471196159c4a9d187f,True,2
41912,4909,230926_ML_3.npy,2026-09-23,2026-09-23 09:45:01.078861,7C7C41,DA40,DIAMOND AIRCRAFT INDUSTRIES INC.,DA 40,8410252302c22083748e6741a352dd6d52d0a1ae9a96bb11374b90eceabf1e80,True,5
41913,4910,230926_ML_3.npy,2026-09-23,2026-09-23 09:45:01.637386,7C7C41,DA40,DIAMOND AIRCRAFT INDUSTRIES INC.,DA 40,3c6a9cfc03ae19a8e1655e3ea075659983dbdd400cbe8c3360ecf93bb7c119e8,True,1
41920,4917,230926_ML_3.npy,2026-09-23,2026-09-23 09:45:11.828591,7C7C41,DA40,DIAMOND AIRCRAFT INDUSTRIES INC.,DA 40,87f3b8c913383a514ecf7b409374ba43de4d858432da49bbe6a7ccb310a4a083,True,2
41927,4924,230926_ML_3.npy,2026-09-23,2026-09-23 09:45:20.442877,7C7C41,DA40,DIAMOND AIRCRAFT INDUSTRIES INC.,DA 40,dfe845ead816b84075cba9b0a9ab6b63da01b1dd1175f68560551e61db4aafbe,True,5
41928,4925,230926_ML_3.npy,2026-09-23,2026-09-23 09:45:20.449265,7C7C41,DA40,DIAMOND AIRCRAFT INDUSTRIES INC.,DA 40,7e7f3c0f45fc4777132962c797e84cca280f09545fe9bc4409e2fe00c198c602,True,5
41930,4927,230926_ML_3.npy,2026-09-23,2026-09-23 09:45:24.403772,7C7C41,DA40,DIAMOND AIRCRAFT INDUSTRIES INC.,DA 40,c3a5bf9e95130043f96ef21028c83566ee99d8987fd66473e27e98f6a1eefa8e,True,2
41931,4928,230926_ML_3.npy,2026-09-23,2026-09-23 09:45:24.835024,7C7C41,DA40,DIAMOND AIRCRAFT INDUSTRIES INC.,DA 40,3e23f3241ae1dae1824b1c99f8dd2a2d50440ed39e178ac6f93c546b6a6c641f,True,5
41936,4933,230926_ML_3.npy,2026-09-23,2026-09-23 09:46:30.900300,7C7BD9,DA42,DIAMOND AIRCRAFT INDUSTRIES INC.,DA 42,bb59c6e0283336386656c7e054ab781f33488451b681e9ace83d326c8c03c45f,True,5
41938,4935,230926_ML_3.npy,2026-09-23,2026-09-23 09:46:34.660595,7C7BD9,DA42,DIAMOND AIRCRAFT INDUSTRIES INC.,DA 42,b406ce177069cd7f5383c53563f969ab6d3a1de4f75934da94a2cac08104c48a,True,4
41943,4940,230926_ML_3.npy,2026-09-23,2026-09-23 09:46:47.014563,7C7BD9,DA42,DIAMOND AIRCRAFT INDUSTRIES INC.,DA 42,468174c782848aa20d3791db38716a28e2a5df1c6cfac40f06d92df109e415cd,True,2
41944,4941,230926_ML_3.npy,2026-09-23,2026-09-23 09:46:47.018113,7C7BD9,DA42,DIAMOND AIRCRAFT INDUSTRIES INC.,DA 42,cb232fd92a1d67dce9367bed3feccfaa78534ac2cd6af118885ce66282ee50f8,True,5
41950,4947,230926_ML_3.npy,2026-09-23,2026-09-23 09:46:54.000082,7C7BD9,DA42,DIAMOND AIRCRAFT INDUSTRIES INC.,DA 42,f703d35c2e5b6b9b1d80685003391fdefad5dabd4bf74c87818dd7e37be9213d,True,3
41953,4950,230926_ML_3.npy,2026-09-23,2026-09-23 09:46:54.543118,7C7BD9,DA42,DIAMOND AIRCRAFT INDUSTRIES INC.,DA 42,e1dba80b1f43e70ab321d857e53f014e76180ae9dae83703c2d7e1139259b541,True,5
41954,4951,230926_ML_3.npy,2026-09-23,2026-09-23 09:46:55.468271,7C7BD9,DA42,DIAMOND AIRCRAFT INDUSTRIES INC.,DA 42,48ffb58bd52e40d16976b8af107de9c99d8a5ad9aee9af0f7dbf22d6cdd33dde,True,3
41955,4952,230926_ML_3.npy,2026-09-23,2026-09-23 09:46:57.553906,7C7BD9,DA42,DIAMOND AIRCRAFT INDUSTRIES INC.,DA 42,745695b0e910ed8b508ccb1bac1de5dd11a45161ae0eb85c475f38b0215e2f01,True,1
41956,4953,230926_ML_3.npy,2026-09-23,2026-09-23 09:46:57.560647,7C7BD9,DA42,DIAMOND AIRCRAFT INDUSTRIES INC.,DA 42,3e6e3e9ee905853a4423dfdeb5dde114ff592f07b931244b05b112ddc7b056d2,True,3
41957,4954,230926_ML_3.npy,2026-09-23,2026-09-23 09:47:02.024134,7C7BD9,DA42,DIAMOND AIRCRAFT INDUSTRIES INC.,DA 42,b406ce177069cd7f5383c53563f969ab6d3a1de4f75934da94a2cac08104c48a,True,5
41958,4955,230926_ML_3.npy,2026-09-23,2026-09-23 09:47:03.689837,7C7BD9,DA42,DIAMOND AIRCRAFT INDUSTRIES INC.,DA 42,014dfedda619361127216135dea3f0db2c212464c7358fdda98fdd14653ba7fc,True,4
41960,4957,230926_ML_3.npy,2026-09-23,2026-09-23 09:47:04.311541,7C7BD9,DA42,DIAMOND AIRCRAFT INDUSTRIES INC.,DA 42,405a902b48d199a48c23a5232b0adb41c9952381325f828d0743c6866778e368,True,4
41963,4960,230926_ML_3.npy,2026-09-23,2026-09-23 09:47:08.384767,7C7BD9,DA42,DIAMOND AIRCRAFT INDUSTRIES INC.,DA 42,ed05c86cf59ba621af4418ee7ca9fe020dd19e7c519e6a0ba23a13031f916d4f,True,3
41965,4962,230926_ML_3.npy,2026-09-23,2026-09-23 09:47:09.563629,7C7BD9,DA42,DIAMOND AIRCRAFT INDUSTRIES INC.,DA 42,b406ce177069cd7f5383c53563f969ab6d3a1de4f75934da94a2cac08104c48a,True,4
41966,4963,230926_ML_3.npy,2026-09-23,2026-09-23 09:47:12.327164,7C7BD9,DA42,DIAMOND AIRCRAFT INDUSTRIES INC.,DA 42,b631dbd4ef70033148fbe75f1a0e2b6b793456ef3741a46d810249e199489dbf,True,3
41970,4967,230926_ML_3.npy,2026-09-23,2026-09-23 09:49:05.822119,7C7C41,DA40,DIAMOND AIRCRAFT INDUSTRIES INC.,DA 40,238ef67a6fd360280785922d043e744b39df61d4111f6fc3ea6f4bcf24c76d77,True,5
41987,4984,230926_ML_3.npy,2026-09-23,2026-09-23 09:51:05.060230,7C7C41,DA40,DIAMOND AIRCRAFT INDUSTRIES INC.,DA 40,38d621c2a44f2668d9ff7ae8314bcd53eacac8a98ef974a82957a97ad934635e,True,4
42001,4998,230926_ML_3.npy,2026-09-23,2026-09-23 09:51:16.102802,7C7C41,DA40,DIAMOND AIRCRAFT INDUSTRIES INC.,DA 40,09ca66d72dcc0a6c201aa1f572f62948cbbe820147fe411e03dd6f6d765dcdc9,True,3
42015,5012,230926_ML_3.npy,2026-09-23,2026-09-23 09:51:43.218051,7C7B65,DA40,DIAMOND AIRCRAFT INDUSTRIES INC.,DA 40,fde0d36ad3a5ccd45eb20f61b6ec8ff7a56a78072e3cf23cbafa6da86756bb77,True,3
42016,5013,230926_ML_3.npy,2026-09-23,2026-09-23 09:51:52.744049,7C7B65,DA40,DIAMOND AIRCRAFT INDUSTRIES INC.,DA 40,c00f3d37ef4f4015a778b8f9161e68789a80bdb0f40351c74da6dfb2a7fd54b0,True,1
42019,5016,230926_ML_3.npy,2026-09-23,2026-09-23 09:51:55.805838,7C7B65,DA40,DIAMOND AIRCRAFT INDUSTRIES INC.,DA 40,0b4fa91a67f7c4913dbc66f0fe670feb8ab77c9f9282d76ba5d9fcf290c45258,True,5
42033,5030,230926_ML_3.npy,2026-09-23,2026-09-23 09:53:46.176435,7C7B65,DA40,DIAMOND AIRCRAFT INDUSTRIES INC.,DA 40,dff471f1d9f316b3657018b5e8168831109bdea93a35bc8fa1b5c31658c4348d,True,2
42048,5045,230926_ML_3.npy,2026-09-23,2026-09-23 09:54:09.631454,7C7C41,DA40,DIAMOND AIRCRAFT INDUSTRIES INC.,DA 40,b7cbb55cbf3913f27cecfff6e69227beb204ef156911e15ad3b1f294f3c1cc02,True,4
42052,5049,230926_ML_3.npy,2026-09-23,2026-09-23 09:54:23.231388,7C7B65,DA40,DIAMOND AIRCRAFT INDUSTRIES INC.,DA 40,808466a96d9bf5333fad741c0068633953b23f794f4c83c3c31c49b9e0bb36f7,True,3
42074,5071,230926_ML_3.npy,2026-09-23,2026-09-23 09:55:57.288812,7C7C41,DA40,DIAMOND AIRCRAFT INDUSTRIES INC.,DA 40,4e855303669c5bb50b91ecc2745460b566e45f7434e172bd1722218f573b462e,True,1
42077,5074,230926_ML_3.npy,2026-09-23,2026-09-23 09:55:59.864293,7C7C41,DA40,DIAMOND AIRCRAFT INDUSTRIES INC.,DA 40,37c9d00a9c750fc34a103714378fe514c7916b6493888c2df9f3e072d7bf275d,True,2
42078,5075,230926_ML_3.npy,2026-09-23,2026-09-23 09:55:59.868320,7C7C41,DA40,DIAMOND AIRCRAFT INDUSTRIES INC.,DA 40,7952921bfc1a864ee0803efe8059445c85e30cb6651cee51651436306e00dfe0,True,3
42081,5078,230926_ML_3.npy,2026-09-23,2026-09-23 09:56:02.570348,7C7C41,DA40,DIAMOND AIRCRAFT INDUSTRIES INC.,DA 40,69974f717ec113f1cb9eebe7ea864f9e7e42b05f3934158a49a7306df0de2567,True,2
42083,5080,230926_ML_3.npy,2026-09-23,2026-09-23 09:56:03.635994,7C7C41,DA40,DIAMOND AIRCRAFT INDUSTRIES INC.,DA 40,2c0f216bcc31e790816221c9f3ac057aaa73fe9b8521ea5a60fa7f6af5215b92,True,5
42095,5092,230926_ML_3.npy,2026-09-23,2026-09-23 09:56:15.857353,7C7C41,DA40,DIAMOND AIRCRAFT INDUSTRIES INC.,DA 40,8410252302c22083748e6741a352dd6d52d0a1ae9a96bb11374b90eceabf1e80,True,1
42105,5102,230926_ML_3.npy,2026-09-23,2026-09-23 09:56:31.931796,7C7C41,DA40,DIAMOND AIRCRAFT INDUSTRIES INC.,DA 40,31643bb1e61eedc709e16aa3fee83f241c47cf9ad390fed410a75f35a6621b6c,True,2
42108,5105,230926_ML_3.npy,2026-09-23,2026-09-23 09:56:41.603889,7C7C41,DA40,DIAMOND AIRCRAFT INDUSTRIES INC.,DA 40,3c6a9cfc03ae19a8e1655e3ea075659983dbdd400cbe8c3360ecf93bb7c119e8,True,5
42139,5136,230926_ML_3.npy,2026-09-23,2026-09-23 10:00:01.104296,7C7C41,DA40,DIAMOND AIRCRAFT INDUSTRIES INC.,DA 40,b47031eda8a4db8bdfad4405e85542afb2cb5691f14ebef56f70430961f24b65,True,2
42140,5137,230926_ML_3.npy,2026-09-23,2026-09-23 10:00:01.560235,7C7C41,DA40,DIAMOND AIRCRAFT INDUSTRIES INC.,DA 40,1d522ec917a3b6d7821e0090f4627737f3c9e747e1499a7ae62a08c508a47499,True,5
42186,5183,230926_ML_3.npy,2026-09-23,2026-09-23 10:01:48.545506,7C7C41,DA40,DIAMOND AIRCRAFT INDUSTRIES INC.,DA 40,5b1074a9ed0aa20bf6d75fcc3ca4ab036dbb2904cc3a249ca1cc530a4815b1cc,True,1
42203,5200,230926_ML_3.npy,2026-09-23,2026-09-23 10:02:00.887666,7C7B65,DA40,DIAMOND AIRCRAFT INDUSTRIES INC.,DA 40,d82ec497aa7f51f4f97a200e61416160e2bc6059ef5928462fa7bddd88eba36a,True,3
42210,5207,230926_ML_3.npy,2026-09-23,2026-09-23 10:02:06.117613,7C7C41,DA40,DIAMOND AIRCRAFT INDUSTRIES INC.,DA 40,c8365108d08af7eb998d4b54420b3a33b403bf746485eaa5052a2f2b31aa7fc8,True,5
42223,5220,230926_ML_3.npy,2026-09-23,2026-09-23 10:02:16.451962,7C7C41,DA40,DIAMOND AIRCRAFT INDUSTRIES INC.,DA 40,5d57ceae9db61f5998a3f90090c626dc93d22d2587bfd9c81cc819ab04bc03d5,True,5
42230,5227,230926_ML_3.npy,2026-09-23,2026-09-23 10:02:22.758826,7C7C41,DA40,DIAMOND AIRCRAFT INDUSTRIES INC.,DA 40,b7fc51a9ac82cc06e27bcc78a52e1407aba18ca988c19606418a21607ec85ff2,True,4
42239,5236,230926_ML_3.npy,2026-09-23,2026-09-23 10:03:19.665158,7C7B65,DA40,DIAMOND AIRCRAFT INDUSTRIES INC.,DA 40,dfe9db51ab6586cfca45168a5fecd73a58b2ecfc21c21e5bf7fbecc1c2926c5a,True,3
42262,5259,230926_ML_3.npy,2026-09-23,2026-09-23 10:04:04.978079,7C7B65,DA40,DIAMOND AIRCRAFT INDUSTRIES INC.,DA 40,a614d076b2009ab23b1a7247ac487878d68d49bd599236cd2899091c463f6af2,True,2
42311,5308,230926_ML_3.npy,2026-09-23,2026-09-23 10:07:22.239171,7C7B65,DA40,DIAMOND AIRCRAFT INDUSTRIES INC.,DA 40,28e619941c30a7fe19c7e7b45a5e7fa8db120c01d42b41c89aa17d19c7bae309,True,3
42328,5325,230926_ML_3.npy,2026-09-23,2026-09-23 10:08:07.300080,7C7B65,DA40,DIAMOND AIRCRAFT INDUSTRIES INC.,DA 40,fde0d36ad3a5ccd45eb20f61b6ec8ff7a56a78072e3cf23cbafa6da86756bb77,True,3
42375,5372,230926_ML_3.npy,2026-09-23,2026-09-23 10:17:00.939471,7C7B65,DA40,DIAMOND AIRCRAFT INDUSTRIES INC.,DA 40,f1a2d57d09521471bf36a65477fdf1c3945c4b814f9f579ecf23147788dcee60,True,3
42393,5390,230926_ML_3.npy,2026-09-23,2026-09-23 10:18:53.488031,7C7B65,DA40,DIAMOND AIRCRAFT INDUSTRIES INC.,DA 40,ec8af3f965f3d60c53eecc392c9914808db6342212027f3067fd7b5a375100fd,True,1
42399,5396,230926_ML_3.npy,2026-09-23,2026-09-23 10:19:09.389568,7C7B65,DA40,DIAMOND AIRCRAFT INDUSTRIES INC.,DA 40,01821b475afeb20cd6cc3fb4215c0e9386245904db42e252b98962b4c8eef4b4,True,4
42400,5397,230926_ML_3.npy,2026-09-23,2026-09-23 10:19:11.969581,7C7B65,DA40,DIAMOND AIRCRAFT INDUSTRIES INC.,DA 40,fde0d36ad3a5ccd45eb20f61b6ec8ff7a56a78072e3cf23cbafa6da86756bb77,True,4
42419,5416,230926_ML_3.npy,2026-09-23,2026-09-23 10:19:35.956889,7C7B65,DA40,DIAMOND AIRCRAFT INDUSTRIES INC.,DA 40,7ebe7a2f18b8a9ff899666f36b762dbdde74f8c201fedfce40c5f1a3e4a27f94,True,1
42420,5417,230926_ML_3.npy,2026-09-23,2026-09-23 10:19:38.152865,7C7B65,DA40,DIAMOND AIRCRAFT INDUSTRIES INC.,DA 40,8fa688bfbc62e9c3dcd156be59263c884ddb5b64ff07d9679eeffeb13ff6c821,True,2
42421,5418,230926_ML_3.npy,2026-09-23,2026-09-23 10:19:38.425027,7C7B65,DA40,DIAMOND AIRCRAFT INDUSTRIES INC.,DA 40,0c8b237042b07245c3eb4f3736e4fd2566be90550061a7f3e53d4af1225da05c,True,2
42457,5454,230926_ML_3.npy,2026-09-23,2026-09-23 10:26:15.328690,7C7C41,DA40,DIAMOND AIRCRAFT INDUSTRIES INC.,DA 40,a7e753406811cfc76817178a49803bd312c642496b7242d6bb294c28a6aa65da,True,4
42466,5463,230926_ML_3.npy,2026-09-23,2026-09-23 10:26:26.158254,7C7C41,DA40,DIAMOND AIRCRAFT INDUSTRIES INC.,DA 40,6ac9f4104a87090c7f28a92f047e54ef9c79a3a5b4ef7d3b380452466e477ae7,True,5
42468,5465,230926_ML_3.npy,2026-09-23,2026-09-23 10:26:28.649068,7C7C41,DA40,DIAMOND AIRCRAFT INDUSTRIES INC.,DA 40,4ea478ceca7a535d6a2fc6707f3c994767aa24096b549697cd70d0f98e7d7e1c,True,1
42474,5471,230926_ML_3.npy,2026-09-23,2026-09-23 10:26:30.820037,7C7C41,DA40,DIAMOND AIRCRAFT INDUSTRIES INC.,DA 40,191eba12da5e76b9035784458586010ca59b153f025edb67086d9d869079dea4,True,3
42525,5522,230926_ML_3.npy,2026-09-23,2026-09-23 10:29:06.291226,7C7B65,DA40,DIAMOND AIRCRAFT INDUSTRIES INC.,DA 40,31b09d45887dda759999dc4cec99df07ff9d6e3d52fdeceaca9fab06ae7cf753,True,1
42527,5524,230926_ML_3.npy,2026-09-23,2026-09-23 10:29:08.532958,7C7B65,DA40,DIAMOND AIRCRAFT INDUSTRIES INC.,DA 40,d9b294040ee6287d31cfd71094d59972e48d756f80d6eb84f6a0f3c0043f9004,True,1
42533,5530,230926_ML_3.npy,2026-09-23,2026-09-23 10:29:12.716468,7C7B65,DA40,DIAMOND AIRCRAFT INDUSTRIES INC.,DA 40,c5688acd8ad2c322053ea889b1192bd6567436426b04367c43f17632d00b25bf,True,4
42543,5540,230926_ML_3.npy,2026-09-23,2026-09-23 10:30:00.597403,7C7C41,DA40,DIAMOND AIRCRAFT INDUSTRIES INC.,DA 40,851947a73cdb0e76bc1fc5caed7a1a82c9570b0655334cc477aeb45204be1fda,True,5
42552,5549,230926_ML_3.npy,2026-09-23,2026-09-23 10:31:36.139377,7C7C41,DA40,DIAMOND AIRCRAFT INDUSTRIES INC.,DA 40,25fc3ff996b315c071d75824cfa3b14a38587b4f7ecb4e2c287302322340009b,True,4
42553,5550,230926_ML_3.npy,2026-09-23,2026-09-23 10:31:37.141931,7C7C41,DA40,DIAMOND AIRCRAFT INDUSTRIES INC.,DA 40,15d046abc48b22cddf321b4e7b224d41b4597ee309f3e8171001e9923db24a47,True,1
42567,5564,230926_ML_3.npy,2026-09-23,2026-09-23 10:31:59.105971,7C7C41,DA40,DIAMOND AIRCRAFT INDUSTRIES INC.,DA 40,beacf8f978f1b66300576a9145eb268d30c2326ecf749db85153d5d3f27c2ffb,True,2
42622,5619,230926_ML_3.npy,2026-09-23,2026-09-23 10:37:24.104465,7C7C41,DA40,DIAMOND AIRCRAFT INDUSTRIES INC.,DA 40,5b1074a9ed0aa20bf6d75fcc3ca4ab036dbb2904cc3a249ca1cc530a4815b1cc,True,5
42628,5625,230926_ML_3.npy,2026-09-23,2026-09-23 10:37:28.442742,7C7C41,DA40,DIAMOND AIRCRAFT INDUSTRIES INC.,DA 40,64fb9f45c10014475fc010b3257debfe03c324fb9826505cfc31ce29b5aec680,True,3
42647,5644,230926_ML_3.npy,2026-09-23,2026-09-23 10:37:50.024243,7C7B65,DA40,DIAMOND AIRCRAFT INDUSTRIES INC.,DA 40,945da84e4d2572a5376d2b1408cd4cbff84bd6ad55f7b173544914f393d34fe8,True,4
42665,5662,230926_ML_3.npy,2026-09-23,2026-09-23 10:39:42.171861,7C7B65,DA40,DIAMOND AIRCRAFT INDUSTRIES INC.,DA 40,f1e3c1cb5426e392fe2d4b4067f7bdf3cf84ee13b7f4a9b5ed9a082280e1155a,True,1
42677,5674,230926_ML_3.npy,2026-09-23,2026-09-23 10:40:12.721198,7C7B65,DA40,DIAMOND AIRCRAFT INDUSTRIES INC.,DA 40,fde0d36ad3a5ccd45eb20f61b6ec8ff7a56a78072e3cf23cbafa6da86756bb77,True,1
42679,5676,230926_ML_3.npy,2026-09-23,2026-09-23 10:40:14.890879,7C7B65,DA40,DIAMOND AIRCRAFT INDUSTRIES INC.,DA 40,916fce26b6f9f668a9ad0ade97d6654e53d2b16081be17883c1391aef21da023,True,2
42685,5682,230926_ML_3.npy,2026-09-23,2026-09-23 10:40:19.790508,7C7B65,DA40,DIAMOND AIRCRAFT INDUSTRIES INC.,DA 40,00aae7a661db3ee77a42857c3168114dc3bb68ffd3f247f4e467840c85545a2f,True,1
42687,5684,230926_ML_3.npy,2026-09-23,2026-09-23 10:44:28.276883,7C1689,DA40,DIAMOND AIRCRAFT INDUSTRIES INC.,DA 40,bac7600d21bef67f9c36ea710a6aa141afd97dea5a15e94b04b2524b64f80f64,True,5
42718,5715,230926_ML_3.npy,2026-09-23,2026-09-23 10:47:45.554578,7C7B65,DA40,DIAMOND AIRCRAFT INDUSTRIES INC.,DA 40,e14d3a9b6bb4b27da0ce71a34ea0c9898d96488cf91cb83ebd5720630463ca20,True,4
42725,5722,230926_ML_3.npy,2026-09-23,2026-09-23 10:49:02.358435,7C7B65,DA40,DIAMOND AIRCRAFT INDUSTRIES INC.,DA 40,01821b475afeb20cd6cc3fb4215c0e9386245904db42e252b98962b4c8eef4b4,True,3
42727,5724,230926_ML_3.npy,2026-09-23,2026-09-23 10:49:23.815319,7C7B65,DA40,DIAMOND AIRCRAFT INDUSTRIES INC.,DA 40,fb31ca011eeae7010c4406dc413081d415565367b37601f433395785893d8592,True,3
42729,5726,230926_ML_3.npy,2026-09-23,2026-09-23 10:49:29.460930,7C7B65,DA40,DIAMOND AIRCRAFT INDUSTRIES INC.,DA 40,8276d1cf9a68cab7f5b4e0bbc66e5c1565e0de85aafa2073d49000edc2601d6d,True,2
42739,5736,230926_ML_3.npy,2026-09-23,2026-09-23 10:49:46.043409,7C7B65,DA40,DIAMOND AIRCRAFT INDUSTRIES INC.,DA 40,83430f8a42a4593fbe9e9f51fb5c0c2d16035794c4d204dd173c1ab15d25136b,True,3
42740,5737,230926_ML_3.npy,2026-09-23,2026-09-23 10:49:49.663755,7C7B65,DA40,DIAMOND AIRCRAFT INDUSTRIES INC.,DA 40,96ff8068bb003d5bbb402fac372f7d58e2baa6fc9c5d9776e177566f244be2bc,True,3
42741,5738,230926_ML_3.npy,2026-09-23,2026-09-23 10:49:58.741183,7C7B65,DA40,DIAMOND AIRCRAFT INDUSTRIES INC.,DA 40,ad4f2aa0ed147912deb6be06d71a86a6028671bb131639702870a6ef7553cb89,True,1
42752,5749,230926_ML_3.npy,2026-09-23,2026-09-23 10:50:14.820317,7C7B65,DA40,DIAMOND AIRCRAFT INDUSTRIES INC.,DA 40,6c0e9b516cb8d8c3c5be0a44b1aee606e0d3c6a271f322f22b714e4d1955e519,True,5
42819,5816,230926_ML_3.npy,2026-09-23,2026-09-23 10:52:52.054417,7C1689,DA40,DIAMOND AIRCRAFT INDUSTRIES INC.,DA 40,a2c86c28c2e6113a58563ae58e6714840052399fc5d9e3f17ba9e4e8ad424422,True,3
42822,5819,230926_ML_3.npy,2026-09-23,2026-09-23 10:52:54.042006,7C1689,DA40,DIAMOND AIRCRAFT INDUSTRIES INC.,DA 40,b7dc2918b47007cf0858f1f8f1e98c4c610d4b5815c66b0b39dea5534f710545,True,3
42827,5824,230926_ML_3.npy,2026-09-23,2026-09-23 10:53:32.123519,7C7B65,DA40,DIAMOND AIRCRAFT INDUSTRIES INC.,DA 40,838dbbd773651b5c7df4265997891a00882aaecf2e559319f28ab0e669aa3f77,True,2
42846,5843,230926_ML_3.npy,2026-09-23,2026-09-23 10:55:21.821196,7C7B65,DA40,DIAMOND AIRCRAFT INDUSTRIES INC.,DA 40,fb31ca011eeae7010c4406dc413081d415565367b37601f433395785893d8592,True,2
42847,5844,230926_ML_3.npy,2026-09-23,2026-09-23 10:55:21.901835,7C7B65,DA40,DIAMOND AIRCRAFT INDUSTRIES INC.,DA 40,018284e0cb633f243ddec31595739f4803e0e25ade692c50df75cb03716afb45,True,5
42850,5847,230926_ML_3.npy,2026-09-23,2026-09-23 10:55:27.221834,7C7B65,DA40,DIAMOND AIRCRAFT INDUSTRIES INC.,DA 40,0d12e357144e200ef59591a65f88d5adfed465315d7c2aa074b9c3a28a6d2c15,True,5
42874,5871,230926_ML_3.npy,2026-09-23,2026-09-23 10:55:53.472550,7C7B65,DA40,DIAMOND AIRCRAFT INDUSTRIES INC.,DA 40,4bfbf56ca9787248680c27983e67c0a89b26460e0bcafa28c352cae13498e947,True,4
42876,5873,230926_ML_3.npy,2026-09-23,2026-09-23 10:55:54.515736,7C1689,DA40,DIAMOND AIRCRAFT INDUSTRIES INC.,DA 40,00ea569ce4d9e14cb6356efb590793217086bcc7c79430b20b9dc2d539ccb2f3,True,2
42882,5879,230926_ML_3.npy,2026-09-23,2026-09-23 10:55:58.386786,7C1689,DA40,DIAMOND AIRCRAFT INDUSTRIES INC.,DA 40,59a7e7efbbf80b2048655a90311aba17fc6da1b65bbbb15f7fb4a38da6ccc458,True,4
42888,5885,230926_ML_3.npy,2026-09-23,2026-09-23 10:57:54.022956,7C1689,DA40,DIAMOND AIRCRAFT INDUSTRIES INC.,DA 40,e93dba4c61f435f2354d9be2b6915f05ff0cbbcbd7190af92991bd8e9888a8e1,True,5
42897,5894,230926_ML_3.npy,2026-09-23,2026-09-23 10:58:00.681366,7C1689,DA40,DIAMOND AIRCRAFT INDUSTRIES INC.,DA 40,87aa6ab02bded70c511286576a5be34ac0fc4e8e2aee066621f3f60faae17e7d,True,5
42898,5895,230926_ML_3.npy,2026-09-23,2026-09-23 10:58:00.687765,7C1689,DA40,DIAMOND AIRCRAFT INDUSTRIES INC.,DA 40,f53533456e1c1d5d3c3da89715f19a217d370beeecb2f46870f7d06cfacdd96c,True,5
42905,5902,230926_ML_3.npy,2026-09-23,2026-09-23 10:58:08.890767,7C1689,DA40,DIAMOND AIRCRAFT INDUSTRIES INC.,DA 40,e93dba4c61f435f2354d9be2b6915f05ff0cbbcbd7190af92991bd8e9888a8e1,True,1
42920,5917,230926_ML_3.npy,2026-09-23,2026-09-23 11:01:11.135741,7C1689,DA40,DIAMOND AIRCRAFT INDUSTRIES INC.,DA 40,bdf6e5b95baeaba75eb58517e58359cbdb8c71ae96250b0bb1a1c691c7c81427,True,2
42952,5949,230926_ML_3.npy,2026-09-23,2026-09-23 11:03:30.423852,7C1689,DA40,DIAMOND AIRCRAFT INDUSTRIES INC.,DA 40,3c22ea0f0d19d4a1889b4184e5ef7032808168278803eb84d3b611aa71f6d85c,True,5
42956,5953,230926_ML_3.npy,2026-09-23,2026-09-23 11:03:36.820625,7C1689,DA40,DIAMOND AIRCRAFT INDUSTRIES INC.,DA 40,4bca7a131a5a527541998dd45593fdcef6ce635bdd9a0fce2f6f674f6b92206f,True,2
42966,5963,230926_ML_3.npy,2026-09-23,2026-09-23 11:06:19.388390,7C1689,DA40,DIAMOND AIRCRAFT INDUSTRIES INC.,DA 40,c5df412d64be6e35fdbe1a2d6b81c63b956829e67ed12838eddfb627ae099a5b,True,5
42985,5982,230926_ML_3.npy,2026-09-23,2026-09-23 11:08:27.804009,7C1689,DA40,DIAMOND AIRCRAFT INDUSTRIES INC.,DA 40,48e3282375ec49c20f4b07a45781cceb99b68ab141158749bca0d26d1f940c79,True,1
43009,6006,230926_ML_3.npy,2026-09-23,2026-09-23 11:11:40.960394,7C1689,DA40,DIAMOND AIRCRAFT INDUSTRIES INC.,DA 40,d00a3f12132e248c23580766215c106ab113863bf6227efc779c3642c81875d1,True,2
43011,6008,230926_ML_3.npy,2026-09-23,2026-09-23 11:13:21.620499,7C1689,DA40,DIAMOND AIRCRAFT INDUSTRIES INC.,DA 40,1e4ca260a5caf7dabb367f33b884914d255f732b5ed94c5999163531a78e0e7e,True,1
43012,6009,230926_ML_3.npy,2026-09-23,2026-09-23 11:13:22.993168,7C1689,DA40,DIAMOND AIRCRAFT INDUSTRIES INC.,DA 40,48e3282375ec49c20f4b07a45781cceb99b68ab141158749bca0d26d1f940c79,True,2
43017,6014,230926_ML_3.npy,2026-09-23,2026-09-23 11:13:28.599998,7C1689,DA40,DIAMOND AIRCRAFT INDUSTRIES INC.,DA 40,dc52e57c9a59a9b5ff82f0085b799ef840cdb1dbbbf0453c2bbc8d53521dac09,True,4
43033,6030,230926_ML_3.npy,2026-09-23,2026-09-23 11:13:54.182009,7C1689,DA40,DIAMOND AIRCRAFT INDUSTRIES INC.,DA 40,f548d126e0ddf006925fa0d17b5a4a603e7827b874bafd59d50b13dc5ebb3250,True,5
43040,6037,230926_ML_3.npy,2026-09-23,2026-09-23 11:28:47.407973,7C1687,DA40,DIAMOND AIRCRAFT INDUSTRIES INC.,DA 40,104824cfc21e84b546334fc736a070e3956f764c4739f400195840687a869261,True,3
43058,6055,230926_ML_3.npy,2026-09-23,2026-09-23 11:29:16.906593,7C1687,DA40,DIAMOND AIRCRAFT INDUSTRIES INC.,DA 40,fa2c23a930211358191efa1245cd3b940b1e16f2452c1374e20697b82df78dd8,True,5
43062,6059,230926_ML_3.npy,2026-09-23,2026-09-23 11:29:26.507820,7C1687,DA40,DIAMOND AIRCRAFT INDUSTRIES INC.,DA 40,4e8623e025f3ba09b207bde620a345d2a5aa9b3a291e2eca8d8ea594cc2e0e5d,True,2
43092,6089,230926_ML_3.npy,2026-09-23,2026-09-23 11:36:21.443495,7C1689,DA40,DIAMOND AIRCRAFT INDUSTRIES INC.,DA 40,41d5521213a3e173afd3dfd7f2ad1797f86b7af0ef4f05c777d5b72d4d74de43,True,1
43104,6101,230926_ML_3.npy,2026-09-23,2026-09-23 11:36:30.990285,7C1689,DA40,DIAMOND AIRCRAFT INDUSTRIES INC.,DA 40,218427507d95b1477b3268190dc5e9aa2abf8892092f431993e0f72d14cfb9c8,True,1
43385,6382,230926_ML_3.npy,2026-09-23,2026-09-23 21:12:16.663605,7C0077,DA40,DIAMOND AIRCRAFT INDUSTRIES INC.,DA 40,6e1fffbcf7e8a3ebabe35a19250309b2742982999885b8f69ce567f339c4173d,True,3
43402,6399,230926_ML_3.npy,2026-09-23,2026-09-23 21:12:36.514613,7C0077,DA40,DIAMOND AIRCRAFT INDUSTRIES INC.,DA 40,6e1fffbcf7e8a3ebabe35a19250309b2742982999885b8f69ce567f339c4173d,True,5
43410,6407,230926_ML_3.npy,2026-09-23,2026-09-23 21:12:43.430525,7C0077,DA40,DIAMOND AIRCRAFT INDUSTRIES INC.,DA 40,2b0fd8a65a4fff6c04e67ea87dc937c439180545dc00f270f467c252fcb32a3c,True,5
43423,6420,230926_ML_3.npy,2026-09-23,2026-09-23 21:13:29.012262,7C0077,DA40,DIAMOND AIRCRAFT INDUSTRIES INC.,DA 40,443bbeaa425ac2b4c79c19a020a12ae151463bc0c9ab15749c1964680ffa4c53,True,3
43428,6425,230926_ML_3.npy,2026-09-23,2026-09-23 21:13:38.560454,7C0077,DA40,DIAMOND AIRCRAFT INDUSTRIES INC.,DA 40,8b88468a3a0f446d4de26d7308eca71035614dc05ea6344e61b39a461897d7ab,True,2
43430,6427,230926_ML_3.npy,2026-09-23,2026-09-23 21:13:40.116016,7C0077,DA40,DIAMOND AIRCRAFT INDUSTRIES INC.,DA 40,6d745e833310331ffbbb6349c87c4050b2ebec7c4e84faa4f49463c7e98d3613,True,3
43448,6445,230926_ML_3.npy,2026-09-23,2026-09-23 21:13:53.065360,7C0077,DA40,DIAMOND AIRCRAFT INDUSTRIES INC.,DA 40,b7ae66160bb5dc6dfeab68aeb96fcb042967ee641d3c0b10bb6a5e532992849c,True,4
43457,6454,230926_ML_3.npy,2026-09-23,2026-09-23 21:14:01.874880,7C0077,DA40,DIAMOND AIRCRAFT INDUSTRIES INC.,DA 40,5df511c9e32df8e2079dec445439eaa20d4da970c81ef013c4eb91036c59c52a,True,3
43459,6456,230926_ML_3.npy,2026-09-23,2026-09-23 21:14:07.112678,7C0077,DA40,DIAMOND AIRCRAFT INDUSTRIES INC.,DA 40,d38020af179e7cd7ed9b8e92ead6cab972315a32d6950a60b4062964abf3e402,True,1
43464,6461,230926_ML_3.npy,2026-09-23,2026-09-23 21:14:20.933206,7C0077,DA40,DIAMOND AIRCRAFT INDUSTRIES INC.,DA 40,af3087f61a4276c2301626fcb9891dde43b50ddcad346679b0d422d6900d23b9,True,3
43543,6540,230926_ML_3.npy,2026-09-23,2026-09-23 21:55:29.871379,7C582C,DA40,DIAMOND AIRCRAFT INDUSTRIES INC.,DA 40,4750c89e17f28d643b030abc1a8127313ea7b5c798991b2fc67ae83546c440f6,True,1
43622,6619,230926_ML_3.npy,2026-09-23,2026-09-23 22:14:22.540855,7C67D3,C172,CESSNA AIRCRAFT COMPANY,172S,3308d220b1beee2127162f7d755ee847bad0f58c32af283eef10dfbde1e7db95,True,3
43623,6620,230926_ML_3.npy,2026-09-23,2026-09-23 22:14:25.230562,7C67D3,C172,CESSNA AIRCRAFT COMPANY,172S,5073eb4fe88ded6e0adf6cd13255e9ca3d21aceffff316d2d17ce27f17d5f87f,True,5
43625,6622,230926_ML_3.npy,2026-09-23,2026-09-23 22:14:42.711498,7C67D3,C172,CESSNA AIRCRAFT COMPANY,172S,c180f8520aebd9a6231d9d43bed12df07d9fd61e07251af2734c944ad01f05af,True,4
43635,6632,230926_ML_3.npy,2026-09-23,2026-09-23 22:21:16.436098,7C2E75,C172,CESSNA AIRCRAFT COMPANY,172N,4e5e4de1b9939f974d841a14bff4dbe021fb590ddd4a55c5cc3391e839504320,True,2
43640,6637,230926_ML_3.npy,2026-09-23,2026-09-23 22:21:23.555755,7C2E75,C172,CESSNA AIRCRAFT COMPANY,172N,8bdaa48b0c713d5f121af65709560231d10b1a165b0b1bb0ea2bdb0219606a61,True,1
43661,6658,230926_ML_3.npy,2026-09-23,2026-09-23 22:21:53.458501,7C2E75,C172,CESSNA AIRCRAFT COMPANY,172N,3edaff0453139ac5ad20da652e2606c5b95df1f1fd0166c6f0fc54790423fb68,True,4
43670,6667,230926_ML_3.npy,2026-09-23,2026-09-23 22:22:08.823777,7C2E75,C172,CESSNA AIRCRAFT COMPANY,172N,b054cac776aadf96e266ff73f9fefd138a62b1651361ab2f925a54ce147f915b,True,2
43672,6669,230926_ML_3.npy,2026-09-23,2026-09-23 22:22:16.020225,7C2E75,C172,CESSNA AIRCRAFT COMPANY,172N,0189b89c31e2a4335bd4dd3b45b1859a7c5d138a2d16b8957166c5b48df07665,True,2
43675,6672,230926_ML_3.npy,2026-09-23,2026-09-23 22:24:03.832418,7C2E75,C172,CESSNA AIRCRAFT COMPANY,172N,a4ac151cdd8405e8d6eb996c8974bdda4a2e151123ae1ba5f9e32ed11ad1da54,True,2
43677,6674,230926_ML_3.npy,2026-09-23,2026-09-23 22:24:35.987799,7C2E75,C172,CESSNA AIRCRAFT COMPANY,172N,ac4b2c344348c7fd1aa2cd3d14e606bb246f7a326ac943aca6beb550090cb69f,True,5
43679,6676,230926_ML_3.npy,2026-09-23,2026-09-23 22:24:49.367690,7C2E75,C172,CESSNA AIRCRAFT COMPANY,172N,e69585c548e1b7d51428b10b046a043e655c31fc038358404d997959a0c0d645,True,1
43681,6678,230926_ML_3.npy,2026-09-23,2026-09-23 22:24:52.438733,7C2E75,C172,CESSNA AIRCRAFT COMPANY,172N,495328b8c15d0bde65421a0ae8617203a2482c46a98330911068087d889f8adf,True,5
43686,6683,230926_ML_3.npy,2026-09-23,2026-09-23 22:26:20.560371,7C2E75,C172,CESSNA AIRCRAFT COMPANY,172N,e8db3f9d0185f9a43192c5aad568d0836f5ed928f8396d959c42c5d7dc5f36c5,True,4
43690,6687,230926_ML_3.npy,2026-09-23,2026-09-23 22:26:27.074677,7C2E75,C172,CESSNA AIRCRAFT COMPANY,172N,174723b5e9a7e68b0d4836879bce8640f01048855d939292c28280bbd1dc720c,True,5
43694,6691,230926_ML_3.npy,2026-09-23,2026-09-23 22:26:34.797437,7C2E75,C172,CESSNA AIRCRAFT COMPANY,172N,84dea74a015bc538591b34bb19e498bbf3cf4565588a5c8701bba7f073296f63,True,3
43701,6698,230926_ML_3.npy,2026-09-23,2026-09-23 22:26:44.831036,7C2E75,C172,CESSNA AIRCRAFT COMPANY,172N,8e0776cf9a9c151a9954336588c50d78dff4402a90244021ce4265dbbea8a35f,True,3
43703,6700,230926_ML_3.npy,2026-09-23,2026-09-23 22:26:45.929206,7C2E75,C172,CESSNA AIRCRAFT COMPANY,172N,3e98e16ee5eab156626d9d3d69fe4c8668269c851787e3fe322a9e6597f53a61,True,1
43707,6704,230926_ML_3.npy,2026-09-23,2026-09-23 22:26:52.773511,7C2E75,C172,CESSNA AIRCRAFT COMPANY,172N,ec1855e845e28b9a9110131d90d6b9f202ef23d4e7f657632693775b5e6a3135,True,5
43712,6709,230926_ML_3.npy,2026-09-23,2026-09-23 22:26:58.279936,7C2E75,C172,CESSNA AIRCRAFT COMPANY,172N,b8c55746222d3ceca926cbfa14bbb88da9177c16a8d23224d729d5a8100851ab,True,2
43714,6711,230926_ML_3.npy,2026-09-23,2026-09-23 22:27:02.515325,7C2E75,C172,CESSNA AIRCRAFT COMPANY,172N,537a411f6d666b5552508369672999737cfab429b0e5d0136716492142f23c12,True,1
43719,6716,230926_ML_3.npy,2026-09-23,2026-09-23 22:27:09.790323,7C2E75,C172,CESSNA AIRCRAFT COMPANY,172N,e6976acc51d55b0cd9fcb93a670e11fbfc069141d322063e00bf77c56c48aee0,True,1
43721,6718,230926_ML_3.npy,2026-09-23,2026-09-23 22:27:16.200384,7C2E75,C172,CESSNA AIRCRAFT COMPANY,172N,2adc9305cd3746e8656a4755a87b9289d4fa5c081fdc153420fcc3397f14d3f5,True,5
43724,6721,230926_ML_3.npy,2026-09-23,2026-09-23 22:27:17.426369,7C2E75,C172,CESSNA AIRCRAFT COMPANY,172N,537a411f6d666b5552508369672999737cfab429b0e5d0136716492142f23c12,True,3
43727,6724,230926_ML_3.npy,2026-09-23,2026-09-23 22:27:20.846389,7C2E75,C172,CESSNA AIRCRAFT COMPANY,172N,3e903111eae59aabdc13fb467adba51f8229e3969b9a116184aa1236d0346869,True,3
43741,6738,230926_ML_3.npy,2026-09-23,2026-09-23 22:29:15.102703,7C2E75,C172,CESSNA AIRCRAFT COMPANY,172N,802bbfda8bca5387784369cce4d8173b796628c09d57c5e6d9581a8ca2ee8706,True,3
43745,6742,230926_ML_3.npy,2026-09-23,2026-09-23 22:29:39.116350,7C2E75,C172,CESSNA AIRCRAFT COMPANY,172N,b054cac776aadf96e266ff73f9fefd138a62b1651361ab2f925a54ce147f915b,True,5
43748,6745,230926_ML_3.npy,2026-09-23,2026-09-23 22:30:25.742157,7C2E75,C172,CESSNA AIRCRAFT COMPANY,172N,625488507bf63b088a6d045439850c70b0e692318c8c2d155f585e0661e7b3c3,True,4
43794,6791,230926_ML_3.npy,2026-09-23,2026-09-23 22:31:31.796556,7C2E75,C172,CESSNA AIRCRAFT COMPANY,172N,4eab059d66a75583a5944aaac242bd315ce352552f3448c67702ef4f459408e8,True,1
43795,6792,230926_ML_3.npy,2026-09-23,2026-09-23 22:31:34.955625,7C2E75,C172,CESSNA AIRCRAFT COMPANY,172N,67e34349ce72b8aca66363c87ef93649986688e9d30730e1318bff9ee6e2dd79,True,5
43801,6798,230926_ML_3.npy,2026-09-23,2026-09-23 22:31:42.588708,7C2E75,C172,CESSNA AIRCRAFT COMPANY,172N,537a411f6d666b5552508369672999737cfab429b0e5d0136716492142f23c12,True,2
43805,6802,230926_ML_3.npy,2026-09-23,2026-09-23 22:31:44.509099,7C2E75,C172,CESSNA AIRCRAFT COMPANY,172N,6bc90e0e2ce2ba570e1eeef4cff946625001bb27e947ac9dbe73b1841260ca10,True,1
43806,6803,230926_ML_3.npy,2026-09-23,2026-09-23 22:31:46.043945,7C2E75,C172,CESSNA AIRCRAFT COMPANY,172N,7f3a373394fc47fa6f5f897eaefc5a4532da5ca79bccc055745073c747ec79aa,True,3
43811,6808,230926_ML_3.npy,2026-09-23,2026-09-23 22:31:49.533876,7C2E75,C172,CESSNA AIRCRAFT COMPANY,172N,6bc90e0e2ce2ba570e1eeef4cff946625001bb27e947ac9dbe73b1841260ca10,True,5
43812,6809,230926_ML_3.npy,2026-09-23,2026-09-23 22:31:50.014579,7C2E75,C172,CESSNA AIRCRAFT COMPANY,172N,818c0aa92de7b56fea24588f1ada2d59fe4c07fbbdc5a85b1fa315020706358e,True,5
43817,6814,230926_ML_3.npy,2026-09-23,2026-09-23 22:31:53.439767,7C2E75,C172,CESSNA AIRCRAFT COMPANY,172N,dd02a1df9c13a503e47506d1e7b0705928a0abf0291978c8c85d8a3126738e0f,True,1
43834,6831,230926_ML_3.npy,2026-09-23,2026-09-23 22:34:06.812612,7C2E75,C172,CESSNA AIRCRAFT COMPANY,172N,2af91b1ac6a5d8d31cdc5f4a0c8afe127e604e33865d9e85c5bf9417f8299570,True,3
43848,6845,230926_ML_3.npy,2026-09-23,2026-09-23 22:34:37.639518,7C168A,DA40,DIAMOND AIRCRAFT INDUSTRIES INC.,DA 40,5d7c8318c3e57fb4f8c6397fdbb3fdbf9450841b1ddd117228dd0132bdce2e03,True,1
43851,6848,230926_ML_3.npy,2026-09-23,2026-09-23 22:34:45.624985,7C7B64,DA40,DIAMOND AIRCRAFT INDUSTRIES INC.,DA 40,44ffc943e4cb729d757e8a636a33b60cb2146c004cf8aa931353c8e81fb4114f,True,5
43853,6850,230926_ML_3.npy,2026-09-23,2026-09-23 22:34:48.266496,7C2E75,C172,CESSNA AIRCRAFT COMPANY,172N,d28bf70b62b841c49a407d3988ea24c489a0d304c761da2f6e6211d2a2c4361e,True,5
43868,6865,230926_ML_3.npy,2026-09-23,2026-09-23 22:35:17.476262,7C7B64,DA40,DIAMOND AIRCRAFT INDUSTRIES INC.,DA 40,059fa92e1ec7ee30b277ad6528ce07a2868c1d38c86ebc54e3a165ce39e9409e,True,4
43878,6875,230926_ML_3.npy,2026-09-23,2026-09-23 22:36:29.017183,7C2E75,C172,CESSNA AIRCRAFT COMPANY,172N,3850784fe44e7780562d60b3b10d881f163f5552bd2d7b8bd4ffee9c35563d3a,True,4
43883,6880,230926_ML_3.npy,2026-09-23,2026-09-23 22:36:33.015696,7C2E75,C172,CESSNA AIRCRAFT COMPANY,172N,771c7691725033951f92522a3dad663a1a09f18b9645de1ca8be220628454bf2,True,4
43885,6882,230926_ML_3.npy,2026-09-23,2026-09-23 22:36:34.148789,7C2E75,C172,CESSNA AIRCRAFT COMPANY,172N,b552accb7c6e8828b7dcec562081e5f15863bff30e9dad4e9a347749cd0fdf0d,True,5
43888,6885,230926_ML_3.npy,2026-09-23,2026-09-23 22:36:38.088135,7C2E75,C172,CESSNA AIRCRAFT COMPANY,172N,fc69a33aec1056f36f8a9be95c6a113ecc193e67ec09a95c4aef54b394f21da7,True,2
43893,6890,230926_ML_3.npy,2026-09-23,2026-09-23 22:36:42.849440,7C2E75,C172,CESSNA AIRCRAFT COMPANY,172N,d8e574487aef63d1bed0363503d3e960931f19da911cc1a70134aae133bcc331,True,2
43894,6891,230926_ML_3.npy,2026-09-23,2026-09-23 22:36:43.338681,7C2E75,C172,CESSNA AIRCRAFT COMPANY,172N,4b15873e7df3c4ceee621b96f76113480c82f131fd8c211154f3d7bddae58d9d,True,2
43895,6892,230926_ML_3.npy,2026-09-23,2026-09-23 22:36:43.344659,7C2E75,C172,CESSNA AIRCRAFT COMPANY,172N,4a00033cf2f568f0dba2ce74e981e423e0141e4511fc203bd3e514cada81be91,True,1
43896,6893,230926_ML_3.npy,2026-09-23,2026-09-23 22:36:43.930919,7C2E75,C172,CESSNA AIRCRAFT COMPANY,172N,f8ded60734e1e2fd034de233c70c528bb14a522f6326dd12231b0ab7b303f1dd,True,1
43904,6901,230926_ML_3.npy,2026-09-23,2026-09-23 22:36:54.030889,7C2E75,C172,CESSNA AIRCRAFT COMPANY,172N,eb41683975a8a086f2f9317d5c87f72b1104c6f6d90f54897ca12bfb355a42e2,True,3
43910,6907,230926_ML_3.npy,2026-09-23,2026-09-23 22:36:58.680925,7C2E75,C172,CESSNA AIRCRAFT COMPANY,172N,1927cfe323053a4dcb1ddc5147f08f4335338e0225ec6c8f03eb84ad6cb38723,True,5
43911,6908,230926_ML_3.npy,2026-09-23,2026-09-23 22:37:00.584544,7C2E75,C172,CESSNA AIRCRAFT COMPANY,172N,74715a4ac976ca191f8745cdcf00647dfa1d2ecca7ed5e09a80592ed9a328750,True,1
43917,6914,230926_ML_3.npy,2026-09-23,2026-09-23 22:37:15.061610,7C2E75,C172,CESSNA AIRCRAFT COMPANY,172N,6f439c2e8a3ec3fa21677c8e1b1c769581942aeb3577aec99e85e9c982448826,True,1
43919,6916,230926_ML_3.npy,2026-09-23,2026-09-23 22:37:25.408476,7C2E75,C172,CESSNA AIRCRAFT COMPANY,172N,85e90e50d09920c96150f70f624fbf334c9508e80adec553060c8b4b58da4252,True,2
43920,6917,230926_ML_3.npy,2026-09-23,2026-09-23 22:37:26.858665,7C2E75,C172,CESSNA AIRCRAFT COMPANY,172N,7e0edad28f13bd5c1aa0d629eb9f202f61591142917cbff2bd72e899444d18a6,True,5
43925,6922,230926_ML_3.npy,2026-09-23,2026-09-23 22:39:39.282315,7C2E75,C172,CESSNA AIRCRAFT COMPANY,172N,b054cac776aadf96e266ff73f9fefd138a62b1651361ab2f925a54ce147f915b,True,1
43929,6926,230926_ML_3.npy,2026-09-23,2026-09-23 22:39:43.342345,7C2E75,C172,CESSNA AIRCRAFT COMPANY,172N,37d7bad91e1f325762a19334fa4606998bbd2f245244021ce05faf8de01ea7f6,True,5
43949,6946,230926_ML_3.npy,2026-09-23,2026-09-23 22:40:38.996082,7C7B64,DA40,DIAMOND AIRCRAFT INDUSTRIES INC.,DA 40,5d5ca0a021d565251c400b326f7a22aeb7da7c79a7fc48272b5868317d92d4b9,True,4
43954,6951,230926_ML_3.npy,2026-09-23,2026-09-23 22:40:52.313733,7C7B64,DA40,DIAMOND AIRCRAFT INDUSTRIES INC.,DA 40,c8c50fc1bc58ae2dec66721fefa538b106e6f838cedc916ebe6cf45d08ecef63,True,1
43972,6969,230926_ML_3.npy,2026-09-23,2026-09-23 22:42:08.752858,7C2E75,C172,CESSNA AIRCRAFT COMPANY,172N,0f5cbb1c78725b0beebb9d3391aacbbc0ee0ac8a0492797b7933dd94af6500a7,True,1
43978,6975,230926_ML_3.npy,2026-09-23,2026-09-23 22:42:10.339389,7C2E75,C172,CESSNA AIRCRAFT COMPANY,172N,5b9f4010f3a1f8a29f9f98dd4927f28c6055cfbcdd8dcd90771e5db3fe399542,True,2
43994,6991,230926_ML_3.npy,2026-09-23,2026-09-23 22:42:29.583513,7C2E75,C172,CESSNA AIRCRAFT COMPANY,172N,6bc90e0e2ce2ba570e1eeef4cff946625001bb27e947ac9dbe73b1841260ca10,True,5
44009,7006,230926_ML_3.npy,2026-09-23,2026-09-23 22:42:46.416623,7C2E75,C172,CESSNA AIRCRAFT COMPANY,172N,fb23c22af3c28fc36caceaa7e68afa9b1f66378e8997fadbbfa037461b451e7d,True,3
44012,7009,230926_ML_3.npy,2026-09-23,2026-09-23 22:42:47.416517,7C2E75,C172,CESSNA AIRCRAFT COMPANY,172N,ad28578c1bec9a1e9aa65ea214c5c5f9160d84f1f0fee6f8dc3cb29d830714bf,True,3
44028,7025,230926_ML_3.npy,2026-09-23,2026-09-23 22:43:04.290567,7C2E75,C172,CESSNA AIRCRAFT COMPANY,172N,b373d18626b300f1d4033188d6a74de198b9096ec9d38b8b3f3b7311b534d283,True,4
44033,7030,230926_ML_3.npy,2026-09-23,2026-09-23 22:43:08.694601,7C2E75,C172,CESSNA AIRCRAFT COMPANY,172N,856f9c3aaa15311dbf86227da892bb312740030c2882708d2515ad621d104921,True,1
44035,7032,230926_ML_3.npy,2026-09-23,2026-09-23 22:43:13.419333,7C2E75,C172,CESSNA AIRCRAFT COMPANY,172N,9f536e6799819673e55ec3d0906cac95974c3f8e1e519c66f0408101745a03a5,True,1
44055,7052,230926_ML_3.npy,2026-09-23,2026-09-23 22:44:55.704693,7C168A,DA40,DIAMOND AIRCRAFT INDUSTRIES INC.,DA 40,01cf388510635639b8527998c69ebe961e8b2f29d7a1f1e58afb3ad115b2ec26,True,2
44070,7067,230926_ML_3.npy,2026-09-23,2026-09-23 22:46:12.791588,7C7B64,DA40,DIAMOND AIRCRAFT INDUSTRIES INC.,DA 40,b6ca648634a80729d476e6c5f35ff73ed3ac06fa540edc01816cc00fd7dbde1e,True,1
44086,7083,230926_ML_3.npy,2026-09-23,2026-09-23 22:47:45.633235,7C2E75,C172,CESSNA AIRCRAFT COMPANY,172N,537a411f6d666b5552508369672999737cfab429b0e5d0136716492142f23c12,True,3
44088,7085,230926_ML_3.npy,2026-09-23,2026-09-23 22:47:50.372346,7C2E75,C172,CESSNA AIRCRAFT COMPANY,172N,311db7ef149c018eacec095299603848848bfdc68e6b14d63f28922ce6d88f81,True,1
44091,7088,230926_ML_3.npy,2026-09-23,2026-09-23 22:47:55.294696,7C2E75,C172,CESSNA AIRCRAFT COMPANY,172N,0411a23bb5260d822e6d83e48ada54e6c57ffb562a29fe925cd070bf1f5003f1,True,2
44099,7096,230926_ML_3.npy,2026-09-23,2026-09-23 22:48:02.741671,7C2E75,C172,CESSNA AIRCRAFT COMPANY,172N,9038c750f6d104eea31ca81a97e43d7a0ca702d71967748f58f095cea18bb957,True,1
44106,7103,230926_ML_3.npy,2026-09-23,2026-09-23 22:48:09.742228,7C2E75,C172,CESSNA AIRCRAFT COMPANY,172N,500352130fbd7736f9c9cb4474ded5d4dd01b10e3f11422985df3c46041af548,True,3
44118,7115,230926_ML_3.npy,2026-09-23,2026-09-23 22:48:34.471173,7C2E75,C172,CESSNA AIRCRAFT COMPANY,172N,2b2a115a8d2bc5cdafe93edb191a05341c5eacd782b4f3103aa26dc9a33c61f6,True,2
44120,7117,230926_ML_3.npy,2026-09-23,2026-09-23 22:48:34.974172,7C2E75,C172,CESSNA AIRCRAFT COMPANY,172N,77e5d3db834950ea41006e589ef4bb2d5029482cfdc081c61a112c53d67ce9ab,True,1
44123,7120,230926_ML_3.npy,2026-09-23,2026-09-23 22:48:38.584857,7C2E75,C172,CESSNA AIRCRAFT COMPANY,172N,e0f61ca109498bc7e0fa121fca92bcae0d546b8ea60fb622ca8d60f57ff0b999,True,5
44124,7121,230926_ML_3.npy,2026-09-23,2026-09-23 22:48:41.497970,7C2E75,C172,CESSNA AIRCRAFT COMPANY,172N,cdcfe289502d2f5a4f59fa222922ce68f4cf8a337d93fbe3077a420d80504413,True,1
44134,7131,230926_ML_3.npy,2026-09-23,2026-09-23 22:49:54.564051,7C168A,DA40,DIAMOND AIRCRAFT INDUSTRIES INC.,DA 40,dc83f7b7210818bca15d4e2f797efb35e4d18423a2f3568b3a7a98242332bd64,True,1
44137,7134,230926_ML_3.npy,2026-09-23,2026-09-23 22:50:04.722522,7C7AF8,DA40,DIAMOND AIRCRAFT INDUSTRIES INC.,DA 40,bc876371e8790f054dc365d8c415e7bd77a031e5f1ae437283be1eccc224c923,True,4
44168,7165,230926_ML_3.npy,2026-09-23,2026-09-23 22:50:34.274088,7C7AF8,DA40,DIAMOND AIRCRAFT INDUSTRIES INC.,DA 40,2193adf024eb10059ec662ae0b3b25844060b002de9b049dfc7113fbd68bb1b4,True,2
44170,7167,230926_ML_3.npy,2026-09-23,2026-09-23 22:50:37.703808,7C2E75,C172,CESSNA AIRCRAFT COMPANY,172N,f06db4c80628fe15e09c5bf452bc6d800f4ebb6f55edcba84d5602f9d05db084,True,4
44184,7181,230926_ML_3.npy,2026-09-23,2026-09-23 22:51:29.595803,7C7B64,DA40,DIAMOND AIRCRAFT INDUSTRIES INC.,DA 40,de429cc038448f46c14e2025a8741414638e550ec61eaf7ac7c8b5f79a6cba0a,True,1
44187,7184,230926_ML_3.npy,2026-09-23,2026-09-23 22:51:38.628968,7C7B64,DA40,DIAMOND AIRCRAFT INDUSTRIES INC.,DA 40,d97cdbbc65f3c09cd213cb1a4f0dbcbae671db3e84f46879e044d27b9e89439b,True,4
44192,7189,230926_ML_3.npy,2026-09-23,2026-09-23 22:51:43.748317,7C7B64,DA40,DIAMOND AIRCRAFT INDUSTRIES INC.,DA 40,928b92491a2294bfa130561b7984d82b190ae00380260acda47e630904c8a59b,True,5
44199,7196,230926_ML_3.npy,2026-09-23,2026-09-23 22:51:59.342021,7C2E75,C172,CESSNA AIRCRAFT COMPANY,172N,6bc90e0e2ce2ba570e1eeef4cff946625001bb27e947ac9dbe73b1841260ca10,True,5
44204,7201,230926_ML_3.npy,2026-09-23,2026-09-23 22:52:23.505571,7C2E75,C172,CESSNA AIRCRAFT COMPANY,172N,fef40d09dc72fc893dcca8d6ab08c99067022daa0c6e56d661c6763cd896f07c,True,5
44205,7202,230926_ML_3.npy,2026-09-23,2026-09-23 22:52:47.287999,7C2E75,C172,CESSNA AIRCRAFT COMPANY,172N,0b9b847464113f56aeeaaac8deef92170c681c552f00383fcf3fd09a71c6bd5a,True,1
44206,7203,230926_ML_3.npy,2026-09-23,2026-09-23 22:53:01.833544,7C2E75,C172,CESSNA AIRCRAFT COMPANY,172N,08d6a9ac7301a3d558a96304765fe8b5a1302080082138853e180c1d0ca74ae7,True,1
44208,7205,230926_ML_3.npy,2026-09-23,2026-09-23 22:53:14.297198,7C2E75,C172,CESSNA AIRCRAFT COMPANY,172N,d7f5bebbc28891100a26decfd5126306c570cd262c619b0c71a9f4ff4b532a04,True,4
44210,7207,230926_ML_3.npy,2026-09-23,2026-09-23 22:53:23.293758,7C2E75,C172,CESSNA AIRCRAFT COMPANY,172N,aa02ff77518ccd7f3b5bc02e7e37522cac3f3feb8384e45968b4ff0bc3c1b8a5,True,3
44211,7208,230926_ML_3.npy,2026-09-23,2026-09-23 22:53:24.401909,7C2E75,C172,CESSNA AIRCRAFT COMPANY,172N,7b87ad19685ef02c57669af3b06aa4e91e040de63740498d1a1726cde8b82a38,True,2
44218,7215,230926_ML_3.npy,2026-09-23,2026-09-23 22:53:34.876708,7C2E75,C172,CESSNA AIRCRAFT COMPANY,172N,3de86c72e3d850515972141b05080d6372bb5b3389d66ce520590ffa4a370a57,True,1
44226,7223,230926_ML_3.npy,2026-09-23,2026-09-23 22:53:46.021855,7C2E75,C172,CESSNA AIRCRAFT COMPANY,172N,382d6bbabf80351f1be47eec63512c7ed9f7986dba5fbcf3f908b11d1de95efc,True,5
44234,7231,230926_ML_3.npy,2026-09-23,2026-09-23 22:53:56.711169,7C2E75,C172,CESSNA AIRCRAFT COMPANY,172N,32c7141535b23a0c7693922aed77b947448edf294b5903f8dac0c4bf729458d2,True,1
44242,7239,230926_ML_3.npy,2026-09-23,2026-09-23 22:54:09.035625,7C168A,DA40,DIAMOND AIRCRAFT INDUSTRIES INC.,DA 40,5d7c8318c3e57fb4f8c6397fdbb3fdbf9450841b1ddd117228dd0132bdce2e03,True,2
44249,7246,230926_ML_3.npy,2026-09-23,2026-09-23 22:55:24.471495,7C168A,DA40,DIAMOND AIRCRAFT INDUSTRIES INC.,DA 40,c650947f24fa841901fae03c45e8b8f81fbabd93d8efce4d3336b665a6ce592a,True,1
44257,7254,230926_ML_3.npy,2026-09-23,2026-09-23 22:55:40.335338,7C168A,DA40,DIAMOND AIRCRAFT INDUSTRIES INC.,DA 40,5d7c8318c3e57fb4f8c6397fdbb3fdbf9450841b1ddd117228dd0132bdce2e03,True,1
44258,7255,230926_ML_3.npy,2026-09-23,2026-09-23 22:55:40.383049,7C7AF0,DA40,DIAMOND AIRCRAFT INDUSTRIES INC.,DA 40,553ce7d078a8e07518ea0b23d3aadd547c2a1d1dbf6ff1dd0eb3208d23cb8fe3,True,4
44268,7265,230926_ML_3.npy,2026-09-23,2026-09-23 22:56:19.903138,7C2E75,C172,CESSNA AIRCRAFT COMPANY,172N,d2151f76b64d69dbe68042c551496c86a82e7568d10855dfdc237cece66fc232,True,5
44270,7267,230926_ML_3.npy,2026-09-23,2026-09-23 22:56:29.037254,7C2E75,C172,CESSNA AIRCRAFT COMPANY,172N,13da2b66a7e19f493b46ebef6eade58e2d1c831753512b480983389f3297643a,True,4
44272,7269,230926_ML_3.npy,2026-09-23,2026-09-23 22:56:36.438294,7C2E75,C172,CESSNA AIRCRAFT COMPANY,172N,d348ea6fbafe63236fd37cd004c6afadbf57312f7562ea043bf9b85e65b26c2a,True,3
44278,7275,230926_ML_3.npy,2026-09-23,2026-09-23 22:57:00.964736,7C7B64,DA40,DIAMOND AIRCRAFT INDUSTRIES INC.,DA 40,5d5ca0a021d565251c400b326f7a22aeb7da7c79a7fc48272b5868317d92d4b9,True,1
44282,7279,230926_ML_3.npy,2026-09-23,2026-09-23 22:57:06.552109,7C7B64,DA40,DIAMOND AIRCRAFT INDUSTRIES INC.,DA 40,7d7669da136a0587039383a4b5bfbeb59e1e3ae89b371239160310b627863d99,True,4
44288,7285,230926_ML_3.npy,2026-09-23,2026-09-23 22:57:11.537445,7C7B64,DA40,DIAMOND AIRCRAFT INDUSTRIES INC.,DA 40,f571e8054d1ff65b840b5df68e69f9e846d5ee2f95ae734f7939b8b5c16d36ae,True,3
44296,7293,230926_ML_3.npy,2026-09-23,2026-09-23 22:57:31.688169,7C7B64,DA40,DIAMOND AIRCRAFT INDUSTRIES INC.,DA 40,48c2229fd526052c8e2dbfd73dad7dbf264fd635c89944e61c9664e335b26892,True,2
44307,7304,230926_ML_3.npy,2026-09-23,2026-09-23 22:58:20.106350,7C2E75,C172,CESSNA AIRCRAFT COMPANY,172N,2b47d23764c005ddb15300134470e2207c70a8248f1e1323d2a324acc7a3f3b1,True,4
44311,7308,230926_ML_3.npy,2026-09-23,2026-09-23 22:58:46.585274,7C2E75,C172,CESSNA AIRCRAFT COMPANY,172N,af8a420580729b234c823db06dad4326971ca8ab3447c34f4f9b30700eede217,True,3
44313,7310,230926_ML_3.npy,2026-09-23,2026-09-23 22:58:48.157030,7C2E75,C172,CESSNA AIRCRAFT COMPANY,172N,45721257abc593be2187d5e421b0d46e379a4db75755fe4abb8434f066a782f2,True,4
44314,7311,230926_ML_3.npy,2026-09-23,2026-09-23 22:58:50.744646,7C2E75,C172,CESSNA AIRCRAFT COMPANY,172N,e1d1b54009d07d89a591fd1ccfd9c0ef8906852def47b7e612d5a82081ef97d9,True,4
44322,7319,230926_ML_3.npy,2026-09-23,2026-09-23 22:58:55.751716,7C7C31,DA40,DIAMOND AIRCRAFT INDUSTRIES INC.,DA 40,ce4b60f842ac4c868dd4399275d37f1fc1fc3406baf22f16c029b9531bb5d828,True,2
44326,7323,230926_ML_3.npy,2026-09-23,2026-09-23 22:59:00.185743,7C2E75,C172,CESSNA AIRCRAFT COMPANY,172N,f7addc730c48eabb4b805edcfd8527b526d67d0949ee6fa5c5dd9894628df0ed,True,1
44329,7326,230926_ML_3.npy,2026-09-23,2026-09-23 22:59:00.693496,7C2E75,C172,CESSNA AIRCRAFT COMPANY,172N,ca288d3a7ac5932a12fb319e73386311eb754bcc66b6b8c9c9ddc03b088cb36b,True,1
44332,7329,230926_ML_3.npy,2026-09-23,2026-09-23 22:59:01.679147,7C2E75,C172,CESSNA AIRCRAFT COMPANY,172N,9cdb3d7bda18291abf0034840568656161365d83a6858b7779c110a6fa6fafcd,True,4
44335,7332,230926_ML_3.npy,2026-09-23,2026-09-23 22:59:04.156270,7C2E75,C172,CESSNA AIRCRAFT COMPANY,172N,6bc90e0e2ce2ba570e1eeef4cff946625001bb27e947ac9dbe73b1841260ca10,True,2
44352,7349,230926_ML_3.npy,2026-09-23,2026-09-23 22:59:18.738851,7C2E75,C172,CESSNA AIRCRAFT COMPANY,172N,4eb9595428b1c2a63e167d3ddabdab849180520d0e3fb6b7f9c2bc69cd44e1c7,True,2
44354,7351,230926_ML_3.npy,2026-09-23,2026-09-23 22:59:21.858569,7C2E75,C172,CESSNA AIRCRAFT COMPANY,172N,1712e9cffbfca420c9b823366fee6a7fb59cf6b64270ec2a9ec79a4b8a7efe7f,True,5
44360,7357,230926_ML_3.npy,2026-09-23,2026-09-23 22:59:26.770098,7C7C31,DA40,DIAMOND AIRCRAFT INDUSTRIES INC.,DA 40,8f78eff5dbcefe24a785e15b2e268fb8f757c5e9b825042d70a941652c049b93,True,2
44374,7371,230926_ML_3.npy,2026-09-23,2026-09-23 23:00:30.369451,7C7B64,DA40,DIAMOND AIRCRAFT INDUSTRIES INC.,DA 40,e1f404850fef794801351617043eaf7e9bc258fcd17a39e7e8a7f0f1d835f7a1,True,3
44375,7372,230926_ML_3.npy,2026-09-23,2026-09-23 23:01:06.156503,7C2E75,C172,CESSNA AIRCRAFT COMPANY,172N,c13b98559f297f17789a05712d7da0275ac9cfc838dba01376d7d47852bdaedd,True,2
44378,7375,230926_ML_3.npy,2026-09-23,2026-09-23 23:01:23.908587,7C2E75,C172,CESSNA AIRCRAFT COMPANY,172N,b054cac776aadf96e266ff73f9fefd138a62b1651361ab2f925a54ce147f915b,True,3
44380,7377,230926_ML_3.npy,2026-09-23,2026-09-23 23:01:45.526274,7C2E75,C172,CESSNA AIRCRAFT COMPANY,172N,49d7eaaafe4d24129fa93975d7e948ad967aa9d577799fb0b1f330070e4d0069,True,5
44382,7379,230926_ML_3.npy,2026-09-23,2026-09-23 23:01:55.460306,7C2E75,C172,CESSNA AIRCRAFT COMPANY,172N,caa80c043e92677d3f42caaa2304d987f669f651426d2f63c86985791e9cec40,True,5
44384,7381,230926_ML_3.npy,2026-09-23,2026-09-23 23:01:58.776326,7C2E75,C172,CESSNA AIRCRAFT COMPANY,172N,b054cac776aadf96e266ff73f9fefd138a62b1651361ab2f925a54ce147f915b,True,2
44393,7390,230926_ML_3.npy,2026-09-23,2026-09-23 23:02:33.540971,7C7B64,DA40,DIAMOND AIRCRAFT INDUSTRIES INC.,DA 40,241e29b5053f94620809e019bce8827027904366e2b63f7992a7503966e89dcf,True,2
44403,7400,230926_ML_3.npy,2026-09-23,2026-09-23 23:04:08.773598,7C2E75,C172,CESSNA AIRCRAFT COMPANY,172N,1ba082349956a7a2239b25819269217e1007e6ef2bc7603d5198bd007d9922a9,True,2
44405,7402,230926_ML_3.npy,2026-09-23,2026-09-23 23:04:18.094321,7C2E75,C172,CESSNA AIRCRAFT COMPANY,172N,cfcae363eed226f49e6ff7db757facf684df9f79d7bbb32b443369da5d39ea9e,True,2
44408,7405,230926_ML_3.npy,2026-09-23,2026-09-23 23:04:26.360049,7C2E75,C172,CESSNA AIRCRAFT COMPANY,172N,6bc90e0e2ce2ba570e1eeef4cff946625001bb27e947ac9dbe73b1841260ca10,True,4
44413,7410,230926_ML_3.npy,2026-09-23,2026-09-23 23:04:37.128396,7C2E75,C172,CESSNA AIRCRAFT COMPANY,172N,84a06af48468ae0267afecba57aff3d30b9bcd48fa8713bbf911088c532247fa,True,5
44419,7416,230926_ML_3.npy,2026-09-23,2026-09-23 23:04:53.289132,7C2E75,C172,CESSNA AIRCRAFT COMPANY,172N,4a88c92006f3012f89fd9df345f091b96ff14e6c0bd7e6bc0f16c3ef2cfe66d8,True,3
44426,7423,230926_ML_3.npy,2026-09-23,2026-09-23 23:06:42.702285,7C2E75,C172,CESSNA AIRCRAFT COMPANY,172N,b0b03fbb7129845df755559e4448df2a00c4c3c33c640b112a07b9a0f1823455,True,2
44435,7432,230926_ML_3.npy,2026-09-23,2026-09-23 23:09:04.765723,7C2E75,C172,CESSNA AIRCRAFT COMPANY,172N,45059057eb70170cc89cb84869f7874c67d986c97fe0b6f5bb4f63162c93228b,True,5
44442,7439,230926_ML_3.npy,2026-09-23,2026-09-23 23:09:18.588096,7C2E75,C172,CESSNA AIRCRAFT COMPANY,172N,80155237af4f63d8eb1ee578870bf2b5229fb18e0c6b9474244ecce23a553eb0,True,5
44444,7441,230926_ML_3.npy,2026-09-23,2026-09-23 23:09:19.510224,7C2E75,C172,CESSNA AIRCRAFT COMPANY,172N,ebd4fde9f082c36295a3bf5b50d82a9747a4b2de03d3322ee84d9dc8edf48a5d,True,4
44469,7466,230926_ML_3.npy,2026-09-23,2026-09-23 23:09:45.090529,7C7B55,DA40,DIAMOND AIRCRAFT INDUSTRIES INC.,DA 40,83db302a583d60fb5f9aa63615f71e4394777e532acf23856c18c027840332cb,True,5
44475,7472,230926_ML_3.npy,2026-09-23,2026-09-23 23:09:47.265167,7C2E75,C172,CESSNA AIRCRAFT COMPANY,172N,d085ead58a9d28fae9c5e827e26c1e950750dd43ce6beac8858f2c3129aed981,True,4
44476,7473,230926_ML_3.npy,2026-09-23,2026-09-23 23:09:47.269144,7C2E75,C172,CESSNA AIRCRAFT COMPANY,172N,2b96645c2e5f35e2d6c126f379094429f039c5ccec09f140a913a546f4ba336a,True,1
44498,7495,230926_ML_3.npy,2026-09-23,2026-09-23 23:10:04.132580,7C7B55,DA40,DIAMOND AIRCRAFT INDUSTRIES INC.,DA 40,236191a4fb02778e23e7d64ced5e9071798995f377a6a9f8b4c4e324fabad710,True,5
44510,7507,230926_ML_3.npy,2026-09-23,2026-09-23 23:10:17.750448,7C7B55,DA40,DIAMOND AIRCRAFT INDUSTRIES INC.,DA 40,460c0a52a87195f20f0c7be42b45ef442960b19c1a6cf9229ab44180b1b005d0,True,2
44511,7508,230926_ML_3.npy,2026-09-23,2026-09-23 23:10:20.759439,7C7B55,DA40,DIAMOND AIRCRAFT INDUSTRIES INC.,DA 40,0a932198518090551597af4b6326ced111f193a7d17320d3ec83837845666813,True,2
44513,7510,230926_ML_3.npy,2026-09-23,2026-09-23 23:11:39.213788,7C2E75,C172,CESSNA AIRCRAFT COMPANY,172N,01925bb55f7e24859ce2b72791e9643904e6b480dc369d13bbf5269cc14ccc88,True,4
44514,7511,230926_ML_3.npy,2026-09-23,2026-09-23 23:12:29.087935,7C2E75,C172,CESSNA AIRCRAFT COMPANY,172N,2e0ad79d137d9cc92adedc09735802258bcf8af30a8cf86a9d89119121d1b03e,True,1
44523,7520,230926_ML_3.npy,2026-09-23,2026-09-23 23:14:09.996021,7C2E75,C172,CESSNA AIRCRAFT COMPANY,172N,e1252907863ace6d3ecd19270f291f8cfaafd541fac6fbb938ad544dc2b3b4d3,True,4
44524,7521,230926_ML_3.npy,2026-09-23,2026-09-23 23:14:14.960525,7C2E75,C172,CESSNA AIRCRAFT COMPANY,172N,ed6528374628d0e877b783b2ebe5402d42b41fb5b2ac7668f523cefca7557121,True,5
44540,7537,230926_ML_3.npy,2026-09-23,2026-09-23 23:14:35.855955,7C2E75,C172,CESSNA AIRCRAFT COMPANY,172N,40d64466e1ba864223e59bb99e3a30fcffba368064e085d2e5546fc9d696cefe,True,3
44541,7538,230926_ML_3.npy,2026-09-23,2026-09-23 23:14:36.449797,7C2E75,C172,CESSNA AIRCRAFT COMPANY,172N,71dff3a81d884c0e80a642cf484f876f4740a863371208519c57994b0db47bac,True,5
44552,7549,230926_ML_3.npy,2026-09-23,2026-09-23 23:14:49.488263,7C2E75,C172,CESSNA AIRCRAFT COMPANY,172N,7bc7b1266e365fd985296d3d117dbeb8b4806acd0b5940226fcae556c3c52b5d,True,1
44559,7556,230926_ML_3.npy,2026-09-23,2026-09-23 23:14:55.203072,7C2E75,C172,CESSNA AIRCRAFT COMPANY,172N,8059647a9b11d428d309349610abb93f16a015dba3773baf52d5d07b22583e5e,True,4
44607,7604,230926_ML_3.npy,2026-09-23,2026-09-23 23:17:53.681578,7C67D3,C172,CESSNA AIRCRAFT COMPANY,172S,60f2a222e058fe408e45a8610801c3d7961978a043873b4e1140c72fc2cc467f,True,5
44613,7610,230926_ML_3.npy,2026-09-23,2026-09-23 23:17:58.806801,7C67D3,C172,CESSNA AIRCRAFT COMPANY,172S,dfbb71513b19480d04c5b0ed8ecac48ae2afde5223870e3712179f08178f0a6c,True,2
44615,7612,230926_ML_3.npy,2026-09-23,2026-09-23 23:17:59.288780,7C67D3,C172,CESSNA AIRCRAFT COMPANY,172S,f1e5790765f78189ecf445247f53faaf2a5e6535a0edccd6824ed773bdb9b916,True,3
44619,7616,230926_ML_3.npy,2026-09-23,2026-09-23 23:18:00.220192,7C67D3,C172,CESSNA AIRCRAFT COMPANY,172S,283ccba3e2035450dc8539edc2a5a6e75993b7eda535d4dd5956ebe5a8bbc443,True,5
44624,7621,230926_ML_3.npy,2026-09-23,2026-09-23 23:18:06.400246,7C67D3,C172,CESSNA AIRCRAFT COMPANY,172S,0ba69cfd2b2ccee2eb1020338af68639cd667460004c8372bf4edc1ead896cff,True,5
44625,7622,230926_ML_3.npy,2026-09-23,2026-09-23 23:18:06.843576,7C67D3,C172,CESSNA AIRCRAFT COMPANY,172S,d2eb11a2c28f3a305ed0d2d69ab292f4184038bbb29eba6d5ae84573c953cc2f,True,4
44635,7632,230926_ML_3.npy,2026-09-23,2026-09-23 23:18:12.794095,7C67D3,C172,CESSNA AIRCRAFT COMPANY,172S,233e7e77066618afeb878e956ddeb6f38c730ada8c8438c39ea6d8ef6e801a88,True,3
44639,7636,230926_ML_3.npy,2026-09-23,2026-09-23 23:18:15.952829,7C67D3,C172,CESSNA AIRCRAFT COMPANY,172S,06244dd23d49c08ee8cce888cb872e174711c3c012e2b9b45938c34f570b214e,True,1
44661,7658,230926_ML_3.npy,2026-09-23,2026-09-23 23:19:46.150429,7C67D0,C172,CESSNA AIRCRAFT COMPANY,172S,c27de34d899a6cd172072077a0e4a7df9adb1f1a66f46adb4c7e33483a38f866,True,5
44665,7662,230926_ML_3.npy,2026-09-23,2026-09-23 23:22:44.015367,7C67D0,C172,CESSNA AIRCRAFT COMPANY,172S,ebf6b26f8aed59561a642a8427b5857f83d42a5c178271edb65a58680ae802b2,True,3
44672,7669,230926_ML_3.npy,2026-09-23,2026-09-23 23:23:10.290326,7C67D0,C172,CESSNA AIRCRAFT COMPANY,172S,69d13832838281f7de15ade3a98712d13cf1e87ea8914ac5b9cc62744fe92dd2,True,3
44676,7673,230926_ML_3.npy,2026-09-23,2026-09-23 23:23:12.023973,7C67D0,C172,CESSNA AIRCRAFT COMPANY,172S,661fcb43ab1e0218aecbc2f6f39aa49ea9bc8f7b5a1017e3433ba287eb840081,True,5
44691,7688,230926_ML_3.npy,2026-09-23,2026-09-23 23:23:31.635472,7C67D0,C172,CESSNA AIRCRAFT COMPANY,172S,99934f47c0dfbe8c37db2b88804e250c1c7e515935cf757bd2bdb8213d81545a,True,2
44714,7711,230926_ML_3.npy,2026-09-23,2026-09-23 23:28:10.073525,7C67D0,C172,CESSNA AIRCRAFT COMPANY,172S,744697ac32057f34cf331150ec0a9bd6a809a938221f8f548f7019169706ce5b,True,2
44719,7716,230926_ML_3.npy,2026-09-23,2026-09-23 23:28:15.797512,7C67D0,C172,CESSNA AIRCRAFT COMPANY,172S,6ed9fae629f464f1c768ee6f3906832d2da96336965159338627b4ac711e2233,True,5
44738,7735,230926_ML_3.npy,2026-09-23,2026-09-23 23:28:46.685173,7C67D0,C172,CESSNA AIRCRAFT COMPANY,172S,709daf6bd05b9c9df88702ff74e12539d3e7fbd89f9ffd47543d4f66cc11f2ff,True,2
44747,7744,230926_ML_3.npy,2026-09-23,2026-09-23 23:28:55.860935,7C67D0,C172,CESSNA AIRCRAFT COMPANY,172S,6ed9fae629f464f1c768ee6f3906832d2da96336965159338627b4ac711e2233,True,2
44751,7748,230926_ML_3.npy,2026-09-23,2026-09-23 23:28:58.917052,7C6C18,C172,CESSNA AIRCRAFT COMPANY,172S,e4fde3f5ff7de770aa047902f3c0b34627d3bb572cf96178a91709b715309da2,True,1
44762,7759,230926_ML_3.npy,2026-09-23,2026-09-23 23:29:19.585113,7C7B65,DA40,DIAMOND AIRCRAFT INDUSTRIES INC.,DA 40,fb31ca011eeae7010c4406dc413081d415565367b37601f433395785893d8592,True,3
44782,7779,230926_ML_3.npy,2026-09-23,2026-09-23 23:29:48.169111,7C7B65,DA40,DIAMOND AIRCRAFT INDUSTRIES INC.,DA 40,a0ce4cfa14487c18e6c383c4ed99c9df554cbbb3245e5627119d48b8a48445ae,True,5
44787,7784,230926_ML_3.npy,2026-09-23,2026-09-23 23:29:55.925305,7C7B65,DA40,DIAMOND AIRCRAFT INDUSTRIES INC.,DA 40,fb31ca011eeae7010c4406dc413081d415565367b37601f433395785893d8592,True,1
44793,7790,230926_ML_3.npy,2026-09-23,2026-09-23 23:31:38.255650,7C6C18,C172,CESSNA AIRCRAFT COMPANY,172S,ab5159f8312ff247858ea4f99db87d0686b44c01b0ed8c216de156af938962b5,True,5
44796,7793,230926_ML_3.npy,2026-09-23,2026-09-23 23:31:44.105356,7C6C18,C172,CESSNA AIRCRAFT COMPANY,172S,e4fde3f5ff7de770aa047902f3c0b34627d3bb572cf96178a91709b715309da2,True,3
44800,7797,230926_ML_3.npy,2026-09-23,2026-09-23 23:31:58.094841,7C6C18,C172,CESSNA AIRCRAFT COMPANY,172S,d3c39e9e4d50f641b0b4ee0dc92a4132323f31a92dc2851c10d9c164988562ba,True,3
44801,7798,230926_ML_3.npy,2026-09-23,2026-09-23 23:31:58.100628,7C6C18,C172,CESSNA AIRCRAFT COMPANY,172S,552db11479c64bc872563a050d75699aee5d1db965d0f9f4ebcacbace9765796,True,2
44803,7800,230926_ML_3.npy,2026-09-23,2026-09-23 23:31:58.927398,7C6C18,C172,CESSNA AIRCRAFT COMPANY,172S,8b64b0742adfc058badec0ad719800021ad607786204f593a01732b45cb5cfd8,True,2
44805,7802,230926_ML_3.npy,2026-09-23,2026-09-23 23:31:59.865985,7C6C18,C172,CESSNA AIRCRAFT COMPANY,172S,6ee2c3a888de1f8152c438687adfa888f79810cae88708918ee18bf8b9500a7d,True,1
44807,7804,230926_ML_3.npy,2026-09-23,2026-09-23 23:31:59.876783,7C6C18,C172,CESSNA AIRCRAFT COMPANY,172S,f23f34945f6c81b2c4815a2326f75d606ed94a46b38b509ffed0eeee881567c9,True,4
44808,7805,230926_ML_3.npy,2026-09-23,2026-09-23 23:32:00.461169,7C6C18,C172,CESSNA AIRCRAFT COMPANY,172S,9599b2ba73fc5cd15190c328e500a85645aa78b40d2732e2ae68815486ae5377,True,4
44810,7807,230926_ML_3.npy,2026-09-23,2026-09-23 23:32:01.001005,7C6C18,C172,CESSNA AIRCRAFT COMPANY,172S,5a88c95d6c3457bc0394163831c6d0f97ae188b1df4d8715a7b4b22bb6fc362a,True,4
44814,7811,230926_ML_3.npy,2026-09-23,2026-09-23 23:32:06.665831,7C6C18,C172,CESSNA AIRCRAFT COMPANY,172S,e4fde3f5ff7de770aa047902f3c0b34627d3bb572cf96178a91709b715309da2,True,3
44820,7817,230926_ML_3.npy,2026-09-23,2026-09-23 23:32:13.421630,7C6C18,C172,CESSNA AIRCRAFT COMPANY,172S,0eae2ce60719470d80d2d62693f9d3861d35ba886f56e792b5cf4a69013bce5c,True,5
44824,7821,230926_ML_3.npy,2026-09-23,2026-09-23 23:32:16.329154,7C6C18,C172,CESSNA AIRCRAFT COMPANY,172S,1cff5ee59ecad6c1ba4ff5fe9bf8eab321b93971612f5e681307b0cd38db7f82,True,2
44828,7825,230926_ML_3.npy,2026-09-23,2026-09-23 23:32:21.419335,7C6C18,C172,CESSNA AIRCRAFT COMPANY,172S,0caa9bb2f2b5d8c0a84d5abfdb593480039d5b35d530b981ec20ee973ac80062,True,2
44833,7830,230926_ML_3.npy,2026-09-23,2026-09-23 23:32:25.496595,7C6C18,C172,CESSNA AIRCRAFT COMPANY,172S,559384fa099676a09a9d4fbfad00eef315b045a3800ecc26c6fa7a2eddae092d,True,2
44841,7838,230926_ML_3.npy,2026-09-23,2026-09-23 23:32:36.478920,7C6C18,C172,CESSNA AIRCRAFT COMPANY,172S,2980e36d4bf834ffd062ae5236b963a728bb31127ee68c0a21df6baec309e142,True,1
44843,7840,230926_ML_3.npy,2026-09-23,2026-09-23 23:32:37.063217,7C6C18,C172,CESSNA AIRCRAFT COMPANY,172S,61cc62255303d38aaee66ad94be23af149f2cb79a4000842c769a39796e75d1f,True,2
44845,7842,230926_ML_3.npy,2026-09-23,2026-09-23 23:32:44.396249,7C67D0,C172,CESSNA AIRCRAFT COMPANY,172S,f89851bffefc391147ea6363012acbcbceb16af30ed291f9058ec566ab75f356,True,1
44848,7845,230926_ML_3.npy,2026-09-23,2026-09-23 23:32:53.833235,7C7C2E,DA40,DIAMOND AIRCRAFT INDUSTRIES INC.,DA 40,cf1cf555a775c50935b36dd9c8a8e898a0377c9599f865503f4d96e1178db06d,True,5
44854,7851,230926_ML_3.npy,2026-09-23,2026-09-23 23:33:06.992119,7C67D0,C172,CESSNA AIRCRAFT COMPANY,172S,6ed9fae629f464f1c768ee6f3906832d2da96336965159338627b4ac711e2233,True,2
44859,7856,230926_ML_3.npy,2026-09-23,2026-09-23 23:33:16.761989,7C7C2E,DA40,DIAMOND AIRCRAFT INDUSTRIES INC.,DA 40,c5c26e70f1cf4fdfaebcd128f77855680250c5bfd2b83584f2716545bcbeed10,True,5
44886,7883,230926_ML_3.npy,2026-09-23,2026-09-23 23:33:38.043460,7C7C2E,DA40,DIAMOND AIRCRAFT INDUSTRIES INC.,DA 40,6dc0eebf27608d229351e964fa818f183e3bdbbbcff7938c12a81ae6ac9f04c0,True,3
44887,7884,230926_ML_3.npy,2026-09-23,2026-09-23 23:33:38.243193,7C7C2E,DA40,DIAMOND AIRCRAFT INDUSTRIES INC.,DA 40,97d17f5a144e50a68003aaf4c38c4fc1cedaa3771b7a47f629c504f574451ce8,True,5
44908,7905,230926_ML_3.npy,2026-09-23,2026-09-23 23:33:58.223897,7C67D0,C172,CESSNA AIRCRAFT COMPANY,172S,02d887d41109a855b101c7d2f36410c299231c46640032d88d5f3de584cedac7,True,4
44913,7910,230926_ML_3.npy,2026-09-23,2026-09-23 23:34:05.239018,7C7AF0,DA40,DIAMOND AIRCRAFT INDUSTRIES INC.,DA 40,f0c6654a01c44a3ff84f2dfd5d9f9ee6c53f3bf0ed09c989dd37883dce6c1cd7,True,4
44925,7922,230926_ML_3.npy,2026-09-23,2026-09-23 23:34:12.771109,7C67D0,C172,CESSNA AIRCRAFT COMPANY,172S,7e90b624d874202f8c725dc3285f157ec663516c80f8e7e8efd8743dc4a1313b,True,5
44952,7949,230926_ML_3.npy,2026-09-23,2026-09-23 23:37:21.185157,7C6C18,C172,CESSNA AIRCRAFT COMPANY,172S,64d8d30ac04edeedce8e8f4ef3441cb89f46638f104903ed42bdd9c001da410e,True,2
44953,7950,230926_ML_3.npy,2026-09-23,2026-09-23 23:37:21.189128,7C6C18,C172,CESSNA AIRCRAFT COMPANY,172S,d3bddc04b56ecfaff9a86a5948c896dc5ca9ec6e8f8e4166fd90f8dd84078475,True,4
44954,7951,230926_ML_3.npy,2026-09-23,2026-09-23 23:37:24.742372,7C6C18,C172,CESSNA AIRCRAFT COMPANY,172S,e4fde3f5ff7de770aa047902f3c0b34627d3bb572cf96178a91709b715309da2,True,2
44982,7979,230926_ML_3.npy,2026-09-23,2026-09-23 23:37:44.630666,7C6C18,C172,CESSNA AIRCRAFT COMPANY,172S,369ef1825d634e2fc97ee01fdcc1defb89f9d75e1007e1568ed82c3cb902e567,True,4
44984,7981,230926_ML_3.npy,2026-09-23,2026-09-23 23:37:46.592949,7C6C18,C172,CESSNA AIRCRAFT COMPANY,172S,b709c30ebfd14051068adcd7abb86fab96d82297443f90d5ab26fca03179dcc8,True,2
44986,7983,230926_ML_3.npy,2026-09-23,2026-09-23 23:37:50.464743,7C6C18,C172,CESSNA AIRCRAFT COMPANY,172S,442c2bd7931a74fa34c14d65ee7cbb47533276c29a81d2d1608e5c17b3b8acc0,True,4
44989,7986,230926_ML_3.npy,2026-09-23,2026-09-23 23:37:51.055443,7C6C18,C172,CESSNA AIRCRAFT COMPANY,172S,e4fde3f5ff7de770aa047902f3c0b34627d3bb572cf96178a91709b715309da2,True,5
45000,7997,230926_ML_3.npy,2026-09-23,2026-09-23 23:38:25.664064,7C0074,C172,CESSNA AIRCRAFT COMPANY,172S,a5fc388dbaf5c9ef0cec7c1c8be140587f3561693ad3e072f6aa7cc1c0358bf6,True,1
45001,7998,230926_ML_3.npy,2026-09-23,2026-09-23 23:38:28.817690,7C0074,C172,CESSNA AIRCRAFT COMPANY,172S,449bc132a94140ed620a717d975c82052e1d3b23a29ef98d861155648ff54d17,True,2
45002,7999,230926_ML_3.npy,2026-09-23,2026-09-23 23:38:36.877871,7C0074,C172,CESSNA AIRCRAFT COMPANY,172S,b081da300a60f59627ea62198029ff8a9e169d5490452b583829bd8461212ab4,True,5
45005,8002,230926_ML_3.npy,2026-09-23,2026-09-23 23:39:03.850753,7C0074,C172,CESSNA AIRCRAFT COMPANY,172S,3f85a0c46f6a26d836d096b402792a2c17a77963fb7f5ad72e420c26dbdeb5e5,True,1
45011,8008,230926_ML_3.npy,2026-09-23,2026-09-23 23:39:18.342528,7C0074,C172,CESSNA AIRCRAFT COMPANY,172S,3578677138e6a3153a53bf720c5d88c3a13ddf364373a133b83a554a7aeb51bf,True,3
45015,8012,230926_ML_3.npy,2026-09-23,2026-09-23 23:39:39.363408,7C0074,C172,CESSNA AIRCRAFT COMPANY,172S,5064498a697c5058f08d0c1ebece28c0bfa8cc4d07b95599fc0010493ed2db7c,True,1
45020,8017,230926_ML_3.npy,2026-09-23,2026-09-23 23:39:56.612410,7C0074,C172,CESSNA AIRCRAFT COMPANY,172S,6a9bb29312a0c03f3ef4700332449c3edac63255a10dbb5a14098249036da334,True,2
45032,8029,230926_ML_3.npy,2026-09-23,2026-09-23 23:42:33.706489,7C6C18,C172,CESSNA AIRCRAFT COMPANY,172S,e4fde3f5ff7de770aa047902f3c0b34627d3bb572cf96178a91709b715309da2,True,4
45039,8036,230926_ML_3.npy,2026-09-23,2026-09-23 23:42:42.756270,7C6C18,C172,CESSNA AIRCRAFT COMPANY,172S,e483c27ef0dee89752affcb28691853b65aef8342e451adec9988f528bc4e4b1,True,4
45042,8039,230926_ML_3.npy,2026-09-23,2026-09-23 23:42:46.348925,7C6C18,C172,CESSNA AIRCRAFT COMPANY,172S,5a88c95d6c3457bc0394163831c6d0f97ae188b1df4d8715a7b4b22bb6fc362a,True,3
45043,8040,230926_ML_3.npy,2026-09-23,2026-09-23 23:42:49.372358,7C6C18,C172,CESSNA AIRCRAFT COMPANY,172S,43375dc295c4955ae77d1bb73264e58ef38cc3b901296ff5ade3dfb5c38733ab,True,5
45053,8050,230926_ML_3.npy,2026-09-23,2026-09-23 23:42:58.577317,7C6C18,C172,CESSNA AIRCRAFT COMPANY,172S,e4fde3f5ff7de770aa047902f3c0b34627d3bb572cf96178a91709b715309da2,True,5
45063,8060,230926_ML_3.npy,2026-09-23,2026-09-23 23:43:09.931695,7C6C18,C172,CESSNA AIRCRAFT COMPANY,172S,203f99fc5ce3a09610df6060ca908e496d451043719572c6b25efbe7ae9cf6e2,True,3
45068,8065,230926_ML_3.npy,2026-09-23,2026-09-23 23:43:20.486624,7C6C18,C172,CESSNA AIRCRAFT COMPANY,172S,e9cd4ddfb37d3758ca84a1a0f0f618ca60ff4952c82f325bc7cefff720e4e4bb,True,1
45079,8076,230926_ML_3.npy,2026-09-23,2026-09-23 23:45:29.383819,7C7AF8,DA40,DIAMOND AIRCRAFT INDUSTRIES INC.,DA 40,9bc8bf120ac4cc96b3463ca63a0eafe2d2b8cae985f8f9e2c52e579229557cde,True,3
45083,8080,230926_ML_3.npy,2026-09-23,2026-09-23 23:45:41.297346,7C7AF8,DA40,DIAMOND AIRCRAFT INDUSTRIES INC.,DA 40,c33693a8934e2c5f54b09577c6c27e38943171dc871ecbd9738d92ba38fb2d86,True,5
45086,8083,230926_ML_3.npy,2026-09-23,2026-09-23 23:45:46.404155,7C7C39,DA40,DIAMOND AIRCRAFT INDUSTRIES INC.,DA 40,a2660e040a5760b50f4dd4faebd449ed8cd471958e31329c675c09b25d485b11,True,1
45097,8094,230926_ML_3.npy,2026-09-23,2026-09-23 23:45:54.127055,7C7C39,DA40,DIAMOND AIRCRAFT INDUSTRIES INC.,DA 40,4adaa1da26fa1d6189553fc042e0976c298679ffef7b8ccc1c1c7e9096197c02,True,5
45102,8099,230926_ML_3.npy,2026-09-23,2026-09-23 23:46:01.417514,7C7C39,DA40,DIAMOND AIRCRAFT INDUSTRIES INC.,DA 40,6676e5e1acdd87801760683204b1ae9611d60589b1ee7d7f74b02af9c02dfb5d,True,5
45125,8122,230926_ML_3.npy,2026-09-23,2026-09-23 23:47:20.402166,7C7AF7,DA40,DIAMOND AIRCRAFT INDUSTRIES INC.,DA 40,ced19d18f947dbe941f6bd3c4594019cd3facc7f0e5247462ea3d998712c30e0,True,4
45129,8126,230926_ML_3.npy,2026-09-23,2026-09-23 23:47:28.643715,7C7AF7,DA40,DIAMOND AIRCRAFT INDUSTRIES INC.,DA 40,1e4482e914796f26b260f6e4d3e9e4096cdb7becf56ed8add34778f28add818c,True,4
45130,8127,230926_ML_3.npy,2026-09-23,2026-09-23 23:47:29.767375,7C7AF7,DA40,DIAMOND AIRCRAFT INDUSTRIES INC.,DA 40,47de635d1cb6ea1e254e2992661a77c4ed81169edf2561734218265e915d92c4,True,5
45137,8134,230926_ML_3.npy,2026-09-23,2026-09-23 23:47:37.071144,7C7AF7,DA40,DIAMOND AIRCRAFT INDUSTRIES INC.,DA 40,8127ec7f4a693acdc7a2006b9445e2dd37a06cccd2540daee01ea55ef2656c1d,True,4
45142,8139,230926_ML_3.npy,2026-09-23,2026-09-23 23:47:43.632811,7C7AF7,DA40,DIAMOND AIRCRAFT INDUSTRIES INC.,DA 40,879b10ab25d81f22f4c29fc04a35b8a1f01b29f9da44d87b3ab6523398195226,True,4
45149,8146,230926_ML_3.npy,2026-09-23,2026-09-23 23:47:55.546634,7C7AF7,DA40,DIAMOND AIRCRAFT INDUSTRIES INC.,DA 40,59e9b2d03db5ddc47e3680f1f43f39771bdc466272951a2313e986a71e9a79f6,True,2
45150,8147,230926_ML_3.npy,2026-09-23,2026-09-23 23:47:56.820008,7C7AF7,DA40,DIAMOND AIRCRAFT INDUSTRIES INC.,DA 40,3c7fd23a4e1dbe5dcbbc72df84d279442fe345969aa7a944bc1ea35b0c41d6af,True,5
45151,8148,230926_ML_3.npy,2026-09-23,2026-09-23 23:47:59.816945,7C6C18,C172,CESSNA AIRCRAFT COMPANY,172S,f23f34945f6c81b2c4815a2326f75d606ed94a46b38b509ffed0eeee881567c9,True,3
45154,8151,230926_ML_3.npy,2026-09-23,2026-09-23 23:48:06.131302,7C6C18,C172,CESSNA AIRCRAFT COMPANY,172S,193b4c3b7e804cbe954932d5a4039e369462c5db02cda36af23b3a6e57680ef6,True,3
45156,8153,230926_ML_3.npy,2026-09-23,2026-09-23 23:48:10.066944,7C6C18,C172,CESSNA AIRCRAFT COMPANY,172S,f23f34945f6c81b2c4815a2326f75d606ed94a46b38b509ffed0eeee881567c9,True,4
45157,8154,230926_ML_3.npy,2026-09-23,2026-09-23 23:48:12.452221,7C6C18,C172,CESSNA AIRCRAFT COMPANY,172S,1330fc8d39d52e74bc8331bae38c580433d19bb5903ff24b7edaed0df5ce8c56,True,1
45160,8157,230926_ML_3.npy,2026-09-23,2026-09-23 23:48:19.480581,7C6C18,C172,CESSNA AIRCRAFT COMPANY,172S,e4fde3f5ff7de770aa047902f3c0b34627d3bb572cf96178a91709b715309da2,True,2
45163,8160,230926_ML_3.npy,2026-09-23,2026-09-23 23:48:27.015145,7C6C18,C172,CESSNA AIRCRAFT COMPANY,172S,e1d43850b8fc36d767b11cf1df67c0cc26d3d407f3c5c13fcc26d14a61774c92,True,2
45173,8170,230926_ML_3.npy,2026-09-23,2026-09-23 23:48:38.075442,7C6C18,C172,CESSNA AIRCRAFT COMPANY,172S,203f99fc5ce3a09610df6060ca908e496d451043719572c6b25efbe7ae9cf6e2,True,3
45174,8171,230926_ML_3.npy,2026-09-23,2026-09-23 23:48:40.291417,7C6C18,C172,CESSNA AIRCRAFT COMPANY,172S,5663c063725862873fdc69a62bdb52e727e72bff8281301688edb3eaad7995a7,True,5
45175,8172,230926_ML_3.npy,2026-09-23,2026-09-23 23:48:43.202917,7C6C18,C172,CESSNA AIRCRAFT COMPANY,172S,e4fde3f5ff7de770aa047902f3c0b34627d3bb572cf96178a91709b715309da2,True,4
45177,8174,230926_ML_3.npy,2026-09-23,2026-09-23 23:48:47.238418,7C6C18,C172,CESSNA AIRCRAFT COMPANY,172S,d3824b5d8d7ce90aa9d56b3e6677ddd3b5892460f36d0f4eedf7be96f07a7767,True,1
45180,8177,230926_ML_3.npy,2026-09-23,2026-09-23 23:48:48.315874,7C6C18,C172,CESSNA AIRCRAFT COMPANY,172S,ab06d4709f62cb07278a11714b09c39bff19816c69632dd2c9bc27bc121d5f5d,True,2
45181,8178,230926_ML_3.npy,2026-09-23,2026-09-23 23:48:48.321826,7C6C18,C172,CESSNA AIRCRAFT COMPANY,172S,0f3a864a36227b2f5344e648e70231ab95d5e1cf1e4b52a4e837306f5ceb3830,True,3
45182,8179,230926_ML_3.npy,2026-09-23,2026-09-23 23:48:50.584279,7C6C18,C172,CESSNA AIRCRAFT COMPANY,172S,203f99fc5ce3a09610df6060ca908e496d451043719572c6b25efbe7ae9cf6e2,True,5
45189,8186,230926_ML_3.npy,2026-09-23,2026-09-23 23:49:30.605211,7C7C39,DA40,DIAMOND AIRCRAFT INDUSTRIES INC.,DA 40,79fa37f5315511696f96c4133e5a9fd5fe07a569b754dc793fe8aff2f334a50e,True,4
45190,8187,230926_ML_3.npy,2026-09-23,2026-09-23 23:49:39.187449,7C7C39,DA40,DIAMOND AIRCRAFT INDUSTRIES INC.,DA 40,aad7ea93dd3c45a02f3988509fea39ab25a28d08d1bd64523396a28ec30046c4,True,3
45192,8189,230926_ML_3.npy,2026-09-23,2026-09-23 23:49:53.196302,7C7C39,DA40,DIAMOND AIRCRAFT INDUSTRIES INC.,DA 40,95b46cb2d801c524410c694acb62b80c188eee8f567e70096497bba7359bfc2e,True,2
45196,8193,230926_ML_3.npy,2026-09-23,2026-09-23 23:50:15.333407,7C7AF8,DA40,DIAMOND AIRCRAFT INDUSTRIES INC.,DA 40,b0f13c571e7bc5bf9305163a86f1b339e0d87c027ec5f3fb2c48d70ddbfff41b,True,5
45213,8210,230926_ML_3.npy,2026-09-23,2026-09-23 23:51:40.733188,7C67D0,C172,CESSNA AIRCRAFT COMPANY,172S,6ed9fae629f464f1c768ee6f3906832d2da96336965159338627b4ac711e2233,True,3
45227,8224,230926_ML_3.npy,2026-09-23,2026-09-23 23:51:48.491771,7C67D0,C172,CESSNA AIRCRAFT COMPANY,172S,1208f65383175322c8c2dcafeb7c936303907adde153720f76dd3fea15446330,True,3
45233,8230,230926_ML_3.npy,2026-09-23,2026-09-23 23:51:50.147750,7C67D0,C172,CESSNA AIRCRAFT COMPANY,172S,b88e59be2f6da13166619b8c926edeb7768bdef79df94bf3aac356994a53bf22,True,2
45238,8235,230926_ML_3.npy,2026-09-23,2026-09-23 23:51:50.664698,7C67D0,C172,CESSNA AIRCRAFT COMPANY,172S,6ed9fae629f464f1c768ee6f3906832d2da96336965159338627b4ac711e2233,True,2
45239,8236,230926_ML_3.npy,2026-09-23,2026-09-23 23:51:51.376441,7C67D0,C172,CESSNA AIRCRAFT COMPANY,172S,69d13832838281f7de15ade3a98712d13cf1e87ea8914ac5b9cc62744fe92dd2,True,2
45241,8238,230926_ML_3.npy,2026-09-23,2026-09-23 23:51:52.300825,7C67D0,C172,CESSNA AIRCRAFT COMPANY,172S,87244953fb0c0579644915289798ad2d052433a48db3b7ea9d98aeb4528324bb,True,5
45243,8240,230926_ML_3.npy,2026-09-23,2026-09-23 23:51:53.141461,7C7C39,DA40,DIAMOND AIRCRAFT INDUSTRIES INC.,DA 40,fc57220cfc423098aba403e2f992cb4bf01670c7fcf8a7daac67523c0f59ba01,True,3
45252,8249,230926_ML_3.npy,2026-09-23,2026-09-23 23:51:57.728714,7C67D0,C172,CESSNA AIRCRAFT COMPANY,172S,6befafdced822b7eb0810971e29121f0f38039d13f89f4cbe0ac1b949e63da93,True,5
45266,8263,230926_ML_3.npy,2026-09-23,2026-09-23 23:52:07.530086,7C67D0,C172,CESSNA AIRCRAFT COMPANY,172S,62140e0f13d135301bd8f962ab02bc4e975447a2b903b03d4f328d43c4b1a715,True,5
45269,8266,230926_ML_3.npy,2026-09-23,2026-09-23 23:52:09.376344,7C67D0,C172,CESSNA AIRCRAFT COMPANY,172S,2921edb273aa392e386cb37932ffd402de55e385a4f1de7a9ed42dc591a90385,True,1
45270,8267,230926_ML_3.npy,2026-09-23,2026-09-23 23:52:10.540014,7C7C39,DA40,DIAMOND AIRCRAFT INDUSTRIES INC.,DA 40,8bacf6b8be5e9e28455a66fd123d986816efcaa445d546477c41f3c7f66b86e7,True,2
45273,8270,230926_ML_3.npy,2026-09-23,2026-09-23 23:52:11.362937,7C67D0,C172,CESSNA AIRCRAFT COMPANY,172S,aa7b3cfc51216b6ff9a440cc8e97b1144e9228f52620e363f6a8cd750c43eb63,True,3
45288,8285,230926_ML_3.npy,2026-09-23,2026-09-23 23:52:15.303642,7C67D0,C172,CESSNA AIRCRAFT COMPANY,172S,8b1a39422a6cd9b78aa9190787849a5a7e19efde25ed66de03e89c430248335b,True,3
45294,8291,230926_ML_3.npy,2026-09-23,2026-09-23 23:52:19.143500,7C7C39,DA40,DIAMOND AIRCRAFT INDUSTRIES INC.,DA 40,3479e2e3f601295b1fae249b6c3652d79b7d46dd225672766e85480fb7225c19,True,4
45295,8292,230926_ML_3.npy,2026-09-23,2026-09-23 23:52:19.585218,7C7C39,DA40,DIAMOND AIRCRAFT INDUSTRIES INC.,DA 40,c5701522dababfa716deadd509da8859478466d5dc3877dfab3374c84fdcfd43,True,4
45313,8310,230926_ML_3.npy,2026-09-23,2026-09-23 23:52:35.461572,7C67D0,C172,CESSNA AIRCRAFT COMPANY,172S,6ed9fae629f464f1c768ee6f3906832d2da96336965159338627b4ac711e2233,True,5
45314,8311,230926_ML_3.npy,2026-09-23,2026-09-23 23:52:36.448055,7C67D0,C172,CESSNA AIRCRAFT COMPANY,172S,69d13832838281f7de15ade3a98712d13cf1e87ea8914ac5b9cc62744fe92dd2,True,3
45316,8313,230926_ML_3.npy,2026-09-23,2026-09-23 23:53:47.542999,7C6C18,C172,CESSNA AIRCRAFT COMPANY,172S,e4fde3f5ff7de770aa047902f3c0b34627d3bb572cf96178a91709b715309da2,True,4
45321,8318,230926_ML_3.npy,2026-09-23,2026-09-23 23:54:00.052704,7C6C18,C172,CESSNA AIRCRAFT COMPANY,172S,e4fde3f5ff7de770aa047902f3c0b34627d3bb572cf96178a91709b715309da2,True,1
45322,8319,230926_ML_3.npy,2026-09-23,2026-09-23 23:54:02.143590,7C6C18,C172,CESSNA AIRCRAFT COMPANY,172S,f12b1b33e9fa79872ae19be6d2362ef6b96509aee60ac3cc5257a2d15f38e313,True,5
45325,8322,230926_ML_3.npy,2026-09-23,2026-09-23 23:54:07.884458,7C6C18,C172,CESSNA AIRCRAFT COMPANY,172S,8addc4fd95cd94f0b3391930941f7f307d59bab05d91a1520168f62259f95833,True,1
45333,8330,230926_ML_3.npy,2026-09-23,2026-09-23 23:54:19.999070,7C582C,DA40,DIAMOND AIRCRAFT INDUSTRIES INC.,DA 40,761dff04d694a9721dccbafd43c68cfd62a21bd75e4073d4271694e9a09bb4b5,True,5
45338,8335,230926_ML_3.npy,2026-09-23,2026-09-23 23:54:22.650556,7C6C18,C172,CESSNA AIRCRAFT COMPANY,172S,e4fde3f5ff7de770aa047902f3c0b34627d3bb572cf96178a91709b715309da2,True,1
45345,8342,230926_ML_3.npy,2026-09-23,2026-09-23 23:54:32.245395,7C582C,DA40,DIAMOND AIRCRAFT INDUSTRIES INC.,DA 40,c50a6d8ee4d3804acd19bb4183757433445f50f1c4b2a68c69f6cbd6279da434,True,1
45357,8354,230926_ML_3.npy,2026-09-23,2026-09-23 23:54:48.369012,7C7B5F,DA40,DIAMOND AIRCRAFT INDUSTRIES INC.,DA 40,a2829a2e30b0b89100ca559dd754cfe34e881bc1e6092bb08c82965faac43b8e,True,3
45389,8386,230926_ML_3.npy,2026-09-23,2026-09-23 23:56:21.415412,7C6C18,C172,CESSNA AIRCRAFT COMPANY,172S,f5991936a016348cedb23935c5419628ae2be6d4609f61a5dd60539b8f851ed3,True,1
45396,8393,230926_ML_3.npy,2026-09-23,2026-09-23 23:56:26.034445,7C7B60,DA40,DIAMOND AIRCRAFT INDUSTRIES INC.,DA 40,6d36318f80e528a844acb0d6c30a95feacda023bcfcf3a6049844caa1404be41,True,3
45421,8418,230926_ML_3.npy,2026-09-23,2026-09-23 23:56:54.146354,7C7B60,DA40,DIAMOND AIRCRAFT INDUSTRIES INC.,DA 40,896ff882820fa300d249d0441f75e2c7d2cf9b45a4e721d54ac3a337923431e6,True,4
45423,8420,230926_ML_3.npy,2026-09-23,2026-09-23 23:56:56.129697,7C7B5F,DA40,DIAMOND AIRCRAFT INDUSTRIES INC.,DA 40,6e6aa43eaa51ce6727f9bca59fa88096e360326bbfac74078c2b780373d57abf,True,4
45424,8421,230926_ML_3.npy,2026-09-23,2026-09-23 23:56:58.460173,7C7B60,DA40,DIAMOND AIRCRAFT INDUSTRIES INC.,DA 40,528efafa3fa4949ae5cbaad70080e73b3148362722215f4b4f130ac09d08e9d3,True,1
45426,8423,230926_ML_3.npy,2026-09-23,2026-09-23 23:56:58.629519,7C7B5F,DA40,DIAMOND AIRCRAFT INDUSTRIES INC.,DA 40,e7e85ee3b235570d22210a89ae1cc4af031c7641e7d1a005207c65faffe3871d,True,2
45427,8424,230926_ML_3.npy,2026-09-23,2026-09-23 23:56:59.735870,7C7B60,DA40,DIAMOND AIRCRAFT INDUSTRIES INC.,DA 40,e393171e3bdd02b1db166d5e82b14800fc75e4f939f8e2654f0426951c744549,True,3
45441,8438,230926_ML_3.npy,2026-09-23,2026-09-23 23:58:23.245300,7C6693,DA40,DIAMOND AIRCRAFT INDUSTRIES INC.,DA 40,ed338ac343be46ba19fc80116b78af3c7eeeec31c8025b3886dbee566c8e7133,True,4
45444,8441,230926_ML_3.npy,2026-09-23,2026-09-23 23:58:26.919107,7C6C18,C172,CESSNA AIRCRAFT COMPANY,172S,203f99fc5ce3a09610df6060ca908e496d451043719572c6b25efbe7ae9cf6e2,True,3
45454,8451,230926_ML_3.npy,2026-09-23,2026-09-23 23:58:38.070839,7C6693,DA40,DIAMOND AIRCRAFT INDUSTRIES INC.,DA 40,47d38af3352f8a05adc2b11d3a3797f831e1cea2ef9afc78784ab21dce0d8125,True,3
45460,8457,230926_ML_3.npy,2026-09-23,2026-09-23 23:58:48.054810,7C6693,DA40,DIAMOND AIRCRAFT INDUSTRIES INC.,DA 40,faccd4eb9731a5d9a2ae72b0d1930f3b4b47f309bba16a221c34a7b71b7411f2,True,5
45468,8465,230926_ML_3.npy,2026-09-23,2026-09-23 23:58:56.252344,7C6693,DA40,DIAMOND AIRCRAFT INDUSTRIES INC.,DA 40,63d9934f73e8ba3a478f1c96ccf74bdbc6127b5b8ca4739ea7103c548e1b99b4,True,5
45470,8467,230926_ML_3.npy,2026-09-23,2026-09-23 23:58:59.509352,7C6C18,C172,CESSNA AIRCRAFT COMPANY,172S,f23f34945f6c81b2c4815a2326f75d606ed94a46b38b509ffed0eeee881567c9,True,5
45474,8471,230926_ML_3.npy,2026-09-23,2026-09-23 23:59:03.847196,7C6C18,C172,CESSNA AIRCRAFT COMPANY,172S,98f4838a99263360729e00f72da39f296ec627ba9c2101621248ee28d5cec995,True,2
45493,8490,230926_ML_3.npy,2026-09-23,2026-09-23 23:59:24.572950,7C6C18,C172,CESSNA AIRCRAFT COMPANY,172S,203f99fc5ce3a09610df6060ca908e496d451043719572c6b25efbe7ae9cf6e2,True,3
45495,8492,230926_ML_3.npy,2026-09-23,2026-09-23 23:59:49.356127,7C7AF8,DA40,DIAMOND AIRCRAFT INDUSTRIES INC.,DA 40,0f86818519773ce3ec1900dcee0b3742abe3444c144322672b6d2a90be12cb8c,True,4
45499,8496,230926_ML_3.npy,2026-09-24,2026-09-24 00:00:11.685564,7C1689,DA40,DIAMOND AIRCRAFT INDUSTRIES INC.,DA 40,e93dba4c61f435f2354d9be2b6915f05ff0cbbcbd7190af92991bd8e9888a8e1,True,2
45505,8502,230926_ML_3.npy,2026-09-24,2026-09-24 00:00:23.154329,7C1689,DA40,DIAMOND AIRCRAFT INDUSTRIES INC.,DA 40,1ba93b09c6429863c77134fa069530639f5a168e82a443e73da09af2abd5cdd1,True,1
45511,8508,230926_ML_3.npy,2026-09-24,2026-09-24 00:00:34.922414,7C1689,DA40,DIAMOND AIRCRAFT INDUSTRIES INC.,DA 40,9d5f3f39fb830cc297fd240a7d01eef467efc44f202ac0c66de809c445e3c4e8,True,3
45521,8518,230926_ML_3.npy,2026-09-24,2026-09-24 00:00:42.185082,7C1689,DA40,DIAMOND AIRCRAFT INDUSTRIES INC.,DA 40,4c32436519cdbcdc32a956702e79997bb5913961f0d22553016e0cf7e0623632,True,5
45532,8529,230926_ML_3.npy,2026-09-24,2026-09-24 00:00:50.325948,7C7C3E,DA40,DIAMOND AIRCRAFT INDUSTRIES INC.,DA 40,540e2428310d4ff24d36123196832fd5904ef453c36a4342f41849a05ac8d5db,True,3
45542,8539,230926_ML_3.npy,2026-09-24,2026-09-24 00:01:08.941485,7C7C3E,DA40,DIAMOND AIRCRAFT INDUSTRIES INC.,DA 40,118a79c12109feca2958df7cb63e15659afd70f91694f8eb6cd19c40905cfa49,True,2
45543,8540,230926_ML_3.npy,2026-09-24,2026-09-24 00:01:10.376045,7C7C3E,DA40,DIAMOND AIRCRAFT INDUSTRIES INC.,DA 40,9e9c40c35a324de94a3aa0b3d96bae0ed10d504705ea63a8bce30326241a4b8c,True,2
45545,8542,230926_ML_3.npy,2026-09-24,2026-09-24 00:01:12.927102,7C7C3E,DA40,DIAMOND AIRCRAFT INDUSTRIES INC.,DA 40,cdb9e402ba3d8c8607426f15b0f18dca77624f0f69ea0831ff08d92cd706e7ca,True,1
45558,4,240926_ML.npy,2026-09-24,2026-09-24 00:04:32.764695,7C6C18,C172,CESSNA AIRCRAFT COMPANY,172S,203f99fc5ce3a09610df6060ca908e496d451043719572c6b25efbe7ae9cf6e2,True,3
45559,5,240926_ML.npy,2026-09-24,2026-09-24 00:04:36.002294,7C6C18,C172,CESSNA AIRCRAFT COMPANY,172S,4efef6db7f22d0936270dc8631f7dab52322fcecc4a911d20599a34320120bbb,True,5
45568,14,240926_ML.npy,2026-09-24,2026-09-24 00:04:44.813036,7C6C18,C172,CESSNA AIRCRAFT COMPANY,172S,e4fde3f5ff7de770aa047902f3c0b34627d3bb572cf96178a91709b715309da2,True,3
45569,15,240926_ML.npy,2026-09-24,2026-09-24 00:04:51.163570,7C6C18,C172,CESSNA AIRCRAFT COMPANY,172S,b91c3ac30d836b0de2e8d78fc126f17e3aaf6d0255258fa30973af0757115764,True,5
45571,17,240926_ML.npy,2026-09-24,2026-09-24 00:04:57.332286,7C6C18,C172,CESSNA AIRCRAFT COMPANY,172S,e4fde3f5ff7de770aa047902f3c0b34627d3bb572cf96178a91709b715309da2,True,2
45593,39,240926_ML.npy,2026-09-24,2026-09-24 00:09:13.504232,7C6C18,C172,CESSNA AIRCRAFT COMPANY,172S,9d9c9882e80c6000902d886b6ab5d0874dc09344de39b56f74255335d2cc39ea,True,1
45596,42,240926_ML.npy,2026-09-24,2026-09-24 00:09:17.485009,7C6C18,C172,CESSNA AIRCRAFT COMPANY,172S,1615474555cfb3d6c98a1d42866565659c701cafaef810ae68d3e9183b3dd5eb,True,4
45602,48,240926_ML.npy,2026-09-24,2026-09-24 00:09:24.239652,7C6C18,C172,CESSNA AIRCRAFT COMPANY,172S,304c9aad270fd65d5a32ba1137b3df92704810b0b1194473b3521991f6abdd0b,True,2
45612,58,240926_ML.npy,2026-09-24,2026-09-24 00:09:36.890133,7C6C18,C172,CESSNA AIRCRAFT COMPANY,172S,e4fde3f5ff7de770aa047902f3c0b34627d3bb572cf96178a91709b715309da2,True,1
45614,60,240926_ML.npy,2026-09-24,2026-09-24 00:10:47.306761,7C7AF8,DA40,DIAMOND AIRCRAFT INDUSTRIES INC.,DA 40,359b5a8c6cc18578a9a1af5cd08202a007b4ddf797eb4e05a3efcd8924178fb4,True,2
45623,69,240926_ML.npy,2026-09-24,2026-09-24 00:12:06.167527,7C7C41,DA40,DIAMOND AIRCRAFT INDUSTRIES INC.,DA 40,5b1074a9ed0aa20bf6d75fcc3ca4ab036dbb2904cc3a249ca1cc530a4815b1cc,True,4
45626,72,240926_ML.npy,2026-09-24,2026-09-24 00:12:12.552296,7C7C41,DA40,DIAMOND AIRCRAFT INDUSTRIES INC.,DA 40,8410252302c22083748e6741a352dd6d52d0a1ae9a96bb11374b90eceabf1e80,True,1
45656,102,240926_ML.npy,2026-09-24,2026-09-24 00:15:04.894542,7C7AF8,DA40,DIAMOND AIRCRAFT INDUSTRIES INC.,DA 40,f7d50f8a025d99e7e62b309ca0d0699e151339fdddcdb8d885cb37c41b97be21,True,5
45670,116,240926_ML.npy,2026-09-24,2026-09-24 00:16:05.298504,7C168D,DA40,DIAMOND AIRCRAFT INDUSTRIES INC.,DA 40,7dfa8b5609499138aaf204b1ade8274d208a2d8963cffbd00dff248bddacfbc7,True,3
45671,117,240926_ML.npy,2026-09-24,2026-09-24 00:16:07.837159,7C168D,DA40,DIAMOND AIRCRAFT INDUSTRIES INC.,DA 40,2c15d5c09cb5d15481056d3d637ff8f9eca9037cdb0c00fcd45922656c80e9ff,True,4
45690,136,240926_ML.npy,2026-09-24,2026-09-24 00:16:46.797090,7C168D,DA40,DIAMOND AIRCRAFT INDUSTRIES INC.,DA 40,3e12c32fbd7ad3acc0901b4aa1dd2c63b32e8d2d4c4af98e78e428d27a7b1460,True,4
45693,139,240926_ML.npy,2026-09-24,2026-09-24 00:16:50.745651,7C168D,DA40,DIAMOND AIRCRAFT INDUSTRIES INC.,DA 40,fbdfa1410dbe9684193d0b55a5f5a8cbc68f5521b9f6641a8aa256d121f84eae,True,3
45695,141,240926_ML.npy,2026-09-24,2026-09-24 00:16:51.283102,7C168D,DA40,DIAMOND AIRCRAFT INDUSTRIES INC.,DA 40,2668b5fdf3aec8a6c2f2b80fc19b17592343cf14129e93fb5a2612db28761437,True,1
45730,176,240926_ML.npy,2026-09-24,2026-09-24 00:23:08.098683,7C7C2E,DA40,DIAMOND AIRCRAFT INDUSTRIES INC.,DA 40,60e5b9261c04929022b590a708417429f03799e3dc75eed90a562ff2f4faa30b,True,5
45734,180,240926_ML.npy,2026-09-24,2026-09-24 00:23:42.273893,7C168A,DA40,DIAMOND AIRCRAFT INDUSTRIES INC.,DA 40,d5a71906f7a8a981aa37bd53b3db16bdd1bbafe4d8d845927f36f83a6cf1059b,True,2
45748,194,240926_ML.npy,2026-09-24,2026-09-24 00:24:15.067268,7C168A,DA40,DIAMOND AIRCRAFT INDUSTRIES INC.,DA 40,c280cd2cb0aec9e8a6a513cb9246b8e31b72b263cc0a6b39675bbb8089419043,True,5
45762,208,240926_ML.npy,2026-09-24,2026-09-24 00:24:58.228236,7C168B,DA40,DIAMOND AIRCRAFT INDUSTRIES INC.,DA 40,43fa9920724a7c61adec541507a5242b4c280169b010cfbcaa6a1aa3db139799,True,4
45785,231,240926_ML.npy,2026-09-24,2026-09-24 00:28:02.634271,7C7C2E,DA40,DIAMOND AIRCRAFT INDUSTRIES INC.,DA 40,cf1cf555a775c50935b36dd9c8a8e898a0377c9599f865503f4d96e1178db06d,True,4
45787,233,240926_ML.npy,2026-09-24,2026-09-24 00:28:22.570368,7C7C2E,DA40,DIAMOND AIRCRAFT INDUSTRIES INC.,DA 40,cf1cf555a775c50935b36dd9c8a8e898a0377c9599f865503f4d96e1178db06d,True,2
45799,245,240926_ML.npy,2026-09-24,2026-09-24 00:29:35.514115,7C168A,DA40,DIAMOND AIRCRAFT INDUSTRIES INC.,DA 40,442587962217c8c3cc11277a5b2a7f3fbf4455f77abb933a6583ce616915ab43,True,4
45860,306,240926_ML.npy,2026-09-24,2026-09-24 00:32:56.979128,7C67D3,C172,CESSNA AIRCRAFT COMPANY,172S,afe569e91fb17bde9cb2b58bdfd98ff0df7b3d752f27356f89de0cf1e54046d0,True,1
45865,311,240926_ML.npy,2026-09-24,2026-09-24 00:33:01.718340,7C7C2E,DA40,DIAMOND AIRCRAFT INDUSTRIES INC.,DA 40,47077490baaafd63c252f2fd614f9b45f28ed73d6b7ef41986cb47ce4e902307,True,1
45901,347,240926_ML.npy,2026-09-24,2026-09-24 00:36:09.440645,7C7AF0,DA40,DIAMOND AIRCRAFT INDUSTRIES INC.,DA 40,316929988d4e636c01bef4c4525896dc47e3d981dbd7c5a40094d5487b9c7a59,True,1
45905,351,240926_ML.npy,2026-09-24,2026-09-24 00:37:31.911752,7C7AF0,DA40,DIAMOND AIRCRAFT INDUSTRIES INC.,DA 40,7a77932e236d8f3d7e11023177f35d4f45cef24af0191bb7872e7125512910e9,True,1
45910,356,240926_ML.npy,2026-09-24,2026-09-24 00:37:42.662461,7C7AF0,DA40,DIAMOND AIRCRAFT INDUSTRIES INC.,DA 40,9f24287a98f7ace007fcae2baf523cfaf82ac06e2e718e1e7bf91468085b6593,True,2
45914,360,240926_ML.npy,2026-09-24,2026-09-24 00:37:49.777213,7C7AF0,DA40,DIAMOND AIRCRAFT INDUSTRIES INC.,DA 40,5d00c62a0e456b7ac6722513baf01001dd290b6390b677e6def97bda8a81a27f,True,4
45920,366,240926_ML.npy,2026-09-24,2026-09-24 00:38:09.049172,7C7AF0,DA40,DIAMOND AIRCRAFT INDUSTRIES INC.,DA 40,3b441dafd2f4a465367bbb70e6e7def25429b587d01a2c0249ce1a4e294ad57a,True,3
45924,370,240926_ML.npy,2026-09-24,2026-09-24 00:38:10.387994,7C7C2E,DA40,DIAMOND AIRCRAFT INDUSTRIES INC.,DA 40,ab985764ff9649d3b92c1c5845b1848efb212061aa52bd3d65f4e31cca6bea6b,True,2
45938,384,240926_ML.npy,2026-09-24,2026-09-24 00:38:33.712269,7C7C2E,DA40,DIAMOND AIRCRAFT INDUSTRIES INC.,DA 40,b5dab8501a0d6ea8032a6ace5c49536eb574973951563c51e12129bdd62abb2c,True,3
45954,400,240926_ML.npy,2026-09-24,2026-09-24 00:40:26.315528,7C168A,DA40,DIAMOND AIRCRAFT INDUSTRIES INC.,DA 40,5d7c8318c3e57fb4f8c6397fdbb3fdbf9450841b1ddd117228dd0132bdce2e03,True,2
45963,409,240926_ML.npy,2026-09-24,2026-09-24 00:40:49.221330,7C168A,DA40,DIAMOND AIRCRAFT INDUSTRIES INC.,DA 40,1fdbe336d52e99a94dadec056d7bc1924a6e041d48fddc2104e6e8b1d708feeb,True,4
45968,414,240926_ML.npy,2026-09-24,2026-09-24 00:43:34.110652,7C7AF0,DA40,DIAMOND AIRCRAFT INDUSTRIES INC.,DA 40,76884d3691695f24dd87b5729f70a2eb7c87917202254968be2864a8227f7742,True,1
45978,424,240926_ML.npy,2026-09-24,2026-09-24 00:44:18.611200,7C7C39,DA40,DIAMOND AIRCRAFT INDUSTRIES INC.,DA 40,4e9ac11f1d556756de806974acf526835dc78aeffa1512371276c8e917622562,True,5
45989,435,240926_ML.npy,2026-09-24,2026-09-24 00:45:59.663630,7C168A,DA40,DIAMOND AIRCRAFT INDUSTRIES INC.,DA 40,d3756f7c7af22a639675e6b3ca8dc9ebb00378a1043d3b4a1dd29bf6225e7e0d,True,3
46016,462,240926_ML.npy,2026-09-24,2026-09-24 00:49:46.982238,7C7AF0,DA40,DIAMOND AIRCRAFT INDUSTRIES INC.,DA 40,3d63072ea4547f2c5a4b308da17c02ad2e4168da178d54803b76a30c0642fb24,True,1
46017,463,240926_ML.npy,2026-09-24,2026-09-24 00:49:47.470045,7C7AF0,DA40,DIAMOND AIRCRAFT INDUSTRIES INC.,DA 40,3d63072ea4547f2c5a4b308da17c02ad2e4168da178d54803b76a30c0642fb24,True,3
46030,476,240926_ML.npy,2026-09-24,2026-09-24 00:50:31.250347,7C7AF0,DA40,DIAMOND AIRCRAFT INDUSTRIES INC.,DA 40,952c0e21f6fc276a3a06d87c6672238fa984ca2585e6d0b5b2f787da77ff67c5,True,1
46032,478,240926_ML.npy,2026-09-24,2026-09-24 00:50:38.699250,7C582C,DA40,DIAMOND AIRCRAFT INDUSTRIES INC.,DA 40,29badca38c6713e165da6571f9022ce82242d5c8081fd2c9b268c11b2e609055,True,2
46036,482,240926_ML.npy,2026-09-24,2026-09-24 00:50:45.513559,7C7C2E,DA40,DIAMOND AIRCRAFT INDUSTRIES INC.,DA 40,2de4673085414c6e79d0e5c796ceaade6d933390e69188fd0e6007b00fc99af9,True,3
46046,492,240926_ML.npy,2026-09-24,2026-09-24 00:51:09.133448,7C7C2E,DA40,DIAMOND AIRCRAFT INDUSTRIES INC.,DA 40,5ffd6a1de2ecc001d8643c4cd4ccbc8895396e80747e9bd6719dc26b65fa2e58,True,5
46047,493,240926_ML.npy,2026-09-24,2026-09-24 00:51:09.140582,7C7C2E,DA40,DIAMOND AIRCRAFT INDUSTRIES INC.,DA 40,296229badf9e65257985dd3f20faf88a5d3244675e7cb73e9c78ee1ac98f0dde,True,4
46048,494,240926_ML.npy,2026-09-24,2026-09-24 00:51:20.469401,7C7C2E,DA40,DIAMOND AIRCRAFT INDUSTRIES INC.,DA 40,cf1cf555a775c50935b36dd9c8a8e898a0377c9599f865503f4d96e1178db06d,True,2
46067,513,240926_ML.npy,2026-09-24,2026-09-24 00:54:47.031272,7C7AF0,DA40,DIAMOND AIRCRAFT INDUSTRIES INC.,DA 40,b518eee203abfca7a77df60e38fbd4f26e523e87a4dd44af4b9dc121cec401f0,True,1
46080,526,240926_ML.npy,2026-09-24,2026-09-24 00:56:13.741146,7C7C2E,DA40,DIAMOND AIRCRAFT INDUSTRIES INC.,DA 40,6dc0eebf27608d229351e964fa818f183e3bdbbbcff7938c12a81ae6ac9f04c0,True,5
46082,528,240926_ML.npy,2026-09-24,2026-09-24 00:56:14.964325,7C7C2E,DA40,DIAMOND AIRCRAFT INDUSTRIES INC.,DA 40,6dc0eebf27608d229351e964fa818f183e3bdbbbcff7938c12a81ae6ac9f04c0,True,1
46094,540,240926_ML.npy,2026-09-24,2026-09-24 00:56:33.277606,7C7C2E,DA40,DIAMOND AIRCRAFT INDUSTRIES INC.,DA 40,b54b8535d99ac4d39fc0138bcb10436f8dae60848f1adc9dc46d7696ef0af5b8,True,5
46097,543,240926_ML.npy,2026-09-24,2026-09-24 00:56:36.346207,7C7C2E,DA40,DIAMOND AIRCRAFT INDUSTRIES INC.,DA 40,bd786266b1c8cd7ffd63cb4c78c63a8bb085b83e4f00bb1facd043e03546888f,True,3
46100,546,240926_ML.npy,2026-09-24,2026-09-24 00:57:24.833774,7C6C18,C172,CESSNA AIRCRAFT COMPANY,172S,429ed2ae5ed27ec7a6968167b000918c475b56a0d1274b44ce9c6570b29d5820,True,5
46101,547,240926_ML.npy,2026-09-24,2026-09-24 00:57:26.930924,7C6C18,C172,CESSNA AIRCRAFT COMPANY,172S,169d0374f8928ce0a89b75fad6e8be72c00adda357e920fb81231cd9443108e4,True,3
46109,555,240926_ML.npy,2026-09-24,2026-09-24 00:57:39.066357,7C6C18,C172,CESSNA AIRCRAFT COMPANY,172S,203f99fc5ce3a09610df6060ca908e496d451043719572c6b25efbe7ae9cf6e2,True,2
46113,559,240926_ML.npy,2026-09-24,2026-09-24 00:57:45.160547,7C6C18,C172,CESSNA AIRCRAFT COMPANY,172S,f35dea6c239cac1886d0732c11832f3f2f210a3918cc92764c79b4e3bf29f029,True,1
46118,564,240926_ML.npy,2026-09-24,2026-09-24 00:57:46.680020,7C6C18,C172,CESSNA AIRCRAFT COMPANY,172S,e4fde3f5ff7de770aa047902f3c0b34627d3bb572cf96178a91709b715309da2,True,1
46124,570,240926_ML.npy,2026-09-24,2026-09-24 00:57:56.010022,7C6C18,C172,CESSNA AIRCRAFT COMPANY,172S,cd337279c543b012dbaa69bda4a5be247a9a8d853657155c4f4ebab2c34a4e2f,True,1
46134,580,240926_ML.npy,2026-09-24,2026-09-24 00:58:54.743698,7C7AF0,DA40,DIAMOND AIRCRAFT INDUSTRIES INC.,DA 40,b6a44674b96a6608e2c2c18b6307e387cae39f286cc7a319bb2fdbd8726204a4,True,2
46150,596,240926_ML.npy,2026-09-24,2026-09-24 00:59:21.501728,7C7AEF,DA40,DIAMOND AIRCRAFT INDUSTRIES INC.,DA 40,b7c398d0efb76fcde6bb0888cac49a8d72f9a6d86b62663b4d8e6c88ac162bde,True,5
46161,607,240926_ML.npy,2026-09-24,2026-09-24 01:00:47.893182,7C7AF0,DA40,DIAMOND AIRCRAFT INDUSTRIES INC.,DA 40,f16dfc2bf89ca0aa1906e3fa2e7627375693b2e81fa20259844236cd4b7b337c,True,3
46173,619,240926_ML.npy,2026-09-24,2026-09-24 01:01:15.821150,7C7AF0,DA40,DIAMOND AIRCRAFT INDUSTRIES INC.,DA 40,b6a44674b96a6608e2c2c18b6307e387cae39f286cc7a319bb2fdbd8726204a4,True,1
46178,624,240926_ML.npy,2026-09-24,2026-09-24 01:01:52.632212,7C7C2E,DA40,DIAMOND AIRCRAFT INDUSTRIES INC.,DA 40,3f777446a9b07da1d499431defa6fd7957ebdaac549e50af80f3e8ca8b54a0b0,True,3
46181,627,240926_ML.npy,2026-09-24,2026-09-24 01:02:03.172043,7C7C2E,DA40,DIAMOND AIRCRAFT INDUSTRIES INC.,DA 40,6dc0eebf27608d229351e964fa818f183e3bdbbbcff7938c12a81ae6ac9f04c0,True,5
46183,629,240926_ML.npy,2026-09-24,2026-09-24 01:02:15.805121,7C7C2E,DA40,DIAMOND AIRCRAFT INDUSTRIES INC.,DA 40,6f55efe59756fb32cc09c092b26b1f0dd1726affc4791d17af7284bf28b15e7c,True,2
46186,632,240926_ML.npy,2026-09-24,2026-09-24 01:02:28.748328,7C6C18,C172,CESSNA AIRCRAFT COMPANY,172S,a714c313678bb57a3999e195f31da441ef75a7c218759726957d9a6d68076cb1,True,2
46192,638,240926_ML.npy,2026-09-24,2026-09-24 01:02:45.150498,7C6C18,C172,CESSNA AIRCRAFT COMPANY,172S,e4fde3f5ff7de770aa047902f3c0b34627d3bb572cf96178a91709b715309da2,True,5
46195,641,240926_ML.npy,2026-09-24,2026-09-24 01:02:46.982950,7C6C18,C172,CESSNA AIRCRAFT COMPANY,172S,f23f34945f6c81b2c4815a2326f75d606ed94a46b38b509ffed0eeee881567c9,True,3
46197,643,240926_ML.npy,2026-09-24,2026-09-24 01:02:53.179377,7C6C18,C172,CESSNA AIRCRAFT COMPANY,172S,82f6036e7a6bc70562d2a7a3c1c64fe38e336ff0679ae4fa8c6be76009c93fc5,True,3
46200,646,240926_ML.npy,2026-09-24,2026-09-24 01:03:01.730665,7C6C18,C172,CESSNA AIRCRAFT COMPANY,172S,96cdef8167e599792e573e0f0730db9b991f109064b1a860ab48a2f911eac95a,True,1
46209,655,240926_ML.npy,2026-09-24,2026-09-24 01:03:16.115902,7C6C18,C172,CESSNA AIRCRAFT COMPANY,172S,e4fde3f5ff7de770aa047902f3c0b34627d3bb572cf96178a91709b715309da2,True,5
46212,658,240926_ML.npy,2026-09-24,2026-09-24 01:03:20.138452,7C6C18,C172,CESSNA AIRCRAFT COMPANY,172S,429ed2ae5ed27ec7a6968167b000918c475b56a0d1274b44ce9c6570b29d5820,True,3
46213,659,240926_ML.npy,2026-09-24,2026-09-24 01:03:25.280684,7C6C18,C172,CESSNA AIRCRAFT COMPANY,172S,429ed2ae5ed27ec7a6968167b000918c475b56a0d1274b44ce9c6570b29d5820,True,3
46215,661,240926_ML.npy,2026-09-24,2026-09-24 01:03:27.113471,7C6C18,C172,CESSNA AIRCRAFT COMPANY,172S,d90313aad067cc915b517e75d686ea3fd003a3801435d5bd552e1737d898b650,True,4
46220,666,240926_ML.npy,2026-09-24,2026-09-24 01:03:36.081395,7C6C18,C172,CESSNA AIRCRAFT COMPANY,172S,dc9fef02c49bd13076f1b50c56191f3f078bf92c1f2c631489d9bdbd0f9ac320,True,2
46226,672,240926_ML.npy,2026-09-24,2026-09-24 01:03:38.140229,7C6C18,C172,CESSNA AIRCRAFT COMPANY,172S,4d3705ec30a76fb4f5cc66dddffe6157ea7084ea9ab7f8d6b7cd89aadfe1fb77,True,3
46229,675,240926_ML.npy,2026-09-24,2026-09-24 01:03:42.659956,7C6C18,C172,CESSNA AIRCRAFT COMPANY,172S,3b3575e9691610a4ee0d46ba41d3598a4ba0a84ef9b36daca31e8cba6ca1e443,True,2
46247,693,240926_ML.npy,2026-09-24,2026-09-24 01:05:55.745126,7C79B4,DA42,DIAMOND AIRCRAFT INDUSTRIES,DA 42,41fe2f9f5506270053a8642f4a5e2dbd15bb8f41a56ca862ee60d597a9e10f29,True,1
46248,694,240926_ML.npy,2026-09-24,2026-09-24 01:05:59.116136,7C6C18,C172,CESSNA AIRCRAFT COMPANY,172S,3356c22b05f6b2a5bb2be9ba7e728f6e5a1e7b344f1bc848d8c96411071fb31f,True,2
46249,695,240926_ML.npy,2026-09-24,2026-09-24 01:05:59.359220,7C79B4,DA42,DIAMOND AIRCRAFT INDUSTRIES,DA 42,b263b46500f33e7552e37cf0b8264df5899b34848faff9af81626ca2bdca5798,True,5
46252,698,240926_ML.npy,2026-09-24,2026-09-24 01:06:00.136994,7C6C18,C172,CESSNA AIRCRAFT COMPANY,172S,429ed2ae5ed27ec7a6968167b000918c475b56a0d1274b44ce9c6570b29d5820,True,3
46259,705,240926_ML.npy,2026-09-24,2026-09-24 01:06:09.269540,7C79B4,DA42,DIAMOND AIRCRAFT INDUSTRIES,DA 42,a6e9b73ef1eff324641866551c6be0252bbb314be4dd1e4237a4d917b0c30907,True,5
46260,706,240926_ML.npy,2026-09-24,2026-09-24 01:06:11.981111,7C79B4,DA42,DIAMOND AIRCRAFT INDUSTRIES,DA 42,fdfbe8a8aab5a445cf67feb1847d74d4ff5f005f2c28acebb0e0f4e970f9d792,True,5
46261,707,240926_ML.npy,2026-09-24,2026-09-24 01:06:13.861213,7C79B4,DA42,DIAMOND AIRCRAFT INDUSTRIES,DA 42,1d91fa277b6035777ad16b3a7c5fb42971b23e457c3168d80ef2c70023bbc40c,True,1
46265,711,240926_ML.npy,2026-09-24,2026-09-24 01:06:15.710354,7C79B4,DA42,DIAMOND AIRCRAFT INDUSTRIES,DA 42,80090aa521432a024b43a445cd0eaf0818535865c12d1414c4684a5754a3dab1,True,2
46266,712,240926_ML.npy,2026-09-24,2026-09-24 01:06:16.698372,7C79B4,DA42,DIAMOND AIRCRAFT INDUSTRIES,DA 42,a6e9b73ef1eff324641866551c6be0252bbb314be4dd1e4237a4d917b0c30907,True,1
46270,716,240926_ML.npy,2026-09-24,2026-09-24 01:06:17.542000,7C79B4,DA42,DIAMOND AIRCRAFT INDUSTRIES,DA 42,76316d9ce0c021b10e5954246027599631c4df22a0a0bc0004dacdcf4ec7b1ba,True,5
46274,720,240926_ML.npy,2026-09-24,2026-09-24 01:06:20.871674,7C79B4,DA42,DIAMOND AIRCRAFT INDUSTRIES,DA 42,80090aa521432a024b43a445cd0eaf0818535865c12d1414c4684a5754a3dab1,True,5
46277,723,240926_ML.npy,2026-09-24,2026-09-24 01:06:21.902123,7C79B4,DA42,DIAMOND AIRCRAFT INDUSTRIES,DA 42,20513faaf69a13fc43e1b21e7e76deab974f4b6ddfaa72ee26c01ebcab9cb51c,True,1
46282,728,240926_ML.npy,2026-09-24,2026-09-24 01:06:29.722863,7C79B4,DA42,DIAMOND AIRCRAFT INDUSTRIES,DA 42,48f6857f247e9d40074632778937bd412a7467eb20da0eab65411347e366c02d,True,5
46283,729,240926_ML.npy,2026-09-24,2026-09-24 01:06:33.058592,7C79B4,DA42,DIAMOND AIRCRAFT INDUSTRIES,DA 42,d3ae61e6898fb742e10dc3807161445bfbcf8fdcf57a67295d14e2fc1ac06631,True,2
46287,733,240926_ML.npy,2026-09-24,2026-09-24 01:06:42.211629,7C7AF0,DA40,DIAMOND AIRCRAFT INDUSTRIES INC.,DA 40,0517b87e19fafe0d60195c926c7727044df105fbd024cbed9d0eac656739a0cf,True,3
46288,734,240926_ML.npy,2026-09-24,2026-09-24 01:06:44.108316,7C7AF0,DA40,DIAMOND AIRCRAFT INDUSTRIES INC.,DA 40,4289f8e821f26d42bf3ae8cbdbbcd7c59288b6783d278cf69f604a4e08c0b282,True,5
46295,741,240926_ML.npy,2026-09-24,2026-09-24 01:07:47.275807,7C7C2E,DA40,DIAMOND AIRCRAFT INDUSTRIES INC.,DA 40,6a57f20ceccc0b5204ac5707ce0fb2b667c2334f3735aa8ab8920e9087c9a936,True,1
46300,746,240926_ML.npy,2026-09-24,2026-09-24 01:07:58.759869,7C7C2E,DA40,DIAMOND AIRCRAFT INDUSTRIES INC.,DA 40,631125dc1b90f962df9889ffb0fb46348addfbfc815c9f640e9686418f26515f,True,1
46302,748,240926_ML.npy,2026-09-24,2026-09-24 01:08:05.415157,7C7C2E,DA40,DIAMOND AIRCRAFT INDUSTRIES INC.,DA 40,6dc0eebf27608d229351e964fa818f183e3bdbbbcff7938c12a81ae6ac9f04c0,True,3
46305,751,240926_ML.npy,2026-09-24,2026-09-24 01:08:06.518670,7C7C2E,DA40,DIAMOND AIRCRAFT INDUSTRIES INC.,DA 40,0b3e3bd6d0f64fc08188080b0aa58db699b0acbe74801a59e5527efffd842757,True,5
46308,754,240926_ML.npy,2026-09-24,2026-09-24 01:08:29.982248,7C7C2E,DA40,DIAMOND AIRCRAFT INDUSTRIES INC.,DA 40,cf1cf555a775c50935b36dd9c8a8e898a0377c9599f865503f4d96e1178db06d,True,4
46403,849,240926_ML.npy,2026-09-24,2026-09-24 01:21:03.249979,7C67D7,C172,CESSNA AIRCRAFT COMPANY,172S,0e5304e59aaece5e448b0477979448714ce1ee51c93e2f846d5040c720a10d2b,True,1
46404,850,240926_ML.npy,2026-09-24,2026-09-24 01:21:24.543386,7C1687,DA40,DIAMOND AIRCRAFT INDUSTRIES INC.,DA 40,07c708c6bf011cdd790d493c7b7d68a5a18e7d601b996b0aa3f4bd009d9ce01c,True,5
46407,853,240926_ML.npy,2026-09-24,2026-09-24 01:21:36.452455,7C1687,DA40,DIAMOND AIRCRAFT INDUSTRIES INC.,DA 40,fc1fb6cc33d97deace2eb159309ffe1d2d89ff85c17433cac59d5e1cf7d4b823,True,4
46409,855,240926_ML.npy,2026-09-24,2026-09-24 01:21:36.513327,7C67D7,C172,CESSNA AIRCRAFT COMPANY,172S,c7ba14527aca6a6105fd09643cfba8fa684b5415e4d489603078fdd6565275ff,True,1
46412,858,240926_ML.npy,2026-09-24,2026-09-24 01:21:38.033324,7C67D7,C172,CESSNA AIRCRAFT COMPANY,172S,752dd3d2ec04e8a2762409893907a592edc54b02a77825e946c5454376f0da41,True,4
46420,866,240926_ML.npy,2026-09-24,2026-09-24 01:21:49.121111,7C1687,DA40,DIAMOND AIRCRAFT INDUSTRIES INC.,DA 40,2273e0adb766f71102231b4cd6eba775c2d316b7e847bc5ee01c7bc8dd87cc7f,True,1
46423,869,240926_ML.npy,2026-09-24,2026-09-24 01:21:53.436406,7C67D7,C172,CESSNA AIRCRAFT COMPANY,172S,875146b5653d5dda7ef87b83699bc28bdd435fc88d21499d4e4c21eff2ce80ff,True,5
46430,876,240926_ML.npy,2026-09-24,2026-09-24 01:22:03.465483,7C67D7,C172,CESSNA AIRCRAFT COMPANY,172S,d0be70678b7f209bfecb051f742eac52029ef5d98449c366b39a1ae2aaa3db76,True,1
46431,877,240926_ML.npy,2026-09-24,2026-09-24 01:22:03.470348,7C67D7,C172,CESSNA AIRCRAFT COMPANY,172S,c2758d810ee73fb92f0e0ab93933d29fdc11b665098d1140643797f7ffac8539,True,2
46436,882,240926_ML.npy,2026-09-24,2026-09-24 01:24:14.716003,7C67D3,C172,CESSNA AIRCRAFT COMPANY,172S,964a74f78d4140353576ddd668dc8b9b721c0782b0aee316dbdf8a304897a3a6,True,4
46438,884,240926_ML.npy,2026-09-24,2026-09-24 01:24:29.565282,7C67D3,C172,CESSNA AIRCRAFT COMPANY,172S,71169ec37b49d10dea14f760cc4952f8b1d125285fe7e6c50c1502efeafb77af,True,1
46444,890,240926_ML.npy,2026-09-24,2026-09-24 01:25:01.029668,7C1687,DA40,DIAMOND AIRCRAFT INDUSTRIES INC.,DA 40,353ce37af7049f26aa23158c4ddb736abb73252b02373921fa867efdf7e920aa,True,4
46457,903,240926_ML.npy,2026-09-24,2026-09-24 01:25:12.615971,7C67D3,C172,CESSNA AIRCRAFT COMPANY,172S,55cff8d5f82e2878e8c761ceb630948e5e2141d9b3cae4a28f22657482d8c76e,True,5
46458,904,240926_ML.npy,2026-09-24,2026-09-24 01:25:13.138846,7C67D3,C172,CESSNA AIRCRAFT COMPANY,172S,8ba5269ef86888e2f074c03a7e215f4e4721e58d19817698efa8ec61613ec650,True,4
46463,909,240926_ML.npy,2026-09-24,2026-09-24 01:25:16.743024,7C67D3,C172,CESSNA AIRCRAFT COMPANY,172S,b0e376b45e8ca503aca1bfa16e812c53f747bb351efbae26b83561d0f06c08aa,True,4
46466,912,240926_ML.npy,2026-09-24,2026-09-24 01:25:18.108053,7C67D3,C172,CESSNA AIRCRAFT COMPANY,172S,4d8e0f6aeb3fb3dd443a3a040ba37edce956653b96b9bcb4e8b0d18e9a91c6b2,True,2
46472,918,240926_ML.npy,2026-09-24,2026-09-24 01:25:23.706098,7C67D3,C172,CESSNA AIRCRAFT COMPANY,172S,0866166007fe80784f33e3cc71734f36845ad12975c851660d01bcfe1c29da39,True,3
46474,920,240926_ML.npy,2026-09-24,2026-09-24 01:25:28.524845,7C67D3,C172,CESSNA AIRCRAFT COMPANY,172S,6e4ddc63d113a85eaa45ca559f267c31bd701a8521b734f628ca5663bec145c1,True,2
46481,927,240926_ML.npy,2026-09-24,2026-09-24 01:26:47.152037,7C67AE,P28A,PIPER AIRCRAFT CORP,PA-28-181,395fdc3b238e1bcd83c6ffff80063a39fc1c7018474a24d46bc7803712d556f5,True,3
46482,928,240926_ML.npy,2026-09-24,2026-09-24 01:26:50.501606,7C67AE,P28A,PIPER AIRCRAFT CORP,PA-28-181,543919ab64283d4e84352b987592411e2cd8c4cd917b42174fcf79e6833494fb,True,3
46483,929,240926_ML.npy,2026-09-24,2026-09-24 01:26:54.394169,7C67AE,P28A,PIPER AIRCRAFT CORP,PA-28-181,f96c5f9471237fc210df80529d77dd77a1619fc39e4bd32a75fdfcc744145b25,True,4
46493,939,240926_ML.npy,2026-09-24,2026-09-24 01:27:21.689003,7C1687,DA40,DIAMOND AIRCRAFT INDUSTRIES INC.,DA 40,9cfce406f7f56b97644a4329736d4232bb57e2b1d10967a27bcaa08602da29a9,True,5
46497,943,240926_ML.npy,2026-09-24,2026-09-24 01:27:24.653309,7C1687,DA40,DIAMOND AIRCRAFT INDUSTRIES INC.,DA 40,f2ce3189c2908109cf15b52b2e6d85790ce1ddb025927968ee2074be1d408837,True,2
46502,948,240926_ML.npy,2026-09-24,2026-09-24 01:27:54.406317,7C67AE,P28A,PIPER AIRCRAFT CORP,PA-28-181,ace602e20de7cbae97e3c600987ed0676a22ac03d14cab1cd7e62e4f1387071c,True,1
46508,954,240926_ML.npy,2026-09-24,2026-09-24 01:28:39.844662,7C7AF0,DA40,DIAMOND AIRCRAFT INDUSTRIES INC.,DA 40,80aca9c6ebd80a50d15ea3a92e0f830d789f4e5b824626fa6ee22298423ff46c,True,5
46514,960,240926_ML.npy,2026-09-24,2026-09-24 01:29:58.172027,7C67AE,P28A,PIPER AIRCRAFT CORP,PA-28-181,7475eeb5aec27f8cd1be3636ee11d98933b2593a7b603a8a53f9c6d10cc0ccf7,True,5
46515,961,240926_ML.npy,2026-09-24,2026-09-24 01:29:58.174998,7C67AE,P28A,PIPER AIRCRAFT CORP,PA-28-181,21948a7d8331865cfe1fc481c393c976ca07a0ab8df6caa28e5876848ca16b4b,True,1
46516,962,240926_ML.npy,2026-09-24,2026-09-24 01:30:04.802825,7C67AE,P28A,PIPER AIRCRAFT CORP,PA-28-181,0ea14249bccf4a433b79dc2bbab725b2eea4f39c0e153cbd6f437f2332ddf589,True,5
46517,963,240926_ML.npy,2026-09-24,2026-09-24 01:30:04.809635,7C67AE,P28A,PIPER AIRCRAFT CORP,PA-28-181,a32bef451282331b00c868f50d59214d10836cd2d602a372dfdfc6f3b755512c,True,4
46518,964,240926_ML.npy,2026-09-24,2026-09-24 01:30:06.079096,7C67AE,P28A,PIPER AIRCRAFT CORP,PA-28-181,ef19a7f97b93cfc563b1b4837e43ac18a6e9dccd12a5999166abdce51238ce51,True,3
46519,965,240926_ML.npy,2026-09-24,2026-09-24 01:30:06.083816,7C67AE,P28A,PIPER AIRCRAFT CORP,PA-28-181,a93176e00304f9b233c808ea206afbbf87cbb8a9162e8122d5f57f8f15a1ad85,True,5
46520,966,240926_ML.npy,2026-09-24,2026-09-24 01:30:06.537734,7C67AE,P28A,PIPER AIRCRAFT CORP,PA-28-181,a1c068389f954af85f57b4738c33252953a352e5f1a1f63905f2b6d91d384b02,True,2
46521,967,240926_ML.npy,2026-09-24,2026-09-24 01:30:06.542147,7C67AE,P28A,PIPER AIRCRAFT CORP,PA-28-181,48c9553bcd56839ea8287323401262dae67656a77a0d73a7defaf1bc42d4177e,True,1
46522,968,240926_ML.npy,2026-09-24,2026-09-24 01:30:11.025270,7C67AE,P28A,PIPER AIRCRAFT CORP,PA-28-181,00563faf9e1e397cf85d03e54d5754555bc628a9b1fd2c9d1ef545f715e4e74c,True,5
46524,970,240926_ML.npy,2026-09-24,2026-09-24 01:30:13.000010,7C67AE,P28A,PIPER AIRCRAFT CORP,PA-28-181,d66cb3df1e704b74a3a0519b17574a51d9c2b9cf65891ddbd2ab3b66f2efdea9,True,5
46525,971,240926_ML.npy,2026-09-24,2026-09-24 01:30:13.333013,7C7BD9,DA42,DIAMOND AIRCRAFT INDUSTRIES INC.,DA 42,b406ce177069cd7f5383c53563f969ab6d3a1de4f75934da94a2cac08104c48a,True,2
46526,972,240926_ML.npy,2026-09-24,2026-09-24 01:30:13.511781,7C7BD9,DA42,DIAMOND AIRCRAFT INDUSTRIES INC.,DA 42,8e04ae80ff0d803f8eaa25134cbd978c7f557c444f80b8e41c5ab25fd16fca99,True,1
46527,973,240926_ML.npy,2026-09-24,2026-09-24 01:30:13.999996,7C67AE,P28A,PIPER AIRCRAFT CORP,PA-28-181,cece5c6ef276b3b78c340c4826b69764d20d914b82d02c1f3f9b5f6a5c529d33,True,1
46528,974,240926_ML.npy,2026-09-24,2026-09-24 01:30:14.005968,7C67AE,P28A,PIPER AIRCRAFT CORP,PA-28-181,8d3d6ece6e20fd375df45af36a8c84bd8fbda8d4376c847911b3c20512e0693f,True,2
46529,975,240926_ML.npy,2026-09-24,2026-09-24 01:30:14.581953,7C7BD9,DA42,DIAMOND AIRCRAFT INDUSTRIES INC.,DA 42,b406ce177069cd7f5383c53563f969ab6d3a1de4f75934da94a2cac08104c48a,True,2
46530,976,240926_ML.npy,2026-09-24,2026-09-24 01:30:14.867382,7C7BD9,DA42,DIAMOND AIRCRAFT INDUSTRIES INC.,DA 42,43052472e839e0ddf18a3507ab9ae1e34197ff451556760e47e14864470eab38,True,4
46531,977,240926_ML.npy,2026-09-24,2026-09-24 01:30:15.567235,7C67AE,P28A,PIPER AIRCRAFT CORP,PA-28-181,203999b47568b4db95d007fd6e557c377ad550808546a0f2e26c6a6449bacf2c,True,5
46532,978,240926_ML.npy,2026-09-24,2026-09-24 01:30:15.573741,7C67AE,P28A,PIPER AIRCRAFT CORP,PA-28-181,4d0a027be0bdad99ec183c082f649e48cc0938da3bb0c91a24faca37eca930d2,True,1
46533,979,240926_ML.npy,2026-09-24,2026-09-24 01:30:16.092376,7C67AE,P28A,PIPER AIRCRAFT CORP,PA-28-181,508a178dde2f2e9e240ec0d2b3afcf38fd576ba6e86ad2aa57bd333279aa5c42,True,1
46534,980,240926_ML.npy,2026-09-24,2026-09-24 01:30:16.658289,7C67AE,P28A,PIPER AIRCRAFT CORP,PA-28-181,1eb1f3701b3e54f9bebbebffc5db5f8d4bd24e7d379363cd5df7cc7c2b3937b2,True,1
46535,981,240926_ML.npy,2026-09-24,2026-09-24 01:30:19.843289,7C67AE,P28A,PIPER AIRCRAFT CORP,PA-28-181,00563faf9e1e397cf85d03e54d5754555bc628a9b1fd2c9d1ef545f715e4e74c,True,4
46536,982,240926_ML.npy,2026-09-24,2026-09-24 01:30:20.632449,7C67AE,P28A,PIPER AIRCRAFT CORP,PA-28-181,ba7219460e99b43e8c5d434aa854e26babe6de1120bf27c20be8c178972fcbf0,True,1
46537,983,240926_ML.npy,2026-09-24,2026-09-24 01:30:21.137676,7C67AE,P28A,PIPER AIRCRAFT CORP,PA-28-181,00563faf9e1e397cf85d03e54d5754555bc628a9b1fd2c9d1ef545f715e4e74c,True,3
46538,984,240926_ML.npy,2026-09-24,2026-09-24 01:30:25.722042,7C67AE,P28A,PIPER AIRCRAFT CORP,PA-28-181,00d76c64de46d3849826839e6e0815f21af4e9b2000d4bf6396d51bf7ee60777,True,1
46539,985,240926_ML.npy,2026-09-24,2026-09-24 01:30:25.725626,7C67AE,P28A,PIPER AIRCRAFT CORP,PA-28-181,47b272c5153c528172f715477555d6ce9647807d71d4ddf9cc55e8e3e494ce0a,True,5
46540,986,240926_ML.npy,2026-09-24,2026-09-24 01:30:27.070394,7C67AE,P28A,PIPER AIRCRAFT CORP,PA-28-181,adeb8d1ca9a4e2d8ce7f2bd706916f40a2d847a7c885cb0ccc38b7c710cb6470,True,3
46541,987,240926_ML.npy,2026-09-24,2026-09-24 01:30:27.075101,7C67AE,P28A,PIPER AIRCRAFT CORP,PA-28-181,22c28bb3132ca8003c6431c93f2c21346cf3fbe503dd702b4554d5e0427553c7,True,2
46542,988,240926_ML.npy,2026-09-24,2026-09-24 01:30:29.645337,7C67AE,P28A,PIPER AIRCRAFT CORP,PA-28-181,7403dc70aa1d312c5df332f5a51921812cde04409bc86ca9793dd37a7e140409,True,1
46543,989,240926_ML.npy,2026-09-24,2026-09-24 01:30:30.724212,7C67AE,P28A,PIPER AIRCRAFT CORP,PA-28-181,83c1c3d5987a49549944e51d519d5a6d29fef9b206df05f93d55c99785adeb8d,True,5
46544,990,240926_ML.npy,2026-09-24,2026-09-24 01:30:32.122664,7C67AE,P28A,PIPER AIRCRAFT CORP,PA-28-181,afcf10079e8a350099296ae99dd9eb9299e4a23392b234407dc51c65ef1174c5,True,3
46545,991,240926_ML.npy,2026-09-24,2026-09-24 01:30:32.318385,7C67AE,P28A,PIPER AIRCRAFT CORP,PA-28-181,00563faf9e1e397cf85d03e54d5754555bc628a9b1fd2c9d1ef545f715e4e74c,True,5
46546,992,240926_ML.npy,2026-09-24,2026-09-24 01:30:32.609781,7C67AE,P28A,PIPER AIRCRAFT CORP,PA-28-181,e055e183530f4a3475b4e31ed3a21251b3c3c7248cba78fa6494cced6f4afabf,True,2
46547,993,240926_ML.npy,2026-09-24,2026-09-24 01:30:34.236922,7C67AE,P28A,PIPER AIRCRAFT CORP,PA-28-181,3ca64811ea9a9950e474f52dc5584c89b168b4f915f7add966d2b14e75118aee,True,1
46548,994,240926_ML.npy,2026-09-24,2026-09-24 01:30:34.241482,7C67AE,P28A,PIPER AIRCRAFT CORP,PA-28-181,de1e115004bb282d612b0eb56d32f01a80d5bdacbcb64724f4e815d4e7040424,True,2
46549,995,240926_ML.npy,2026-09-24,2026-09-24 01:30:35.652317,7C67AE,P28A,PIPER AIRCRAFT CORP,PA-28-181,f46491e9a628d5efbfe4069012ad17a01aebe1edcf189981f54de23a16fd2edd,True,5
46550,996,240926_ML.npy,2026-09-24,2026-09-24 01:30:36.030889,7C67AE,P28A,PIPER AIRCRAFT CORP,PA-28-181,00563faf9e1e397cf85d03e54d5754555bc628a9b1fd2c9d1ef545f715e4e74c,True,3
46551,997,240926_ML.npy,2026-09-24,2026-09-24 01:30:37.367764,7C67AE,P28A,PIPER AIRCRAFT CORP,PA-28-181,92502b9760eaaeec5c843c6449a86aaa8b5e5f2e37d2b5871a00559dcbefd4c7,True,1
46552,998,240926_ML.npy,2026-09-24,2026-09-24 01:30:39.034098,7C67AE,P28A,PIPER AIRCRAFT CORP,PA-28-181,c1a9fbbe316fb5751c8b959bf91f6b24958cec651a895e7dd7f9d0f6d4c3cfcb,True,5
46553,999,240926_ML.npy,2026-09-24,2026-09-24 01:30:39.037974,7C67AE,P28A,PIPER AIRCRAFT CORP,PA-28-181,785a996024b03ba04252d17491729e6370591d5b6f370f9aa193ad8e52324788,True,2
46554,1000,240926_ML.npy,2026-09-24,2026-09-24 01:30:41.125927,7C67AE,P28A,PIPER AIRCRAFT CORP,PA-28-181,48e9381110cc19218986eaa4b400d00fb3cf7b4b6dc96f307fc8bd4b42774fd5,True,4
46555,1001,240926_ML.npy,2026-09-24,2026-09-24 01:30:41.637577,7C67AE,P28A,PIPER AIRCRAFT CORP,PA-28-181,a57694c956710f58adc23e36f6702932716a5e47f5de7341803fb72f25259479,True,4
46556,1002,240926_ML.npy,2026-09-24,2026-09-24 01:30:44.204235,7C67AE,P28A,PIPER AIRCRAFT CORP,PA-28-181,0a7f6e225990406b660fe6ea168a37a0103064298460d05ee40ed4dc34a2118a,True,5
46557,1003,240926_ML.npy,2026-09-24,2026-09-24 01:30:44.654745,7C67AE,P28A,PIPER AIRCRAFT CORP,PA-28-181,8a5f075f29bc81505b89076114cccd5e1a407255307fe2ef3af4307ed1b09fbc,True,1
46558,1004,240926_ML.npy,2026-09-24,2026-09-24 01:30:44.660519,7C67AE,P28A,PIPER AIRCRAFT CORP,PA-28-181,0a7f6e225990406b660fe6ea168a37a0103064298460d05ee40ed4dc34a2118a,True,5
46559,1005,240926_ML.npy,2026-09-24,2026-09-24 01:30:45.679078,7C67AE,P28A,PIPER AIRCRAFT CORP,PA-28-181,ecf011fedc3eeb0968538e94b4b226169d0ded6c4b4f8964b813eca72ab90453,True,2
46560,1006,240926_ML.npy,2026-09-24,2026-09-24 01:30:45.992617,7C67AE,P28A,PIPER AIRCRAFT CORP,PA-28-181,00563faf9e1e397cf85d03e54d5754555bc628a9b1fd2c9d1ef545f715e4e74c,True,3
46561,1007,240926_ML.npy,2026-09-24,2026-09-24 01:30:46.601450,7C7BD9,DA42,DIAMOND AIRCRAFT INDUSTRIES INC.,DA 42,a09f016768f951a27840e3eede72ecd44e235960372af575d53d5e5c78405208,True,3
46562,1008,240926_ML.npy,2026-09-24,2026-09-24 01:30:46.708269,7C67AE,P28A,PIPER AIRCRAFT CORP,PA-28-181,dc51c3387f78691b0124b5c25df30a7e4a0f28af588f75a5842d305df37071f8,True,5
46563,1009,240926_ML.npy,2026-09-24,2026-09-24 01:30:47.286989,7C67AE,P28A,PIPER AIRCRAFT CORP,PA-28-181,00563faf9e1e397cf85d03e54d5754555bc628a9b1fd2c9d1ef545f715e4e74c,True,2
46564,1010,240926_ML.npy,2026-09-24,2026-09-24 01:30:49.829427,7C67AE,P28A,PIPER AIRCRAFT CORP,PA-28-181,0d3b9e66453136c394f8649142badf0c72d70e2d7b24a848c847c8b8fa8489d7,True,4
46565,1011,240926_ML.npy,2026-09-24,2026-09-24 01:30:49.832891,7C67AE,P28A,PIPER AIRCRAFT CORP,PA-28-181,3aa76b2feb5176aaebd63662f453861cd48f3dbac895e0d19fc7f7bf82960f93,True,3
46566,1012,240926_ML.npy,2026-09-24,2026-09-24 01:30:50.307979,7C67AE,P28A,PIPER AIRCRAFT CORP,PA-28-181,91de31688dddb92a780587116db8c3fe0b73c4995a601da0e8f6ed2daa94f891,True,3
46567,1013,240926_ML.npy,2026-09-24,2026-09-24 01:30:50.314138,7C67AE,P28A,PIPER AIRCRAFT CORP,PA-28-181,0dee879abd629a0bce8817dc9e12089d8b8ea87da1bfe82091170e7f0a23c063,True,3
46568,1014,240926_ML.npy,2026-09-24,2026-09-24 01:30:50.445631,7C67AE,P28A,PIPER AIRCRAFT CORP,PA-28-181,f46491e9a628d5efbfe4069012ad17a01aebe1edcf189981f54de23a16fd2edd,True,1
46569,1015,240926_ML.npy,2026-09-24,2026-09-24 01:30:50.852024,7C67AE,P28A,PIPER AIRCRAFT CORP,PA-28-181,cf9c768c29840641ad09b489e2ef653282baa11b5acda40e50c8bd8e45d50c64,True,2
46570,1016,240926_ML.npy,2026-09-24,2026-09-24 01:30:51.634201,7C7BD9,DA42,DIAMOND AIRCRAFT INDUSTRIES INC.,DA 42,4580e560c553ca441c2fe71db2b6702dab50291b218621544bb6a72e2a3df209,True,1
46572,1018,240926_ML.npy,2026-09-24,2026-09-24 01:30:52.297161,7C67AE,P28A,PIPER AIRCRAFT CORP,PA-28-181,8c9c4aadffc25e8aaa664fea6804cdd9ee832b8706bd5fece14c3314313ae68c,True,1
46573,1019,240926_ML.npy,2026-09-24,2026-09-24 01:30:52.304419,7C67AE,P28A,PIPER AIRCRAFT CORP,PA-28-181,c0c2dfd42cf98ae0070753b0f8822058c4bebad2814d35a2d48cde28150acdd4,True,4
46574,1020,240926_ML.npy,2026-09-24,2026-09-24 01:30:53.694761,7C67AE,P28A,PIPER AIRCRAFT CORP,PA-28-181,a513dc7ce39bf158ae1622c04f87cd414d2de4ceaaec201993128ba1e6106ecc,True,2
46580,1026,240926_ML.npy,2026-09-24,2026-09-24 01:31:26.328147,7C7BD9,DA42,DIAMOND AIRCRAFT INDUSTRIES INC.,DA 42,00af8c330a6b64491a988db17a401c7ba5c266ec31b0edfc2426fcf43a20bfa6,True,1
46582,1028,240926_ML.npy,2026-09-24,2026-09-24 01:31:47.578392,7C7BD9,DA42,DIAMOND AIRCRAFT INDUSTRIES INC.,DA 42,eff257b9cc62a52756801e8e9f091c38661ffa1a204191ec518f9519d6e5113a,True,3
46585,1031,240926_ML.npy,2026-09-24,2026-09-24 01:32:20.001186,7C1687,DA40,DIAMOND AIRCRAFT INDUSTRIES INC.,DA 40,df4bcd0d271fcf7a33a3e5781a2696af2e3371c32a4f19809f5a0dcbb141c2f6,True,4
46589,1035,240926_ML.npy,2026-09-24,2026-09-24 01:32:26.018819,7C7BD9,DA42,DIAMOND AIRCRAFT INDUSTRIES INC.,DA 42,b406ce177069cd7f5383c53563f969ab6d3a1de4f75934da94a2cac08104c48a,True,2
46590,1036,240926_ML.npy,2026-09-24,2026-09-24 01:32:27.113555,7C7BD9,DA42,DIAMOND AIRCRAFT INDUSTRIES INC.,DA 42,7c67bd1a1054a4ecb7aae611a3811c841d895da8c99f429762b1d653f577f2cb,True,1
46592,1038,240926_ML.npy,2026-09-24,2026-09-24 01:32:27.455700,7C7BD9,DA42,DIAMOND AIRCRAFT INDUSTRIES INC.,DA 42,eff257b9cc62a52756801e8e9f091c38661ffa1a204191ec518f9519d6e5113a,True,4
46598,1044,240926_ML.npy,2026-09-24,2026-09-24 01:32:40.331951,7C1687,DA40,DIAMOND AIRCRAFT INDUSTRIES INC.,DA 40,c73a3f6fa29dabec7e2187d9e73282abd037a19dcf6cc2b9807ac16835b9a5b0,True,5
46603,1049,240926_ML.npy,2026-09-24,2026-09-24 01:32:47.071953,7C7BD9,DA42,DIAMOND AIRCRAFT INDUSTRIES INC.,DA 42,fbf69db1c61d65ce402883ab7bdc12fbdbeaeab531e5c9239ed1c916256fd5a8,True,5
46604,1050,240926_ML.npy,2026-09-24,2026-09-24 01:32:47.280687,7C7BD9,DA42,DIAMOND AIRCRAFT INDUSTRIES INC.,DA 42,b406ce177069cd7f5383c53563f969ab6d3a1de4f75934da94a2cac08104c48a,True,3
46609,1055,240926_ML.npy,2026-09-24,2026-09-24 01:32:51.712438,7C7BD9,DA42,DIAMOND AIRCRAFT INDUSTRIES INC.,DA 42,405a902b48d199a48c23a5232b0adb41c9952381325f828d0743c6866778e368,True,4
46612,1058,240926_ML.npy,2026-09-24,2026-09-24 01:32:56.947422,7C7BD9,DA42,DIAMOND AIRCRAFT INDUSTRIES INC.,DA 42,8a7ed1e15b8e1ce6fd0e6bc331d43ec4c283d5a93aead9e8a74d8072cd1cee5c,True,4
46614,1060,240926_ML.npy,2026-09-24,2026-09-24 01:32:58.066128,7C7BD9,DA42,DIAMOND AIRCRAFT INDUSTRIES INC.,DA 42,bcf17d2f7b8d43c656c29a8ccdd5a560b883b86678e4277493f6dfa7355e8074,True,4
46615,1061,240926_ML.npy,2026-09-24,2026-09-24 01:32:58.567855,7C7BD9,DA42,DIAMOND AIRCRAFT INDUSTRIES INC.,DA 42,b406ce177069cd7f5383c53563f969ab6d3a1de4f75934da94a2cac08104c48a,True,4
46616,1062,240926_ML.npy,2026-09-24,2026-09-24 01:32:59.049385,7C7BD9,DA42,DIAMOND AIRCRAFT INDUSTRIES INC.,DA 42,9455a1d3e37ddbc7109b47401d1badd884a85085a1f3b1690542c0d8f89218ac,True,2
46618,1064,240926_ML.npy,2026-09-24,2026-09-24 01:33:02.576098,7C7BD9,DA42,DIAMOND AIRCRAFT INDUSTRIES INC.,DA 42,93b75fb59fb7b53ee69470dfce2ff5d0544ace3e1984809c34f21013f17b77bd,True,3
46620,1066,240926_ML.npy,2026-09-24,2026-09-24 01:33:08.519478,7C7BD9,DA42,DIAMOND AIRCRAFT INDUSTRIES INC.,DA 42,ed05c86cf59ba621af4418ee7ca9fe020dd19e7c519e6a0ba23a13031f916d4f,True,3
46630,1076,240926_ML.npy,2026-09-24,2026-09-24 01:36:17.344840,7C6C18,C172,CESSNA AIRCRAFT COMPANY,172S,bedacb428cc7ed51203f20be9a23159d68c315653238a7bdf40a8c0583d34790,True,4
46634,1080,240926_ML.npy,2026-09-24,2026-09-24 01:37:03.180419,7C7BD9,DA42,DIAMOND AIRCRAFT INDUSTRIES INC.,DA 42,ed05c86cf59ba621af4418ee7ca9fe020dd19e7c519e6a0ba23a13031f916d4f,True,5
46637,1083,240926_ML.npy,2026-09-24,2026-09-24 01:37:13.124528,7C6C18,C172,CESSNA AIRCRAFT COMPANY,172S,e4fde3f5ff7de770aa047902f3c0b34627d3bb572cf96178a91709b715309da2,True,2
46638,1084,240926_ML.npy,2026-09-24,2026-09-24 01:37:13.205182,7C7BD9,DA42,DIAMOND AIRCRAFT INDUSTRIES INC.,DA 42,ed05c86cf59ba621af4418ee7ca9fe020dd19e7c519e6a0ba23a13031f916d4f,True,4
46641,1087,240926_ML.npy,2026-09-24,2026-09-24 01:37:13.322809,7C7BD9,DA42,DIAMOND AIRCRAFT INDUSTRIES INC.,DA 42,1885956179a156c068f839be5fa3c8a19aff31d3eef6a299ca8d70f9690d932d,True,5
46642,1088,240926_ML.npy,2026-09-24,2026-09-24 01:37:17.044964,7C7BD9,DA42,DIAMOND AIRCRAFT INDUSTRIES INC.,DA 42,69ef8dd601007716ad69bb150ccbe4c0addfa68113a535d9638d1861bb02881e,True,2
46646,1092,240926_ML.npy,2026-09-24,2026-09-24 01:37:22.067427,7C1687,DA40,DIAMOND AIRCRAFT INDUSTRIES INC.,DA 40,02a4b8b035437eb50df29f79a99754b433d23f75494e9483797dff877c841cb8,True,5
46647,1093,240926_ML.npy,2026-09-24,2026-09-24 01:37:22.248710,7C7BD9,DA42,DIAMOND AIRCRAFT INDUSTRIES INC.,DA 42,6c406e8c9e3603de9c09cefef9f0fd059b2a3a1479210f8935f0eac9d8eeaf10,True,2
46648,1094,240926_ML.npy,2026-09-24,2026-09-24 01:37:22.253209,7C7BD9,DA42,DIAMOND AIRCRAFT INDUSTRIES INC.,DA 42,90cb13f62e8ea8d8c7d84c98bba0dad4617712ab2023f3a0d9ddde6bb30f2a20,True,2
46652,1098,240926_ML.npy,2026-09-24,2026-09-24 01:37:28.115661,7C1687,DA40,DIAMOND AIRCRAFT INDUSTRIES INC.,DA 40,ef69ce0950423271d64fffd8f97d573e8689d32558d10b0504576a8448329190,True,1
46654,1100,240926_ML.npy,2026-09-24,2026-09-24 01:37:31.384554,7C7BD9,DA42,DIAMOND AIRCRAFT INDUSTRIES INC.,DA 42,17136a7adedcc0dca2caf191d599c1f74ad349eab9da9c5fab15b78212d3f6f4,True,3
46658,1104,240926_ML.npy,2026-09-24,2026-09-24 01:37:34.260537,7C1687,DA40,DIAMOND AIRCRAFT INDUSTRIES INC.,DA 40,07c29843433cb109308d782cbbfa6bf15b926401fea7fba5a2a557d6cae4914b,True,4
46659,1105,240926_ML.npy,2026-09-24,2026-09-24 01:37:34.524673,7C7BD9,DA42,DIAMOND AIRCRAFT INDUSTRIES INC.,DA 42,b406ce177069cd7f5383c53563f969ab6d3a1de4f75934da94a2cac08104c48a,True,1
46662,1108,240926_ML.npy,2026-09-24,2026-09-24 01:37:39.951058,7C6C18,C172,CESSNA AIRCRAFT COMPANY,172S,e1616ee0d93d3f5b3c8e762db8b85314e67dcdd5cd0cb5aca451f0d04e333f72,True,4
46663,1109,240926_ML.npy,2026-09-24,2026-09-24 01:37:39.956046,7C6C18,C172,CESSNA AIRCRAFT COMPANY,172S,345f460a27d637efa5465815db3ba4b2e4d889dd70fe12de46e8f9bba10a88cf,True,4
46667,1113,240926_ML.npy,2026-09-24,2026-09-24 01:37:44.204578,7C1687,DA40,DIAMOND AIRCRAFT INDUSTRIES INC.,DA 40,5e184279cd775ba9d6edc19ba2fb83f4d763bf7417e5301359eee4a71b0c861a,True,3
46669,1115,240926_ML.npy,2026-09-24,2026-09-24 01:37:49.935191,7C6C18,C172,CESSNA AIRCRAFT COMPANY,172S,203f99fc5ce3a09610df6060ca908e496d451043719572c6b25efbe7ae9cf6e2,True,1
46675,1121,240926_ML.npy,2026-09-24,2026-09-24 01:37:57.050727,7C6C18,C172,CESSNA AIRCRAFT COMPANY,172S,45db148948fc94598eac3f20187e4804222c63ce147e04567f98262ce5b8cb64,True,3
46682,1128,240926_ML.npy,2026-09-24,2026-09-24 01:38:01.854071,7C6C18,C172,CESSNA AIRCRAFT COMPANY,172S,e4fde3f5ff7de770aa047902f3c0b34627d3bb572cf96178a91709b715309da2,True,4
46704,1150,240926_ML.npy,2026-09-24,2026-09-24 01:38:12.879961,7C6C18,C172,CESSNA AIRCRAFT COMPANY,172S,c1d67d47ddc90f6ed2bb7b4381123e30a23a8aae1d276aa56be67d22d02a6104,True,5
46762,1208,240926_ML.npy,2026-09-24,2026-09-24 01:38:50.420094,7C7BD9,DA42,DIAMOND AIRCRAFT INDUSTRIES INC.,DA 42,d272852b19b13de074c3b1a26ff7c359e8850c9b88961c2c25ceb1aa7bdcc47e,True,2
46766,1212,240926_ML.npy,2026-09-24,2026-09-24 01:38:52.458537,7C7BD9,DA42,DIAMOND AIRCRAFT INDUSTRIES INC.,DA 42,83682c3b17abc1dd1dab5eb58adf2e925125b1cb40cc76c9bae0ec0332808fba,True,1
46767,1213,240926_ML.npy,2026-09-24,2026-09-24 01:38:52.462121,7C7BD9,DA42,DIAMOND AIRCRAFT INDUSTRIES INC.,DA 42,30de24e89ea2c150497d6352a160515f8e19dc980ee131d32d50da88b756deda,True,1
46769,1215,240926_ML.npy,2026-09-24,2026-09-24 01:38:53.906567,7C7BD9,DA42,DIAMOND AIRCRAFT INDUSTRIES INC.,DA 42,8ce250a74d9f5ab3972afd7073ab80efb4671beef6f06e591c8d2d199223f328,True,2
46770,1216,240926_ML.npy,2026-09-24,2026-09-24 01:38:54.362276,7C7BD9,DA42,DIAMOND AIRCRAFT INDUSTRIES INC.,DA 42,840f52d1bcf56ea22b261575e7e079b76da82ccf7bded969ee3da252df85686f,True,3
46772,1218,240926_ML.npy,2026-09-24,2026-09-24 01:38:58.142070,7C7BD9,DA42,DIAMOND AIRCRAFT INDUSTRIES INC.,DA 42,99bb2f0cc64dc3305e56681c3c22bc525350f105209ed64eca9aa5a3347a461c,True,5
46773,1219,240926_ML.npy,2026-09-24,2026-09-24 01:38:58.558467,7C7BD9,DA42,DIAMOND AIRCRAFT INDUSTRIES INC.,DA 42,5078fe4de37931e9c5e40079927b7d82712ff0e7a3783d1d81b625713a0fbff7,True,2
46780,1226,240926_ML.npy,2026-09-24,2026-09-24 01:39:01.863723,7C7BD9,DA42,DIAMOND AIRCRAFT INDUSTRIES INC.,DA 42,b406ce177069cd7f5383c53563f969ab6d3a1de4f75934da94a2cac08104c48a,True,1
46781,1227,240926_ML.npy,2026-09-24,2026-09-24 01:39:03.042033,7C7BD9,DA42,DIAMOND AIRCRAFT INDUSTRIES INC.,DA 42,405a902b48d199a48c23a5232b0adb41c9952381325f828d0743c6866778e368,True,4
46784,1230,240926_ML.npy,2026-09-24,2026-09-24 01:39:03.765732,7C7BD9,DA42,DIAMOND AIRCRAFT INDUSTRIES INC.,DA 42,0ab99ced309c5a046895f46d85c32749a1dea6ad3689dc8a8beda8c44f37b53f,True,4
46785,1231,240926_ML.npy,2026-09-24,2026-09-24 01:39:03.769240,7C7BD9,DA42,DIAMOND AIRCRAFT INDUSTRIES INC.,DA 42,668a1d26beb011e3df9a9bbea4520a5e986ddcefb55619babe815f3b09403532,True,2
46787,1233,240926_ML.npy,2026-09-24,2026-09-24 01:39:05.670140,7C7BD9,DA42,DIAMOND AIRCRAFT INDUSTRIES INC.,DA 42,6b30ef7a10c56d5aa314a7a01f5b11194dddd8af44dc7fe5a9146b971a700a43,True,5
46788,1234,240926_ML.npy,2026-09-24,2026-09-24 01:39:05.676513,7C7BD9,DA42,DIAMOND AIRCRAFT INDUSTRIES INC.,DA 42,518d116895f1fa8ed35748a06d138be9c585521ab3c11d2bb2164d8be7d8e9be,True,3
46789,1235,240926_ML.npy,2026-09-24,2026-09-24 01:39:05.702276,7C7BD9,DA42,DIAMOND AIRCRAFT INDUSTRIES INC.,DA 42,ed05c86cf59ba621af4418ee7ca9fe020dd19e7c519e6a0ba23a13031f916d4f,True,4
46792,1238,240926_ML.npy,2026-09-24,2026-09-24 01:39:08.090330,7C7BD9,DA42,DIAMOND AIRCRAFT INDUSTRIES INC.,DA 42,405a902b48d199a48c23a5232b0adb41c9952381325f828d0743c6866778e368,True,2
46795,1241,240926_ML.npy,2026-09-24,2026-09-24 01:39:09.673254,7C7BD9,DA42,DIAMOND AIRCRAFT INDUSTRIES INC.,DA 42,d37ad5c81a84aafab616a0bc37871a223dbba73455ca128523796e13b9932b70,True,2
46796,1242,240926_ML.npy,2026-09-24,2026-09-24 01:39:09.677664,7C7BD9,DA42,DIAMOND AIRCRAFT INDUSTRIES INC.,DA 42,06e5347755cccb076953748dc41502350f3d32f3e434ad551b83e1cf4554ea09,True,1
46802,1248,240926_ML.npy,2026-09-24,2026-09-24 01:39:15.130530,7C168A,DA40,DIAMOND AIRCRAFT INDUSTRIES INC.,DA 40,bf535c5efd3d51a6b6722bebb405c2b6c82516855dac35a5d6d19fcb96c26838,True,5
46846,1292,240926_ML.npy,2026-09-24,2026-09-24 01:40:25.851873,7C7AF7,DA40,DIAMOND AIRCRAFT INDUSTRIES INC.,DA 40,dc6f7095613cf28d469f5443ecf30490e1ce239f906e32433c8b55c2830b7fae,True,5
46861,1307,240926_ML.npy,2026-09-24,2026-09-24 01:40:33.529908,7C7AF7,DA40,DIAMOND AIRCRAFT INDUSTRIES INC.,DA 40,08524085a64528b032d28301215733397b85c61c8ac51b64b28dd5ede07dbaff,True,1
46933,1379,240926_ML.npy,2026-09-24,2026-09-24 01:42:59.624998,7C1687,DA40,DIAMOND AIRCRAFT INDUSTRIES INC.,DA 40,7b7cbd688c522fae004fef6045b081f0944c2d7e25648909b396e643f341a42c,True,3
46938,1384,240926_ML.npy,2026-09-24,2026-09-24 01:43:03.199350,7C7BD9,DA42,DIAMOND AIRCRAFT INDUSTRIES INC.,DA 42,cc6c6c57bf1c13de5642e12e896d2c2e90a1972ffb5ced7a374159971402dbb9,True,2
46939,1385,240926_ML.npy,2026-09-24,2026-09-24 01:43:03.205376,7C7BD9,DA42,DIAMOND AIRCRAFT INDUSTRIES INC.,DA 42,67d0c83079c0a7fa683353ef8a11c28e133c8de12dfa3d03f4cc1b051133facb,True,1
46941,1387,240926_ML.npy,2026-09-24,2026-09-24 01:43:05.297474,7C1687,DA40,DIAMOND AIRCRAFT INDUSTRIES INC.,DA 40,584970fe5c209507bc76a15f32e1bffde50f1d59bb893bf00d9d5532ab5b43c1,True,4
46942,1388,240926_ML.npy,2026-09-24,2026-09-24 01:43:06.233190,7C7BD9,DA42,DIAMOND AIRCRAFT INDUSTRIES INC.,DA 42,ed05c86cf59ba621af4418ee7ca9fe020dd19e7c519e6a0ba23a13031f916d4f,True,3
46945,1391,240926_ML.npy,2026-09-24,2026-09-24 01:43:08.195876,7C7BD9,DA42,DIAMOND AIRCRAFT INDUSTRIES INC.,DA 42,b406ce177069cd7f5383c53563f969ab6d3a1de4f75934da94a2cac08104c48a,True,2
46948,1394,240926_ML.npy,2026-09-24,2026-09-24 01:43:15.295554,7C7B55,DA40,DIAMOND AIRCRAFT INDUSTRIES INC.,DA 40,f67221e18fcd16d73c454596c3cf6d87e10d6c887fdd431e1af4f118dae42ca7,True,4
46949,1395,240926_ML.npy,2026-09-24,2026-09-24 01:43:16.531898,7C7BD9,DA42,DIAMOND AIRCRAFT INDUSTRIES INC.,DA 42,db932fb5a55b06e01998699fe0222b06a60771e0e40c66dcab85008d84737ebf,True,1
46956,1402,240926_ML.npy,2026-09-24,2026-09-24 01:43:23.798893,7C1687,DA40,DIAMOND AIRCRAFT INDUSTRIES INC.,DA 40,efee076b2bd16f0948da3d4568f01f2ae4e8c98dab49ef0e8d044179c389a41b,True,3
46967,1413,240926_ML.npy,2026-09-24,2026-09-24 01:43:31.759616,7C7B55,DA40,DIAMOND AIRCRAFT INDUSTRIES INC.,DA 40,b6fa4b71d46bdd43097a605252ec87e6baf7ec1f45e09c6d6f8ac4af1454a6b7,True,4
46973,1419,240926_ML.npy,2026-09-24,2026-09-24 01:43:38.169661,7C7B55,DA40,DIAMOND AIRCRAFT INDUSTRIES INC.,DA 40,7fb4d5ef1f8775f684bc9845a0605e538f3d7c5345ff7f09d4f3e2674a8b5f86,True,4
46982,1428,240926_ML.npy,2026-09-24,2026-09-24 01:43:42.816022,7C7B55,DA40,DIAMOND AIRCRAFT INDUSTRIES INC.,DA 40,f67221e18fcd16d73c454596c3cf6d87e10d6c887fdd431e1af4f118dae42ca7,True,2
47003,1449,240926_ML.npy,2026-09-24,2026-09-24 01:44:04.928010,7C582C,DA40,DIAMOND AIRCRAFT INDUSTRIES INC.,DA 40,ab6eb1d86d5f7b88f32feaa3fc4a004df3c5489fc11a270c4dd19e2750bec91e,True,2
47006,1452,240926_ML.npy,2026-09-24,2026-09-24 01:44:08.722101,7C582C,DA40,DIAMOND AIRCRAFT INDUSTRIES INC.,DA 40,f1893d3f57771ec0834b7a5ddbc6fffbf72c9ad1a7404724422759550d28c858,True,1
47008,1454,240926_ML.npy,2026-09-24,2026-09-24 01:44:09.146574,7C168A,DA40,DIAMOND AIRCRAFT INDUSTRIES INC.,DA 40,dc83f7b7210818bca15d4e2f797efb35e4d18423a2f3568b3a7a98242332bd64,True,5
47013,1459,240926_ML.npy,2026-09-24,2026-09-24 01:44:11.883732,7C582C,DA40,DIAMOND AIRCRAFT INDUSTRIES INC.,DA 40,e2b7d1c25561b699f4b6f490a96806f2686a68a853f999877f014b5244347094,True,1
47015,1461,240926_ML.npy,2026-09-24,2026-09-24 01:44:14.337449,7C582C,DA40,DIAMOND AIRCRAFT INDUSTRIES INC.,DA 40,381425665fc15188aee64beb361464226232163290697696abdb98b82c6070ff,True,5
47022,1468,240926_ML.npy,2026-09-24,2026-09-24 01:44:18.730806,7C168A,DA40,DIAMOND AIRCRAFT INDUSTRIES INC.,DA 40,dc83f7b7210818bca15d4e2f797efb35e4d18423a2f3568b3a7a98242332bd64,True,3
47033,1479,240926_ML.npy,2026-09-24,2026-09-24 01:44:27.776330,7C168A,DA40,DIAMOND AIRCRAFT INDUSTRIES INC.,DA 40,1ff8b8868839e23d0f31c488ab2f22a39ba242b8ac4b1297bd8e11885ae645d0,True,1
47079,1525,240926_ML.npy,2026-09-24,2026-09-24 01:44:56.352830,7C168A,DA40,DIAMOND AIRCRAFT INDUSTRIES INC.,DA 40,d3756f7c7af22a639675e6b3ca8dc9ebb00378a1043d3b4a1dd29bf6225e7e0d,True,4
47086,1532,240926_ML.npy,2026-09-24,2026-09-24 01:45:07.277759,7C7BD9,DA42,DIAMOND AIRCRAFT INDUSTRIES INC.,DA 42,8ee0e52318d8f6b272bdf7f272696812ec0b94eb89ee1d72dc64138dfac48575,True,2
47096,1542,240926_ML.npy,2026-09-24,2026-09-24 01:45:17.160050,7C7BD9,DA42,DIAMOND AIRCRAFT INDUSTRIES INC.,DA 42,afaa40e62d12d924e8e05f476d98f8a24fdae79782ed17bf41012fb25357b65a,True,2
47103,1549,240926_ML.npy,2026-09-24,2026-09-24 01:45:22.846730,7C7BD9,DA42,DIAMOND AIRCRAFT INDUSTRIES INC.,DA 42,b406ce177069cd7f5383c53563f969ab6d3a1de4f75934da94a2cac08104c48a,True,2
47104,1550,240926_ML.npy,2026-09-24,2026-09-24 01:45:23.597062,7C7BD9,DA42,DIAMOND AIRCRAFT INDUSTRIES INC.,DA 42,39ce5ecd78da97d3472969f4266dc6ff7b05211579924dd5469f4a75fdc6c4c6,True,3
47106,1552,240926_ML.npy,2026-09-24,2026-09-24 01:45:25.350306,7C7BD9,DA42,DIAMOND AIRCRAFT INDUSTRIES INC.,DA 42,b406ce177069cd7f5383c53563f969ab6d3a1de4f75934da94a2cac08104c48a,True,4
47108,1554,240926_ML.npy,2026-09-24,2026-09-24 01:45:27.560703,7C7BD9,DA42,DIAMOND AIRCRAFT INDUSTRIES INC.,DA 42,3becbde7dd445556fea06567aa05b75ab57a23c8933933db648332b9365f6739,True,4
47111,1557,240926_ML.npy,2026-09-24,2026-09-24 01:45:30.374813,7C7BD9,DA42,DIAMOND AIRCRAFT INDUSTRIES INC.,DA 42,b406ce177069cd7f5383c53563f969ab6d3a1de4f75934da94a2cac08104c48a,True,2
47112,1558,240926_ML.npy,2026-09-24,2026-09-24 01:45:32.278711,7C7BD9,DA42,DIAMOND AIRCRAFT INDUSTRIES INC.,DA 42,405a902b48d199a48c23a5232b0adb41c9952381325f828d0743c6866778e368,True,5
47115,1561,240926_ML.npy,2026-09-24,2026-09-24 01:45:36.600121,7C7BD9,DA42,DIAMOND AIRCRAFT INDUSTRIES INC.,DA 42,b406ce177069cd7f5383c53563f969ab6d3a1de4f75934da94a2cac08104c48a,True,2
47116,1562,240926_ML.npy,2026-09-24,2026-09-24 01:45:37.076221,7C7BD9,DA42,DIAMOND AIRCRAFT INDUSTRIES INC.,DA 42,c4dad0b80d1170b6bf7d3638807fdbf11eefd275dbafbdabcc980ae1f32e904c,True,2
47117,1563,240926_ML.npy,2026-09-24,2026-09-24 01:45:37.082630,7C7BD9,DA42,DIAMOND AIRCRAFT INDUSTRIES INC.,DA 42,bbdef1e4f8be9e469ef18ef713f84599b9dfb40e9a77fe8230efdc1725d47ebb,True,3
47119,1565,240926_ML.npy,2026-09-24,2026-09-24 01:45:40.380461,7C7BD9,DA42,DIAMOND AIRCRAFT INDUSTRIES INC.,DA 42,a0c217fbed70c4319ef07d6e165783210687d04ff298e7451b83afd9060e33f9,True,4
47122,1568,240926_ML.npy,2026-09-24,2026-09-24 01:45:42.894394,7C7BD9,DA42,DIAMOND AIRCRAFT INDUSTRIES INC.,DA 42,b406ce177069cd7f5383c53563f969ab6d3a1de4f75934da94a2cac08104c48a,True,1
47124,1570,240926_ML.npy,2026-09-24,2026-09-24 01:45:44.232107,7C7BD9,DA42,DIAMOND AIRCRAFT INDUSTRIES INC.,DA 42,2ae818332a3ef104023099ebb0d374c48ff2253113cd273ab4e4d6ae0b477006,True,4
47127,1573,240926_ML.npy,2026-09-24,2026-09-24 01:45:46.468950,7C7BD9,DA42,DIAMOND AIRCRAFT INDUSTRIES INC.,DA 42,ed05c86cf59ba621af4418ee7ca9fe020dd19e7c519e6a0ba23a13031f916d4f,True,1
47131,1577,240926_ML.npy,2026-09-24,2026-09-24 01:45:54.867993,7C1687,DA40,DIAMOND AIRCRAFT INDUSTRIES INC.,DA 40,b4a21418a87ad65e769c2930080553a74a96c21fc410a40b07190f824c5397bc,True,2
47174,1620,240926_ML.npy,2026-09-24,2026-09-24 01:47:32.731063,7C0074,C172,CESSNA AIRCRAFT COMPANY,172S,590fb306bf99eb695a221304eea7c9bdd9112880e2aa54250962733b5132d907,True,2
47180,1626,240926_ML.npy,2026-09-24,2026-09-24 01:47:49.804827,7C0074,C172,CESSNA AIRCRAFT COMPANY,172S,9a0ef3a9b4db57637220991befdd2d1707c0c3af0c6db6d14c511b23788ed95b,True,3
47182,1628,240926_ML.npy,2026-09-24,2026-09-24 01:47:51.851890,7C0074,C172,CESSNA AIRCRAFT COMPANY,172S,7e305573a6832a501a1fae271df5dc7f8e34f04a890420e2269f9c3e787eabd8,True,5
47186,1632,240926_ML.npy,2026-09-24,2026-09-24 01:47:58.118712,7C0074,C172,CESSNA AIRCRAFT COMPANY,172S,ce602109a10ac72cf061c0b24613e6ae018dc1705ed48d0e33c3c7ac071d7508,True,3
47187,1633,240926_ML.npy,2026-09-24,2026-09-24 01:47:58.980329,7C0074,C172,CESSNA AIRCRAFT COMPANY,172S,b081da300a60f59627ea62198029ff8a9e169d5490452b583829bd8461212ab4,True,1
47190,1636,240926_ML.npy,2026-09-24,2026-09-24 01:48:01.155234,7C0074,C172,CESSNA AIRCRAFT COMPANY,172S,9bcd3e9bdd1cabd7cb1e9329665aa6fc81d23da8e9e869b14942602aa4589b93,True,4
47216,1662,240926_ML.npy,2026-09-24,2026-09-24 01:48:30.656641,7C7BD9,DA42,DIAMOND AIRCRAFT INDUSTRIES INC.,DA 42,eb5602984757a20d7dea1b0e9675a01fa587f0429efad04e2790d96387d5a831,True,3
47220,1666,240926_ML.npy,2026-09-24,2026-09-24 01:48:37.169170,7C0074,C172,CESSNA AIRCRAFT COMPANY,172S,fd23fa3acbe6ba34eb9bb9986602030c6543ebd70f3199e494ed231decd9dd73,True,3
47236,1682,240926_ML.npy,2026-09-24,2026-09-24 01:49:19.021488,7C582C,DA40,DIAMOND AIRCRAFT INDUSTRIES INC.,DA 40,8367d24ff82a33882a8b76409698dfcec7bdec99b304cec86a2758fb64570edf,True,5
47257,1703,240926_ML.npy,2026-09-24,2026-09-24 01:49:31.694438,7C582C,DA40,DIAMOND AIRCRAFT INDUSTRIES INC.,DA 40,1f2264e003fb2664b967a16e20876b4fc147216e74108713e5cdabb79d9cdb6b,True,3
47259,1705,240926_ML.npy,2026-09-24,2026-09-24 01:49:32.210856,7C582C,DA40,DIAMOND AIRCRAFT INDUSTRIES INC.,DA 40,07b6a60d7d43de7ac40b1d466bbef2cfa59d1c47d18d793979411aa5bbe49ed5,True,1
47271,1717,240926_ML.npy,2026-09-24,2026-09-24 01:49:59.029118,7C168A,DA40,DIAMOND AIRCRAFT INDUSTRIES INC.,DA 40,250410d06b0aa61e5feeedc6b1401d9a3f70ad0d36f738b7e3bfac3230ecce47,True,3
47279,1725,240926_ML.npy,2026-09-24,2026-09-24 01:50:07.529449,7C7B64,DA40,DIAMOND AIRCRAFT INDUSTRIES INC.,DA 40,22aa07ca61f1d1d028771b7817e3e601ea6adc5c9dc1f1d72437f3aa31ba07ef,True,1
47280,1726,240926_ML.npy,2026-09-24,2026-09-24 01:50:17.157208,7C7BD9,DA42,DIAMOND AIRCRAFT INDUSTRIES INC.,DA 42,5d6c992bd74b9608669ef1c8dbbf4276584d796b640644a77c315c03d5946e21,True,4
47282,1728,240926_ML.npy,2026-09-24,2026-09-24 01:50:22.693037,7C7BD9,DA42,DIAMOND AIRCRAFT INDUSTRIES INC.,DA 42,9be6fe00c97e116aa9919fd1ec7408df199205e916ce629acd52f08cafd25045,True,3
47283,1729,240926_ML.npy,2026-09-24,2026-09-24 01:50:22.698972,7C7BD9,DA42,DIAMOND AIRCRAFT INDUSTRIES INC.,DA 42,e92c5745d9c3bf442a6e15e83e34361fba403b2678273d308c0a6e89a9006c3f,True,4
47284,1730,240926_ML.npy,2026-09-24,2026-09-24 01:50:25.090941,7C7BD9,DA42,DIAMOND AIRCRAFT INDUSTRIES INC.,DA 42,9e191539a865e7e682af8db05f0834df77be3cdf2f856d1c70b04f84a19fcc88,True,2
47287,1733,240926_ML.npy,2026-09-24,2026-09-24 01:50:34.600673,7C7BD9,DA42,DIAMOND AIRCRAFT INDUSTRIES INC.,DA 42,16af615867245d718c9395caa7ee0ed6e64fc9eed70fae75435dc03d20a18129,True,4
47288,1734,240926_ML.npy,2026-09-24,2026-09-24 01:50:34.607466,7C7BD9,DA42,DIAMOND AIRCRAFT INDUSTRIES INC.,DA 42,48d6d0ee4c830b530ab79acc329944f3f6efc0d5b88a61b718dd434ba9a1edc6,True,3
47295,1741,240926_ML.npy,2026-09-24,2026-09-24 01:50:41.680815,7C7BD9,DA42,DIAMOND AIRCRAFT INDUSTRIES INC.,DA 42,b406ce177069cd7f5383c53563f969ab6d3a1de4f75934da94a2cac08104c48a,True,4
47296,1742,240926_ML.npy,2026-09-24,2026-09-24 01:50:45.137830,7C7BD9,DA42,DIAMOND AIRCRAFT INDUSTRIES INC.,DA 42,920cf26e83224dbf86861179179abe1808f37db3ef9cc918db0c6007900281a7,True,3
47298,1744,240926_ML.npy,2026-09-24,2026-09-24 01:50:48.133133,7C7BD9,DA42,DIAMOND AIRCRAFT INDUSTRIES INC.,DA 42,3db20046ed4baa5ad970e6251235152ab6e0c90dc3f57af6f4efcb32e0dc0012,True,2
47299,1745,240926_ML.npy,2026-09-24,2026-09-24 01:50:48.586538,7C7BD9,DA42,DIAMOND AIRCRAFT INDUSTRIES INC.,DA 42,9a0ceb1993cd053f1d182c0b65bcb65d3dee36f11e73e92f8c133b9669e3f39f,True,4
47300,1746,240926_ML.npy,2026-09-24,2026-09-24 01:50:48.592724,7C7BD9,DA42,DIAMOND AIRCRAFT INDUSTRIES INC.,DA 42,66dc5762960a954260a0b073c4fd60f1384dd97b74c943023eb29c912ad5e329,True,1
47307,1753,240926_ML.npy,2026-09-24,2026-09-24 01:50:55.424954,7C7BD9,DA42,DIAMOND AIRCRAFT INDUSTRIES INC.,DA 42,b406ce177069cd7f5383c53563f969ab6d3a1de4f75934da94a2cac08104c48a,True,1
47311,1757,240926_ML.npy,2026-09-24,2026-09-24 01:50:58.043882,7C7BD9,DA42,DIAMOND AIRCRAFT INDUSTRIES INC.,DA 42,ed05c86cf59ba621af4418ee7ca9fe020dd19e7c519e6a0ba23a13031f916d4f,True,4
47332,1778,240926_ML.npy,2026-09-24,2026-09-24 01:52:24.724355,7C1687,DA40,DIAMOND AIRCRAFT INDUSTRIES INC.,DA 40,6e58a5f83484722b754c9cdcae0c9fb02e888012cb9449a7c74b1915de257676,True,1
47334,1780,240926_ML.npy,2026-09-24,2026-09-24 01:52:27.276637,7C7B64,DA40,DIAMOND AIRCRAFT INDUSTRIES INC.,DA 40,d50541182fb668779cc1edd404ee19ea389903e9ac3d1445cb6831e7c56a198c,True,5
47346,1792,240926_ML.npy,2026-09-24,2026-09-24 01:52:44.673126,7C7B64,DA40,DIAMOND AIRCRAFT INDUSTRIES INC.,DA 40,7d005508b44b4078f818d6d2d57f7bd1e946fc0e8ff7f528530cfe20af2c3689,True,2
47349,1795,240926_ML.npy,2026-09-24,2026-09-24 01:52:47.375153,7C7B64,DA40,DIAMOND AIRCRAFT INDUSTRIES INC.,DA 40,88be092288b9a0079d904a43f4f934564b40919d34d38540156f34fd003b2768,True,3
47372,1818,240926_ML.npy,2026-09-24,2026-09-24 01:54:39.475993,7C168A,DA40,DIAMOND AIRCRAFT INDUSTRIES INC.,DA 40,8c676a11b528a251509815f4ad8c0237cc9abb5dacc846342302e15567dfe3a8,True,2
47377,1823,240926_ML.npy,2026-09-24,2026-09-24 01:55:06.684758,7C67D7,C172,CESSNA AIRCRAFT COMPANY,172S,0fbfdff0a99bff45612dd073d2dab2c97294624b99e19c7ac70bfc994b32aaf5,True,4
47390,1836,240926_ML.npy,2026-09-24,2026-09-24 01:55:29.163417,7C67D7,C172,CESSNA AIRCRAFT COMPANY,172S,0fbfdff0a99bff45612dd073d2dab2c97294624b99e19c7ac70bfc994b32aaf5,True,2
47391,1837,240926_ML.npy,2026-09-24,2026-09-24 01:55:33.547612,7C67D7,C172,CESSNA AIRCRAFT COMPANY,172S,8ffbaaac11d9f4cbe7eccb4d52e185c11070dafb050e89d763a3cdac01481e04,True,3
47393,1839,240926_ML.npy,2026-09-24,2026-09-24 01:55:34.543989,7C67D7,C172,CESSNA AIRCRAFT COMPANY,172S,2be83a61404ec6d0af8c71d95fe7f2af47963e91cca43e3bb6b3c099bb53d974,True,5
47403,1849,240926_ML.npy,2026-09-24,2026-09-24 01:55:44.314127,7C67D7,C172,CESSNA AIRCRAFT COMPANY,172S,0fbfdff0a99bff45612dd073d2dab2c97294624b99e19c7ac70bfc994b32aaf5,True,1
47404,1850,240926_ML.npy,2026-09-24,2026-09-24 01:55:44.614644,7C1687,DA40,DIAMOND AIRCRAFT INDUSTRIES INC.,DA 40,da759ac22ed31d197aae6ae4f5a75665b720a50d3001cffdb71c71d8ee759f3e,True,5
47406,1852,240926_ML.npy,2026-09-24,2026-09-24 01:55:49.101343,7C67D7,C172,CESSNA AIRCRAFT COMPANY,172S,a77b97fecbf3c537962d308f2c53e7e0edba9ac795720899053a62daaa0a946d,True,3
47408,1854,240926_ML.npy,2026-09-24,2026-09-24 01:55:50.336975,7C67D7,C172,CESSNA AIRCRAFT COMPANY,172S,50100e5276a09ec46dc74eee9635692a22dbd8821544c2d61748c0e265898936,True,2
47410,1856,240926_ML.npy,2026-09-24,2026-09-24 01:55:51.933201,7C67D7,C172,CESSNA AIRCRAFT COMPANY,172S,b793a48ea6696b303f708c309c7e2a192b963d11d3871f8e18cc6ad004dacfa5,True,4
47415,1861,240926_ML.npy,2026-09-24,2026-09-24 01:55:55.040284,7C7BD9,DA42,DIAMOND AIRCRAFT INDUSTRIES INC.,DA 42,65e1bdd99dd900f117bc653643c918ddb3b53136c47ca324442ddf6041531a95,True,1
47417,1863,240926_ML.npy,2026-09-24,2026-09-24 01:55:55.212668,7C7BD9,DA42,DIAMOND AIRCRAFT INDUSTRIES INC.,DA 42,405a902b48d199a48c23a5232b0adb41c9952381325f828d0743c6866778e368,True,4
47421,1867,240926_ML.npy,2026-09-24,2026-09-24 01:55:57.503237,7C67D7,C172,CESSNA AIRCRAFT COMPANY,172S,e84aa51581b8eefc7023d7df42194899e10461b80c78bb89a3f3e4eb8a470af2,True,5
47422,1868,240926_ML.npy,2026-09-24,2026-09-24 01:55:57.508676,7C67D7,C172,CESSNA AIRCRAFT COMPANY,172S,d8c809d8ee672df336e6321c8f9d305408333fa6e7de8e67ec0d781c5081ec96,True,4
47423,1869,240926_ML.npy,2026-09-24,2026-09-24 01:55:57.960711,7C7BD9,DA42,DIAMOND AIRCRAFT INDUSTRIES INC.,DA 42,4dff319eab31fa553aa308a98927a0a44e71e65547829fbc27baa327465c0e3e,True,3
47430,1876,240926_ML.npy,2026-09-24,2026-09-24 01:56:01.939765,7C7BD9,DA42,DIAMOND AIRCRAFT INDUSTRIES INC.,DA 42,778b4f3429666620cfba75b648ae54293e071d35b1f65e0bfba019a312751ace,True,4
47433,1879,240926_ML.npy,2026-09-24,2026-09-24 01:56:04.110817,7C7BD9,DA42,DIAMOND AIRCRAFT INDUSTRIES INC.,DA 42,aa1cd939149f2d2fffb02c04f9a8dcd7c6c9c05b5c0b9b89fcce40dc8f5ad7e9,True,3
47434,1880,240926_ML.npy,2026-09-24,2026-09-24 01:56:05.150568,7C7BD9,DA42,DIAMOND AIRCRAFT INDUSTRIES INC.,DA 42,22858459746c7adb0fd5e63434cd55f181ba1cb755407f290b85154ea1a5bfbb,True,5
47435,1881,240926_ML.npy,2026-09-24,2026-09-24 01:56:06.042133,7C7BD9,DA42,DIAMOND AIRCRAFT INDUSTRIES INC.,DA 42,b406ce177069cd7f5383c53563f969ab6d3a1de4f75934da94a2cac08104c48a,True,4
47436,1882,240926_ML.npy,2026-09-24,2026-09-24 01:56:06.815344,7C7BD9,DA42,DIAMOND AIRCRAFT INDUSTRIES INC.,DA 42,dc6709260f7f0d7526be7948d1779cb3f8630863be95b2ad1c268194ca302a55,True,3
47438,1884,240926_ML.npy,2026-09-24,2026-09-24 01:56:09.174265,7C7BD9,DA42,DIAMOND AIRCRAFT INDUSTRIES INC.,DA 42,f4232b7c2fd5e91a07a376b566270c9088d74723de49be21aec1e1ae5df272f1,True,4
47440,1886,240926_ML.npy,2026-09-24,2026-09-24 01:56:12.588560,7C7BD9,DA42,DIAMOND AIRCRAFT INDUSTRIES INC.,DA 42,3b47b7515652102da7830cb9c798eaf49a5e5a90850f927c8bd8d0c8402cd4b4,True,2
47441,1887,240926_ML.npy,2026-09-24,2026-09-24 01:56:12.594441,7C7BD9,DA42,DIAMOND AIRCRAFT INDUSTRIES INC.,DA 42,1c213f7f22a81c2ebc9bf57e21d357262012c97ec39e466ffc5079a770789433,True,2
47442,1888,240926_ML.npy,2026-09-24,2026-09-24 01:56:14.127805,7C7BD9,DA42,DIAMOND AIRCRAFT INDUSTRIES INC.,DA 42,37d91ddae54e61499321079f010628818a2cd51d04eb588631b4cfc2d8452dad,True,1
47443,1889,240926_ML.npy,2026-09-24,2026-09-24 01:56:14.301229,7C67D0,C172,CESSNA AIRCRAFT COMPANY,172S,81565f1523323ae873a5459ae4c28d8f56cea1f2a6a7c5020e62f79e525c05c8,True,4
47444,1890,240926_ML.npy,2026-09-24,2026-09-24 01:56:17.199845,7C7BD9,DA42,DIAMOND AIRCRAFT INDUSTRIES INC.,DA 42,b406ce177069cd7f5383c53563f969ab6d3a1de4f75934da94a2cac08104c48a,True,1
47448,1894,240926_ML.npy,2026-09-24,2026-09-24 01:56:21.926294,7C7BD9,DA42,DIAMOND AIRCRAFT INDUSTRIES INC.,DA 42,9d6197297c5741963f48d88eee824737777d6164380769fc8117d9e93830885d,True,3
47449,1895,240926_ML.npy,2026-09-24,2026-09-24 01:56:21.933277,7C7BD9,DA42,DIAMOND AIRCRAFT INDUSTRIES INC.,DA 42,c14acbc70f8b41db5c7d176967a2a0e42fc3024979c79a2ce9db8b2ede2c4855,True,5
47453,1899,240926_ML.npy,2026-09-24,2026-09-24 01:56:26.879579,7C67D0,C172,CESSNA AIRCRAFT COMPANY,172S,85dd2f2b981700d3c177b30cafdaaab1e6bd1d0838812974f332a39e26a03cc2,True,5
47466,1912,240926_ML.npy,2026-09-24,2026-09-24 01:56:38.574821,7C67D0,C172,CESSNA AIRCRAFT COMPANY,172S,69d13832838281f7de15ade3a98712d13cf1e87ea8914ac5b9cc62744fe92dd2,True,1
47468,1914,240926_ML.npy,2026-09-24,2026-09-24 01:56:40.382662,7C67D0,C172,CESSNA AIRCRAFT COMPANY,172S,2e5f439b8392b801438194fbc83054e8254632ad6ecb353d5b40320f33676fc5,True,2
47471,1917,240926_ML.npy,2026-09-24,2026-09-24 01:56:42.338384,7C67D0,C172,CESSNA AIRCRAFT COMPANY,172S,7976db5368d714577fded37c93de0c2573c1e2d2a1a81bca4b733f1e71defc45,True,2
47476,1922,240926_ML.npy,2026-09-24,2026-09-24 01:56:47.456995,7C67D0,C172,CESSNA AIRCRAFT COMPANY,172S,69d13832838281f7de15ade3a98712d13cf1e87ea8914ac5b9cc62744fe92dd2,True,2
47477,1923,240926_ML.npy,2026-09-24,2026-09-24 01:56:48.395081,7C67D0,C172,CESSNA AIRCRAFT COMPANY,172S,f0f9ea4b9db1611ff83d6294fe28a93228906c9b628cb50de3efcb2ace63dc07,True,1
47479,1925,240926_ML.npy,2026-09-24,2026-09-24 01:56:52.764369,7C7C31,DA40,DIAMOND AIRCRAFT INDUSTRIES INC.,DA 40,f8d1e37efec2806ab1769e927d87d98e43a4123f2f4c51897fd225b188f46dd0,True,4
47481,1927,240926_ML.npy,2026-09-24,2026-09-24 01:56:53.992748,7C67D0,C172,CESSNA AIRCRAFT COMPANY,172S,c3450cb3178ecf833073f4f2a2e19ca8c785e0863c4dad8b4a9d56274e47770b,True,5
47484,1930,240926_ML.npy,2026-09-24,2026-09-24 01:56:55.267048,7C7C31,DA40,DIAMOND AIRCRAFT INDUSTRIES INC.,DA 40,4a8648981171a6367ca6818b5e0d1ffb189e439848e63cc05eff83a979db47e1,True,5
47485,1931,240926_ML.npy,2026-09-24,2026-09-24 01:56:55.432816,7C67D0,C172,CESSNA AIRCRAFT COMPANY,172S,424d6c49b86e960b8d59b0ef710b3482af9bccacaaa1550b2689b7dfbdf3bc22,True,3
47493,1939,240926_ML.npy,2026-09-24,2026-09-24 01:56:58.832608,7C67D0,C172,CESSNA AIRCRAFT COMPANY,172S,69d13832838281f7de15ade3a98712d13cf1e87ea8914ac5b9cc62744fe92dd2,True,2
47498,1944,240926_ML.npy,2026-09-24,2026-09-24 01:57:00.618154,7C67D0,C172,CESSNA AIRCRAFT COMPANY,172S,a02ede1347cefd972196d194cce2f627de9148264eb53ea7744af420f39cfdbd,True,2
47506,1952,240926_ML.npy,2026-09-24,2026-09-24 01:57:11.097195,7C7C31,DA40,DIAMOND AIRCRAFT INDUSTRIES INC.,DA 40,c39067a5a4734df1e09688f93c5e042c0dc0562e90ee754bd9e22cd13f087686,True,5
47512,1958,240926_ML.npy,2026-09-24,2026-09-24 01:57:20.035903,7C7C31,DA40,DIAMOND AIRCRAFT INDUSTRIES INC.,DA 40,28fc2ee61882becb6e49f1e1a582e11b3816e6bad4c7c09e774b4b8959b64a1c,True,3
47520,1966,240926_ML.npy,2026-09-24,2026-09-24 01:57:28.551327,7C7C31,DA40,DIAMOND AIRCRAFT INDUSTRIES INC.,DA 40,bc171209f44f9914cc017a95d5d7385a5db81382124654bb85d4c35b4d6819d3,True,5
47524,1970,240926_ML.npy,2026-09-24,2026-09-24 01:57:32.303933,7C7C31,DA40,DIAMOND AIRCRAFT INDUSTRIES INC.,DA 40,2ed7b2a708e37774ba6245a4bed537c00fb75be96bdc8aaaed2663247e3429d3,True,2
47539,1985,240926_ML.npy,2026-09-24,2026-09-24 01:57:50.767285,7C1687,DA40,DIAMOND AIRCRAFT INDUSTRIES INC.,DA 40,ada037767ae4c022ca3425a0eaea320081b3e4b97e758129ad5f91e0bca82b08,True,1
47543,1989,240926_ML.npy,2026-09-24,2026-09-24 01:57:54.487023,7C1687,DA40,DIAMOND AIRCRAFT INDUSTRIES INC.,DA 40,a41ae3f72dbd0c94516768d8eba2c93dd779b61c6e3ff76f7a71970a50ce7d4b,True,3
47545,1991,240926_ML.npy,2026-09-24,2026-09-24 01:57:54.773450,7C7B56,DA40,DIAMOND AIRCRAFT INDUSTRIES INC.,DA 40,353f86406454feacd6da791b8e1701cc65401dd1ab3d6ab96e27d835517f558c,True,5
47554,2000,240926_ML.npy,2026-09-24,2026-09-24 01:58:03.789246,7C7B56,DA40,DIAMOND AIRCRAFT INDUSTRIES INC.,DA 40,583959d99e00b7aa9b64222dcdf05c6c3928787068a05a007cf90073e6971962,True,2
47556,2002,240926_ML.npy,2026-09-24,2026-09-24 01:58:05.224967,7C7B56,DA40,DIAMOND AIRCRAFT INDUSTRIES INC.,DA 40,583959d99e00b7aa9b64222dcdf05c6c3928787068a05a007cf90073e6971962,True,2
47559,2005,240926_ML.npy,2026-09-24,2026-09-24 01:58:19.945941,7C1687,DA40,DIAMOND AIRCRAFT INDUSTRIES INC.,DA 40,55a62db56949e9d3cf5b3fecf54f86ba4115af790cdff23c2de0f982a6c60026,True,3
47569,2015,240926_ML.npy,2026-09-24,2026-09-24 01:58:47.071443,7C7BD9,DA42,DIAMOND AIRCRAFT INDUSTRIES INC.,DA 42,2439415ddf24a1352f416c3fc5a0bb20e2796cb6454614217df94da9dd214062,True,5
47572,2018,240926_ML.npy,2026-09-24,2026-09-24 01:58:56.363026,7C7C31,DA40,DIAMOND AIRCRAFT INDUSTRIES INC.,DA 40,ce3c48fbc9262672f625bb63128f9bd45d058693cdb61eb4d08f183255d01671,True,1
47579,2025,240926_ML.npy,2026-09-24,2026-09-24 01:59:13.201121,7C7BD9,DA42,DIAMOND AIRCRAFT INDUSTRIES INC.,DA 42,eff257b9cc62a52756801e8e9f091c38661ffa1a204191ec518f9519d6e5113a,True,1
47609,2055,240926_ML.npy,2026-09-24,2026-09-24 01:59:58.302318,7C168A,DA40,DIAMOND AIRCRAFT INDUSTRIES INC.,DA 40,912f6acbdb91cbc9cd207c54689894137247617f1ecfcfd49eeea2214c537ec8,True,1
47616,2062,240926_ML.npy,2026-09-24,2026-09-24 02:00:01.517071,7C168B,DA40,DIAMOND AIRCRAFT INDUSTRIES INC.,DA 40,c364fac12d436e98ba730ee378b79cad93a86d86aab0db3eb4bad8342c0f977d,True,5
47621,2067,240926_ML.npy,2026-09-24,2026-09-24 02:00:07.530825,7C168B,DA40,DIAMOND AIRCRAFT INDUSTRIES INC.,DA 40,78c25e31307e1482666b578d92db3a4bc8935c4023049fa787eb2f3f21be6da6,True,2
47628,2074,240926_ML.npy,2026-09-24,2026-09-24 02:00:12.896374,7C168B,DA40,DIAMOND AIRCRAFT INDUSTRIES INC.,DA 40,a0e9697c93b1f1cb4ced8cbfd187a56e05ca571a29e2a1a9a3ac11743cede8ef,True,2
47633,2079,240926_ML.npy,2026-09-24,2026-09-24 02:00:42.378767,7C7BD9,DA42,DIAMOND AIRCRAFT INDUSTRIES INC.,DA 42,1470bf6a384f40f0aacb793f3dcaf08a0f53d841cf639d4a2d7da9bacef532d2,True,1
47634,2080,240926_ML.npy,2026-09-24,2026-09-24 02:00:45.393412,7C7BD9,DA42,DIAMOND AIRCRAFT INDUSTRIES INC.,DA 42,0cff41e8843140d34921a84d1c43dd7c0e8208d2fdc4215e8fd1c46b425988d1,True,2
47635,2081,240926_ML.npy,2026-09-24,2026-09-24 02:00:46.176471,7C7BD9,DA42,DIAMOND AIRCRAFT INDUSTRIES INC.,DA 42,ed05c86cf59ba621af4418ee7ca9fe020dd19e7c519e6a0ba23a13031f916d4f,True,2
47637,2083,240926_ML.npy,2026-09-24,2026-09-24 02:00:49.566473,7C7BD9,DA42,DIAMOND AIRCRAFT INDUSTRIES INC.,DA 42,e8e7989a0807c2d22c36c6aee2d64309427ecfa1dc65dde790406e762bd89ab5,True,1
47638,2084,240926_ML.npy,2026-09-24,2026-09-24 02:00:49.571195,7C7BD9,DA42,DIAMOND AIRCRAFT INDUSTRIES INC.,DA 42,a774bab48987f36cd158fc6e9ef4bcaa18a98d5d7efb295f510269347c2af1ad,True,2
47642,2088,240926_ML.npy,2026-09-24,2026-09-24 02:00:52.633301,7C7BD9,DA42,DIAMOND AIRCRAFT INDUSTRIES INC.,DA 42,dc96d97f927e347cec5dd66af091b6fcdb91ec044d111bce6fb27f07d096c688,True,3
47644,2090,240926_ML.npy,2026-09-24,2026-09-24 02:00:59.484991,7C7BD9,DA42,DIAMOND AIRCRAFT INDUSTRIES INC.,DA 42,b406ce177069cd7f5383c53563f969ab6d3a1de4f75934da94a2cac08104c48a,True,4
47648,2094,240926_ML.npy,2026-09-24,2026-09-24 02:01:02.958269,7C7BD9,DA42,DIAMOND AIRCRAFT INDUSTRIES INC.,DA 42,71c393ecff232c5b3f8a3dad01d58225fe94323b996bab1ac5c8f15a6bf1df24,True,5
47649,2095,240926_ML.npy,2026-09-24,2026-09-24 02:01:04.564982,7C7BD9,DA42,DIAMOND AIRCRAFT INDUSTRIES INC.,DA 42,6890edc61057ac85400079b1fb47b88269561fcc5fb02701ba532cdb37d3de20,True,3
47650,2096,240926_ML.npy,2026-09-24,2026-09-24 02:01:04.569546,7C7BD9,DA42,DIAMOND AIRCRAFT INDUSTRIES INC.,DA 42,8bb547dfa82523e74b680aa702b16194fc7ecf2c7b5e35739d78b46209f25f0a,True,1
47654,2100,240926_ML.npy,2026-09-24,2026-09-24 02:01:08.615368,7C7BD9,DA42,DIAMOND AIRCRAFT INDUSTRIES INC.,DA 42,ed05c86cf59ba621af4418ee7ca9fe020dd19e7c519e6a0ba23a13031f916d4f,True,1
47655,2101,240926_ML.npy,2026-09-24,2026-09-24 02:01:10.183060,7C7BD9,DA42,DIAMOND AIRCRAFT INDUSTRIES INC.,DA 42,b497798643e3d58a2095295b0c4a597f994d511195a0c8804df997c548d89198,True,5
47656,2102,240926_ML.npy,2026-09-24,2026-09-24 02:01:10.186461,7C7BD9,DA42,DIAMOND AIRCRAFT INDUSTRIES INC.,DA 42,a825b145d50f589b8587ce53870b90fe3ee80cbde543f0da9d92a84c4985b47a,True,3
47662,2108,240926_ML.npy,2026-09-24,2026-09-24 02:01:13.547686,7C7BD9,DA42,DIAMOND AIRCRAFT INDUSTRIES INC.,DA 42,ed05c86cf59ba621af4418ee7ca9fe020dd19e7c519e6a0ba23a13031f916d4f,True,1
47671,2117,240926_ML.npy,2026-09-24,2026-09-24 02:01:26.185939,7C7C31,DA40,DIAMOND AIRCRAFT INDUSTRIES INC.,DA 40,6b39926653b80769417ab22132d147684c05eb2d8212df4d9477523789fba265,True,2
47678,2124,240926_ML.npy,2026-09-24,2026-09-24 02:01:34.158591,7C7C31,DA40,DIAMOND AIRCRAFT INDUSTRIES INC.,DA 40,db15224dec29ea1d695a89ffdf84136bf554b7c31834f68c35da19bad5741a0c,True,1
47680,2126,240926_ML.npy,2026-09-24,2026-09-24 02:01:36.920927,7C7C31,DA40,DIAMOND AIRCRAFT INDUSTRIES INC.,DA 40,2ed7b2a708e37774ba6245a4bed537c00fb75be96bdc8aaaed2663247e3429d3,True,4
47692,2138,240926_ML.npy,2026-09-24,2026-09-24 02:03:26.095892,7C168B,DA40,DIAMOND AIRCRAFT INDUSTRIES INC.,DA 40,f3b250d00ca114b5a7dcf1c78c029445fedb89e1d775b7ef86fc6016394ea7c8,True,1
47697,2143,240926_ML.npy,2026-09-24,2026-09-24 02:03:40.834555,7C7BD9,DA42,DIAMOND AIRCRAFT INDUSTRIES INC.,DA 42,ed05c86cf59ba621af4418ee7ca9fe020dd19e7c519e6a0ba23a13031f916d4f,True,5
47706,2152,240926_ML.npy,2026-09-24,2026-09-24 02:03:54.192000,7C168B,DA40,DIAMOND AIRCRAFT INDUSTRIES INC.,DA 40,95e1b93bcec32f66ecad271ed3a927746cb4b4d0e2cd0deeeb42336e4d731bc5,True,2
47711,2157,240926_ML.npy,2026-09-24,2026-09-24 02:04:04.001220,7C168A,DA40,DIAMOND AIRCRAFT INDUSTRIES INC.,DA 40,e7e131f2fd1e068cc66e8846b5e56bd4b2d005792f81eadfec3a38dfa6ba0af2,True,4
47712,2158,240926_ML.npy,2026-09-24,2026-09-24 02:04:05.953230,7C168A,DA40,DIAMOND AIRCRAFT INDUSTRIES INC.,DA 40,a86f95969e70e07730072e7c1983a48ed7613c75a267ae72aa6d326a53904d5a,True,1
47725,2171,240926_ML.npy,2026-09-24,2026-09-24 02:04:28.268284,7C7BD9,DA42,DIAMOND AIRCRAFT INDUSTRIES INC.,DA 42,0f5eebfa5612ef62560665a6d21ffa38ec14d6b0e717bc52cbc5014b8c060f3d,True,5
47727,2173,240926_ML.npy,2026-09-24,2026-09-24 02:04:36.220059,7C444D,P28A,PIPER AIRCRAFT CORP,PA-28-181,ae447012c9aa9d9515bb3fe7cb4d19dfce417fc64519cf0ed8961ca457a488e3,True,5
47729,2175,240926_ML.npy,2026-09-24,2026-09-24 02:04:37.337829,7C444D,P28A,PIPER AIRCRAFT CORP,PA-28-181,03a67a3ca726ef675427173c1f23140c13ba258224bed4d9e6f9cf8d53b1837d,True,5
47731,2177,240926_ML.npy,2026-09-24,2026-09-24 02:04:43.748307,7C444D,P28A,PIPER AIRCRAFT CORP,PA-28-181,d99b312a2dc6f8d4ec95fa592e8e408e38acffca023ee29e5f4999433df5d97d,True,3
47732,2178,240926_ML.npy,2026-09-24,2026-09-24 02:04:43.942744,7C444D,P28A,PIPER AIRCRAFT CORP,PA-28-181,b06e9ed5a0b4009b4bfb71f7d98793db2d9b01f80eb4f4e6a5599d7d199009f2,True,2
47733,2179,240926_ML.npy,2026-09-24,2026-09-24 02:04:44.530163,7C444D,P28A,PIPER AIRCRAFT CORP,PA-28-181,bdbea92283397c39fbb177d0e95a1912f7416a11383c2ccf93c282201996d94c,True,3
47734,2180,240926_ML.npy,2026-09-24,2026-09-24 02:04:46.786033,7C444D,P28A,PIPER AIRCRAFT CORP,PA-28-181,6c8584e086377f801698a4dcd37586e11938a191831cce1fa8a02e9cb4f881a4,True,2
47735,2181,240926_ML.npy,2026-09-24,2026-09-24 02:04:47.132004,7C444D,P28A,PIPER AIRCRAFT CORP,PA-28-181,aa454a2e5c73aa9a1f9b21f54d7734e320f91aaa8223105d07e9011accbd7aca,True,5
47739,2185,240926_ML.npy,2026-09-24,2026-09-24 02:05:08.319700,7C444D,P28A,PIPER AIRCRAFT CORP,PA-28-181,32688021fcb37f16d3ab256b0d3e54aef544629b340c20d1779ca14617a004ce,True,5
47740,2186,240926_ML.npy,2026-09-24,2026-09-24 02:05:15.612784,7C168B,DA40,DIAMOND AIRCRAFT INDUSTRIES INC.,DA 40,491181b264e8e96b55beb13f3d428d65b687266539e622549853b109fee5a76d,True,4
47741,2187,240926_ML.npy,2026-09-24,2026-09-24 02:05:15.944161,7C444D,P28A,PIPER AIRCRAFT CORP,PA-28-181,674b725641f5e7fc6db44acd06201913503fdf5ca05fbaef80ffc6dd78b6a03a,True,2
47742,2188,240926_ML.npy,2026-09-24,2026-09-24 02:05:17.998156,7C444D,P28A,PIPER AIRCRAFT CORP,PA-28-181,b230beae70b2bdb61d0e5a5921b7c92e3e7556102e2b27ddd2aef2019af00ead,True,1
47743,2189,240926_ML.npy,2026-09-24,2026-09-24 02:05:19.693398,7C444D,P28A,PIPER AIRCRAFT CORP,PA-28-181,bdbea92283397c39fbb177d0e95a1912f7416a11383c2ccf93c282201996d94c,True,4
47746,2192,240926_ML.npy,2026-09-24,2026-09-24 02:05:19.922699,7C444D,P28A,PIPER AIRCRAFT CORP,PA-28-181,45fdaf7f19c3c6750f55694d993a06b3a16cf2d314c01fd400d6219c179f9697,True,3
47770,2216,240926_ML.npy,2026-09-24,2026-09-24 02:06:25.562901,7C7BD9,DA42,DIAMOND AIRCRAFT INDUSTRIES INC.,DA 42,af210c2b4c45490faeeefcf97823dcbf6d5a6b8ffeabd1a051feb9f6edf529ca,True,5
47773,2219,240926_ML.npy,2026-09-24,2026-09-24 02:06:27.922024,7C7BD9,DA42,DIAMOND AIRCRAFT INDUSTRIES INC.,DA 42,a2c05c090d1c9454c263272d2beb500da0f24a8f4736be819096eab4832b71a6,True,1
47777,2223,240926_ML.npy,2026-09-24,2026-09-24 02:06:34.840280,7C7BD9,DA42,DIAMOND AIRCRAFT INDUSTRIES INC.,DA 42,8c810d22887fc376dcf205ca2afe68268e3acb36fbca3fd035e386ec7e52fb25,True,2
47778,2224,240926_ML.npy,2026-09-24,2026-09-24 02:06:39.339010,7C7BD9,DA42,DIAMOND AIRCRAFT INDUSTRIES INC.,DA 42,b406ce177069cd7f5383c53563f969ab6d3a1de4f75934da94a2cac08104c48a,True,4
47779,2225,240926_ML.npy,2026-09-24,2026-09-24 02:06:40.001221,7C7BD9,DA42,DIAMOND AIRCRAFT INDUSTRIES INC.,DA 42,00d83407f0ea08e4e14b56106c38d977982c08bb02b5332134ffbe5ce0b21958,True,1
47780,2226,240926_ML.npy,2026-09-24,2026-09-24 02:06:40.429398,7C7BD9,DA42,DIAMOND AIRCRAFT INDUSTRIES INC.,DA 42,f3072eee01554e2ecf1c5850355203579e1d9ce5d58e05c04a40ec380c8e19ae,True,3
47781,2227,240926_ML.npy,2026-09-24,2026-09-24 02:06:40.436520,7C7BD9,DA42,DIAMOND AIRCRAFT INDUSTRIES INC.,DA 42,36b57ee164d3b3c99d2572b0124f62defefd38548d868c22f8c67e59bd25d812,True,1
47782,2228,240926_ML.npy,2026-09-24,2026-09-24 02:06:40.610376,7C7BD9,DA42,DIAMOND AIRCRAFT INDUSTRIES INC.,DA 42,b406ce177069cd7f5383c53563f969ab6d3a1de4f75934da94a2cac08104c48a,True,3
47784,2230,240926_ML.npy,2026-09-24,2026-09-24 02:06:42.692380,7C7BD9,DA42,DIAMOND AIRCRAFT INDUSTRIES INC.,DA 42,eff257b9cc62a52756801e8e9f091c38661ffa1a204191ec518f9519d6e5113a,True,1
47785,2231,240926_ML.npy,2026-09-24,2026-09-24 02:06:43.112434,7C7BD9,DA42,DIAMOND AIRCRAFT INDUSTRIES INC.,DA 42,b406ce177069cd7f5383c53563f969ab6d3a1de4f75934da94a2cac08104c48a,True,1
47787,2233,240926_ML.npy,2026-09-24,2026-09-24 02:06:44.510465,7C7BD9,DA42,DIAMOND AIRCRAFT INDUSTRIES INC.,DA 42,b6c19559537d63d0a33aad318f5cbfd5bb3b10f69a33ec6f7775b9346cd058d3,True,4
47788,2234,240926_ML.npy,2026-09-24,2026-09-24 02:06:45.560232,7C7BD9,DA42,DIAMOND AIRCRAFT INDUSTRIES INC.,DA 42,eb7f42e6748849ada549796743e5d080dccc5a63384577492875c49bfe3d364c,True,3
47789,2235,240926_ML.npy,2026-09-24,2026-09-24 02:06:45.563568,7C7BD9,DA42,DIAMOND AIRCRAFT INDUSTRIES INC.,DA 42,1eb9f25252d567ce7393a4c5aa6b5867224b0e526349759fdb778ec2ed922d4b,True,1
47790,2236,240926_ML.npy,2026-09-24,2026-09-24 02:06:47.562358,7C7BD9,DA42,DIAMOND AIRCRAFT INDUSTRIES INC.,DA 42,fb60ea9848f766d8c5d8132d9288fe1db25624af6507e956b2edb667ef564856,True,3
47791,2237,240926_ML.npy,2026-09-24,2026-09-24 02:06:47.809025,7C7BD9,DA42,DIAMOND AIRCRAFT INDUSTRIES INC.,DA 42,ed05c86cf59ba621af4418ee7ca9fe020dd19e7c519e6a0ba23a13031f916d4f,True,4
47800,2246,240926_ML.npy,2026-09-24,2026-09-24 02:07:26.544081,7C7B61,DA40,DIAMOND AIRCRAFT INDUSTRIES INC.,DA 40,65c3f154ebce67337f4ac4565be2b0c56d743072e890482b5ffe9c7987d96988,True,4
47826,2272,240926_ML.npy,2026-09-24,2026-09-24 02:08:59.032513,7C7B65,DA40,DIAMOND AIRCRAFT INDUSTRIES INC.,DA 40,7aab340f0153e4637e8896d11cdb8aa7f9fd07beabde8f1fa432963cf0849097,True,2
47828,2274,240926_ML.npy,2026-09-24,2026-09-24 02:09:02.106743,7C168B,DA40,DIAMOND AIRCRAFT INDUSTRIES INC.,DA 40,df611bfa42385a05a250745a5e473e7d71a0e400f20c2d225227e196b05450bc,True,4
47831,2277,240926_ML.npy,2026-09-24,2026-09-24 02:09:04.246008,7C41FD,DA40,DIAMOND AIRCRAFT INDUSTRIES INC.,DA 40,e8b5416a37ff7ee9e8065be02ec55d8e6ee64d353134cdf2f94f638cfefdec0a,True,2
47847,2293,240926_ML.npy,2026-09-24,2026-09-24 02:09:15.212000,7C168B,DA40,DIAMOND AIRCRAFT INDUSTRIES INC.,DA 40,5a73c2b09484a962e186887aada31eaa22f6c0e528e9b060db49853c8ce7ccbd,True,1
47856,2302,240926_ML.npy,2026-09-24,2026-09-24 02:09:21.481632,7C7B65,DA40,DIAMOND AIRCRAFT INDUSTRIES INC.,DA 40,10069cc123798c4da0b8616ddcc7102a2225a07ce5a138af63bed1aa6e63bd89,True,2
47857,2303,240926_ML.npy,2026-09-24,2026-09-24 02:09:21.567107,7C168B,DA40,DIAMOND AIRCRAFT INDUSTRIES INC.,DA 40,81723ef132f7b6db9240bdb8b95be5307146d80727b8d1ec298c34b719ff143a,True,3
47863,2309,240926_ML.npy,2026-09-24,2026-09-24 02:09:25.126969,7C168B,DA40,DIAMOND AIRCRAFT INDUSTRIES INC.,DA 40,ce98941e30981dbff7d068908adef8bd02fbb36b7eb7921b3f39c7e1384b733b,True,4
47872,2318,240926_ML.npy,2026-09-24,2026-09-24 02:09:32.435277,7C7B65,DA40,DIAMOND AIRCRAFT INDUSTRIES INC.,DA 40,8db0e9b0c717399469ff031e42fd7b97b4a2819b3497e2c15df34e05ec806743,True,2
47874,2320,240926_ML.npy,2026-09-24,2026-09-24 02:09:33.057669,7C7B65,DA40,DIAMOND AIRCRAFT INDUSTRIES INC.,DA 40,c01ad33177af36e7ff5756dfd3aff34b8937b01a2e24d38e91948cce5a6ea2aa,True,2
47886,2332,240926_ML.npy,2026-09-24,2026-09-24 02:09:53.432737,7C168A,DA40,DIAMOND AIRCRAFT INDUSTRIES INC.,DA 40,7443d36fb3de23bb96a342d722d9f0350e4d326d9650146ab44a8934cfeda5da,True,2
47890,2336,240926_ML.npy,2026-09-24,2026-09-24 02:09:56.332889,7C168A,DA40,DIAMOND AIRCRAFT INDUSTRIES INC.,DA 40,83ed5ea4e4bcab2f05411487e33e6de8ac8571cff18ae560d2ed487f9a372dae,True,4
47896,2342,240926_ML.npy,2026-09-24,2026-09-24 02:10:08.264171,7C168B,DA40,DIAMOND AIRCRAFT INDUSTRIES INC.,DA 40,3b4240b566f512370d50eb99cc30a8fc56878f7df936b8dd29ef2853e2a4de08,True,1
47903,2349,240926_ML.npy,2026-09-24,2026-09-24 02:10:13.170067,7C168B,DA40,DIAMOND AIRCRAFT INDUSTRIES INC.,DA 40,3b4240b566f512370d50eb99cc30a8fc56878f7df936b8dd29ef2853e2a4de08,True,1
47904,2350,240926_ML.npy,2026-09-24,2026-09-24 02:10:19.767993,7C168A,DA40,DIAMOND AIRCRAFT INDUSTRIES INC.,DA 40,d4ca04306b0eae64d80a0bb7f4d7e503156cafa02dc442695f2966eb000e9262,True,5
47926,2372,240926_ML.npy,2026-09-24,2026-09-24 02:10:54.374034,7C168B,DA40,DIAMOND AIRCRAFT INDUSTRIES INC.,DA 40,491181b264e8e96b55beb13f3d428d65b687266539e622549853b109fee5a76d,True,1
47947,2393,240926_ML.npy,2026-09-24,2026-09-24 02:12:30.198037,7C7B61,DA40,DIAMOND AIRCRAFT INDUSTRIES INC.,DA 40,901f4bd684ac04c737ba56f8f6ef39d415964a9524fe70a3b95687564e950981,True,2
47954,2400,240926_ML.npy,2026-09-24,2026-09-24 02:12:45.803001,7C7B61,DA40,DIAMOND AIRCRAFT INDUSTRIES INC.,DA 40,b8525fc4883f87561868a8df76883b2bfcca57683b6a115baabe9ff274ec6e6d,True,4
47963,2409,240926_ML.npy,2026-09-24,2026-09-24 02:12:54.943900,7C7B65,DA40,DIAMOND AIRCRAFT INDUSTRIES INC.,DA 40,789a5b65ffbebca3e4e1494a8192b50856169fe690249522ab4b93d905013271,True,5
47977,2423,240926_ML.npy,2026-09-24,2026-09-24 02:13:21.452419,7C7B65,DA40,DIAMOND AIRCRAFT INDUSTRIES INC.,DA 40,bfe60c242f787d8d7b71f2e40bf0202148aa75feaba883ff43ea5b258a5c75f2,True,1
47994,2440,240926_ML.npy,2026-09-24,2026-09-24 02:14:06.567666,7C41FD,DA40,DIAMOND AIRCRAFT INDUSTRIES INC.,DA 40,f227286c1662174c449365c67edce1b9f89668e2fe7b40358ca608a91c884784,True,3
47995,2441,240926_ML.npy,2026-09-24,2026-09-24 02:14:08.658167,7C7B65,DA40,DIAMOND AIRCRAFT INDUSTRIES INC.,DA 40,7d64cd5c1a8a5f39c28509bec333de1b39cd27f1c9029371baa952e95e1dfaa4,True,2
48024,2470,240926_ML.npy,2026-09-24,2026-09-24 02:14:42.755982,7C7B65,DA40,DIAMOND AIRCRAFT INDUSTRIES INC.,DA 40,5f66d5b47f1c9de4a06d6e395f54ea5ad7870e2ec83079df63efd657769e4227,True,5
48033,2479,240926_ML.npy,2026-09-24,2026-09-24 02:14:44.775567,7C41FD,DA40,DIAMOND AIRCRAFT INDUSTRIES INC.,DA 40,46d2ebc9cc73c22ae3155f7a5db859369187a503130c4c53a58d0564f37af3c8,True,1
48044,2490,240926_ML.npy,2026-09-24,2026-09-24 02:15:00.025243,7C7B65,DA40,DIAMOND AIRCRAFT INDUSTRIES INC.,DA 40,5b3f10bef6a5604e11d004548566e4dc6718ae0bf828029e6a01162ffa701f3e,True,5
48046,2492,240926_ML.npy,2026-09-24,2026-09-24 02:15:01.753413,7C7B65,DA40,DIAMOND AIRCRAFT INDUSTRIES INC.,DA 40,30fe497af89415589da5c1caf612bba713d421ae8ee9d6d49c33b789b2362896,True,5
48047,2493,240926_ML.npy,2026-09-24,2026-09-24 02:15:03.237036,7C7B65,DA40,DIAMOND AIRCRAFT INDUSTRIES INC.,DA 40,dfce6854aea1cf03b4d05249c2fde5f75e34e7eaa224b851f5f021c009942858,True,5
48055,2501,240926_ML.npy,2026-09-24,2026-09-24 02:15:14.060971,7C7B65,DA40,DIAMOND AIRCRAFT INDUSTRIES INC.,DA 40,87e7832410060c6b00fc9f1625ee20ce2a55644fb6faa39ef029d60b9a02edda,True,2
48071,2517,240926_ML.npy,2026-09-24,2026-09-24 02:15:25.620371,7C168A,DA40,DIAMOND AIRCRAFT INDUSTRIES INC.,DA 40,9eea1e4b3c479adb76810796d00c6f285ff0ce846750ff28e294bea59f6e88dc,True,1
48082,2528,240926_ML.npy,2026-09-24,2026-09-24 02:15:46.079441,7C168A,DA40,DIAMOND AIRCRAFT INDUSTRIES INC.,DA 40,46bdb9d347a0714a93c73cea61f52dd6b22e63fc419612573c6bf36a6fe53da7,True,1
48111,2557,240926_ML.npy,2026-09-24,2026-09-24 02:17:40.949008,7C7B61,DA40,DIAMOND AIRCRAFT INDUSTRIES INC.,DA 40,ee434b73d6828beeede302c3cbc9266c99cca5fe14f1f9e3522ea98eb149d4e4,True,3
48115,2561,240926_ML.npy,2026-09-24,2026-09-24 02:17:50.140483,7C7B61,DA40,DIAMOND AIRCRAFT INDUSTRIES INC.,DA 40,5168dd22b8c2f2fddb493200dec69b852d83ed9cd41995d45dd4934832e92039,True,4
48130,2576,240926_ML.npy,2026-09-24,2026-09-24 02:19:14.840860,7C41FD,DA40,DIAMOND AIRCRAFT INDUSTRIES INC.,DA 40,46d2ebc9cc73c22ae3155f7a5db859369187a503130c4c53a58d0564f37af3c8,True,1
48151,2597,240926_ML.npy,2026-09-24,2026-09-24 02:19:30.140119,7C41FD,DA40,DIAMOND AIRCRAFT INDUSTRIES INC.,DA 40,23de3bf194e4ccf915ca28d536d6fbbcda707e1893965ee7ef701ca785f69657,True,4
48156,2602,240926_ML.npy,2026-09-24,2026-09-24 02:19:40.534432,7C41FD,DA40,DIAMOND AIRCRAFT INDUSTRIES INC.,DA 40,4cfd7791f6ca0a4189835739bf20f39bfb51e9b04ddfd9782aeb161edb9e7582,True,4
48167,2613,240926_ML.npy,2026-09-24,2026-09-24 02:20:32.474643,7C168B,DA40,DIAMOND AIRCRAFT INDUSTRIES INC.,DA 40,76b3b460eaf8ec4333540c1457914f6d446fbb28d30e74de91b6a00b978579c8,True,1
48180,2626,240926_ML.npy,2026-09-24,2026-09-24 02:20:53.928680,7C168D,DA40,DIAMOND AIRCRAFT INDUSTRIES INC.,DA 40,9c3c7bad27d9e9ac79308e07543cbd9797b417c9a90067db317deb04a94b018e,True,2
48192,2638,240926_ML.npy,2026-09-24,2026-09-24 02:21:37.935320,7C168B,DA40,DIAMOND AIRCRAFT INDUSTRIES INC.,DA 40,ad8910c7ce259f2ee2eea1df578c2de74eab5ae9062779763e3d033003569851,True,4
48223,2669,240926_ML.npy,2026-09-24,2026-09-24 02:22:59.206428,7C41FD,DA40,DIAMOND AIRCRAFT INDUSTRIES INC.,DA 40,d05ff70b63ca460cbbf325e07841c3ddaf549ecf67102126de8287896575e0f9,True,5
48241,2687,240926_ML.npy,2026-09-24,2026-09-24 02:24:47.463926,7C41FD,DA40,DIAMOND AIRCRAFT INDUSTRIES INC.,DA 40,6ab6f52964f55bf76a4ca9a1229ede409af167577eca7d48c30dccf1ae61fac8,True,3
48262,2708,240926_ML.npy,2026-09-24,2026-09-24 02:25:40.842862,7C7B60,DA40,DIAMOND AIRCRAFT INDUSTRIES INC.,DA 40,84ab976a91c5240b438f15e2eeec5d96eeaaa50ed8eec1b176649905d63e20ca,True,2
48265,2711,240926_ML.npy,2026-09-24,2026-09-24 02:25:43.282529,7C7B60,DA40,DIAMOND AIRCRAFT INDUSTRIES INC.,DA 40,d16e7eb4b420bae566a57bc2934cdba1d7d3f9b724f296375aa1623656982894,True,3
48315,2761,240926_ML.npy,2026-09-24,2026-09-24 02:28:04.185573,7C41FD,DA40,DIAMOND AIRCRAFT INDUSTRIES INC.,DA 40,882afac269b56e6a4cd43dca99baffe21720cfd8684aab31873714dc499d654f,True,3
48353,2799,240926_ML.npy,2026-09-24,2026-09-24 02:28:25.980231,7C7AF8,DA40,DIAMOND AIRCRAFT INDUSTRIES INC.,DA 40,5a4b3e17dec9d50f94d0ec76d94ab5ecb49a3320b162e66b4f91edf4707656a8,True,2
48362,2808,240926_ML.npy,2026-09-24,2026-09-24 02:28:30.886126,7C7AF8,DA40,DIAMOND AIRCRAFT INDUSTRIES INC.,DA 40,5eaeea63ff33251ef0677d9f259e276d8cad375fc210d475e793c32e717a6b0b,True,1
48378,2824,240926_ML.npy,2026-09-24,2026-09-24 02:29:42.280299,7C41FD,DA40,DIAMOND AIRCRAFT INDUSTRIES INC.,DA 40,4cfd7791f6ca0a4189835739bf20f39bfb51e9b04ddfd9782aeb161edb9e7582,True,5
48382,2828,240926_ML.npy,2026-09-24,2026-09-24 02:29:52.848192,7C41FD,DA40,DIAMOND AIRCRAFT INDUSTRIES INC.,DA 40,3ea4f55e5ae1700e57eda6da1aa6a38ee07a2fd5c452144c1cce2a2b460aeb6b,True,1
48387,2833,240926_ML.npy,2026-09-24,2026-09-24 02:30:03.481431,7C41FD,DA40,DIAMOND AIRCRAFT INDUSTRIES INC.,DA 40,f1cddd6f8e623d24974114460529bc369507523c0c0874c5efc3a862bf821067,True,1
48389,2835,240926_ML.npy,2026-09-24,2026-09-24 02:30:05.323608,7C7B5F,DA40,DIAMOND AIRCRAFT INDUSTRIES INC.,DA 40,03e75172af6bbe48cf05732a43b224587fa98b121008c85bc184eb26766e14b5,True,4
48405,2851,240926_ML.npy,2026-09-24,2026-09-24 02:30:21.200855,7C7B5F,DA40,DIAMOND AIRCRAFT INDUSTRIES INC.,DA 40,d4c43412d919d249824ccde3d32158322280ef44eb3e30e028fe09180c4a6ff1,True,3
48406,2852,240926_ML.npy,2026-09-24,2026-09-24 02:30:21.280692,7C7B5F,DA40,DIAMOND AIRCRAFT INDUSTRIES INC.,DA 40,100849199937faad06f87385454a75da52c7d8acae37eaab2935378fdad7b784,True,5
48410,2856,240926_ML.npy,2026-09-24,2026-09-24 02:30:23.500628,7C7B5F,DA40,DIAMOND AIRCRAFT INDUSTRIES INC.,DA 40,8b3a8ce4c9a662ed227ffbf52fe3e27faafc7cadb2f0aa5b69249db408cd61af,True,1
48411,2857,240926_ML.npy,2026-09-24,2026-09-24 02:30:25.140877,7C7B5F,DA40,DIAMOND AIRCRAFT INDUSTRIES INC.,DA 40,e48f96ee499708709bd417b9ebf3c357c80c9344f15d380a7f88cf32a7c4ab4f,True,3
48476,2922,240926_ML.npy,2026-09-24,2026-09-24 02:33:04.516968,7C41FD,DA40,DIAMOND AIRCRAFT INDUSTRIES INC.,DA 40,e36b882483b489d0761e868f59c0b691773732b147684284ba50eb8b418c9edf,True,4
48480,2926,240926_ML.npy,2026-09-24,2026-09-24 02:33:21.452285,7C7B5F,DA40,DIAMOND AIRCRAFT INDUSTRIES INC.,DA 40,372fe8d828dc42cf13063ae82da5501fd1d5b8bda2a7c145e409907359ee6b50,True,3
48494,2940,240926_ML.npy,2026-09-24,2026-09-24 02:34:04.221577,7C7B61,DA40,DIAMOND AIRCRAFT INDUSTRIES INC.,DA 40,592db736357c5791ef43fc78cdbccce6f640b424d28bce903a1165f84fcbbb9e,True,4
48512,2958,240926_ML.npy,2026-09-24,2026-09-24 02:34:55.072078,7C41FD,DA40,DIAMOND AIRCRAFT INDUSTRIES INC.,DA 40,4cfd7791f6ca0a4189835739bf20f39bfb51e9b04ddfd9782aeb161edb9e7582,True,5
48518,2964,240926_ML.npy,2026-09-24,2026-09-24 02:35:09.832658,7C41FD,DA40,DIAMOND AIRCRAFT INDUSTRIES INC.,DA 40,7c796b4de2eaf0e6f1632395cd22fb1095b3977bbfee9a75fb827fcf00287eb2,True,3
48520,2966,240926_ML.npy,2026-09-24,2026-09-24 02:35:10.374396,7C41FD,DA40,DIAMOND AIRCRAFT INDUSTRIES INC.,DA 40,3e423f9f596a95290d2f8cc6f64b3377e72498a37035a5528fa00b26cc7534a3,True,5
48528,2974,240926_ML.npy,2026-09-24,2026-09-24 02:35:20.041894,7C41FD,DA40,DIAMOND AIRCRAFT INDUSTRIES INC.,DA 40,46d2ebc9cc73c22ae3155f7a5db859369187a503130c4c53a58d0564f37af3c8,True,3
48532,2978,240926_ML.npy,2026-09-24,2026-09-24 02:35:43.956735,7C7B5F,DA40,DIAMOND AIRCRAFT INDUSTRIES INC.,DA 40,8b3a8ce4c9a662ed227ffbf52fe3e27faafc7cadb2f0aa5b69249db408cd61af,True,1
48535,2981,240926_ML.npy,2026-09-24,2026-09-24 02:35:50.851418,7C7B5F,DA40,DIAMOND AIRCRAFT INDUSTRIES INC.,DA 40,3c594f3f2b76d73ebbbfad29318883c17fc920644dd4a53bb25abebac60f1eac,True,1
48549,2995,240926_ML.npy,2026-09-24,2026-09-24 02:36:16.184240,7C7B5F,DA40,DIAMOND AIRCRAFT INDUSTRIES INC.,DA 40,8b3a8ce4c9a662ed227ffbf52fe3e27faafc7cadb2f0aa5b69249db408cd61af,True,2
48554,3000,240926_ML.npy,2026-09-24,2026-09-24 02:36:22.433048,7C168B,DA40,DIAMOND AIRCRAFT INDUSTRIES INC.,DA 40,491181b264e8e96b55beb13f3d428d65b687266539e622549853b109fee5a76d,True,1
48583,3029,240926_ML.npy,2026-09-24,2026-09-24 02:38:20.888909,7C41FD,DA40,DIAMOND AIRCRAFT INDUSTRIES INC.,DA 40,d60e8592fb02e8100dbb182ece304f31b83075503b76f7f07af77f27fcecab3b,True,3
48586,3032,240926_ML.npy,2026-09-24,2026-09-24 02:38:24.048646,7C7B61,DA40,DIAMOND AIRCRAFT INDUSTRIES INC.,DA 40,d150bc6d5253dfb66732b8fbc3bc3285465b10dbce3780abe2f5a84cbe795fbd,True,5
48599,3045,240926_ML.npy,2026-09-24,2026-09-24 02:38:44.978294,7C7B61,DA40,DIAMOND AIRCRAFT INDUSTRIES INC.,DA 40,16a16bd45ae981069a2ca24ea5aaabf3a6169a2dc0e98d12e5bde8a999547438,True,2
48601,3047,240926_ML.npy,2026-09-24,2026-09-24 02:38:48.807605,7C7B61,DA40,DIAMOND AIRCRAFT INDUSTRIES INC.,DA 40,efeb1b340dfac894a9e90ec4ef746737054b5459b3c088c36b33e36f773f4a20,True,4
48603,3049,240926_ML.npy,2026-09-24,2026-09-24 02:38:54.677539,7C7B61,DA40,DIAMOND AIRCRAFT INDUSTRIES INC.,DA 40,30f609faceac01000e819728da4493a698e9aeddbdd3f38559fb9bbf560f5ad2,True,4
48613,3059,240926_ML.npy,2026-09-24,2026-09-24 02:39:09.736049,7C7B5F,DA40,DIAMOND AIRCRAFT INDUSTRIES INC.,DA 40,9e1cae0b6798fdf921c091709012a3def7eca81088dae6ebcb2419602c10da7a,True,2
48615,3061,240926_ML.npy,2026-09-24,2026-09-24 02:39:11.469161,7C7B61,DA40,DIAMOND AIRCRAFT INDUSTRIES INC.,DA 40,5e389c63281ffb820095b6a1604b8a383d31bf8331ff76633e4977e0b557069f,True,3
48621,3067,240926_ML.npy,2026-09-24,2026-09-24 02:39:24.130729,7C7B64,DA40,DIAMOND AIRCRAFT INDUSTRIES INC.,DA 40,63565e4a5f447c9f49f35fcea8c0cf8a20522c06e887a0cd61bd244e4035ea0b,True,5
48642,3088,240926_ML.npy,2026-09-24,2026-09-24 02:40:00.992513,7C41FD,DA40,DIAMOND AIRCRAFT INDUSTRIES INC.,DA 40,0eeb1791ef9f5a3f2131366137284660a5e33b54d82950ca87adc3cfbc6ed856,True,3
48652,3098,240926_ML.npy,2026-09-24,2026-09-24 02:40:09.664159,7C41FD,DA40,DIAMOND AIRCRAFT INDUSTRIES INC.,DA 40,1b14e8fd82c78da313cc5fe7fc635168e6c4bd2442432cb304a3487b361c9dc7,True,5
48681,3127,240926_ML.npy,2026-09-24,2026-09-24 02:40:31.201327,7C7B5F,DA40,DIAMOND AIRCRAFT INDUSTRIES INC.,DA 40,e034c4779856930c2058817e65391dace5653e97eb78fe7be7f50f8cc570aca3,True,4
48689,3135,240926_ML.npy,2026-09-24,2026-09-24 02:40:38.789337,7C7B5F,DA40,DIAMOND AIRCRAFT INDUSTRIES INC.,DA 40,01b0894827ed5e923b7c9e8f17fa02e822a04a1922e3d67cfea9ac49ee4578db,True,5
48726,3172,240926_ML.npy,2026-09-24,2026-09-24 02:41:48.493107,7C7B64,DA40,DIAMOND AIRCRAFT INDUSTRIES INC.,DA 40,805b32d22e4dfaca2156bbf638f8a493a990b70c6f12dfa05a207361711aabe3,True,2
48733,3179,240926_ML.npy,2026-09-24,2026-09-24 02:44:20.967731,7C41FD,DA40,DIAMOND AIRCRAFT INDUSTRIES INC.,DA 40,46d2ebc9cc73c22ae3155f7a5db859369187a503130c4c53a58d0564f37af3c8,True,5
48784,3230,240926_ML.npy,2026-09-24,2026-09-24 02:48:16.570079,7C7AF7,DA40,DIAMOND AIRCRAFT INDUSTRIES INC.,DA 40,060a249bdfbc60681763e798d412178ce81842a42a2d6c4f3187a70312236742,True,3
48788,3234,240926_ML.npy,2026-09-24,2026-09-24 02:48:35.158786,7C7AF7,DA40,DIAMOND AIRCRAFT INDUSTRIES INC.,DA 40,dc6f7095613cf28d469f5443ecf30490e1ce239f906e32433c8b55c2830b7fae,True,2
48807,3253,240926_ML.npy,2026-09-24,2026-09-24 02:49:20.565754,7C7C39,DA40,DIAMOND AIRCRAFT INDUSTRIES INC.,DA 40,17b009c6c52727d6d2e74b68549dd7655974f314cc9ed99466f373103de6c00d,True,3
48821,3267,240926_ML.npy,2026-09-24,2026-09-24 02:49:39.756646,7C7C39,DA40,DIAMOND AIRCRAFT INDUSTRIES INC.,DA 40,11c381d1c8a4a10e8c6f71f7298a9e79e77009d2a643bf82e7334609195f958f,True,3
48864,3310,240926_ML.npy,2026-09-24,2026-09-24 02:50:47.385678,7C41FD,DA40,DIAMOND AIRCRAFT INDUSTRIES INC.,DA 40,b8f98f2c1caaf3c72258c7d250db0880a990014058d377a13331157e3b78b5b9,True,5
48881,3327,240926_ML.npy,2026-09-24,2026-09-24 02:51:26.628270,7C41FD,DA40,DIAMOND AIRCRAFT INDUSTRIES INC.,DA 40,4f85da9b0f3bcd0b984c60917165ef55dd62eb612b50959ab335e3803f386179,True,2
48882,3328,240926_ML.npy,2026-09-24,2026-09-24 02:51:26.697087,7C7AF7,DA40,DIAMOND AIRCRAFT INDUSTRIES INC.,DA 40,1a56c34718ee0cac85cf6074a4d335b9c2bbf13f25c9ea412eeb9a9031ad7057,True,1
48887,3333,240926_ML.npy,2026-09-24,2026-09-24 02:52:05.654576,7C7B64,DA40,DIAMOND AIRCRAFT INDUSTRIES INC.,DA 40,c6b6f439799b771183a5c9cc03ddf7c0c52a7fe019f2fe648f0d5534fcf16b5a,True,4
48889,3335,240926_ML.npy,2026-09-24,2026-09-24 02:52:07.798617,7C7B64,DA40,DIAMOND AIRCRAFT INDUSTRIES INC.,DA 40,4579767391e6863dfb9aee6c02835f06cc1778f94c193e6aa8d83a18a1cc4bed,True,5
48891,3337,240926_ML.npy,2026-09-24,2026-09-24 02:52:14.132925,7C7B64,DA40,DIAMOND AIRCRAFT INDUSTRIES INC.,DA 40,5035696f3f6a5d640bb434c8b00f7560f8e82ed7f150938db96e5f3b3e9f9ebb,True,2
48892,3338,240926_ML.npy,2026-09-24,2026-09-24 02:52:15.537680,7C7B64,DA40,DIAMOND AIRCRAFT INDUSTRIES INC.,DA 40,29ada68361ff079fabad4364b84b0cbce25d6134294222377b2435cff65b95a0,True,3
48898,3344,240926_ML.npy,2026-09-24,2026-09-24 02:52:25.764718,7C7B64,DA40,DIAMOND AIRCRAFT INDUSTRIES INC.,DA 40,2f8988a9e598c998de0034d1b23e4ce95d8fe7a16638f2d5ae7c75b204f4f4ad,True,1
48902,3348,240926_ML.npy,2026-09-24,2026-09-24 02:53:20.210959,7C7AF7,DA40,DIAMOND AIRCRAFT INDUSTRIES INC.,DA 40,e76f20a0e27891c5962499c63dadd9d8e128ff1ad59a33e0a3af05fcc42da5b6,True,5
48915,3361,240926_ML.npy,2026-09-24,2026-09-24 02:53:53.154045,7C41FD,DA40,DIAMOND AIRCRAFT INDUSTRIES INC.,DA 40,4a4061a9c0d62813fbc463e8aca83d83076e1b7ba935c98cce6fa3d73387b412,True,1
48931,3377,240926_ML.npy,2026-09-24,2026-09-24 02:55:44.295255,7C41FD,DA40,DIAMOND AIRCRAFT INDUSTRIES INC.,DA 40,b6c2b63d8ce97adf0c54e4ef8c24acbf44a36b367459588081fb44e04be86750,True,1
48934,3380,240926_ML.npy,2026-09-24,2026-09-24 02:55:55.015801,7C41FD,DA40,DIAMOND AIRCRAFT INDUSTRIES INC.,DA 40,19be814987fc52e52a3b73db8f5a44166d9d84b6edf9ad797620d205ea5d630c,True,2
48954,3400,240926_ML.npy,2026-09-24,2026-09-24 02:57:08.024699,7C0077,DA40,DIAMOND AIRCRAFT INDUSTRIES INC.,DA 40,d97140d028ab37a26ecde97d26011eb7d00a9d1610e3196353fc56bdb73d5e6d,True,3
48955,3401,240926_ML.npy,2026-09-24,2026-09-24 02:57:17.966418,7C0077,DA40,DIAMOND AIRCRAFT INDUSTRIES INC.,DA 40,b4dd90fade77b89de4127372c7748753c6889f0da7fd997c2ef0e4fe136483e1,True,1
48959,3405,240926_ML.npy,2026-09-24,2026-09-24 02:57:19.344613,7C0077,DA40,DIAMOND AIRCRAFT INDUSTRIES INC.,DA 40,85d5209ffdcc0b61a425575fd14e1311e7c00dd32e67097a3af6ec0229f5a4c6,True,1
48963,3409,240926_ML.npy,2026-09-24,2026-09-24 02:57:36.499821,7C7B64,DA40,DIAMOND AIRCRAFT INDUSTRIES INC.,DA 40,b6ca648634a80729d476e6c5f35ff73ed3ac06fa540edc01816cc00fd7dbde1e,True,4
48971,3417,240926_ML.npy,2026-09-24,2026-09-24 02:58:01.182036,7C7B64,DA40,DIAMOND AIRCRAFT INDUSTRIES INC.,DA 40,8e553e7a2a36d0f26af81bc951def756cba2f2ad99d4e59b1c193eb3a21e3e2a,True,2
48972,3418,240926_ML.npy,2026-09-24,2026-09-24 02:58:03.913357,7C0074,C172,CESSNA AIRCRAFT COMPANY,172S,976503016d5c665f8473bf214ed2d2caffef23bfff0437fc180c3b57dd0def7a,True,4
48985,3431,240926_ML.npy,2026-09-24,2026-09-24 02:59:26.204783,7C7AF7,DA40,DIAMOND AIRCRAFT INDUSTRIES INC.,DA 40,16a58a78baf6abc978e29ffca2da7126c8badb0c12df854f5dbd3b51e8daff08,True,1
49024,3470,240926_ML.npy,2026-09-24,2026-09-24 03:00:43.410312,7C0074,C172,CESSNA AIRCRAFT COMPANY,172S,98db06efaf8e8809a1fe26d68aa0a4ea46e5294702d0669f4079a1e012da1912,True,4
49025,3471,240926_ML.npy,2026-09-24,2026-09-24 03:00:44.481741,7C0074,C172,CESSNA AIRCRAFT COMPANY,172S,2601446a52bccccd6fb9cd8b1b6608da23e1c8c750de5939bf47850e92053e5e,True,5
49027,3473,240926_ML.npy,2026-09-24,2026-09-24 03:00:46.289965,7C0074,C172,CESSNA AIRCRAFT COMPANY,172S,78127476f1991c36add81bbc15572418477b10b30154ebe4ece31cc261505171,True,5
49029,3475,240926_ML.npy,2026-09-24,2026-09-24 03:00:48.966754,7C0074,C172,CESSNA AIRCRAFT COMPANY,172S,3ce829d796f623bc10b62eec37b1757bce3174127e4aaa92e7bccd065065c308,True,3
49037,3483,240926_ML.npy,2026-09-24,2026-09-24 03:00:54.156500,7C0074,C172,CESSNA AIRCRAFT COMPANY,172S,976503016d5c665f8473bf214ed2d2caffef23bfff0437fc180c3b57dd0def7a,True,4
49039,3485,240926_ML.npy,2026-09-24,2026-09-24 03:00:58.103995,7C0074,C172,CESSNA AIRCRAFT COMPANY,172S,9cb85fcea9a72c56f321cd254c079d3858c9d163627ffecd3af8eae4dcacdc3e,True,1
49040,3486,240926_ML.npy,2026-09-24,2026-09-24 03:00:58.107908,7C0074,C172,CESSNA AIRCRAFT COMPANY,172S,06e3fcaeca69aeb6ed8d7d85d8a08d5cab3d5d02b5f1eee553263ec761dab1c8,True,1
49057,3503,240926_ML.npy,2026-09-24,2026-09-24 03:02:35.702314,7C7AF7,DA40,DIAMOND AIRCRAFT INDUSTRIES INC.,DA 40,7aa7e442d74b2f4dd7af838118d24997ff1829c9914822b76afee6a27607e232,True,4
49060,3506,240926_ML.npy,2026-09-24,2026-09-24 03:03:04.038188,7C0074,C172,CESSNA AIRCRAFT COMPANY,172S,750a6151387ab83f3de89295892f553b8f39d7998d0f72eebe3bf4a6262a42cf,True,2
49064,3510,240926_ML.npy,2026-09-24,2026-09-24 03:03:07.963738,7C7B64,DA40,DIAMOND AIRCRAFT INDUSTRIES INC.,DA 40,eaf5d37021fa07c21382dead8a21bfbb6ce3df65fdb4ba1a7ced0a13771b1dfa,True,4
49072,3518,240926_ML.npy,2026-09-24,2026-09-24 03:03:22.702312,7C7B64,DA40,DIAMOND AIRCRAFT INDUSTRIES INC.,DA 40,44b86a5e2a33c345e7a91eb9628d07fc98e8c09b0a98174d0f991737bdec04c7,True,5
49084,3530,240926_ML.npy,2026-09-24,2026-09-24 03:04:28.177835,7C7AF7,DA40,DIAMOND AIRCRAFT INDUSTRIES INC.,DA 40,ade8dbb4dd87f25ac8ece2727be1d8010f7133f11e385e1608afd9810f9e339f,True,1
49099,3545,240926_ML.npy,2026-09-24,2026-09-24 03:04:58.132910,7C0074,C172,CESSNA AIRCRAFT COMPANY,172S,74ddc4de8c0e106d29238de875832bf839a9f7f4723e9b56bc80db6345f46d10,True,4
49102,3548,240926_ML.npy,2026-09-24,2026-09-24 03:05:14.361218,7C0074,C172,CESSNA AIRCRAFT COMPANY,172S,976503016d5c665f8473bf214ed2d2caffef23bfff0437fc180c3b57dd0def7a,True,5
49118,3564,240926_ML.npy,2026-09-24,2026-09-24 03:05:39.847538,7C0074,C172,CESSNA AIRCRAFT COMPANY,172S,2601446a52bccccd6fb9cd8b1b6608da23e1c8c750de5939bf47850e92053e5e,True,4
49124,3570,240926_ML.npy,2026-09-24,2026-09-24 03:05:43.282984,7C0074,C172,CESSNA AIRCRAFT COMPANY,172S,218a4636d111b024ac4cbab8ab7bd4c40c905f025ca6f0622837bf5dc7f4707a,True,4
49131,3577,240926_ML.npy,2026-09-24,2026-09-24 03:05:49.986328,7C0074,C172,CESSNA AIRCRAFT COMPANY,172S,6662359970ad56a3bbcf7621a22d170b347118e6b6caf027261ac5eb6bf78b7a,True,1
49136,3582,240926_ML.npy,2026-09-24,2026-09-24 03:05:51.580799,7C0074,C172,CESSNA AIRCRAFT COMPANY,172S,2875bffdff7d2c56058ae4aba7e9271cdc2cc5cc3ad06193ffc3c1899ab12afd,True,1
49143,3589,240926_ML.npy,2026-09-24,2026-09-24 03:05:55.222501,7C0074,C172,CESSNA AIRCRAFT COMPANY,172S,f8f45cbd30138284918271270cc32861eecd381c22c59529df78847c4c6ac838,True,2
49155,3601,240926_ML.npy,2026-09-24,2026-09-24 03:06:59.966187,7C41FD,DA40,DIAMOND AIRCRAFT INDUSTRIES INC.,DA 40,ac1fbc800ee4acf29ef67aa2727a9c271f536cc2581615607465b6d3339afb11,True,5
49158,3604,240926_ML.npy,2026-09-24,2026-09-24 03:07:03.945925,7C41FD,DA40,DIAMOND AIRCRAFT INDUSTRIES INC.,DA 40,6f5ee31fdd82f45104ceefc172be616f92a9513da43962a1334f675091d25660,True,2
49160,3606,240926_ML.npy,2026-09-24,2026-09-24 03:07:09.921151,7C41FD,DA40,DIAMOND AIRCRAFT INDUSTRIES INC.,DA 40,46d2ebc9cc73c22ae3155f7a5db859369187a503130c4c53a58d0564f37af3c8,True,1
49163,3609,240926_ML.npy,2026-09-24,2026-09-24 03:07:29.945172,7C41FD,DA40,DIAMOND AIRCRAFT INDUSTRIES INC.,DA 40,6ce9e2b256af2b17e1cba8925f7243bcaa7f5ee49c2c24b73df307fc65b51e97,True,4
49169,3615,240926_ML.npy,2026-09-24,2026-09-24 03:08:37.186649,7C0074,C172,CESSNA AIRCRAFT COMPANY,172S,e337e48378a33a8c9410b9f76cfda9dea7012445cef1e8d9fdc5b9245554b771,True,3
49185,3631,240926_ML.npy,2026-09-24,2026-09-24 03:10:00.941218,7C0074,C172,CESSNA AIRCRAFT COMPANY,172S,2182d1704460f727574098fe208e15b9beb27cc3c1498e620ab23efc8a284348,True,4
49186,3632,240926_ML.npy,2026-09-24,2026-09-24 03:10:01.340026,7C0074,C172,CESSNA AIRCRAFT COMPANY,172S,2601446a52bccccd6fb9cd8b1b6608da23e1c8c750de5939bf47850e92053e5e,True,4
49188,3634,240926_ML.npy,2026-09-24,2026-09-24 03:10:13.304461,7C0074,C172,CESSNA AIRCRAFT COMPANY,172S,3ce829d796f623bc10b62eec37b1757bce3174127e4aaa92e7bccd065065c308,True,2
49189,3635,240926_ML.npy,2026-09-24,2026-09-24 03:10:16.296279,7C0074,C172,CESSNA AIRCRAFT COMPANY,172S,2601446a52bccccd6fb9cd8b1b6608da23e1c8c750de5939bf47850e92053e5e,True,2
49193,3639,240926_ML.npy,2026-09-24,2026-09-24 03:10:24.889124,7C0074,C172,CESSNA AIRCRAFT COMPANY,172S,bc4ac643bbbfc571b26ccc068ca0cc8b970e4b7d7c3713701ed21e9146767214,True,3
49199,3645,240926_ML.npy,2026-09-24,2026-09-24 03:10:35.042702,7C0074,C172,CESSNA AIRCRAFT COMPANY,172S,2601446a52bccccd6fb9cd8b1b6608da23e1c8c750de5939bf47850e92053e5e,True,1
49201,3647,240926_ML.npy,2026-09-24,2026-09-24 03:10:38.158707,7C0074,C172,CESSNA AIRCRAFT COMPANY,172S,5a9ae3fafbcb31c7eddfbec7b0f0e04155346786292adf8a49bb92c1b47edd42,True,3
49254,3700,240926_ML.npy,2026-09-24,2026-09-24 03:13:12.675833,7C41FD,DA40,DIAMOND AIRCRAFT INDUSTRIES INC.,DA 40,4cfd7791f6ca0a4189835739bf20f39bfb51e9b04ddfd9782aeb161edb9e7582,True,5
49277,3723,240926_ML.npy,2026-09-24,2026-09-24 03:15:11.794977,7C7B64,DA40,DIAMOND AIRCRAFT INDUSTRIES INC.,DA 40,01bec1bab086610de1c9be6b32916e51b0b1fe52fcbd986b580a35096ae53c35,True,5
49282,3728,240926_ML.npy,2026-09-24,2026-09-24 03:15:18.746660,7C7B64,DA40,DIAMOND AIRCRAFT INDUSTRIES INC.,DA 40,15abb88ab492b0363dfc75609041ced7ae6ce04f63d2d4da6b504a2448a3ecef,True,3
49284,3730,240926_ML.npy,2026-09-24,2026-09-24 03:15:25.859709,7C7B64,DA40,DIAMOND AIRCRAFT INDUSTRIES INC.,DA 40,a01be342a55dc33778085efa3cb690381b52ecda861377d1394a0565998911ba,True,5
49290,3736,240926_ML.npy,2026-09-24,2026-09-24 03:16:10.781631,7C0074,C172,CESSNA AIRCRAFT COMPANY,172S,2601446a52bccccd6fb9cd8b1b6608da23e1c8c750de5939bf47850e92053e5e,True,5
49292,3738,240926_ML.npy,2026-09-24,2026-09-24 03:16:16.870407,7C0074,C172,CESSNA AIRCRAFT COMPANY,172S,e215392295ae8ab9c94c35ee3b12b01b60348127f131b18a7e94adffeba9ada6,True,3
49298,3744,240926_ML.npy,2026-09-24,2026-09-24 03:16:26.312054,7C0074,C172,CESSNA AIRCRAFT COMPANY,172S,4443f0562d7f4c32e3612062803a47269f33198e6312fd0379136fe9ff3bf006,True,4
49312,3758,240926_ML.npy,2026-09-24,2026-09-24 03:16:43.580846,7C0074,C172,CESSNA AIRCRAFT COMPANY,172S,a7ca21d1b9c419f5fdeb4f80253d0c05917f9cd832cd760693724b02a2375c4e,True,4
49322,3768,240926_ML.npy,2026-09-24,2026-09-24 03:16:49.080030,7C0074,C172,CESSNA AIRCRAFT COMPANY,172S,1f77d28110c1971df513c21d665f68de344fc40eb8e9e4088cbe03687f2ad8e5,True,5
49330,3776,240926_ML.npy,2026-09-24,2026-09-24 03:16:57.222292,7C0074,C172,CESSNA AIRCRAFT COMPANY,172S,2601446a52bccccd6fb9cd8b1b6608da23e1c8c750de5939bf47850e92053e5e,True,5
49352,3798,240926_ML.npy,2026-09-24,2026-09-24 03:17:08.157158,7C0074,C172,CESSNA AIRCRAFT COMPANY,172S,6c955d5ede1984373f968407291b8070456f55caaa73d15b674bf1bb2bed4272,True,3
49356,3802,240926_ML.npy,2026-09-24,2026-09-24 03:17:10.139883,7C7C3E,DA40,DIAMOND AIRCRAFT INDUSTRIES INC.,DA 40,620755d975d4005e4f9d5740d3de073f0186a4e111c2222891f5f015d780e973,True,4
49367,3813,240926_ML.npy,2026-09-24,2026-09-24 03:17:33.021140,7C1687,DA40,DIAMOND AIRCRAFT INDUSTRIES INC.,DA 40,15a386d73236fc43f18b3757bad03f81c9a86fe30f5b9b94687b1d88bad7141a,True,5
49374,3820,240926_ML.npy,2026-09-24,2026-09-24 03:18:00.146086,7C1687,DA40,DIAMOND AIRCRAFT INDUSTRIES INC.,DA 40,7b7cbd688c522fae004fef6045b081f0944c2d7e25648909b396e643f341a42c,True,2
49392,3838,240926_ML.npy,2026-09-24,2026-09-24 03:21:25.119682,7C7B64,DA40,DIAMOND AIRCRAFT INDUSTRIES INC.,DA 40,882323db2e758563aeb100a630b454578a5d3a1638fb34ae3d55ad114036a1af,True,1
49393,3839,240926_ML.npy,2026-09-24,2026-09-24 03:21:38.977861,7C1687,DA40,DIAMOND AIRCRAFT INDUSTRIES INC.,DA 40,e8da8f63f8b4757ecdc59e1314a788e3d8976e95e24db35e84ae36676f6a0a0d,True,4
49397,3843,240926_ML.npy,2026-09-24,2026-09-24 03:21:52.227260,7C7144,C172,CESSNA AIRCRAFT COMPANY,172N,a0cdbf6e8a271e15882ab8bacf846a32fc12e589f1bdb4a471d861fac27f9d73,True,4
49398,3844,240926_ML.npy,2026-09-24,2026-09-24 03:22:09.311181,7C7144,C172,CESSNA AIRCRAFT COMPANY,172N,b267d7766190703d7e08e8f1f9efbbe8104bff7d8d1faea5460fcbdeaa80ea48,True,2
49404,3850,240926_ML.npy,2026-09-24,2026-09-24 03:22:46.444917,7C7144,C172,CESSNA AIRCRAFT COMPANY,172N,85b4baf5fb08216c0a65bd29f367dcfabaafcef25c1b848ac419e69d71a15558,True,4
49406,3852,240926_ML.npy,2026-09-24,2026-09-24 03:22:52.206319,7C1687,DA40,DIAMOND AIRCRAFT INDUSTRIES INC.,DA 40,2761a44b5bdca3b94fed3ad2bb79ee0797b0407cb04a8a32a410224e97232f66,True,1
49417,3863,240926_ML.npy,2026-09-24,2026-09-24 03:23:16.367339,7C1687,DA40,DIAMOND AIRCRAFT INDUSTRIES INC.,DA 40,f8836cf91d0879f349743ef6bb333c7825a23fe573e165c7c29c7ba4b1d2ac3c,True,5
49429,3875,240926_ML.npy,2026-09-24,2026-09-24 03:24:17.477861,7C7144,C172,CESSNA AIRCRAFT COMPANY,172N,21a1bbc52f898ed6c7551d5fec9bbe6ee7fb0a26d73eda7810423b78509a9c6d,True,1
49436,3882,240926_ML.npy,2026-09-24,2026-09-24 03:24:32.588552,7C7144,C172,CESSNA AIRCRAFT COMPANY,172N,6598b0d75e85322ac098bb5f5ef8364fe007ab2369daf4f329e9806c64cf5b5b,True,3
49439,3885,240926_ML.npy,2026-09-24,2026-09-24 03:25:23.992961,7C1B2A,DA40,DIAMOND AIRCRAFT INDUSTRIES INC.,DA 40,4523273f6159e0873139f5a9d27edb7cf6bb1d10067edd7d38db5f8b9bb8b6fb,True,4
49455,3901,240926_ML.npy,2026-09-24,2026-09-24 03:26:39.956794,7C7144,C172,CESSNA AIRCRAFT COMPANY,172N,5f2e9d3820ed178d270b47d3eb234b9d546f671c36036cc9cd9429a8d444ca3d,True,3
49458,3904,240926_ML.npy,2026-09-24,2026-09-24 03:26:41.904266,7C7144,C172,CESSNA AIRCRAFT COMPANY,172N,28b4d3aac8b2ed26fb7db80589b3de10b9a5caa7c6ac5560968cd16805623c27,True,1
49459,3905,240926_ML.npy,2026-09-24,2026-09-24 03:26:56.365745,7C1687,DA40,DIAMOND AIRCRAFT INDUSTRIES INC.,DA 40,fcccab12f619b7c7a17960b2d0318a1efe0ae95046747e0bbd6cb1277f067b72,True,3
49472,3918,240926_ML.npy,2026-09-24,2026-09-24 03:27:37.724209,7C7144,C172,CESSNA AIRCRAFT COMPANY,172N,dcbba15c38358285a643a52b5321194e466236b8353dbf62fdf33410a71c4507,True,4
49500,3946,240926_ML.npy,2026-09-24,2026-09-24 03:28:13.149657,7C1687,DA40,DIAMOND AIRCRAFT INDUSTRIES INC.,DA 40,4747a227f6a1ca1d5fc9ebf1f690f9c22f60fd8b5e7528e2a349af8b146afcee,True,3
49509,3955,240926_ML.npy,2026-09-24,2026-09-24 03:28:25.834539,7C7144,C172,CESSNA AIRCRAFT COMPANY,172N,25ecffd02a618058de3b2945417e026c76c8237f5d9bff411fb8d6879bd15d24,True,2
49510,3956,240926_ML.npy,2026-09-24,2026-09-24 03:28:27.816951,7C7144,C172,CESSNA AIRCRAFT COMPANY,172N,1cebf8e4d0718620e4cb65993ecbd91961209d5c30e72c734945755ed16d8ed7,True,5
49538,3984,240926_ML.npy,2026-09-24,2026-09-24 03:29:28.679653,7C7144,C172,CESSNA AIRCRAFT COMPANY,172N,e89c7e1506571eff8608984e228368587987891fc52ee3e846389113bee77831,True,3
49539,3985,240926_ML.npy,2026-09-24,2026-09-24 03:29:28.685139,7C7144,C172,CESSNA AIRCRAFT COMPANY,172N,db818fabfadb44531db9337b9b4d533b250ec11a83f6fb20930ee6cd464de220,True,2
49564,4010,240926_ML.npy,2026-09-24,2026-09-24 03:31:37.383115,7C7AF0,DA40,DIAMOND AIRCRAFT INDUSTRIES INC.,DA 40,f4306244dbc85bebd7bd70112b436b8acd3ad09f8dfc42da39d59416c119a1c6,True,5
49574,4020,240926_ML.npy,2026-09-24,2026-09-24 03:31:42.899850,7C7144,C172,CESSNA AIRCRAFT COMPANY,172N,08d2e25fcf9be47b4fe3429ca3377cb3d119b6ff9ab9ebfdb61bbe7498363fde,True,1
49586,4032,240926_ML.npy,2026-09-24,2026-09-24 03:31:57.156174,7C7AF0,DA40,DIAMOND AIRCRAFT INDUSTRIES INC.,DA 40,178596926a50dc617e4e79c02de12a4e4c2ab206a004efece6a6a086d6a84888,True,4
49587,4033,240926_ML.npy,2026-09-24,2026-09-24 03:31:58.370187,7C7AF0,DA40,DIAMOND AIRCRAFT INDUSTRIES INC.,DA 40,f4306244dbc85bebd7bd70112b436b8acd3ad09f8dfc42da39d59416c119a1c6,True,4
49591,4037,240926_ML.npy,2026-09-24,2026-09-24 03:32:10.233983,7C7144,C172,CESSNA AIRCRAFT COMPANY,172N,25ecffd02a618058de3b2945417e026c76c8237f5d9bff411fb8d6879bd15d24,True,1
49650,4096,240926_ML.npy,2026-09-24,2026-09-24 03:34:31.341934,7C7144,C172,CESSNA AIRCRAFT COMPANY,172N,d09c6fb918226ea004951548a11b2a78a5cf6a7805d67657e2050cbc002311f1,True,2
49651,4097,240926_ML.npy,2026-09-24,2026-09-24 03:34:33.475476,7C7144,C172,CESSNA AIRCRAFT COMPANY,172N,7d1815e5cb54972e37896df8bee1f87d74367dbacd1933b57d4d4738f19b5a03,True,2
49657,4103,240926_ML.npy,2026-09-24,2026-09-24 03:36:53.543765,7C7144,C172,CESSNA AIRCRAFT COMPANY,172N,5f64c451b1ab886ceb68226768dcf2f811b991ee2620c0657402e2f231d70b5a,True,3
49661,4107,240926_ML.npy,2026-09-24,2026-09-24 03:37:20.502955,7C1687,DA40,DIAMOND AIRCRAFT INDUSTRIES INC.,DA 40,d24f07b4008ba106bd504b69db2269522c074361e10a48f0301a3773178dfe28,True,3
49678,4124,240926_ML.npy,2026-09-24,2026-09-24 03:37:54.646887,7C7CF7,C172,CESSNA AIRCRAFT COMPANY,172M,f302c27bbf706aca8570235b86ae3c14aabcaa85662bfc7b16fb9b35829b459c,True,1
49681,4127,240926_ML.npy,2026-09-24,2026-09-24 03:38:01.766136,7C7144,C172,CESSNA AIRCRAFT COMPANY,172N,1ba5fc781c17a0684e6a160308e797d4a24d106100e34662fd0da62be1eb94b8,True,5
49686,4132,240926_ML.npy,2026-09-24,2026-09-24 03:38:12.037745,7C7CF7,C172,CESSNA AIRCRAFT COMPANY,172M,05117d95e07c8a3c9e22fc83e5eb6798027a0808db0496d5a3545ca90ad72bf2,True,5
49704,4150,240926_ML.npy,2026-09-24,2026-09-24 03:38:36.839632,7C7CF7,C172,CESSNA AIRCRAFT COMPANY,172M,71abb843e9098afcd066c5c99a6c95d2c5252f68bab1c0b26aa93e80cdfeae16,True,3
49707,4153,240926_ML.npy,2026-09-24,2026-09-24 03:38:46.478189,7C7CF7,C172,CESSNA AIRCRAFT COMPANY,172M,f946032273cd7479c728d941b38abbb0911a3f748dfecdd28e805b7280d80312,True,5
49716,4162,240926_ML.npy,2026-09-24,2026-09-24 03:39:40.871993,7C67D0,C172,CESSNA AIRCRAFT COMPANY,172S,c8ba96530f131c42a4906a0bb6b398baa435d98de48e6fae4a98f41d42148892,True,5
49727,4173,240926_ML.npy,2026-09-24,2026-09-24 03:42:20.856148,7C1687,DA40,DIAMOND AIRCRAFT INDUSTRIES INC.,DA 40,bac508430cf01923231bbba21fcc8db4acfa3e9238fd1843ee723717b9e59e59,True,1
49735,4181,240926_ML.npy,2026-09-24,2026-09-24 03:43:35.138264,7C67D3,C172,CESSNA AIRCRAFT COMPANY,172S,afcc3e32c660179facaac9cc85e4ed090cfa2fa35997f8f1ad029e3ff0b19265,True,5
49745,4191,240926_ML.npy,2026-09-24,2026-09-24 03:43:57.316207,7C67D3,C172,CESSNA AIRCRAFT COMPANY,172S,1787c09cc9160fcfe1ffb8eeb7e3be936810cfb7bef2799a5fc389f1f472fe4e,True,3
49747,4193,240926_ML.npy,2026-09-24,2026-09-24 03:44:00.975061,7C7AEF,DA40,DIAMOND AIRCRAFT INDUSTRIES INC.,DA 40,ad522b3cd83602e2b89649adad886baa2905162c573595910f86310bfb88692b,True,1
49749,4195,240926_ML.npy,2026-09-24,2026-09-24 03:44:02.253183,7C7AEF,DA40,DIAMOND AIRCRAFT INDUSTRIES INC.,DA 40,502a484900f47563a88a28fa930535582e210e4a62894f727394bded6c5bee00,True,4
49751,4197,240926_ML.npy,2026-09-24,2026-09-24 03:44:03.025384,7C7AEF,DA40,DIAMOND AIRCRAFT INDUSTRIES INC.,DA 40,1defc5bafb97dd6c047ab9b0208c411beabae272f8886ae2e678f7fa73490ad8,True,2
49759,4205,240926_ML.npy,2026-09-24,2026-09-24 03:44:09.255207,7C67D3,C172,CESSNA AIRCRAFT COMPANY,172S,ea35b3f30f020f0290ab7d1bf9f8b6c994222d4c77564068588960a84648d8a7,True,4
49770,4216,240926_ML.npy,2026-09-24,2026-09-24 03:44:15.841697,7C67D3,C172,CESSNA AIRCRAFT COMPANY,172S,4489d5ee2cab6516693b6f74b98507a94b9f1243046154543a8d475395148fc5,True,1
49779,4225,240926_ML.npy,2026-09-24,2026-09-24 03:44:21.383998,7C7AEF,DA40,DIAMOND AIRCRAFT INDUSTRIES INC.,DA 40,9d2f10f4850950148242fbfbcc3343759c8e517f0464af766d5e1d53b1139a02,True,3
49787,4233,240926_ML.npy,2026-09-24,2026-09-24 03:44:27.344869,7C67D3,C172,CESSNA AIRCRAFT COMPANY,172S,b8272ae036d4ba93e2cbca609f35bde78135e930ae02024cf19967a076541e41,True,1
49788,4234,240926_ML.npy,2026-09-24,2026-09-24 03:44:27.348842,7C67D3,C172,CESSNA AIRCRAFT COMPANY,172S,9167bc13f39f362925f6e2b1ec0a30d0c3bd8cee57538f4ac3a0765ca962e2c4,True,4
49797,4243,240926_ML.npy,2026-09-24,2026-09-24 03:44:43.439226,7C67D3,C172,CESSNA AIRCRAFT COMPANY,172S,f7a9df6c71e7be435f5117bb34416834578ea5faa7fad789272f187f92530ef8,True,5
49803,4249,240926_ML.npy,2026-09-24,2026-09-24 03:45:12.756950,7C67D3,C172,CESSNA AIRCRAFT COMPANY,172S,d5993247ad101084f8c71d580cf60f1a45b94ecc0cd80da2d608912efc1b3206,True,2
49804,4250,240926_ML.npy,2026-09-24,2026-09-24 03:45:14.348839,7C67D3,C172,CESSNA AIRCRAFT COMPANY,172S,da39f7740060a6cbb82225e8ab74c30193de31b13171210c902217d9f7e840a2,True,2
49817,4263,240926_ML.npy,2026-09-24,2026-09-24 03:45:27.696441,7C7B56,DA40,DIAMOND AIRCRAFT INDUSTRIES INC.,DA 40,e16927b8d09db90b7977a31f653730375a6e9ad1c1ef917b1ea3f4fdcf102f58,True,3
49818,4264,240926_ML.npy,2026-09-24,2026-09-24 03:45:32.102006,7C7B56,DA40,DIAMOND AIRCRAFT INDUSTRIES INC.,DA 40,b7befa921c913083daa75439fb8f61362d847f87f3c6a69a62d1257cd3004570,True,2
49825,4271,240926_ML.npy,2026-09-24,2026-09-24 03:45:43.959210,7C7B56,DA40,DIAMOND AIRCRAFT INDUSTRIES INC.,DA 40,a3f960a0863ad78424dc477b614063e3efd68976583f739357bf63bb61f2ffb0,True,2
49827,4273,240926_ML.npy,2026-09-24,2026-09-24 03:45:47.414151,7C7B56,DA40,DIAMOND AIRCRAFT INDUSTRIES INC.,DA 40,1ebc6bba4af861fa2ab10e78a2db3ee10158db3f4829880ca5d5274d8ab22eaf,True,4
49835,4281,240926_ML.npy,2026-09-24,2026-09-24 03:46:06.555727,7C7B56,DA40,DIAMOND AIRCRAFT INDUSTRIES INC.,DA 40,d9259f6958ff1dc6f0e8047607c43d1bf47b00447a0359dec26551e25d6169e4,True,5
49851,4297,240926_ML.npy,2026-09-24,2026-09-24 03:47:00.818945,7C1687,DA40,DIAMOND AIRCRAFT INDUSTRIES INC.,DA 40,0cf572e4fa54025351cfe501efb7299b16c503448022786fce7735b5e7bfc265,True,3
49853,4299,240926_ML.npy,2026-09-24,2026-09-24 03:47:01.020239,7C1687,DA40,DIAMOND AIRCRAFT INDUSTRIES INC.,DA 40,1e71e92605305a9a9523e225a6c99e9c2ae16f0d6cda9e40acdb2a4420e80674,True,5
49868,4314,240926_ML.npy,2026-09-24,2026-09-24 03:47:24.748870,7C1687,DA40,DIAMOND AIRCRAFT INDUSTRIES INC.,DA 40,c73a3f6fa29dabec7e2187d9e73282abd037a19dcf6cc2b9807ac16835b9a5b0,True,4
49880,4326,240926_ML.npy,2026-09-24,2026-09-24 03:47:33.410412,7C1687,DA40,DIAMOND AIRCRAFT INDUSTRIES INC.,DA 40,ee223ddaecb9b74248e68d75450c3b069b237b613beaf66c8e13b2927d827d49,True,5
49884,4330,240926_ML.npy,2026-09-24,2026-09-24 03:47:36.579930,7C1687,DA40,DIAMOND AIRCRAFT INDUSTRIES INC.,DA 40,fb121a191dd72d436c966f06be9354a0fd25d8dc2004f1dd6b710df070253e8b,True,5
49894,4340,240926_ML.npy,2026-09-24,2026-09-24 03:48:59.217512,7C67D3,C172,CESSNA AIRCRAFT COMPANY,172S,8eaeb14ff2b59f77de43f7f39339ef4882a790d313709c20f95e5f75978f5970,True,2
49899,4345,240926_ML.npy,2026-09-24,2026-09-24 03:49:11.095965,7C67D3,C172,CESSNA AIRCRAFT COMPANY,172S,c0b892088d3e2c123ed93145d83afbf9ad7993fd54e383437a91a1e28e33ffcb,True,3
49902,4348,240926_ML.npy,2026-09-24,2026-09-24 03:49:14.621185,7C67D3,C172,CESSNA AIRCRAFT COMPANY,172S,da39f7740060a6cbb82225e8ab74c30193de31b13171210c902217d9f7e840a2,True,3
49908,4354,240926_ML.npy,2026-09-24,2026-09-24 03:49:29.677172,7C67D3,C172,CESSNA AIRCRAFT COMPANY,172S,7e1b706b6c8a29b7c4a82c81a0d20d0d185e4abf929cf20d436e96fef534d91f,True,5
49909,4355,240926_ML.npy,2026-09-24,2026-09-24 03:49:29.683360,7C67D3,C172,CESSNA AIRCRAFT COMPANY,172S,7da95360c5d593cf89301487cbc4c7f2fa81d72fae91d289cb4cb9cf497f46bd,True,5
49913,4359,240926_ML.npy,2026-09-24,2026-09-24 03:49:33.616205,7C67D3,C172,CESSNA AIRCRAFT COMPANY,172S,e96cd9318d79bf94f8f420716c7d08432a3c143aae651a77cf471300f2de2b57,True,3
49915,4361,240926_ML.npy,2026-09-24,2026-09-24 03:49:34.482175,7C67D3,C172,CESSNA AIRCRAFT COMPANY,172S,b231bc188f42b7fbcf385605645c510d11b5a1507abd7c1db1ae6f8e41804f2e,True,1
49923,4369,240926_ML.npy,2026-09-24,2026-09-24 03:49:42.257159,7C67D3,C172,CESSNA AIRCRAFT COMPANY,172S,98859d8ea52d3abc13b89f0cfa5ce70c558330590022b9c06eec1825df9c2c73,True,1
49926,4372,240926_ML.npy,2026-09-24,2026-09-24 03:49:48.429057,7C67D3,C172,CESSNA AIRCRAFT COMPANY,172S,a7aceea50dd5f6a48e9f2e0d75a2076fca3052f418a5a8bf8c6710a7d415fde3,True,3
49960,4406,240926_ML.npy,2026-09-24,2026-09-24 03:54:05.685466,7C168B,DA40,DIAMOND AIRCRAFT INDUSTRIES INC.,DA 40,491181b264e8e96b55beb13f3d428d65b687266539e622549853b109fee5a76d,True,1
49965,4411,240926_ML.npy,2026-09-24,2026-09-24 03:54:28.169166,7C67D3,C172,CESSNA AIRCRAFT COMPANY,172S,bc1c867fbb826b61e49a165ad550bdb444b7ea601aef5b1fd38f2ebae71adf1e,True,1
49970,4416,240926_ML.npy,2026-09-24,2026-09-24 03:54:33.552667,7C67D3,C172,CESSNA AIRCRAFT COMPANY,172S,57573e17274eea3c515b2cb79b645e261e4d74471d7168d586f27be1e69271d0,True,2
49973,4419,240926_ML.npy,2026-09-24,2026-09-24 03:54:35.164004,7C67D3,C172,CESSNA AIRCRAFT COMPANY,172S,ab1466f06277240cfc02e5ce7fc69e660d897070db264a63a791012837b3a6a7,True,5
49976,4422,240926_ML.npy,2026-09-24,2026-09-24 03:54:36.154489,7C67D3,C172,CESSNA AIRCRAFT COMPANY,172S,17ea72ceffed73ad9cd54501fda96564203304c6af473eb61b68065dc47f3c7e,True,1
49981,4427,240926_ML.npy,2026-09-24,2026-09-24 03:54:45.835834,7C67D3,C172,CESSNA AIRCRAFT COMPANY,172S,f3e07f63128e19364bb72110f9b07e210263b5fc934470fe0717768c4677bc9d,True,5
49993,4439,240926_ML.npy,2026-09-24,2026-09-24 03:55:12.204075,7C67D3,C172,CESSNA AIRCRAFT COMPANY,172S,da39f7740060a6cbb82225e8ab74c30193de31b13171210c902217d9f7e840a2,True,1
49996,4442,240926_ML.npy,2026-09-24,2026-09-24 03:55:15.445843,7C67D3,C172,CESSNA AIRCRAFT COMPANY,172S,7d5e22f4a33d685d453d6335a5a1801a0e6adb23cab25df425bb743dddaf0b2d,True,1
50017,4463,240926_ML.npy,2026-09-24,2026-09-24 03:57:54.691447,7C67D3,C172,CESSNA AIRCRAFT COMPANY,172S,98859d8ea52d3abc13b89f0cfa5ce70c558330590022b9c06eec1825df9c2c73,True,2
50021,4467,240926_ML.npy,2026-09-24,2026-09-24 03:58:01.487282,7C7B60,DA40,DIAMOND AIRCRAFT INDUSTRIES INC.,DA 40,1e3be7ef9caa90a39447df91353f2dc108823e030d321caf732b42eecd12b578,True,1
50036,4482,240926_ML.npy,2026-09-24,2026-09-24 03:59:17.411307,7C67D3,C172,CESSNA AIRCRAFT COMPANY,172S,ef7ab330c8a6693222e60e552fbff98edd4db9e5fd117d51186c51b86bbe3c99,True,4
50038,4484,240926_ML.npy,2026-09-24,2026-09-24 03:59:32.673919,7C67D3,C172,CESSNA AIRCRAFT COMPANY,172S,98859d8ea52d3abc13b89f0cfa5ce70c558330590022b9c06eec1825df9c2c73,True,4
50050,4496,240926_ML.npy,2026-09-24,2026-09-24 04:00:11.713431,7C67D3,C172,CESSNA AIRCRAFT COMPANY,172S,4f9d9e06f29ff26617f7efc8b050c5cc2205e926ad5f8055fbbd159c18763e2b,True,3
50055,4501,240926_ML.npy,2026-09-24,2026-09-24 04:00:16.128004,7C67D3,C172,CESSNA AIRCRAFT COMPANY,172S,fb47edba1f4175429a1becbcf2e65ecd220dde301455de01999f8d01c3f820b6,True,2
50059,4505,240926_ML.npy,2026-09-24,2026-09-24 04:00:18.860948,7C1687,DA40,DIAMOND AIRCRAFT INDUSTRIES INC.,DA 40,e8d263aad2744e604d2e2e41365e669eaba3f9dd127b456668109df87bed81cc,True,3
50060,4506,240926_ML.npy,2026-09-24,2026-09-24 04:00:19.162737,7C67D3,C172,CESSNA AIRCRAFT COMPANY,172S,5d3ab045fc6a7c5587fd261e5f4bb0709cae8a9ec7792f99dc1a8d5d50268df6,True,1
50063,4509,240926_ML.npy,2026-09-24,2026-09-24 04:00:21.777777,7C67D3,C172,CESSNA AIRCRAFT COMPANY,172S,41fd627287a408c9fb342fc194dd7b00e634c5d02449de974b0dc0e4a733b3a6,True,5
50068,4514,240926_ML.npy,2026-09-24,2026-09-24 04:00:25.958817,7C67D3,C172,CESSNA AIRCRAFT COMPANY,172S,3ae3e611d777f8e4f6bc5d60c109157e55f71c75b262035809bbdc99a4583c55,True,3
50080,4526,240926_ML.npy,2026-09-24,2026-09-24 04:01:55.212706,7C1687,DA40,DIAMOND AIRCRAFT INDUSTRIES INC.,DA 40,cca8324caf703f4a4cad5ccb742c54f08d267a7caffe1efe4c3005d9c4f42f92,True,4
50085,4531,240926_ML.npy,2026-09-24,2026-09-24 04:02:03.227541,7C1687,DA40,DIAMOND AIRCRAFT INDUSTRIES INC.,DA 40,a760ee23ae792ebbaf48cb68b7e41a2d230f633d9b760740cfecf17ea7458199,True,3
50088,4534,240926_ML.npy,2026-09-24,2026-09-24 04:02:09.374501,7C1687,DA40,DIAMOND AIRCRAFT INDUSTRIES INC.,DA 40,3216b3835e795345ae1ae03f02e9698e5c29c6117860dc09ca228b4c33e3efb7,True,5
50138,4584,240926_ML.npy,2026-09-24,2026-09-24 04:05:28.237589,7C67D3,C172,CESSNA AIRCRAFT COMPANY,172S,a36ae8f192650f1ae3e5a8e9e5fcbd0f0f8c5eb56b2541e04d63de778d19ffc5,True,3
50141,4587,240926_ML.npy,2026-09-24,2026-09-24 04:05:29.144670,7C67D3,C172,CESSNA AIRCRAFT COMPANY,172S,a9ed322bfed7a21527eb802a9cae3294e26b5b28749ba9d1a7db7d042e7c59bc,True,5
50142,4588,240926_ML.npy,2026-09-24,2026-09-24 04:05:29.150143,7C67D3,C172,CESSNA AIRCRAFT COMPANY,172S,7fa4a403d49c8da2ebaa44e08997d4089663fee8d21fc5cc5423055fe857b4b5,True,1
50148,4594,240926_ML.npy,2026-09-24,2026-09-24 04:05:32.379377,7C67D3,C172,CESSNA AIRCRAFT COMPANY,172S,da39f7740060a6cbb82225e8ab74c30193de31b13171210c902217d9f7e840a2,True,1
50155,4601,240926_ML.npy,2026-09-24,2026-09-24 04:05:38.823494,7C67D3,C172,CESSNA AIRCRAFT COMPANY,172S,845164df16d1cfe0fdc6b941691b428df6ac4f4f30d50762e326aac50636ad1c,True,2
50170,4616,240926_ML.npy,2026-09-24,2026-09-24 04:05:49.816163,7C67D3,C172,CESSNA AIRCRAFT COMPANY,172S,c0b892088d3e2c123ed93145d83afbf9ad7993fd54e383437a91a1e28e33ffcb,True,2
50194,4640,240926_ML.npy,2026-09-24,2026-09-24 04:06:05.334122,7C67D3,C172,CESSNA AIRCRAFT COMPANY,172S,35fab12588a27cc5709f16e350a9ea51d26817e522672a7642ab07405c06518a,True,4
50201,4647,240926_ML.npy,2026-09-24,2026-09-24 04:06:11.581336,7C67D3,C172,CESSNA AIRCRAFT COMPANY,172S,5f3d9512014939a3af0a056e0ca9473b69e1ffb137779f2938b109d929ebed60,True,2
50212,4658,240926_ML.npy,2026-09-24,2026-09-24 04:06:14.449104,7C67D3,C172,CESSNA AIRCRAFT COMPANY,172S,14d1b8b060542631eb3bfcd36e44ef2c360070eeec00ed7555c1db2d3d5c335d,True,3
50216,4662,240926_ML.npy,2026-09-24,2026-09-24 04:06:16.632364,7C67D3,C172,CESSNA AIRCRAFT COMPANY,172S,41ac420a551596f45f41e4fa2d033adb5f1dbaacc5fdbb469fbb6ab966b54c6c,True,1
50225,4671,240926_ML.npy,2026-09-24,2026-09-24 04:07:04.037039,7C7B61,DA40,DIAMOND AIRCRAFT INDUSTRIES INC.,DA 40,e04bb1922d1c18122495db16742cd4c73d038c56c2266372d0828863af096375,True,2
50230,4676,240926_ML.npy,2026-09-24,2026-09-24 04:07:37.144302,7C7B61,DA40,DIAMOND AIRCRAFT INDUSTRIES INC.,DA 40,f76bfd38038ba4ac35957c76a5916cda1ac880ad67d2208c639532a83ed4f76d,True,5
50231,4677,240926_ML.npy,2026-09-24,2026-09-24 04:07:37.598389,7C7B61,DA40,DIAMOND AIRCRAFT INDUSTRIES INC.,DA 40,b4051a9177501eda6dcf3428aa1b3c7f2abf327aecde5adf178ec0c74335d85f,True,3
50244,4690,240926_ML.npy,2026-09-24,2026-09-24 04:08:05.761520,7C7B64,DA40,DIAMOND AIRCRAFT INDUSTRIES INC.,DA 40,add6f92842090fedc24955abf0fd0e0140160da0bd3b466a8cf925538762ff74,True,3
50250,4696,240926_ML.npy,2026-09-24,2026-09-24 04:08:18.969038,7C7B61,DA40,DIAMOND AIRCRAFT INDUSTRIES INC.,DA 40,5bf8cd6740b1910685ebc1645c08aa6ebfe453087922b01d39bed7a7a87792fe,True,2
50260,4706,240926_ML.npy,2026-09-24,2026-09-24 04:08:41.108505,7C7C39,DA40,DIAMOND AIRCRAFT INDUSTRIES INC.,DA 40,bcc4192133c2887880cdeb62157dc2a9b3cebe48b1deb20b37979994a75bed04,True,2
50277,4723,240926_ML.npy,2026-09-24,2026-09-24 04:09:08.193885,7C7C39,DA40,DIAMOND AIRCRAFT INDUSTRIES INC.,DA 40,d80de034fad5415a4e0008f673c7971f4beb5e7084e775f0a3837c62f488103f,True,5
50289,4735,240926_ML.npy,2026-09-24,2026-09-24 04:09:16.166987,7C7C39,DA40,DIAMOND AIRCRAFT INDUSTRIES INC.,DA 40,460dadf7386aa76baa83db14b41cc4abaf69d83d28534b256e875d915812c55e,True,2
50290,4736,240926_ML.npy,2026-09-24,2026-09-24 04:09:16.170637,7C7C39,DA40,DIAMOND AIRCRAFT INDUSTRIES INC.,DA 40,172dcc844c450c11c849adc9feb903364910fa848f8e8683ee42c3cdbe5d6e49,True,4
50298,4744,240926_ML.npy,2026-09-24,2026-09-24 04:09:21.860620,7C7B64,DA40,DIAMOND AIRCRAFT INDUSTRIES INC.,DA 40,36469ca6751e37f33f202bf4b5e3d451f4e318f39695512050eb10370be674ee,True,5
50308,4754,240926_ML.npy,2026-09-24,2026-09-24 04:09:30.806486,7C7C39,DA40,DIAMOND AIRCRAFT INDUSTRIES INC.,DA 40,538fbe16b14083f20f1fe2f4401dfeb8de4e1bcd8b384ec8f6c61e1b7d353b21,True,2
50313,4759,240926_ML.npy,2026-09-24,2026-09-24 04:09:38.513960,7C7C39,DA40,DIAMOND AIRCRAFT INDUSTRIES INC.,DA 40,37eb3553a2706acc08a52dbd0efe631aa0b9df26c10054f9e11d80e07f1a33cb,True,5
50330,4776,240926_ML.npy,2026-09-24,2026-09-24 04:10:05.436053,7C7C2E,DA40,DIAMOND AIRCRAFT INDUSTRIES INC.,DA 40,0b6a0a861c5f9cae1dbc913d365a0a80350fd94d8d9c67489425ff9d4b80bf3b,True,2
50352,4798,240926_ML.npy,2026-09-24,2026-09-24 04:11:25.805445,7C7AF7,DA40,DIAMOND AIRCRAFT INDUSTRIES INC.,DA 40,0a80c1eec7435a1a827f253021c2effc32659db15fd47b76ff25ab9e1c0c8a1d,True,5
50353,4799,240926_ML.npy,2026-09-24,2026-09-24 04:11:29.477335,7C7AF7,DA40,DIAMOND AIRCRAFT INDUSTRIES INC.,DA 40,5b6d43ec31ca2232f458b4297fe9e1c81070d4697e2910143d5084113b1ddb00,True,2
50355,4801,240926_ML.npy,2026-09-24,2026-09-24 04:11:36.085033,7C7AF7,DA40,DIAMOND AIRCRAFT INDUSTRIES INC.,DA 40,5649367b36762403a4cba09fa8085792179dfaf77cdd07eceb9163fbb4a93395,True,1
50365,4811,240926_ML.npy,2026-09-24,2026-09-24 04:11:57.541054,7C67D3,C172,CESSNA AIRCRAFT COMPANY,172S,2562a5735e7e64bd6a1b15a7a07d20562ca7558e7b1a4b1e21891c7ce4eca11f,True,3
50370,4816,240926_ML.npy,2026-09-24,2026-09-24 04:12:07.510415,7C67D3,C172,CESSNA AIRCRAFT COMPANY,172S,da39f7740060a6cbb82225e8ab74c30193de31b13171210c902217d9f7e840a2,True,3
50373,4819,240926_ML.npy,2026-09-24,2026-09-24 04:12:11.295346,7C67D3,C172,CESSNA AIRCRAFT COMPANY,172S,8ec2db6f65ce6785f1d18f5d5ddc63b1bb62c12939b1c8ad08194cba561c8717,True,2
50374,4820,240926_ML.npy,2026-09-24,2026-09-24 04:12:11.321256,7C67D3,C172,CESSNA AIRCRAFT COMPANY,172S,da39f7740060a6cbb82225e8ab74c30193de31b13171210c902217d9f7e840a2,True,2
50376,4822,240926_ML.npy,2026-09-24,2026-09-24 04:12:13.356259,7C67D3,C172,CESSNA AIRCRAFT COMPANY,172S,3302a92f89a185903f570b0cc4a0d136140b1609af7b50fa512cf9158fc76882,True,1
50378,4824,240926_ML.npy,2026-09-24,2026-09-24 04:12:14.303907,7C67D3,C172,CESSNA AIRCRAFT COMPANY,172S,98859d8ea52d3abc13b89f0cfa5ce70c558330590022b9c06eec1825df9c2c73,True,4
50383,4829,240926_ML.npy,2026-09-24,2026-09-24 04:12:20.860009,7C7C39,DA40,DIAMOND AIRCRAFT INDUSTRIES INC.,DA 40,909a507774ed42ad1c05aed87b2327a81a432fdf062ba60ed423785d785d028a,True,5
50402,4848,240926_ML.npy,2026-09-24,2026-09-24 04:12:39.744159,7C67D3,C172,CESSNA AIRCRAFT COMPANY,172S,073bab9aa147cd22bfe8ac0de2013c6385a82288dc5f107114b351743ecd823f,True,5
50403,4849,240926_ML.npy,2026-09-24,2026-09-24 04:12:39.748845,7C67D3,C172,CESSNA AIRCRAFT COMPANY,172S,2e79f89576623f8a29421fcbad4e5af67ab755a57894f3aa4f1f295fda076132,True,3
50404,4850,240926_ML.npy,2026-09-24,2026-09-24 04:12:42.072508,7C67D3,C172,CESSNA AIRCRAFT COMPANY,172S,e498c3aac05b0ea62329b8351b8f4a4d27fc6a280b374f049f901ec4b32baafc,True,3
50418,4864,240926_ML.npy,2026-09-24,2026-09-24 04:12:51.943634,7C67D3,C172,CESSNA AIRCRAFT COMPANY,172S,2bd3e2e9d0af50a869ae072f03bb53cf1ed05ba799b755c28a76625eccf6ab4b,True,3
50433,4879,240926_ML.npy,2026-09-24,2026-09-24 04:13:25.515455,7C7B61,DA40,DIAMOND AIRCRAFT INDUSTRIES INC.,DA 40,cc3166eb4eb1acbbe26e62b16faa608f2f267dc67020aa2bfa0d18de771a661b,True,2
50450,4896,240926_ML.npy,2026-09-24,2026-09-24 04:13:49.548614,7C7B65,DA40,DIAMOND AIRCRAFT INDUSTRIES INC.,DA 40,5ab7e3b1712b3a110768aacde4c8c6db849e47dfb5d2e1277c11804a8e6163ca,True,4
50459,4905,240926_ML.npy,2026-09-24,2026-09-24 04:13:57.200406,7C7B61,DA40,DIAMOND AIRCRAFT INDUSTRIES INC.,DA 40,4d77fa21e54838dd350790b512df6e44d94ca8706e7fa71f4d8e6a76fcf29df2,True,5
50466,4912,240926_ML.npy,2026-09-24,2026-09-24 04:14:02.647687,7C7B61,DA40,DIAMOND AIRCRAFT INDUSTRIES INC.,DA 40,5b508d5ce1112226579a715b2f986b3cfa965fa511b52f3eb2db6ba32787b5cd,True,3
50487,4933,240926_ML.npy,2026-09-24,2026-09-24 04:14:14.063169,7C7B65,DA40,DIAMOND AIRCRAFT INDUSTRIES INC.,DA 40,fde0d36ad3a5ccd45eb20f61b6ec8ff7a56a78072e3cf23cbafa6da86756bb77,True,3
50494,4940,240926_ML.npy,2026-09-24,2026-09-24 04:14:22.552899,7C7B64,DA40,DIAMOND AIRCRAFT INDUSTRIES INC.,DA 40,e8b35d80d65f60fcf2f3cbf94a24e44f73ae4e304f0d5746026fc415227219ec,True,3
50526,4972,240926_ML.npy,2026-09-24,2026-09-24 04:15:26.576180,7C7C39,DA40,DIAMOND AIRCRAFT INDUSTRIES INC.,DA 40,71604c7f49cc0f8de28dcb01e4e3a83183d2f009097da4cedc1cb5132fb6ea51,True,2
50558,5004,240926_ML.npy,2026-09-24,2026-09-24 04:16:22.416087,7C7AF7,DA40,DIAMOND AIRCRAFT INDUSTRIES INC.,DA 40,503f7ad50ce971be9716e89791abeec596dbbedfd2275ffd3ed39491320fd29b,True,1
50581,5027,240926_ML.npy,2026-09-24,2026-09-24 04:16:45.127200,7C7AF7,DA40,DIAMOND AIRCRAFT INDUSTRIES INC.,DA 40,c49e6d0784d110085971b9ffec878424ce24eb749ed6068dc672f480207fdc91,True,4
50598,5044,240926_ML.npy,2026-09-24,2026-09-24 04:17:03.236696,7C7AF7,DA40,DIAMOND AIRCRAFT INDUSTRIES INC.,DA 40,a2332e76ebf04a7a87af4bcb862c79c2a7ae94f00cac80020c8125f56d90881c,True,3
50624,5070,240926_ML.npy,2026-09-24,2026-09-24 04:18:43.908437,7C79B4,DA42,DIAMOND AIRCRAFT INDUSTRIES,DA 42,76316d9ce0c021b10e5954246027599631c4df22a0a0bc0004dacdcf4ec7b1ba,True,4
50625,5071,240926_ML.npy,2026-09-24,2026-09-24 04:18:44.268195,7C79B4,DA42,DIAMOND AIRCRAFT INDUSTRIES,DA 42,26ecee8cdd8b80bd653a23800b08244c47c76985d85a3113075e885ce4be5a64,True,1
50627,5073,240926_ML.npy,2026-09-24,2026-09-24 04:18:45.027998,7C79B4,DA42,DIAMOND AIRCRAFT INDUSTRIES,DA 42,38cf5238dcbe717eb7a23c61f08b9a9aeda4a2ba130d667704d607e1e025aac6,True,2
50629,5075,240926_ML.npy,2026-09-24,2026-09-24 04:18:49.349895,7C79B4,DA42,DIAMOND AIRCRAFT INDUSTRIES,DA 42,6ebfc0c5eb77bacf6801e419549d81da307b4c6f0d5d056ad40bd75ee38690d3,True,2
50630,5076,240926_ML.npy,2026-09-24,2026-09-24 04:18:49.792296,7C79B4,DA42,DIAMOND AIRCRAFT INDUSTRIES,DA 42,e527b343faac83e79c34c0d328633be409c2ef4c459bdda137d2b1fb0420218e,True,2
50631,5077,240926_ML.npy,2026-09-24,2026-09-24 04:18:49.795930,7C79B4,DA42,DIAMOND AIRCRAFT INDUSTRIES,DA 42,68e9fcca5e3afa65d93ae60f145c7303b60540e420655fc070510069e2f14efb,True,2
50635,5081,240926_ML.npy,2026-09-24,2026-09-24 04:18:52.898017,7C79B4,DA42,DIAMOND AIRCRAFT INDUSTRIES,DA 42,475c37628ea9c77f089857c340956c56bea4b40ae377e1718083b21182c85d5c,True,5
50641,5087,240926_ML.npy,2026-09-24,2026-09-24 04:18:56.699290,7C79B4,DA42,DIAMOND AIRCRAFT INDUSTRIES,DA 42,76316d9ce0c021b10e5954246027599631c4df22a0a0bc0004dacdcf4ec7b1ba,True,3
50644,5090,240926_ML.npy,2026-09-24,2026-09-24 04:19:00.355560,7C79B4,DA42,DIAMOND AIRCRAFT INDUSTRIES,DA 42,26ecee8cdd8b80bd653a23800b08244c47c76985d85a3113075e885ce4be5a64,True,1
50653,5099,240926_ML.npy,2026-09-24,2026-09-24 04:19:05.151008,7C79B4,DA42,DIAMOND AIRCRAFT INDUSTRIES,DA 42,8f40b9599b6fcc64104e4ecc30b57904c82d618e7c59621bc737964fb84f564a,True,4
50654,5100,240926_ML.npy,2026-09-24,2026-09-24 04:19:05.375748,7C7C39,DA40,DIAMOND AIRCRAFT INDUSTRIES INC.,DA 40,9047b71028d8c259a87a4ca26899bcf5d7c0aec4280a70bc2e7d0248c1fdf7c4,True,1
50657,5103,240926_ML.npy,2026-09-24,2026-09-24 04:19:06.072676,7C79B4,DA42,DIAMOND AIRCRAFT INDUSTRIES,DA 42,26f420e0015229fe380a39519760e772dddd3555182e1afeed553012322140e6,True,2
50661,5107,240926_ML.npy,2026-09-24,2026-09-24 04:19:07.728511,7C79B4,DA42,DIAMOND AIRCRAFT INDUSTRIES,DA 42,26ecee8cdd8b80bd653a23800b08244c47c76985d85a3113075e885ce4be5a64,True,3
50665,5111,240926_ML.npy,2026-09-24,2026-09-24 04:19:09.326146,7C79B4,DA42,DIAMOND AIRCRAFT INDUSTRIES,DA 42,08037a681aec795fb47188599f4cb9060618d7c4c2c4438ddb923e27154e58ca,True,2
50689,5135,240926_ML.npy,2026-09-24,2026-09-24 04:19:36.313910,7C7B61,DA40,DIAMOND AIRCRAFT INDUSTRIES INC.,DA 40,80557b32f26d568b3413352b99ed2d3141e5f23b78964e7b69eef3fa41882f49,True,2
50715,5161,240926_ML.npy,2026-09-24,2026-09-24 04:20:54.141684,7C7C39,DA40,DIAMOND AIRCRAFT INDUSTRIES INC.,DA 40,c5701522dababfa716deadd509da8859478466d5dc3877dfab3374c84fdcfd43,True,1
50720,5166,240926_ML.npy,2026-09-24,2026-09-24 04:21:06.461252,7C7C39,DA40,DIAMOND AIRCRAFT INDUSTRIES INC.,DA 40,c5701522dababfa716deadd509da8859478466d5dc3877dfab3374c84fdcfd43,True,2
50751,5197,240926_ML.npy,2026-09-24,2026-09-24 04:22:20.889087,7C7144,C172,CESSNA AIRCRAFT COMPANY,172N,26b2f3b84410ca750ccb368e8d8a320bdf031d97e90eca2db3f55a9c8f89b675,True,1
50755,5201,240926_ML.npy,2026-09-24,2026-09-24 04:22:37.094202,7C7144,C172,CESSNA AIRCRAFT COMPANY,172N,7e0f8e958df988e6a2ebdabbabe7b03b0ead44b2bb8fae27ecf114b468e457f3,True,4
50760,5206,240926_ML.npy,2026-09-24,2026-09-24 04:22:43.700312,7C7144,C172,CESSNA AIRCRAFT COMPANY,172N,0eaae3d291c6952cc0b424ad45f4734a8e38fa150bc57494925493f3881c84f1,True,2
50768,5214,240926_ML.npy,2026-09-24,2026-09-24 04:22:55.872697,7C7144,C172,CESSNA AIRCRAFT COMPANY,172N,48a9d0db045482674bb355572810c69abe8628dd9f3449103263c197037daa7a,True,5
50769,5215,240926_ML.npy,2026-09-24,2026-09-24 04:22:55.879823,7C7144,C172,CESSNA AIRCRAFT COMPANY,172N,d3a1b48e657b8c1b03397acbd3abb54f016e05e068bf6d5e41c87b53253af71b,True,5
50778,5224,240926_ML.npy,2026-09-24,2026-09-24 04:23:08.188075,7C7144,C172,CESSNA AIRCRAFT COMPANY,172N,ad9f935cdf92a58178bfecd71b1b0cb881f0411d73a3ec0ce796894de5f25e2b,True,1
50784,5230,240926_ML.npy,2026-09-24,2026-09-24 04:23:14.082156,7C7144,C172,CESSNA AIRCRAFT COMPANY,172N,580ba40720e8fffe9331bb43125bfc7b89a43c1b0213c2a3fd81ca05b0367a81,True,1
50793,5239,240926_ML.npy,2026-09-24,2026-09-24 04:23:18.349265,7C67D0,C172,CESSNA AIRCRAFT COMPANY,172S,20a5be1fcf4eb5a822959b38acf2b9458f7264a728c2186c06f03fe02bbf0ebc,True,2
50797,5243,240926_ML.npy,2026-09-24,2026-09-24 04:23:32.842730,7C67D0,C172,CESSNA AIRCRAFT COMPANY,172S,a7700ebc09cf2f8bd1d5eb4484b98b191fecbc5019799de978664a925340cd00,True,1
50802,5248,240926_ML.npy,2026-09-24,2026-09-24 04:23:39.294735,7C67D0,C172,CESSNA AIRCRAFT COMPANY,172S,3e08497eb5431c574c47943ab1cfc834967e50c092277f89326b4a30d66cf651,True,1
50813,5259,240926_ML.npy,2026-09-24,2026-09-24 04:23:48.157692,7C67D0,C172,CESSNA AIRCRAFT COMPANY,172S,514c29d706311dcbd8d567f29154f1633616688dc84cac9c042712485b47b5ed,True,4
50821,5267,240926_ML.npy,2026-09-24,2026-09-24 04:24:00.521784,7C67D0,C172,CESSNA AIRCRAFT COMPANY,172S,c5f179d5a2994e6d4a8e41b412a424baf25650d1bed7f90a6dfb58a09aecd14a,True,3
50822,5268,240926_ML.npy,2026-09-24,2026-09-24 04:24:00.528033,7C67D0,C172,CESSNA AIRCRAFT COMPANY,172S,b2351fad48d013d8ad15fa8328fbd03e3e1a73c4eea2c679464579f1215a3045,True,4
50826,5272,240926_ML.npy,2026-09-24,2026-09-24 04:24:04.831796,7C67D0,C172,CESSNA AIRCRAFT COMPANY,172S,f0f9ea4b9db1611ff83d6294fe28a93228906c9b628cb50de3efcb2ace63dc07,True,4
50832,5278,240926_ML.npy,2026-09-24,2026-09-24 04:24:09.641412,7C67D0,C172,CESSNA AIRCRAFT COMPANY,172S,946c05741932520c59472c3b271e7348d40f11f59c587cc81c60f5457ef9a6b7,True,5
50836,5282,240926_ML.npy,2026-09-24,2026-09-24 04:24:13.705370,7C67D0,C172,CESSNA AIRCRAFT COMPANY,172S,50f0dbeccf11719d88a9f569bf8890a8a7e6efab54ab774f9f47fff7428fe393,True,2
50839,5285,240926_ML.npy,2026-09-24,2026-09-24 04:24:17.187750,7C67D0,C172,CESSNA AIRCRAFT COMPANY,172S,37422d4615c3e32ff9c4974cb9f3c225c8715304c21f32466c6ee08faa219011,True,2
50840,5286,240926_ML.npy,2026-09-24,2026-09-24 04:24:17.617411,7C67D0,C172,CESSNA AIRCRAFT COMPANY,172S,f0f9ea4b9db1611ff83d6294fe28a93228906c9b628cb50de3efcb2ace63dc07,True,1
50846,5292,240926_ML.npy,2026-09-24,2026-09-24 04:24:21.149067,7C67D0,C172,CESSNA AIRCRAFT COMPANY,172S,61dcdb65d436dfc7db9661df2d46d9d57bbce845c28fc9243a2f344bdee04ea9,True,2
50848,5294,240926_ML.npy,2026-09-24,2026-09-24 04:24:24.094240,7C67D0,C172,CESSNA AIRCRAFT COMPANY,172S,483c631a09dd9336d46bba66df33468722a7762d9788d8574c0ad6a589957fa3,True,1
50862,5308,240926_ML.npy,2026-09-24,2026-09-24 04:24:58.200648,7C7B61,DA40,DIAMOND AIRCRAFT INDUSTRIES INC.,DA 40,11f1dccff346eb7c518034d06ae766bc5df225f9de6532cc06546ec8d593bd49,True,1
50883,5329,240926_ML.npy,2026-09-24,2026-09-24 04:25:21.044750,7C7C39,DA40,DIAMOND AIRCRAFT INDUSTRIES INC.,DA 40,bdd739e766890641a09b2c11496e61cbfc4620f4602a5f3792c6f5afd34284c3,True,2
50893,5339,240926_ML.npy,2026-09-24,2026-09-24 04:25:28.154592,7C168D,DA40,DIAMOND AIRCRAFT INDUSTRIES INC.,DA 40,1bcc452b56ddd47f6b47d246321ad86b21637678c09c4904760a9efda1814d2f,True,2
50898,5344,240926_ML.npy,2026-09-24,2026-09-24 04:25:35.172647,7C7B64,DA40,DIAMOND AIRCRAFT INDUSTRIES INC.,DA 40,d359c8b0f2163d18c59f5409f06f979030a813ec3b4b83982b29a129753040fa,True,5
50914,5360,240926_ML.npy,2026-09-24,2026-09-24 04:26:05.940995,7C7B64,DA40,DIAMOND AIRCRAFT INDUSTRIES INC.,DA 40,6a9642c709da5ef4c2e5ea566596b728815a22096a7baf4243530fd8ae204839,True,3
50917,5363,240926_ML.npy,2026-09-24,2026-09-24 04:26:07.621198,7C7B64,DA40,DIAMOND AIRCRAFT INDUSTRIES INC.,DA 40,9754f532bd6f41c94a2f8768b4646f2323aa92716b24522c6ea1fe4d98f6b766,True,3
50952,5398,240926_ML.npy,2026-09-24,2026-09-24 04:27:12.652954,7C7C39,DA40,DIAMOND AIRCRAFT INDUSTRIES INC.,DA 40,b1077afac8f25464d24ed69b69aaa750cc0115d395ef8b5fa79b673bd5223357,True,5
50979,5425,240926_ML.npy,2026-09-24,2026-09-24 04:27:30.761478,7C7C39,DA40,DIAMOND AIRCRAFT INDUSTRIES INC.,DA 40,888fb15494e614f0f996821ced5e6812ef8d93b83ae4619dbd8d3dd81870f86b,True,1
51029,5475,240926_ML.npy,2026-09-24,2026-09-24 04:29:19.401335,7C1B2A,DA40,DIAMOND AIRCRAFT INDUSTRIES INC.,DA 40,38b5963b3530e09a40fd25497555c172cb31cbac85a07f759d7f6493874960d4,True,3
51042,5488,240926_ML.npy,2026-09-24,2026-09-24 04:29:36.214262,7C1B2A,DA40,DIAMOND AIRCRAFT INDUSTRIES INC.,DA 40,d9a499aee86c76fdc4710105575ef0cdf7805af53056baffc4f3b307e91c5e86,True,2
51043,5489,240926_ML.npy,2026-09-24,2026-09-24 04:29:43.441554,7C1B2A,DA40,DIAMOND AIRCRAFT INDUSTRIES INC.,DA 40,7331f84c7f9586c6e4cd2f2620fb10d0031e2c5ed842af1de2a1e94a60dc630e,True,3
51044,5490,240926_ML.npy,2026-09-24,2026-09-24 04:29:46.038669,7C1B2A,DA40,DIAMOND AIRCRAFT INDUSTRIES INC.,DA 40,d9a499aee86c76fdc4710105575ef0cdf7805af53056baffc4f3b307e91c5e86,True,5
51047,5493,240926_ML.npy,2026-09-24,2026-09-24 04:29:57.991979,7C1B2A,DA40,DIAMOND AIRCRAFT INDUSTRIES INC.,DA 40,6b860987893f0d5cde2e2cb9567d3a6b230a4907a1aebedcae91f98414d279b6,True,2
51050,5496,240926_ML.npy,2026-09-24,2026-09-24 04:29:59.148721,7C7B61,DA40,DIAMOND AIRCRAFT INDUSTRIES INC.,DA 40,151ef2407166cdab766c7af5bcbd9a24cef1eade64d99f6ec33ce15734b21c4d,True,4
51052,5498,240926_ML.npy,2026-09-24,2026-09-24 04:29:59.554868,7C1B2A,DA40,DIAMOND AIRCRAFT INDUSTRIES INC.,DA 40,8840ab1fe06b7a54136208ac3f4b62421a0acee1afe1c5c65832fb28621245c6,True,4
51054,5500,240926_ML.npy,2026-09-24,2026-09-24 04:30:02.153502,7C1B2A,DA40,DIAMOND AIRCRAFT INDUSTRIES INC.,DA 40,3294b2bf96def8f174c5663b4bd7dc99eb80e0912a18db25157a4fdd90e6388f,True,3
51056,5502,240926_ML.npy,2026-09-24,2026-09-24 04:30:02.568246,7C7B61,DA40,DIAMOND AIRCRAFT INDUSTRIES INC.,DA 40,b5ca80515a27b69e51a7aa2e17b5f71241df443bd73e64da5bc101c86872fe11,True,1
51078,5524,240926_ML.npy,2026-09-24,2026-09-24 04:30:15.836782,7C7AF8,DA40,DIAMOND AIRCRAFT INDUSTRIES INC.,DA 40,cd982058fec47b69bfce68c2d5a4a21207afbebdf8f53f317734a29315ddf8c2,True,2
51080,5526,240926_ML.npy,2026-09-24,2026-09-24 04:30:16.280107,7C7AF8,DA40,DIAMOND AIRCRAFT INDUSTRIES INC.,DA 40,1217adcb94bf10d4fa4783183c5a650d3af77471b2fae3b1a520c8b3b7e05291,True,1
51084,5530,240926_ML.npy,2026-09-24,2026-09-24 04:30:25.876297,7C7B61,DA40,DIAMOND AIRCRAFT INDUSTRIES INC.,DA 40,6100257ace9f5d8c696eafd0b94042c145ea985dd8cacf526be363192c85e1f9,True,3
51089,5535,240926_ML.npy,2026-09-24,2026-09-24 04:30:31.409566,7C7AF8,DA40,DIAMOND AIRCRAFT INDUSTRIES INC.,DA 40,baeb6fa1f3984261f6af7e24b10497d2ca77f7e98b06bba11fa65af3b0a2782e,True,3
51091,5537,240926_ML.npy,2026-09-24,2026-09-24 04:30:36.518742,7C7AF8,DA40,DIAMOND AIRCRAFT INDUSTRIES INC.,DA 40,2dd6d748b019e615ffcad061abcbf2af9dd808ac87345ef3ea4aa00bc2875e35,True,3
51092,5538,240926_ML.npy,2026-09-24,2026-09-24 04:30:37.323378,7C7B61,DA40,DIAMOND AIRCRAFT INDUSTRIES INC.,DA 40,b9a9704c13d6e354db904fcb60338c7979ded6d5c41789a29cc0e5aa2d6478ab,True,5
51119,5565,240926_ML.npy,2026-09-24,2026-09-24 04:30:54.693327,7C7B64,DA40,DIAMOND AIRCRAFT INDUSTRIES INC.,DA 40,5bbd478ddf676e9127654f569fc474f26573ddec3fa25352168bef73cd8fb25a,True,3
51128,5574,240926_ML.npy,2026-09-24,2026-09-24 04:31:07.204032,7C7B64,DA40,DIAMOND AIRCRAFT INDUSTRIES INC.,DA 40,58478fba8cb69989d8e3ec448859f384ec57a54f83fbb0ec5b3dbe30a5fb37a3,True,4
51132,5578,240926_ML.npy,2026-09-24,2026-09-24 04:31:17.020719,7C7B64,DA40,DIAMOND AIRCRAFT INDUSTRIES INC.,DA 40,3692dfd15e9ec01c0ac6efb660f9328ae91f67c5ae946e63f90d389e5f3c4cde,True,5
51147,5593,240926_ML.npy,2026-09-24,2026-09-24 04:31:58.993983,7C7AF7,DA40,DIAMOND AIRCRAFT INDUSTRIES INC.,DA 40,87d27808e14325c39cc22de196e9cd1f76ebd37cdf9667bb3ac4cbd6b4509a1b,True,4
51156,5602,240926_ML.npy,2026-09-24,2026-09-24 04:32:12.708406,7C7CF7,C172,CESSNA AIRCRAFT COMPANY,172M,bf0122bcab9147b1072fb8e2bad47890e1d2e2ef19ae998dbabc3a07cf378859,True,1
51161,5607,240926_ML.npy,2026-09-24,2026-09-24 04:32:14.526816,7C7CF7,C172,CESSNA AIRCRAFT COMPANY,172M,56a7436df4d5479a5fedb6b708c34f1e4f171d6f2c4f9c09042eb1c17f46b1fb,True,4
51167,5613,240926_ML.npy,2026-09-24,2026-09-24 04:32:30.862619,7C7AF7,DA40,DIAMOND AIRCRAFT INDUSTRIES INC.,DA 40,296e616272242a3747d591085b407e2c69a6e5526aedfdaf90499466872c64bd,True,1
51172,5618,240926_ML.npy,2026-09-24,2026-09-24 04:32:36.728421,7C7AF7,DA40,DIAMOND AIRCRAFT INDUSTRIES INC.,DA 40,c49e6d0784d110085971b9ffec878424ce24eb749ed6068dc672f480207fdc91,True,5
51182,5628,240926_ML.npy,2026-09-24,2026-09-24 04:32:58.529152,7C7CF7,C172,CESSNA AIRCRAFT COMPANY,172M,c1290c45ea5b509f923db9d398cad5b58383a21669150ecd71a6e2f47b02c1de,True,4
51185,5631,240926_ML.npy,2026-09-24,2026-09-24 04:32:59.630901,7C7CF7,C172,CESSNA AIRCRAFT COMPANY,172M,bbecd64ba61220d29b525b96dda39a53ad9ea4ec53ce3458c07e8384b0eed016,True,1
51186,5632,240926_ML.npy,2026-09-24,2026-09-24 04:32:59.658449,7C7CF7,C172,CESSNA AIRCRAFT COMPANY,172M,f04e20ec4890e82c16df86e0388e3d2af8f45ee62c099aba9e5eb4ff06ee01aa,True,4
51193,5639,240926_ML.npy,2026-09-24,2026-09-24 04:33:10.883987,7C7CF7,C172,CESSNA AIRCRAFT COMPANY,172M,6f0f4a89ad4ce7a7b089a7ae208a1e0032d589bc44222f744bf7ee010ed039e0,True,4
51196,5642,240926_ML.npy,2026-09-24,2026-09-24 04:33:18.471912,7C7CF7,C172,CESSNA AIRCRAFT COMPANY,172M,2815fa955956264782f74eb473936f8ab30f08d5012873236f3275815aed99e7,True,5
51199,5645,240926_ML.npy,2026-09-24,2026-09-24 04:33:18.962600,7C7CF7,C172,CESSNA AIRCRAFT COMPANY,172M,a6ca538c23a665e620c3fc3b9f07d7dd12dc6f163f2c8dd5569e83f32aa0cf3c,True,2
51202,5648,240926_ML.npy,2026-09-24,2026-09-24 04:33:22.146980,7C7CF7,C172,CESSNA AIRCRAFT COMPANY,172M,f04e20ec4890e82c16df86e0388e3d2af8f45ee62c099aba9e5eb4ff06ee01aa,True,5
51224,5670,240926_ML.npy,2026-09-24,2026-09-24 04:34:37.403379,7C1B2A,DA40,DIAMOND AIRCRAFT INDUSTRIES INC.,DA 40,0352224732a84fe97ac1af2831000a7a5a4ad7c11143c99b4365915e6bb7d2e9,True,2
51229,5675,240926_ML.npy,2026-09-24,2026-09-24 04:34:48.026667,7C1B2A,DA40,DIAMOND AIRCRAFT INDUSTRIES INC.,DA 40,90f9771540814d26c3846e92770ef6a9fe828677cd4899ea545da023d68a8356,True,4
51240,5686,240926_ML.npy,2026-09-24,2026-09-24 04:35:32.045491,7C7B61,DA40,DIAMOND AIRCRAFT INDUSTRIES INC.,DA 40,b2432f201792df7bf23a7cd0a118f891e96354908be80c787ae6a63fe489bb63,True,5
51248,5694,240926_ML.npy,2026-09-24,2026-09-24 04:35:45.236690,7C7B61,DA40,DIAMOND AIRCRAFT INDUSTRIES INC.,DA 40,46bf1d3c95d9375068aa8bf959dc6ad9660ebbdf7d7aefce6102dff29a9c7d3a,True,2
51255,5701,240926_ML.npy,2026-09-24,2026-09-24 04:36:11.255159,7C7B61,DA40,DIAMOND AIRCRAFT INDUSTRIES INC.,DA 40,fb33e43bd6acdede1b43d997a1daa5a48b95584c1078188697758d30394bd963,True,3
51260,5706,240926_ML.npy,2026-09-24,2026-09-24 04:36:38.284916,7C7B64,DA40,DIAMOND AIRCRAFT INDUSTRIES INC.,DA 40,8de4648bd65bdac92344d2567ca8c98325d4f9c3b972eff80313aa1e28d54801,True,1
51263,5709,240926_ML.npy,2026-09-24,2026-09-24 04:36:44.806322,7C7B64,DA40,DIAMOND AIRCRAFT INDUSTRIES INC.,DA 40,b6ca648634a80729d476e6c5f35ff73ed3ac06fa540edc01816cc00fd7dbde1e,True,2
51270,5716,240926_ML.npy,2026-09-24,2026-09-24 04:36:54.283513,7C7B64,DA40,DIAMOND AIRCRAFT INDUSTRIES INC.,DA 40,a6e2ccf4412bd2058acbbf402ccca254f44dc7bb08e20c1e6614270dc587d7a6,True,4
51273,5719,240926_ML.npy,2026-09-24,2026-09-24 04:36:57.850826,7C7B64,DA40,DIAMOND AIRCRAFT INDUSTRIES INC.,DA 40,c58e893bf56726f14eb68934acca6263c873a3535fac363b6d40f28c197b2cd9,True,5
51274,5720,240926_ML.npy,2026-09-24,2026-09-24 04:37:08.066487,7C7B64,DA40,DIAMOND AIRCRAFT INDUSTRIES INC.,DA 40,68c7e42f5089afc4e0ba0c5b946a14706c468a09d407dc2bc87e72664b1edfe0,True,2
51279,5725,240926_ML.npy,2026-09-24,2026-09-24 04:37:16.738336,7C7B64,DA40,DIAMOND AIRCRAFT INDUSTRIES INC.,DA 40,7ef3cd27bb0335520a393583019cdbcb81139335ead6dab5535ba2ade78d030e,True,3
51291,5737,240926_ML.npy,2026-09-24,2026-09-24 04:37:56.031984,7C7AF7,DA40,DIAMOND AIRCRAFT INDUSTRIES INC.,DA 40,d1bbf14aa84a86d072e727858e24e1654b147c68c088cd0812549ba8908ec382,True,2
51303,5749,240926_ML.npy,2026-09-24,2026-09-24 04:39:56.912507,7C1B2A,DA40,DIAMOND AIRCRAFT INDUSTRIES INC.,DA 40,200d093336b267a62ba40cc11c591bed06f284680b2a109a2e5dd71f6ae6f7b0,True,5
51316,5762,240926_ML.npy,2026-09-24,2026-09-24 04:40:32.485305,7C1B2A,DA40,DIAMOND AIRCRAFT INDUSTRIES INC.,DA 40,2b1f2f840b66691feeeca3cf684fcacbc63c6a28a87998910ccf5eb3d0b63b80,True,3
51317,5763,240926_ML.npy,2026-09-24,2026-09-24 04:40:35.820519,7C444D,P28A,PIPER AIRCRAFT CORP,PA-28-181,955b127f6197bb3da58b66b801d04983027efd18056e8733d2af1cec9afdc9ac,True,2
51319,5765,240926_ML.npy,2026-09-24,2026-09-24 04:40:37.144516,7C444D,P28A,PIPER AIRCRAFT CORP,PA-28-181,d8ca3e90afb3bc1d4dca52ed572384b0662a75fc6da6c43081f935eb45116e9f,True,2
51322,5768,240926_ML.npy,2026-09-24,2026-09-24 04:40:41.734902,7C444D,P28A,PIPER AIRCRAFT CORP,PA-28-181,0a712d93c3b436632b6313eca8379ae14858b33e3b9968582f2fdcbbff01ea49,True,2
51324,5770,240926_ML.npy,2026-09-24,2026-09-24 04:40:42.763161,7C444D,P28A,PIPER AIRCRAFT CORP,PA-28-181,d8ca3e90afb3bc1d4dca52ed572384b0662a75fc6da6c43081f935eb45116e9f,True,3
51326,5772,240926_ML.npy,2026-09-24,2026-09-24 04:40:46.188184,7C444D,P28A,PIPER AIRCRAFT CORP,PA-28-181,d8ca3e90afb3bc1d4dca52ed572384b0662a75fc6da6c43081f935eb45116e9f,True,1
51327,5773,240926_ML.npy,2026-09-24,2026-09-24 04:40:48.195835,7C444D,P28A,PIPER AIRCRAFT CORP,PA-28-181,bdbea92283397c39fbb177d0e95a1912f7416a11383c2ccf93c282201996d94c,True,3
51328,5774,240926_ML.npy,2026-09-24,2026-09-24 04:40:48.827487,7C444D,P28A,PIPER AIRCRAFT CORP,PA-28-181,c7f9797173e5ea4861d3dba25511775e326c99c10a6ad567691328aa53c24500,True,2
51329,5775,240926_ML.npy,2026-09-24,2026-09-24 04:40:49.925120,7C444D,P28A,PIPER AIRCRAFT CORP,PA-28-181,890f994be021e1c0656b338f30650239c30992bc42557d75e4acf9ec76106c65,True,5
51330,5776,240926_ML.npy,2026-09-24,2026-09-24 04:40:51.899195,7C444D,P28A,PIPER AIRCRAFT CORP,PA-28-181,0a712d93c3b436632b6313eca8379ae14858b33e3b9968582f2fdcbbff01ea49,True,4
51331,5777,240926_ML.npy,2026-09-24,2026-09-24 04:40:53.474769,7C444D,P28A,PIPER AIRCRAFT CORP,PA-28-181,d8ca3e90afb3bc1d4dca52ed572384b0662a75fc6da6c43081f935eb45116e9f,True,1
51332,5778,240926_ML.npy,2026-09-24,2026-09-24 04:40:54.342769,7C444D,P28A,PIPER AIRCRAFT CORP,PA-28-181,2665c3abdbc21001c18a33a43a0b581c0a7029d32d258637bff8a4ef6f32301d,True,1
51333,5779,240926_ML.npy,2026-09-24,2026-09-24 04:40:55.522490,7C444D,P28A,PIPER AIRCRAFT CORP,PA-28-181,b9eb6a632b5aaf206da558480d3bc1a56ebc280ac19637245de5fb00bae87805,True,4
51334,5780,240926_ML.npy,2026-09-24,2026-09-24 04:40:55.812349,7C444D,P28A,PIPER AIRCRAFT CORP,PA-28-181,d8ca3e90afb3bc1d4dca52ed572384b0662a75fc6da6c43081f935eb45116e9f,True,4
51335,5781,240926_ML.npy,2026-09-24,2026-09-24 04:40:57.661968,7C444D,P28A,PIPER AIRCRAFT CORP,PA-28-181,df479c77f0eaa2c756173a0696c16c39ca001ee0f25a892a8bae8db2f3c32b74,True,5
51336,5782,240926_ML.npy,2026-09-24,2026-09-24 04:41:02.620532,7C444D,P28A,PIPER AIRCRAFT CORP,PA-28-181,e276daa21c4fe9af4ba8cad3af4ca21f35b7a57dcb18c11ddfc5a61b53d5635c,True,3
51338,5784,240926_ML.npy,2026-09-24,2026-09-24 04:41:04.676136,7C444D,P28A,PIPER AIRCRAFT CORP,PA-28-181,6340e3f06e52ebcb0ac6efb92fcb55883151770c575da124d432e1c5c8a6f32a,True,4
51339,5785,240926_ML.npy,2026-09-24,2026-09-24 04:41:04.704318,7C444D,P28A,PIPER AIRCRAFT CORP,PA-28-181,a6ce95adffd327d146424730531140893e6cde6e17023a0479dfc479594a607e,True,5
51340,5786,240926_ML.npy,2026-09-24,2026-09-24 04:41:05.157914,7C444D,P28A,PIPER AIRCRAFT CORP,PA-28-181,afa212ce7e1bd9e1ac19dfe68d326feab96e6b6483c1e294cd1049c498718e07,True,4
51343,5789,240926_ML.npy,2026-09-24,2026-09-24 04:41:07.647911,7C444D,P28A,PIPER AIRCRAFT CORP,PA-28-181,f6017ac7974326a63aedae2c5ef3f6bf617568a09fcac93706e52854b07a6256,True,1
51346,5792,240926_ML.npy,2026-09-24,2026-09-24 04:41:10.568872,7C444D,P28A,PIPER AIRCRAFT CORP,PA-28-181,f3e40d8a55947195476007fae43d7403f112476b0bc6b02e002aa8af3f914cf3,True,3
51349,5795,240926_ML.npy,2026-09-24,2026-09-24 04:41:11.913100,7C444D,P28A,PIPER AIRCRAFT CORP,PA-28-181,4a5649b0d118e65dc88ae3d10cf82802f70a1df51cb60a6d256c8e8564ee3f03,True,1
51350,5796,240926_ML.npy,2026-09-24,2026-09-24 04:41:11.925233,7C444D,P28A,PIPER AIRCRAFT CORP,PA-28-181,8824c5fe6483fa1bb8b2c322d742a35236b0050f03e6ee6a34a4a6c1ccb9aa8d,True,5
51351,5797,240926_ML.npy,2026-09-24,2026-09-24 04:41:12.510606,7C444D,P28A,PIPER AIRCRAFT CORP,PA-28-181,1b594ced5960c1d293e36c9a03955d1f2a9df1f5c77cc905f08fd4555b5c07dc,True,5
51352,5798,240926_ML.npy,2026-09-24,2026-09-24 04:41:13.448736,7C444D,P28A,PIPER AIRCRAFT CORP,PA-28-181,6ea783624e17177d98fb25a60b92fe2eb941938318b3da2cc90d95dfcf4dc49c,True,3
51353,5799,240926_ML.npy,2026-09-24,2026-09-24 04:41:15.793846,7C7B64,DA40,DIAMOND AIRCRAFT INDUSTRIES INC.,DA 40,8f0f86081dc0d394904b3be0efca51dbc28e7807fe6decf07d5a33b81e637961,True,1
51357,5803,240926_ML.npy,2026-09-24,2026-09-24 04:41:18.991547,7C444D,P28A,PIPER AIRCRAFT CORP,PA-28-181,d8ca3e90afb3bc1d4dca52ed572384b0662a75fc6da6c43081f935eb45116e9f,True,4
51358,5804,240926_ML.npy,2026-09-24,2026-09-24 04:41:20.342748,7C444D,P28A,PIPER AIRCRAFT CORP,PA-28-181,ba2828f4a7e78f83c122d1458b44d7fe37b7edd3d34ca96d1aeed4cb0fdac454,True,2
51361,5807,240926_ML.npy,2026-09-24,2026-09-24 04:41:23.780531,7C444D,P28A,PIPER AIRCRAFT CORP,PA-28-181,c6d761605d6ad044ea78a404a96319c1b3d1e0fdb4a56ed7a0ac5d86c5269804,True,3
51364,5810,240926_ML.npy,2026-09-24,2026-09-24 04:41:24.872117,7C444D,P28A,PIPER AIRCRAFT CORP,PA-28-181,1e365a45306d8f24ba7ed14f071a043adfe8d49e820956a8d7393f00de406174,True,3
51365,5811,240926_ML.npy,2026-09-24,2026-09-24 04:41:25.369739,7C444D,P28A,PIPER AIRCRAFT CORP,PA-28-181,e7705810e0e931672b1208306a9b5151e5d92b072c9ae4a4c5020a95ee843cfd,True,2
51370,5816,240926_ML.npy,2026-09-24,2026-09-24 04:41:27.927781,7C444D,P28A,PIPER AIRCRAFT CORP,PA-28-181,1630d021fb160288a9bdcac617b50e944f590c2f4b1c4113bebbedb9a88dc0d9,True,2
51371,5817,240926_ML.npy,2026-09-24,2026-09-24 04:41:27.967242,7C444D,P28A,PIPER AIRCRAFT CORP,PA-28-181,d8ca3e90afb3bc1d4dca52ed572384b0662a75fc6da6c43081f935eb45116e9f,True,2
51372,5818,240926_ML.npy,2026-09-24,2026-09-24 04:41:28.037115,7C444D,P28A,PIPER AIRCRAFT CORP,PA-28-181,1fcaa8fe6a0e97b07eecddf690f76590c78584fc6280f2dd93da4f45e808f1e9,True,1
51374,5820,240926_ML.npy,2026-09-24,2026-09-24 04:41:29.793167,7C444D,P28A,PIPER AIRCRAFT CORP,PA-28-181,26fa62ee32ac09aae8028f17e2144eb33a1d1c86b5e29cc13e3a0a1601576969,True,2
51375,5821,240926_ML.npy,2026-09-24,2026-09-24 04:41:31.112843,7C444D,P28A,PIPER AIRCRAFT CORP,PA-28-181,d8ca3e90afb3bc1d4dca52ed572384b0662a75fc6da6c43081f935eb45116e9f,True,2
51376,5822,240926_ML.npy,2026-09-24,2026-09-24 04:41:31.596666,7C444D,P28A,PIPER AIRCRAFT CORP,PA-28-181,0a712d93c3b436632b6313eca8379ae14858b33e3b9968582f2fdcbbff01ea49,True,1
51380,5826,240926_ML.npy,2026-09-24,2026-09-24 04:41:36.345368,7C444D,P28A,PIPER AIRCRAFT CORP,PA-28-181,f256f7b815eb3db6e29bd6072dcff095db07ecfc98954f6d9541fe7d0b871b0a,True,4
51381,5827,240926_ML.npy,2026-09-24,2026-09-24 04:41:37.467519,7C444D,P28A,PIPER AIRCRAFT CORP,PA-28-181,2667afb0baa9abb2a84325933085250e22bc904eee332449ce04b3d9cef14e9b,True,4
51382,5828,240926_ML.npy,2026-09-24,2026-09-24 04:41:37.655510,7C444D,P28A,PIPER AIRCRAFT CORP,PA-28-181,a6b6f5a1595eae4c25738240b4b773fcc553a62dab15006506407e9d759e7b92,True,1
51383,5829,240926_ML.npy,2026-09-24,2026-09-24 04:41:38.555154,7C444D,P28A,PIPER AIRCRAFT CORP,PA-28-181,cec6ed1267286009929474e8815837d4ab1f21d66a09bf344cc2cea1e10d076f,True,5
51385,5831,240926_ML.npy,2026-09-24,2026-09-24 04:41:39.135661,7C444D,P28A,PIPER AIRCRAFT CORP,PA-28-181,782079dd93f288f60bf7963fb380ada35d43332d267e3726fd4776c9ec9731c4,True,2
51386,5832,240926_ML.npy,2026-09-24,2026-09-24 04:41:39.625124,7C444D,P28A,PIPER AIRCRAFT CORP,PA-28-181,38fd3eafdf3221d847c037db0a1cffe2f3e337a95360bc5e26d3cae662ae5de2,True,3
51388,5834,240926_ML.npy,2026-09-24,2026-09-24 04:41:41.098782,7C444D,P28A,PIPER AIRCRAFT CORP,PA-28-181,cf106f69e6cc8a26c93a4a31042a82d6ed380ff4dfda60461838df65f2e879c9,True,5
51390,5836,240926_ML.npy,2026-09-24,2026-09-24 04:41:43.741963,7C444D,P28A,PIPER AIRCRAFT CORP,PA-28-181,18a67d99e7d46a92c79d59165731f33c68cc70aff3479e2cc003fd30b7bb90fa,True,1
51392,5838,240926_ML.npy,2026-09-24,2026-09-24 04:41:47.655574,7C444D,P28A,PIPER AIRCRAFT CORP,PA-28-181,0926bbf11c783a4964e43ed8989c66cc12d52f3ec946c421e8152c35da14524d,True,5
51393,5839,240926_ML.npy,2026-09-24,2026-09-24 04:41:49.557005,7C444D,P28A,PIPER AIRCRAFT CORP,PA-28-181,3903b4e6143c91cc2c13f8af38c49d9710f53c8428ee894d32bbb92f18c016b2,True,2
51394,5840,240926_ML.npy,2026-09-24,2026-09-24 04:41:50.816676,7C444D,P28A,PIPER AIRCRAFT CORP,PA-28-181,969bb015b8dcff7eff87234224144dfde9e3254f55cfdf3e98cbd2e5714952b8,True,4
51395,5841,240926_ML.npy,2026-09-24,2026-09-24 04:41:51.026250,7C444D,P28A,PIPER AIRCRAFT CORP,PA-28-181,34ce3dff44504c2d4c69fadbf55bc5df7f0c556b151270e80f33da5e4662aec1,True,1
51397,5843,240926_ML.npy,2026-09-24,2026-09-24 04:41:52.967547,7C7B64,DA40,DIAMOND AIRCRAFT INDUSTRIES INC.,DA 40,59b02cb82a22a0cd1548e85b59d3e6ca3f0d0103a6fdf446a28694d8d24c0eb6,True,3
51398,5844,240926_ML.npy,2026-09-24,2026-09-24 04:41:55.459347,7C444D,P28A,PIPER AIRCRAFT CORP,PA-28-181,35f9d41d2c20b72c3859b2bb78f79d6fcdbe7da69da8bb208b9503634ec60f39,True,2
51399,5845,240926_ML.npy,2026-09-24,2026-09-24 04:41:55.919718,7C444D,P28A,PIPER AIRCRAFT CORP,PA-28-181,fbd61f08b91010e846647804c927eb010081fd760efd5f758347ce84f1f09f23,True,1
51401,5847,240926_ML.npy,2026-09-24,2026-09-24 04:41:57.084803,7C7B64,DA40,DIAMOND AIRCRAFT INDUSTRIES INC.,DA 40,e1abc40633a215284a8099c4b37474e2293f26522ea502379dc00685354e9090,True,2
51402,5848,240926_ML.npy,2026-09-24,2026-09-24 04:41:57.217583,7C444D,P28A,PIPER AIRCRAFT CORP,PA-28-181,d8ca3e90afb3bc1d4dca52ed572384b0662a75fc6da6c43081f935eb45116e9f,True,4
51403,5849,240926_ML.npy,2026-09-24,2026-09-24 04:41:58.497143,7C444D,P28A,PIPER AIRCRAFT CORP,PA-28-181,bdbea92283397c39fbb177d0e95a1912f7416a11383c2ccf93c282201996d94c,True,4
51404,5850,240926_ML.npy,2026-09-24,2026-09-24 04:41:58.841101,7C444D,P28A,PIPER AIRCRAFT CORP,PA-28-181,1187589c3751d8af6a6fd6325a6d1cec1f8f4b10912ab06b2f914d299ac24dd6,True,5
51405,5851,240926_ML.npy,2026-09-24,2026-09-24 04:42:01.008888,7C7B64,DA40,DIAMOND AIRCRAFT INDUSTRIES INC.,DA 40,f4004a7d7ba075f860c8a39f677dcb0db046bfb510c0b0c7323da857f7dddebf,True,2
51406,5852,240926_ML.npy,2026-09-24,2026-09-24 04:42:03.468180,7C444D,P28A,PIPER AIRCRAFT CORP,PA-28-181,bdbea92283397c39fbb177d0e95a1912f7416a11383c2ccf93c282201996d94c,True,4
51407,5853,240926_ML.npy,2026-09-24,2026-09-24 04:42:03.572034,7C444D,P28A,PIPER AIRCRAFT CORP,PA-28-181,f71a6b34e2993ae07e163594050af8e9888fe81f9ea4e41f06618f9d7b466486,True,2
51413,5859,240926_ML.npy,2026-09-24,2026-09-24 04:43:33.100991,7C67D7,C172,CESSNA AIRCRAFT COMPANY,172S,9f2e4f41a3c28e7db5f2bebff14b5a2a0a54af461b395f78003a8b15c2ffb991,True,3
51416,5862,240926_ML.npy,2026-09-24,2026-09-24 04:43:38.235447,7C67D7,C172,CESSNA AIRCRAFT COMPANY,172S,fc63b3bb47b66662a09e5fc4a8e3f6532bdf6b97c5c4d3355ed80e08c61499e7,True,5
51420,5866,240926_ML.npy,2026-09-24,2026-09-24 04:43:48.092820,7C67D7,C172,CESSNA AIRCRAFT COMPANY,172S,0ae1f513a72c4812776b09369abcec8b36901e10541e35500f76af79b30432a3,True,3
51421,5867,240926_ML.npy,2026-09-24,2026-09-24 04:43:51.689746,7C67D7,C172,CESSNA AIRCRAFT COMPANY,172S,f70857bbe7cb7863b4e8ff095ba31376597f41eeb90892e85e666cd3e804c339,True,3
51427,5873,240926_ML.npy,2026-09-24,2026-09-24 04:44:01.876711,7C67D7,C172,CESSNA AIRCRAFT COMPANY,172S,716230b2c652a854c73d6ae5a9c038dc8b07f9b8a28149bc645371d4a90ead6c,True,4
51438,5884,240926_ML.npy,2026-09-24,2026-09-24 04:44:08.037793,7C67D7,C172,CESSNA AIRCRAFT COMPANY,172S,884550286b989c716afd6e34077a0adb8aea04edf332a16829c73db79be28151,True,2
51444,5890,240926_ML.npy,2026-09-24,2026-09-24 04:44:14.616214,7C67D7,C172,CESSNA AIRCRAFT COMPANY,172S,6529c9024d903ba61748d0bfd27c1860e15ff5b78f70918d4279e4c2e57d79a1,True,1
51448,5894,240926_ML.npy,2026-09-24,2026-09-24 04:44:40.242397,7C7144,C172,CESSNA AIRCRAFT COMPANY,172N,f165c41cf4293e426d75ba453ad34c52f97dfc0f7d9e7ffc5332b7af9de6be0f,True,5
51465,5911,240926_ML.npy,2026-09-24,2026-09-24 04:45:56.956385,7C1B2A,DA40,DIAMOND AIRCRAFT INDUSTRIES INC.,DA 40,320eeeeaacaa6f697bf76e5c57a2a47630c7fac851bf9d59f74e57fe91b5a5d4,True,3
51498,5944,240926_ML.npy,2026-09-24,2026-09-24 04:47:06.463320,7C67D7,C172,CESSNA AIRCRAFT COMPANY,172S,61e17800721cf3ec38f4c939cbd7dd43bcdfbf2e94d0998879366c929d38a38f,True,5
51521,5967,240926_ML.npy,2026-09-24,2026-09-24 04:47:47.919973,7C0074,C172,CESSNA AIRCRAFT COMPANY,172S,3ce829d796f623bc10b62eec37b1757bce3174127e4aaa92e7bccd065065c308,True,5
51523,5969,240926_ML.npy,2026-09-24,2026-09-24 04:47:52.477938,7C0074,C172,CESSNA AIRCRAFT COMPANY,172S,8b64ac0b62be52b93d3d9c5420fbe7ec06c003bc526351d3d9fcaa71b854b3a6,True,1
51525,5971,240926_ML.npy,2026-09-24,2026-09-24 04:47:53.159676,7C0074,C172,CESSNA AIRCRAFT COMPANY,172S,976503016d5c665f8473bf214ed2d2caffef23bfff0437fc180c3b57dd0def7a,True,3
51527,5973,240926_ML.npy,2026-09-24,2026-09-24 04:47:55.799193,7C0074,C172,CESSNA AIRCRAFT COMPANY,172S,365693cc42c57c906eeb5397c9c32bd037eb6d30709e6a711db0d12301caca7a,True,2
51537,5983,240926_ML.npy,2026-09-24,2026-09-24 04:48:12.314974,7C0074,C172,CESSNA AIRCRAFT COMPANY,172S,a2b39d778e08bd48cbf8bfbf20458f6d3579b216b54a949e16d72cdc5ddad502,True,4
51547,5993,240926_ML.npy,2026-09-24,2026-09-24 04:48:22.067868,7C0074,C172,CESSNA AIRCRAFT COMPANY,172S,727247631d51b8dc163475ba7df739e963394926d05e10ce557f909deffc5634,True,5
51550,5996,240926_ML.npy,2026-09-24,2026-09-24 04:48:22.573943,7C0074,C172,CESSNA AIRCRAFT COMPANY,172S,f1ca5b99112c10bd132a38cdc457decd8ca7a844db7ef95aa5f00cb6570857be,True,4
51557,6003,240926_ML.npy,2026-09-24,2026-09-24 04:48:30.262424,7C0074,C172,CESSNA AIRCRAFT COMPANY,172S,f1ca5b99112c10bd132a38cdc457decd8ca7a844db7ef95aa5f00cb6570857be,True,5
51558,6004,240926_ML.npy,2026-09-24,2026-09-24 04:48:31.041153,7C0074,C172,CESSNA AIRCRAFT COMPANY,172S,a2b39d778e08bd48cbf8bfbf20458f6d3579b216b54a949e16d72cdc5ddad502,True,2
51562,6008,240926_ML.npy,2026-09-24,2026-09-24 04:48:34.938421,7C0074,C172,CESSNA AIRCRAFT COMPANY,172S,0cec57c788f35123ec43cd54139a747d4738c9b76e85480bcd156d39c31d4923,True,3
51574,6020,240926_ML.npy,2026-09-24,2026-09-24 04:48:42.362833,7C67D7,C172,CESSNA AIRCRAFT COMPANY,172S,61e17800721cf3ec38f4c939cbd7dd43bcdfbf2e94d0998879366c929d38a38f,True,2
51581,6027,240926_ML.npy,2026-09-24,2026-09-24 04:48:46.896365,7C67D7,C172,CESSNA AIRCRAFT COMPANY,172S,fbda6d7ff1f6fce0dc558a68f79b8e64be9e0295668504dd2f1349535f9be008,True,4
51582,6028,240926_ML.npy,2026-09-24,2026-09-24 04:48:51.736115,7C67D7,C172,CESSNA AIRCRAFT COMPANY,172S,91b45a0e0c8de9d6531b293ac84b40523cfed5a37eec1fbb4d311c9461e9881b,True,4
51585,6031,240926_ML.npy,2026-09-24,2026-09-24 04:48:53.194745,7C67D7,C172,CESSNA AIRCRAFT COMPANY,172S,4a51f4f301272da94d3625ba72fef89a8e23bf36825c1b2660579fb30253e742,True,1
51587,6033,240926_ML.npy,2026-09-24,2026-09-24 04:48:54.873026,7C67D7,C172,CESSNA AIRCRAFT COMPANY,172S,61e17800721cf3ec38f4c939cbd7dd43bcdfbf2e94d0998879366c929d38a38f,True,3
51589,6035,240926_ML.npy,2026-09-24,2026-09-24 04:48:57.628098,7C67D7,C172,CESSNA AIRCRAFT COMPANY,172S,01f26b149532226a57926b689f6ab42b30bcc6e66145f695ec5503bc8fed04a1,True,2
51599,6045,240926_ML.npy,2026-09-24,2026-09-24 04:49:12.602907,7C67D7,C172,CESSNA AIRCRAFT COMPANY,172S,33ab1136bf9ac96e128489bdb70f136c1c8254eb444130690b31c448cc290607,True,2
51600,6046,240926_ML.npy,2026-09-24,2026-09-24 04:49:16.704264,7C67D7,C172,CESSNA AIRCRAFT COMPANY,172S,b80a63f2a4f4023b8ffb012051df365e2cf049a709ed28d9d430502e5f8fe901,True,2
51601,6047,240926_ML.npy,2026-09-24,2026-09-24 04:49:17.079384,7C67D7,C172,CESSNA AIRCRAFT COMPANY,172S,61e17800721cf3ec38f4c939cbd7dd43bcdfbf2e94d0998879366c929d38a38f,True,2
51603,6049,240926_ML.npy,2026-09-24,2026-09-24 04:49:19.128168,7C67D7,C172,CESSNA AIRCRAFT COMPANY,172S,b80a63f2a4f4023b8ffb012051df365e2cf049a709ed28d9d430502e5f8fe901,True,1
51606,6052,240926_ML.npy,2026-09-24,2026-09-24 04:49:23.737478,7C67D7,C172,CESSNA AIRCRAFT COMPANY,172S,65fd9e2d10cac27ac7e45e5d3158550714a03eb60cb1d5a57fa013c74d147ae1,True,3
51611,6057,240926_ML.npy,2026-09-24,2026-09-24 04:50:43.942295,7C1689,DA40,DIAMOND AIRCRAFT INDUSTRIES INC.,DA 40,eb4664415fca17e5cb4ee03cfd963a6613e568d6ece0a46c0e67e37844c25dc4,True,5
51614,6060,240926_ML.npy,2026-09-24,2026-09-24 04:50:52.248205,7C1689,DA40,DIAMOND AIRCRAFT INDUSTRIES INC.,DA 40,5059b496be6dca30ae4607a9144e34697ef2a72c0b0132d7c9f2333f063fae2a,True,2
51627,6073,240926_ML.npy,2026-09-24,2026-09-24 04:51:03.522254,7C1689,DA40,DIAMOND AIRCRAFT INDUSTRIES INC.,DA 40,803cf230a18de65e18284fd4adb782cc4e54ad517a94fdcbff9c16d9929f6f90,True,4
51629,6075,240926_ML.npy,2026-09-24,2026-09-24 04:51:05.507648,7C1689,DA40,DIAMOND AIRCRAFT INDUSTRIES INC.,DA 40,9a8e1fb5befa1a1cafba0f95d54200c19d213910fb7fff74689ccec5ce0386fe,True,3
51669,6115,240926_ML.npy,2026-09-24,2026-09-24 04:52:31.355686,7C1B2A,DA40,DIAMOND AIRCRAFT INDUSTRIES INC.,DA 40,acbf2fb976c7666f5bff36a038a77092401c43b6e03be3dda7883f7a744a5621,True,3
51671,6117,240926_ML.npy,2026-09-24,2026-09-24 04:52:35.964828,7C7BD9,DA42,DIAMOND AIRCRAFT INDUSTRIES INC.,DA 42,e6acfa23ccd026d9378fd72c8b8043fc400b077389e63893041c98977ee9f791,True,2
51673,6119,240926_ML.npy,2026-09-24,2026-09-24 04:52:37.574407,7C7BD9,DA42,DIAMOND AIRCRAFT INDUSTRIES INC.,DA 42,141e70060a3d63a5dce7683191fa80af1f8da0a421d58aef1b62c39deab96936,True,4
51674,6120,240926_ML.npy,2026-09-24,2026-09-24 04:52:37.580675,7C7BD9,DA42,DIAMOND AIRCRAFT INDUSTRIES INC.,DA 42,aa6336f163aa4282153e0eba8046cedbfb8232326e550e5c81b8e4b5b1e5844d,True,3
51675,6121,240926_ML.npy,2026-09-24,2026-09-24 04:52:38.058584,7C7BD9,DA42,DIAMOND AIRCRAFT INDUSTRIES INC.,DA 42,bde66e2d724f42036d8343bf1b693aedc37ae50a3db2ad59535dddaf142af28a,True,4
51676,6122,240926_ML.npy,2026-09-24,2026-09-24 04:52:38.545916,7C7BD9,DA42,DIAMOND AIRCRAFT INDUSTRIES INC.,DA 42,99e2253b2c3d0e60c0cfe0eb9a5af0235e4b2349e65ec6661207deea7edf2ab8,True,3
51678,6124,240926_ML.npy,2026-09-24,2026-09-24 04:52:39.323610,7C7BD9,DA42,DIAMOND AIRCRAFT INDUSTRIES INC.,DA 42,405a902b48d199a48c23a5232b0adb41c9952381325f828d0743c6866778e368,True,4
51679,6125,240926_ML.npy,2026-09-24,2026-09-24 04:52:39.980571,7C7BD9,DA42,DIAMOND AIRCRAFT INDUSTRIES INC.,DA 42,a5e7693131a5f7892d8c17fb65306702e04e2c43d61f24a899b8fca32b43f6da,True,1
51680,6126,240926_ML.npy,2026-09-24,2026-09-24 04:52:39.983961,7C7BD9,DA42,DIAMOND AIRCRAFT INDUSTRIES INC.,DA 42,e0e4396da2d992895a037de0db7ae2283282e9b10928e9829376483805f665ff,True,3
51685,6131,240926_ML.npy,2026-09-24,2026-09-24 04:52:43.838906,7C7BD9,DA42,DIAMOND AIRCRAFT INDUSTRIES INC.,DA 42,44f154f2b848d1a53a43a3e8d7cbef0d3be042178a89ed9e6c1000cbe9007f7c,True,2
51688,6134,240926_ML.npy,2026-09-24,2026-09-24 04:52:47.979154,7C7BD9,DA42,DIAMOND AIRCRAFT INDUSTRIES INC.,DA 42,d4fa11f33d1ec019b31075b0ef85cb774e3b65f8339e7e82001ea01ffbe159ce,True,5
51690,6136,240926_ML.npy,2026-09-24,2026-09-24 04:52:48.011771,7C1B2A,DA40,DIAMOND AIRCRAFT INDUSTRIES INC.,DA 40,0b658eba4573e8bc18810a9a3e9e9c7829f78df7609c6b264ac00eab2e290887,True,4
51694,6140,240926_ML.npy,2026-09-24,2026-09-24 04:52:50.998885,7C7BD9,DA42,DIAMOND AIRCRAFT INDUSTRIES INC.,DA 42,ffd934c9c5b5fe503cb1a24442031dcb8249cec5ffd386b84c7e4ad7cb54d80b,True,5
51708,6154,240926_ML.npy,2026-09-24,2026-09-24 04:53:05.503964,7C7BD9,DA42,DIAMOND AIRCRAFT INDUSTRIES INC.,DA 42,90002365a5043e59ec914aae6ff8bb07913cda38edb5d5e0891cb8f526dd6cad,True,3
51710,6156,240926_ML.npy,2026-09-24,2026-09-24 04:53:12.394606,7C7BD9,DA42,DIAMOND AIRCRAFT INDUSTRIES INC.,DA 42,0aa166fe2d96df26d9f2d53d27272b32dff57e94d70f7c37fe5d90e45b36f8e1,True,5
51715,6161,240926_ML.npy,2026-09-24,2026-09-24 04:53:23.888684,7C7BD9,DA42,DIAMOND AIRCRAFT INDUSTRIES INC.,DA 42,c618d1e171539459ac0e8ca7bf60cebed6d12f088565c2d207e7255e196240a8,True,4
51718,6164,240926_ML.npy,2026-09-24,2026-09-24 04:53:24.888567,7C67D7,C172,CESSNA AIRCRAFT COMPANY,172S,936e575a059fdbc4a3e94488eebf388619968b19c3d24b8dd12df5018b704d87,True,2
51720,6166,240926_ML.npy,2026-09-24,2026-09-24 04:53:26.056779,7C41FD,DA40,DIAMOND AIRCRAFT INDUSTRIES INC.,DA 40,2327e710a3fbfa93b1e7afa4e2167259efe17665bd8de781c945b11f03783c01,True,5
51722,6168,240926_ML.npy,2026-09-24,2026-09-24 04:53:27.825646,7C7BD9,DA42,DIAMOND AIRCRAFT INDUSTRIES INC.,DA 42,b068b2f71fd32de07aff7719bde9814c92f73f0bf9c4c18d2570eb14a36b774d,True,5
51724,6170,240926_ML.npy,2026-09-24,2026-09-24 04:53:30.680891,7C7BD9,DA42,DIAMOND AIRCRAFT INDUSTRIES INC.,DA 42,3011ca8c2c26f7f42f88692116b4055250ec7d8a0bba3eed2d13d95399ce5816,True,5
51725,6171,240926_ML.npy,2026-09-24,2026-09-24 04:53:31.147719,7C7BD9,DA42,DIAMOND AIRCRAFT INDUSTRIES INC.,DA 42,c3093ee2523767e281f8063f48643e7c230a7b259a320fbbfb1d2f4d1dfba191,True,5
51734,6180,240926_ML.npy,2026-09-24,2026-09-24 04:53:40.048325,7C7BD9,DA42,DIAMOND AIRCRAFT INDUSTRIES INC.,DA 42,f56e2c6bceca176eab083c0b8581bc86831b7b19dbdd7f1b3acd0fb7a4dd59a2,True,1
51735,6181,240926_ML.npy,2026-09-24,2026-09-24 04:53:41.621959,7C0074,C172,CESSNA AIRCRAFT COMPANY,172S,3ce829d796f623bc10b62eec37b1757bce3174127e4aaa92e7bccd065065c308,True,2
51742,6188,240926_ML.npy,2026-09-24,2026-09-24 04:53:52.246923,7C7BD9,DA42,DIAMOND AIRCRAFT INDUSTRIES INC.,DA 42,212a858edb8f5ad8b32b7c4f04baa3b3553a8cd8b4c91aa241a46184ba05052d,True,4
51743,6189,240926_ML.npy,2026-09-24,2026-09-24 04:53:52.404812,7C7BD9,DA42,DIAMOND AIRCRAFT INDUSTRIES INC.,DA 42,f56e2c6bceca176eab083c0b8581bc86831b7b19dbdd7f1b3acd0fb7a4dd59a2,True,4
51747,6193,240926_ML.npy,2026-09-24,2026-09-24 04:53:55.008901,7C7BD9,DA42,DIAMOND AIRCRAFT INDUSTRIES INC.,DA 42,fe76cab80c917b13fdb8ce1e4fdb560846efe37788f070a52be3d37fe4841454,True,5
51748,6194,240926_ML.npy,2026-09-24,2026-09-24 04:53:55.771879,7C0074,C172,CESSNA AIRCRAFT COMPANY,172S,456cf1bc5f0591d0dd95919ff762c2e8c974fa4c875f07eaf14a1e980aa75347,True,2
51757,6203,240926_ML.npy,2026-09-24,2026-09-24 04:54:03.955406,7C0074,C172,CESSNA AIRCRAFT COMPANY,172S,bc22a60a70d9b653d2cb28fb38b8655e4d96d65231fe6065f14c057d2c5723db,True,2
51759,6205,240926_ML.npy,2026-09-24,2026-09-24 04:54:04.291768,7C0074,C172,CESSNA AIRCRAFT COMPANY,172S,a2b39d778e08bd48cbf8bfbf20458f6d3579b216b54a949e16d72cdc5ddad502,True,2
51768,6214,240926_ML.npy,2026-09-24,2026-09-24 04:54:08.955230,7C7BD9,DA42,DIAMOND AIRCRAFT INDUSTRIES INC.,DA 42,ed05c86cf59ba621af4418ee7ca9fe020dd19e7c519e6a0ba23a13031f916d4f,True,1
51769,6215,240926_ML.npy,2026-09-24,2026-09-24 04:54:10.069575,7C41FD,DA40,DIAMOND AIRCRAFT INDUSTRIES INC.,DA 40,43e073f61d1f2f8d988c6cfae836ac371567576c14ad5f684c745cd8e1aedc31,True,4
51775,6221,240926_ML.npy,2026-09-24,2026-09-24 04:54:14.797775,7C67D7,C172,CESSNA AIRCRAFT COMPANY,172S,61e17800721cf3ec38f4c939cbd7dd43bcdfbf2e94d0998879366c929d38a38f,True,1
51777,6223,240926_ML.npy,2026-09-24,2026-09-24 04:54:15.315199,7C67D7,C172,CESSNA AIRCRAFT COMPANY,172S,d903eaf4115123f902bca0ccb0db33bc753eaef964ec4062cc98aeb22376ea6a,True,4
51787,6233,240926_ML.npy,2026-09-24,2026-09-24 04:54:19.671612,7C67D7,C172,CESSNA AIRCRAFT COMPANY,172S,c58237355b87d65542fde072aa8a1e9139bad9cabcb46f74b25208cbc569e9ce,True,3
51798,6244,240926_ML.npy,2026-09-24,2026-09-24 04:54:24.799107,7C41FD,DA40,DIAMOND AIRCRAFT INDUSTRIES INC.,DA 40,46d2ebc9cc73c22ae3155f7a5db859369187a503130c4c53a58d0564f37af3c8,True,2
51825,6271,240926_ML.npy,2026-09-24,2026-09-24 04:54:39.309603,7C67D7,C172,CESSNA AIRCRAFT COMPANY,172S,c4e55e867d101630be013b619621287e3708ccf28227b2e07360ebcd6a43cbcb,True,5
51835,6281,240926_ML.npy,2026-09-24,2026-09-24 04:54:49.685560,7C67D7,C172,CESSNA AIRCRAFT COMPANY,172S,61e17800721cf3ec38f4c939cbd7dd43bcdfbf2e94d0998879366c929d38a38f,True,4
51837,6283,240926_ML.npy,2026-09-24,2026-09-24 04:55:46.077088,7C7BD9,DA42,DIAMOND AIRCRAFT INDUSTRIES INC.,DA 42,5867b81ee4cf1b583544eab51f6e8d8c66389d405c204719617deab0e2c9786c,True,5
51838,6284,240926_ML.npy,2026-09-24,2026-09-24 04:55:46.797033,7C7BD9,DA42,DIAMOND AIRCRAFT INDUSTRIES INC.,DA 42,ed05c86cf59ba621af4418ee7ca9fe020dd19e7c519e6a0ba23a13031f916d4f,True,2
51843,6289,240926_ML.npy,2026-09-24,2026-09-24 04:55:57.497718,7C7BD9,DA42,DIAMOND AIRCRAFT INDUSTRIES INC.,DA 42,bc0afa210843cee42edea4a90a348fc88cbe82fd5ea2020a324137efdca1b381,True,2
51845,6291,240926_ML.npy,2026-09-24,2026-09-24 04:55:59.131030,7C7BD9,DA42,DIAMOND AIRCRAFT INDUSTRIES INC.,DA 42,98091540215ae2e9d2f5b2e95d3aec6db8466d7be4cebb86e0cecc55efc6e2ec,True,2
51850,6296,240926_ML.npy,2026-09-24,2026-09-24 04:56:01.916258,7C7BD9,DA42,DIAMOND AIRCRAFT INDUSTRIES INC.,DA 42,79e1e4ad52f3fc87a2286fdab04a08a3d65d9691c7bb111a043435c6a41354f6,True,4
51854,6300,240926_ML.npy,2026-09-24,2026-09-24 04:56:03.795682,7C7BD9,DA42,DIAMOND AIRCRAFT INDUSTRIES INC.,DA 42,f56e2c6bceca176eab083c0b8581bc86831b7b19dbdd7f1b3acd0fb7a4dd59a2,True,4
51855,6301,240926_ML.npy,2026-09-24,2026-09-24 04:56:04.141403,7C7BD9,DA42,DIAMOND AIRCRAFT INDUSTRIES INC.,DA 42,525ae551d2a8e5c6f03e3b6ec91d4c777244f9228debb873ff81f3b2db41ad10,True,2
51857,6303,240926_ML.npy,2026-09-24,2026-09-24 04:56:05.497938,7C7BD9,DA42,DIAMOND AIRCRAFT INDUSTRIES INC.,DA 42,405a902b48d199a48c23a5232b0adb41c9952381325f828d0743c6866778e368,True,2
51858,6304,240926_ML.npy,2026-09-24,2026-09-24 04:56:06.458095,7C7BD9,DA42,DIAMOND AIRCRAFT INDUSTRIES INC.,DA 42,99668082c2dd5eaed76323d254132428e1d61984f47d328f7c99c16d234933bc,True,5
51864,6310,240926_ML.npy,2026-09-24,2026-09-24 04:56:10.102985,7C7BD9,DA42,DIAMOND AIRCRAFT INDUSTRIES INC.,DA 42,db304b8b13605f9175be30d328bf847df973487d35c284230385681d7fdba791,True,1
51867,6313,240926_ML.npy,2026-09-24,2026-09-24 04:56:14.563362,7C7BD9,DA42,DIAMOND AIRCRAFT INDUSTRIES INC.,DA 42,ed05c86cf59ba621af4418ee7ca9fe020dd19e7c519e6a0ba23a13031f916d4f,True,2
51909,6355,240926_ML.npy,2026-09-24,2026-09-24 04:57:41.516121,7C67D7,C172,CESSNA AIRCRAFT COMPANY,172S,185b73cfd07faa3a87882415f449f0e82f34c011b20ac637de17fde6d671d411,True,3
51915,6361,240926_ML.npy,2026-09-24,2026-09-24 04:57:49.212863,7C67D7,C172,CESSNA AIRCRAFT COMPANY,172S,3e4d2d6eea87ceec1374e7341e8584ab6bde197284b9dd21b74e0e465c54c05e,True,5
51918,6364,240926_ML.npy,2026-09-24,2026-09-24 04:57:59.990504,7C67D7,C172,CESSNA AIRCRAFT COMPANY,172S,37b4fe6c6e84e443276476f525b5724e415f964bc66632a0196f9354dfe3a434,True,5
51921,6367,240926_ML.npy,2026-09-24,2026-09-24 04:58:03.020187,7C1B2A,DA40,DIAMOND AIRCRAFT INDUSTRIES INC.,DA 40,045383c5a2f206f24973d09bad070fd58ff1ddd8f5b5e1d10107ae03df2d58fa,True,2
51957,6403,240926_ML.npy,2026-09-24,2026-09-24 04:59:07.459032,7C0074,C172,CESSNA AIRCRAFT COMPANY,172S,02a1e34d1cb257e86b383afa2722be90b7612bafa9a184dbfd9b2c15dcb4bc8a,True,2
51961,6407,240926_ML.npy,2026-09-24,2026-09-24 04:59:16.887235,7C0074,C172,CESSNA AIRCRAFT COMPANY,172S,4a97a0427dc076a5694cee1186c58b24b192669a96da0507f136ced417963472,True,3
51966,6412,240926_ML.npy,2026-09-24,2026-09-24 04:59:19.105617,7C0074,C172,CESSNA AIRCRAFT COMPANY,172S,976503016d5c665f8473bf214ed2d2caffef23bfff0437fc180c3b57dd0def7a,True,1
51974,6420,240926_ML.npy,2026-09-24,2026-09-24 04:59:29.362364,7C0074,C172,CESSNA AIRCRAFT COMPANY,172S,d9064269dba5958e92bc873df16df5491fb1def48c61b1716123b67d4a9e8d11,True,2
51977,6423,240926_ML.npy,2026-09-24,2026-09-24 04:59:32.498725,7C7BD9,DA42,DIAMOND AIRCRAFT INDUSTRIES INC.,DA 42,643d996acb09b99dc8a51a869748f3883518cf43dc1f5a102a4a96ac3096aaed,True,2
51986,6432,240926_ML.npy,2026-09-24,2026-09-24 04:59:44.171142,7C0074,C172,CESSNA AIRCRAFT COMPANY,172S,1ecabe11b21278c9af3d6956748733beed9e996d463f8b1bedbc85420a670240,True,2
51987,6433,240926_ML.npy,2026-09-24,2026-09-24 04:59:45.253156,7C0074,C172,CESSNA AIRCRAFT COMPANY,172S,a2b39d778e08bd48cbf8bfbf20458f6d3579b216b54a949e16d72cdc5ddad502,True,2
51990,6436,240926_ML.npy,2026-09-24,2026-09-24 04:59:47.611236,7C0074,C172,CESSNA AIRCRAFT COMPANY,172S,0dd637ab99505eba398c8601e652ee5d4a2a1cee5b50b7b2dff56c28e02948df,True,1
51997,6443,240926_ML.npy,2026-09-24,2026-09-24 04:59:52.795811,7C0074,C172,CESSNA AIRCRAFT COMPANY,172S,5532fa585fa96f1295d0a7befdf7b8f9f40c893dbac8d353fffcbc323c6a624b,True,2
52007,6453,240926_ML.npy,2026-09-24,2026-09-24 05:00:02.926891,7C0074,C172,CESSNA AIRCRAFT COMPANY,172S,72032f729de851519a91e2e93f26916f712033511390d5c73d541826fbc678b8,True,4
52015,6461,240926_ML.npy,2026-09-24,2026-09-24 05:01:30.512237,7C7BD9,DA42,DIAMOND AIRCRAFT INDUSTRIES INC.,DA 42,c85e6cf56141dea53e7510f286d4322af0c8ebb75339b755cc97cf57069c7202,True,1
52016,6462,240926_ML.npy,2026-09-24,2026-09-24 05:01:31.199955,7C7BD9,DA42,DIAMOND AIRCRAFT INDUSTRIES INC.,DA 42,ed05c86cf59ba621af4418ee7ca9fe020dd19e7c519e6a0ba23a13031f916d4f,True,2
52017,6463,240926_ML.npy,2026-09-24,2026-09-24 05:01:34.274174,7C7BD9,DA42,DIAMOND AIRCRAFT INDUSTRIES INC.,DA 42,330001d6a30d3f4c1effc65c417081c9c6258abf294fb4d5e289f56e9e27da08,True,5
52023,6469,240926_ML.npy,2026-09-24,2026-09-24 05:01:41.606883,7C7BD9,DA42,DIAMOND AIRCRAFT INDUSTRIES INC.,DA 42,64242844c32eeafa2cd06f8ef525eaa08fea9f9d95b8c197c7b309e0546042d6,True,4
52024,6470,240926_ML.npy,2026-09-24,2026-09-24 05:01:41.613971,7C7BD9,DA42,DIAMOND AIRCRAFT INDUSTRIES INC.,DA 42,ee69e1c010a47a217272b673508232399f8a33ffa71d22f30ff01873da19c607,True,2
52026,6472,240926_ML.npy,2026-09-24,2026-09-24 05:01:43.669403,7C7BD9,DA42,DIAMOND AIRCRAFT INDUSTRIES INC.,DA 42,f6751f8567e373fa753969dae2a99bfb8f10d6080edf7b39a8f8c626e0e9f70b,True,4
52027,6473,240926_ML.npy,2026-09-24,2026-09-24 05:01:45.228210,7C7BD9,DA42,DIAMOND AIRCRAFT INDUSTRIES INC.,DA 42,c0d94ff72e4019ce01cd59cca3e9db43e09c2d07102afc88390e521b5d9c7702,True,2
52030,6476,240926_ML.npy,2026-09-24,2026-09-24 05:01:48.609919,7C1687,DA40,DIAMOND AIRCRAFT INDUSTRIES INC.,DA 40,ed818e4908648a85860fb9ce76f5917c8513671dfc28d815bde8ea3d328b4d4b,True,1
52033,6479,240926_ML.npy,2026-09-24,2026-09-24 05:01:49.446155,7C7BD9,DA42,DIAMOND AIRCRAFT INDUSTRIES INC.,DA 42,db59e3f6778adf88995d48ae670058e731d1deb886f944c2b363927cfff20660,True,3
52034,6480,240926_ML.npy,2026-09-24,2026-09-24 05:01:49.956768,7C7BD9,DA42,DIAMOND AIRCRAFT INDUSTRIES INC.,DA 42,e5d36fb9de7c85e61334b2f89cbaa49f3770ede2d1a8976709216fbdf280be15,True,1
52036,6482,240926_ML.npy,2026-09-24,2026-09-24 05:01:51.026679,7C7BD9,DA42,DIAMOND AIRCRAFT INDUSTRIES INC.,DA 42,eff257b9cc62a52756801e8e9f091c38661ffa1a204191ec518f9519d6e5113a,True,4
52037,6483,240926_ML.npy,2026-09-24,2026-09-24 05:01:51.449325,7C7BD9,DA42,DIAMOND AIRCRAFT INDUSTRIES INC.,DA 42,180e2c7ee679e354cbd017ccd2cc25bd13a6dcbeb66cfe442b7e0a3dd3c8ca6a,True,2
52039,6485,240926_ML.npy,2026-09-24,2026-09-24 05:01:51.768545,7C1687,DA40,DIAMOND AIRCRAFT INDUSTRIES INC.,DA 40,218dbe9af758dcb70c1d651bce23039950cff42630ae160868f0c6c5473728f0,True,5
52040,6486,240926_ML.npy,2026-09-24,2026-09-24 05:01:53.498461,7C7BD9,DA42,DIAMOND AIRCRAFT INDUSTRIES INC.,DA 42,b5179066f122b4126a89d8db92cac5fdf2cbbd36311849359848ffb19e28a907,True,3
52046,6492,240926_ML.npy,2026-09-24,2026-09-24 05:01:57.100486,7C7BD9,DA42,DIAMOND AIRCRAFT INDUSTRIES INC.,DA 42,c8219be56c7a1703725cae414c76b08b4b01c9bde0e3aff1965847e232c36e00,True,1
52047,6493,240926_ML.npy,2026-09-24,2026-09-24 05:01:58.276628,7C7BD9,DA42,DIAMOND AIRCRAFT INDUSTRIES INC.,DA 42,330001d6a30d3f4c1effc65c417081c9c6258abf294fb4d5e289f56e9e27da08,True,5
52053,6499,240926_ML.npy,2026-09-24,2026-09-24 05:02:08.070275,7C1687,DA40,DIAMOND AIRCRAFT INDUSTRIES INC.,DA 40,079d3b45f72361f1b4a51adb78bb52408e340a4dc05536cbfcc6c5e33c811ca6,True,3
52060,6506,240926_ML.npy,2026-09-24,2026-09-24 05:02:25.927987,7C1687,DA40,DIAMOND AIRCRAFT INDUSTRIES INC.,DA 40,ce6b291b0630df8bd3b61d6bb62ad649908dd4c08a9fe80abb633b643fa359fb,True,5
52069,6515,240926_ML.npy,2026-09-24,2026-09-24 05:02:40.833043,7C1687,DA40,DIAMOND AIRCRAFT INDUSTRIES INC.,DA 40,56f8fbaa26a3d3afd08923cc664e8174221a43a64f2bd2a60de0572c3522891e,True,3
52129,6575,240926_ML.npy,2026-09-24,2026-09-24 05:04:18.560937,7C1B2A,DA40,DIAMOND AIRCRAFT INDUSTRIES INC.,DA 40,e1c0d03583ef0de2b9a348547ea274e6258685a40a55e5a5b4efaece21d93bc5,True,1
52143,6589,240926_ML.npy,2026-09-24,2026-09-24 05:04:56.491379,7C0D65,DA42,DIAMOND AIRCRAFT INDUSTRIES INC.,DA 42,3cf60111a4de603b34ea71e04b2422ebb03a2e3b177e3f1f3c0a47b5ae913203,True,5
52145,6591,240926_ML.npy,2026-09-24,2026-09-24 05:05:00.780190,7C0D65,DA42,DIAMOND AIRCRAFT INDUSTRIES INC.,DA 42,a65b75969033be11484b0bfcc77ca5689aa010ceb6b69f704c050d4f2b2500a1,True,4
52148,6594,240926_ML.npy,2026-09-24,2026-09-24 05:05:01.471552,7C0D65,DA42,DIAMOND AIRCRAFT INDUSTRIES INC.,DA 42,4276a90ccc8c4ca70db34b15f33e0d428b75def97b7dc09b59411a5d3b36dcb3,True,1
52149,6595,240926_ML.npy,2026-09-24,2026-09-24 05:05:02.247635,7C0D65,DA42,DIAMOND AIRCRAFT INDUSTRIES INC.,DA 42,7cc670331cef95643d8418f5be7552ca500d6343ac581b7f7419957989ec2329,True,2
52150,6596,240926_ML.npy,2026-09-24,2026-09-24 05:05:02.252520,7C0D65,DA42,DIAMOND AIRCRAFT INDUSTRIES INC.,DA 42,0253986e5d9a67d95be96e631093623a722f45e4ca68b95234da12e0c7aa788e,True,4
52153,6599,240926_ML.npy,2026-09-24,2026-09-24 05:05:05.967271,7C0D65,DA42,DIAMOND AIRCRAFT INDUSTRIES INC.,DA 42,04b686c1dec303818333a823dea86669591a2b34efd8efd724eb57585ffe13ec,True,2
52154,6600,240926_ML.npy,2026-09-24,2026-09-24 05:05:06.364661,7C0D65,DA42,DIAMOND AIRCRAFT INDUSTRIES INC.,DA 42,b7f662269f742be84b1ad1a184636de3efb3e7bfba90889fd2f0ed963180c853,True,3
52155,6601,240926_ML.npy,2026-09-24,2026-09-24 05:05:10.588086,7C0D65,DA42,DIAMOND AIRCRAFT INDUSTRIES INC.,DA 42,c1175dbefb8fc97d7e16c0bcd4faed4915f5ae5541e11f81d05e83dd541f2608,True,1
52156,6602,240926_ML.npy,2026-09-24,2026-09-24 05:05:10.592349,7C0D65,DA42,DIAMOND AIRCRAFT INDUSTRIES INC.,DA 42,0630b4a26a97eb5fb999d569d6dec4dba975283c366b841a767c54ed2611d579,True,1
52157,6603,240926_ML.npy,2026-09-24,2026-09-24 05:05:10.891417,7C0D65,DA42,DIAMOND AIRCRAFT INDUSTRIES INC.,DA 42,6d30a9dc31c311e18706b5effb3c1a3dbcdbab3c7a44d7c4caf491257d12c552,True,4
52160,6606,240926_ML.npy,2026-09-24,2026-09-24 05:05:14.422496,7C0D65,DA42,DIAMOND AIRCRAFT INDUSTRIES INC.,DA 42,2bc6fe88f0480a2aa1394c352a06f804829d4d37dd0a1d7633a522212544bb71,True,5
52161,6607,240926_ML.npy,2026-09-24,2026-09-24 05:05:14.425610,7C0D65,DA42,DIAMOND AIRCRAFT INDUSTRIES INC.,DA 42,10a2be1a70943225c5e9716588528046c9e9800a2e9c8be374fce82422ce18f3,True,3
52162,6608,240926_ML.npy,2026-09-24,2026-09-24 05:05:17.325714,7C7BD9,DA42,DIAMOND AIRCRAFT INDUSTRIES INC.,DA 42,330001d6a30d3f4c1effc65c417081c9c6258abf294fb4d5e289f56e9e27da08,True,4
52163,6609,240926_ML.npy,2026-09-24,2026-09-24 05:05:17.505976,7C0D65,DA42,DIAMOND AIRCRAFT INDUSTRIES INC.,DA 42,581145ce3809f9433365abc00df04b94da8e767b51175a6ef0f9390509b8283f,True,3
52168,6614,240926_ML.npy,2026-09-24,2026-09-24 05:05:19.306019,7C0D65,DA42,DIAMOND AIRCRAFT INDUSTRIES INC.,DA 42,759dedba59d1715351cf440d32ca9610215ac841cf074dd6e0e06c828cf7ca9b,True,1
52170,6616,240926_ML.npy,2026-09-24,2026-09-24 05:05:20.399089,7C0D65,DA42,DIAMOND AIRCRAFT INDUSTRIES INC.,DA 42,dc45000c5b4e2e4f68ca23273b504bf9c4ce7c97c6509744bb5925ef9449e988,True,2
52171,6617,240926_ML.npy,2026-09-24,2026-09-24 05:05:20.405463,7C0D65,DA42,DIAMOND AIRCRAFT INDUSTRIES INC.,DA 42,32326d8b0bb802746744f0d2e7b716dd87f0a9dbe0d7a9bcb45d0d83dea9d277,True,2
52173,6619,240926_ML.npy,2026-09-24,2026-09-24 05:05:23.652348,7C7BD9,DA42,DIAMOND AIRCRAFT INDUSTRIES INC.,DA 42,94dc0a4bf6a5dde925d4b544c4b0b94ddd3386edf856c10fb9887a497a4477fc,True,4
52174,6620,240926_ML.npy,2026-09-24,2026-09-24 05:05:23.677594,7C0D65,DA42,DIAMOND AIRCRAFT INDUSTRIES INC.,DA 42,346318c09ac2beea5eeb5d8453d4a675bba9f0654c74defd10b0425374fd05a0,True,2
52175,6621,240926_ML.npy,2026-09-24,2026-09-24 05:05:23.681437,7C0D65,DA42,DIAMOND AIRCRAFT INDUSTRIES INC.,DA 42,a0ba580f5e8ce509ca2150443e03c92462e1c6c5ba6eaeaf6f78159ddf0008a0,True,3
52176,6622,240926_ML.npy,2026-09-24,2026-09-24 05:05:26.255880,7C7BD9,DA42,DIAMOND AIRCRAFT INDUSTRIES INC.,DA 42,405a902b48d199a48c23a5232b0adb41c9952381325f828d0743c6866778e368,True,4
52181,6627,240926_ML.npy,2026-09-24,2026-09-24 05:05:31.682994,7C0D65,DA42,DIAMOND AIRCRAFT INDUSTRIES INC.,DA 42,b169d2aca55633025358ef3e166ac504ca55686c0b6d004de60079c18c2ffab1,True,2
52184,6630,240926_ML.npy,2026-09-24,2026-09-24 05:05:34.139215,7C0D65,DA42,DIAMOND AIRCRAFT INDUSTRIES INC.,DA 42,07934a00ff410b61a94220a6e24800cfec56378d098ee3e111f9cfcd0aee1f7e,True,2
52185,6631,240926_ML.npy,2026-09-24,2026-09-24 05:05:35.378556,7C7BD9,DA42,DIAMOND AIRCRAFT INDUSTRIES INC.,DA 42,ed05c86cf59ba621af4418ee7ca9fe020dd19e7c519e6a0ba23a13031f916d4f,True,4
52213,6659,240926_ML.npy,2026-09-24,2026-09-24 05:06:38.401616,7C7C2E,DA40,DIAMOND AIRCRAFT INDUSTRIES INC.,DA 40,0e84f8de209e5a19425443d6d61e5509d3a6c1916d95e156860f5a7f9b171144,True,3
52241,6687,240926_ML.npy,2026-09-24,2026-09-24 05:07:07.883366,7C7BD9,DA42,DIAMOND AIRCRAFT INDUSTRIES INC.,DA 42,0eea0b93e72e17219a40ffc152a6393ee77316e9cd59f1891f7416618503396b,True,2
52243,6689,240926_ML.npy,2026-09-24,2026-09-24 05:07:09.315610,7C7C31,DA40,DIAMOND AIRCRAFT INDUSTRIES INC.,DA 40,6b39926653b80769417ab22132d147684c05eb2d8212df4d9477523789fba265,True,2
52250,6696,240926_ML.npy,2026-09-24,2026-09-24 05:07:17.248017,7C7BD9,DA42,DIAMOND AIRCRAFT INDUSTRIES INC.,DA 42,eff257b9cc62a52756801e8e9f091c38661ffa1a204191ec518f9519d6e5113a,True,1
52252,6698,240926_ML.npy,2026-09-24,2026-09-24 05:07:21.093499,7C7BD9,DA42,DIAMOND AIRCRAFT INDUSTRIES INC.,DA 42,ed05c86cf59ba621af4418ee7ca9fe020dd19e7c519e6a0ba23a13031f916d4f,True,1
52253,6699,240926_ML.npy,2026-09-24,2026-09-24 05:07:22.622150,7C7BD9,DA42,DIAMOND AIRCRAFT INDUSTRIES INC.,DA 42,f954f1fbe6c72192a6df42a2478f047cffbdf07403263799ff57e86acd754c84,True,5
52255,6701,240926_ML.npy,2026-09-24,2026-09-24 05:07:23.054925,7C7BD9,DA42,DIAMOND AIRCRAFT INDUSTRIES INC.,DA 42,330001d6a30d3f4c1effc65c417081c9c6258abf294fb4d5e289f56e9e27da08,True,4
52260,6706,240926_ML.npy,2026-09-24,2026-09-24 05:07:27.933170,7C7BD9,DA42,DIAMOND AIRCRAFT INDUSTRIES INC.,DA 42,d020c077196f703ad393883f5923822245bf840a1a3b9314f66fad30afb42a0e,True,4
52265,6711,240926_ML.npy,2026-09-24,2026-09-24 05:07:32.208499,7C7BD9,DA42,DIAMOND AIRCRAFT INDUSTRIES INC.,DA 42,405a902b48d199a48c23a5232b0adb41c9952381325f828d0743c6866778e368,True,4
52267,6713,240926_ML.npy,2026-09-24,2026-09-24 05:07:34.619005,7C7C31,DA40,DIAMOND AIRCRAFT INDUSTRIES INC.,DA 40,f2da250d641801678e4b7c1d0909ee3a201109e317d9daad15813e6ebcc3880c,True,4
52274,6720,240926_ML.npy,2026-09-24,2026-09-24 05:07:36.702812,7C7BD9,DA42,DIAMOND AIRCRAFT INDUSTRIES INC.,DA 42,330001d6a30d3f4c1effc65c417081c9c6258abf294fb4d5e289f56e9e27da08,True,3
52277,6723,240926_ML.npy,2026-09-24,2026-09-24 05:07:37.167976,7C7BD9,DA42,DIAMOND AIRCRAFT INDUSTRIES INC.,DA 42,405a902b48d199a48c23a5232b0adb41c9952381325f828d0743c6866778e368,True,4
52279,6725,240926_ML.npy,2026-09-24,2026-09-24 05:07:40.577650,7C7BD9,DA42,DIAMOND AIRCRAFT INDUSTRIES INC.,DA 42,036aace8fe2e489128b5f620e0c49c4310ae0e31d5fa71325872cdc1aafa1d51,True,1
52281,6727,240926_ML.npy,2026-09-24,2026-09-24 05:07:42.635006,7C7BD9,DA42,DIAMOND AIRCRAFT INDUSTRIES INC.,DA 42,6bed6ba44637c0b8f298400f5689cfdafe800ae8796891ec9374c4c8929d2991,True,2
52284,6730,240926_ML.npy,2026-09-24,2026-09-24 05:07:44.643737,7C7BD9,DA42,DIAMOND AIRCRAFT INDUSTRIES INC.,DA 42,c04b78f704da7c5b846741a57a00792b54a748ca592c597f12d8adb417d9f2f7,True,3
52323,6769,240926_ML.npy,2026-09-24,2026-09-24 05:09:01.139647,7C1687,DA40,DIAMOND AIRCRAFT INDUSTRIES INC.,DA 40,dd8d48ec8d77ae7fc78dc4723a24b4a5e684f70f00b75e33314f15bce5e50d6c,True,3
52396,6842,240926_ML.npy,2026-09-24,2026-09-24 05:10:14.351248,7C7C31,DA40,DIAMOND AIRCRAFT INDUSTRIES INC.,DA 40,6b855b74babd400daa95eef76eacc9ca11f6b2613513270c0201a00d1dfa6067,True,2
52456,6902,240926_ML.npy,2026-09-24,2026-09-24 05:13:10.210122,7C1687,DA40,DIAMOND AIRCRAFT INDUSTRIES INC.,DA 40,9245337332d086abbcb548236c4de75e792b6adba1fe969b87da4410e3bba632,True,2
52532,6978,240926_ML.npy,2026-09-24,2026-09-24 05:15:45.824339,7C168A,DA40,DIAMOND AIRCRAFT INDUSTRIES INC.,DA 40,0ba2574ebda27a878d9dfc98c44c64d4f89cb1b7a50499cee7e457cce62c8f7b,True,1
52539,6985,240926_ML.npy,2026-09-24,2026-09-24 05:15:55.363731,7C168A,DA40,DIAMOND AIRCRAFT INDUSTRIES INC.,DA 40,58d8d478cc9764a73b534f547da906925620a7438f515cf854b0e89a9a02ad01,True,3
52567,7013,240926_ML.npy,2026-09-24,2026-09-24 05:16:11.108632,7C168A,DA40,DIAMOND AIRCRAFT INDUSTRIES INC.,DA 40,5d7c8318c3e57fb4f8c6397fdbb3fdbf9450841b1ddd117228dd0132bdce2e03,True,2
52589,7035,240926_ML.npy,2026-09-24,2026-09-24 05:16:46.146743,7C7C2E,DA40,DIAMOND AIRCRAFT INDUSTRIES INC.,DA 40,174a669b97b28e33b74911ca5a55d0429495633336678b9d7eb4b7817612b381,True,3
52634,7080,240926_ML.npy,2026-09-24,2026-09-24 05:18:11.505538,7C7AF0,DA40,DIAMOND AIRCRAFT INDUSTRIES INC.,DA 40,553ce7d078a8e07518ea0b23d3aadd547c2a1d1dbf6ff1dd0eb3208d23cb8fe3,True,4
52636,7082,240926_ML.npy,2026-09-24,2026-09-24 05:18:13.191464,7C7AF0,DA40,DIAMOND AIRCRAFT INDUSTRIES INC.,DA 40,7f5c608e3fecc9a3eea2f595d5e01942f66b5913e4d0a6312ec8da49e7cbd253,True,5
52643,7089,240926_ML.npy,2026-09-24,2026-09-24 05:18:16.356872,7C7AF0,DA40,DIAMOND AIRCRAFT INDUSTRIES INC.,DA 40,553ce7d078a8e07518ea0b23d3aadd547c2a1d1dbf6ff1dd0eb3208d23cb8fe3,True,5
52667,7113,240926_ML.npy,2026-09-24,2026-09-24 05:18:28.915198,7C0074,C172,CESSNA AIRCRAFT COMPANY,172S,975bbbee8487aceec6ef03000a839da46db3f6c29a567aac1cd4626158f7f4b2,True,3
52717,7163,240926_ML.npy,2026-09-24,2026-09-24 05:19:34.239398,7C0074,C172,CESSNA AIRCRAFT COMPANY,172S,a2b39d778e08bd48cbf8bfbf20458f6d3579b216b54a949e16d72cdc5ddad502,True,3
52721,7167,240926_ML.npy,2026-09-24,2026-09-24 05:19:38.208060,7C0074,C172,CESSNA AIRCRAFT COMPANY,172S,a19b294de8f89acce375f8976e4a067813cc9c4bd52b45c8e7f7f87efed20a56,True,4
52722,7168,240926_ML.npy,2026-09-24,2026-09-24 05:19:39.254534,7C0074,C172,CESSNA AIRCRAFT COMPANY,172S,a2b39d778e08bd48cbf8bfbf20458f6d3579b216b54a949e16d72cdc5ddad502,True,2
52729,7175,240926_ML.npy,2026-09-24,2026-09-24 05:19:44.478744,7C0074,C172,CESSNA AIRCRAFT COMPANY,172S,09dd05b2f36a1a9af2bdca3dd66e0cf6110500d69c63f42e2d9ca1457a44e292,True,3
52734,7180,240926_ML.npy,2026-09-24,2026-09-24 05:19:49.549579,7C0074,C172,CESSNA AIRCRAFT COMPANY,172S,6ff70f780c58d8f38f5a97803578fbb487d74b0e0ac8b996c72cd90f77de89b2,True,5
52738,7184,240926_ML.npy,2026-09-24,2026-09-24 05:20:02.043099,7C0074,C172,CESSNA AIRCRAFT COMPANY,172S,65b0f64aecac6428c1ae6dc638962ccf8808357ac10d27f9b3987f8122049a38,True,2
52740,7186,240926_ML.npy,2026-09-24,2026-09-24 05:20:02.553640,7C0074,C172,CESSNA AIRCRAFT COMPANY,172S,140fdbb79463776912ed5e9a4252e26203e5259b6da48498e9b1ddb0c205f7bf,True,5
52745,7191,240926_ML.npy,2026-09-24,2026-09-24 05:20:04.250126,7C0074,C172,CESSNA AIRCRAFT COMPANY,172S,a2b39d778e08bd48cbf8bfbf20458f6d3579b216b54a949e16d72cdc5ddad502,True,5
52747,7193,240926_ML.npy,2026-09-24,2026-09-24 05:20:06.310064,7C0074,C172,CESSNA AIRCRAFT COMPANY,172S,145d3497d32bfb2c88b028010bb758d834a23c09390f2cb0b1ad57175631afe6,True,4
52751,7197,240926_ML.npy,2026-09-24,2026-09-24 05:20:09.791201,7C0074,C172,CESSNA AIRCRAFT COMPANY,172S,e6fe56e8fa809626813f10d996bd4d78e0a24fdb23334b51ec8275fc6dc87a89,True,3
52752,7198,240926_ML.npy,2026-09-24,2026-09-24 05:20:11.435089,7C0074,C172,CESSNA AIRCRAFT COMPANY,172S,f0f095375bfc5d32f2d6a1fa3b22b3be3596f858638d335d8786c1ba0eb030ec,True,2
52754,7200,240926_ML.npy,2026-09-24,2026-09-24 05:20:12.021129,7C0074,C172,CESSNA AIRCRAFT COMPANY,172S,f0f095375bfc5d32f2d6a1fa3b22b3be3596f858638d335d8786c1ba0eb030ec,True,2
52756,7202,240926_ML.npy,2026-09-24,2026-09-24 05:20:17.375842,7C0074,C172,CESSNA AIRCRAFT COMPANY,172S,d0d5bc7be7fb1af9d9dcee689bddecc54c3cf6a40620e583e7f07dd0f842b3a7,True,1
52846,7292,240926_ML.npy,2026-09-24,2026-09-24 05:22:55.796446,7C7C2E,DA40,DIAMOND AIRCRAFT INDUSTRIES INC.,DA 40,aad543bad08bc11be34842000bda84912b008d2b141123c9ba8e487fbda882ff,True,3
52849,7295,240926_ML.npy,2026-09-24,2026-09-24 05:22:59.669359,7C7C3E,DA40,DIAMOND AIRCRAFT INDUSTRIES INC.,DA 40,6d1fd606ead15568a3f9d4a7da20ffc4aa20439b24cab8783f8ad9ee7a191e34,True,1
52850,7296,240926_ML.npy,2026-09-24,2026-09-24 05:23:02.071563,7C7C2E,DA40,DIAMOND AIRCRAFT INDUSTRIES INC.,DA 40,cf1cf555a775c50935b36dd9c8a8e898a0377c9599f865503f4d96e1178db06d,True,2
52853,7299,240926_ML.npy,2026-09-24,2026-09-24 05:23:04.933770,7C7C3E,DA40,DIAMOND AIRCRAFT INDUSTRIES INC.,DA 40,fd30f5295a429563a8bcd9ccced0156a7ae4c73bf541468366830b22dae2b8cf,True,1
52885,7331,240926_ML.npy,2026-09-24,2026-09-24 05:23:29.214452,7C7C3E,DA40,DIAMOND AIRCRAFT INDUSTRIES INC.,DA 40,25c4a54f0a98c800f528a3fb06af4db806a7728e579160126796918d20340d6c,True,2
52902,7348,240926_ML.npy,2026-09-24,2026-09-24 05:24:00.936884,7C6C18,C172,CESSNA AIRCRAFT COMPANY,172S,b5d9c8f1c47dcc95dd781c3a616f0a83f4a7a76f69f3f54d13e5dc57379c74b7,True,2
52905,7351,240926_ML.npy,2026-09-24,2026-09-24 05:24:12.449559,7C7AF0,DA40,DIAMOND AIRCRAFT INDUSTRIES INC.,DA 40,1cdd974b3bbce0ce03112b932126f68fbdb87947a3495338a6e71330755431c9,True,3
52909,7355,240926_ML.npy,2026-09-24,2026-09-24 05:24:17.296812,7C7AF0,DA40,DIAMOND AIRCRAFT INDUSTRIES INC.,DA 40,b6b77a741bf5faac1d230cffb45c2369093b1967de32731891e00b8a0299cbf6,True,1
52913,7359,240926_ML.npy,2026-09-24,2026-09-24 05:24:23.553404,7C6C18,C172,CESSNA AIRCRAFT COMPANY,172S,463ad762817b0dcb8d7aed1c45295e165c34d80be1ff4fa8a5c7069e22c43ca5,True,5
52914,7360,240926_ML.npy,2026-09-24,2026-09-24 05:24:23.559614,7C6C18,C172,CESSNA AIRCRAFT COMPANY,172S,c59ac05c2e850ea4aead2e8572891dee12a33187693e5877bc428b925a9bd00f,True,2
52922,7368,240926_ML.npy,2026-09-24,2026-09-24 05:24:31.278747,7C6C18,C172,CESSNA AIRCRAFT COMPANY,172S,e1185880765188713bebf62e525ba954dd232a63b15396d36e60476e71c82706,True,5
52923,7369,240926_ML.npy,2026-09-24,2026-09-24 05:24:31.285003,7C6C18,C172,CESSNA AIRCRAFT COMPANY,172S,02da8197ff56d38c2b304216633060401945b8494a430c2900f090f1e6b69170,True,2
52930,7376,240926_ML.npy,2026-09-24,2026-09-24 05:24:40.811461,7C6C18,C172,CESSNA AIRCRAFT COMPANY,172S,1796194b32684a332105caad66f22f530863dbba216d879ddb5118c8c5ffc2c9,True,3
52945,7391,240926_ML.npy,2026-09-24,2026-09-24 05:24:50.240546,7C1687,DA40,DIAMOND AIRCRAFT INDUSTRIES INC.,DA 40,f6e1507edbe2258dd3a9f2a0c98ab80d1a6019c231da973887dbf35ed06e3415,True,1
52946,7392,240926_ML.npy,2026-09-24,2026-09-24 05:24:52.315747,7C6C18,C172,CESSNA AIRCRAFT COMPANY,172S,7fb0899b7d02ba2c2ea6efbae7851f64b7a7e9ac9f16557eafdfc0a3db7b833c,True,3
52957,7403,240926_ML.npy,2026-09-24,2026-09-24 05:24:59.195241,7C6C18,C172,CESSNA AIRCRAFT COMPANY,172S,aeeed0f16936f1cd6701ec8af8f84df17e2e5fa16838090c4ffdb173999745a8,True,4
52983,7429,240926_ML.npy,2026-09-24,2026-09-24 05:25:12.310264,7C6C18,C172,CESSNA AIRCRAFT COMPANY,172S,203f99fc5ce3a09610df6060ca908e496d451043719572c6b25efbe7ae9cf6e2,True,2
52984,7430,240926_ML.npy,2026-09-24,2026-09-24 05:25:12.881389,7C6C18,C172,CESSNA AIRCRAFT COMPANY,172S,9183e0a929c728ea4a39f6b5b5266bf5e48524083cebcd8c6f002e107e9c69cf,True,5
52990,7436,240926_ML.npy,2026-09-24,2026-09-24 05:25:20.337067,7C6C18,C172,CESSNA AIRCRAFT COMPANY,172S,934c1331ac8b7611f322d7bc432e1b2ff147a426448e1c158b2503d92ffe4418,True,2
52994,7440,240926_ML.npy,2026-09-24,2026-09-24 05:25:28.434263,7C0074,C172,CESSNA AIRCRAFT COMPANY,172S,54bd8d43091c0f999af46cf794dca7d7cb8b5278dadfce3f2a9a9aa6057c2462,True,5
52998,7444,240926_ML.npy,2026-09-24,2026-09-24 05:25:41.067064,7C0074,C172,CESSNA AIRCRAFT COMPANY,172S,3ce829d796f623bc10b62eec37b1757bce3174127e4aaa92e7bccd065065c308,True,3
53005,7451,240926_ML.npy,2026-09-24,2026-09-24 05:25:47.112766,7C0074,C172,CESSNA AIRCRAFT COMPANY,172S,08daf4848d49f70a6f9ab1e164e36401af4498f914d991eb2b9d21519bd13ad5,True,4
53016,7462,240926_ML.npy,2026-09-24,2026-09-24 05:25:55.085503,7C0074,C172,CESSNA AIRCRAFT COMPANY,172S,ed5d23d4c1fad9826fffe32b90126d3f7a1e7e84a73089126e01a31562145912,True,2
53102,7548,240926_ML.npy,2026-09-24,2026-09-24 05:28:16.972208,7C7AF0,DA40,DIAMOND AIRCRAFT INDUSTRIES INC.,DA 40,553ce7d078a8e07518ea0b23d3aadd547c2a1d1dbf6ff1dd0eb3208d23cb8fe3,True,1
53140,7586,240926_ML.npy,2026-09-24,2026-09-24 05:29:34.538092,7C7C2E,DA40,DIAMOND AIRCRAFT INDUSTRIES INC.,DA 40,15e60072d62b7ecf4b34577a03a0e2e0da580839bcb7336d5799045b66aad7f5,True,3
53160,7606,240926_ML.npy,2026-09-24,2026-09-24 05:29:52.051069,7C7C2E,DA40,DIAMOND AIRCRAFT INDUSTRIES INC.,DA 40,8fb2177d8fcb1533a4fe82cbba48222136bfef5b40dba438f713d17d577c8a51,True,2
53182,7628,240926_ML.npy,2026-09-24,2026-09-24 05:30:10.442360,7C168B,DA40,DIAMOND AIRCRAFT INDUSTRIES INC.,DA 40,41863be27c7e79502f290c63dccc51991d9efff6c686fdddb85588637c39e074,True,1
53183,7629,240926_ML.npy,2026-09-24,2026-09-24 05:30:11.024281,7C168B,DA40,DIAMOND AIRCRAFT INDUSTRIES INC.,DA 40,3cc8580b2b6a2aac83a9b975580c84ad80b953d67c7a41e3cb5bb2e37b3fb618,True,3
53200,7646,240926_ML.npy,2026-09-24,2026-09-24 05:30:39.720304,7C7AF0,DA40,DIAMOND AIRCRAFT INDUSTRIES INC.,DA 40,553ce7d078a8e07518ea0b23d3aadd547c2a1d1dbf6ff1dd0eb3208d23cb8fe3,True,1
53207,7653,240926_ML.npy,2026-09-24,2026-09-24 05:30:43.303623,7C7AF0,DA40,DIAMOND AIRCRAFT INDUSTRIES INC.,DA 40,553ce7d078a8e07518ea0b23d3aadd547c2a1d1dbf6ff1dd0eb3208d23cb8fe3,True,5
53242,7688,240926_ML.npy,2026-09-24,2026-09-24 05:31:57.446996,7C0074,C172,CESSNA AIRCRAFT COMPANY,172S,8406bd52814ddc048fadf07470c6aab28f6d6bee9be4cd580fed24f966011180,True,2
53254,7700,240926_ML.npy,2026-09-24,2026-09-24 05:32:09.475608,7C0074,C172,CESSNA AIRCRAFT COMPANY,172S,c3ea991849472bf564c30b641d19688f991c027345059a8fdcfa9fa0c860f4a7,True,1
53261,7707,240926_ML.npy,2026-09-24,2026-09-24 05:32:12.193110,7C0074,C172,CESSNA AIRCRAFT COMPANY,172S,7582ee6526d41279443af9ae9599e3dbed5f08ce9e919b98e790dd75945cc5d7,True,3
53265,7711,240926_ML.npy,2026-09-24,2026-09-24 05:32:17.850161,7C0074,C172,CESSNA AIRCRAFT COMPANY,172S,2cc21d7087206ea89a7340337efdabc88836948063b8e09cdb22bcbc94f3247b,True,1
53266,7712,240926_ML.npy,2026-09-24,2026-09-24 05:32:19.044755,7C0074,C172,CESSNA AIRCRAFT COMPANY,172S,a2b39d778e08bd48cbf8bfbf20458f6d3579b216b54a949e16d72cdc5ddad502,True,5
53267,7713,240926_ML.npy,2026-09-24,2026-09-24 05:32:19.454762,7C0074,C172,CESSNA AIRCRAFT COMPANY,172S,672e15edbd8f40540fc5f27628bedacd50e127da47a23426dc326a0a870d8e84,True,3
53270,7716,240926_ML.npy,2026-09-24,2026-09-24 05:32:29.653360,7C0074,C172,CESSNA AIRCRAFT COMPANY,172S,94f966f19e31413783b5ce62dd2714430ca01a16a771db130ac2eaec8025a520,True,2
53277,7723,240926_ML.npy,2026-09-24,2026-09-24 05:32:33.877696,7C7B5F,DA40,DIAMOND AIRCRAFT INDUSTRIES INC.,DA 40,532d9ce805db61b812287866941fd0785181df1a75b97068feca8434d20b79fd,True,3
53321,7767,240926_ML.npy,2026-09-24,2026-09-24 05:33:37.593656,7C67D7,C172,CESSNA AIRCRAFT COMPANY,172S,b80a63f2a4f4023b8ffb012051df365e2cf049a709ed28d9d430502e5f8fe901,True,5
53329,7775,240926_ML.npy,2026-09-24,2026-09-24 05:34:16.355804,7C7B5F,DA40,DIAMOND AIRCRAFT INDUSTRIES INC.,DA 40,a3fa0d60ce71fb6996d0ab60e269b4c4d24ccf98b01070db0e14dbbdf57e5734,True,5
53334,7780,240926_ML.npy,2026-09-24,2026-09-24 05:34:22.599283,7C7B5F,DA40,DIAMOND AIRCRAFT INDUSTRIES INC.,DA 40,49926832843c50f674574f1e9e9b40a6d56e5a65eb7df0ec923b632e87a993a1,True,3
53343,7789,240926_ML.npy,2026-09-24,2026-09-24 05:34:32.291262,7C7B5F,DA40,DIAMOND AIRCRAFT INDUSTRIES INC.,DA 40,9c2dc9f86ac618e95bb22301a2d9410dd49f4f1cb6ac721f80a9ca6d28a1a855,True,1
53346,7792,240926_ML.npy,2026-09-24,2026-09-24 05:34:34.002608,7C67D7,C172,CESSNA AIRCRAFT COMPANY,172S,02f1b0474d434ce75e66049d210672d7a8ee4ccb2638ca92240ebd3d349c24f2,True,4
53352,7798,240926_ML.npy,2026-09-24,2026-09-24 05:34:38.037749,7C7B5F,DA40,DIAMOND AIRCRAFT INDUSTRIES INC.,DA 40,04d22d2d0854e9755e668b2dd8ed7e2f015ebb58e1f22a23acb83e473eccd86f,True,5
53366,7812,240926_ML.npy,2026-09-24,2026-09-24 05:34:53.790589,7C7AF0,DA40,DIAMOND AIRCRAFT INDUSTRIES INC.,DA 40,70b9f893f9957aec93ea68c3ec024ceb73d95585e85f3cb651bd01d8b5c6b83d,True,3
53377,7823,240926_ML.npy,2026-09-24,2026-09-24 05:35:04.686127,7C7C2E,DA40,DIAMOND AIRCRAFT INDUSTRIES INC.,DA 40,cf1cf555a775c50935b36dd9c8a8e898a0377c9599f865503f4d96e1178db06d,True,5
53383,7829,240926_ML.npy,2026-09-24,2026-09-24 05:35:12.352148,7C67D7,C172,CESSNA AIRCRAFT COMPANY,172S,e6f982462b0b93f9185bf95a5e37312ab68ee328673cfd0ab66368396395217e,True,4
53386,7832,240926_ML.npy,2026-09-24,2026-09-24 05:35:16.242626,7C67D7,C172,CESSNA AIRCRAFT COMPANY,172S,984aed4e4968c0feee1fb1ef465610e9aafc7f5cc848f96a65611b82550595f8,True,1
53392,7838,240926_ML.npy,2026-09-24,2026-09-24 05:35:18.719718,7C7C2E,DA40,DIAMOND AIRCRAFT INDUSTRIES INC.,DA 40,ab985764ff9649d3b92c1c5845b1848efb212061aa52bd3d65f4e31cca6bea6b,True,4
53406,7852,240926_ML.npy,2026-09-24,2026-09-24 05:35:34.631286,7C67D7,C172,CESSNA AIRCRAFT COMPANY,172S,51e1fc311f07f2a6ce1d8ccbdc80ee87baca0caac02f510e6f2cf239942cf7a6,True,1
53411,7857,240926_ML.npy,2026-09-24,2026-09-24 05:35:42.474325,7C67D7,C172,CESSNA AIRCRAFT COMPANY,172S,61e17800721cf3ec38f4c939cbd7dd43bcdfbf2e94d0998879366c929d38a38f,True,3
53412,7858,240926_ML.npy,2026-09-24,2026-09-24 05:35:44.136299,7C67D7,C172,CESSNA AIRCRAFT COMPANY,172S,0062b26668be4078510a8033589aa182d0633c66719e22d2612636a84f2d99ee,True,4
53420,7866,240926_ML.npy,2026-09-24,2026-09-24 05:35:49.116598,7C67D7,C172,CESSNA AIRCRAFT COMPANY,172S,ebbf7484cc8f9e3d3b73fc45be3681001da1e1dee4970b87a92c806fa5442d0c,True,3
53421,7867,240926_ML.npy,2026-09-24,2026-09-24 05:35:50.128926,7C67D7,C172,CESSNA AIRCRAFT COMPANY,172S,f5481860b8915f619a6c93f9a90e4ae864e1725180f108d6ccc60dbe7b7f2f29,True,4
53438,7884,240926_ML.npy,2026-09-24,2026-09-24 05:36:08.274032,7C67D7,C172,CESSNA AIRCRAFT COMPANY,172S,b80a63f2a4f4023b8ffb012051df365e2cf049a709ed28d9d430502e5f8fe901,True,4
53461,7907,240926_ML.npy,2026-09-24,2026-09-24 05:36:43.792021,7C7AF0,DA40,DIAMOND AIRCRAFT INDUSTRIES INC.,DA 40,553ce7d078a8e07518ea0b23d3aadd547c2a1d1dbf6ff1dd0eb3208d23cb8fe3,True,3
53464,7910,240926_ML.npy,2026-09-24,2026-09-24 05:36:55.915896,7C7AF0,DA40,DIAMOND AIRCRAFT INDUSTRIES INC.,DA 40,7b1080686bfd35919da46f19ad7ec014adc647cf768188f5d39123610804be4f,True,5
53474,7920,240926_ML.npy,2026-09-24,2026-09-24 05:37:43.054316,7C0074,C172,CESSNA AIRCRAFT COMPANY,172S,9f116eff34b6d86daf87689344306a1b59b7d629dd83bf1a8918188daf3f61e5,True,4
53478,7924,240926_ML.npy,2026-09-24,2026-09-24 05:37:52.276342,7C0074,C172,CESSNA AIRCRAFT COMPANY,172S,532cf9b4cf5ad3da7267a5f4057683cadb63b86f94965b588cc2d12a155db75b,True,4
53483,7929,240926_ML.npy,2026-09-24,2026-09-24 05:37:55.694368,7C0074,C172,CESSNA AIRCRAFT COMPANY,172S,a2b39d778e08bd48cbf8bfbf20458f6d3579b216b54a949e16d72cdc5ddad502,True,3
53488,7934,240926_ML.npy,2026-09-24,2026-09-24 05:37:58.710003,7C67D7,C172,CESSNA AIRCRAFT COMPANY,172S,b256168d307d0d4857d4203172bd98c2ba4f357d6f477f63eee0c1dc2962bdef,True,5
53489,7935,240926_ML.npy,2026-09-24,2026-09-24 05:37:58.712927,7C67D7,C172,CESSNA AIRCRAFT COMPANY,172S,55c112d9397a1836383066120504d3d6c460b338b1e685eda529ab52a0775b9a,True,4
53490,7936,240926_ML.npy,2026-09-24,2026-09-24 05:37:59.395381,7C0074,C172,CESSNA AIRCRAFT COMPANY,172S,d22ab337fd168fd4868f6318abb904fb60c2df1de295de6f12390f2502d6ab27,True,2
53498,7944,240926_ML.npy,2026-09-24,2026-09-24 05:38:03.474495,7C67D7,C172,CESSNA AIRCRAFT COMPANY,172S,acc11ff45a374987832c9e08bafd5e2df1bda2e5a96d6c169cc1e9d6aaba87de,True,2
53502,7948,240926_ML.npy,2026-09-24,2026-09-24 05:38:03.804146,7C0074,C172,CESSNA AIRCRAFT COMPANY,172S,9358ff839061aa8e82f17f67bc57dd10a8ce75d2d2d5a696e5ec5c399b577eb7,True,1
53506,7952,240926_ML.npy,2026-09-24,2026-09-24 05:38:05.380278,7C0074,C172,CESSNA AIRCRAFT COMPANY,172S,ff070c1ae8f184ac73997a0a41d28a45f262a3ea5a8dab7e658769ed6511051b,True,3
53547,7993,240926_ML.npy,2026-09-24,2026-09-24 05:38:27.808853,7C0074,C172,CESSNA AIRCRAFT COMPANY,172S,59740b3d89ff72d6ea3a05cc0308cdc8e693547ca208279c81307c46c46b332f,True,5
53548,7994,240926_ML.npy,2026-09-24,2026-09-24 05:38:30.113510,7C0074,C172,CESSNA AIRCRAFT COMPANY,172S,3ce829d796f623bc10b62eec37b1757bce3174127e4aaa92e7bccd065065c308,True,4
53555,8001,240926_ML.npy,2026-09-24,2026-09-24 05:38:35.925214,7C67D7,C172,CESSNA AIRCRAFT COMPANY,172S,1e2fd74fcabe7a0c3324c9842bf4d968cd6e273b55a22c61b1d9ff26561e3cc2,True,2
53559,8005,240926_ML.npy,2026-09-24,2026-09-24 05:38:36.976421,7C67D7,C172,CESSNA AIRCRAFT COMPANY,172S,61e17800721cf3ec38f4c939cbd7dd43bcdfbf2e94d0998879366c929d38a38f,True,3
53560,8006,240926_ML.npy,2026-09-24,2026-09-24 05:38:37.803932,7C0074,C172,CESSNA AIRCRAFT COMPANY,172S,a2b39d778e08bd48cbf8bfbf20458f6d3579b216b54a949e16d72cdc5ddad502,True,1
53562,8008,240926_ML.npy,2026-09-24,2026-09-24 05:38:39.042841,7C0074,C172,CESSNA AIRCRAFT COMPANY,172S,a2b39d778e08bd48cbf8bfbf20458f6d3579b216b54a949e16d72cdc5ddad502,True,4
53571,8017,240926_ML.npy,2026-09-24,2026-09-24 05:39:18.490212,7C67D7,C172,CESSNA AIRCRAFT COMPANY,172S,32504863c4c9a4ace877987d44873a7ea8e374428c9025881835d4db802a14be,True,3
53580,8026,240926_ML.npy,2026-09-24,2026-09-24 05:39:28.222586,7C67D7,C172,CESSNA AIRCRAFT COMPANY,172S,e7b11ccafa627643be1281eeeb186731072f9ee65032c1ee65289942e39fd8ae,True,1
53584,8030,240926_ML.npy,2026-09-24,2026-09-24 05:40:06.526635,7C67D7,C172,CESSNA AIRCRAFT COMPANY,172S,50100e5276a09ec46dc74eee9635692a22dbd8821544c2d61748c0e265898936,True,2
53592,8038,240926_ML.npy,2026-09-24,2026-09-24 05:40:13.849091,7C67D7,C172,CESSNA AIRCRAFT COMPANY,172S,733afc3e52e23520c565a34d14b79a48a653981e43815d83b093a6f7fbfd4af7,True,2
53593,8039,240926_ML.npy,2026-09-24,2026-09-24 05:40:14.249969,7C67D7,C172,CESSNA AIRCRAFT COMPANY,172S,facd9f3cf200d6f4f38cd2d839e5530e7d5026eebc6809089e29eaac5800fa6b,True,5
53594,8040,240926_ML.npy,2026-09-24,2026-09-24 05:40:14.253019,7C67D7,C172,CESSNA AIRCRAFT COMPANY,172S,51b772be014e1721a002cde2a67524e138139ef9aca655334812a627574525a9,True,4
53600,8046,240926_ML.npy,2026-09-24,2026-09-24 05:40:17.513103,7C7C2E,DA40,DIAMOND AIRCRAFT INDUSTRIES INC.,DA 40,c8e914f62c38c4e171c2102588c9ce7ec71e52c775e1fade08a0e0ed8b046608,True,1
53605,8051,240926_ML.npy,2026-09-24,2026-09-24 05:40:26.829256,7C7C2E,DA40,DIAMOND AIRCRAFT INDUSTRIES INC.,DA 40,012c1a8add351910d9f6a592e485e54c58ec36dec554f1351bc03de879088239,True,5
53606,8052,240926_ML.npy,2026-09-24,2026-09-24 05:40:26.947360,7C7C2E,DA40,DIAMOND AIRCRAFT INDUSTRIES INC.,DA 40,6183158ae7429f475bd6be6eabc013f8f957c9f0a614043a910118d069eb4b99,True,4
53608,8054,240926_ML.npy,2026-09-24,2026-09-24 05:40:31.006030,7C67D7,C172,CESSNA AIRCRAFT COMPANY,172S,04a22c0b4765069d4f63e76847741d46a9bd53995bf2150bf99d0feb1e0573b8,True,5
53614,8060,240926_ML.npy,2026-09-24,2026-09-24 05:40:34.114374,7C67D7,C172,CESSNA AIRCRAFT COMPANY,172S,32504863c4c9a4ace877987d44873a7ea8e374428c9025881835d4db802a14be,True,1
53619,8065,240926_ML.npy,2026-09-24,2026-09-24 05:40:39.603510,7C67D7,C172,CESSNA AIRCRAFT COMPANY,172S,5c85f44634f648b79c0e12d7fdd29a50ee3d0850109d1336349dbc91437fb108,True,5
53626,8072,240926_ML.npy,2026-09-24,2026-09-24 05:40:45.139749,7C67D7,C172,CESSNA AIRCRAFT COMPANY,172S,db5d3cb539737ba2df88947a85c66295bf4d6df9de79b260d84a7534087b9b55,True,3
53630,8076,240926_ML.npy,2026-09-24,2026-09-24 05:40:46.974348,7C67D7,C172,CESSNA AIRCRAFT COMPANY,172S,53da2c4299dd96490f5cac9870bbeeb9510a176d26c549e1a9fb3084687ef447,True,3
53631,8077,240926_ML.npy,2026-09-24,2026-09-24 05:40:48.028985,7C67D7,C172,CESSNA AIRCRAFT COMPANY,172S,5f78a198c6ff3a26c5f249b7b2e6652e1f3bcb752ea1dd5df5aff152335916b0,True,4
53632,8078,240926_ML.npy,2026-09-24,2026-09-24 05:40:48.506489,7C7C2E,DA40,DIAMOND AIRCRAFT INDUSTRIES INC.,DA 40,5f31ca221d4b224f7532f9f6d98b2bac0cd8723418aca0fe4c9ebeb2238f9bb9,True,5
53636,8082,240926_ML.npy,2026-09-24,2026-09-24 05:40:51.574974,7C7C2E,DA40,DIAMOND AIRCRAFT INDUSTRIES INC.,DA 40,ec258f83f2fe7cc20928c03a92aeefbc3161128afe7409b99eddfb73be39ced2,True,4
53639,8085,240926_ML.npy,2026-09-24,2026-09-24 05:40:55.482387,7C67D7,C172,CESSNA AIRCRAFT COMPANY,172S,33ab1136bf9ac96e128489bdb70f136c1c8254eb444130690b31c448cc290607,True,1
53655,8101,240926_ML.npy,2026-09-24,2026-09-24 05:41:12.036589,7C67D7,C172,CESSNA AIRCRAFT COMPANY,172S,853234659241e3b8588120a24bac2868b5f6a83abba67e66486a7d0d053583d1,True,5
53662,8108,240926_ML.npy,2026-09-24,2026-09-24 05:42:19.387520,7C0074,C172,CESSNA AIRCRAFT COMPANY,172S,54015f39fc2c6824074679a1b785a960db631e4f5b4cf2494c29ba56c8c5b4c0,True,1
53711,8157,240926_ML.npy,2026-09-24,2026-09-24 05:43:54.712471,7C0074,C172,CESSNA AIRCRAFT COMPANY,172S,243aa407b0a9ada62927625f5613034d64ade7495d2aa4449b0e56d5051d6fc0,True,1
53712,8158,240926_ML.npy,2026-09-24,2026-09-24 05:43:54.719644,7C0074,C172,CESSNA AIRCRAFT COMPANY,172S,9a242102ce93f30d563b321672eb85793fa33668c9d7874fffdfa170ad4963f1,True,4
53720,8166,240926_ML.npy,2026-09-24,2026-09-24 05:44:01.861566,7C0074,C172,CESSNA AIRCRAFT COMPANY,172S,850ad4cff0b7e9221e9ba3b0df7f671799c17299743419b26821049a26c7c19f,True,2
53726,8172,240926_ML.npy,2026-09-24,2026-09-24 05:44:05.509665,7C0074,C172,CESSNA AIRCRAFT COMPANY,172S,976503016d5c665f8473bf214ed2d2caffef23bfff0437fc180c3b57dd0def7a,True,2
53730,8176,240926_ML.npy,2026-09-24,2026-09-24 05:44:08.188897,7C0074,C172,CESSNA AIRCRAFT COMPANY,172S,89a6e13e350097fad77b8015e14f5d79510fc8c50c4c00c5bb83318f5709534e,True,3
53736,8182,240926_ML.npy,2026-09-24,2026-09-24 05:44:21.580647,7C0074,C172,CESSNA AIRCRAFT COMPANY,172S,a2b39d778e08bd48cbf8bfbf20458f6d3579b216b54a949e16d72cdc5ddad502,True,2
53743,8189,240926_ML.npy,2026-09-24,2026-09-24 05:44:27.952639,7C0074,C172,CESSNA AIRCRAFT COMPANY,172S,f82aa165a4deaf9981c65b72dc15a911792e940a4fbb7b0ef77469b2e77aef2f,True,5
53748,8194,240926_ML.npy,2026-09-24,2026-09-24 05:44:30.589388,7C0074,C172,CESSNA AIRCRAFT COMPANY,172S,7cd81d87c80aae021e76970f4ea0dc51f6150ec9f74ecaf4cb699fd5dbeb56ce,True,3
53757,8203,240926_ML.npy,2026-09-24,2026-09-24 05:44:36.802871,7C0074,C172,CESSNA AIRCRAFT COMPANY,172S,cb4688ec120c7be6bc3bb8ba5a736e4d84b7c5dbcab0791d3a2af6ada17f151e,True,3
53836,8282,240926_ML.npy,2026-09-24,2026-09-24 05:48:20.665858,7C7AF0,DA40,DIAMOND AIRCRAFT INDUSTRIES INC.,DA 40,f4306244dbc85bebd7bd70112b436b8acd3ad09f8dfc42da39d59416c119a1c6,True,5
53847,8293,240926_ML.npy,2026-09-24,2026-09-24 05:48:41.142301,7C7AF0,DA40,DIAMOND AIRCRAFT INDUSTRIES INC.,DA 40,15ebf9fb0f6f136830cc6c7cce662f6ccdac90ace7ecb9bca6c65949a3bdc54e,True,1
53849,8295,240926_ML.npy,2026-09-24,2026-09-24 05:48:43.422364,7C7AF0,DA40,DIAMOND AIRCRAFT INDUSTRIES INC.,DA 40,19264f712a7cb20878f122d0919b4ea4395134923597432f16260625d67e6575,True,4
53879,8325,240926_ML.npy,2026-09-24,2026-09-24 05:49:41.279301,7C0074,C172,CESSNA AIRCRAFT COMPANY,172S,c739cf543a45125186450191992c9ec5e2fe08cb961136ff6ea90b88cb37cb06,True,2
53880,8326,240926_ML.npy,2026-09-24,2026-09-24 05:49:44.580383,7C0074,C172,CESSNA AIRCRAFT COMPANY,172S,a2b39d778e08bd48cbf8bfbf20458f6d3579b216b54a949e16d72cdc5ddad502,True,5
53882,8328,240926_ML.npy,2026-09-24,2026-09-24 05:49:45.652429,7C0074,C172,CESSNA AIRCRAFT COMPANY,172S,a5d18f2f739af74ae7901b1a165174ab9ebbaae87c36fd65381f68920fd9f6b5,True,1
53890,8336,240926_ML.npy,2026-09-24,2026-09-24 05:49:52.916771,7C1697,DA40,DIAMOND AIRCRAFT INDUSTRIES INC.,DA 40,78bb8301856875cb2374e63e9f17acd12396184a946421425df2b2ce23a67d0d,True,4
53906,8352,240926_ML.npy,2026-09-24,2026-09-24 05:50:02.298156,7C0074,C172,CESSNA AIRCRAFT COMPANY,172S,d6c46b871fa73373a038d362ffbc304a7fe824a8d295130a52702573c035e8e0,True,2
53914,8360,240926_ML.npy,2026-09-24,2026-09-24 05:50:07.346084,7C0074,C172,CESSNA AIRCRAFT COMPANY,172S,8406bd52814ddc048fadf07470c6aab28f6d6bee9be4cd580fed24f966011180,True,5
53919,8365,240926_ML.npy,2026-09-24,2026-09-24 05:50:10.023018,7C0074,C172,CESSNA AIRCRAFT COMPANY,172S,59740b3d89ff72d6ea3a05cc0308cdc8e693547ca208279c81307c46c46b332f,True,3
53928,8374,240926_ML.npy,2026-09-24,2026-09-24 05:50:12.270389,7C1697,DA40,DIAMOND AIRCRAFT INDUSTRIES INC.,DA 40,44a799eaa2f4b0dd07d725de0e79891e7c5a33d1402f85581bd60f57d015e057,True,4
53930,8376,240926_ML.npy,2026-09-24,2026-09-24 05:50:12.379835,7C0074,C172,CESSNA AIRCRAFT COMPANY,172S,f6121f78d137d09c1862a253c75c20545bd5d1ad69fcd63d5c6f8a4d6c375ace,True,3
53940,8386,240926_ML.npy,2026-09-24,2026-09-24 05:50:21.124809,7C1697,DA40,DIAMOND AIRCRAFT INDUSTRIES INC.,DA 40,1befe275573f651b9fe0646bdeb3bca8924221a68148a32fe91cfce4bdfcbd1a,True,3
53967,8413,240926_ML.npy,2026-09-24,2026-09-24 05:52:37.500999,7C1697,DA40,DIAMOND AIRCRAFT INDUSTRIES INC.,DA 40,28e52194f877eef5208bb378c235c99433a3bfb2c61d68a796b8f6a395c68c3a,True,4
54009,8455,240926_ML.npy,2026-09-24,2026-09-24 05:54:05.416234,7C2E75,C172,CESSNA AIRCRAFT COMPANY,172N,03a795445c84f17ae85bc76523f630187acc7553bafb7878398daa099232018b,True,4
54013,8459,240926_ML.npy,2026-09-24,2026-09-24 05:54:09.125712,7C2E75,C172,CESSNA AIRCRAFT COMPANY,172N,6bc90e0e2ce2ba570e1eeef4cff946625001bb27e947ac9dbe73b1841260ca10,True,1
54026,8472,240926_ML.npy,2026-09-24,2026-09-24 05:54:34.912756,7C2E75,C172,CESSNA AIRCRAFT COMPANY,172N,e5c94ec94b5e1ee988094ae4f0a5a444bf1aed5ec76b738599e5c611961c23a5,True,5
54045,8491,240926_ML.npy,2026-09-24,2026-09-24 05:55:18.338062,7C1697,DA40,DIAMOND AIRCRAFT INDUSTRIES INC.,DA 40,2d5ac88c02da4b22ea69e55ea0fc13adeb1734e93cb5f68ed9a8aca16ef99f2b,True,2
54048,8494,240926_ML.npy,2026-09-24,2026-09-24 05:55:22.946317,7C1697,DA40,DIAMOND AIRCRAFT INDUSTRIES INC.,DA 40,7b57907010d6a0d0f18021b6baef440d0799f2b903ec6f74f471f0cf3e33f171,True,1
54052,8498,240926_ML.npy,2026-09-24,2026-09-24 05:55:26.693640,7C1697,DA40,DIAMOND AIRCRAFT INDUSTRIES INC.,DA 40,d67e4da96280676ca2671d666c0bb5c905b0d45fa8b4f99a7bcf3557a6716fe0,True,2
54056,8502,240926_ML.npy,2026-09-24,2026-09-24 05:55:30.020998,7C1697,DA40,DIAMOND AIRCRAFT INDUSTRIES INC.,DA 40,75fd644c12929bf10b6df18534cb3a33b75686c7a33697e963858ffe77783d46,True,3
54067,8513,240926_ML.npy,2026-09-24,2026-09-24 05:55:44.527335,7C1697,DA40,DIAMOND AIRCRAFT INDUSTRIES INC.,DA 40,bff7d5993328238e0f75b79731ab1b842aa8a11e73b3b39b450bf84bc4629036,True,4
54091,8537,240926_ML.npy,2026-09-24,2026-09-24 05:56:05.460738,7C67D0,C172,CESSNA AIRCRAFT COMPANY,172S,175c282e6a7143875bf4693e83ee8548bea559b8451556b09b81d145d61b34cd,True,2
54092,8538,240926_ML.npy,2026-09-24,2026-09-24 05:56:08.337900,7C2E75,C172,CESSNA AIRCRAFT COMPANY,172N,b38bf0220031f886e7f367e7641d976d2f16ad8da7d6b1fcf7ba377bd464a5d7,True,3
54093,8539,240926_ML.npy,2026-09-24,2026-09-24 05:56:08.343463,7C2E75,C172,CESSNA AIRCRAFT COMPANY,172N,5149f7711965319210606cb4bf9a97b30454bec4a36e0fb0f84d4cec1337e04b,True,1
54104,8550,240926_ML.npy,2026-09-24,2026-09-24 05:56:26.822548,7C2E75,C172,CESSNA AIRCRAFT COMPANY,172N,58a20f71a256eb135ceb1d6e676b6c8e258c382aa9b9aef37fef997fe511a736,True,1
54118,8564,240926_ML.npy,2026-09-24,2026-09-24 05:56:41.600077,7C2E75,C172,CESSNA AIRCRAFT COMPANY,172N,c51685b8fb94fb5155ed9d8126986444580bc59dd550b6d312e0c699c8112d34,True,1
54119,8565,240926_ML.npy,2026-09-24,2026-09-24 05:56:41.604847,7C2E75,C172,CESSNA AIRCRAFT COMPANY,172N,3ffe9ec2f7ff18c4ca684a0d5e7f8246c56f1fe2746a64903ce070b24275500b,True,1
54127,8573,240926_ML.npy,2026-09-24,2026-09-24 05:56:44.510925,7C2E75,C172,CESSNA AIRCRAFT COMPANY,172N,0f6fe41e977f597f4f29c0f9b2fe812e30bae7ecd2fda9a3e2ca3e3edb9f33ef,True,4
54128,8574,240926_ML.npy,2026-09-24,2026-09-24 05:56:47.777904,7C67D0,C172,CESSNA AIRCRAFT COMPANY,172S,d6ce51da0c3051bd0852f0b553bcafae1334523c658e512ec9d82f9681536c8f,True,1
54161,8607,240926_ML.npy,2026-09-24,2026-09-24 05:57:41.626260,7C41FD,DA40,DIAMOND AIRCRAFT INDUSTRIES INC.,DA 40,54bc83126128c59e9b01561a4e222f2d2fdd1f68a87a49855adea1d12c12f889,True,3
54213,8659,240926_ML.npy,2026-09-24,2026-09-24 05:58:59.015981,7C2E75,C172,CESSNA AIRCRAFT COMPANY,172N,6045d5c95ad523e662b849782634669559db7005eed4b4a0b7e148abd8ca7159,True,2
54217,8663,240926_ML.npy,2026-09-24,2026-09-24 05:59:00.435049,7C2E75,C172,CESSNA AIRCRAFT COMPANY,172N,08f9f9accf72773f206eb1ec99d15b2beac544425a3b09eb76d4ee0408595458,True,2
54218,8664,240926_ML.npy,2026-09-24,2026-09-24 05:59:00.847732,7C2E75,C172,CESSNA AIRCRAFT COMPANY,172N,919e0b520d0dfc4f08aa52d44bd870d0499adcb51c02f586c13cd26fd0a4976b,True,1
54225,8671,240926_ML.npy,2026-09-24,2026-09-24 05:59:03.591349,7C2E75,C172,CESSNA AIRCRAFT COMPANY,172N,570de72eeacc58625bd9ee1be6e14b3d963f320296181fc5467afb68c6b0e3c9,True,2
54240,8686,240926_ML.npy,2026-09-24,2026-09-24 05:59:34.315512,7C2E75,C172,CESSNA AIRCRAFT COMPANY,172N,c32ddf35f5c8baf39d14ee43cd13a93d45e15480ca1e01657d9b3ac686a167bb,True,3
54256,8702,240926_ML.npy,2026-09-24,2026-09-24 06:00:05.998159,7C2E75,C172,CESSNA AIRCRAFT COMPANY,172N,5a8ec8d4f1e06f12d190902ade7611ae465e28b9eb543c949f1c78b8e22130f2,True,4
54265,8711,240926_ML.npy,2026-09-24,2026-09-24 06:00:23.979449,7C1697,DA40,DIAMOND AIRCRAFT INDUSTRIES INC.,DA 40,db79c67aa5c944e52cb24ff7292a34c43a32ed97b71acf9862d0cfd25c5ac6f2,True,1
54280,8726,240926_ML.npy,2026-09-24,2026-09-24 06:00:46.084104,7C1697,DA40,DIAMOND AIRCRAFT INDUSTRIES INC.,DA 40,09b54c22347f353efb83db9b9dd1c595666bb3d6ecbf8030436178b21a468867,True,1
54288,8734,240926_ML.npy,2026-09-24,2026-09-24 06:00:51.622686,7C2E75,C172,CESSNA AIRCRAFT COMPANY,172N,6bc90e0e2ce2ba570e1eeef4cff946625001bb27e947ac9dbe73b1841260ca10,True,1
54304,8750,240926_ML.npy,2026-09-24,2026-09-24 06:01:32.822379,7C2E75,C172,CESSNA AIRCRAFT COMPANY,172N,b054cac776aadf96e266ff73f9fefd138a62b1651361ab2f925a54ce147f915b,True,1
54307,8753,240926_ML.npy,2026-09-24,2026-09-24 06:01:37.393033,7C2E75,C172,CESSNA AIRCRAFT COMPANY,172N,a2da440f8db3335f28b87a29e6bcb52dc00d126d1ed99c03a9ea914b95338f94,True,1
54309,8755,240926_ML.npy,2026-09-24,2026-09-24 06:01:41.222558,7C2E75,C172,CESSNA AIRCRAFT COMPANY,172N,acefe93b0380911d11dc448453614494316c3507554bb6ca8cd289106fe222ad,True,4
54311,8757,240926_ML.npy,2026-09-24,2026-09-24 06:01:43.802478,7C2E75,C172,CESSNA AIRCRAFT COMPANY,172N,eb335b70d68bddaefc28a3f6ce433c996b48b739c97c5dfb891301d726aa2b77,True,1
54313,8759,240926_ML.npy,2026-09-24,2026-09-24 06:01:44.807584,7C2E75,C172,CESSNA AIRCRAFT COMPANY,172N,e9caac481e9fa89875c6e463f28a4f9273469d7c71a3d951b7a2945254a762f0,True,3
54314,8760,240926_ML.npy,2026-09-24,2026-09-24 06:01:45.821736,7C2E75,C172,CESSNA AIRCRAFT COMPANY,172N,b11f60ed4c235e9abbeb1311ec17af32d4e3b229df8479b2af5abc5b70d0fd4c,True,1
54320,8766,240926_ML.npy,2026-09-24,2026-09-24 06:01:53.617114,7C2E75,C172,CESSNA AIRCRAFT COMPANY,172N,537a411f6d666b5552508369672999737cfab429b0e5d0136716492142f23c12,True,5
54340,8786,240926_ML.npy,2026-09-24,2026-09-24 06:02:05.428537,7C2E75,C172,CESSNA AIRCRAFT COMPANY,172N,0e2ff39a4ea0f62de1b7392cd2784685b923bc668343b6db4101a52d61509f6a,True,2
54343,8789,240926_ML.npy,2026-09-24,2026-09-24 06:02:12.848002,7C444D,P28A,PIPER AIRCRAFT CORP,PA-28-181,bdbea92283397c39fbb177d0e95a1912f7416a11383c2ccf93c282201996d94c,True,2
54344,8790,240926_ML.npy,2026-09-24,2026-09-24 06:02:13.354185,7C444D,P28A,PIPER AIRCRAFT CORP,PA-28-181,82c7ca26e608125ad7f46c823e426a64f6531334c145e0240902f56ac9ecfc42,True,3
54351,8797,240926_ML.npy,2026-09-24,2026-09-24 06:02:51.228380,7C444D,P28A,PIPER AIRCRAFT CORP,PA-28-181,d8ca3e90afb3bc1d4dca52ed572384b0662a75fc6da6c43081f935eb45116e9f,True,2
54352,8798,240926_ML.npy,2026-09-24,2026-09-24 06:02:53.617461,7C444D,P28A,PIPER AIRCRAFT CORP,PA-28-181,37f4abd61d24af89ff4cd5e97a9b9adb7fa2a638739ed754f94ca160022fb0ed,True,5
54359,8805,240926_ML.npy,2026-09-24,2026-09-24 06:03:15.275881,7C41FD,DA40,DIAMOND AIRCRAFT INDUSTRIES INC.,DA 40,5cf90a0a2258be9bc35e96a9e2cf1c3b12725a62079b735a6e59620d37fd40fc,True,1
54367,8813,240926_ML.npy,2026-09-24,2026-09-24 06:03:37.219129,7C444D,P28A,PIPER AIRCRAFT CORP,PA-28-181,06213f712866bdc9a9e22db32e108861a47260a3e8aa78b367f0cdcae75a6dc7,True,3
54409,8855,240926_ML.npy,2026-09-24,2026-09-24 06:04:28.960716,7C444D,P28A,PIPER AIRCRAFT CORP,PA-28-181,8df16c6c997b5a8d3d764fc9c00086ebe2551a599cfe546d89052da0d88d38e6,True,2
54410,8856,240926_ML.npy,2026-09-24,2026-09-24 06:04:32.230015,7C444D,P28A,PIPER AIRCRAFT CORP,PA-28-181,97a0c51826ed0f114cc0344c1e4e7bca676ac13cbde5f497d5931a9b84242870,True,2
54421,8867,240926_ML.npy,2026-09-24,2026-09-24 06:04:47.228935,7C444D,P28A,PIPER AIRCRAFT CORP,PA-28-181,092ae99691b6a08b199cbd62823e3eecccfe16b7bd51b86d5fe05cf766830763,True,1
54422,8868,240926_ML.npy,2026-09-24,2026-09-24 06:04:49.481176,7C7B65,DA40,DIAMOND AIRCRAFT INDUSTRIES INC.,DA 40,2e20c14e257448794152a3ac5a5f6184758d37665db5a6029469cd671e311faf,True,3
54424,8870,240926_ML.npy,2026-09-24,2026-09-24 06:04:53.315876,7C444D,P28A,PIPER AIRCRAFT CORP,PA-28-181,a689cda8fa90b2469948b79fbb5c59dda6daa07a6466dcdbbd0deff9711ca1b7,True,1
54425,8871,240926_ML.npy,2026-09-24,2026-09-24 06:04:54.337586,7C444D,P28A,PIPER AIRCRAFT CORP,PA-28-181,32914e94e901ab1ea0e73f2e1e6640d81b905da8d4d14dbe6848ea0eed633068,True,2
54427,8873,240926_ML.npy,2026-09-24,2026-09-24 06:04:56.562822,7C444D,P28A,PIPER AIRCRAFT CORP,PA-28-181,d8ca3e90afb3bc1d4dca52ed572384b0662a75fc6da6c43081f935eb45116e9f,True,3
54429,8875,240926_ML.npy,2026-09-24,2026-09-24 06:04:59.518466,7C444D,P28A,PIPER AIRCRAFT CORP,PA-28-181,7bba41500f484db5e0d72bafd6c10af059e74dffe911d6135fb8e325d1f202bb,True,2
54431,8877,240926_ML.npy,2026-09-24,2026-09-24 06:05:01.202152,7C444D,P28A,PIPER AIRCRAFT CORP,PA-28-181,b377199fa850dce2eb1114fe516b25b9a1bddc872ea4d84b5139ca4b48de58ad,True,2
54432,8878,240926_ML.npy,2026-09-24,2026-09-24 06:05:01.556165,7C444D,P28A,PIPER AIRCRAFT CORP,PA-28-181,d8ca3e90afb3bc1d4dca52ed572384b0662a75fc6da6c43081f935eb45116e9f,True,4
54433,8879,240926_ML.npy,2026-09-24,2026-09-24 06:05:02.138851,7C7B65,DA40,DIAMOND AIRCRAFT INDUSTRIES INC.,DA 40,072811e9a70e51e4123e805f593884df42cdd8bc0c9c515edfb0fc6e58161934,True,5
54434,8880,240926_ML.npy,2026-09-24,2026-09-24 06:05:02.533530,7C444D,P28A,PIPER AIRCRAFT CORP,PA-28-181,67be7ea3352800aecfe289be7ed05fbe1e1da6562d0baf00d10f0291aca171c2,True,3
54435,8881,240926_ML.npy,2026-09-24,2026-09-24 06:05:02.739934,7C444D,P28A,PIPER AIRCRAFT CORP,PA-28-181,21f53c95edba396016b6437ddefbfda147aae32ea7ef34078d23de7e3574cae3,True,4
54441,8887,240926_ML.npy,2026-09-24,2026-09-24 06:05:06.629089,7C444D,P28A,PIPER AIRCRAFT CORP,PA-28-181,93ac37c8b3778d219262836e5856e1343b22c49f2467082cebd3ddc1752f4dee,True,4
54443,8889,240926_ML.npy,2026-09-24,2026-09-24 06:05:07.510879,7C444D,P28A,PIPER AIRCRAFT CORP,PA-28-181,107b8887225dc4452b2dafc6f5bf173b0a63095c76828e2e65fe2dad812c35db,True,3
54444,8890,240926_ML.npy,2026-09-24,2026-09-24 06:05:08.466627,7C444D,P28A,PIPER AIRCRAFT CORP,PA-28-181,091ccfe79d4a70ce69ae1fff56f910acc8a80b24d158ae2c7b5972cbc49989ed,True,3
54447,8893,240926_ML.npy,2026-09-24,2026-09-24 06:05:09.468333,7C444D,P28A,PIPER AIRCRAFT CORP,PA-28-181,4fbd4d3b11e77546c22502f2890b5f0b24fcf6f971dd736431c60790b5d1e8d1,True,2
54452,8898,240926_ML.npy,2026-09-24,2026-09-24 06:05:12.067939,7C444D,P28A,PIPER AIRCRAFT CORP,PA-28-181,b0c07df98ec0e7b6ba1d207ddf89835f98a3f736079b092dd5d2b3656a504887,True,2
54453,8899,240926_ML.npy,2026-09-24,2026-09-24 06:05:13.183740,7C444D,P28A,PIPER AIRCRAFT CORP,PA-28-181,192a4f905e79783566536a41a7441a857af0d7d2d18770fa47cdf002a3e6a7c5,True,4
54454,8900,240926_ML.npy,2026-09-24,2026-09-24 06:05:13.857526,7C444D,P28A,PIPER AIRCRAFT CORP,PA-28-181,d8ca3e90afb3bc1d4dca52ed572384b0662a75fc6da6c43081f935eb45116e9f,True,4
54455,8901,240926_ML.npy,2026-09-24,2026-09-24 06:05:14.729359,7C444D,P28A,PIPER AIRCRAFT CORP,PA-28-181,4ddf969d71f6c3317f03970c40c400cd8ab8e42fde2564751d357c66c1cb325a,True,2
54457,8903,240926_ML.npy,2026-09-24,2026-09-24 06:05:15.291294,7C444D,P28A,PIPER AIRCRAFT CORP,PA-28-181,4ddf969d71f6c3317f03970c40c400cd8ab8e42fde2564751d357c66c1cb325a,True,1
54458,8904,240926_ML.npy,2026-09-24,2026-09-24 06:05:16.238982,7C444D,P28A,PIPER AIRCRAFT CORP,PA-28-181,4f59387625b83af6e63d85806ce9ebad3562f56d89821b6bafaa9bb4205d0979,True,4
54459,8905,240926_ML.npy,2026-09-24,2026-09-24 06:05:16.285098,7C444D,P28A,PIPER AIRCRAFT CORP,PA-28-181,d8ca3e90afb3bc1d4dca52ed572384b0662a75fc6da6c43081f935eb45116e9f,True,3
54460,8906,240926_ML.npy,2026-09-24,2026-09-24 06:05:16.516275,7C7B65,DA40,DIAMOND AIRCRAFT INDUSTRIES INC.,DA 40,b4148d97ffa52b24283afbdcb8f0431ce18af9d9342bab558b30e2fd308d1437,True,3
54461,8907,240926_ML.npy,2026-09-24,2026-09-24 06:05:18.390835,7C444D,P28A,PIPER AIRCRAFT CORP,PA-28-181,cbd1caf4934601dca276b4be1c1caf43225ce93125279e0aebd0afb194e3bc50,True,2
54463,8909,240926_ML.npy,2026-09-24,2026-09-24 06:05:18.760539,7C444D,P28A,PIPER AIRCRAFT CORP,PA-28-181,0891c8fb9a4563a278c80798b5c934d7dcead34a48e245f889d5eb1f13dd70c0,True,5
54464,8910,240926_ML.npy,2026-09-24,2026-09-24 06:05:18.860493,7C444D,P28A,PIPER AIRCRAFT CORP,PA-28-181,d8ca3e90afb3bc1d4dca52ed572384b0662a75fc6da6c43081f935eb45116e9f,True,2
54465,8911,240926_ML.npy,2026-09-24,2026-09-24 06:05:18.920296,7C444D,P28A,PIPER AIRCRAFT CORP,PA-28-181,7c4c9b0b819534218c0768572c7cdd8a707679e736640c494ee2955fe4c771d4,True,4
54467,8913,240926_ML.npy,2026-09-24,2026-09-24 06:05:19.873982,7C444D,P28A,PIPER AIRCRAFT CORP,PA-28-181,a672214e50bf3914c75ff1cfae7d987801460ee6f26b49a64bfb8a7c186e4b37,True,5
54468,8914,240926_ML.npy,2026-09-24,2026-09-24 06:05:23.511269,7C444D,P28A,PIPER AIRCRAFT CORP,PA-28-181,4b27711e6748f3d2a983afcc746da4625faa10637473f3f48f873a624f481054,True,1
54469,8915,240926_ML.npy,2026-09-24,2026-09-24 06:05:23.883323,7C444D,P28A,PIPER AIRCRAFT CORP,PA-28-181,d8ca3e90afb3bc1d4dca52ed572384b0662a75fc6da6c43081f935eb45116e9f,True,1
54470,8916,240926_ML.npy,2026-09-24,2026-09-24 06:05:23.975069,7C444D,P28A,PIPER AIRCRAFT CORP,PA-28-181,9831f6ed69785cc27fe603163fbe779e0fcb322fcdcd789602562632cc4f3661,True,3
54471,8917,240926_ML.npy,2026-09-24,2026-09-24 06:05:24.989285,7C444D,P28A,PIPER AIRCRAFT CORP,PA-28-181,b2723f75e7d72daaff19e055c2a18e166dc9234195b88140ab9b733c479a384e,True,5
54472,8918,240926_ML.npy,2026-09-24,2026-09-24 06:05:25.975126,7C444D,P28A,PIPER AIRCRAFT CORP,PA-28-181,28f75f19d331f06d85387dd8dff7bdda56d253228d6af0b918d54101467a2d80,True,3
54473,8919,240926_ML.npy,2026-09-24,2026-09-24 06:05:26.087154,7C444D,P28A,PIPER AIRCRAFT CORP,PA-28-181,758fb4d32fa516b6590c36744aabe138baa49767923ab3b70cb647521c5bcc0e,True,4
54474,8920,240926_ML.npy,2026-09-24,2026-09-24 06:05:27.092843,7C444D,P28A,PIPER AIRCRAFT CORP,PA-28-181,69d255129054355462b9166b5d2cd68bb88d4798696f2d1a898ef7fbe636c691,True,3
54475,8921,240926_ML.npy,2026-09-24,2026-09-24 06:05:29.140656,7C444D,P28A,PIPER AIRCRAFT CORP,PA-28-181,bdbea92283397c39fbb177d0e95a1912f7416a11383c2ccf93c282201996d94c,True,4
54476,8922,240926_ML.npy,2026-09-24,2026-09-24 06:05:30.139817,7C444D,P28A,PIPER AIRCRAFT CORP,PA-28-181,964af9fe5f90ea136b638ef1f6ad40401489e5b3026cad9e6ebc79b94589d572,True,4
54477,8923,240926_ML.npy,2026-09-24,2026-09-24 06:05:30.466459,7C444D,P28A,PIPER AIRCRAFT CORP,PA-28-181,51e40f94a846d25c062c103871c8858caf5a829bd26270165352694e889443db,True,4
54478,8924,240926_ML.npy,2026-09-24,2026-09-24 06:05:31.347693,7C444D,P28A,PIPER AIRCRAFT CORP,PA-28-181,d8ca3e90afb3bc1d4dca52ed572384b0662a75fc6da6c43081f935eb45116e9f,True,2
54480,8926,240926_ML.npy,2026-09-24,2026-09-24 06:05:33.173671,7C444D,P28A,PIPER AIRCRAFT CORP,PA-28-181,fcc70e7fd10aec1ae400235280b75efb49dde47b858c4db13cb06de883424412,True,5
54481,8927,240926_ML.npy,2026-09-24,2026-09-24 06:05:33.679365,7C444D,P28A,PIPER AIRCRAFT CORP,PA-28-181,be4b2ff1d2ef9081152e95e5fdc1c0b890f1ec952221333d0c50944b556d29da,True,3
54482,8928,240926_ML.npy,2026-09-24,2026-09-24 06:05:34.207386,7C444D,P28A,PIPER AIRCRAFT CORP,PA-28-181,3acf3997f9e543cd276272ab50639ad2821341d435fd9bb16ab904fedbe61f55,True,5
54483,8929,240926_ML.npy,2026-09-24,2026-09-24 06:05:35.824218,7C7B55,DA40,DIAMOND AIRCRAFT INDUSTRIES INC.,DA 40,094230e2be7634371b2d0b3f3afdc689061eaf6bbef540eaa68f334050ecd5ae,True,3
54485,8931,240926_ML.npy,2026-09-24,2026-09-24 06:05:36.854981,7C444D,P28A,PIPER AIRCRAFT CORP,PA-28-181,d8789bd14032976225e70c3f4ada8d161dad95041048864ad4a9e2fb6a8cdad5,True,4
54487,8933,240926_ML.npy,2026-09-24,2026-09-24 06:05:37.840816,7C444D,P28A,PIPER AIRCRAFT CORP,PA-28-181,c7ec05a7fe0e272341a80079e82f8c0b1f29858cefe8e3fda66055b719c0a09f,True,3
54488,8934,240926_ML.npy,2026-09-24,2026-09-24 06:05:38.354280,7C444D,P28A,PIPER AIRCRAFT CORP,PA-28-181,83fc3bb47e34dbc414c81dcf0279bcf0c259addaed107dfc0f083451fbde5574,True,4
54490,8936,240926_ML.npy,2026-09-24,2026-09-24 06:05:39.270025,7C444D,P28A,PIPER AIRCRAFT CORP,PA-28-181,985cb48df4ac1b0ed73cf18cd64a78bdca5bbd5803cc01d85e61690837bd34ef,True,3
54492,8938,240926_ML.npy,2026-09-24,2026-09-24 06:05:42.983364,7C444D,P28A,PIPER AIRCRAFT CORP,PA-28-181,0df22a7272342ae757d27c8381eb4e689907bdcdd0d203c12a6066c99f872bf5,True,1
54493,8939,240926_ML.npy,2026-09-24,2026-09-24 06:05:43.259659,7C444D,P28A,PIPER AIRCRAFT CORP,PA-28-181,88887bf235336586ff9ae7bbcfb276b2f4cf0461e1b0d606b39f4b6b492e69eb,True,3
54494,8940,240926_ML.npy,2026-09-24,2026-09-24 06:05:43.701509,7C444D,P28A,PIPER AIRCRAFT CORP,PA-28-181,bcbff31998972d9e6591b66d7fa4a31cf763df63bef86dcc278417aaef8e0b8d,True,2
54495,8941,240926_ML.npy,2026-09-24,2026-09-24 06:05:43.867486,7C444D,P28A,PIPER AIRCRAFT CORP,PA-28-181,d8ca3e90afb3bc1d4dca52ed572384b0662a75fc6da6c43081f935eb45116e9f,True,3
54496,8942,240926_ML.npy,2026-09-24,2026-09-24 06:05:43.958966,7C444D,P28A,PIPER AIRCRAFT CORP,PA-28-181,3b805a25cf97eaf704d648be193d263a1153660a82155e45c90d1ebfb12b4b26,True,5
54497,8943,240926_ML.npy,2026-09-24,2026-09-24 06:05:44.911374,7C444D,P28A,PIPER AIRCRAFT CORP,PA-28-181,0d5fa5f9ec5f99d450e512f8012d74fa1941b3c69dbfac12400e0da1e970a28a,True,5
54498,8944,240926_ML.npy,2026-09-24,2026-09-24 06:05:45.337299,7C444D,P28A,PIPER AIRCRAFT CORP,PA-28-181,8141ac107e4ccab27926abdb5bbc81806453c28705033f769878ca25aa7414d6,True,1
54499,8945,240926_ML.npy,2026-09-24,2026-09-24 06:05:45.803284,7C444D,P28A,PIPER AIRCRAFT CORP,PA-28-181,4d7a4279a646cdb66521b49599e33f3a7ac771c76b130b0d9fd2d0dd54e544a4,True,4
54500,8946,240926_ML.npy,2026-09-24,2026-09-24 06:05:46.347054,7C444D,P28A,PIPER AIRCRAFT CORP,PA-28-181,d8ca3e90afb3bc1d4dca52ed572384b0662a75fc6da6c43081f935eb45116e9f,True,5
54501,8947,240926_ML.npy,2026-09-24,2026-09-24 06:05:46.835051,7C444D,P28A,PIPER AIRCRAFT CORP,PA-28-181,8c1ff030532a4362dd9d785df8a6b60a1a1197bc2b6562fec067b4c1e39c676f,True,3
54502,8948,240926_ML.npy,2026-09-24,2026-09-24 06:05:47.796725,7C444D,P28A,PIPER AIRCRAFT CORP,PA-28-181,f25111db9e8c01289eef14b3d4c8a51fac24f526f763815daddc7ac416946ed1,True,2
54503,8949,240926_ML.npy,2026-09-24,2026-09-24 06:05:49.220460,7C444D,P28A,PIPER AIRCRAFT CORP,PA-28-181,0a712d93c3b436632b6313eca8379ae14858b33e3b9968582f2fdcbbff01ea49,True,3
54504,8950,240926_ML.npy,2026-09-24,2026-09-24 06:05:49.232094,7C444D,P28A,PIPER AIRCRAFT CORP,PA-28-181,d4fa4ddac62586a2b46c0e19efcf2a9b6846afce0382bcc67e33785f08190d93,True,2
54505,8951,240926_ML.npy,2026-09-24,2026-09-24 06:05:53.617723,7C444D,P28A,PIPER AIRCRAFT CORP,PA-28-181,c5c4e1f08c1a45f445f11edd01686164fb98c21b6db23460c52f84575c5aca5c,True,1
54508,8954,240926_ML.npy,2026-09-24,2026-09-24 06:06:25.844256,7C7144,C172,CESSNA AIRCRAFT COMPANY,172N,e508b1835b7b8c6e59cce65bf73f04536400ebac6a00d0184c59b5d07db463c8,True,2
54514,8960,240926_ML.npy,2026-09-24,2026-09-24 06:06:34.706811,7C7144,C172,CESSNA AIRCRAFT COMPANY,172N,0e1684bab3b010d87884939ecb8b121ef17f47dd710c26886b1f5fb218ba0eaf,True,4
54535,8981,240926_ML.npy,2026-09-24,2026-09-24 06:06:50.935009,7C7144,C172,CESSNA AIRCRAFT COMPANY,172N,6684cc73cfd7807d42c99e8da9e6fa805dad59a3bbe986d5cdda937228478297,True,5
54536,8982,240926_ML.npy,2026-09-24,2026-09-24 06:06:51.295787,7C7144,C172,CESSNA AIRCRAFT COMPANY,172N,3edf5e470950cec54f13e9110559a124fd2de3307ba81cfd13eb8dfb35e7c82a,True,3
54547,8993,240926_ML.npy,2026-09-24,2026-09-24 06:06:59.845895,7C2E75,C172,CESSNA AIRCRAFT COMPANY,172N,b5b1aa3f0d04e09f481317d54a14a1bb304eda7cb8575420250e1aeb9695244b,True,3
54551,8997,240926_ML.npy,2026-09-24,2026-09-24 06:07:01.335920,7C2E75,C172,CESSNA AIRCRAFT COMPANY,172N,be0287cd9cdd8e0f5e71a287c6c1b791c74e4e9b67d6492c8ceb939849756522,True,5
54559,9005,240926_ML.npy,2026-09-24,2026-09-24 06:07:09.267731,7C2E75,C172,CESSNA AIRCRAFT COMPANY,172N,a3e9f1b9fa9c54370ca189962e9f8ed505052fbee03ace8b7c6814ce916802e1,True,3
54563,9009,240926_ML.npy,2026-09-24,2026-09-24 06:07:12.486968,7C2E75,C172,CESSNA AIRCRAFT COMPANY,172N,66ce15922fcc2951871dfe2cfe257886d7e1e6bc695cfdbc4c279744d060ef89,True,3
54568,9014,240926_ML.npy,2026-09-24,2026-09-24 06:07:18.257830,7C2E75,C172,CESSNA AIRCRAFT COMPANY,172N,c59c68ad7d40872ec1e747e2c30f589f3a73101172b074bf17f247ca95770bd4,True,4
54571,9017,240926_ML.npy,2026-09-24,2026-09-24 06:07:20.274242,7C2E75,C172,CESSNA AIRCRAFT COMPANY,172N,683dab5b41b67827ad92e24d6975cf076dd8088f5a110dc43d1e507a12c260e8,True,3
54594,9040,240926_ML.npy,2026-09-24,2026-09-24 06:07:38.404526,7C2E75,C172,CESSNA AIRCRAFT COMPANY,172N,537a411f6d666b5552508369672999737cfab429b0e5d0136716492142f23c12,True,2
54602,9048,240926_ML.npy,2026-09-24,2026-09-24 06:08:14.444827,7C444D,P28A,PIPER AIRCRAFT CORP,PA-28-181,0a712d93c3b436632b6313eca8379ae14858b33e3b9968582f2fdcbbff01ea49,True,2
54605,9051,240926_ML.npy,2026-09-24,2026-09-24 06:08:28.878175,7C444D,P28A,PIPER AIRCRAFT CORP,PA-28-181,dea496a8248ebf63be14966a005ea0ad40d387786ec0b483fa144f1e1e6a33e8,True,1
54607,9053,240926_ML.npy,2026-09-24,2026-09-24 06:08:29.835274,7C41FD,DA40,DIAMOND AIRCRAFT INDUSTRIES INC.,DA 40,043915fc04dded338454ffa0037b86ce83fa40b69a6f0645fbb6b99aa7432a5f,True,4
54612,9058,240926_ML.npy,2026-09-24,2026-09-24 06:08:38.777502,7C41FD,DA40,DIAMOND AIRCRAFT INDUSTRIES INC.,DA 40,107aa292c4553d51f1985e084ab559a7762b8956e0bde893136c068f245a0312,True,4
54613,9059,240926_ML.npy,2026-09-24,2026-09-24 06:08:38.942795,7C444D,P28A,PIPER AIRCRAFT CORP,PA-28-181,38f33295cbdd8693a98194e32b263e44860061214bf3cea01c3a01998eaedd37,True,1
54614,9060,240926_ML.npy,2026-09-24,2026-09-24 06:08:39.667952,7C444D,P28A,PIPER AIRCRAFT CORP,PA-28-181,0a712d93c3b436632b6313eca8379ae14858b33e3b9968582f2fdcbbff01ea49,True,3
54616,9062,240926_ML.npy,2026-09-24,2026-09-24 06:08:40.086864,7C41FD,DA40,DIAMOND AIRCRAFT INDUSTRIES INC.,DA 40,8be5c31afafcff7695214f2e37fe9fd4e194d3053aedd653ba690dcf8b4ab86b,True,5
54618,9064,240926_ML.npy,2026-09-24,2026-09-24 06:08:41.081386,7C41FD,DA40,DIAMOND AIRCRAFT INDUSTRIES INC.,DA 40,28fd4e4a8ed813e80b76ac0f9ce9f0289a5be4b3d2bb4e668c3935dfcba766be,True,3
54620,9066,240926_ML.npy,2026-09-24,2026-09-24 06:08:45.495004,7C444D,P28A,PIPER AIRCRAFT CORP,PA-28-181,f24bd0bf828ed8fc0d5d4f6999128ea5c91faf6a10e0e66a8d1c6bd0085161ea,True,3
54623,9069,240926_ML.npy,2026-09-24,2026-09-24 06:08:49.092291,7C444D,P28A,PIPER AIRCRAFT CORP,PA-28-181,02448cd2b15899992343208c2abbb12fcd6efe7180b3c5f32fcd76086a434174,True,4
54625,9071,240926_ML.npy,2026-09-24,2026-09-24 06:08:58.280254,7C444D,P28A,PIPER AIRCRAFT CORP,PA-28-181,53c386c5f9176cbecb82e47e4cb06d906a21be73aa262ad905dffc0e9d341648,True,5
54629,9075,240926_ML.npy,2026-09-24,2026-09-24 06:09:01.165912,7C444D,P28A,PIPER AIRCRAFT CORP,PA-28-181,68b88f766a24e342454e088a47dd40f4b2464c7aa48b9cc392bcec4284fa2073,True,3
54632,9078,240926_ML.npy,2026-09-24,2026-09-24 06:09:19.049655,7C444D,P28A,PIPER AIRCRAFT CORP,PA-28-181,a9c021d886be965a819b94434ace61b21930abcc3cae8a34a7d1220976133b73,True,3
54638,9084,240926_ML.npy,2026-09-24,2026-09-24 06:09:25.557183,7C444D,P28A,PIPER AIRCRAFT CORP,PA-28-181,6a32cb81d50b9f39e704a87c3a64b7ff6302213d744529f75c075de73a520f8b,True,2
54644,9090,240926_ML.npy,2026-09-24,2026-09-24 06:09:28.486344,7C444D,P28A,PIPER AIRCRAFT CORP,PA-28-181,1ff502f94ce188527f3b54c0275af58cc107fd908beea515c052bf4c1f8f5ec1,True,4
54646,9092,240926_ML.npy,2026-09-24,2026-09-24 06:09:31.443750,7C444D,P28A,PIPER AIRCRAFT CORP,PA-28-181,45fbf6fc5a40f558c1796b452b105530d616ff22a88e7007ed034acda6e2c19f,True,2
54682,9128,240926_ML.npy,2026-09-24,2026-09-24 06:10:27.572062,7C444D,P28A,PIPER AIRCRAFT CORP,PA-28-181,7669066a22a1fa4ea05565e5cbb79e5dd9fcc40e2524999d57bef5191a86d9d4,True,1
54688,9134,240926_ML.npy,2026-09-24,2026-09-24 06:10:30.839235,7C444D,P28A,PIPER AIRCRAFT CORP,PA-28-181,044fe3fcb6bc94ea78a67b6c9f3840e50a819297b1769503b25d8826603c4b22,True,3
54690,9136,240926_ML.npy,2026-09-24,2026-09-24 06:10:32.003531,7C444D,P28A,PIPER AIRCRAFT CORP,PA-28-181,9db703fd842ebfebd8781061637449cc8267cf8d06fa2057ecb2876169677cf7,True,5
54691,9137,240926_ML.npy,2026-09-24,2026-09-24 06:10:32.527311,7C444D,P28A,PIPER AIRCRAFT CORP,PA-28-181,d8ca3e90afb3bc1d4dca52ed572384b0662a75fc6da6c43081f935eb45116e9f,True,5
54693,9139,240926_ML.npy,2026-09-24,2026-09-24 06:10:34.632861,7C444D,P28A,PIPER AIRCRAFT CORP,PA-28-181,3a6c868fb60d2e1e211ad24dc913982de0626844d4d6597b241f4632e8d78fc4,True,5
54694,9140,240926_ML.npy,2026-09-24,2026-09-24 06:10:34.934797,7C444D,P28A,PIPER AIRCRAFT CORP,PA-28-181,d8ca3e90afb3bc1d4dca52ed572384b0662a75fc6da6c43081f935eb45116e9f,True,4
54696,9142,240926_ML.npy,2026-09-24,2026-09-24 06:10:37.474315,7C444D,P28A,PIPER AIRCRAFT CORP,PA-28-181,d8ca3e90afb3bc1d4dca52ed572384b0662a75fc6da6c43081f935eb45116e9f,True,5
54697,9143,240926_ML.npy,2026-09-24,2026-09-24 06:10:38.294221,7C444D,P28A,PIPER AIRCRAFT CORP,PA-28-181,5d6a021814c419bb26da069f4e51d4e3c83fc004405c61d6f71865a4df9efddf,True,4
54698,9144,240926_ML.npy,2026-09-24,2026-09-24 06:10:41.041757,7C444D,P28A,PIPER AIRCRAFT CORP,PA-28-181,6f3a293380ba83c59698bfed4d4064565449b95eabdf37fe2d7c1d833261a6b1,True,1
54699,9145,240926_ML.npy,2026-09-24,2026-09-24 06:10:44.397050,7C444D,P28A,PIPER AIRCRAFT CORP,PA-28-181,60d7d9bdb71afe8ab88daef65898d95fd7aac1f680116c2b60369e96f02b8026,True,4
54700,9146,240926_ML.npy,2026-09-24,2026-09-24 06:10:47.364464,7C444D,P28A,PIPER AIRCRAFT CORP,PA-28-181,d8ca3e90afb3bc1d4dca52ed572384b0662a75fc6da6c43081f935eb45116e9f,True,4
54701,9147,240926_ML.npy,2026-09-24,2026-09-24 06:10:48.592025,7C444D,P28A,PIPER AIRCRAFT CORP,PA-28-181,fce034e502449834d3bded219ca262139c88d7ad8bb7469ff92f127b1eb41541,True,1
54702,9148,240926_ML.npy,2026-09-24,2026-09-24 06:10:50.115715,7C444D,P28A,PIPER AIRCRAFT CORP,PA-28-181,7e6003ffea354f4bd52ec260332f940a41a9b6c3eb98b0ce0d0a4f937f0e08cf,True,1
54703,9149,240926_ML.npy,2026-09-24,2026-09-24 06:10:50.459752,7C444D,P28A,PIPER AIRCRAFT CORP,PA-28-181,feb61428bd172d0ccba1c5879c5b6da8fb942761fcc69f129104f9ad3ccdce0f,True,4
54704,9150,240926_ML.npy,2026-09-24,2026-09-24 06:10:51.013770,7C444D,P28A,PIPER AIRCRAFT CORP,PA-28-181,2e9c52dda687858f3e9408a92798ebb0dafa25b2ac1a5330427d30484fd25f50,True,1
54705,9151,240926_ML.npy,2026-09-24,2026-09-24 06:10:55.026789,7C444D,P28A,PIPER AIRCRAFT CORP,PA-28-181,3651c2269ec3a4a9fef458d058112be5d0d53586b206eb21fb47b8959599e560,True,1
54706,9152,240926_ML.npy,2026-09-24,2026-09-24 06:10:55.602663,7C444D,P28A,PIPER AIRCRAFT CORP,PA-28-181,a714e6f35c356e447184a17ef133c1e318cc5598f12cce083dbb71d3c60da7a7,True,2
54707,9153,240926_ML.npy,2026-09-24,2026-09-24 06:10:59.151668,7C444D,P28A,PIPER AIRCRAFT CORP,PA-28-181,0a712d93c3b436632b6313eca8379ae14858b33e3b9968582f2fdcbbff01ea49,True,4
54708,9154,240926_ML.npy,2026-09-24,2026-09-24 06:10:59.189682,7C444D,P28A,PIPER AIRCRAFT CORP,PA-28-181,a672214e50bf3914c75ff1cfae7d987801460ee6f26b49a64bfb8a7c186e4b37,True,3
54709,9155,240926_ML.npy,2026-09-24,2026-09-24 06:10:59.737907,7C444D,P28A,PIPER AIRCRAFT CORP,PA-28-181,d8ca3e90afb3bc1d4dca52ed572384b0662a75fc6da6c43081f935eb45116e9f,True,4
54710,9156,240926_ML.npy,2026-09-24,2026-09-24 06:11:01.107779,7C444D,P28A,PIPER AIRCRAFT CORP,PA-28-181,95948f29b821b7ee318e60bf9246f7931e2e50a0b25ef8da0853af857bcfb600,True,2
54711,9157,240926_ML.npy,2026-09-24,2026-09-24 06:11:02.645338,7C444D,P28A,PIPER AIRCRAFT CORP,PA-28-181,aed8df3e16ee1a2ca165c49b4d3e3f6bef85f9499e13b6aab1077d12fae3531e,True,4
54712,9158,240926_ML.npy,2026-09-24,2026-09-24 06:11:07.252100,7C444D,P28A,PIPER AIRCRAFT CORP,PA-28-181,1502748ca40b2d7d1bd871391819681f3a15a53b77ba42c7376e7a7ab011d03a,True,2
54713,9159,240926_ML.npy,2026-09-24,2026-09-24 06:11:08.188122,7C444D,P28A,PIPER AIRCRAFT CORP,PA-28-181,1502748ca40b2d7d1bd871391819681f3a15a53b77ba42c7376e7a7ab011d03a,True,2
54714,9160,240926_ML.npy,2026-09-24,2026-09-24 06:11:09.409965,7C444D,P28A,PIPER AIRCRAFT CORP,PA-28-181,4a52fcf32d75da4e2fe0499f1413af3ea300b6772c341d8146d579eedb5a846d,True,4
54715,9161,240926_ML.npy,2026-09-24,2026-09-24 06:11:09.671890,7C444D,P28A,PIPER AIRCRAFT CORP,PA-28-181,659cbe308b6469c52a20c35b2fcc751172f2ec7fc4942be31044c2833a8e45ab,True,4
54716,9162,240926_ML.npy,2026-09-24,2026-09-24 06:11:11.193656,7C444D,P28A,PIPER AIRCRAFT CORP,PA-28-181,61b2d8fb5b82e028154b0eb96f94bd8008516eb949917111a808b43e72d226c9,True,2
54717,9163,240926_ML.npy,2026-09-24,2026-09-24 06:11:11.503318,7C444D,P28A,PIPER AIRCRAFT CORP,PA-28-181,89c0fb59da4a1aa6f56e7080d07ac9c8c0663fe09675b7bbebc59cb8d5b641ec,True,2
54718,9164,240926_ML.npy,2026-09-24,2026-09-24 06:11:11.639527,7C444D,P28A,PIPER AIRCRAFT CORP,PA-28-181,61b2d8fb5b82e028154b0eb96f94bd8008516eb949917111a808b43e72d226c9,True,2
54719,9165,240926_ML.npy,2026-09-24,2026-09-24 06:11:12.223323,7C444D,P28A,PIPER AIRCRAFT CORP,PA-28-181,d8ca3e90afb3bc1d4dca52ed572384b0662a75fc6da6c43081f935eb45116e9f,True,3
54720,9166,240926_ML.npy,2026-09-24,2026-09-24 06:11:13.360852,7C444D,P28A,PIPER AIRCRAFT CORP,PA-28-181,0dc183e476e05d4d66b82a0d6284400028b21b9ab13d9265afc020ec64d1acd3,True,1
54721,9167,240926_ML.npy,2026-09-24,2026-09-24 06:11:13.981951,7C444D,P28A,PIPER AIRCRAFT CORP,PA-28-181,ac4f290d3c1846ecad10babc636ccfa285682aa71d4d05d834bc54ec1edc10af,True,2
54722,9168,240926_ML.npy,2026-09-24,2026-09-24 06:11:14.510904,7C444D,P28A,PIPER AIRCRAFT CORP,PA-28-181,3b08412e02bc4302c990e90a6024fbb932ebd7889c268ce45bfdf1b46c68b127,True,1
54723,9169,240926_ML.npy,2026-09-24,2026-09-24 06:11:14.942557,7C444D,P28A,PIPER AIRCRAFT CORP,PA-28-181,9bb1c13f79cb256b85576ef6459ef1d075a8b60062728a2dc2e542c52c84f050,True,2
54724,9170,240926_ML.npy,2026-09-24,2026-09-24 06:11:15.036991,7C444D,P28A,PIPER AIRCRAFT CORP,PA-28-181,7c11df89fc40c581a4efc9c80ade1fafc277912c3e43d6e53d63a4c505a38948,True,4
54725,9171,240926_ML.npy,2026-09-24,2026-09-24 06:11:15.444712,7C444D,P28A,PIPER AIRCRAFT CORP,PA-28-181,598e1dfe06311ca51fc8e8bf8ee4fb8966223f134c32e5bbc4ccfb99ce1aa63b,True,2
54726,9172,240926_ML.npy,2026-09-24,2026-09-24 06:11:16.550479,7C444D,P28A,PIPER AIRCRAFT CORP,PA-28-181,cfd1fe525e829017438352a5c4dd7b6f2c67628f16de012476e964cdabaf629a,True,1
54727,9173,240926_ML.npy,2026-09-24,2026-09-24 06:11:21.967077,7C444D,P28A,PIPER AIRCRAFT CORP,PA-28-181,b3db8ba75c95acbae9eb781f97ab4954a34c56588a4b613acca2b0df50f78bab,True,2
54728,9174,240926_ML.npy,2026-09-24,2026-09-24 06:11:24.379811,7C444D,P28A,PIPER AIRCRAFT CORP,PA-28-181,34f42a827bb9343bfa0a134b337d38b74f1cd500a6a9bb0e471a1fe697b9c203,True,1
54729,9175,240926_ML.npy,2026-09-24,2026-09-24 06:11:25.251306,7C444D,P28A,PIPER AIRCRAFT CORP,PA-28-181,bdbea92283397c39fbb177d0e95a1912f7416a11383c2ccf93c282201996d94c,True,4
54730,9176,240926_ML.npy,2026-09-24,2026-09-24 06:11:25.679936,7C444D,P28A,PIPER AIRCRAFT CORP,PA-28-181,34f42a827bb9343bfa0a134b337d38b74f1cd500a6a9bb0e471a1fe697b9c203,True,4
54731,9177,240926_ML.npy,2026-09-24,2026-09-24 06:11:25.914728,7C444D,P28A,PIPER AIRCRAFT CORP,PA-28-181,8730e2adb4f8b828d4972ed28d4cf13fcc246e4e71fe79d6f1f8d9f19a5ab5a7,True,3
54732,9178,240926_ML.npy,2026-09-24,2026-09-24 06:11:26.907297,7C444D,P28A,PIPER AIRCRAFT CORP,PA-28-181,603dfd49ab92db0bf139857d9376ccef69c7bacbbce86ff28607e77b233c8f68,True,5
54735,9181,240926_ML.npy,2026-09-24,2026-09-24 06:11:51.534166,7C2E75,C172,CESSNA AIRCRAFT COMPANY,172N,9c35e3f3a9cf093e73e776d9422e007f137619b713a7caf617e68c80a37f983b,True,3
54736,9182,240926_ML.npy,2026-09-24,2026-09-24 06:11:51.538953,7C2E75,C172,CESSNA AIRCRAFT COMPANY,172N,be96cd2fcd5c4bdf21e3acda67b7cedddcba75f5d86865654c0faacae9eaeef5,True,4
54744,9190,240926_ML.npy,2026-09-24,2026-09-24 06:12:13.800416,7C2E75,C172,CESSNA AIRCRAFT COMPANY,172N,6bc90e0e2ce2ba570e1eeef4cff946625001bb27e947ac9dbe73b1841260ca10,True,3
54746,9192,240926_ML.npy,2026-09-24,2026-09-24 06:12:18.795929,7C2E75,C172,CESSNA AIRCRAFT COMPANY,172N,f71f4c5fc30e6e965f1eabfd68688b62f8e80ad51795ba9a76f36755f5844b2d,True,4
54750,9196,240926_ML.npy,2026-09-24,2026-09-24 06:12:22.650772,7C2E75,C172,CESSNA AIRCRAFT COMPANY,172N,a64e9b8d356b1f61a92a15b531d36ac8f5fd5062944b165943675db8e42bc5cd,True,3
54760,9206,240926_ML.npy,2026-09-24,2026-09-24 06:12:36.137921,7C2E75,C172,CESSNA AIRCRAFT COMPANY,172N,41a39215f43481c2dfb838fd57ba3248415989edc57c10f77b5c69b6c819490b,True,5
54763,9209,240926_ML.npy,2026-09-24,2026-09-24 06:12:40.155331,7C2E75,C172,CESSNA AIRCRAFT COMPANY,172N,b897dce905a6ffbca5531bd85d3f1696d57f0bc617c2cb5ac69270650517fc8b,True,3
54771,9217,240926_ML.npy,2026-09-24,2026-09-24 06:12:45.259914,7C2E75,C172,CESSNA AIRCRAFT COMPANY,172N,0d381d81f10ad9023a9104f03d82d9fdfefdbbcf05d0d2bd36b1111435552041,True,4
54774,9220,240926_ML.npy,2026-09-24,2026-09-24 06:12:47.323955,7C2E75,C172,CESSNA AIRCRAFT COMPANY,172N,537a411f6d666b5552508369672999737cfab429b0e5d0136716492142f23c12,True,1
54782,9228,240926_ML.npy,2026-09-24,2026-09-24 06:12:53.781138,7C2E75,C172,CESSNA AIRCRAFT COMPANY,172N,b8c441dc0f6e5b5798f161a4828cbcba26f5ed1c82123b9c465db42f5b0d5e4b,True,3
54793,9239,240926_ML.npy,2026-09-24,2026-09-24 06:13:25.357157,7C444D,P28A,PIPER AIRCRAFT CORP,PA-28-181,0a10a53970cfd7caa16e689cbbe21bd9cd13e3887a72cccbf5cf56cda72e0d47,True,5
54802,9248,240926_ML.npy,2026-09-24,2026-09-24 06:13:55.085178,7C41FD,DA40,DIAMOND AIRCRAFT INDUSTRIES INC.,DA 40,6f5ee31fdd82f45104ceefc172be616f92a9513da43962a1334f675091d25660,True,2
54808,9254,240926_ML.npy,2026-09-24,2026-09-24 06:14:12.002871,7C41FD,DA40,DIAMOND AIRCRAFT INDUSTRIES INC.,DA 40,90e698d93e84cf60d03a3eb4e29edbebc1b55b024e0add5c3b98ff5f7bfe9aba,True,2
54810,9256,240926_ML.npy,2026-09-24,2026-09-24 06:14:13.509849,7C41FD,DA40,DIAMOND AIRCRAFT INDUSTRIES INC.,DA 40,30b83a22a327d58a36aee498a2b87bcf30b3ad12507557b5b3dbee76c8efc09f,True,1
54813,9259,240926_ML.npy,2026-09-24,2026-09-24 06:14:16.104907,7C444D,P28A,PIPER AIRCRAFT CORP,PA-28-181,4d4558e69cb2b2066153492fc44d34cb135373f2b3784c3e82b180271bd20566,True,3
54819,9265,240926_ML.npy,2026-09-24,2026-09-24 06:14:28.942225,7C444D,P28A,PIPER AIRCRAFT CORP,PA-28-181,d9774ef6f6e32abee49b6a011e1f55c0e5aceaa7896c2077cbc6c73a9c48f995,True,1
54820,9266,240926_ML.npy,2026-09-24,2026-09-24 06:14:29.407911,7C444D,P28A,PIPER AIRCRAFT CORP,PA-28-181,3ab500a4b439a554701fa505b8c3c91061637130a7468268e00c07c16f5275bb,True,2
54821,9267,240926_ML.npy,2026-09-24,2026-09-24 06:14:30.543368,7C444D,P28A,PIPER AIRCRAFT CORP,PA-28-181,913592d76a22d200cbc1d06f3c4eb40b65506468a8511d6cd4203736afa5adbf,True,3
54822,9268,240926_ML.npy,2026-09-24,2026-09-24 06:14:30.571792,7C444D,P28A,PIPER AIRCRAFT CORP,PA-28-181,d8ca3e90afb3bc1d4dca52ed572384b0662a75fc6da6c43081f935eb45116e9f,True,5
54823,9269,240926_ML.npy,2026-09-24,2026-09-24 06:14:34.997195,7C444D,P28A,PIPER AIRCRAFT CORP,PA-28-181,f8ff4f686013828be6871afea7bdc945b50799a7d20b439a38b5bdaad23b2901,True,5
54824,9270,240926_ML.npy,2026-09-24,2026-09-24 06:14:35.096960,7C444D,P28A,PIPER AIRCRAFT CORP,PA-28-181,8355ed97be305f5d60752d4590f60ea43289bbee19af40a011560f3ebfc2e15a,True,4
54825,9271,240926_ML.npy,2026-09-24,2026-09-24 06:14:35.556818,7C444D,P28A,PIPER AIRCRAFT CORP,PA-28-181,16fd8e2e15f6183bc418302818576290f40ff5e76527d662f793da3d816c08d4,True,3
54826,9272,240926_ML.npy,2026-09-24,2026-09-24 06:14:36.224291,7C444D,P28A,PIPER AIRCRAFT CORP,PA-28-181,8355ed97be305f5d60752d4590f60ea43289bbee19af40a011560f3ebfc2e15a,True,4
54827,9273,240926_ML.npy,2026-09-24,2026-09-24 06:14:40.179986,7C444D,P28A,PIPER AIRCRAFT CORP,PA-28-181,7eb74b1709ea08833c4ef010dca8d2789eba8eac928a477eb5b871cda754d079,True,1
54829,9275,240926_ML.npy,2026-09-24,2026-09-24 06:14:43.101411,7C444D,P28A,PIPER AIRCRAFT CORP,PA-28-181,320de63dcb036071b2f45c1db8b6693098d67ef7fe374db02fa4d3b1f255c0a2,True,5
54839,9285,240926_ML.npy,2026-09-24,2026-09-24 06:14:51.181223,7C444D,P28A,PIPER AIRCRAFT CORP,PA-28-181,27cd28caca4ee13421252b6a83c3d4ef1920a7d31fc985db58570fa52829614b,True,3
54842,9288,240926_ML.npy,2026-09-24,2026-09-24 06:14:53.924533,7C2E75,C172,CESSNA AIRCRAFT COMPANY,172N,d7686f5db715fcc775507f21e12e67e7f5d2a09ea210d1856acae2021724947e,True,4
54854,9300,240926_ML.npy,2026-09-24,2026-09-24 06:15:09.786101,7C444D,P28A,PIPER AIRCRAFT CORP,PA-28-181,29777b2a2c097acf3ec09503e42978dc63c63dd1a9c13f4df2093ae3144c8478,True,3
54855,9301,240926_ML.npy,2026-09-24,2026-09-24 06:15:10.265851,7C444D,P28A,PIPER AIRCRAFT CORP,PA-28-181,5f90380679109670a841cf4e4c7ac90c957aa8508bfe57574f22fa2a3618b4d3,True,4
54864,9310,240926_ML.npy,2026-09-24,2026-09-24 06:15:23.127322,7C444D,P28A,PIPER AIRCRAFT CORP,PA-28-181,a8efcf54adcf889debf3ab063f93195c5af4568bbe1e96627624f33d6c8a4350,True,3
54865,9311,240926_ML.npy,2026-09-24,2026-09-24 06:15:26.058367,7C444D,P28A,PIPER AIRCRAFT CORP,PA-28-181,538b092fb97424b027f71323b3c73c03089bfa426257775d825c0c253c47ddbf,True,2
54873,9319,240926_ML.npy,2026-09-24,2026-09-24 06:15:33.982048,7C2E75,C172,CESSNA AIRCRAFT COMPANY,172N,d5636d17e70a093e98f59db4c65f547c35f2adf8407ce76aeeb6860be588c2c6,True,1
54883,9329,240926_ML.npy,2026-09-24,2026-09-24 06:16:12.637281,7C444D,P28A,PIPER AIRCRAFT CORP,PA-28-181,b49a30df90fd27ef435e55e97c717adf97addb267b2b3e63fa7dedb4c7ad690e,True,4
54884,9330,240926_ML.npy,2026-09-24,2026-09-24 06:16:20.277724,7C444D,P28A,PIPER AIRCRAFT CORP,PA-28-181,67e87c3dd26d13a53e5d4ce0444541c364385a606b4318222578463c4b66c7da,True,1
54885,9331,240926_ML.npy,2026-09-24,2026-09-24 06:16:23.631132,7C444D,P28A,PIPER AIRCRAFT CORP,PA-28-181,0a712d93c3b436632b6313eca8379ae14858b33e3b9968582f2fdcbbff01ea49,True,3
54886,9332,240926_ML.npy,2026-09-24,2026-09-24 06:16:23.731157,7C444D,P28A,PIPER AIRCRAFT CORP,PA-28-181,3282c44f809b9c3d2c5ab465e32fe7ae107ddce4abc2d23c337d5fe44852e95f,True,1
54888,9334,240926_ML.npy,2026-09-24,2026-09-24 06:16:27.276063,7C444D,P28A,PIPER AIRCRAFT CORP,PA-28-181,2c69ec545540fc259b2084e12831a4ac7700440ce78499a31b3eedf6e452d925,True,5
54889,9335,240926_ML.npy,2026-09-24,2026-09-24 06:16:27.786353,7C444D,P28A,PIPER AIRCRAFT CORP,PA-28-181,474a0006721a34b009ace52e72e97d694aaaece80da9a6bed1250476ca25cbff,True,4
54890,9336,240926_ML.npy,2026-09-24,2026-09-24 06:16:29.791572,7C444D,P28A,PIPER AIRCRAFT CORP,PA-28-181,5fd3c86a28f0503a6f515a7fac6a599686926e2bd9c76d0d6cb3ee38b377d204,True,1
54891,9337,240926_ML.npy,2026-09-24,2026-09-24 06:16:33.277269,7C444D,P28A,PIPER AIRCRAFT CORP,PA-28-181,d8ca3e90afb3bc1d4dca52ed572384b0662a75fc6da6c43081f935eb45116e9f,True,5
54892,9338,240926_ML.npy,2026-09-24,2026-09-24 06:16:35.948647,7C444D,P28A,PIPER AIRCRAFT CORP,PA-28-181,b0845d9764846eaa14a097ef80f5ed93d607d8e8674506656f723ae3973538d3,True,2
54894,9340,240926_ML.npy,2026-09-24,2026-09-24 06:16:38.616073,7C444D,P28A,PIPER AIRCRAFT CORP,PA-28-181,f10e8fad2eea029de3ea6e578e92cb6be6c655b1e99fcbcce035899aa565e948,True,1
54895,9341,240926_ML.npy,2026-09-24,2026-09-24 06:16:38.822165,7C444D,P28A,PIPER AIRCRAFT CORP,PA-28-181,0a712d93c3b436632b6313eca8379ae14858b33e3b9968582f2fdcbbff01ea49,True,3
54896,9342,240926_ML.npy,2026-09-24,2026-09-24 06:16:39.145736,7C444D,P28A,PIPER AIRCRAFT CORP,PA-28-181,f10e8fad2eea029de3ea6e578e92cb6be6c655b1e99fcbcce035899aa565e948,True,3
54897,9343,240926_ML.npy,2026-09-24,2026-09-24 06:16:40.106125,7C444D,P28A,PIPER AIRCRAFT CORP,PA-28-181,e4f491ab5556f8c05185dff111b357caafe38e3b640f163a78731adc70e139d1,True,4
54898,9344,240926_ML.npy,2026-09-24,2026-09-24 06:16:40.877838,7C444D,P28A,PIPER AIRCRAFT CORP,PA-28-181,d8ca3e90afb3bc1d4dca52ed572384b0662a75fc6da6c43081f935eb45116e9f,True,4
54899,9345,240926_ML.npy,2026-09-24,2026-09-24 06:16:42.961245,7C444D,P28A,PIPER AIRCRAFT CORP,PA-28-181,3f05eeb991846fc375f4ada2f44b54d88a16466b15b7bbdefc64dde9231339c2,True,3
54900,9346,240926_ML.npy,2026-09-24,2026-09-24 06:16:43.655111,7C444D,P28A,PIPER AIRCRAFT CORP,PA-28-181,0a712d93c3b436632b6313eca8379ae14858b33e3b9968582f2fdcbbff01ea49,True,3
54901,9347,240926_ML.npy,2026-09-24,2026-09-24 06:16:44.081118,7C444D,P28A,PIPER AIRCRAFT CORP,PA-28-181,afee9e7ef90d3cae6017c404f3b94af87c1cddd97a85c9f2c4870c62a076fc64,True,4
54902,9348,240926_ML.npy,2026-09-24,2026-09-24 06:16:44.555010,7C444D,P28A,PIPER AIRCRAFT CORP,PA-28-181,32e2fbc10d10776e86c4a39342061eee7a4a4e18fdb1a2f82d4349ce7004805b,True,2
54904,9350,240926_ML.npy,2026-09-24,2026-09-24 06:16:45.800728,7C444D,P28A,PIPER AIRCRAFT CORP,PA-28-181,3ee43fecb8fd6970288c8648ac6918ac187a95a9cbcf68822657e409f812283e,True,5
54905,9351,240926_ML.npy,2026-09-24,2026-09-24 06:16:46.894622,7C444D,P28A,PIPER AIRCRAFT CORP,PA-28-181,af065c968263f6a215c497c129a4ced66606d5e3792437bbe3c4eaaa2e2df9e3,True,4
54908,9354,240926_ML.npy,2026-09-24,2026-09-24 06:16:48.634363,7C444D,P28A,PIPER AIRCRAFT CORP,PA-28-181,0a712d93c3b436632b6313eca8379ae14858b33e3b9968582f2fdcbbff01ea49,True,3
54909,9355,240926_ML.npy,2026-09-24,2026-09-24 06:16:48.873629,7C444D,P28A,PIPER AIRCRAFT CORP,PA-28-181,274663c0b1a100dfd68b02e48daa2fcfcd5c3edc68dd8e96ed485a8ea53ab774,True,4
54910,9356,240926_ML.npy,2026-09-24,2026-09-24 06:16:49.082064,7C444D,P28A,PIPER AIRCRAFT CORP,PA-28-181,98a51345bc6f2fb11fee6714e192231eb7bea09abb641f784c666bf1b3a133a2,True,5
54911,9357,240926_ML.npy,2026-09-24,2026-09-24 06:16:49.312407,7C444D,P28A,PIPER AIRCRAFT CORP,PA-28-181,0c9ee454fd8eeed21b2b81768057388b74814c2c640ed9b317e823dd4685a4be,True,4
54912,9358,240926_ML.npy,2026-09-24,2026-09-24 06:16:50.303641,7C444D,P28A,PIPER AIRCRAFT CORP,PA-28-181,ae21a2f23de2d32e372f6a71c9eb32880fab559b51a00f33de8e43d9c6399083,True,2
54913,9359,240926_ML.npy,2026-09-24,2026-09-24 06:16:54.069757,7C2E75,C172,CESSNA AIRCRAFT COMPANY,172N,9e2c3f54082a2eeb8d05554d4ee69330f89cc46201555cffba4a8b8e6d4a43d2,True,4
54914,9360,240926_ML.npy,2026-09-24,2026-09-24 06:16:54.076741,7C2E75,C172,CESSNA AIRCRAFT COMPANY,172N,ea1d66782cc7c1bb103fa0f20cd4880204697f40630d88d09c3ac2f6224df28f,True,4
54915,9361,240926_ML.npy,2026-09-24,2026-09-24 06:16:54.565012,7C444D,P28A,PIPER AIRCRAFT CORP,PA-28-181,696937318d5b897602191af83ddb98ef9c0438afc5917578751df6c61c52294b,True,5
54916,9362,240926_ML.npy,2026-09-24,2026-09-24 06:16:55.046970,7C444D,P28A,PIPER AIRCRAFT CORP,PA-28-181,d9c86194bef16acbbd2563963a5f4659fd50b88fc0f59828a9699752fccd8384,True,5
54917,9363,240926_ML.npy,2026-09-24,2026-09-24 06:16:56.170645,7C444D,P28A,PIPER AIRCRAFT CORP,PA-28-181,4542d8d0c9d8017ce057471be106e4fd0a273cc1f829388feafb8ee75c0450df,True,4
54918,9364,240926_ML.npy,2026-09-24,2026-09-24 06:16:56.710552,7C444D,P28A,PIPER AIRCRAFT CORP,PA-28-181,7c977660dc5c52620c4f741bb60a836de27db571e8a36c71b23e52b4ccec102b,True,3
54920,9366,240926_ML.npy,2026-09-24,2026-09-24 06:16:59.755542,7C444D,P28A,PIPER AIRCRAFT CORP,PA-28-181,a23c40caf371f441f13f99450fdac0aa65f6c130316a463a57b14cceb28428eb,True,5
54921,9367,240926_ML.npy,2026-09-24,2026-09-24 06:17:03.125220,7C444D,P28A,PIPER AIRCRAFT CORP,PA-28-181,62f3d50187646943f121949c1570735fddd2976a3aa6b8aeabeeff7870f87712,True,5
54922,9368,240926_ML.npy,2026-09-24,2026-09-24 06:17:04.281267,7C444D,P28A,PIPER AIRCRAFT CORP,PA-28-181,22cd9c5408750cf3c877f63d4a34415a05da41a882dd4dcd7cf8d8b117b3a380,True,1
54923,9369,240926_ML.npy,2026-09-24,2026-09-24 06:17:04.844627,7C444D,P28A,PIPER AIRCRAFT CORP,PA-28-181,1ae41a87ad5b3c1e060fe74df70a1053a4aa5107bf6c8575372f03c29208aa1c,True,2
54926,9372,240926_ML.npy,2026-09-24,2026-09-24 06:17:06.209680,7C2E75,C172,CESSNA AIRCRAFT COMPANY,172N,f6c2976b964d4a2ce5200a9b9f09883380c12b8feea75bfeb7eb268857ded3dd,True,1
54930,9376,240926_ML.npy,2026-09-24,2026-09-24 06:17:13.772010,7C2E75,C172,CESSNA AIRCRAFT COMPANY,172N,6bc90e0e2ce2ba570e1eeef4cff946625001bb27e947ac9dbe73b1841260ca10,True,1
54932,9378,240926_ML.npy,2026-09-24,2026-09-24 06:17:16.553739,7C2E75,C172,CESSNA AIRCRAFT COMPANY,172N,240998f29ed7fc9a1eaf55b6e3fd95be02c87535903096f671cc6f1839ef9fdc,True,3
54935,9381,240926_ML.npy,2026-09-24,2026-09-24 06:17:18.556276,7C2E75,C172,CESSNA AIRCRAFT COMPANY,172N,6bc2f9cd473b539d9ba6954c7a84f99a545abd6a4da58bed80c1edb7f9703762,True,3
54936,9382,240926_ML.npy,2026-09-24,2026-09-24 06:17:19.115105,7C2E75,C172,CESSNA AIRCRAFT COMPANY,172N,5363d1e0449020493284ef3b6c087f0f46dac888846c601ed097aeafc9497060,True,4
54946,9392,240926_ML.npy,2026-09-24,2026-09-24 06:17:27.591709,7C2E75,C172,CESSNA AIRCRAFT COMPANY,172N,1a46207343aff70c9463f66476199a4b8d06e68cf3cc3c3483f0426f46761c5a,True,1
54950,9396,240926_ML.npy,2026-09-24,2026-09-24 06:17:33.727104,7C2E75,C172,CESSNA AIRCRAFT COMPANY,172N,1923c678630f29721437c51ab7ad0f5799563cb007a014400363d74aaec49993,True,4
54964,9410,240926_ML.npy,2026-09-24,2026-09-24 06:17:59.765067,7C2E75,C172,CESSNA AIRCRAFT COMPANY,172N,8c97dc9520e38d7fc6f88d59ade935d3abeac2369c91f8773236cfbca7cbdac2,True,2
54976,9422,240926_ML.npy,2026-09-24,2026-09-24 06:18:54.920883,7C444D,P28A,PIPER AIRCRAFT CORP,PA-28-181,5c169dc5540988d9d7b270ea52044caf6c11ad0b19c211a645fb9cdc7c377bd7,True,3
54977,9423,240926_ML.npy,2026-09-24,2026-09-24 06:18:55.083037,7C444D,P28A,PIPER AIRCRAFT CORP,PA-28-181,2f0099dd3999e7e51c747e9e48afd2191b8c1549187b47397903ef1ad180a944,True,5
54978,9424,240926_ML.npy,2026-09-24,2026-09-24 06:18:55.428720,7C444D,P28A,PIPER AIRCRAFT CORP,PA-28-181,e78f9fa7fc44af0a75230b09e381a24a8fe3da638fde05e706e9f0bcf1b1d677,True,4
54984,9430,240926_ML.npy,2026-09-24,2026-09-24 06:19:13.528615,7C41FD,DA40,DIAMOND AIRCRAFT INDUSTRIES INC.,DA 40,4eae615a25d6bca404ae92073fcaa023103af4b98f8af2d149f215a6b4e2e745,True,5
54985,9431,240926_ML.npy,2026-09-24,2026-09-24 06:19:18.185575,7C41FD,DA40,DIAMOND AIRCRAFT INDUSTRIES INC.,DA 40,4236a7c6e4281682ebb9a9af1f8e5f2b34ca8863d9b48172c6ea1a2b5ed6daab,True,4
54989,9435,240926_ML.npy,2026-09-24,2026-09-24 06:19:23.855420,7C41FD,DA40,DIAMOND AIRCRAFT INDUSTRIES INC.,DA 40,9eaef22762c3942c079ef511c15548d24cdcd4d923771654c7a1bde0e174b32c,True,1
54992,9438,240926_ML.npy,2026-09-24,2026-09-24 06:19:27.267912,7C444D,P28A,PIPER AIRCRAFT CORP,PA-28-181,f3e8ff62ac2dc25e0f911b56d4d462f647a946b60fc8fba3681a47fe51ca0948,True,4
54998,9444,240926_ML.npy,2026-09-24,2026-09-24 06:19:35.000821,7C444D,P28A,PIPER AIRCRAFT CORP,PA-28-181,58cb7926fa729ae00fe13ebe9974e4b3416fa9555f4350325d15a8b7b2967d55,True,4
54999,9445,240926_ML.npy,2026-09-24,2026-09-24 06:19:36.612483,7C444D,P28A,PIPER AIRCRAFT CORP,PA-28-181,1f6e4bdb6c3810d057434f44999518421fefed4e4570509671d718a0fcfbbbf3,True,3
55000,9446,240926_ML.npy,2026-09-24,2026-09-24 06:19:38.898137,7C444D,P28A,PIPER AIRCRAFT CORP,PA-28-181,6ca327060fa38a7bd88d68d631c9da09e9a910444736e275f44564d9e05f91c6,True,4
55001,9447,240926_ML.npy,2026-09-24,2026-09-24 06:19:40.917968,7C444D,P28A,PIPER AIRCRAFT CORP,PA-28-181,d8ca3e90afb3bc1d4dca52ed572384b0662a75fc6da6c43081f935eb45116e9f,True,1
55016,9462,240926_ML.npy,2026-09-24,2026-09-24 06:19:57.416207,7C444D,P28A,PIPER AIRCRAFT CORP,PA-28-181,d04e834f8c75c68fe001d1e706f1ada2eef05f8999adb7082a51d33475886ee4,True,5
55036,9482,240926_ML.npy,2026-09-24,2026-09-24 06:20:11.181277,7C2E75,C172,CESSNA AIRCRAFT COMPANY,172N,46fe954a630327f1155596d52afcf8bd5a3ba1a5b931bd03391b366dcc2fa9e3,True,5
55046,9492,240926_ML.npy,2026-09-24,2026-09-24 06:20:18.870529,7C444D,P28A,PIPER AIRCRAFT CORP,PA-28-181,d63b1a7f055cf863a28a5badcffb4235baa68be8399066edc66e94b7a7ddd46d,True,2
55049,9495,240926_ML.npy,2026-09-24,2026-09-24 06:20:21.195175,7C444D,P28A,PIPER AIRCRAFT CORP,PA-28-181,bdbea92283397c39fbb177d0e95a1912f7416a11383c2ccf93c282201996d94c,True,2
55051,9497,240926_ML.npy,2026-09-24,2026-09-24 06:20:21.395090,7C444D,P28A,PIPER AIRCRAFT CORP,PA-28-181,3258a3619359c8f67dadf8f0104ba87378a917afd93a42043c06d8058dbfe8d3,True,5
55053,9499,240926_ML.npy,2026-09-24,2026-09-24 06:20:23.421017,7C444D,P28A,PIPER AIRCRAFT CORP,PA-28-181,1d02d974bceb1d2e55f8665d1edf0c068a6212bdfe63092a4395d5f59896d569,True,3
55069,9515,240926_ML.npy,2026-09-24,2026-09-24 06:20:52.728067,7C2E75,C172,CESSNA AIRCRAFT COMPANY,172N,b054cac776aadf96e266ff73f9fefd138a62b1651361ab2f925a54ce147f915b,True,1
55070,9516,240926_ML.npy,2026-09-24,2026-09-24 06:21:05.966668,7C444D,P28A,PIPER AIRCRAFT CORP,PA-28-181,d911ce18f0e0aecd15c6e36838ffccd81ece80c38087ab97a7fe50ee4ed0495e,True,3
55072,9518,240926_ML.npy,2026-09-24,2026-09-24 06:21:16.550093,7C444D,P28A,PIPER AIRCRAFT CORP,PA-28-181,d198a914bc782538764bb75a1e160e41c3c9d61975afe08cffb209cb35ec6ee0,True,2
55073,9519,240926_ML.npy,2026-09-24,2026-09-24 06:21:20.939741,7C444D,P28A,PIPER AIRCRAFT CORP,PA-28-181,94317d3c56acf9aca409f3b25726311a09e6964f9333caac3db6efa910c6e315,True,1
55074,9520,240926_ML.npy,2026-09-24,2026-09-24 06:21:21.375649,7C444D,P28A,PIPER AIRCRAFT CORP,PA-28-181,bdbea92283397c39fbb177d0e95a1912f7416a11383c2ccf93c282201996d94c,True,5
55075,9521,240926_ML.npy,2026-09-24,2026-09-24 06:21:22.745303,7C444D,P28A,PIPER AIRCRAFT CORP,PA-28-181,360b4d7eef6553619631ee1999f53ad58212192b1e42a38efe91efcab6816ad7,True,4
55076,9522,240926_ML.npy,2026-09-24,2026-09-24 06:21:27.623899,7C444D,P28A,PIPER AIRCRAFT CORP,PA-28-181,dbdcbddc1b75743f093c1fb0671a2a49379d4c75a41888440effd1e5d33f1589,True,5
55077,9523,240926_ML.npy,2026-09-24,2026-09-24 06:21:29.239517,7C444D,P28A,PIPER AIRCRAFT CORP,PA-28-181,ca4e438b870ce6bb27a0f132e36356031b1aa7820bde421799146c85bb996613,True,3
55078,9524,240926_ML.npy,2026-09-24,2026-09-24 06:21:30.263759,7C444D,P28A,PIPER AIRCRAFT CORP,PA-28-181,81cfad189fb8d192a1b1e093fc8c4e4787e937fe6fd69e828244823ff07766bc,True,5
55080,9526,240926_ML.npy,2026-09-24,2026-09-24 06:21:33.293020,7C444D,P28A,PIPER AIRCRAFT CORP,PA-28-181,8a39eb06e683148c7e3aa5ebd3881967af7702c88b266df3e7da9f772ca724f8,True,5
55081,9527,240926_ML.npy,2026-09-24,2026-09-24 06:21:36.164566,7C444D,P28A,PIPER AIRCRAFT CORP,PA-28-181,c7945518036394de406f76a15b47a0b3b3bf683c8b7c24c4b00e2f4d822c0bab,True,3
55083,9529,240926_ML.npy,2026-09-24,2026-09-24 06:21:38.651472,7C444D,P28A,PIPER AIRCRAFT CORP,PA-28-181,3d4dd67875b66b604392aeac243fb8af0629d293f55dad1f6ff125697d4724cc,True,4
55084,9530,240926_ML.npy,2026-09-24,2026-09-24 06:21:38.975689,7C2E75,C172,CESSNA AIRCRAFT COMPANY,172N,32612bff7eceb3acb23dbfb17a2fed504fe4645f3ea65351cdf0a0363cb15124,True,2
55085,9531,240926_ML.npy,2026-09-24,2026-09-24 06:21:38.982329,7C2E75,C172,CESSNA AIRCRAFT COMPANY,172N,f7b9bf455f84af00ec7d5308256ecf8a0e3a7a37857613190ca4c9b608d6c0a2,True,4
55086,9532,240926_ML.npy,2026-09-24,2026-09-24 06:21:41.862926,7C444D,P28A,PIPER AIRCRAFT CORP,PA-28-181,4aad6b41bb42898f53ab733ecb7adda20d0fbac767041ac3b5cfcce67f9a1ba8,True,2
55087,9533,240926_ML.npy,2026-09-24,2026-09-24 06:21:44.088741,7C444D,P28A,PIPER AIRCRAFT CORP,PA-28-181,05d58418dd5616345e41bdc42c1a68232a4caa153d2b32a91ca3287790eb9526,True,3
55088,9534,240926_ML.npy,2026-09-24,2026-09-24 06:21:46.504351,7C444D,P28A,PIPER AIRCRAFT CORP,PA-28-181,b7ef4eb8d094a6d4b54a801dad21af38941641a38104dfdbb4cfc5e5d5dfe4f6,True,5
55089,9535,240926_ML.npy,2026-09-24,2026-09-24 06:21:47.936094,7C444D,P28A,PIPER AIRCRAFT CORP,PA-28-181,c2f264a44f441a3a36c78955b515f2b5aa33856ccb3cd240d76575e2ab4bcfc6,True,3
55090,9536,240926_ML.npy,2026-09-24,2026-09-24 06:21:48.219628,7C444D,P28A,PIPER AIRCRAFT CORP,PA-28-181,1e4c65d71f3f332bceb0799b4cee8d516efef08a6641cc3abd59ac05c3459375,True,1
55091,9537,240926_ML.npy,2026-09-24,2026-09-24 06:21:48.728115,7C444D,P28A,PIPER AIRCRAFT CORP,PA-28-181,1e4c65d71f3f332bceb0799b4cee8d516efef08a6641cc3abd59ac05c3459375,True,2
55092,9538,240926_ML.npy,2026-09-24,2026-09-24 06:21:49.216058,7C444D,P28A,PIPER AIRCRAFT CORP,PA-28-181,d8ca3e90afb3bc1d4dca52ed572384b0662a75fc6da6c43081f935eb45116e9f,True,2
55093,9539,240926_ML.npy,2026-09-24,2026-09-24 06:21:50.311551,7C444D,P28A,PIPER AIRCRAFT CORP,PA-28-181,1e4c65d71f3f332bceb0799b4cee8d516efef08a6641cc3abd59ac05c3459375,True,4
55094,9540,240926_ML.npy,2026-09-24,2026-09-24 06:21:50.987609,7C444D,P28A,PIPER AIRCRAFT CORP,PA-28-181,81a333db53f54cbf60d56309d6816ab31c600e7485485b1519c31d0f0f7f13a9,True,1
55095,9541,240926_ML.npy,2026-09-24,2026-09-24 06:21:52.850525,7C444D,P28A,PIPER AIRCRAFT CORP,PA-28-181,bbf77760da79eb1714b5534e618fed9227b96aacbbe894f0c2b29ccc2852872c,True,3
55096,9542,240926_ML.npy,2026-09-24,2026-09-24 06:21:53.806957,7C444D,P28A,PIPER AIRCRAFT CORP,PA-28-181,52039c02abfed47591d99b53ea2b7d0e004ca3a9483737ae193c866e91aa5608,True,5
55097,9543,240926_ML.npy,2026-09-24,2026-09-24 06:21:53.855041,7C444D,P28A,PIPER AIRCRAFT CORP,PA-28-181,c9bbbe87c5a69e59837c9dd76ad98ad33a668598fa33e8d57afdfee679015781,True,3
55098,9544,240926_ML.npy,2026-09-24,2026-09-24 06:21:54.216533,7C444D,P28A,PIPER AIRCRAFT CORP,PA-28-181,d8ca3e90afb3bc1d4dca52ed572384b0662a75fc6da6c43081f935eb45116e9f,True,2
55099,9545,240926_ML.npy,2026-09-24,2026-09-24 06:21:55.954370,7C444D,P28A,PIPER AIRCRAFT CORP,PA-28-181,1a03e1f21106cfaab7e75a3f4fc43514dfc80c872f06799171b24dc4e0838e52,True,1
55100,9546,240926_ML.npy,2026-09-24,2026-09-24 06:21:56.646419,7C444D,P28A,PIPER AIRCRAFT CORP,PA-28-181,bdbea92283397c39fbb177d0e95a1912f7416a11383c2ccf93c282201996d94c,True,1
55101,9547,240926_ML.npy,2026-09-24,2026-09-24 06:21:58.347577,7C444D,P28A,PIPER AIRCRAFT CORP,PA-28-181,60cb0bb44cabc8ec95253dd5565d1e27ed6db8340635fa23f2d91b4430b8bdad,True,1
55102,9548,240926_ML.npy,2026-09-24,2026-09-24 06:21:58.678112,7C444D,P28A,PIPER AIRCRAFT CORP,PA-28-181,0a712d93c3b436632b6313eca8379ae14858b33e3b9968582f2fdcbbff01ea49,True,3
55103,9549,240926_ML.npy,2026-09-24,2026-09-24 06:21:58.894665,7C444D,P28A,PIPER AIRCRAFT CORP,PA-28-181,d2d889434fab7e74df1391bd5774f788826b11c283fc5170685a225edb8ce758,True,2
55104,9550,240926_ML.npy,2026-09-24,2026-09-24 06:22:03.183453,7C2E75,C172,CESSNA AIRCRAFT COMPANY,172N,0df759ba6c2de23e73f4169c41a4a951af887e69c2ad72c722ecfc6d7b9501f4,True,2
55106,9552,240926_ML.npy,2026-09-24,2026-09-24 06:22:07.403956,7C444D,P28A,PIPER AIRCRAFT CORP,PA-28-181,38a9209b4ea6786f6a59c1adce626d316c4f6a99bbcd20961ecd55d721c69ed3,True,1
55107,9553,240926_ML.npy,2026-09-24,2026-09-24 06:22:08.562117,7C444D,P28A,PIPER AIRCRAFT CORP,PA-28-181,0a712d93c3b436632b6313eca8379ae14858b33e3b9968582f2fdcbbff01ea49,True,2
55108,9554,240926_ML.npy,2026-09-24,2026-09-24 06:22:08.999938,7C444D,P28A,PIPER AIRCRAFT CORP,PA-28-181,1a83c4ba8f54d996e3662d254e1f324ab3f739330e035fc4fb09f7dbb60c1f93,True,2
55109,9555,240926_ML.npy,2026-09-24,2026-09-24 06:22:09.493916,7C444D,P28A,PIPER AIRCRAFT CORP,PA-28-181,9b8a7b038f511ecfafc2e91ded600261230e1307927ea0792828432d7128a94d,True,3
55110,9556,240926_ML.npy,2026-09-24,2026-09-24 06:22:11.457419,7C444D,P28A,PIPER AIRCRAFT CORP,PA-28-181,0877241969da53d72d550d64356d80bbd0f7ae68cc9b8aebf811e5ce45ee8667,True,5
55111,9557,240926_ML.npy,2026-09-24,2026-09-24 06:22:11.663409,7C444D,P28A,PIPER AIRCRAFT CORP,PA-28-181,bdbea92283397c39fbb177d0e95a1912f7416a11383c2ccf93c282201996d94c,True,2
55112,9558,240926_ML.npy,2026-09-24,2026-09-24 06:22:11.953417,7C444D,P28A,PIPER AIRCRAFT CORP,PA-28-181,ac18ba985d105fac232bc9011ecd39768efbd5e773e6d24de76767d4700e4a8a,True,3
55113,9559,240926_ML.npy,2026-09-24,2026-09-24 06:22:12.575239,7C444D,P28A,PIPER AIRCRAFT CORP,PA-28-181,25dc7a6a785590630a1ed1372265777749f8c6b312090a0d395868b9c41c9b5d,True,1
55114,9560,240926_ML.npy,2026-09-24,2026-09-24 06:22:13.053146,7C444D,P28A,PIPER AIRCRAFT CORP,PA-28-181,7179359570bf99b00a92c3454eacf6a8608b1c6bf4ead2feb5c5a239a175b591,True,4
55115,9561,240926_ML.npy,2026-09-24,2026-09-24 06:22:13.123058,7C444D,P28A,PIPER AIRCRAFT CORP,PA-28-181,25dc7a6a785590630a1ed1372265777749f8c6b312090a0d395868b9c41c9b5d,True,3
55116,9562,240926_ML.npy,2026-09-24,2026-09-24 06:22:16.167997,7C444D,P28A,PIPER AIRCRAFT CORP,PA-28-181,03eab71733045f544691c551a0a950d24f3546e901c1b7d7a1f719cd57bb404b,True,2
55117,9563,240926_ML.npy,2026-09-24,2026-09-24 06:22:16.706223,7C444D,P28A,PIPER AIRCRAFT CORP,PA-28-181,d8ca3e90afb3bc1d4dca52ed572384b0662a75fc6da6c43081f935eb45116e9f,True,5
55118,9564,240926_ML.npy,2026-09-24,2026-09-24 06:22:16.916266,7C444D,P28A,PIPER AIRCRAFT CORP,PA-28-181,e95935e16e6492a1f1a4debed33ab4333c0e18fb96bf514799a08922c404f801,True,2
55127,9573,240926_ML.npy,2026-09-24,2026-09-24 06:22:30.931109,7C2E75,C172,CESSNA AIRCRAFT COMPANY,172N,5053aa83b9c25517cc6b1ef4fa1abe0cec9aa3843e0da0393651ff0544b56e73,True,4
55135,9581,240926_ML.npy,2026-09-24,2026-09-24 06:22:53.515587,7C2E75,C172,CESSNA AIRCRAFT COMPANY,172N,787f322087b6949c7e12d4f2f9bdbd5d872bc1df5cdd85872c6dc52e501b1260,True,2
55140,9586,240926_ML.npy,2026-09-24,2026-09-24 06:23:02.099917,7C2E75,C172,CESSNA AIRCRAFT COMPANY,172N,76b8a6509eeda8ffb20880d904a1fa6888f8919c74ce2c01c0ea7105591102ff,True,4
55143,9589,240926_ML.npy,2026-09-24,2026-09-24 06:23:06.669096,7C2E75,C172,CESSNA AIRCRAFT COMPANY,172N,537a411f6d666b5552508369672999737cfab429b0e5d0136716492142f23c12,True,5
55155,9601,240926_ML.npy,2026-09-24,2026-09-24 06:23:16.584613,7C2E75,C172,CESSNA AIRCRAFT COMPANY,172N,64e36127a80f8ae03b1ec1af154389fbe7ed019f7d99ea3d63084a5d35a2361b,True,4
55202,9648,240926_ML.npy,2026-09-24,2026-09-24 06:25:19.788738,7C2E75,C172,CESSNA AIRCRAFT COMPANY,172N,016f45c853f5d685c4f4c855a077905d9eff2b65f7b16af78a7f123d36f22710,True,5
55208,9654,240926_ML.npy,2026-09-24,2026-09-24 06:25:49.672342,7C7B5F,DA40,DIAMOND AIRCRAFT INDUSTRIES INC.,DA 40,baaf803c1df1d36c43ca601c2bd1c21f281738ee445cac87f6dad1c7183d9915,True,5
55210,9656,240926_ML.npy,2026-09-24,2026-09-24 06:25:50.593938,7C2E75,C172,CESSNA AIRCRAFT COMPANY,172N,7e50d1788b7c7826d24d384810a0fddf84f1acb8559ace6825711a1a5c7c8cb3,True,3
55211,9657,240926_ML.npy,2026-09-24,2026-09-24 06:26:01.138113,7C2E75,C172,CESSNA AIRCRAFT COMPANY,172N,1a51d54278e3c20510310264ed59200362cb3f61cc1491c97469d652b23fb6c7,True,3
55212,9658,240926_ML.npy,2026-09-24,2026-09-24 06:26:01.141040,7C2E75,C172,CESSNA AIRCRAFT COMPANY,172N,300ca679277268acadb7e9eddb4e79a2ee4b5aa26803c51704921164e879138e,True,5
55215,9661,240926_ML.npy,2026-09-24,2026-09-24 06:27:08.733386,7C2E75,C172,CESSNA AIRCRAFT COMPANY,172N,4202a83b495d91deefe98540ea321768852b34f84c138372aa90c8f2cb048635,True,5
55218,9664,240926_ML.npy,2026-09-24,2026-09-24 06:27:29.464791,7C2E75,C172,CESSNA AIRCRAFT COMPANY,172N,ad8ea9bf320922d81cbe9e540fed6462a3225d2489fe8e5b18d9470fbbd04eaf,True,2
55219,9665,240926_ML.npy,2026-09-24,2026-09-24 06:27:33.680125,7C2E75,C172,CESSNA AIRCRAFT COMPANY,172N,ae47e02becc86ae80d78db6c1e606abab8d8598c4ace9ae3a1c7a773bf6a0f51,True,4
55231,9677,240926_ML.npy,2026-09-24,2026-09-24 06:27:52.980295,7C2E75,C172,CESSNA AIRCRAFT COMPANY,172N,0527894c5640204f571bc8cf3e21d439acd35cb85df982a804ffbb38245ab390,True,3
55232,9678,240926_ML.npy,2026-09-24,2026-09-24 06:27:53.075809,7C7C39,DA40,DIAMOND AIRCRAFT INDUSTRIES INC.,DA 40,1a760ff100b7bdc189a2c8340b169843a119cd325f2921b21a62e3a18f61e803,True,1
55233,9679,240926_ML.npy,2026-09-24,2026-09-24 06:27:53.079403,7C7C39,DA40,DIAMOND AIRCRAFT INDUSTRIES INC.,DA 40,4f6a90d6f5161c2040e2f8c615cfddfc62a2f684c546a050e9cce993ce641106,True,4
55237,9683,240926_ML.npy,2026-09-24,2026-09-24 06:27:57.513526,7C2E75,C172,CESSNA AIRCRAFT COMPANY,172N,537a411f6d666b5552508369672999737cfab429b0e5d0136716492142f23c12,True,1
55242,9688,240926_ML.npy,2026-09-24,2026-09-24 06:28:03.473972,7C2E75,C172,CESSNA AIRCRAFT COMPANY,172N,6bc90e0e2ce2ba570e1eeef4cff946625001bb27e947ac9dbe73b1841260ca10,True,2
55247,9693,240926_ML.npy,2026-09-24,2026-09-24 06:28:14.544595,7C2E75,C172,CESSNA AIRCRAFT COMPANY,172N,fab222ac7bcba003083cbcc596a6dbcb86c09b7ea80f0530ddca464a83bae6b7,True,1
55262,9708,240926_ML.npy,2026-09-24,2026-09-24 06:29:24.238504,7C7C39,DA40,DIAMOND AIRCRAFT INDUSTRIES INC.,DA 40,03135cd0b49d9ddf94737b70ab1bc6685c3e30d7072a7185b1e636931c943dbc,True,4
55267,9713,240926_ML.npy,2026-09-24,2026-09-24 06:29:30.481557,7C7C39,DA40,DIAMOND AIRCRAFT INDUSTRIES INC.,DA 40,c5701522dababfa716deadd509da8859478466d5dc3877dfab3374c84fdcfd43,True,3
55270,9716,240926_ML.npy,2026-09-24,2026-09-24 06:29:43.462447,7C7C39,DA40,DIAMOND AIRCRAFT INDUSTRIES INC.,DA 40,d02c14a8c9874d93c9ca8c58a5fb890a96dc914a2e06900eb7c9b3eb7f357ca7,True,4
55278,9724,240926_ML.npy,2026-09-24,2026-09-24 06:29:59.161444,7C41FD,DA40,DIAMOND AIRCRAFT INDUSTRIES INC.,DA 40,a7aed98c276d893b62e4397ddc1ea71cd9ae4b71a7f6b3c8fa33970eefa69c44,True,2
55282,9728,240926_ML.npy,2026-09-24,2026-09-24 06:30:03.767576,7C7C39,DA40,DIAMOND AIRCRAFT INDUSTRIES INC.,DA 40,9d3d6b6e7c163f02231ae757af93a9bb7f55e297a933bf90c4897cb7bcd0626e,True,4
55288,9734,240926_ML.npy,2026-09-24,2026-09-24 06:30:09.298479,7C7C39,DA40,DIAMOND AIRCRAFT INDUSTRIES INC.,DA 40,dc4a4ee7d06683a74efe83d77ad2edb348d385556752f51dd89bae0a01e4eb70,True,1
55290,9736,240926_ML.npy,2026-09-24,2026-09-24 06:30:10.974695,7C7C39,DA40,DIAMOND AIRCRAFT INDUSTRIES INC.,DA 40,14b19f3934b35751a2be0455fa3aa1f727edb0e475a8c2af0f937a8803210e34,True,3
55291,9737,240926_ML.npy,2026-09-24,2026-09-24 06:30:11.754491,7C7C39,DA40,DIAMOND AIRCRAFT INDUSTRIES INC.,DA 40,88dc14617b6b2cf0fe05e7ed264fc1efaedced7aa9ef2ce70b3658508e419d35,True,4
55292,9738,240926_ML.npy,2026-09-24,2026-09-24 06:30:11.758456,7C7C39,DA40,DIAMOND AIRCRAFT INDUSTRIES INC.,DA 40,bf826c069d52f4a158b624eab77ef9a56cb4d3337815fad1d2679e1cfc625a86,True,3
55297,9743,240926_ML.npy,2026-09-24,2026-09-24 06:30:13.920465,7C7C39,DA40,DIAMOND AIRCRAFT INDUSTRIES INC.,DA 40,a1c182b45ee033ea5f6638cb04a1be10274b4237d6168bd71d03f4c6a051f6ea,True,5
55298,9744,240926_ML.npy,2026-09-24,2026-09-24 06:30:13.925252,7C7C39,DA40,DIAMOND AIRCRAFT INDUSTRIES INC.,DA 40,c3e19c5410991d94e6cbb9ea5413dd7d44a32a3db20850fc5ed97b808e51bc1b,True,4
55304,9750,240926_ML.npy,2026-09-24,2026-09-24 06:30:18.020745,7C7C39,DA40,DIAMOND AIRCRAFT INDUSTRIES INC.,DA 40,396e52ae7e353bd8ef6059c067758e828a19695530001a0bf77223134211cec8,True,3
55308,9754,240926_ML.npy,2026-09-24,2026-09-24 06:30:21.820424,7C7C39,DA40,DIAMOND AIRCRAFT INDUSTRIES INC.,DA 40,11c381d1c8a4a10e8c6f71f7298a9e79e77009d2a643bf82e7334609195f958f,True,5
55360,9806,240926_ML.npy,2026-09-24,2026-09-24 06:36:05.185226,7C168B,DA40,DIAMOND AIRCRAFT INDUSTRIES INC.,DA 40,e2e200912d4b990c3347893bd577a9db152bd8a448ee6d32c6442590052da8c6,True,5
55361,9807,240926_ML.npy,2026-09-24,2026-09-24 06:36:05.239079,7C168B,DA40,DIAMOND AIRCRAFT INDUSTRIES INC.,DA 40,491181b264e8e96b55beb13f3d428d65b687266539e622549853b109fee5a76d,True,3
55365,9811,240926_ML.npy,2026-09-24,2026-09-24 06:36:10.276838,7C168B,DA40,DIAMOND AIRCRAFT INDUSTRIES INC.,DA 40,947af22ffe85c5df42fa6ddb9ab178db286fac80c5666a7285b35b59b9fc93f3,True,4
55366,9812,240926_ML.npy,2026-09-24,2026-09-24 06:36:13.700380,7C168B,DA40,DIAMOND AIRCRAFT INDUSTRIES INC.,DA 40,7be1f0124936d4f879a9f1d52006a5879ef2c7b3ba01308fb9b1f62000b1a286,True,3
55373,9819,240926_ML.npy,2026-09-24,2026-09-24 06:36:18.852055,7C168B,DA40,DIAMOND AIRCRAFT INDUSTRIES INC.,DA 40,71eea1db11dac692182ea4778b8a0d15e02c5795055929dd62b1a79519489bca,True,5
55383,9829,240926_ML.npy,2026-09-24,2026-09-24 06:36:44.080339,7C168B,DA40,DIAMOND AIRCRAFT INDUSTRIES INC.,DA 40,dd708d9371d33dc71f367ba9fd6b40057b08ecd4c913744bc837c14004922d08,True,1
55390,9836,240926_ML.npy,2026-09-24,2026-09-24 06:37:14.162233,7C67D0,C172,CESSNA AIRCRAFT COMPANY,172S,6171b892c6161344ded2c96090bfd22824b583cedd6541bba1ee35149c2a92cb,True,4
55391,9837,240926_ML.npy,2026-09-24,2026-09-24 06:37:16.212061,7C67D0,C172,CESSNA AIRCRAFT COMPANY,172S,658cc5b5a14f5ee6b72f099c6b19d8994d7a6f81ac243633046083428d74a417,True,5
55393,9839,240926_ML.npy,2026-09-24,2026-09-24 06:37:19.050694,7C67D0,C172,CESSNA AIRCRAFT COMPANY,172S,1064b73f553cc8e03c0e9554d6319ad55b42e2503cda04bc024370823e9f96a3,True,2
55395,9841,240926_ML.npy,2026-09-24,2026-09-24 06:37:21.056502,7C67D0,C172,CESSNA AIRCRAFT COMPANY,172S,742b26d109cc1658353b1f7271da3eef1e660eab3b08d73a646a5d123fa8ffc5,True,1
55396,9842,240926_ML.npy,2026-09-24,2026-09-24 06:37:22.019085,7C67D0,C172,CESSNA AIRCRAFT COMPANY,172S,1241d38fe84f01fc9a5997f11fce39c84dc2b8df8628742d43d1a247fd61b7c8,True,5
55410,9856,240926_ML.npy,2026-09-24,2026-09-24 06:37:40.546501,7C67D0,C172,CESSNA AIRCRAFT COMPANY,172S,f0f9ea4b9db1611ff83d6294fe28a93228906c9b628cb50de3efcb2ace63dc07,True,1
55424,9870,240926_ML.npy,2026-09-24,2026-09-24 06:38:25.086138,7C6693,DA40,DIAMOND AIRCRAFT INDUSTRIES INC.,DA 40,351eb323b581acdbbb9ba05a9a97393a89323c2a8a2fd1866440c8ada2e20eff,True,2
55431,9877,240926_ML.npy,2026-09-24,2026-09-24 06:38:33.576788,7C6693,DA40,DIAMOND AIRCRAFT INDUSTRIES INC.,DA 40,0fa9400165d425a5ae3107745e4e6b87915b62fc4a90d730a014d641eef71931,True,5
55433,9879,240926_ML.npy,2026-09-24,2026-09-24 06:38:36.978734,7C6693,DA40,DIAMOND AIRCRAFT INDUSTRIES INC.,DA 40,4dfa9a9c30419f8210086894f0ad8acfe084a93d94ee8c610148b159278c1fce,True,5
55446,9892,240926_ML.npy,2026-09-24,2026-09-24 06:38:55.505776,7C6693,DA40,DIAMOND AIRCRAFT INDUSTRIES INC.,DA 40,3d63828dae909e615cf5df40ad5ba444510414cf22f8d9c6c4ccf7f1bda7b82f,True,2
55456,9902,240926_ML.npy,2026-09-24,2026-09-24 06:39:39.739998,7C41FD,DA40,DIAMOND AIRCRAFT INDUSTRIES INC.,DA 40,22abd7dab6e1ec8f740356817dab70c90d4eb888aa8d8aa75be1a24b245300a8,True,2
55484,9930,240926_ML.npy,2026-09-24,2026-09-24 06:41:28.592105,7C7B60,DA40,DIAMOND AIRCRAFT INDUSTRIES INC.,DA 40,364e9f40fbdd0a087b62bd7cf912f58d83fc341e899221d09c32f32e2a2fedd9,True,3
55486,9932,240926_ML.npy,2026-09-24,2026-09-24 06:41:30.657938,7C7B60,DA40,DIAMOND AIRCRAFT INDUSTRIES INC.,DA 40,a0b317de6abb9b32583a2dde35ae8c6456c39c036ed1aaa1031721947751cc48,True,1
55494,9940,240926_ML.npy,2026-09-24,2026-09-24 06:41:34.941718,7C168B,DA40,DIAMOND AIRCRAFT INDUSTRIES INC.,DA 40,2b1f85621c8b46a3e6db0899fceea3e506f189656b6afec99bc31f1ced741fd4,True,2
55512,9958,240926_ML.npy,2026-09-24,2026-09-24 06:41:51.684384,7C7B60,DA40,DIAMOND AIRCRAFT INDUSTRIES INC.,DA 40,f196ebada54400c399ed7df0913faac7f77a4f1af611210fe009cc87c4a95c1e,True,1
55513,9959,240926_ML.npy,2026-09-24,2026-09-24 06:41:53.212245,7C7B60,DA40,DIAMOND AIRCRAFT INDUSTRIES INC.,DA 40,025b3cd25af06f6065baa49a8484625a1759bf2f5ede1f4b67a917704efd1a42,True,3
55517,9963,240926_ML.npy,2026-09-24,2026-09-24 06:41:59.887263,7C168B,DA40,DIAMOND AIRCRAFT INDUSTRIES INC.,DA 40,661a0fa882b3ebb6830f62af8cae5ebaa0b7dd18fc0e03d37a50ffdfae980b3b,True,1
55531,9977,240926_ML.npy,2026-09-24,2026-09-24 06:44:32.850454,7C41FD,DA40,DIAMOND AIRCRAFT INDUSTRIES INC.,DA 40,ba6fd84d99a3fc494f925087a72558f3e79e35da6483261bc6d6fa7ae8967099,True,5
55534,9980,240926_ML.npy,2026-09-24,2026-09-24 06:44:40.633172,7C41FD,DA40,DIAMOND AIRCRAFT INDUSTRIES INC.,DA 40,a5b47eefa3d8ab780bbf17a365d810440fce28c5c3793f94f9c1a01491640d3b,True,5
55545,9991,240926_ML.npy,2026-09-24,2026-09-24 06:44:54.671382,7C41FD,DA40,DIAMOND AIRCRAFT INDUSTRIES INC.,DA 40,6f5ee31fdd82f45104ceefc172be616f92a9513da43962a1334f675091d25660,True,5
55555,10001,240926_ML.npy,2026-09-24,2026-09-24 06:46:28.694437,7C0D65,DA42,DIAMOND AIRCRAFT INDUSTRIES INC.,DA 42,e3b5cf03a706ac2b01fb49ba14e53379ff4f045a0f5161e8ea4e8090edcd91f3,True,5
55556,10002,240926_ML.npy,2026-09-24,2026-09-24 06:46:29.790653,7C444D,P28A,PIPER AIRCRAFT CORP,PA-28-181,26f2d1fe313b8fdab89142b3c9a6c30df7ca7b886996c1d4d2ff717b49320d9d,True,5
55565,10011,240926_ML.npy,2026-09-24,2026-09-24 06:46:53.296995,7C168B,DA40,DIAMOND AIRCRAFT INDUSTRIES INC.,DA 40,e2a6fc457534c3d7b8bd81b2b6a6954a6033479f926cf4b65c9aea248a5ad303,True,1
55566,10012,240926_ML.npy,2026-09-24,2026-09-24 06:46:53.356620,7C168B,DA40,DIAMOND AIRCRAFT INDUSTRIES INC.,DA 40,491181b264e8e96b55beb13f3d428d65b687266539e622549853b109fee5a76d,True,3
55569,10015,240926_ML.npy,2026-09-24,2026-09-24 06:46:56.409517,7C0D65,DA42,DIAMOND AIRCRAFT INDUSTRIES INC.,DA 42,efa89e6f445edc5f5b36f9a158360d70d89fae0d3d0732909752a20bbf88069b,True,3
55579,10025,240926_ML.npy,2026-09-24,2026-09-24 06:47:16.986702,7C444D,P28A,PIPER AIRCRAFT CORP,PA-28-181,ba77d533260039a6a7db15bc102945fe09bf4ec04779e114d1199326f90d6dd3,True,3
55580,10026,240926_ML.npy,2026-09-24,2026-09-24 06:47:17.578711,7C444D,P28A,PIPER AIRCRAFT CORP,PA-28-181,0a712d93c3b436632b6313eca8379ae14858b33e3b9968582f2fdcbbff01ea49,True,1
55582,10028,240926_ML.npy,2026-09-24,2026-09-24 06:47:19.326278,7C444D,P28A,PIPER AIRCRAFT CORP,PA-28-181,d8ca3e90afb3bc1d4dca52ed572384b0662a75fc6da6c43081f935eb45116e9f,True,1
55584,10030,240926_ML.npy,2026-09-24,2026-09-24 06:47:21.163506,7C444D,P28A,PIPER AIRCRAFT CORP,PA-28-181,2d487d6a1e63e242c49d172effd29014fe8139b24a175f917292d07b2cab042e,True,1
55585,10031,240926_ML.npy,2026-09-24,2026-09-24 06:47:21.711997,7C444D,P28A,PIPER AIRCRAFT CORP,PA-28-181,3a235d5ef6baa9558d7fb45424bd7cf6da260346ac23500813746c40151712ef,True,3
55586,10032,240926_ML.npy,2026-09-24,2026-09-24 06:47:23.621738,7C444D,P28A,PIPER AIRCRAFT CORP,PA-28-181,0ce8ed90fa5f2ad00bf9876dd26f0bf32f0df7d76b4e6697514767d4e79c7ffb,True,1
55587,10033,240926_ML.npy,2026-09-24,2026-09-24 06:47:23.675773,7C444D,P28A,PIPER AIRCRAFT CORP,PA-28-181,e87dc99a9b42fab2aff7607ffa48e4232a29bad9e230744d4d40de5c32ac227a,True,5
55588,10034,240926_ML.npy,2026-09-24,2026-09-24 06:47:24.241375,7C444D,P28A,PIPER AIRCRAFT CORP,PA-28-181,69bbb1ed1315504577766c3ff27351ff325d816e89d291bb952c0c79fd1a3c5e,True,5
55589,10035,240926_ML.npy,2026-09-24,2026-09-24 06:47:25.017660,7C444D,P28A,PIPER AIRCRAFT CORP,PA-28-181,bae662bc04108e2490d1ff7a5040403922d6004ad846867860db7e3e2039f08b,True,2
55591,10037,240926_ML.npy,2026-09-24,2026-09-24 06:47:27.855400,7C444D,P28A,PIPER AIRCRAFT CORP,PA-28-181,bdbea92283397c39fbb177d0e95a1912f7416a11383c2ccf93c282201996d94c,True,3
55593,10039,240926_ML.npy,2026-09-24,2026-09-24 06:47:29.629179,7C444D,P28A,PIPER AIRCRAFT CORP,PA-28-181,e4b62d988a586f6afa8618395b6326793ca08c5cf769d4fb68475434c6e263bd,True,2
55594,10040,240926_ML.npy,2026-09-24,2026-09-24 06:47:39.143513,7C444D,P28A,PIPER AIRCRAFT CORP,PA-28-181,de1e254e6d42a7afddb19c32d7d90fd1704a904adca8f7a620f4a43bf9182203,True,4
55595,10041,240926_ML.npy,2026-09-24,2026-09-24 06:47:39.395782,7C444D,P28A,PIPER AIRCRAFT CORP,PA-28-181,cf0c5e6383ed68d236032f7ec0d72af886fb878717404bfec653b6e7430f43c1,True,4
55596,10042,240926_ML.npy,2026-09-24,2026-09-24 06:47:41.299688,7C444D,P28A,PIPER AIRCRAFT CORP,PA-28-181,a8a17830ad0e36e64500b678d6387414c5ecb717fe577b4d0596c187b00afbc7,True,2
55597,10043,240926_ML.npy,2026-09-24,2026-09-24 06:47:59.398869,7C444D,P28A,PIPER AIRCRAFT CORP,PA-28-181,d8ca3e90afb3bc1d4dca52ed572384b0662a75fc6da6c43081f935eb45116e9f,True,4
55598,10044,240926_ML.npy,2026-09-24,2026-09-24 06:48:06.017968,7C444D,P28A,PIPER AIRCRAFT CORP,PA-28-181,9981bbf70a7b09164379e13b23af81bbe462b1b0b056d3289d8f1e331cbe20c7,True,1
55599,10045,240926_ML.npy,2026-09-24,2026-09-24 06:48:08.668984,7C0D65,DA42,DIAMOND AIRCRAFT INDUSTRIES INC.,DA 42,5a6d3824ddfd401d95e7eddd1fe9997a5cf709661f2846b1216b91a44e993852,True,1
55602,10048,240926_ML.npy,2026-09-24,2026-09-24 06:48:17.352506,7C444D,P28A,PIPER AIRCRAFT CORP,PA-28-181,019c49e056a84ce87660b7dbe3b02ea71c6e99dd1b8a4115eff3c2e58a6d1d55,True,4
55603,10049,240926_ML.npy,2026-09-24,2026-09-24 06:48:17.869240,7C0D65,DA42,DIAMOND AIRCRAFT INDUSTRIES INC.,DA 42,812ccfc3475e6197155474e4e771d798adf8d881570ff6bfbcab2edb6596fd26,True,4
55605,10051,240926_ML.npy,2026-09-24,2026-09-24 06:48:18.895635,7C0D65,DA42,DIAMOND AIRCRAFT INDUSTRIES INC.,DA 42,eb6dd5235c230cdd672a18fba15bb46758c8397b0e68f9c80bb000ef3573701e,True,5
55606,10052,240926_ML.npy,2026-09-24,2026-09-24 06:48:18.899482,7C0D65,DA42,DIAMOND AIRCRAFT INDUSTRIES INC.,DA 42,988d875e55548c7cfa1094322d37fc7378d611fea49e2c1f049841c080355c7d,True,1
55610,10056,240926_ML.npy,2026-09-24,2026-09-24 06:48:32.127211,7C0D65,DA42,DIAMOND AIRCRAFT INDUSTRIES INC.,DA 42,6d30a9dc31c311e18706b5effb3c1a3dbcdbab3c7a44d7c4caf491257d12c552,True,4
55612,10058,240926_ML.npy,2026-09-24,2026-09-24 06:48:34.653305,7C0D65,DA42,DIAMOND AIRCRAFT INDUSTRIES INC.,DA 42,6d30a9dc31c311e18706b5effb3c1a3dbcdbab3c7a44d7c4caf491257d12c552,True,1
55615,10061,240926_ML.npy,2026-09-24,2026-09-24 06:48:37.048989,7C0D65,DA42,DIAMOND AIRCRAFT INDUSTRIES INC.,DA 42,745e39fee6a1ce80b92b5f2c980f90f41432d16ad21eb560013755e96d8dc5d6,True,1
55617,10063,240926_ML.npy,2026-09-24,2026-09-24 06:48:38.739930,7C0D65,DA42,DIAMOND AIRCRAFT INDUSTRIES INC.,DA 42,d158b160dbab7baf001ecfcd49352e3e6fe7636d8f7bd19dccf092d05ce11609,True,5
55618,10064,240926_ML.npy,2026-09-24,2026-09-24 06:48:38.744054,7C0D65,DA42,DIAMOND AIRCRAFT INDUSTRIES INC.,DA 42,5fe4497a9118c710ee59124001e3e44db0f56235c8e71b9ac154fdd407216ea8,True,5
55619,10065,240926_ML.npy,2026-09-24,2026-09-24 06:48:40.643078,7C0D65,DA42,DIAMOND AIRCRAFT INDUSTRIES INC.,DA 42,6cbe5135f36b61942b47fcd55f0049194b966df7560f6a396fa7eeaa8b6ab050,True,1
55620,10066,240926_ML.npy,2026-09-24,2026-09-24 06:48:40.847286,7C0D65,DA42,DIAMOND AIRCRAFT INDUSTRIES INC.,DA 42,8076d8d5014e8471e7bbecaaf070a2f1cd59fdf5b0071ca8b9bcaf15dc74987b,True,1
55621,10067,240926_ML.npy,2026-09-24,2026-09-24 06:48:40.899458,7C0D65,DA42,DIAMOND AIRCRAFT INDUSTRIES INC.,DA 42,6d30a9dc31c311e18706b5effb3c1a3dbcdbab3c7a44d7c4caf491257d12c552,True,5
55622,10068,240926_ML.npy,2026-09-24,2026-09-24 06:48:44.702573,7C0D65,DA42,DIAMOND AIRCRAFT INDUSTRIES INC.,DA 42,73b6689bd1211b1f54860a773367b1d9c3b74d529de69ec12fa6514788cfe38e,True,3
55624,10070,240926_ML.npy,2026-09-24,2026-09-24 06:48:46.314613,7C0D65,DA42,DIAMOND AIRCRAFT INDUSTRIES INC.,DA 42,8d9b9b1b86aa28dae11fe5a2b3f3a14515eeb5a47adc7bbf51d777938c0b6bab,True,5
55626,10072,240926_ML.npy,2026-09-24,2026-09-24 06:48:53.145033,7C0D65,DA42,DIAMOND AIRCRAFT INDUSTRIES INC.,DA 42,bc65a5779a793e228fd487f26bdad9c22c7d20289d726a1b451e3746382497e3,True,3
55627,10073,240926_ML.npy,2026-09-24,2026-09-24 06:48:53.150736,7C0D65,DA42,DIAMOND AIRCRAFT INDUSTRIES INC.,DA 42,81a9395136b3beb3b3e71eaf7a514ec8166034baa466e4db32c9dc9ff99a0f95,True,4
55628,10074,240926_ML.npy,2026-09-24,2026-09-24 06:48:53.606350,7C0D65,DA42,DIAMOND AIRCRAFT INDUSTRIES INC.,DA 42,2bd69484fccb9056f9d2cb2e349b58273f6c9545aea0e6cc650f11cf17de3c7e,True,2
55629,10075,240926_ML.npy,2026-09-24,2026-09-24 06:48:55.834690,7C0D65,DA42,DIAMOND AIRCRAFT INDUSTRIES INC.,DA 42,6cbe5135f36b61942b47fcd55f0049194b966df7560f6a396fa7eeaa8b6ab050,True,4
55631,10077,240926_ML.npy,2026-09-24,2026-09-24 06:48:58.114962,7C0D65,DA42,DIAMOND AIRCRAFT INDUSTRIES INC.,DA 42,e4a757690e62f4e9112e8bdbca5b0193f7e93b2ec815543984420bbf99f46206,True,4
55634,10080,240926_ML.npy,2026-09-24,2026-09-24 06:48:59.542765,7C0D65,DA42,DIAMOND AIRCRAFT INDUSTRIES INC.,DA 42,025c0db3ce53e89b6583f0b9897ff9fcc5ef570008a13a59f8c8d2794f344a2f,True,4
55636,10082,240926_ML.npy,2026-09-24,2026-09-24 06:49:03.158877,7C0D65,DA42,DIAMOND AIRCRAFT INDUSTRIES INC.,DA 42,854a53aacc10f113f21651e1b039fdffcca7b8d38b0396fef874b5b76d4b61b0,True,3
55637,10083,240926_ML.npy,2026-09-24,2026-09-24 06:49:03.701185,7C0D65,DA42,DIAMOND AIRCRAFT INDUSTRIES INC.,DA 42,36484d447b25b6c05a7d88fac3888c79957743dd5df08728751e92e3374beecf,True,5
55638,10084,240926_ML.npy,2026-09-24,2026-09-24 06:49:03.707628,7C0D65,DA42,DIAMOND AIRCRAFT INDUSTRIES INC.,DA 42,17744211a247d34f7a2202981b1d4b65ef748a667afcd9aba647727e1c4796ff,True,1
55640,10086,240926_ML.npy,2026-09-24,2026-09-24 06:49:08.172745,7C0D65,DA42,DIAMOND AIRCRAFT INDUSTRIES INC.,DA 42,02a863264d244d673e4274f4d73be5927589b0ebffb8da6c64af35ee0d3a6f4f,True,2
55642,10088,240926_ML.npy,2026-09-24,2026-09-24 06:49:23.226948,7C444D,P28A,PIPER AIRCRAFT CORP,PA-28-181,bdbea92283397c39fbb177d0e95a1912f7416a11383c2ccf93c282201996d94c,True,5
55643,10089,240926_ML.npy,2026-09-24,2026-09-24 06:49:24.955297,7C444D,P28A,PIPER AIRCRAFT CORP,PA-28-181,7fb7e697efefb31cfc6afa4810e8643f29b52be4b1f61ff67a73c03ab2e2dc9e,True,3
55645,10091,240926_ML.npy,2026-09-24,2026-09-24 06:49:31.666188,7C444D,P28A,PIPER AIRCRAFT CORP,PA-28-181,5365d00058a6281d00cf29e572bee001cfe9c2cf12ba60525becf7234ac3c21b,True,4
55646,10092,240926_ML.npy,2026-09-24,2026-09-24 06:49:32.463809,7C444D,P28A,PIPER AIRCRAFT CORP,PA-28-181,6597a7791ed3208b9ba0f516b3812844b2c4a56ccb2d9dd443c4d11e867db87c,True,5
55647,10093,240926_ML.npy,2026-09-24,2026-09-24 06:49:32.623764,7C444D,P28A,PIPER AIRCRAFT CORP,PA-28-181,e1b6a9b4323475a767adf74326b7ac9f285d5df48adcb6bb986be63cb3c83c83,True,5
55648,10094,240926_ML.npy,2026-09-24,2026-09-24 06:49:33.057991,7C444D,P28A,PIPER AIRCRAFT CORP,PA-28-181,2da1763e28d2612f98eada9ed2c264322aa5b913603b2a814e2f42203ef59151,True,4
55649,10095,240926_ML.npy,2026-09-24,2026-09-24 06:49:38.147002,7C444D,P28A,PIPER AIRCRAFT CORP,PA-28-181,22fb901fe07fe31ee45a5c364a7b7132c717e353d532533baa3a2a5b0a991296,True,2
55650,10096,240926_ML.npy,2026-09-24,2026-09-24 06:49:41.145021,7C444D,P28A,PIPER AIRCRAFT CORP,PA-28-181,83efd38f211fb45a8d26b34cad45c37c294a869b09613dff920ecfc8ef7aa691,True,4
55651,10097,240926_ML.npy,2026-09-24,2026-09-24 06:49:41.689109,7C444D,P28A,PIPER AIRCRAFT CORP,PA-28-181,35add31d88fb1a3efcce0655eb07276710474d70938cbda18a34bafe2b2f4be5,True,3
55652,10098,240926_ML.npy,2026-09-24,2026-09-24 06:49:42.658776,7C444D,P28A,PIPER AIRCRAFT CORP,PA-28-181,28c72d4a3e515ab86f85c0ff81b5a2cdd666e3869497a190f3c2326e25b75f7d,True,2
55653,10099,240926_ML.npy,2026-09-24,2026-09-24 06:49:44.594355,7C444D,P28A,PIPER AIRCRAFT CORP,PA-28-181,ddd94f6252e80e7845061df0f061fe5e5953dc80a140ee2ca492a1521ad23508,True,4
55654,10100,240926_ML.npy,2026-09-24,2026-09-24 06:49:46.124420,7C444D,P28A,PIPER AIRCRAFT CORP,PA-28-181,3e03660a52c61466e994ae4554632d6a6aabd7ae5d09cd05103c062a9300f61a,True,1
55655,10101,240926_ML.npy,2026-09-24,2026-09-24 06:49:46.716240,7C444D,P28A,PIPER AIRCRAFT CORP,PA-28-181,e8b30c399e7368711846d0395fdee62292defbc4146c60129519255229729e18,True,2
55656,10102,240926_ML.npy,2026-09-24,2026-09-24 06:49:48.865700,7C444D,P28A,PIPER AIRCRAFT CORP,PA-28-181,3d66e499a9f8f667901bb7e5066740f8c998da55a5de6feccfd3f44e3f027669,True,1
55657,10103,240926_ML.npy,2026-09-24,2026-09-24 06:49:49.187693,7C444D,P28A,PIPER AIRCRAFT CORP,PA-28-181,6ffc0feb596a34e223ecf288c033a0bfd43b8c8fd700a5725e206060010474e3,True,2
55658,10104,240926_ML.npy,2026-09-24,2026-09-24 06:49:54.261177,7C444D,P28A,PIPER AIRCRAFT CORP,PA-28-181,5b8d1e47c554cab5e957bd2f504b5b9b7dc8656a4bbd56fc89ba6b78d97c92d6,True,3
55659,10105,240926_ML.npy,2026-09-24,2026-09-24 06:49:55.104850,7C444D,P28A,PIPER AIRCRAFT CORP,PA-28-181,890f70fc73d06ab125cc38682a0fc568e5959a1e3642e6580d489b9a05ec5e32,True,1
55660,10106,240926_ML.npy,2026-09-24,2026-09-24 06:49:55.614899,7C444D,P28A,PIPER AIRCRAFT CORP,PA-28-181,b2d118ecc4983299a5f1e947157585f450dcfd32a7d32c9a299a68b7fbf1c3dc,True,4
55661,10107,240926_ML.npy,2026-09-24,2026-09-24 06:49:57.004619,7C444D,P28A,PIPER AIRCRAFT CORP,PA-28-181,e53fb256e756137ff6e77aafe31e6780ffcbf6e1ae8bf0d898d1c08961b23b6e,True,3
55662,10108,240926_ML.npy,2026-09-24,2026-09-24 06:49:57.416814,7C444D,P28A,PIPER AIRCRAFT CORP,PA-28-181,8895e3ec9a7fa44a7d7f32e86c6517cd69c402bdb414bbde333737b742f52de8,True,5
55663,10109,240926_ML.npy,2026-09-24,2026-09-24 06:49:57.844569,7C444D,P28A,PIPER AIRCRAFT CORP,PA-28-181,dd134ae8b069b7d906c27243dfbe4afe64e7d35faa79dc137cd509f20a3a5793,True,5
55664,10110,240926_ML.npy,2026-09-24,2026-09-24 06:50:01.478078,7C444D,P28A,PIPER AIRCRAFT CORP,PA-28-181,ea6c7f4be5f3728ad843cc547b73d5c4dd0aa0cc156f442f3ebd49d0056db114,True,1
55665,10111,240926_ML.npy,2026-09-24,2026-09-24 06:50:03.369631,7C444D,P28A,PIPER AIRCRAFT CORP,PA-28-181,bdbea92283397c39fbb177d0e95a1912f7416a11383c2ccf93c282201996d94c,True,5
55666,10112,240926_ML.npy,2026-09-24,2026-09-24 06:50:04.009576,7C444D,P28A,PIPER AIRCRAFT CORP,PA-28-181,db0e315c73b3d6f6d525810d3b9076ee0c611b7345d4e34c827fb556ff63be76,True,5
55667,10113,240926_ML.npy,2026-09-24,2026-09-24 06:50:05.135048,7C444D,P28A,PIPER AIRCRAFT CORP,PA-28-181,d8ca3e90afb3bc1d4dca52ed572384b0662a75fc6da6c43081f935eb45116e9f,True,5
55668,10114,240926_ML.npy,2026-09-24,2026-09-24 06:50:05.189146,7C444D,P28A,PIPER AIRCRAFT CORP,PA-28-181,4b89801432c6b15dfdb21693796d3d71c05e8fe98dbf82c902f56734e70a9294,True,4
55669,10115,240926_ML.npy,2026-09-24,2026-09-24 06:50:08.397005,7C444D,P28A,PIPER AIRCRAFT CORP,PA-28-181,cb0742b21d656cd7f6c52821e3c463c8060f7cff7a234aee0b70c4099a2a5021,True,5
55670,10116,240926_ML.npy,2026-09-24,2026-09-24 06:50:08.623060,7C444D,P28A,PIPER AIRCRAFT CORP,PA-28-181,87729b61e1604ad5feff984be52a1ab9583ffd889e1fc6c9f76822c860f1ceda,True,3
55671,10117,240926_ML.npy,2026-09-24,2026-09-24 06:50:11.690567,7C444D,P28A,PIPER AIRCRAFT CORP,PA-28-181,971e9cbe2d1851192187c2092c2b73c5e594655bc5bd2fc8971bca01203c5c31,True,1
55672,10118,240926_ML.npy,2026-09-24,2026-09-24 06:50:13.212293,7C444D,P28A,PIPER AIRCRAFT CORP,PA-28-181,b7cfac7e6432b2255570097c39d9782c6a621a8139e9ee836106f69972d34c9b,True,5
55673,10119,240926_ML.npy,2026-09-24,2026-09-24 06:50:16.803952,7C444D,P28A,PIPER AIRCRAFT CORP,PA-28-181,9c3218a704a425baa2ea243ee8a509bacf8186f94be3fac69dc987c39ab85d81,True,1
55674,10120,240926_ML.npy,2026-09-24,2026-09-24 06:50:16.909323,7C444D,P28A,PIPER AIRCRAFT CORP,PA-28-181,0a712d93c3b436632b6313eca8379ae14858b33e3b9968582f2fdcbbff01ea49,True,5
55675,10121,240926_ML.npy,2026-09-24,2026-09-24 06:50:17.954198,7C444D,P28A,PIPER AIRCRAFT CORP,PA-28-181,9a2b85d16d6aa2329c123abebc209f4f2c7ace5d03f106ebf3bb84ce294776c5,True,3
55676,10122,240926_ML.npy,2026-09-24,2026-09-24 06:50:18.427667,7C444D,P28A,PIPER AIRCRAFT CORP,PA-28-181,9a2b85d16d6aa2329c123abebc209f4f2c7ace5d03f106ebf3bb84ce294776c5,True,3
55677,10123,240926_ML.npy,2026-09-24,2026-09-24 06:50:19.573438,7C444D,P28A,PIPER AIRCRAFT CORP,PA-28-181,451e8fd6201cc19534623d7afc36d987acb8a73085864b6dd70b0508a2632710,True,5
55678,10124,240926_ML.npy,2026-09-24,2026-09-24 06:50:21.739022,7C444D,P28A,PIPER AIRCRAFT CORP,PA-28-181,7179359570bf99b00a92c3454eacf6a8608b1c6bf4ead2feb5c5a239a175b591,True,4
55681,10127,240926_ML.npy,2026-09-24,2026-09-24 06:50:25.554574,7C444D,P28A,PIPER AIRCRAFT CORP,PA-28-181,edf9dad29c04d3de34765950a636e13568991da2acc354f7ec6a1969410e4eb7,True,4
55685,10131,240926_ML.npy,2026-09-24,2026-09-24 06:50:48.785061,7C41FD,DA40,DIAMOND AIRCRAFT INDUSTRIES INC.,DA 40,191c7a4eceda3e7916b2dafb767328154a20752c2d654e5609fa1b6e085288b1,True,1
55688,10134,240926_ML.npy,2026-09-24,2026-09-24 06:50:51.085496,7C168B,DA40,DIAMOND AIRCRAFT INDUSTRIES INC.,DA 40,491181b264e8e96b55beb13f3d428d65b687266539e622549853b109fee5a76d,True,1
55714,10160,240926_ML.npy,2026-09-24,2026-09-24 06:51:15.108382,7C41FD,DA40,DIAMOND AIRCRAFT INDUSTRIES INC.,DA 40,46d2ebc9cc73c22ae3155f7a5db859369187a503130c4c53a58d0564f37af3c8,True,2
55715,10161,240926_ML.npy,2026-09-24,2026-09-24 06:51:15.326929,7C41FD,DA40,DIAMOND AIRCRAFT INDUSTRIES INC.,DA 40,bcc7dd69eb2330728e5ee2ed3fa66a9b34efd90f8b0f248601322a5a68516302,True,3
55726,10172,240926_ML.npy,2026-09-24,2026-09-24 06:51:32.946084,7C7C41,DA40,DIAMOND AIRCRAFT INDUSTRIES INC.,DA 40,232958a63f533fed3a3133cc45e450b0b4dd5e9dd0844500379c8fd3606ca529,True,5
55728,10174,240926_ML.npy,2026-09-24,2026-09-24 06:51:38.130920,7C0D65,DA42,DIAMOND AIRCRAFT INDUSTRIES INC.,DA 42,6cbe5135f36b61942b47fcd55f0049194b966df7560f6a396fa7eeaa8b6ab050,True,1
55729,10175,240926_ML.npy,2026-09-24,2026-09-24 06:51:40.011271,7C0D65,DA42,DIAMOND AIRCRAFT INDUSTRIES INC.,DA 42,571461072830b30a7b3133f1bd353232ce6372c734e7a41b9f7a10364de40371,True,1
55730,10176,240926_ML.npy,2026-09-24,2026-09-24 06:51:41.891240,7C0D65,DA42,DIAMOND AIRCRAFT INDUSTRIES INC.,DA 42,04b686c1dec303818333a823dea86669591a2b34efd8efd724eb57585ffe13ec,True,1
55732,10178,240926_ML.npy,2026-09-24,2026-09-24 06:51:46.190962,7C0D65,DA42,DIAMOND AIRCRAFT INDUSTRIES INC.,DA 42,b23b299587d41bf720ac3889403b3fcbc304af8e26485f0df20db89499951b6c,True,4
55735,10181,240926_ML.npy,2026-09-24,2026-09-24 06:51:56.254631,7C0D65,DA42,DIAMOND AIRCRAFT INDUSTRIES INC.,DA 42,f63ca8cdc132b04baa39f5a8b8a8bebf0fc06fd316d793784a7a710ab58fc174,True,2
55742,10188,240926_ML.npy,2026-09-24,2026-09-24 06:52:02.197210,7C0D65,DA42,DIAMOND AIRCRAFT INDUSTRIES INC.,DA 42,4301a83d8689d22c4751f69aaee7e22985a44f35b3661200d00fcaeff5362a62,True,1
55743,10189,240926_ML.npy,2026-09-24,2026-09-24 06:52:02.203922,7C0D65,DA42,DIAMOND AIRCRAFT INDUSTRIES INC.,DA 42,2bcf64355b3be1c46bc1e62ba09f25379e3d8b1c4fa27516769625ddb00e0407,True,5
55748,10194,240926_ML.npy,2026-09-24,2026-09-24 06:52:11.930811,7C0D65,DA42,DIAMOND AIRCRAFT INDUSTRIES INC.,DA 42,6d30a9dc31c311e18706b5effb3c1a3dbcdbab3c7a44d7c4caf491257d12c552,True,1
55749,10195,240926_ML.npy,2026-09-24,2026-09-24 06:52:12.685087,7C0D65,DA42,DIAMOND AIRCRAFT INDUSTRIES INC.,DA 42,6cbe5135f36b61942b47fcd55f0049194b966df7560f6a396fa7eeaa8b6ab050,True,3
55752,10198,240926_ML.npy,2026-09-24,2026-09-24 06:52:12.979043,7C168B,DA40,DIAMOND AIRCRAFT INDUSTRIES INC.,DA 40,bd9eb4913a872e5cad395ecbd44de0d7739de1d44492f8f27ac5308ff51431a8,True,5
55758,10204,240926_ML.npy,2026-09-24,2026-09-24 06:52:23.184622,7C0D65,DA42,DIAMOND AIRCRAFT INDUSTRIES INC.,DA 42,6d30a9dc31c311e18706b5effb3c1a3dbcdbab3c7a44d7c4caf491257d12c552,True,1
55761,10207,240926_ML.npy,2026-09-24,2026-09-24 06:52:28.277986,7C444D,P28A,PIPER AIRCRAFT CORP,PA-28-181,d8ca3e90afb3bc1d4dca52ed572384b0662a75fc6da6c43081f935eb45116e9f,True,3
55764,10210,240926_ML.npy,2026-09-24,2026-09-24 06:52:30.878993,7C0D65,DA42,DIAMOND AIRCRAFT INDUSTRIES INC.,DA 42,27858afda52219f1e64556736242c8793fc109df27442233fbab221a3fe2fd01,True,3
55767,10213,240926_ML.npy,2026-09-24,2026-09-24 06:52:32.805241,7C444D,P28A,PIPER AIRCRAFT CORP,PA-28-181,bdbea92283397c39fbb177d0e95a1912f7416a11383c2ccf93c282201996d94c,True,5
55768,10214,240926_ML.npy,2026-09-24,2026-09-24 06:52:33.099126,7C0D65,DA42,DIAMOND AIRCRAFT INDUSTRIES INC.,DA 42,6d30a9dc31c311e18706b5effb3c1a3dbcdbab3c7a44d7c4caf491257d12c552,True,4
55776,10222,240926_ML.npy,2026-09-24,2026-09-24 06:52:41.529430,7C0D65,DA42,DIAMOND AIRCRAFT INDUSTRIES INC.,DA 42,94eb818e828c5802b7f2b39e61aa29abb03060c7b8ce521222b81db5ee000f2d,True,3
55781,10227,240926_ML.npy,2026-09-24,2026-09-24 06:52:49.786191,7C0D65,DA42,DIAMOND AIRCRAFT INDUSTRIES INC.,DA 42,433e7d016e43a29c61cdfdc05002e2975cd1f5ee89d83e3e0655b6f92c60abf4,True,4
55782,10228,240926_ML.npy,2026-09-24,2026-09-24 06:52:51.866606,7C0D65,DA42,DIAMOND AIRCRAFT INDUSTRIES INC.,DA 42,4f1926ec7802afe671d38151917757df5237e22b15c42d47f9cc48c1e94cc8bc,True,5
55783,10229,240926_ML.npy,2026-09-24,2026-09-24 06:52:51.873210,7C0D65,DA42,DIAMOND AIRCRAFT INDUSTRIES INC.,DA 42,971b46f8f3f1f4dbb7aeb85fc3cdbe3cbe4749b46f1d43fbf452a62f1da59471,True,5
55789,10235,240926_ML.npy,2026-09-24,2026-09-24 06:53:14.016774,7C444D,P28A,PIPER AIRCRAFT CORP,PA-28-181,cf3abda4f5b9501da023ce49a67d92d921183138a83d7bacf28f79cb797e1d7b,True,3
55790,10236,240926_ML.npy,2026-09-24,2026-09-24 06:53:15.176267,7C444D,P28A,PIPER AIRCRAFT CORP,PA-28-181,d11cce27845756ab75345e85b1d1ec3feb694db6388b067200f1e8ba7b279a99,True,5
55791,10237,240926_ML.npy,2026-09-24,2026-09-24 06:53:15.712277,7C444D,P28A,PIPER AIRCRAFT CORP,PA-28-181,d8ca3e90afb3bc1d4dca52ed572384b0662a75fc6da6c43081f935eb45116e9f,True,1
55793,10239,240926_ML.npy,2026-09-24,2026-09-24 06:53:25.472832,7C444D,P28A,PIPER AIRCRAFT CORP,PA-28-181,ddece680b94d8a1e63c988bb12c60dcc0110a232ef6d83a91ae957f3d10d267f,True,4
55796,10242,240926_ML.npy,2026-09-24,2026-09-24 06:54:02.895228,7C444D,P28A,PIPER AIRCRAFT CORP,PA-28-181,bdbea92283397c39fbb177d0e95a1912f7416a11383c2ccf93c282201996d94c,True,5
55797,10243,240926_ML.npy,2026-09-24,2026-09-24 06:54:04.988212,7C0D65,DA42,DIAMOND AIRCRAFT INDUSTRIES INC.,DA 42,ecb4c3b8afbadf2a70b82bb1f5409cfe02eaa11db90c8c6a590f31fd9c46d550,True,4
55802,10248,240926_ML.npy,2026-09-24,2026-09-24 06:54:10.557259,7C0D65,DA42,DIAMOND AIRCRAFT INDUSTRIES INC.,DA 42,40875ec939d1d015a5ba526ced05eae6228d67122b2beeb07158fb0d75bc7b1b,True,1
55805,10251,240926_ML.npy,2026-09-24,2026-09-24 06:54:14.719378,7C41FD,DA40,DIAMOND AIRCRAFT INDUSTRIES INC.,DA 40,28fd4e4a8ed813e80b76ac0f9ce9f0289a5be4b3d2bb4e668c3935dfcba766be,True,4
55810,10256,240926_ML.npy,2026-09-24,2026-09-24 06:54:17.449114,7C0D65,DA42,DIAMOND AIRCRAFT INDUSTRIES INC.,DA 42,36855dccf31e6b6603d7abff2ed062b7622902e7b0e2e296fc4d31c5095679f3,True,5
55813,10259,240926_ML.npy,2026-09-24,2026-09-24 06:54:27.930966,7C0D65,DA42,DIAMOND AIRCRAFT INDUSTRIES INC.,DA 42,6d30a9dc31c311e18706b5effb3c1a3dbcdbab3c7a44d7c4caf491257d12c552,True,1
55815,10261,240926_ML.npy,2026-09-24,2026-09-24 06:54:29.151735,7C0D65,DA42,DIAMOND AIRCRAFT INDUSTRIES INC.,DA 42,6d30a9dc31c311e18706b5effb3c1a3dbcdbab3c7a44d7c4caf491257d12c552,True,5
55816,10262,240926_ML.npy,2026-09-24,2026-09-24 06:54:29.349186,7C0D65,DA42,DIAMOND AIRCRAFT INDUSTRIES INC.,DA 42,75365305dabe201dc80aa0a7f5ea14610a92ca8218f6399c8f292a77567e96cb,True,1
55824,10270,240926_ML.npy,2026-09-24,2026-09-24 06:55:25.815165,7C444D,P28A,PIPER AIRCRAFT CORP,PA-28-181,cc05c76a431505f41d201f6ca288f845a4568a69fee361a4852260c4037f2d4c,True,1
55825,10271,240926_ML.npy,2026-09-24,2026-09-24 06:55:29.856882,7C444D,P28A,PIPER AIRCRAFT CORP,PA-28-181,514396fc24b2a168c6f96591a4276ca7971634b3ba2d3aec5c785496d55ce9b6,True,3
55826,10272,240926_ML.npy,2026-09-24,2026-09-24 06:55:31.044185,7C444D,P28A,PIPER AIRCRAFT CORP,PA-28-181,98d36118fd6c1282f9e136735d2462a9d2f78a0ffff7197455b279cf262f2701,True,3
55827,10273,240926_ML.npy,2026-09-24,2026-09-24 06:55:33.990258,7C444D,P28A,PIPER AIRCRAFT CORP,PA-28-181,1689040f2357a34b63ecfdaabd21b320dd824b0f9b112ffe284a71392e56aad5,True,4
55828,10274,240926_ML.npy,2026-09-24,2026-09-24 06:55:35.557587,7C444D,P28A,PIPER AIRCRAFT CORP,PA-28-181,f8a5cbc6ed37877795b9c159fe53459b7868ad51d925f120bbc36c25af062497,True,5
55829,10275,240926_ML.npy,2026-09-24,2026-09-24 06:55:40.385254,7C444D,P28A,PIPER AIRCRAFT CORP,PA-28-181,d5272b3e03fa0c2fc8b6b55d1c254584a189638fede7927008c5ae9e7d481a90,True,5
55830,10276,240926_ML.npy,2026-09-24,2026-09-24 06:55:46.142221,7C444D,P28A,PIPER AIRCRAFT CORP,PA-28-181,0a712d93c3b436632b6313eca8379ae14858b33e3b9968582f2fdcbbff01ea49,True,5
55831,10277,240926_ML.npy,2026-09-24,2026-09-24 06:55:46.431818,7C444D,P28A,PIPER AIRCRAFT CORP,PA-28-181,2449d09c52d6c03e53f0343286a97e3da9c8d4cb399c424944d7793787b9720e,True,1
55832,10278,240926_ML.npy,2026-09-24,2026-09-24 06:55:47.403596,7C444D,P28A,PIPER AIRCRAFT CORP,PA-28-181,fbcfbb88554cca22b162fa900c7a3480bc4543f4022e2229f12e86afe7f81328,True,3
55833,10279,240926_ML.npy,2026-09-24,2026-09-24 06:55:51.021580,7C444D,P28A,PIPER AIRCRAFT CORP,PA-28-181,0a712d93c3b436632b6313eca8379ae14858b33e3b9968582f2fdcbbff01ea49,True,3
55834,10280,240926_ML.npy,2026-09-24,2026-09-24 06:55:51.870921,7C444D,P28A,PIPER AIRCRAFT CORP,PA-28-181,9b880bb9883b5dc2b98743b5b76306d1f930c85480133480afabe330a60a09a0,True,1
55835,10281,240926_ML.npy,2026-09-24,2026-09-24 06:55:52.181210,7C444D,P28A,PIPER AIRCRAFT CORP,PA-28-181,5310052121a1b6d5258bc231e089491e8df6427f0718e598ec592d487fd7af1c,True,3
55836,10282,240926_ML.npy,2026-09-24,2026-09-24 06:55:52.701179,7C444D,P28A,PIPER AIRCRAFT CORP,PA-28-181,1f4f0b8eba5aa53323b716e579c03e875e053444075eb7239a3d694dcd38fce6,True,4
55837,10283,240926_ML.npy,2026-09-24,2026-09-24 06:55:55.862328,7C444D,P28A,PIPER AIRCRAFT CORP,PA-28-181,dd134ae8b069b7d906c27243dfbe4afe64e7d35faa79dc137cd509f20a3a5793,True,3
55838,10284,240926_ML.npy,2026-09-24,2026-09-24 06:56:00.991659,7C444D,P28A,PIPER AIRCRAFT CORP,PA-28-181,0a712d93c3b436632b6313eca8379ae14858b33e3b9968582f2fdcbbff01ea49,True,4
55839,10285,240926_ML.npy,2026-09-24,2026-09-24 06:56:01.810754,7C444D,P28A,PIPER AIRCRAFT CORP,PA-28-181,5debb63cae68ed75a6b985e50c2fda57ec8d9f8c8796f525217869117164cac8,True,2
55840,10286,240926_ML.npy,2026-09-24,2026-09-24 06:56:04.071421,7C444D,P28A,PIPER AIRCRAFT CORP,PA-28-181,a60f97b56ad9e142ee79a46ae774fd4e0ce9e066473b9ab26fbec108b13618c2,True,2
55841,10287,240926_ML.npy,2026-09-24,2026-09-24 06:56:04.749190,7C444D,P28A,PIPER AIRCRAFT CORP,PA-28-181,7f5bc104357597534226167037fba6c8d6dc2d615e2751a682cd8dcc6b86ee78,True,4
55842,10288,240926_ML.npy,2026-09-24,2026-09-24 06:56:07.112671,7C444D,P28A,PIPER AIRCRAFT CORP,PA-28-181,bdbea92283397c39fbb177d0e95a1912f7416a11383c2ccf93c282201996d94c,True,3
55843,10289,240926_ML.npy,2026-09-24,2026-09-24 06:56:11.122398,7C444D,P28A,PIPER AIRCRAFT CORP,PA-28-181,d8ca3e90afb3bc1d4dca52ed572384b0662a75fc6da6c43081f935eb45116e9f,True,4
55844,10290,240926_ML.npy,2026-09-24,2026-09-24 06:56:14.181343,7C444D,P28A,PIPER AIRCRAFT CORP,PA-28-181,e36ff471069577c134fba3ef471a9676d616cdbaa25859f0d67329f4b4aa6980,True,5
55845,10291,240926_ML.npy,2026-09-24,2026-09-24 06:56:14.697402,7C444D,P28A,PIPER AIRCRAFT CORP,PA-28-181,c20fceb78f0d72f63641999a1b720caafd094be9f24465d40d1e51e4ea798f34,True,2
55846,10292,240926_ML.npy,2026-09-24,2026-09-24 06:56:18.726996,7C444D,P28A,PIPER AIRCRAFT CORP,PA-28-181,d8ca3e90afb3bc1d4dca52ed572384b0662a75fc6da6c43081f935eb45116e9f,True,5
55847,10293,240926_ML.npy,2026-09-24,2026-09-24 06:56:21.194406,7C444D,P28A,PIPER AIRCRAFT CORP,PA-28-181,d8ca3e90afb3bc1d4dca52ed572384b0662a75fc6da6c43081f935eb45116e9f,True,3
55855,10301,240926_ML.npy,2026-09-24,2026-09-24 06:57:01.580408,7C41FD,DA40,DIAMOND AIRCRAFT INDUSTRIES INC.,DA 40,05817c553e9f56b85aaa2928880057b2db67a55e3d47786d2b4f917fc637f222,True,3
55859,10305,240926_ML.npy,2026-09-24,2026-09-24 06:57:17.314763,7C0D65,DA42,DIAMOND AIRCRAFT INDUSTRIES INC.,DA 42,e938b2347db6de429403c21a925808ef167630296a3389febaf700f9030da76b,True,1
55862,10308,240926_ML.npy,2026-09-24,2026-09-24 06:57:38.961642,7C0D65,DA42,DIAMOND AIRCRAFT INDUSTRIES INC.,DA 42,5c62b8c06eaf023820dab450ec4bb184407acf49c02e00494e38a4e42eee195a,True,1
55863,10309,240926_ML.npy,2026-09-24,2026-09-24 06:57:38.965878,7C0D65,DA42,DIAMOND AIRCRAFT INDUSTRIES INC.,DA 42,e68b9bfb06ef0d5dc7fc09c9bee5b3b57f380ba3c50800b5283b7f8fe3de0d8f,True,2
55864,10310,240926_ML.npy,2026-09-24,2026-09-24 06:57:45.459647,7C0D65,DA42,DIAMOND AIRCRAFT INDUSTRIES INC.,DA 42,bc1540c79b2dff445b72feb5b1269abf3b2f93748ddf7c8a126eed341cdc44b5,True,2
55865,10311,240926_ML.npy,2026-09-24,2026-09-24 06:57:45.462550,7C0D65,DA42,DIAMOND AIRCRAFT INDUSTRIES INC.,DA 42,8044f59370b831acfb57c4ae047b3a16b114532a3d91624d4e5dffb9f4f418ea,True,3
55867,10313,240926_ML.npy,2026-09-24,2026-09-24 06:58:09.719173,7C0D65,DA42,DIAMOND AIRCRAFT INDUSTRIES INC.,DA 42,a5e1c824cf37f8122970d4e5f5f8abb28e0e71af7fe1b59a0d9f90aaf1aad249,True,5
55871,10317,240926_ML.npy,2026-09-24,2026-09-24 06:58:19.421763,7C0D65,DA42,DIAMOND AIRCRAFT INDUSTRIES INC.,DA 42,6d30a9dc31c311e18706b5effb3c1a3dbcdbab3c7a44d7c4caf491257d12c552,True,5
55872,10318,240926_ML.npy,2026-09-24,2026-09-24 06:58:20.709567,7C0D65,DA42,DIAMOND AIRCRAFT INDUSTRIES INC.,DA 42,6cbe5135f36b61942b47fcd55f0049194b966df7560f6a396fa7eeaa8b6ab050,True,2
55874,10320,240926_ML.npy,2026-09-24,2026-09-24 06:58:21.899728,7C0D65,DA42,DIAMOND AIRCRAFT INDUSTRIES INC.,DA 42,700ede9a671588c09aee77500515869bd40655ae3424d5007a2779fb1500e017,True,5
55876,10322,240926_ML.npy,2026-09-24,2026-09-24 06:58:22.360689,7C0D65,DA42,DIAMOND AIRCRAFT INDUSTRIES INC.,DA 42,7208594aec781ae54583fb8e6af4adce211d485500e6809224a0196e6c9e366b,True,3
55877,10323,240926_ML.npy,2026-09-24,2026-09-24 06:58:23.215725,7C0D65,DA42,DIAMOND AIRCRAFT INDUSTRIES INC.,DA 42,6cbe5135f36b61942b47fcd55f0049194b966df7560f6a396fa7eeaa8b6ab050,True,1
55878,10324,240926_ML.npy,2026-09-24,2026-09-24 06:58:26.768798,7C0D65,DA42,DIAMOND AIRCRAFT INDUSTRIES INC.,DA 42,f09456cc663499f6aa18414547d958009f43f918212b38890d96495e1e087bb3,True,1
55881,10327,240926_ML.npy,2026-09-24,2026-09-24 06:59:46.242497,7C0D65,DA42,DIAMOND AIRCRAFT INDUSTRIES INC.,DA 42,72fb4ce8e712db6fcbbb00dfdac30506b19a0c735f7ee7b444509379203ae6b1,True,4
55886,10332,240926_ML.npy,2026-09-24,2026-09-24 06:59:57.204583,7C0D65,DA42,DIAMOND AIRCRAFT INDUSTRIES INC.,DA 42,20a77d93d4c007e7553aee16fa0466b74f2740f0dfd13282232217e188c1b9cf,True,2
55887,10333,240926_ML.npy,2026-09-24,2026-09-24 06:59:57.631882,7C444D,P28A,PIPER AIRCRAFT CORP,PA-28-181,034acebb00953fcb4378cb8a8fe586bdb4705cdb4bd72a369adde17f1b59a5e0,True,2
55888,10334,240926_ML.npy,2026-09-24,2026-09-24 06:59:59.189745,7C0D65,DA42,DIAMOND AIRCRAFT INDUSTRIES INC.,DA 42,a4e43db5bfce324b057b13a580bb248b021a74e74cbaa469c83de72265fd4626,True,3
55889,10335,240926_ML.npy,2026-09-24,2026-09-24 06:59:59.195759,7C0D65,DA42,DIAMOND AIRCRAFT INDUSTRIES INC.,DA 42,9f97a801d445db9dceae24b0dff656c4f7fcd4ff43660e6eb7137b070552e4b8,True,3
55892,10338,240926_ML.npy,2026-09-24,2026-09-24 07:00:05.832615,7C0D65,DA42,DIAMOND AIRCRAFT INDUSTRIES INC.,DA 42,1220b2700d31aff14616e4eac6e5811c6fe1c700e971e3ae480bfe4e0c11090c,True,4
55894,10340,240926_ML.npy,2026-09-24,2026-09-24 07:00:07.314908,7C0D65,DA42,DIAMOND AIRCRAFT INDUSTRIES INC.,DA 42,0cc3e73a59e8bc3610e042b819871688ccef980be0bf97e2b51facf4955e172d,True,5
55895,10341,240926_ML.npy,2026-09-24,2026-09-24 07:00:07.319556,7C0D65,DA42,DIAMOND AIRCRAFT INDUSTRIES INC.,DA 42,b8746952658371c3faa7212d61d060d9e2a15ea2abb6b747b058057b73c92595,True,1
55896,10342,240926_ML.npy,2026-09-24,2026-09-24 07:00:09.820066,7C0D65,DA42,DIAMOND AIRCRAFT INDUSTRIES INC.,DA 42,5eb2d9a4a935b47bc4f592ea83e7c8e37ff5b46feab71023a3492e8dd4c6d939,True,1
55898,10344,240926_ML.npy,2026-09-24,2026-09-24 07:00:10.821082,7C444D,P28A,PIPER AIRCRAFT CORP,PA-28-181,d8ca3e90afb3bc1d4dca52ed572384b0662a75fc6da6c43081f935eb45116e9f,True,5
55902,10348,240926_ML.npy,2026-09-24,2026-09-24 07:00:12.684131,7C0D65,DA42,DIAMOND AIRCRAFT INDUSTRIES INC.,DA 42,6d30a9dc31c311e18706b5effb3c1a3dbcdbab3c7a44d7c4caf491257d12c552,True,4
55903,10349,240926_ML.npy,2026-09-24,2026-09-24 07:00:12.784024,7C0D65,DA42,DIAMOND AIRCRAFT INDUSTRIES INC.,DA 42,04b686c1dec303818333a823dea86669591a2b34efd8efd724eb57585ffe13ec,True,5
55904,10350,240926_ML.npy,2026-09-24,2026-09-24 07:00:13.388007,7C0D65,DA42,DIAMOND AIRCRAFT INDUSTRIES INC.,DA 42,433e7d016e43a29c61cdfdc05002e2975cd1f5ee89d83e3e0655b6f92c60abf4,True,4
55905,10351,240926_ML.npy,2026-09-24,2026-09-24 07:00:13.890140,7C0D65,DA42,DIAMOND AIRCRAFT INDUSTRIES INC.,DA 42,6d30a9dc31c311e18706b5effb3c1a3dbcdbab3c7a44d7c4caf491257d12c552,True,5
55906,10352,240926_ML.npy,2026-09-24,2026-09-24 07:00:13.933519,7C0D65,DA42,DIAMOND AIRCRAFT INDUSTRIES INC.,DA 42,767a47e4e16788b58744f6174bd9eaab2604b35d4d4a8b3af7dd45f503c39183,True,4
55908,10354,240926_ML.npy,2026-09-24,2026-09-24 07:00:16.319811,7C0D65,DA42,DIAMOND AIRCRAFT INDUSTRIES INC.,DA 42,ef343993c3170cbfbfd32c15c3ded8db76f0181db5fe4578df737c47a524dc75,True,1
55909,10355,240926_ML.npy,2026-09-24,2026-09-24 07:00:16.326903,7C0D65,DA42,DIAMOND AIRCRAFT INDUSTRIES INC.,DA 42,aa2674db47ffc032fe62700258e80358bce2c5d73291f376632d1ae44c4c014d,True,2
55910,10356,240926_ML.npy,2026-09-24,2026-09-24 07:00:17.894323,7C444D,P28A,PIPER AIRCRAFT CORP,PA-28-181,f8e8a719edd449dd98622cf8758a448d4899c4361da986a5a2a73ba7bfe372ce,True,5
55911,10357,240926_ML.npy,2026-09-24,2026-09-24 07:00:20.329311,7C0D65,DA42,DIAMOND AIRCRAFT INDUSTRIES INC.,DA 42,efbce22c5ef97f2e788cdaa46ccf38b84e335aac9f956d1210c9fc770940c933,True,2
55914,10360,240926_ML.npy,2026-09-24,2026-09-24 07:00:22.573892,7C0D65,DA42,DIAMOND AIRCRAFT INDUSTRIES INC.,DA 42,04b686c1dec303818333a823dea86669591a2b34efd8efd724eb57585ffe13ec,True,4
55917,10363,240926_ML.npy,2026-09-24,2026-09-24 07:00:26.530818,7C0D65,DA42,DIAMOND AIRCRAFT INDUSTRIES INC.,DA 42,6d30a9dc31c311e18706b5effb3c1a3dbcdbab3c7a44d7c4caf491257d12c552,True,2
55918,10364,240926_ML.npy,2026-09-24,2026-09-24 07:00:27.231257,7C0D65,DA42,DIAMOND AIRCRAFT INDUSTRIES INC.,DA 42,b10dbcaea6a2bdcbca80bb866fea6abec69f5ff607b0fca723653eace25ee2ad,True,5
55920,10366,240926_ML.npy,2026-09-24,2026-09-24 07:00:29.753695,7C0D65,DA42,DIAMOND AIRCRAFT INDUSTRIES INC.,DA 42,295053e980384f6bf94693c90827131cd5901b064d98c8a1871a5469f1f07c9c,True,3
55925,10371,240926_ML.npy,2026-09-24,2026-09-24 07:00:31.378454,7C0D65,DA42,DIAMOND AIRCRAFT INDUSTRIES INC.,DA 42,0597e12debed321bfe1ac8e5148be83d8e7d89a10518c350b2182d35011e1156,True,5
55926,10372,240926_ML.npy,2026-09-24,2026-09-24 07:00:31.384139,7C0D65,DA42,DIAMOND AIRCRAFT INDUSTRIES INC.,DA 42,b99f2e5f64739e4f623f19cefe12c0429d4a598a437ba403557a5b92ad73f33a,True,4
55928,10374,240926_ML.npy,2026-09-24,2026-09-24 07:00:32.573572,7C0D65,DA42,DIAMOND AIRCRAFT INDUSTRIES INC.,DA 42,04b686c1dec303818333a823dea86669591a2b34efd8efd724eb57585ffe13ec,True,3
55936,10382,240926_ML.npy,2026-09-24,2026-09-24 07:00:46.169307,7C444D,P28A,PIPER AIRCRAFT CORP,PA-28-181,ab93164c37a965c860f4a7b1b181d0e3e0800694a6e88347a79f43ac48605219,True,1
55937,10383,240926_ML.npy,2026-09-24,2026-09-24 07:00:46.719798,7C0D65,DA42,DIAMOND AIRCRAFT INDUSTRIES INC.,DA 42,eeab55b65a00d14f2bb03890c0d24fb11acfb9c43d4915338b77e2f8f409977d,True,1
55939,10385,240926_ML.npy,2026-09-24,2026-09-24 07:00:47.299393,7C0D65,DA42,DIAMOND AIRCRAFT INDUSTRIES INC.,DA 42,47b14cc665b3ef46b50615b03f0ced7ab51fb823687ee6fa2728eefecbcfa5f3,True,4
55941,10387,240926_ML.npy,2026-09-24,2026-09-24 07:00:47.840735,7C7B56,DA40,DIAMOND AIRCRAFT INDUSTRIES INC.,DA 40,c21d97bce2c6a21b76ebcb4d6cc08a2681276d4c6530c8ba83a8e3b7b533b24d,True,1
55945,10391,240926_ML.npy,2026-09-24,2026-09-24 07:00:49.286507,7C7B56,DA40,DIAMOND AIRCRAFT INDUSTRIES INC.,DA 40,d74c4cfa50f2e207ac661fefcd4d4a1cdd943c0076ed6b89fbe265e5303c2749,True,1
55946,10392,240926_ML.npy,2026-09-24,2026-09-24 07:00:49.668539,7C7B56,DA40,DIAMOND AIRCRAFT INDUSTRIES INC.,DA 40,a861a75dd578d9420f4a29572362eb768085477be15eb702b9382ad41cf935e8,True,3
55949,10395,240926_ML.npy,2026-09-24,2026-09-24 07:00:51.626621,7C0D65,DA42,DIAMOND AIRCRAFT INDUSTRIES INC.,DA 42,df5385392bf9c077d7750c9230e539d6d8604e0adedfcdfd6514119e3eb78fed,True,5
55954,10400,240926_ML.npy,2026-09-24,2026-09-24 07:00:55.001720,7C444D,P28A,PIPER AIRCRAFT CORP,PA-28-181,37ccfb5dbf09ee5134472aed998186ef4f1380a669bbb137504823c9563d7577,True,2
55955,10401,240926_ML.npy,2026-09-24,2026-09-24 07:00:55.181180,7C0D65,DA42,DIAMOND AIRCRAFT INDUSTRIES INC.,DA 42,6d30a9dc31c311e18706b5effb3c1a3dbcdbab3c7a44d7c4caf491257d12c552,True,2
55956,10402,240926_ML.npy,2026-09-24,2026-09-24 07:00:57.262351,7C7B56,DA40,DIAMOND AIRCRAFT INDUSTRIES INC.,DA 40,4d4efca3bde0ce535da64177510a081c5331f9f7f801dea25d88625d7305ab04,True,5
55959,10405,240926_ML.npy,2026-09-24,2026-09-24 07:00:58.883216,7C0D65,DA42,DIAMOND AIRCRAFT INDUSTRIES INC.,DA 42,6cbe5135f36b61942b47fcd55f0049194b966df7560f6a396fa7eeaa8b6ab050,True,3
55960,10406,240926_ML.npy,2026-09-24,2026-09-24 07:00:58.966303,7C0D65,DA42,DIAMOND AIRCRAFT INDUSTRIES INC.,DA 42,5aedd76b2cf8c5d91784580a51e71ca4fc06c293866f3f90e314af4a43363f4e,True,5
55964,10410,240926_ML.npy,2026-09-24,2026-09-24 07:01:00.754239,7C7B56,DA40,DIAMOND AIRCRAFT INDUSTRIES INC.,DA 40,c974b5f70cb535528546642b7b67a40da278b793e2fe12c46a7320e5e2084843,True,4
55966,10412,240926_ML.npy,2026-09-24,2026-09-24 07:01:05.041323,7C0D65,DA42,DIAMOND AIRCRAFT INDUSTRIES INC.,DA 42,26286fa521b210b5eb6fcf9724576665b2f86fd748119722379ed5b063490e63,True,3
55968,10414,240926_ML.npy,2026-09-24,2026-09-24 07:01:06.437471,7C0D65,DA42,DIAMOND AIRCRAFT INDUSTRIES INC.,DA 42,19b49276ce2ebc1293196d0f5d0f20cb566cee5e718287adefaf28a9f4c3fffe,True,4
55970,10416,240926_ML.npy,2026-09-24,2026-09-24 07:01:07.866276,7C0D65,DA42,DIAMOND AIRCRAFT INDUSTRIES INC.,DA 42,04b686c1dec303818333a823dea86669591a2b34efd8efd724eb57585ffe13ec,True,4
55973,10419,240926_ML.npy,2026-09-24,2026-09-24 07:01:37.072338,7C444D,P28A,PIPER AIRCRAFT CORP,PA-28-181,bdbea92283397c39fbb177d0e95a1912f7416a11383c2ccf93c282201996d94c,True,1
55975,10421,240926_ML.npy,2026-09-24,2026-09-24 07:01:45.371101,7C0D65,DA42,DIAMOND AIRCRAFT INDUSTRIES INC.,DA 42,5db8d4621b043fab8c55353fe96bc84c54fea4fe55ff691c450c261cf56bcc81,True,1
55979,10425,240926_ML.npy,2026-09-24,2026-09-24 07:01:48.868702,7C0D65,DA42,DIAMOND AIRCRAFT INDUSTRIES INC.,DA 42,433e7d016e43a29c61cdfdc05002e2975cd1f5ee89d83e3e0655b6f92c60abf4,True,5
55983,10429,240926_ML.npy,2026-09-24,2026-09-24 07:01:53.554765,7C0D65,DA42,DIAMOND AIRCRAFT INDUSTRIES INC.,DA 42,6d30a9dc31c311e18706b5effb3c1a3dbcdbab3c7a44d7c4caf491257d12c552,True,3
55984,10430,240926_ML.npy,2026-09-24,2026-09-24 07:01:57.800374,7C444D,P28A,PIPER AIRCRAFT CORP,PA-28-181,387b0f8d4b03111bc6364671df5280e1d94b936499f66dffbdd4bdfc72a248e0,True,3
55985,10431,240926_ML.npy,2026-09-24,2026-09-24 07:01:58.032895,7C444D,P28A,PIPER AIRCRAFT CORP,PA-28-181,d8ca3e90afb3bc1d4dca52ed572384b0662a75fc6da6c43081f935eb45116e9f,True,5
55986,10432,240926_ML.npy,2026-09-24,2026-09-24 07:01:58.910221,7C444D,P28A,PIPER AIRCRAFT CORP,PA-28-181,59f9b901f14477abf27b9b45edf6ad6d12e670a8470b99c81de441f42222750c,True,5
55987,10433,240926_ML.npy,2026-09-24,2026-09-24 07:01:59.616441,7C444D,P28A,PIPER AIRCRAFT CORP,PA-28-181,a2f205749baea4efaa137075898e789d2b07fa6e3a0e294e3ea268ffd0787ae1,True,1
55988,10434,240926_ML.npy,2026-09-24,2026-09-24 07:02:00.775877,7C444D,P28A,PIPER AIRCRAFT CORP,PA-28-181,7ee3f358213b22dbe5e0f5cc2a2e3758aae185e5c90c877964a73f5fd904ea8d,True,1
55989,10435,240926_ML.npy,2026-09-24,2026-09-24 07:02:01.111796,7C444D,P28A,PIPER AIRCRAFT CORP,PA-28-181,5ce32db401fd90f69f7db8c87d8efd08b9ece729ca863e3f2029b310de404c86,True,5
55990,10436,240926_ML.npy,2026-09-24,2026-09-24 07:02:02.304004,7C444D,P28A,PIPER AIRCRAFT CORP,PA-28-181,08562690fb189b16cd979e87960d9d3c2f1077c8842a3013e0c349827e436e32,True,3
55991,10437,240926_ML.npy,2026-09-24,2026-09-24 07:02:05.851215,7C444D,P28A,PIPER AIRCRAFT CORP,PA-28-181,da6b079ddd167c2fdfcc39531b399f6abd1710b73b5b574ae6fbae2e35152427,True,3
55992,10438,240926_ML.npy,2026-09-24,2026-09-24 07:02:08.074868,7C444D,P28A,PIPER AIRCRAFT CORP,PA-28-181,d8ca3e90afb3bc1d4dca52ed572384b0662a75fc6da6c43081f935eb45116e9f,True,5
55993,10439,240926_ML.npy,2026-09-24,2026-09-24 07:02:11.554178,7C444D,P28A,PIPER AIRCRAFT CORP,PA-28-181,e9cedb1fa8d31fdcb5a9db0480c7bfe0475deb473a6d33f04f61275f90e6f015,True,2
55994,10440,240926_ML.npy,2026-09-24,2026-09-24 07:02:12.078161,7C444D,P28A,PIPER AIRCRAFT CORP,PA-28-181,a180b0e4649bcac2d60bbc38b1aefe48c21e2b08e45092d1049f6a1837ec2abc,True,2
55995,10441,240926_ML.npy,2026-09-24,2026-09-24 07:02:12.655848,7C444D,P28A,PIPER AIRCRAFT CORP,PA-28-181,b3db8ba75c95acbae9eb781f97ab4954a34c56588a4b613acca2b0df50f78bab,True,3
55996,10442,240926_ML.npy,2026-09-24,2026-09-24 07:02:13.522052,7C444D,P28A,PIPER AIRCRAFT CORP,PA-28-181,79d613b3382d2069b0ee7643a233e6930fb30d7efcc12b1b58f57363a1c74f7f,True,5
55997,10443,240926_ML.npy,2026-09-24,2026-09-24 07:02:14.016858,7C444D,P28A,PIPER AIRCRAFT CORP,PA-28-181,a180b0e4649bcac2d60bbc38b1aefe48c21e2b08e45092d1049f6a1837ec2abc,True,1
55998,10444,240926_ML.npy,2026-09-24,2026-09-24 07:02:14.477832,7C444D,P28A,PIPER AIRCRAFT CORP,PA-28-181,d4c2eea7ba73b00c32ba14b696dc2e9dd504955e702a84a9ae9fde30326f1992,True,4
55999,10445,240926_ML.npy,2026-09-24,2026-09-24 07:02:16.577070,7C444D,P28A,PIPER AIRCRAFT CORP,PA-28-181,a2842d336a2d73fea419ffa5ec29078cd13e74c29230e3e6f22fc8427bd3ba43,True,3
56000,10446,240926_ML.npy,2026-09-24,2026-09-24 07:02:16.668859,7C444D,P28A,PIPER AIRCRAFT CORP,PA-28-181,65da709cd81f8e6bf4e89e3ec693c7f11e1e4b2813783029aac7b6780b69ab6d,True,1
56001,10447,240926_ML.npy,2026-09-24,2026-09-24 07:02:19.196886,7C444D,P28A,PIPER AIRCRAFT CORP,PA-28-181,10febe0ccde81d329c8c3ee3abde01d81460580784d839247c0247ae594e75d2,True,1
56002,10448,240926_ML.npy,2026-09-24,2026-09-24 07:02:20.738767,7C444D,P28A,PIPER AIRCRAFT CORP,PA-28-181,253f424ab8beaef47af8dc76a18b1688f63887523691d36e03c841288d46166b,True,3
56003,10449,240926_ML.npy,2026-09-24,2026-09-24 07:02:25.679766,7C444D,P28A,PIPER AIRCRAFT CORP,PA-28-181,752e6635cf81dc1c68f29878b977e652d485df1c0c3a706bc2152cae7ce453b0,True,5
56004,10450,240926_ML.npy,2026-09-24,2026-09-24 07:02:27.859387,7C444D,P28A,PIPER AIRCRAFT CORP,PA-28-181,9d8f2effc3be0d08322888aed1c1dc23b3736a8e12ba59c531435d51948ca30a,True,3
56005,10451,240926_ML.npy,2026-09-24,2026-09-24 07:02:27.963519,7C444D,P28A,PIPER AIRCRAFT CORP,PA-28-181,d8ca3e90afb3bc1d4dca52ed572384b0662a75fc6da6c43081f935eb45116e9f,True,2
56006,10452,240926_ML.npy,2026-09-24,2026-09-24 07:02:28.395295,7C444D,P28A,PIPER AIRCRAFT CORP,PA-28-181,e160b2136d583c95e67b396eb33f7d1e48b8d0e7407c5ccd3f123d094790b62c,True,4
56007,10453,240926_ML.npy,2026-09-24,2026-09-24 07:02:29.989085,7C444D,P28A,PIPER AIRCRAFT CORP,PA-28-181,e38df0fe9f254db95979c27cb3d6fbff52d0ed356c00d133deb85c6dad9529e9,True,4
56008,10454,240926_ML.npy,2026-09-24,2026-09-24 07:02:30.043587,7C444D,P28A,PIPER AIRCRAFT CORP,PA-28-181,49235b69c9a99ac915fd053b2163389090d2dbfe289c3d3a9bd52ce8adcfaf0c,True,5
56009,10455,240926_ML.npy,2026-09-24,2026-09-24 07:02:30.401122,7C444D,P28A,PIPER AIRCRAFT CORP,PA-28-181,d8ca3e90afb3bc1d4dca52ed572384b0662a75fc6da6c43081f935eb45116e9f,True,4
56010,10456,240926_ML.npy,2026-09-24,2026-09-24 07:02:30.513135,7C444D,P28A,PIPER AIRCRAFT CORP,PA-28-181,81752e52f72ed9222532030cd252a84f696639c1cd377a33cfa8c818314e1994,True,4
56011,10457,240926_ML.npy,2026-09-24,2026-09-24 07:02:30.992518,7C444D,P28A,PIPER AIRCRAFT CORP,PA-28-181,fdc3f1eb36e15ed36df485924d745b52361fa1a0d42aedb34534f08f6cca507a,True,3
56012,10458,240926_ML.npy,2026-09-24,2026-09-24 07:02:32.690679,7C444D,P28A,PIPER AIRCRAFT CORP,PA-28-181,03813b01a1ef9f714fb21499e540f4205d9992df1b074bca55eb8d80d7fc5580,True,5
56013,10459,240926_ML.npy,2026-09-24,2026-09-24 07:02:35.454069,7C444D,P28A,PIPER AIRCRAFT CORP,PA-28-181,d8ca3e90afb3bc1d4dca52ed572384b0662a75fc6da6c43081f935eb45116e9f,True,4
56014,10460,240926_ML.npy,2026-09-24,2026-09-24 07:02:35.922094,7C444D,P28A,PIPER AIRCRAFT CORP,PA-28-181,3fe20e0b54e1ca5c13d6c9dbba5c58e113ea3c5488db156d98506ea834259ad3,True,1
56015,10461,240926_ML.npy,2026-09-24,2026-09-24 07:02:36.101906,7C444D,P28A,PIPER AIRCRAFT CORP,PA-28-181,4ad657f3c92c0b1c899e592f717a95e3b298bbb84bc117ce10f56d020ae4d66b,True,5
56016,10462,240926_ML.npy,2026-09-24,2026-09-24 07:02:36.514046,7C444D,P28A,PIPER AIRCRAFT CORP,PA-28-181,4ad657f3c92c0b1c899e592f717a95e3b298bbb84bc117ce10f56d020ae4d66b,True,4
56017,10463,240926_ML.npy,2026-09-24,2026-09-24 07:02:41.152950,7C444D,P28A,PIPER AIRCRAFT CORP,PA-28-181,fd4dea84acc783f6118ac93692d62545acffeeff6ae46e7cc3e0245be6411908,True,2
56018,10464,240926_ML.npy,2026-09-24,2026-09-24 07:02:44.210221,7C444D,P28A,PIPER AIRCRAFT CORP,PA-28-181,fffc9d4f0c56ccc2c6da777c9f0efe886bfa7c1ec6193ee09c25db31a56f13b6,True,1
56019,10465,240926_ML.npy,2026-09-24,2026-09-24 07:02:45.089177,7C0D65,DA42,DIAMOND AIRCRAFT INDUSTRIES INC.,DA 42,32eb564b7481decb2437a91af1a18303712c0546ad3d24d4a5f24d3cad615c39,True,5
56020,10466,240926_ML.npy,2026-09-24,2026-09-24 07:02:45.496541,7C444D,P28A,PIPER AIRCRAFT CORP,PA-28-181,d8ca3e90afb3bc1d4dca52ed572384b0662a75fc6da6c43081f935eb45116e9f,True,5
56021,10467,240926_ML.npy,2026-09-24,2026-09-24 07:02:45.588585,7C444D,P28A,PIPER AIRCRAFT CORP,PA-28-181,0a712d93c3b436632b6313eca8379ae14858b33e3b9968582f2fdcbbff01ea49,True,2
56022,10468,240926_ML.npy,2026-09-24,2026-09-24 07:02:47.111718,7C444D,P28A,PIPER AIRCRAFT CORP,PA-28-181,eec15b80d644f5f0ffd03c1a773da3a86880b3f0c1cbc788dfc1c7d87878b1af,True,4
56023,10469,240926_ML.npy,2026-09-24,2026-09-24 07:02:47.359943,7C444D,P28A,PIPER AIRCRAFT CORP,PA-28-181,36c9b349123f4a795479f2bdd7638025456fbe3ec6b0922c28325dc6bcfdc4f4,True,5
56024,10470,240926_ML.npy,2026-09-24,2026-09-24 07:02:53.123440,7C444D,P28A,PIPER AIRCRAFT CORP,PA-28-181,d8ca3e90afb3bc1d4dca52ed572384b0662a75fc6da6c43081f935eb45116e9f,True,3
56025,10471,240926_ML.npy,2026-09-24,2026-09-24 07:03:13.940238,7C0D65,DA42,DIAMOND AIRCRAFT INDUSTRIES INC.,DA 42,7d3d88f2aa8f208b105df0e1ca793aad8ea1406e4f70a545e5d125e9f6194294,True,5
56026,10472,240926_ML.npy,2026-09-24,2026-09-24 07:03:15.064932,7C0D65,DA42,DIAMOND AIRCRAFT INDUSTRIES INC.,DA 42,6d30a9dc31c311e18706b5effb3c1a3dbcdbab3c7a44d7c4caf491257d12c552,True,1
56029,10475,240926_ML.npy,2026-09-24,2026-09-24 07:03:20.761624,7C0D65,DA42,DIAMOND AIRCRAFT INDUSTRIES INC.,DA 42,98a52d9d0026c62ae9992d441973030044646d5b6120db61cbe3137cf39cc513,True,4
56030,10476,240926_ML.npy,2026-09-24,2026-09-24 07:03:22.812897,7C0D65,DA42,DIAMOND AIRCRAFT INDUSTRIES INC.,DA 42,75ac5f40cb5b98af1d2219d159bdbe3bd55d175bd21491236072f75fc3d2fbbe,True,1
56033,10479,240926_ML.npy,2026-09-24,2026-09-24 07:03:28.312678,7C0D65,DA42,DIAMOND AIRCRAFT INDUSTRIES INC.,DA 42,a920bb4757d41aad4254a323e46507501639c40d3556e4502e7c7a57e2a7a559,True,3
56034,10480,240926_ML.npy,2026-09-24,2026-09-24 07:03:28.319656,7C0D65,DA42,DIAMOND AIRCRAFT INDUSTRIES INC.,DA 42,91bd1cef2fadacaf60be65cebc013b86af3a73ada954a27de51cb254d1c22a54,True,4
56040,10486,240926_ML.npy,2026-09-24,2026-09-24 07:03:36.807214,7C0D65,DA42,DIAMOND AIRCRAFT INDUSTRIES INC.,DA 42,352f578d38491e3cea70c58c761c1e3afc1b2d4bde9fcbdaa8ad10562093e704,True,4
56041,10487,240926_ML.npy,2026-09-24,2026-09-24 07:03:38.684906,7C0D65,DA42,DIAMOND AIRCRAFT INDUSTRIES INC.,DA 42,6d30a9dc31c311e18706b5effb3c1a3dbcdbab3c7a44d7c4caf491257d12c552,True,5
56045,10491,240926_ML.npy,2026-09-24,2026-09-24 07:03:40.273546,7C0D65,DA42,DIAMOND AIRCRAFT INDUSTRIES INC.,DA 42,1c7ceadf6d1922ab0a3a47a50241e93fa2a57beb7b03b822896785c960a61137,True,4
56046,10492,240926_ML.npy,2026-09-24,2026-09-24 07:03:42.602893,7C0D65,DA42,DIAMOND AIRCRAFT INDUSTRIES INC.,DA 42,4992ebfb505c92a925df623d15c99f166cc945caffb57654cae7f9acac67fe49,True,2
56066,10512,240926_ML.npy,2026-09-24,2026-09-24 07:06:26.079965,7C0D65,DA42,DIAMOND AIRCRAFT INDUSTRIES INC.,DA 42,c97942e757f575b48e2338470844ee2943efa989bb7aa91cbef3954e7d8c1905,True,5
56067,10513,240926_ML.npy,2026-09-24,2026-09-24 07:06:26.472202,7C0D65,DA42,DIAMOND AIRCRAFT INDUSTRIES INC.,DA 42,6d30a9dc31c311e18706b5effb3c1a3dbcdbab3c7a44d7c4caf491257d12c552,True,5
56068,10514,240926_ML.npy,2026-09-24,2026-09-24 07:06:26.664292,7C0D65,DA42,DIAMOND AIRCRAFT INDUSTRIES INC.,DA 42,bee82c2078beafd7edc5cd6aaee54d090c81017f6b1627c923a04e73bc089c31,True,2
56080,10526,240926_ML.npy,2026-09-24,2026-09-24 07:06:54.882418,7C0D65,DA42,DIAMOND AIRCRAFT INDUSTRIES INC.,DA 42,2f66df5c10e447a8ef76957d3576185444e2686fc3da18dce8e8fc93ad5b4d10,True,1
56081,10527,240926_ML.npy,2026-09-24,2026-09-24 07:07:00.438037,7C0D65,DA42,DIAMOND AIRCRAFT INDUSTRIES INC.,DA 42,6cbe5135f36b61942b47fcd55f0049194b966df7560f6a396fa7eeaa8b6ab050,True,1
56082,10528,240926_ML.npy,2026-09-24,2026-09-24 07:07:01.437260,7C0D65,DA42,DIAMOND AIRCRAFT INDUSTRIES INC.,DA 42,6d30a9dc31c311e18706b5effb3c1a3dbcdbab3c7a44d7c4caf491257d12c552,True,4
56084,10530,240926_ML.npy,2026-09-24,2026-09-24 07:07:02.253790,7C0D65,DA42,DIAMOND AIRCRAFT INDUSTRIES INC.,DA 42,342b861b7b20c8b2d6d2e60da2f85b8bd73f1fa0037a74c3a0263681b7b8f3b1,True,1
56086,10532,240926_ML.npy,2026-09-24,2026-09-24 07:07:04.310708,7C0D65,DA42,DIAMOND AIRCRAFT INDUSTRIES INC.,DA 42,7743c10c9e7a5b76612aba62197e596a490450337e3cfb7b01fe45c64b970639,True,1
56087,10533,240926_ML.npy,2026-09-24,2026-09-24 07:07:14.790383,7C0D65,DA42,DIAMOND AIRCRAFT INDUSTRIES INC.,DA 42,4c81eb44d059e74bf2c3e9ea47c616f606c8f96bd5e58d34ec205c1c2ca85d0b,True,1
56088,10534,240926_ML.npy,2026-09-24,2026-09-24 07:07:14.796334,7C0D65,DA42,DIAMOND AIRCRAFT INDUSTRIES INC.,DA 42,ee5d4f06f71397dfb1137a812647248a797b76420c54cd7c852a233a3b5a0943,True,4
56090,10536,240926_ML.npy,2026-09-24,2026-09-24 07:07:16.832564,7C0D65,DA42,DIAMOND AIRCRAFT INDUSTRIES INC.,DA 42,b53566a2b00c10475363f81b0998786db01de83d9dac51c9e4031b9ab3cdef48,True,4
56092,10538,240926_ML.npy,2026-09-24,2026-09-24 07:07:20.489769,7C0D65,DA42,DIAMOND AIRCRAFT INDUSTRIES INC.,DA 42,3d4de53eef1906c659bc35d08ec21dd8e12e3d48fb617c7b9fb7e2e0c7dec6cb,True,1
56100,10546,240926_ML.npy,2026-09-24,2026-09-24 07:07:30.441395,7C0D65,DA42,DIAMOND AIRCRAFT INDUSTRIES INC.,DA 42,6cbe5135f36b61942b47fcd55f0049194b966df7560f6a396fa7eeaa8b6ab050,True,2
56101,10547,240926_ML.npy,2026-09-24,2026-09-24 07:07:31.784232,7C0D65,DA42,DIAMOND AIRCRAFT INDUSTRIES INC.,DA 42,7a211e19458acce50c2cc59e421ec7c24e2f0df1b3e8dc5ea8f7f3209786e4db,True,1
56103,10549,240926_ML.npy,2026-09-24,2026-09-24 07:07:32.756815,7C0D65,DA42,DIAMOND AIRCRAFT INDUSTRIES INC.,DA 42,db03a4c98aedc9857cf872feb45d7e8fe8dbf62644e70cfacd4a1ebf43bde3c5,True,2
56115,10561,240926_ML.npy,2026-09-24,2026-09-24 07:08:24.436900,7C0077,DA40,DIAMOND AIRCRAFT INDUSTRIES INC.,DA 40,636b3d86434b7db4a5b5045ff0b25873aca9f5b6e9d138fca6d737961dd4bbef,True,5
56118,10564,240926_ML.npy,2026-09-24,2026-09-24 07:08:49.766399,7C0D65,DA42,DIAMOND AIRCRAFT INDUSTRIES INC.,DA 42,6d30a9dc31c311e18706b5effb3c1a3dbcdbab3c7a44d7c4caf491257d12c552,True,3
56121,10567,240926_ML.npy,2026-09-24,2026-09-24 07:08:58.832725,7C0D65,DA42,DIAMOND AIRCRAFT INDUSTRIES INC.,DA 42,d59c78e99562f89c0df62c5164d822bfdc2d75699b0188d4050ebf3c403e4fb7,True,2
56123,10569,240926_ML.npy,2026-09-24,2026-09-24 07:08:59.289908,7C0D65,DA42,DIAMOND AIRCRAFT INDUSTRIES INC.,DA 42,5891b2306fa37e7fd3b793617a9f8ca5de208d2a4b21f841f1d2d840a0c37daa,True,5
56124,10570,240926_ML.npy,2026-09-24,2026-09-24 07:09:00.745941,7C0D65,DA42,DIAMOND AIRCRAFT INDUSTRIES INC.,DA 42,bfd55634be60b15a2f25636e1738062ed0a1847dc98f7646859dde34056cf571,True,2
56127,10573,240926_ML.npy,2026-09-24,2026-09-24 07:09:02.214277,7C0D65,DA42,DIAMOND AIRCRAFT INDUSTRIES INC.,DA 42,2fa3916d0492194fbb9fabc9ebaaf8991f8b659a7910ec17eb237bdf4880452b,True,5
56128,10574,240926_ML.npy,2026-09-24,2026-09-24 07:09:03.681095,7C0D65,DA42,DIAMOND AIRCRAFT INDUSTRIES INC.,DA 42,9e914e8b851fd85bb2cd331d42a4343d66b229ad746c1b70515e49a4fba8f96e,True,2
56130,10576,240926_ML.npy,2026-09-24,2026-09-24 07:09:04.669147,7C0D65,DA42,DIAMOND AIRCRAFT INDUSTRIES INC.,DA 42,042b1a4104f812f073c12cdd1820e9db9429f54b12de5062d2f02783f0ecc273,True,3
56131,10577,240926_ML.npy,2026-09-24,2026-09-24 07:09:04.699984,7C0D65,DA42,DIAMOND AIRCRAFT INDUSTRIES INC.,DA 42,433e7d016e43a29c61cdfdc05002e2975cd1f5ee89d83e3e0655b6f92c60abf4,True,5
56132,10578,240926_ML.npy,2026-09-24,2026-09-24 07:09:04.703528,7C0D65,DA42,DIAMOND AIRCRAFT INDUSTRIES INC.,DA 42,6d30a9dc31c311e18706b5effb3c1a3dbcdbab3c7a44d7c4caf491257d12c552,True,3
56137,10583,240926_ML.npy,2026-09-24,2026-09-24 07:09:11.617616,7C0D65,DA42,DIAMOND AIRCRAFT INDUSTRIES INC.,DA 42,04b686c1dec303818333a823dea86669591a2b34efd8efd724eb57585ffe13ec,True,3
56140,10586,240926_ML.npy,2026-09-24,2026-09-24 07:10:05.408335,7C0077,DA40,DIAMOND AIRCRAFT INDUSTRIES INC.,DA 40,3e5a651e92fad60d7938f4e394ea5e2a1922d2a0df847b1cdbf93e3a6514bde9,True,4
56156,10602,240926_ML.npy,2026-09-24,2026-09-24 07:10:24.802044,7C0077,DA40,DIAMOND AIRCRAFT INDUSTRIES INC.,DA 40,e4496c81edae416e06be861564f8804a907df0396286cef2697a87688491181b,True,3
56173,10619,240926_ML.npy,2026-09-24,2026-09-24 07:11:37.658530,7C0D65,DA42,DIAMOND AIRCRAFT INDUSTRIES INC.,DA 42,6ee2e9ca67f3c32cfb20426754fae24825e740373434acb6a6ad2efa53e44cbc,True,3
56174,10620,240926_ML.npy,2026-09-24,2026-09-24 07:11:57.681560,7C0D65,DA42,DIAMOND AIRCRAFT INDUSTRIES INC.,DA 42,6cbe5135f36b61942b47fcd55f0049194b966df7560f6a396fa7eeaa8b6ab050,True,2
56175,10621,240926_ML.npy,2026-09-24,2026-09-24 07:12:02.228172,7C0D65,DA42,DIAMOND AIRCRAFT INDUSTRIES INC.,DA 42,b4fd039bf07a5f608a6b009f0e8f15ccde232133eb450ee61dcfb707a984b299,True,2
56178,10624,240926_ML.npy,2026-09-24,2026-09-24 07:12:17.881851,7C0D65,DA42,DIAMOND AIRCRAFT INDUSTRIES INC.,DA 42,046d1b1f08fb855fc78de2b267a597dbaed274d6d9f71e6dca0c143c3c5defa7,True,5
56179,10625,240926_ML.npy,2026-09-24,2026-09-24 07:12:19.866070,7C0D65,DA42,DIAMOND AIRCRAFT INDUSTRIES INC.,DA 42,d07506269a85de0f600f187ed5d040c19e2fcccb4c62fc4eefd63a0132ca1922,True,4
56182,10628,240926_ML.npy,2026-09-24,2026-09-24 07:12:32.087192,7C0D65,DA42,DIAMOND AIRCRAFT INDUSTRIES INC.,DA 42,f7a47746a8f480d4d3810f1a87ccf55d6198c1878aa06fe4464ef020e80de7fa,True,1
56188,10634,240926_ML.npy,2026-09-24,2026-09-24 07:12:35.292940,7C0D65,DA42,DIAMOND AIRCRAFT INDUSTRIES INC.,DA 42,005acf1e5261083feb105ba160a7425d40ae0a98a1faa0bdd3c87be5488221cb,True,2
56193,10639,240926_ML.npy,2026-09-24,2026-09-24 07:12:40.923545,7C0D65,DA42,DIAMOND AIRCRAFT INDUSTRIES INC.,DA 42,e8c007a75c2754046907bf87f9d09b72c8d8f30ca07a8b35d616c0abac51c57d,True,3
56197,10643,240926_ML.npy,2026-09-24,2026-09-24 07:12:43.959436,7C0D65,DA42,DIAMOND AIRCRAFT INDUSTRIES INC.,DA 42,b161d05408d8f358cc9f4b2968e0e128935f3492285d391432fbfffd885f7e6f,True,1
56198,10644,240926_ML.npy,2026-09-24,2026-09-24 07:12:43.963902,7C0D65,DA42,DIAMOND AIRCRAFT INDUSTRIES INC.,DA 42,e4e48dcffdd07ed09c3616ca3ec351a1436c940846928039a114fd47dfd18121,True,2
56199,10645,240926_ML.npy,2026-09-24,2026-09-24 07:12:44.509625,7C0D65,DA42,DIAMOND AIRCRAFT INDUSTRIES INC.,DA 42,6d30a9dc31c311e18706b5effb3c1a3dbcdbab3c7a44d7c4caf491257d12c552,True,4
56201,10647,240926_ML.npy,2026-09-24,2026-09-24 07:12:45.707766,7C0D65,DA42,DIAMOND AIRCRAFT INDUSTRIES INC.,DA 42,6d30a9dc31c311e18706b5effb3c1a3dbcdbab3c7a44d7c4caf491257d12c552,True,4
56202,10648,240926_ML.npy,2026-09-24,2026-09-24 07:12:46.345929,7C0D65,DA42,DIAMOND AIRCRAFT INDUSTRIES INC.,DA 42,184ff805d1dd98f038525af034b379f34266cf45bb731f1b3c1d52cbdbb638c7,True,3
56203,10649,240926_ML.npy,2026-09-24,2026-09-24 07:12:46.355011,7C0D65,DA42,DIAMOND AIRCRAFT INDUSTRIES INC.,DA 42,6432097f0616db806ad15755e2c0fc8c02cc8b8ead23522cbe60285bdc37e78a,True,5
56206,10652,240926_ML.npy,2026-09-24,2026-09-24 07:13:15.175599,7C0077,DA40,DIAMOND AIRCRAFT INDUSTRIES INC.,DA 40,8ebee4cea81caa5f18cddc024d21ce8b8e3b20510207f319a2b8593df836d37a,True,3
56212,10658,240926_ML.npy,2026-09-24,2026-09-24 07:13:24.803496,7C168A,DA40,DIAMOND AIRCRAFT INDUSTRIES INC.,DA 40,b29d2c5fd34ce5c03b23cbc929feef9e0284af77e985f52e97bcc096983944ec,True,5
56213,10659,240926_ML.npy,2026-09-24,2026-09-24 07:13:29.697478,7C168A,DA40,DIAMOND AIRCRAFT INDUSTRIES INC.,DA 40,5d7c8318c3e57fb4f8c6397fdbb3fdbf9450841b1ddd117228dd0132bdce2e03,True,4
56219,10665,240926_ML.npy,2026-09-24,2026-09-24 07:13:49.214626,7C168A,DA40,DIAMOND AIRCRAFT INDUSTRIES INC.,DA 40,92dd83181157d5fa783f22c095e57fbcddcc960ea9d375c8165322f18b096931,True,4
56223,10669,240926_ML.npy,2026-09-24,2026-09-24 07:13:59.870338,7C168A,DA40,DIAMOND AIRCRAFT INDUSTRIES INC.,DA 40,5528bfb4ccdd409c6229fdb2948965d76a524d2660e3a49e621fc0b13a0f90e5,True,3
56224,10670,240926_ML.npy,2026-09-24,2026-09-24 07:14:00.035968,7C0D65,DA42,DIAMOND AIRCRAFT INDUSTRIES INC.,DA 42,72f0bcd5f5a805ec743812bc3b27f094050629149ec071fd4089c576d78c807d,True,2
56230,10676,240926_ML.npy,2026-09-24,2026-09-24 07:14:04.484684,7C0D65,DA42,DIAMOND AIRCRAFT INDUSTRIES INC.,DA 42,93144efe1a76aaa5d4e47edac6e225fea1ccfcba07b8215415a7bc9c23116e3c,True,2
56231,10677,240926_ML.npy,2026-09-24,2026-09-24 07:14:07.971245,7C0077,DA40,DIAMOND AIRCRAFT INDUSTRIES INC.,DA 40,d97140d028ab37a26ecde97d26011eb7d00a9d1610e3196353fc56bdb73d5e6d,True,1
56232,10678,240926_ML.npy,2026-09-24,2026-09-24 07:14:09.756968,7C0D65,DA42,DIAMOND AIRCRAFT INDUSTRIES INC.,DA 42,6d30a9dc31c311e18706b5effb3c1a3dbcdbab3c7a44d7c4caf491257d12c552,True,2
56234,10680,240926_ML.npy,2026-09-24,2026-09-24 07:14:10.792633,7C0D65,DA42,DIAMOND AIRCRAFT INDUSTRIES INC.,DA 42,78b94ab0923d888cc360db6324ccfcf97130f9b23a8df182d8bb0dd5d178378b,True,2
56240,10686,240926_ML.npy,2026-09-24,2026-09-24 07:14:16.464379,7C0D65,DA42,DIAMOND AIRCRAFT INDUSTRIES INC.,DA 42,a12515620d4af000f8557dc0c22491948fa4ec31bae0de8db06d304e2afcf078,True,2
56242,10688,240926_ML.npy,2026-09-24,2026-09-24 07:14:17.840420,7C0D65,DA42,DIAMOND AIRCRAFT INDUSTRIES INC.,DA 42,6747a6613a898cd7d78bf8d7cb69825d0bb4e2670b641cb93c340aa8dcddb426,True,1
56243,10689,240926_ML.npy,2026-09-24,2026-09-24 07:14:17.846317,7C0D65,DA42,DIAMOND AIRCRAFT INDUSTRIES INC.,DA 42,c1e97661556e187f57a3a5561618e19f6d806b6a0f8a7bc48b49987bec04a160,True,1
56244,10690,240926_ML.npy,2026-09-24,2026-09-24 07:14:19.328885,7C0D65,DA42,DIAMOND AIRCRAFT INDUSTRIES INC.,DA 42,e952a348e0230982e7391edc29a3a926ebb9a476480bccad5dff2af9f030feb2,True,2
56247,10693,240926_ML.npy,2026-09-24,2026-09-24 07:14:21.505444,7C0D65,DA42,DIAMOND AIRCRAFT INDUSTRIES INC.,DA 42,62c14ddc848c5ea15960734d51a51c7eb3daf8f5081da18a9a775863a42219ca,True,4
56248,10694,240926_ML.npy,2026-09-24,2026-09-24 07:14:21.511252,7C0D65,DA42,DIAMOND AIRCRAFT INDUSTRIES INC.,DA 42,2b0a0296be724e2626d344bbe99c91b7a26e3660ed73672ef83d949629284886,True,2
56252,10698,240926_ML.npy,2026-09-24,2026-09-24 07:14:27.322126,7C0D65,DA42,DIAMOND AIRCRAFT INDUSTRIES INC.,DA 42,6d30a9dc31c311e18706b5effb3c1a3dbcdbab3c7a44d7c4caf491257d12c552,True,2
56254,10700,240926_ML.npy,2026-09-24,2026-09-24 07:14:28.661525,7C0D65,DA42,DIAMOND AIRCRAFT INDUSTRIES INC.,DA 42,2f1744751d21abbeb888bd28646edb4b7ce3b8ff77f357944788b823813c38bf,True,1
56260,10706,240926_ML.npy,2026-09-24,2026-09-24 07:14:32.864461,7C0D65,DA42,DIAMOND AIRCRAFT INDUSTRIES INC.,DA 42,03aa0c27b3292c6ce789a7944b133aa6c1daf3c7c8f0ea89d451b4435b4991dd,True,5
56261,10707,240926_ML.npy,2026-09-24,2026-09-24 07:14:33.927537,7C0D65,DA42,DIAMOND AIRCRAFT INDUSTRIES INC.,DA 42,de6659a52fec9c23faf4e192651be9525554d550bbe6309bf861b1cc03ffedb1,True,1
56262,10708,240926_ML.npy,2026-09-24,2026-09-24 07:14:34.518857,7C0D65,DA42,DIAMOND AIRCRAFT INDUSTRIES INC.,DA 42,d5aeae7114601e924d2c0f91b0620aa4324dee6d35f9e414ecfdf152484d2be0,True,3
56263,10709,240926_ML.npy,2026-09-24,2026-09-24 07:14:35.323277,7C0D65,DA42,DIAMOND AIRCRAFT INDUSTRIES INC.,DA 42,6cbe5135f36b61942b47fcd55f0049194b966df7560f6a396fa7eeaa8b6ab050,True,1
56264,10710,240926_ML.npy,2026-09-24,2026-09-24 07:14:36.142581,7C0D65,DA42,DIAMOND AIRCRAFT INDUSTRIES INC.,DA 42,04b686c1dec303818333a823dea86669591a2b34efd8efd724eb57585ffe13ec,True,3
56267,10713,240926_ML.npy,2026-09-24,2026-09-24 07:14:37.892365,7C0D65,DA42,DIAMOND AIRCRAFT INDUSTRIES INC.,DA 42,6cbe5135f36b61942b47fcd55f0049194b966df7560f6a396fa7eeaa8b6ab050,True,3
56272,10718,240926_ML.npy,2026-09-24,2026-09-24 07:14:46.034013,7C0D65,DA42,DIAMOND AIRCRAFT INDUSTRIES INC.,DA 42,6d30a9dc31c311e18706b5effb3c1a3dbcdbab3c7a44d7c4caf491257d12c552,True,1
56275,10721,240926_ML.npy,2026-09-24,2026-09-24 07:14:53.308849,7C0D65,DA42,DIAMOND AIRCRAFT INDUSTRIES INC.,DA 42,01355b5734f82bba95556a677f4a8c9ea808bcd7daa17e85fe1c8d334cf1434c,True,3
56304,10750,240926_ML.npy,2026-09-24,2026-09-24 07:15:46.901649,7C0077,DA40,DIAMOND AIRCRAFT INDUSTRIES INC.,DA 40,24e2e20e8d9503eaf26e2b2353fe0b19b5fc103a934ae8771384be3e868fb790,True,1
56305,10751,240926_ML.npy,2026-09-24,2026-09-24 07:15:47.969763,7C0077,DA40,DIAMOND AIRCRAFT INDUSTRIES INC.,DA 40,c22c80970905a9e5675fcaeb4c4f474fa3dc1fafa847af18e13325be6650835a,True,5
56324,10770,240926_ML.npy,2026-09-24,2026-09-24 07:16:37.720492,7C0D65,DA42,DIAMOND AIRCRAFT INDUSTRIES INC.,DA 42,9dae29478805e440cdf954d0e398113f19be369e6afe7f2d0ad382948f433ef9,True,2
56325,10771,240926_ML.npy,2026-09-24,2026-09-24 07:16:37.726905,7C0D65,DA42,DIAMOND AIRCRAFT INDUSTRIES INC.,DA 42,39a1542022c67aa86e18278d03a9a2fb712f8a18e3ca49ba46e3aaa46a21d0ac,True,4
56329,10775,240926_ML.npy,2026-09-24,2026-09-24 07:16:59.627162,7C0D65,DA42,DIAMOND AIRCRAFT INDUSTRIES INC.,DA 42,d71f7d372ee8ef1942aefbe0478626694b582ca50bc1b617210f2ec7ba5942be,True,4
56332,10778,240926_ML.npy,2026-09-24,2026-09-24 07:17:08.593792,7C0D65,DA42,DIAMOND AIRCRAFT INDUSTRIES INC.,DA 42,b1426afedcd6c68e54b5fa8b17f2fb453f9f479ff81e3ea8f4f3cdbe37c30719,True,3
56333,10779,240926_ML.npy,2026-09-24,2026-09-24 07:17:08.598191,7C0D65,DA42,DIAMOND AIRCRAFT INDUSTRIES INC.,DA 42,a67733b6f7f1d3e89cd67488ef0f38d29d6083edbec3e97c554acbdfa8c04b7c,True,2
56334,10780,240926_ML.npy,2026-09-24,2026-09-24 07:17:09.034609,7C0D65,DA42,DIAMOND AIRCRAFT INDUSTRIES INC.,DA 42,3007919b87c987b63d935f2094aad22afb63be652368d8af6f6478b55a36acd4,True,3
56335,10781,240926_ML.npy,2026-09-24,2026-09-24 07:17:12.522332,7C0D65,DA42,DIAMOND AIRCRAFT INDUSTRIES INC.,DA 42,fc12c6bb25b59ce744c2a81b145e3fc81c753d29ae3d80ecf3af2f6b96d0643d,True,5
56340,10786,240926_ML.npy,2026-09-24,2026-09-24 07:17:31.209401,7C0D65,DA42,DIAMOND AIRCRAFT INDUSTRIES INC.,DA 42,04b686c1dec303818333a823dea86669591a2b34efd8efd724eb57585ffe13ec,True,4
56342,10788,240926_ML.npy,2026-09-24,2026-09-24 07:17:35.482286,7C0D65,DA42,DIAMOND AIRCRAFT INDUSTRIES INC.,DA 42,6d30a9dc31c311e18706b5effb3c1a3dbcdbab3c7a44d7c4caf491257d12c552,True,2
56344,10790,240926_ML.npy,2026-09-24,2026-09-24 07:18:22.645153,7C0D65,DA42,DIAMOND AIRCRAFT INDUSTRIES INC.,DA 42,3cc497b0e47444a5e10d8756f3f654169e30a23cfaaa020e224bf57a4e29f326,True,2
56347,10793,240926_ML.npy,2026-09-24,2026-09-24 07:18:47.688074,7C168A,DA40,DIAMOND AIRCRAFT INDUSTRIES INC.,DA 40,35194f5b33b8b25715408dd3fa2c15aa3a0742898e3380271c2529cbbbe34767,True,4
56348,10794,240926_ML.npy,2026-09-24,2026-09-24 07:18:48.226221,7C0D65,DA42,DIAMOND AIRCRAFT INDUSTRIES INC.,DA 42,6cbe5135f36b61942b47fcd55f0049194b966df7560f6a396fa7eeaa8b6ab050,True,5
56351,10797,240926_ML.npy,2026-09-24,2026-09-24 07:18:49.227587,7C168A,DA40,DIAMOND AIRCRAFT INDUSTRIES INC.,DA 40,fd634b7bb624749403f9d336638c970ac052cf215c95d249168f09ef3c6a1d71,True,1
56360,10806,240926_ML.npy,2026-09-24,2026-09-24 07:19:01.356040,7C0D65,DA42,DIAMOND AIRCRAFT INDUSTRIES INC.,DA 42,6d30a9dc31c311e18706b5effb3c1a3dbcdbab3c7a44d7c4caf491257d12c552,True,1
56363,10809,240926_ML.npy,2026-09-24,2026-09-24 07:19:05.162262,7C0D65,DA42,DIAMOND AIRCRAFT INDUSTRIES INC.,DA 42,6d30a9dc31c311e18706b5effb3c1a3dbcdbab3c7a44d7c4caf491257d12c552,True,1
56367,10813,240926_ML.npy,2026-09-24,2026-09-24 07:19:12.804815,7C0D65,DA42,DIAMOND AIRCRAFT INDUSTRIES INC.,DA 42,6d30a9dc31c311e18706b5effb3c1a3dbcdbab3c7a44d7c4caf491257d12c552,True,5
56368,10814,240926_ML.npy,2026-09-24,2026-09-24 07:19:14.094915,7C0D65,DA42,DIAMOND AIRCRAFT INDUSTRIES INC.,DA 42,6d30a9dc31c311e18706b5effb3c1a3dbcdbab3c7a44d7c4caf491257d12c552,True,3
56370,10816,240926_ML.npy,2026-09-24,2026-09-24 07:19:16.513958,7C0D65,DA42,DIAMOND AIRCRAFT INDUSTRIES INC.,DA 42,508b495b7d37dae56bf5ea881d6edcea4a6447d28f400c988bd614739803bb06,True,3
56371,10817,240926_ML.npy,2026-09-24,2026-09-24 07:19:16.518959,7C0D65,DA42,DIAMOND AIRCRAFT INDUSTRIES INC.,DA 42,4c2b88a4312a4378c1f901902f91b67e348da882068d4598a803c974a0fe41ae,True,3
56372,10818,240926_ML.npy,2026-09-24,2026-09-24 07:19:16.538676,7C0D65,DA42,DIAMOND AIRCRAFT INDUSTRIES INC.,DA 42,6d30a9dc31c311e18706b5effb3c1a3dbcdbab3c7a44d7c4caf491257d12c552,True,5
56373,10819,240926_ML.npy,2026-09-24,2026-09-24 07:19:16.558073,7C0D65,DA42,DIAMOND AIRCRAFT INDUSTRIES INC.,DA 42,04b686c1dec303818333a823dea86669591a2b34efd8efd724eb57585ffe13ec,True,4
56375,10821,240926_ML.npy,2026-09-24,2026-09-24 07:19:18.242685,7C0D65,DA42,DIAMOND AIRCRAFT INDUSTRIES INC.,DA 42,6cbe5135f36b61942b47fcd55f0049194b966df7560f6a396fa7eeaa8b6ab050,True,2
56377,10823,240926_ML.npy,2026-09-24,2026-09-24 07:19:20.254455,7C0D65,DA42,DIAMOND AIRCRAFT INDUSTRIES INC.,DA 42,6d30a9dc31c311e18706b5effb3c1a3dbcdbab3c7a44d7c4caf491257d12c552,True,4
56378,10824,240926_ML.npy,2026-09-24,2026-09-24 07:19:20.655069,7C0D65,DA42,DIAMOND AIRCRAFT INDUSTRIES INC.,DA 42,4af1fc3e5e05c85e6ee03a7506c07396aad3c6a074feec0c063042c2bf493d1d,True,2
56379,10825,240926_ML.npy,2026-09-24,2026-09-24 07:19:21.124582,7C0D65,DA42,DIAMOND AIRCRAFT INDUSTRIES INC.,DA 42,48feaac0fce3505e7d80845e6f049ee55c0fb01d0a2e730511bfcd71955f5cc3,True,5
56381,10827,240926_ML.npy,2026-09-24,2026-09-24 07:19:22.502327,7C0D65,DA42,DIAMOND AIRCRAFT INDUSTRIES INC.,DA 42,6591384bf7141c53c853afd0e11ce5d002378b6ab9167099053caa64e1b13ff8,True,1
56385,10831,240926_ML.npy,2026-09-24,2026-09-24 07:19:26.957153,7C0D65,DA42,DIAMOND AIRCRAFT INDUSTRIES INC.,DA 42,097a2459cef543e3c3bb1841a288af0fcb7ffb081e4bad5293989a793486ad5a,True,2
56387,10833,240926_ML.npy,2026-09-24,2026-09-24 07:19:30.231772,7C0D65,DA42,DIAMOND AIRCRAFT INDUSTRIES INC.,DA 42,6d30a9dc31c311e18706b5effb3c1a3dbcdbab3c7a44d7c4caf491257d12c552,True,5
56388,10834,240926_ML.npy,2026-09-24,2026-09-24 07:19:34.721154,7C0D65,DA42,DIAMOND AIRCRAFT INDUSTRIES INC.,DA 42,053dae239b7aa2027b77726b8a8c5b2de591eb678a8079b37ae546a93b4bfed1,True,4
56389,10835,240926_ML.npy,2026-09-24,2026-09-24 07:19:35.215612,7C0D65,DA42,DIAMOND AIRCRAFT INDUSTRIES INC.,DA 42,6d30a9dc31c311e18706b5effb3c1a3dbcdbab3c7a44d7c4caf491257d12c552,True,2
56390,10836,240926_ML.npy,2026-09-24,2026-09-24 07:19:46.143630,7C0D65,DA42,DIAMOND AIRCRAFT INDUSTRIES INC.,DA 42,e8323aa03da7d5cda3b581ac8b9617a4c3d51326d9e0e21db8acd65942b4b3b6,True,2
56394,10840,240926_ML.npy,2026-09-24,2026-09-24 07:19:48.163989,7C0D65,DA42,DIAMOND AIRCRAFT INDUSTRIES INC.,DA 42,6890c545b61d32eddbac84343727860603aa37c08c91c774c4e27c185fbdfa75,True,1
56404,10850,240926_ML.npy,2026-09-24,2026-09-24 07:20:08.640038,7C168B,DA40,DIAMOND AIRCRAFT INDUSTRIES INC.,DA 40,11f01e88c3bf65f7bf6bb1431ccfd93f04dc2399eb01b2d505488470a3d320fa,True,4
56414,10860,240926_ML.npy,2026-09-24,2026-09-24 07:21:38.971452,7C0D65,DA42,DIAMOND AIRCRAFT INDUSTRIES INC.,DA 42,5ed02a8c04a868ab5047a09813069d74d8bb0a6b9a20e0a7b2125c8645ccb319,True,1
56415,10861,240926_ML.npy,2026-09-24,2026-09-24 07:21:38.974834,7C0D65,DA42,DIAMOND AIRCRAFT INDUSTRIES INC.,DA 42,4f18bfdc4022f1eb7bb8db241f8d7de3b746826fa1a648ae5f0733b9d3c0e400,True,2
56417,10863,240926_ML.npy,2026-09-24,2026-09-24 07:21:50.121253,7C0D65,DA42,DIAMOND AIRCRAFT INDUSTRIES INC.,DA 42,d48872ae493adc5adda0b63139604a3a1dc77b5caca28dae98a8de8fd6d9d376,True,2
56419,10865,240926_ML.npy,2026-09-24,2026-09-24 07:21:55.996341,7C0D65,DA42,DIAMOND AIRCRAFT INDUSTRIES INC.,DA 42,bd7cd433c3a718d0d01c6da24d5eb0473cdb7682b3768dd07f3bebc97bd5e5c6,True,5
56421,10867,240926_ML.npy,2026-09-24,2026-09-24 07:21:57.404226,7C0D65,DA42,DIAMOND AIRCRAFT INDUSTRIES INC.,DA 42,04415611ede4617aa2d0273a0f1778cc74813964c601d78b1c4dbd6df1062bdb,True,2
56422,10868,240926_ML.npy,2026-09-24,2026-09-24 07:22:02.794965,7C0D65,DA42,DIAMOND AIRCRAFT INDUSTRIES INC.,DA 42,6d30a9dc31c311e18706b5effb3c1a3dbcdbab3c7a44d7c4caf491257d12c552,True,1
56430,10876,240926_ML.npy,2026-09-24,2026-09-24 07:22:25.787867,7C0D65,DA42,DIAMOND AIRCRAFT INDUSTRIES INC.,DA 42,433e7d016e43a29c61cdfdc05002e2975cd1f5ee89d83e3e0655b6f92c60abf4,True,4
56431,10877,240926_ML.npy,2026-09-24,2026-09-24 07:22:27.750548,7C0D65,DA42,DIAMOND AIRCRAFT INDUSTRIES INC.,DA 42,6cbe5135f36b61942b47fcd55f0049194b966df7560f6a396fa7eeaa8b6ab050,True,3
56432,10878,240926_ML.npy,2026-09-24,2026-09-24 07:22:30.882757,7C0D65,DA42,DIAMOND AIRCRAFT INDUSTRIES INC.,DA 42,433e7d016e43a29c61cdfdc05002e2975cd1f5ee89d83e3e0655b6f92c60abf4,True,5
56433,10879,240926_ML.npy,2026-09-24,2026-09-24 07:22:31.042664,7C0D65,DA42,DIAMOND AIRCRAFT INDUSTRIES INC.,DA 42,bb1b936246843b2b6bf700c7eb14f8c983ac4c2f4fce53c263ea511cfb0c58ca,True,3
56434,10880,240926_ML.npy,2026-09-24,2026-09-24 07:22:35.187392,7C0D65,DA42,DIAMOND AIRCRAFT INDUSTRIES INC.,DA 42,6cbe5135f36b61942b47fcd55f0049194b966df7560f6a396fa7eeaa8b6ab050,True,1
56437,10883,240926_ML.npy,2026-09-24,2026-09-24 07:22:35.938682,7C0D65,DA42,DIAMOND AIRCRAFT INDUSTRIES INC.,DA 42,433e7d016e43a29c61cdfdc05002e2975cd1f5ee89d83e3e0655b6f92c60abf4,True,3
56438,10884,240926_ML.npy,2026-09-24,2026-09-24 07:22:36.581595,7C0D65,DA42,DIAMOND AIRCRAFT INDUSTRIES INC.,DA 42,04b686c1dec303818333a823dea86669591a2b34efd8efd724eb57585ffe13ec,True,5
56439,10885,240926_ML.npy,2026-09-24,2026-09-24 07:22:37.151691,7C0D65,DA42,DIAMOND AIRCRAFT INDUSTRIES INC.,DA 42,4c76562b285d6cad82457e8f5ef0a246d7f3a6cddabe35b3c1dddbe6a5b784ac,True,1
56447,10893,240926_ML.npy,2026-09-24,2026-09-24 07:22:41.863477,7C0D65,DA42,DIAMOND AIRCRAFT INDUSTRIES INC.,DA 42,6d30a9dc31c311e18706b5effb3c1a3dbcdbab3c7a44d7c4caf491257d12c552,True,2
56448,10894,240926_ML.npy,2026-09-24,2026-09-24 07:22:43.491271,7C79B4,DA42,DIAMOND AIRCRAFT INDUSTRIES,DA 42,26ecee8cdd8b80bd653a23800b08244c47c76985d85a3113075e885ce4be5a64,True,4
56450,10896,240926_ML.npy,2026-09-24,2026-09-24 07:22:43.867217,7C79B4,DA42,DIAMOND AIRCRAFT INDUSTRIES,DA 42,1d5c35a8fc5772f775982f83daee303a13040373f47ef53ce19dc07affdea897,True,5
56452,10898,240926_ML.npy,2026-09-24,2026-09-24 07:22:45.032987,7C79B4,DA42,DIAMOND AIRCRAFT INDUSTRIES,DA 42,210d4d180e59413f8c93ac403618c6176b53c4bc91b6e44a6d451d689aa45f9c,True,5
56454,10900,240926_ML.npy,2026-09-24,2026-09-24 07:22:48.426150,7C79B4,DA42,DIAMOND AIRCRAFT INDUSTRIES,DA 42,26ecee8cdd8b80bd653a23800b08244c47c76985d85a3113075e885ce4be5a64,True,5
56455,10901,240926_ML.npy,2026-09-24,2026-09-24 07:22:52.408267,7C79B4,DA42,DIAMOND AIRCRAFT INDUSTRIES,DA 42,9fe1551d5580638ac432d43932979a9b0a956df7601757034ac5f13a8cc8548f,True,5
56457,10903,240926_ML.npy,2026-09-24,2026-09-24 07:22:52.994366,7C79B4,DA42,DIAMOND AIRCRAFT INDUSTRIES,DA 42,e68ea02ab4aa55a9c243eaba6c2ae9bc63996273546f7a04af9af9f8fc7a97c3,True,4
56459,10905,240926_ML.npy,2026-09-24,2026-09-24 07:23:04.135105,7C79B4,DA42,DIAMOND AIRCRAFT INDUSTRIES,DA 42,fd50e04c040eaef15f0683424078ec025b44084071f58c6622a86836c940c622,True,3
56461,10907,240926_ML.npy,2026-09-24,2026-09-24 07:23:05.688051,7C79B4,DA42,DIAMOND AIRCRAFT INDUSTRIES,DA 42,d0709a3c2703a1f6fc0fe0209d57926d49d0716447dc1ef7a3fc943f7ef9902c,True,5
56463,10909,240926_ML.npy,2026-09-24,2026-09-24 07:23:08.610571,7C79B4,DA42,DIAMOND AIRCRAFT INDUSTRIES,DA 42,76316d9ce0c021b10e5954246027599631c4df22a0a0bc0004dacdcf4ec7b1ba,True,2
56464,10910,240926_ML.npy,2026-09-24,2026-09-24 07:23:09.806565,7C79B4,DA42,DIAMOND AIRCRAFT INDUSTRIES,DA 42,83f521412ea36c1c9f59303659536adfa5e835b96416584766de01da2dc02b7b,True,3
56467,10913,240926_ML.npy,2026-09-24,2026-09-24 07:23:12.315676,7C79B4,DA42,DIAMOND AIRCRAFT INDUSTRIES,DA 42,a4b367f0e2a08682b0dd77df526a0f09e6554f48f69f8c0fdd3ad7710403a51f,True,2
56468,10914,240926_ML.npy,2026-09-24,2026-09-24 07:23:13.516596,7C79B4,DA42,DIAMOND AIRCRAFT INDUSTRIES,DA 42,26ecee8cdd8b80bd653a23800b08244c47c76985d85a3113075e885ce4be5a64,True,1
56471,10917,240926_ML.npy,2026-09-24,2026-09-24 07:23:16.872235,7C79B4,DA42,DIAMOND AIRCRAFT INDUSTRIES,DA 42,c7b9b324522d86fce3e20258cb52437ddb57b90758c7fc0d31f163a6d76270b9,True,5
56472,10918,240926_ML.npy,2026-09-24,2026-09-24 07:23:30.714730,7C168A,DA40,DIAMOND AIRCRAFT INDUSTRIES INC.,DA 40,b51d15eb29327931915cd1a519a4e4f7e653dfa5a2f9ea249ecfe2f6c173c436,True,5
56493,10939,240926_ML.npy,2026-09-24,2026-09-24 07:24:04.165945,7C168A,DA40,DIAMOND AIRCRAFT INDUSTRIES INC.,DA 40,21bdb0ebf8ce47f2f048739f7f2165f5c51eb73691007ded1e99224daad55b76,True,2
56497,10943,240926_ML.npy,2026-09-24,2026-09-24 07:24:25.322190,7C0D65,DA42,DIAMOND AIRCRAFT INDUSTRIES INC.,DA 42,6d30a9dc31c311e18706b5effb3c1a3dbcdbab3c7a44d7c4caf491257d12c552,True,1
56499,10945,240926_ML.npy,2026-09-24,2026-09-24 07:24:30.195432,7C0D65,DA42,DIAMOND AIRCRAFT INDUSTRIES INC.,DA 42,6d30a9dc31c311e18706b5effb3c1a3dbcdbab3c7a44d7c4caf491257d12c552,True,1
56500,10946,240926_ML.npy,2026-09-24,2026-09-24 07:24:32.023719,7C0D65,DA42,DIAMOND AIRCRAFT INDUSTRIES INC.,DA 42,e79b485b720ecec9fa8c446f84170f8c3e56b31476941315d7b2f292eec059db,True,5
56503,10949,240926_ML.npy,2026-09-24,2026-09-24 07:24:35.786515,7C0D65,DA42,DIAMOND AIRCRAFT INDUSTRIES INC.,DA 42,4053873b640a8342e0ebc24a6fe39c1d9bd9da2e57ed5c53c3d6220bd70108d6,True,3
56507,10953,240926_ML.npy,2026-09-24,2026-09-24 07:24:37.332343,7C0D65,DA42,DIAMOND AIRCRAFT INDUSTRIES INC.,DA 42,15615e7429ced8ee95b99e13e1d00334635903dcbf778d9af2dd42afc1f9cc1f,True,2
56508,10954,240926_ML.npy,2026-09-24,2026-09-24 07:24:37.779633,7C0D65,DA42,DIAMOND AIRCRAFT INDUSTRIES INC.,DA 42,afafd1208846e697ff9a0128130365aaa514749f275946b34d0dad6dc5114f95,True,2
56512,10958,240926_ML.npy,2026-09-24,2026-09-24 07:24:42.330986,7C0D65,DA42,DIAMOND AIRCRAFT INDUSTRIES INC.,DA 42,6cbe5135f36b61942b47fcd55f0049194b966df7560f6a396fa7eeaa8b6ab050,True,2
56514,10960,240926_ML.npy,2026-09-24,2026-09-24 07:24:43.500217,7C0D65,DA42,DIAMOND AIRCRAFT INDUSTRIES INC.,DA 42,74f86ca82b5a1495efe9c39f78ac0ad9c1e5b42eeb939ee0b1133d569c45b12a,True,4
56540,10986,240926_ML.npy,2026-09-24,2026-09-24 07:26:14.857350,7C7AF7,DA40,DIAMOND AIRCRAFT INDUSTRIES INC.,DA 40,c49e6d0784d110085971b9ffec878424ce24eb749ed6068dc672f480207fdc91,True,2
56555,11001,240926_ML.npy,2026-09-24,2026-09-24 07:26:25.972809,7C7AF7,DA40,DIAMOND AIRCRAFT INDUSTRIES INC.,DA 40,9cad98a19c16a0e1fed3e14eb6c2459cdf2bb6a871688d2f9666696611684bff,True,4
56563,11009,240926_ML.npy,2026-09-24,2026-09-24 07:26:53.655216,7C168A,DA40,DIAMOND AIRCRAFT INDUSTRIES INC.,DA 40,037f341d9ef217072c1115e0cc6318c99ce58c5c2d167eee6011880b51bc2984,True,3
56564,11010,240926_ML.npy,2026-09-24,2026-09-24 07:27:17.778250,7C0D65,DA42,DIAMOND AIRCRAFT INDUSTRIES INC.,DA 42,04b686c1dec303818333a823dea86669591a2b34efd8efd724eb57585ffe13ec,True,3
56566,11012,240926_ML.npy,2026-09-24,2026-09-24 07:27:26.281941,7C0D65,DA42,DIAMOND AIRCRAFT INDUSTRIES INC.,DA 42,7bcd7a326cb9d46f4d4f00b273991873b01e9b84c4101576e5243880e98137f8,True,3
56568,11014,240926_ML.npy,2026-09-24,2026-09-24 07:27:26.686932,7C0D65,DA42,DIAMOND AIRCRAFT INDUSTRIES INC.,DA 42,7bcd7a326cb9d46f4d4f00b273991873b01e9b84c4101576e5243880e98137f8,True,4
56571,11017,240926_ML.npy,2026-09-24,2026-09-24 07:27:27.304422,7C0D65,DA42,DIAMOND AIRCRAFT INDUSTRIES INC.,DA 42,6d30a9dc31c311e18706b5effb3c1a3dbcdbab3c7a44d7c4caf491257d12c552,True,4
56572,11018,240926_ML.npy,2026-09-24,2026-09-24 07:27:40.024972,7C0D65,DA42,DIAMOND AIRCRAFT INDUSTRIES INC.,DA 42,932e74d77a0369b46b5c33fcff0ecd4e975b370ef68265d339447a4f6d4fef1d,True,5
56574,11020,240926_ML.npy,2026-09-24,2026-09-24 07:27:40.545319,7C0D65,DA42,DIAMOND AIRCRAFT INDUSTRIES INC.,DA 42,edefacde7b030aec728110d48388a1a4f01ec8e614b2e606c85131a04fdfeddb,True,3
56579,11025,240926_ML.npy,2026-09-24,2026-09-24 07:27:55.403041,7C0D65,DA42,DIAMOND AIRCRAFT INDUSTRIES INC.,DA 42,c79b58e7008ddbbda528dee9343c7de1209a1339388060ff859b26e91b12c2aa,True,5
56580,11026,240926_ML.npy,2026-09-24,2026-09-24 07:28:03.653896,7C0D65,DA42,DIAMOND AIRCRAFT INDUSTRIES INC.,DA 42,6d30a9dc31c311e18706b5effb3c1a3dbcdbab3c7a44d7c4caf491257d12c552,True,3
56581,11027,240926_ML.npy,2026-09-24,2026-09-24 07:28:09.016559,7C0D65,DA42,DIAMOND AIRCRAFT INDUSTRIES INC.,DA 42,dcd443dcc49b041f3933156010d8170a879668f16df55849275e5176236c38d2,True,3
56582,11028,240926_ML.npy,2026-09-24,2026-09-24 07:28:14.005351,7C0D65,DA42,DIAMOND AIRCRAFT INDUSTRIES INC.,DA 42,902acf346297d40d1ee5fdc602362c20c79caef78bd52f3ad5a09cabc0d7c64b,True,4
56585,11031,240926_ML.npy,2026-09-24,2026-09-24 07:28:21.070186,7C0D65,DA42,DIAMOND AIRCRAFT INDUSTRIES INC.,DA 42,6d30a9dc31c311e18706b5effb3c1a3dbcdbab3c7a44d7c4caf491257d12c552,True,4
56586,11032,240926_ML.npy,2026-09-24,2026-09-24 07:28:21.655955,7C0D65,DA42,DIAMOND AIRCRAFT INDUSTRIES INC.,DA 42,59c2b9bd7aae9430643c64b788dd8114117319f637a96779f5805788efcc901e,True,3
56587,11033,240926_ML.npy,2026-09-24,2026-09-24 07:28:21.661926,7C0D65,DA42,DIAMOND AIRCRAFT INDUSTRIES INC.,DA 42,ff43aa948bcb2bc8c2edae7375ed44164535d566c69d33aa896a2a5821604ea1,True,4
56590,11036,240926_ML.npy,2026-09-24,2026-09-24 07:28:23.274665,7C0D65,DA42,DIAMOND AIRCRAFT INDUSTRIES INC.,DA 42,f858a91eeac87274c2f6c93cf27e33cb103601b3a94c229848c484087a0fe8ef,True,3
56616,11062,240926_ML.npy,2026-09-24,2026-09-24 07:29:07.693475,7C0D65,DA42,DIAMOND AIRCRAFT INDUSTRIES INC.,DA 42,312da310c9697c924728ee88dff811be6993a4feb29cec3dde8c6a1c9ad6b7e0,True,1
56617,11063,240926_ML.npy,2026-09-24,2026-09-24 07:29:10.107788,7C0D65,DA42,DIAMOND AIRCRAFT INDUSTRIES INC.,DA 42,433e7d016e43a29c61cdfdc05002e2975cd1f5ee89d83e3e0655b6f92c60abf4,True,2
56618,11064,240926_ML.npy,2026-09-24,2026-09-24 07:29:36.038788,7C0D65,DA42,DIAMOND AIRCRAFT INDUSTRIES INC.,DA 42,b07ba2e1bd46133885c16b0560768dd22e3119967495552cd43ef0623ebc6139,True,4
56619,11065,240926_ML.npy,2026-09-24,2026-09-24 07:29:37.485531,7C0D65,DA42,DIAMOND AIRCRAFT INDUSTRIES INC.,DA 42,6cbe5135f36b61942b47fcd55f0049194b966df7560f6a396fa7eeaa8b6ab050,True,3
56622,11068,240926_ML.npy,2026-09-24,2026-09-24 07:29:42.463151,7C0D65,DA42,DIAMOND AIRCRAFT INDUSTRIES INC.,DA 42,6cbe5135f36b61942b47fcd55f0049194b966df7560f6a396fa7eeaa8b6ab050,True,1
56623,11069,240926_ML.npy,2026-09-24,2026-09-24 07:29:43.913163,7C0D65,DA42,DIAMOND AIRCRAFT INDUSTRIES INC.,DA 42,6210fb34b886a872064fc346205996dc55e32d2618b22e187d4611f970d35611,True,2
56624,11070,240926_ML.npy,2026-09-24,2026-09-24 07:29:44.479830,7C0D65,DA42,DIAMOND AIRCRAFT INDUSTRIES INC.,DA 42,75194a3513e46162b9250f2b7942aa590bfd3d8d498ec1836252184263346795,True,1
56626,11072,240926_ML.npy,2026-09-24,2026-09-24 07:29:44.825544,7C0D65,DA42,DIAMOND AIRCRAFT INDUSTRIES INC.,DA 42,6d30a9dc31c311e18706b5effb3c1a3dbcdbab3c7a44d7c4caf491257d12c552,True,1
56634,11080,240926_ML.npy,2026-09-24,2026-09-24 07:29:54.872377,7C0D65,DA42,DIAMOND AIRCRAFT INDUSTRIES INC.,DA 42,6d30a9dc31c311e18706b5effb3c1a3dbcdbab3c7a44d7c4caf491257d12c552,True,4
56635,11081,240926_ML.npy,2026-09-24,2026-09-24 07:29:54.888748,7C0D65,DA42,DIAMOND AIRCRAFT INDUSTRIES INC.,DA 42,63e36d6297555141ac05046fced8b912803ad10fdca8ac0a0d73dac55028e8d2,True,2
56637,11083,240926_ML.npy,2026-09-24,2026-09-24 07:29:56.096310,7C0D65,DA42,DIAMOND AIRCRAFT INDUSTRIES INC.,DA 42,6d30a9dc31c311e18706b5effb3c1a3dbcdbab3c7a44d7c4caf491257d12c552,True,3
56638,11084,240926_ML.npy,2026-09-24,2026-09-24 07:29:58.542492,7C0D65,DA42,DIAMOND AIRCRAFT INDUSTRIES INC.,DA 42,ef4b7a36e5e5a466fbf4793d97ba17561c03ad361d9367f873c760711b6539c3,True,2
56641,11087,240926_ML.npy,2026-09-24,2026-09-24 07:29:59.015997,7C0D65,DA42,DIAMOND AIRCRAFT INDUSTRIES INC.,DA 42,2535c1b183cd2bb298f48fe4e8388a866ec57b0420c42510ed24c13b38f9bf99,True,2
56648,11094,240926_ML.npy,2026-09-24,2026-09-24 07:30:00.880965,7C0D65,DA42,DIAMOND AIRCRAFT INDUSTRIES INC.,DA 42,ed1b88285e177ef60bbab624340d04cb03154de7cab5a501922dd8f6fad14567,True,5
56651,11097,240926_ML.npy,2026-09-24,2026-09-24 07:30:03.032192,7C0D65,DA42,DIAMOND AIRCRAFT INDUSTRIES INC.,DA 42,002bc426252a127bf319d07e738fe1c467995171b4f542ea160446cb794aac75,True,1
56686,11132,240926_ML.npy,2026-09-24,2026-09-24 07:34:31.071962,7C168B,DA40,DIAMOND AIRCRAFT INDUSTRIES INC.,DA 40,954a838cc620a8ca9a87d4d1a0965811b10eaf1ac875e9d5f69e46151f8b9d10,True,3
56732,11178,240926_ML.npy,2026-09-24,2026-09-24 07:39:02.770211,7C7AF0,DA40,DIAMOND AIRCRAFT INDUSTRIES INC.,DA 40,a6fdff92dcc18e3a5df473db93b99be90a63cd511bab8c01ebf6b21526b54ca6,True,5
56739,11185,240926_ML.npy,2026-09-24,2026-09-24 07:39:26.144642,7C168B,DA40,DIAMOND AIRCRAFT INDUSTRIES INC.,DA 40,6980ed6ea8f1ddeceb59af73be32b173d99b46d92d498e35639869c6a0d507e0,True,2
56742,11188,240926_ML.npy,2026-09-24,2026-09-24 07:39:26.716821,7C7AF0,DA40,DIAMOND AIRCRAFT INDUSTRIES INC.,DA 40,553ce7d078a8e07518ea0b23d3aadd547c2a1d1dbf6ff1dd0eb3208d23cb8fe3,True,4
56748,11194,240926_ML.npy,2026-09-24,2026-09-24 07:39:31.966244,7C168B,DA40,DIAMOND AIRCRAFT INDUSTRIES INC.,DA 40,23db5c832faf105e49abc808301f609b8f30564a0e0880ce392a18b33162b885,True,2
56766,11212,240926_ML.npy,2026-09-24,2026-09-24 07:39:53.836717,7C168B,DA40,DIAMOND AIRCRAFT INDUSTRIES INC.,DA 40,ab34bfb25beeac1e797638845b689a553d9a39dacb523cbfb414955f20580468,True,5
56769,11215,240926_ML.npy,2026-09-24,2026-09-24 07:39:56.532187,7C168B,DA40,DIAMOND AIRCRAFT INDUSTRIES INC.,DA 40,fede6f0d393efb597ee568ec50f5d4f11b93ad584b49ed371f2169ff60b68b01,True,5
56859,11305,240926_ML.npy,2026-09-24,2026-09-24 07:45:30.066831,7C7AF0,DA40,DIAMOND AIRCRAFT INDUSTRIES INC.,DA 40,89355de8d24d2a385e7b1839f30bb5d00744f62ffd2f246648ebccdf1c8356a9,True,4
56860,11306,240926_ML.npy,2026-09-24,2026-09-24 07:45:30.738765,7C7AF0,DA40,DIAMOND AIRCRAFT INDUSTRIES INC.,DA 40,553ce7d078a8e07518ea0b23d3aadd547c2a1d1dbf6ff1dd0eb3208d23cb8fe3,True,2
56915,11361,240926_ML.npy,2026-09-24,2026-09-24 07:48:47.162360,7C7AF0,DA40,DIAMOND AIRCRAFT INDUSTRIES INC.,DA 40,e70b50afb568b360ad26579f679ec3e0c03b69481aefc1504db5a1a6fd77491b,True,3
56929,11375,240926_ML.npy,2026-09-24,2026-09-24 07:49:27.873348,7C7C31,DA40,DIAMOND AIRCRAFT INDUSTRIES INC.,DA 40,183fad7b43f973714c667ce363ea3e0bd21d5a07a6886f152f765411adc2c3a0,True,2
56939,11385,240926_ML.npy,2026-09-24,2026-09-24 07:49:48.791393,7C7C31,DA40,DIAMOND AIRCRAFT INDUSTRIES INC.,DA 40,7ee35208e93a400fa84b0e86800cf71c234db334b6fc4ae9de1635f68ed6f569,True,1
56941,11387,240926_ML.npy,2026-09-24,2026-09-24 07:49:50.967238,7C7C31,DA40,DIAMOND AIRCRAFT INDUSTRIES INC.,DA 40,2a4d5f33e45bfa62cf172c4bbf09d79e13b3dc46c9525846fd32cfafd980d3b2,True,3
56947,11393,240926_ML.npy,2026-09-24,2026-09-24 07:50:58.145467,7C7AF0,DA40,DIAMOND AIRCRAFT INDUSTRIES INC.,DA 40,9cdb3ff78300cfeec9bc7f648d53019a4aa77b8553961532372ef92ba3cf2487,True,5
56963,11409,240926_ML.npy,2026-09-24,2026-09-24 07:51:39.257309,7C7AF0,DA40,DIAMOND AIRCRAFT INDUSTRIES INC.,DA 40,dd9622f494b73890a8be2cf0c6c485b65fa10797642d6ea4f15797d9a97fdc70,True,1
56967,11413,240926_ML.npy,2026-09-24,2026-09-24 07:51:58.255737,7C7C3E,DA40,DIAMOND AIRCRAFT INDUSTRIES INC.,DA 40,69bef6d338cf2a65ee2f5576701d3c7de84dfb4cd0241428a66f2bca7c1875b7,True,1
56978,11424,240926_ML.npy,2026-09-24,2026-09-24 07:52:14.245050,7C7C3E,DA40,DIAMOND AIRCRAFT INDUSTRIES INC.,DA 40,cee6c7090f0ac894a30da2373b2e6b6f58de8ece5c7630a1dd1e3ae41ef6c112,True,5
57009,11455,240926_ML.npy,2026-09-24,2026-09-24 07:53:03.831637,7C7C31,DA40,DIAMOND AIRCRAFT INDUSTRIES INC.,DA 40,2d0f3ff2101a6152eded92276d189b20673d40f7aa3011f71feb109a7dfe0884,True,5
57015,11461,240926_ML.npy,2026-09-24,2026-09-24 07:53:24.475212,7C7C31,DA40,DIAMOND AIRCRAFT INDUSTRIES INC.,DA 40,ceed821875f91fa34da5c4eb0bb33c5f55c9382b31d3b21b0db2af93ef19f33c,True,1
57029,11475,240926_ML.npy,2026-09-24,2026-09-24 07:53:45.904647,7C7C31,DA40,DIAMOND AIRCRAFT INDUSTRIES INC.,DA 40,2ed7b2a708e37774ba6245a4bed537c00fb75be96bdc8aaaed2663247e3429d3,True,5
57032,11478,240926_ML.npy,2026-09-24,2026-09-24 07:56:23.255962,7C7AF0,DA40,DIAMOND AIRCRAFT INDUSTRIES INC.,DA 40,8a23a8cd94e24d777c8ffa453b401fecec07486bf54c813e8f71000176529f8f,True,5
57049,11495,240926_ML.npy,2026-09-24,2026-09-24 07:56:40.010679,7C7AF0,DA40,DIAMOND AIRCRAFT INDUSTRIES INC.,DA 40,c5d6f9927c99486854ec0122b80486621b774b56b5fc4faa2cd10c0e55d2feea,True,3
57065,11511,240926_ML.npy,2026-09-24,2026-09-24 07:56:55.261181,7C7AF0,DA40,DIAMOND AIRCRAFT INDUSTRIES INC.,DA 40,4f1818b83c1c12d4025b979ec1cdde3791e328e0d3938e22788cffb365c93f8c,True,4
57075,11521,240926_ML.npy,2026-09-24,2026-09-24 07:57:07.078602,7C7AF0,DA40,DIAMOND AIRCRAFT INDUSTRIES INC.,DA 40,770403c72f477fe8be906542d4a13a37048228889e9530cd63d050df7bf8e782,True,5
57080,11526,240926_ML.npy,2026-09-24,2026-09-24 07:57:11.921635,7C7AF0,DA40,DIAMOND AIRCRAFT INDUSTRIES INC.,DA 40,e45f04d56b2e3c2d71d8da78dcae42a4e15d0f64a19fb08949013a3e279a54c8,True,3
57108,11554,240926_ML.npy,2026-09-24,2026-09-24 08:00:30.457296,7C1689,DA40,DIAMOND AIRCRAFT INDUSTRIES INC.,DA 40,dc4217fe11b2a4adf37015757e2744f1856c16e12f929a36848fdd32f5d6336d,True,3
57116,11562,240926_ML.npy,2026-09-24,2026-09-24 08:00:42.911600,7C1689,DA40,DIAMOND AIRCRAFT INDUSTRIES INC.,DA 40,bd488d7fed7b22ac9188017ad0d69c2047aa7ef4245a0f93fc6f6ea373322dd6,True,1
57122,11568,240926_ML.npy,2026-09-24,2026-09-24 08:00:50.573864,7C1689,DA40,DIAMOND AIRCRAFT INDUSTRIES INC.,DA 40,39fe58d427cabf3cc2f540fb6c8661a1accb5b306c2430541a4e14b78f92d3e3,True,2
57129,11575,240926_ML.npy,2026-09-24,2026-09-24 08:00:55.375882,7C1689,DA40,DIAMOND AIRCRAFT INDUSTRIES INC.,DA 40,f2767b22c0bb105e4e2a256ef7f036a2c971fffd9f99e7d96c6cd949126b7191,True,4
57132,11578,240926_ML.npy,2026-09-24,2026-09-24 08:01:01.206469,7C1689,DA40,DIAMOND AIRCRAFT INDUSTRIES INC.,DA 40,76b32707b087e1c9a539e99c73e20fd58f2a7828f6ecb35f32c4680082f3936b,True,1
57139,11585,240926_ML.npy,2026-09-24,2026-09-24 08:01:25.122820,7C7AF0,DA40,DIAMOND AIRCRAFT INDUSTRIES INC.,DA 40,08508af3ec1e1de603cf0905d3d295cc335716c2c38f69dadfa4c5e20ddf86a2,True,3
57175,11621,240926_ML.npy,2026-09-24,2026-09-24 08:02:14.686313,7C7B61,DA40,DIAMOND AIRCRAFT INDUSTRIES INC.,DA 40,c646012af9d09a6e537873ce54fdd23ae353eafc1865b01eec7f67b6175f795b,True,3
57179,11625,240926_ML.npy,2026-09-24,2026-09-24 08:03:18.229132,7C7B5F,DA40,DIAMOND AIRCRAFT INDUSTRIES INC.,DA 40,8b3a8ce4c9a662ed227ffbf52fe3e27faafc7cadb2f0aa5b69249db408cd61af,True,3
57213,11659,240926_ML.npy,2026-09-24,2026-09-24 08:05:36.228277,7C7AEF,DA40,DIAMOND AIRCRAFT INDUSTRIES INC.,DA 40,4f881092e3285c95a801112e843f926f147005975905deb90fe0ce6d140d2c14,True,5
57214,11660,240926_ML.npy,2026-09-24,2026-09-24 08:05:38.247807,7C7AEF,DA40,DIAMOND AIRCRAFT INDUSTRIES INC.,DA 40,4f881092e3285c95a801112e843f926f147005975905deb90fe0ce6d140d2c14,True,2
57215,11661,240926_ML.npy,2026-09-24,2026-09-24 08:05:39.991709,7C7AEF,DA40,DIAMOND AIRCRAFT INDUSTRIES INC.,DA 40,21ad1f484c2ad45c84f812cd6ecc575f72e955fbadf47a6c3c1f3ca8d4894410,True,1
57218,11664,240926_ML.npy,2026-09-24,2026-09-24 08:05:44.257622,7C7AEF,DA40,DIAMOND AIRCRAFT INDUSTRIES INC.,DA 40,3c6eab78eeeaf5ac9d45c832b80b60c9416d4196205286138344efe76dcc41ef,True,3
57227,11673,240926_ML.npy,2026-09-24,2026-09-24 08:05:56.542779,7C7AEF,DA40,DIAMOND AIRCRAFT INDUSTRIES INC.,DA 40,c6a8e1b82deebf6ea0cef4c177a12476687530aa249a0cd83bfc10ac1fc30069,True,3
57282,11728,240926_ML.npy,2026-09-24,2026-09-24 08:08:34.830777,7C7B64,DA40,DIAMOND AIRCRAFT INDUSTRIES INC.,DA 40,3d475561a13b9eca1e532b695f15a43a9b413bfcc5c138536942cfc80ca6b59e,True,4
57341,11787,240926_ML.npy,2026-09-24,2026-09-24 08:19:34.568329,7C7B55,DA40,DIAMOND AIRCRAFT INDUSTRIES INC.,DA 40,9645df5ac464fedc6efefa36c9c05bbc2ef9a9cb32a03879e60182e6e8f679b5,True,2
57355,11801,240926_ML.npy,2026-09-24,2026-09-24 08:19:50.247906,7C7B55,DA40,DIAMOND AIRCRAFT INDUSTRIES INC.,DA 40,cb89848778bd29116e8216290e704073e20ea7b0a2671be1c3653f07fad15ad0,True,5
57359,11805,240926_ML.npy,2026-09-24,2026-09-24 08:19:55.037382,7C7B55,DA40,DIAMOND AIRCRAFT INDUSTRIES INC.,DA 40,1d240cad0e5ceb4c64581b771d1fdc3bfbaf55df2214a23e40723a82267e74e6,True,3
57366,11812,240926_ML.npy,2026-09-24,2026-09-24 08:20:06.815076,7C7B55,DA40,DIAMOND AIRCRAFT INDUSTRIES INC.,DA 40,acd180b819b4ac56af4ce6f75b8807a83610201cf6406b512501d785eb77b311,True,3
57395,11841,240926_ML.npy,2026-09-24,2026-09-24 08:30:38.177453,7C1687,DA40,DIAMOND AIRCRAFT INDUSTRIES INC.,DA 40,797c23dbd7792c9f1c89b603d663ef2866d402763848bd4ff1b42a3b4c2cc9db,True,4
57418,11864,240926_ML.npy,2026-09-24,2026-09-24 08:31:06.939596,7C1687,DA40,DIAMOND AIRCRAFT INDUSTRIES INC.,DA 40,0a246d7fa8412e2f7aeb57ff4a42227f34a34a6595480b4db04b474a3cd67b6c,True,3
57454,11900,240926_ML.npy,2026-09-24,2026-09-24 08:52:38.563876,7C1B2A,DA40,DIAMOND AIRCRAFT INDUSTRIES INC.,DA 40,0ee7ca6ef308ea19f300a539850f3e32f032649d5deb23611c698b9daaa8b678,True,1
57469,11915,240926_ML.npy,2026-09-24,2026-09-24 09:04:45.520110,7C7BD9,DA42,DIAMOND AIRCRAFT INDUSTRIES INC.,DA 42,9f9664a9ea49bdcd66c0a18bd1ba282e4323c9b3d976e406568ab0a85cb627ee,True,3
57470,11916,240926_ML.npy,2026-09-24,2026-09-24 09:04:55.414792,7C7BD9,DA42,DIAMOND AIRCRAFT INDUSTRIES INC.,DA 42,2311da3c25843c4acbb639c5e71872655418cb825b3b6b9358d5b65f2ebadd94,True,5
57477,11923,240926_ML.npy,2026-09-24,2026-09-24 09:06:23.796722,7C79B4,DA42,DIAMOND AIRCRAFT INDUSTRIES,DA 42,88023d2b51fe81313ed5f93ded705e7848de8f69a10dc95f14ac445658a277cc,True,5
57478,11924,240926_ML.npy,2026-09-24,2026-09-24 09:06:25.851130,7C79B4,DA42,DIAMOND AIRCRAFT INDUSTRIES,DA 42,76316d9ce0c021b10e5954246027599631c4df22a0a0bc0004dacdcf4ec7b1ba,True,3
57479,11925,240926_ML.npy,2026-09-24,2026-09-24 09:06:26.483680,7C79B4,DA42,DIAMOND AIRCRAFT INDUSTRIES,DA 42,1fa5378cf7b3f53ca009490b60459773486d4b63a9041fb27515d24c3329596d,True,5
57481,11927,240926_ML.npy,2026-09-24,2026-09-24 09:06:28.169676,7C7BD9,DA42,DIAMOND AIRCRAFT INDUSTRIES INC.,DA 42,912d99e0c96461d58f744dc1d6359632966e9125ff4a4610f2de0152ebdeb474,True,1
57485,11931,240926_ML.npy,2026-09-24,2026-09-24 09:06:31.091335,7C7BD9,DA42,DIAMOND AIRCRAFT INDUSTRIES INC.,DA 42,ed05c86cf59ba621af4418ee7ca9fe020dd19e7c519e6a0ba23a13031f916d4f,True,4
57487,11933,240926_ML.npy,2026-09-24,2026-09-24 09:06:31.140844,7C7BD9,DA42,DIAMOND AIRCRAFT INDUSTRIES INC.,DA 42,82bb03e6dc7b87bf289c6c4bca647fb39b28ad9b4abc65cd40066ec883f62ce4,True,5
57488,11934,240926_ML.npy,2026-09-24,2026-09-24 09:06:33.830079,7C7BD9,DA42,DIAMOND AIRCRAFT INDUSTRIES INC.,DA 42,522ccc6d4f7085c7d0688ddb5cc827025e704d5a263829dadf4dd47554f5f766,True,2
57489,11935,240926_ML.npy,2026-09-24,2026-09-24 09:06:35.908067,7C79B4,DA42,DIAMOND AIRCRAFT INDUSTRIES,DA 42,4af74a314145e53695545e154859afa34d90d264e1ed0cb633bfafc584e412f4,True,5
57493,11939,240926_ML.npy,2026-09-24,2026-09-24 09:06:37.065778,7C79B4,DA42,DIAMOND AIRCRAFT INDUSTRIES,DA 42,e0515ff66a14e799f7890945c171b7e70993d8f38c8dde0394898b218469bb86,True,5
57494,11940,240926_ML.npy,2026-09-24,2026-09-24 09:06:40.423308,7C79B4,DA42,DIAMOND AIRCRAFT INDUSTRIES,DA 42,df45abccb1386da132b0ebb288eb3c7c9ad35db184bd5eea03e6afa3991daaf9,True,3
57495,11941,240926_ML.npy,2026-09-24,2026-09-24 09:06:40.758429,7C79B4,DA42,DIAMOND AIRCRAFT INDUSTRIES,DA 42,c4b99031e24c20746f6fcead31f63d22cfba689e9985a54bd22974192e758fbe,True,5
57496,11942,240926_ML.npy,2026-09-24,2026-09-24 09:06:41.855156,7C7BD9,DA42,DIAMOND AIRCRAFT INDUSTRIES INC.,DA 42,9f9664a9ea49bdcd66c0a18bd1ba282e4323c9b3d976e406568ab0a85cb627ee,True,4
57500,11946,240926_ML.npy,2026-09-24,2026-09-24 09:06:45.624165,7C79B4,DA42,DIAMOND AIRCRAFT INDUSTRIES,DA 42,c4b99031e24c20746f6fcead31f63d22cfba689e9985a54bd22974192e758fbe,True,1
57502,11948,240926_ML.npy,2026-09-24,2026-09-24 09:06:47.358253,7C7BD9,DA42,DIAMOND AIRCRAFT INDUSTRIES INC.,DA 42,a5021cd62df21cab53c74867ca872e9a30967f5aba75f3a28b819aaee7814c38,True,5
57503,11949,240926_ML.npy,2026-09-24,2026-09-24 09:06:48.315421,7C7BD9,DA42,DIAMOND AIRCRAFT INDUSTRIES INC.,DA 42,14b0b6c52d6a19b112fff7e672942309cbbd9f43c2bc17def5de45732d9982c8,True,2
57504,11950,240926_ML.npy,2026-09-24,2026-09-24 09:06:48.322487,7C7BD9,DA42,DIAMOND AIRCRAFT INDUSTRIES INC.,DA 42,c60aa06d2578021678f96985ddb37b25da7b083740cc202ec389721f86e13756,True,2
57505,11951,240926_ML.npy,2026-09-24,2026-09-24 09:06:48.863450,7C79B4,DA42,DIAMOND AIRCRAFT INDUSTRIES,DA 42,71dcbc9412a6fb03af59c45fa77aa9eac817ceeac239d3a31c7ac0da9af703bb,True,2
57506,11952,240926_ML.npy,2026-09-24,2026-09-24 09:06:49.241768,7C7BD9,DA42,DIAMOND AIRCRAFT INDUSTRIES INC.,DA 42,4c8b73e8957d0dbe1f45ed7a47bdd0948aa3439dcb6657a674debd5bc12a01a9,True,3
57508,11954,240926_ML.npy,2026-09-24,2026-09-24 09:06:49.405740,7C79B4,DA42,DIAMOND AIRCRAFT INDUSTRIES,DA 42,c4b99031e24c20746f6fcead31f63d22cfba689e9985a54bd22974192e758fbe,True,3
57509,11955,240926_ML.npy,2026-09-24,2026-09-24 09:06:53.516668,7C7BD9,DA42,DIAMOND AIRCRAFT INDUSTRIES INC.,DA 42,ed05c86cf59ba621af4418ee7ca9fe020dd19e7c519e6a0ba23a13031f916d4f,True,2
57510,11956,240926_ML.npy,2026-09-24,2026-09-24 09:06:57.313907,7C79B4,DA42,DIAMOND AIRCRAFT INDUSTRIES,DA 42,8bbc1e8d9ae93009421eb40dcdd3179b2c20b023815673e6cdfd0c422ebf188b,True,2
57511,11957,240926_ML.npy,2026-09-24,2026-09-24 09:06:57.319472,7C79B4,DA42,DIAMOND AIRCRAFT INDUSTRIES,DA 42,cc28de1e8e6a6a53309f2ee1fe1979022322d71b5d649166fd091e2351c76e56,True,5
57513,11959,240926_ML.npy,2026-09-24,2026-09-24 09:06:59.439298,7C79B4,DA42,DIAMOND AIRCRAFT INDUSTRIES,DA 42,c4b99031e24c20746f6fcead31f63d22cfba689e9985a54bd22974192e758fbe,True,1
57515,11961,240926_ML.npy,2026-09-24,2026-09-24 09:07:08.198911,7C79B4,DA42,DIAMOND AIRCRAFT INDUSTRIES,DA 42,76316d9ce0c021b10e5954246027599631c4df22a0a0bc0004dacdcf4ec7b1ba,True,3
57516,11962,240926_ML.npy,2026-09-24,2026-09-24 09:07:11.672681,7C79B4,DA42,DIAMOND AIRCRAFT INDUSTRIES,DA 42,1a93e2be5f42bb7bb2b0f6696bbe4b35285537fa2582b8248587413a24275f41,True,1
57517,11963,240926_ML.npy,2026-09-24,2026-09-24 09:07:13.104398,7C79B4,DA42,DIAMOND AIRCRAFT INDUSTRIES,DA 42,c4b99031e24c20746f6fcead31f63d22cfba689e9985a54bd22974192e758fbe,True,5
57518,11964,240926_ML.npy,2026-09-24,2026-09-24 09:07:13.158551,7C79B4,DA42,DIAMOND AIRCRAFT INDUSTRIES,DA 42,0763689315b0db6e5a65924660afbc26e3a86a7fa1ae579369ca9f5c7ec18f1d,True,5
57521,11967,240926_ML.npy,2026-09-24,2026-09-24 09:08:37.686424,7C79B4,DA42,DIAMOND AIRCRAFT INDUSTRIES,DA 42,332f314b44f9b15c3acd8edffc161d4e700a2defd858fc2720497482654c2210,True,1
57522,11968,240926_ML.npy,2026-09-24,2026-09-24 09:08:39.588735,7C79B4,DA42,DIAMOND AIRCRAFT INDUSTRIES,DA 42,c4b99031e24c20746f6fcead31f63d22cfba689e9985a54bd22974192e758fbe,True,5
57525,11971,240926_ML.npy,2026-09-24,2026-09-24 09:08:43.678373,7C79B4,DA42,DIAMOND AIRCRAFT INDUSTRIES,DA 42,76316d9ce0c021b10e5954246027599631c4df22a0a0bc0004dacdcf4ec7b1ba,True,4
57526,11972,240926_ML.npy,2026-09-24,2026-09-24 09:08:45.721382,7C79B4,DA42,DIAMOND AIRCRAFT INDUSTRIES,DA 42,195146d43847b4cde340c88284266fb4bc5e1a5ae1ed2ac5f10099ddfc5943ad,True,4
57530,11976,240926_ML.npy,2026-09-24,2026-09-24 09:08:50.895549,7C79B4,DA42,DIAMOND AIRCRAFT INDUSTRIES,DA 42,c4b99031e24c20746f6fcead31f63d22cfba689e9985a54bd22974192e758fbe,True,5
57537,11983,240926_ML.npy,2026-09-24,2026-09-24 09:09:02.149528,7C7BD9,DA42,DIAMOND AIRCRAFT INDUSTRIES INC.,DA 42,50cc41ba106c6bb6ff2cd694d8073d877562ded4591f0de4144623d069c2ed44,True,1
57538,11984,240926_ML.npy,2026-09-24,2026-09-24 09:09:02.648254,7C7BD9,DA42,DIAMOND AIRCRAFT INDUSTRIES INC.,DA 42,e610e5af8b9977fa29f7e748753f07148422b40bfc288c442762ff05f27c4dda,True,2
57542,11988,240926_ML.npy,2026-09-24,2026-09-24 09:09:03.983926,7C7BD9,DA42,DIAMOND AIRCRAFT INDUSTRIES INC.,DA 42,981cc6dc7a08a417fdafa82f644ce42dee56379905745029e8e75ae148a7f59d,True,2
57543,11989,240926_ML.npy,2026-09-24,2026-09-24 09:09:06.428020,7C7BD9,DA42,DIAMOND AIRCRAFT INDUSTRIES INC.,DA 42,9f9664a9ea49bdcd66c0a18bd1ba282e4323c9b3d976e406568ab0a85cb627ee,True,1
57544,11990,240926_ML.npy,2026-09-24,2026-09-24 09:09:07.694695,7C7BD9,DA42,DIAMOND AIRCRAFT INDUSTRIES INC.,DA 42,9f9664a9ea49bdcd66c0a18bd1ba282e4323c9b3d976e406568ab0a85cb627ee,True,2
57545,11991,240926_ML.npy,2026-09-24,2026-09-24 09:09:11.773574,7C7BD9,DA42,DIAMOND AIRCRAFT INDUSTRIES INC.,DA 42,950719c396ee8475221882f4e5806f3beb1cdce47f86b89ba67ec5a763447684,True,4
57548,11994,240926_ML.npy,2026-09-24,2026-09-24 09:09:17.217492,7C7BD9,DA42,DIAMOND AIRCRAFT INDUSTRIES INC.,DA 42,e489a772e025dc6877e206438213ef0d280c80f610963a6126094cb0eb3e664d,True,1
57549,11995,240926_ML.npy,2026-09-24,2026-09-24 09:09:17.227296,7C7BD9,DA42,DIAMOND AIRCRAFT INDUSTRIES INC.,DA 42,9865a2b6c2815494d6e03c7dc46967bd739c88961a98b39005bae24371a8458a,True,3
57552,11998,240926_ML.npy,2026-09-24,2026-09-24 09:09:18.269065,7C7BD9,DA42,DIAMOND AIRCRAFT INDUSTRIES INC.,DA 42,2d9a00a45dda9de3206c0ecf1c69dca281f1b49f2d46acdb99bf3cbd768d64d1,True,3
57554,12000,240926_ML.npy,2026-09-24,2026-09-24 09:09:20.155210,7C7BD9,DA42,DIAMOND AIRCRAFT INDUSTRIES INC.,DA 42,c2d3d70b0b2ddfcc77e5cba330facd0be8b98102f67d8567fa7ba0176504c219,True,4
57556,12002,240926_ML.npy,2026-09-24,2026-09-24 09:09:21.237118,7C7BD9,DA42,DIAMOND AIRCRAFT INDUSTRIES INC.,DA 42,39dcd20824f0b3a30bbc6b7a6c188c6e365bfe6cebdedc5f1c04d801e709c89a,True,4
57559,12005,240926_ML.npy,2026-09-24,2026-09-24 09:09:40.240559,7C7BD9,DA42,DIAMOND AIRCRAFT INDUSTRIES INC.,DA 42,eff257b9cc62a52756801e8e9f091c38661ffa1a204191ec518f9519d6e5113a,True,3
57560,12006,240926_ML.npy,2026-09-24,2026-09-24 09:09:43.690952,7C7BD9,DA42,DIAMOND AIRCRAFT INDUSTRIES INC.,DA 42,3b0c367f51db6604993b8e25c88cea074f062a5784443249aa97b34362c8a511,True,2
57563,12009,240926_ML.npy,2026-09-24,2026-09-24 09:09:46.653486,7C7BD9,DA42,DIAMOND AIRCRAFT INDUSTRIES INC.,DA 42,20c848e7311d3a1e3fbdea44896de95fae9fb7eb3b1c333d38d94354efd1065c,True,2
57566,12012,240926_ML.npy,2026-09-24,2026-09-24 09:09:50.802330,7C7BD9,DA42,DIAMOND AIRCRAFT INDUSTRIES INC.,DA 42,a5a6a09f1b9daf69ef1d66502c0e52d8311897fcd1df119780c65b46aa9f5ba9,True,3
57568,12014,240926_ML.npy,2026-09-24,2026-09-24 09:10:00.460336,7C7BD9,DA42,DIAMOND AIRCRAFT INDUSTRIES INC.,DA 42,ed05c86cf59ba621af4418ee7ca9fe020dd19e7c519e6a0ba23a13031f916d4f,True,3
57569,12015,240926_ML.npy,2026-09-24,2026-09-24 09:10:01.348377,7C7BD9,DA42,DIAMOND AIRCRAFT INDUSTRIES INC.,DA 42,126b458e5b0a7f9c7af257fa5b54af7a03bbf954e0008d513ba031efe5645240,True,1
57570,12016,240926_ML.npy,2026-09-24,2026-09-24 09:10:01.353163,7C7BD9,DA42,DIAMOND AIRCRAFT INDUSTRIES INC.,DA 42,c168f962da8198a75e05ba7e5ef3dfe97e1a1f5abf83e11cb75fe4dd0412f850,True,4
57573,12019,240926_ML.npy,2026-09-24,2026-09-24 09:11:20.245172,7C79B4,DA42,DIAMOND AIRCRAFT INDUSTRIES,DA 42,8108e1658ce498f6af94e559f9061f186805716f76cc7756b5c63d3adc401c6c,True,2
57574,12020,240926_ML.npy,2026-09-24,2026-09-24 09:11:20.252075,7C79B4,DA42,DIAMOND AIRCRAFT INDUSTRIES,DA 42,73f306789ae6d21320e26c42d9732e7bcc1976007eb3b3ea05c3a7efbf446cea,True,2
57575,12021,240926_ML.npy,2026-09-24,2026-09-24 09:11:20.685513,7C79B4,DA42,DIAMOND AIRCRAFT INDUSTRIES,DA 42,160ab05cddf98f1a5a8b88d1fd9a1ca3537615bac53cf08930744d213b87ce95,True,4
57579,12025,240926_ML.npy,2026-09-24,2026-09-24 09:11:22.357864,7C79B4,DA42,DIAMOND AIRCRAFT INDUSTRIES,DA 42,6674cf2f2af57201599453fd0a318a4ef92c2597697d7fe64ae75cc5972b829f,True,3
57581,12027,240926_ML.npy,2026-09-24,2026-09-24 09:11:29.746342,7C7BD9,DA42,DIAMOND AIRCRAFT INDUSTRIES INC.,DA 42,9f9664a9ea49bdcd66c0a18bd1ba282e4323c9b3d976e406568ab0a85cb627ee,True,3
57582,12028,240926_ML.npy,2026-09-24,2026-09-24 09:11:30.141877,7C7BD9,DA42,DIAMOND AIRCRAFT INDUSTRIES INC.,DA 42,ad5a8e143dd6e5b000312e79e8c3da7fc3a7adffd92aa4a6a6d3a0ad1e1b4ccf,True,2
57583,12029,240926_ML.npy,2026-09-24,2026-09-24 09:11:32.269374,7C7BD9,DA42,DIAMOND AIRCRAFT INDUSTRIES INC.,DA 42,ed05c86cf59ba621af4418ee7ca9fe020dd19e7c519e6a0ba23a13031f916d4f,True,2
57584,12030,240926_ML.npy,2026-09-24,2026-09-24 09:11:34.541241,7C7BD9,DA42,DIAMOND AIRCRAFT INDUSTRIES INC.,DA 42,cd0afb40e48cc9fb248fde0851e12b0fea2e2771b36a51cd65d3d38d7c679aee,True,2
57585,12031,240926_ML.npy,2026-09-24,2026-09-24 09:11:34.983246,7C7BD9,DA42,DIAMOND AIRCRAFT INDUSTRIES INC.,DA 42,49ff9f02e50152da4ffa49ca55547164deeac6fa8229a6b158aec7ae80e743bf,True,3
57587,12033,240926_ML.npy,2026-09-24,2026-09-24 09:11:38.111201,7C7BD9,DA42,DIAMOND AIRCRAFT INDUSTRIES INC.,DA 42,fc1d698bec85ab75e1cb484bf672b6a7a7341a42f21b02a6a0608db8b8c7c368,True,1
57595,12041,240926_ML.npy,2026-09-24,2026-09-24 09:11:47.362215,7C79B4,DA42,DIAMOND AIRCRAFT INDUSTRIES,DA 42,8ca18725f50a6806fbccea681c0504e77dc21474c83405e82e1d2b4c30f232e1,True,2
57599,12045,240926_ML.npy,2026-09-24,2026-09-24 09:11:54.906309,7C79B4,DA42,DIAMOND AIRCRAFT INDUSTRIES,DA 42,833c834bb4b1bb57ef8392f8446dad66b7fd47c72477b25e0211535be98971d3,True,1
57602,12048,240926_ML.npy,2026-09-24,2026-09-24 09:12:12.357238,7C79B4,DA42,DIAMOND AIRCRAFT INDUSTRIES,DA 42,c00c589c3dae16b406e94e2898f5abae2773f26391b69236987df1506238450b,True,1
57603,12049,240926_ML.npy,2026-09-24,2026-09-24 09:12:12.918970,7C79B4,DA42,DIAMOND AIRCRAFT INDUSTRIES,DA 42,eff945a8c0bdb736c60250c31921f22b85b48734c6ba42e1a869a84c3728526c,True,4
57604,12050,240926_ML.npy,2026-09-24,2026-09-24 09:12:12.921859,7C79B4,DA42,DIAMOND AIRCRAFT INDUSTRIES,DA 42,a98adc619265299b8bbd88f74d5bbf192896d50f17b56f1b4d1d00efb2d186b4,True,5
57605,12051,240926_ML.npy,2026-09-24,2026-09-24 09:12:20.313236,7C79B4,DA42,DIAMOND AIRCRAFT INDUSTRIES,DA 42,c4b99031e24c20746f6fcead31f63d22cfba689e9985a54bd22974192e758fbe,True,3
57608,12054,240926_ML.npy,2026-09-24,2026-09-24 09:12:24.325846,7C79B4,DA42,DIAMOND AIRCRAFT INDUSTRIES,DA 42,80090aa521432a024b43a445cd0eaf0818535865c12d1414c4684a5754a3dab1,True,4
57611,12057,240926_ML.npy,2026-09-24,2026-09-24 09:12:29.055992,7C79B4,DA42,DIAMOND AIRCRAFT INDUSTRIES,DA 42,c4b99031e24c20746f6fcead31f63d22cfba689e9985a54bd22974192e758fbe,True,3
57617,12063,240926_ML.npy,2026-09-24,2026-09-24 09:13:50.660864,7C79B4,DA42,DIAMOND AIRCRAFT INDUSTRIES,DA 42,3455e3ac3ad98531c77a2a414009eea82656c490653704697e5fda19697dacf3,True,3
57619,12065,240926_ML.npy,2026-09-24,2026-09-24 09:13:53.193224,7C79B4,DA42,DIAMOND AIRCRAFT INDUSTRIES,DA 42,f9e323a8e5ac348ab9a76aa131fa7d39bcd58e04e8d15b82bd5ec176e0a178bf,True,3
57620,12066,240926_ML.npy,2026-09-24,2026-09-24 09:13:53.199590,7C79B4,DA42,DIAMOND AIRCRAFT INDUSTRIES,DA 42,b9c15a4b8911f1103d42e6dc62af5c2e5c3ef7568f63cf6e5fe1d2dde0d88582,True,1
57622,12068,240926_ML.npy,2026-09-24,2026-09-24 09:13:55.805638,7C79B4,DA42,DIAMOND AIRCRAFT INDUSTRIES,DA 42,2d46a41c5e14ce67075cc91914805bfa5c4a09aaeeb335b9743be2ff5532e2fd,True,4
57624,12070,240926_ML.npy,2026-09-24,2026-09-24 09:13:57.221533,7C79B4,DA42,DIAMOND AIRCRAFT INDUSTRIES,DA 42,16e5deea435e7ceabb24762c325f9b9af2d002a75afc22da1cbc27a403fe4210,True,4
57625,12071,240926_ML.npy,2026-09-24,2026-09-24 09:13:57.549861,7C79B4,DA42,DIAMOND AIRCRAFT INDUSTRIES,DA 42,c4b99031e24c20746f6fcead31f63d22cfba689e9985a54bd22974192e758fbe,True,1
57626,12072,240926_ML.npy,2026-09-24,2026-09-24 09:14:00.343568,7C79B4,DA42,DIAMOND AIRCRAFT INDUSTRIES,DA 42,ac9702321ceeda37f32ac10ebd0d3f59158cae86d58632a935bbdd59519ff726,True,3
57627,12073,240926_ML.npy,2026-09-24,2026-09-24 09:14:00.814778,7C79B4,DA42,DIAMOND AIRCRAFT INDUSTRIES,DA 42,ac9702321ceeda37f32ac10ebd0d3f59158cae86d58632a935bbdd59519ff726,True,2
57629,12075,240926_ML.npy,2026-09-24,2026-09-24 09:14:02.311864,7C79B4,DA42,DIAMOND AIRCRAFT INDUSTRIES,DA 42,4c2ad4a5df8fc4b609d7b3fd486e50fe88a201bfc5720d710a2ca4e26c338947,True,3
57631,12077,240926_ML.npy,2026-09-24,2026-09-24 09:14:05.519959,7C79B4,DA42,DIAMOND AIRCRAFT INDUSTRIES,DA 42,bfa0518a882a505fe187d4a352a6a63561f2ad559f4f1b7c2d9328d166632b89,True,1
57632,12078,240926_ML.npy,2026-09-24,2026-09-24 09:14:05.524665,7C79B4,DA42,DIAMOND AIRCRAFT INDUSTRIES,DA 42,3dc033f2787478d6740e2d9b043097ad21428630e4e7cc43765e50019e5698f7,True,2
57634,12080,240926_ML.npy,2026-09-24,2026-09-24 09:14:06.549982,7C79B4,DA42,DIAMOND AIRCRAFT INDUSTRIES,DA 42,76316d9ce0c021b10e5954246027599631c4df22a0a0bc0004dacdcf4ec7b1ba,True,2
57635,12081,240926_ML.npy,2026-09-24,2026-09-24 09:14:06.666840,7C79B4,DA42,DIAMOND AIRCRAFT INDUSTRIES,DA 42,ec2109b50d219539303f91897c64de6325d7e8789785fd9303c83ef943a07d76,True,2
57637,12083,240926_ML.npy,2026-09-24,2026-09-24 09:14:09.065697,7C79B4,DA42,DIAMOND AIRCRAFT INDUSTRIES,DA 42,76316d9ce0c021b10e5954246027599631c4df22a0a0bc0004dacdcf4ec7b1ba,True,3
57642,12088,240926_ML.npy,2026-09-24,2026-09-24 09:14:10.540103,7C79B4,DA42,DIAMOND AIRCRAFT INDUSTRIES,DA 42,0ea221eca14bf46d0a5a580aa63a43c8d3ca0c4b20947f155f23c75e1115fb3b,True,5
57648,12094,240926_ML.npy,2026-09-24,2026-09-24 09:14:17.156286,7C79B4,DA42,DIAMOND AIRCRAFT INDUSTRIES,DA 42,8360e1c9909d102d899a20cf9863577d1f60e851fb6eb38194bfb56211871cab,True,4
57649,12095,240926_ML.npy,2026-09-24,2026-09-24 09:14:17.805944,7C7BD9,DA42,DIAMOND AIRCRAFT INDUSTRIES INC.,DA 42,86c84f09784f07a5a2a7591c2273c1a152e6f4976227456b28e6b00f21f57539,True,5
57650,12096,240926_ML.npy,2026-09-24,2026-09-24 09:14:17.810882,7C7BD9,DA42,DIAMOND AIRCRAFT INDUSTRIES INC.,DA 42,e89ffb80b1bdfe224ef331c1dda184021971477df226c5f6f9464e0d3b3f85f0,True,5
57656,12102,240926_ML.npy,2026-09-24,2026-09-24 09:14:19.225747,7C7BD9,DA42,DIAMOND AIRCRAFT INDUSTRIES INC.,DA 42,681f0bedb49163d67534dccb06de6768fdaa21fe3b40170160608adcda8264ff,True,1
57658,12104,240926_ML.npy,2026-09-24,2026-09-24 09:14:19.278520,7C79B4,DA42,DIAMOND AIRCRAFT INDUSTRIES,DA 42,cd5a82fb8e0bc66b49c2166270b1c7524218fd64aef5e17a2c4db498d6aa57bf,True,3
57660,12106,240926_ML.npy,2026-09-24,2026-09-24 09:14:22.294559,7C79B4,DA42,DIAMOND AIRCRAFT INDUSTRIES,DA 42,79fa5aa205b4e9c852b62bc7a23e48f6d8b6e7881a96085f5d74b2058cc6ec29,True,5
57662,12108,240926_ML.npy,2026-09-24,2026-09-24 09:14:24.735064,7C79B4,DA42,DIAMOND AIRCRAFT INDUSTRIES,DA 42,d6c6877d78dc4a3f7b938ea46c81d9ea24716b7073c2b14e7f30c78790121650,True,2
57664,12110,240926_ML.npy,2026-09-24,2026-09-24 09:14:25.402426,7C7BD9,DA42,DIAMOND AIRCRAFT INDUSTRIES INC.,DA 42,2528a8095f67616a64aefe4f1f1744f2bcc2021c42a2648cc726d6fdb633771e,True,1
57665,12111,240926_ML.npy,2026-09-24,2026-09-24 09:14:25.729180,7C79B4,DA42,DIAMOND AIRCRAFT INDUSTRIES,DA 42,dcb900c35e5c76762f96a7ac8474ee4e1f5ced34ca75f0d7a9191dbf04d8562d,True,5
57666,12112,240926_ML.npy,2026-09-24,2026-09-24 09:14:25.853880,7C7BD9,DA42,DIAMOND AIRCRAFT INDUSTRIES INC.,DA 42,2528a8095f67616a64aefe4f1f1744f2bcc2021c42a2648cc726d6fdb633771e,True,3
57671,12117,240926_ML.npy,2026-09-24,2026-09-24 09:14:35.524805,7C7BD9,DA42,DIAMOND AIRCRAFT INDUSTRIES INC.,DA 42,eca979f081aed32d19fed791e4ae0f5ae41c6ab344c785415a1ee6cc138e61a5,True,1
57675,12121,240926_ML.npy,2026-09-24,2026-09-24 09:14:51.611841,7C7BD9,DA42,DIAMOND AIRCRAFT INDUSTRIES INC.,DA 42,7a6438eb1beae5e347764e387e2b4f2f976663b5e7bf2fbbab2ac0fa02679576,True,2
57677,12123,240926_ML.npy,2026-09-24,2026-09-24 09:14:59.721446,7C7BD9,DA42,DIAMOND AIRCRAFT INDUSTRIES INC.,DA 42,1a0a6bbf8ca464e6b5e31b1bbc1fed2827ea7cafc5d3addc52ce1bc4533af237,True,3
57679,12125,240926_ML.npy,2026-09-24,2026-09-24 09:15:03.614953,7C7BD9,DA42,DIAMOND AIRCRAFT INDUSTRIES INC.,DA 42,122579fc15eaf9437ac20a278bf5c5cd6543f6a62b6a5f1b0b63139edbce88bb,True,5
57681,12127,240926_ML.npy,2026-09-24,2026-09-24 09:15:04.118027,7C7BD9,DA42,DIAMOND AIRCRAFT INDUSTRIES INC.,DA 42,36be3e96d9cc1e38bc15d1b9c8fbab523b58409a2cc949c3d348e2a3dd191d18,True,1
57682,12128,240926_ML.npy,2026-09-24,2026-09-24 09:15:06.446971,7C7BD9,DA42,DIAMOND AIRCRAFT INDUSTRIES INC.,DA 42,9f9664a9ea49bdcd66c0a18bd1ba282e4323c9b3d976e406568ab0a85cb627ee,True,5
57683,12129,240926_ML.npy,2026-09-24,2026-09-24 09:15:09.352226,7C7BD9,DA42,DIAMOND AIRCRAFT INDUSTRIES INC.,DA 42,a8b582a8a573c2ffee8432a171c2607c638d8e86d187407461460d0194782f06,True,5
57684,12130,240926_ML.npy,2026-09-24,2026-09-24 09:15:12.711588,7C7BD9,DA42,DIAMOND AIRCRAFT INDUSTRIES INC.,DA 42,2749f54e4ea9eecf2efef5f1dd150417aa128480db94959ef896615729a858de,True,1
57685,12131,240926_ML.npy,2026-09-24,2026-09-24 09:15:12.716099,7C7BD9,DA42,DIAMOND AIRCRAFT INDUSTRIES INC.,DA 42,ebc3bb90ab3456788ef614b0f2b3ee07e732964a98c06e8618ae91b3275c7624,True,4
57687,12133,240926_ML.npy,2026-09-24,2026-09-24 09:15:21.301856,7C79B4,DA42,DIAMOND AIRCRAFT INDUSTRIES,DA 42,b37f4f4bb39f09b7bf6312ca824576adbc4f78803792f041a1146e517720103b,True,2
57689,12135,240926_ML.npy,2026-09-24,2026-09-24 09:15:59.752586,7C7BD9,DA42,DIAMOND AIRCRAFT INDUSTRIES INC.,DA 42,abdaccf92505f9f56f83d692e67ec0f138b4af11b888ada4d26dc1bf4ded7923,True,4
57690,12136,240926_ML.npy,2026-09-24,2026-09-24 09:16:25.947226,7C7BD9,DA42,DIAMOND AIRCRAFT INDUSTRIES INC.,DA 42,9163cfe2d56301530a49c8463afee1a14a2c8c7feac32412cf98ec9db4116b25,True,1
57691,12137,240926_ML.npy,2026-09-24,2026-09-24 09:16:25.953265,7C7BD9,DA42,DIAMOND AIRCRAFT INDUSTRIES INC.,DA 42,0a110888adbb372fa72ebbd7ec475ca5b70450ca0fce2dac1a67303c1345fcd4,True,2
57692,12138,240926_ML.npy,2026-09-24,2026-09-24 09:16:26.957069,7C7BD9,DA42,DIAMOND AIRCRAFT INDUSTRIES INC.,DA 42,fe167d312e9984b753fe5f2e1f715d3dd7aac442451a4663fa8b0c8adb44c514,True,2
57694,12140,240926_ML.npy,2026-09-24,2026-09-24 09:16:27.802426,7C7BD9,DA42,DIAMOND AIRCRAFT INDUSTRIES INC.,DA 42,ed05c86cf59ba621af4418ee7ca9fe020dd19e7c519e6a0ba23a13031f916d4f,True,4
57696,12142,240926_ML.npy,2026-09-24,2026-09-24 09:16:29.026521,7C7BD9,DA42,DIAMOND AIRCRAFT INDUSTRIES INC.,DA 42,98e6880579757afe45b4a7b7e8ee5625202702c1cd4309e0395f99b20ee7887e,True,1
57700,12146,240926_ML.npy,2026-09-24,2026-09-24 09:16:34.671247,7C79B4,DA42,DIAMOND AIRCRAFT INDUSTRIES,DA 42,505f79e18899777c66cec6973a04e4fedd8fc8a59a382d7274b52f6413adfe08,True,4
57702,12148,240926_ML.npy,2026-09-24,2026-09-24 09:16:37.523500,7C7BD9,DA42,DIAMOND AIRCRAFT INDUSTRIES INC.,DA 42,9f9664a9ea49bdcd66c0a18bd1ba282e4323c9b3d976e406568ab0a85cb627ee,True,5
57703,12149,240926_ML.npy,2026-09-24,2026-09-24 09:16:39.961358,7C7BD9,DA42,DIAMOND AIRCRAFT INDUSTRIES INC.,DA 42,02cb95de3b1c4a0aadcf6120764957c71c6a488f18c1d55c00d56a29eadfba4a,True,2
57704,12150,240926_ML.npy,2026-09-24,2026-09-24 09:16:39.966004,7C7BD9,DA42,DIAMOND AIRCRAFT INDUSTRIES INC.,DA 42,f1502986788c1777ccee25aca5395358deb0accb9832087a35b90757361d2d3c,True,4
57706,12152,240926_ML.npy,2026-09-24,2026-09-24 09:16:40.522299,7C7BD9,DA42,DIAMOND AIRCRAFT INDUSTRIES INC.,DA 42,71c84421e2257bbaf43740ab254969877d643fa2e4a16f6f76cd6edc400d4f07,True,2
57710,12156,240926_ML.npy,2026-09-24,2026-09-24 09:16:48.238862,7C7BD9,DA42,DIAMOND AIRCRAFT INDUSTRIES INC.,DA 42,56f585fd735a1f9a40fdc514bda819632b204a70a74c688a68cd7a9649a8d8e4,True,5
57712,12158,240926_ML.npy,2026-09-24,2026-09-24 09:16:49.301454,7C7BD9,DA42,DIAMOND AIRCRAFT INDUSTRIES INC.,DA 42,bd22c1b2f6a97f483d726b2a396baf8e658e811e8ab39b5e8ea5d0ae6cf64dda,True,1
57718,12164,240926_ML.npy,2026-09-24,2026-09-24 09:16:54.540174,7C7BD9,DA42,DIAMOND AIRCRAFT INDUSTRIES INC.,DA 42,dbc9c54b34817d4e67b105e1e1c87deaa18e9cb0932fd56af460e84531a0c70c,True,1
57721,12167,240926_ML.npy,2026-09-24,2026-09-24 09:16:57.035682,7C7BD9,DA42,DIAMOND AIRCRAFT INDUSTRIES INC.,DA 42,405a902b48d199a48c23a5232b0adb41c9952381325f828d0743c6866778e368,True,4
57724,12170,240926_ML.npy,2026-09-24,2026-09-24 09:16:58.824656,7C7BD9,DA42,DIAMOND AIRCRAFT INDUSTRIES INC.,DA 42,eff257b9cc62a52756801e8e9f091c38661ffa1a204191ec518f9519d6e5113a,True,1
57726,12172,240926_ML.npy,2026-09-24,2026-09-24 09:17:01.177973,7C7BD9,DA42,DIAMOND AIRCRAFT INDUSTRIES INC.,DA 42,32a42ffc90f2574c961e08a85b9735276001c033937a14b5e9772b3219e44b1a,True,4
57727,12173,240926_ML.npy,2026-09-24,2026-09-24 09:17:01.647347,7C79B4,DA42,DIAMOND AIRCRAFT INDUSTRIES,DA 42,648d86f95fadf276dab4a3190efd960f12415331eabc40afd7586623b1cccf1c,True,1
57728,12174,240926_ML.npy,2026-09-24,2026-09-24 09:17:14.829169,7C79B4,DA42,DIAMOND AIRCRAFT INDUSTRIES,DA 42,9bed2053777e261a08f4500d7710907b4ec4602474e859e201e7b739f000e13c,True,2
57729,12175,240926_ML.npy,2026-09-24,2026-09-24 09:17:15.480779,7C79B4,DA42,DIAMOND AIRCRAFT INDUSTRIES,DA 42,c4b99031e24c20746f6fcead31f63d22cfba689e9985a54bd22974192e758fbe,True,5
57730,12176,240926_ML.npy,2026-09-24,2026-09-24 09:17:16.486717,7C79B4,DA42,DIAMOND AIRCRAFT INDUSTRIES,DA 42,21844399e538ff874383a6f8d9e0a2af083d88589e154200a9bdf40cbaa13675,True,3
57732,12178,240926_ML.npy,2026-09-24,2026-09-24 09:17:18.211142,7C79B4,DA42,DIAMOND AIRCRAFT INDUSTRIES,DA 42,76316d9ce0c021b10e5954246027599631c4df22a0a0bc0004dacdcf4ec7b1ba,True,1
57734,12180,240926_ML.npy,2026-09-24,2026-09-24 09:17:30.167806,7C79B4,DA42,DIAMOND AIRCRAFT INDUSTRIES,DA 42,90b51e6beccd8d3044bbadf0af401d7618458a17fb44875b23cadab64d48629b,True,5
57735,12181,240926_ML.npy,2026-09-24,2026-09-24 09:17:30.172290,7C79B4,DA42,DIAMOND AIRCRAFT INDUSTRIES,DA 42,de5e67661c928ca860a9b93c608e8f5185f9ccb7ed7a54fd59932c9411fbcb22,True,1
57737,12183,240926_ML.npy,2026-09-24,2026-09-24 09:17:32.699065,7C79B4,DA42,DIAMOND AIRCRAFT INDUSTRIES,DA 42,4ab933b3e66a0e8fc5a14ed0c14d1db5b83bda3ce8560709b38568d1ef08acb5,True,5
57738,12184,240926_ML.npy,2026-09-24,2026-09-24 09:17:32.704060,7C79B4,DA42,DIAMOND AIRCRAFT INDUSTRIES,DA 42,1c723c50011589ecc5a322e1c7008ea946407d39277e46c2d88c0e312d2e4a65,True,1
57753,12199,240926_ML.npy,2026-09-24,2026-09-24 09:18:55.564920,7C79B4,DA42,DIAMOND AIRCRAFT INDUSTRIES,DA 42,adf0f03ad5851566a605f3241a4b63b876f35eff57f07eedc0b5586134fcf198,True,1
57758,12204,240926_ML.npy,2026-09-24,2026-09-24 09:19:07.893266,7C79B4,DA42,DIAMOND AIRCRAFT INDUSTRIES,DA 42,bb9bfc8e75af986fb0b28c15eddf8685acfa04231661fbeeb6ee19430210174a,True,5
57759,12205,240926_ML.npy,2026-09-24,2026-09-24 09:19:10.703194,7C79B4,DA42,DIAMOND AIRCRAFT INDUSTRIES,DA 42,76316d9ce0c021b10e5954246027599631c4df22a0a0bc0004dacdcf4ec7b1ba,True,2
57762,12208,240926_ML.npy,2026-09-24,2026-09-24 09:19:16.149128,7C79B4,DA42,DIAMOND AIRCRAFT INDUSTRIES,DA 42,1bd3b35c82e40fe6e88e501d7beb3b70e4b7e9afc2b91560e52f6f23e9e17db4,True,4
57763,12209,240926_ML.npy,2026-09-24,2026-09-24 09:19:17.000810,7C79B4,DA42,DIAMOND AIRCRAFT INDUSTRIES,DA 42,21844399e538ff874383a6f8d9e0a2af083d88589e154200a9bdf40cbaa13675,True,1
57764,12210,240926_ML.npy,2026-09-24,2026-09-24 09:19:17.076412,7C79B4,DA42,DIAMOND AIRCRAFT INDUSTRIES,DA 42,80349d454e0930800d56c04a0203d43200408e8ced6b64de93331e173d8282c4,True,3
57766,12212,240926_ML.npy,2026-09-24,2026-09-24 09:19:18.689043,7C79B4,DA42,DIAMOND AIRCRAFT INDUSTRIES,DA 42,c5c7e940848b036ba93e09553d3037f8141e5f47b451e2db9a5608e13d7cf338,True,2
57767,12213,240926_ML.npy,2026-09-24,2026-09-24 09:19:20.262278,7C79B4,DA42,DIAMOND AIRCRAFT INDUSTRIES,DA 42,09751ab397c6184f2fdb1ce53c3ec9af3c5a1b3cd0307e34680f562e6a9149a8,True,5
57768,12214,240926_ML.npy,2026-09-24,2026-09-24 09:19:20.266771,7C79B4,DA42,DIAMOND AIRCRAFT INDUSTRIES,DA 42,5f05bbacc0c64610929cce4cde4bdde5a6cb36ca56f26b68c1b725efe3a99464,True,4
57769,12215,240926_ML.npy,2026-09-24,2026-09-24 09:19:21.808755,7C79B4,DA42,DIAMOND AIRCRAFT INDUSTRIES,DA 42,21844399e538ff874383a6f8d9e0a2af083d88589e154200a9bdf40cbaa13675,True,5
57771,12217,240926_ML.npy,2026-09-24,2026-09-24 09:19:22.420808,7C79B4,DA42,DIAMOND AIRCRAFT INDUSTRIES,DA 42,c4b99031e24c20746f6fcead31f63d22cfba689e9985a54bd22974192e758fbe,True,3
57772,12218,240926_ML.npy,2026-09-24,2026-09-24 09:19:23.808021,7C7BD9,DA42,DIAMOND AIRCRAFT INDUSTRIES INC.,DA 42,ef414be36ea1761e31fa712201f59e513099f64a6288442bab700f8d30709d6f,True,3
57775,12221,240926_ML.npy,2026-09-24,2026-09-24 09:19:24.819555,7C79B4,DA42,DIAMOND AIRCRAFT INDUSTRIES,DA 42,1e10ca4f10eb025c5c6d63059f19ee35fdce52461663af22a3bd70a4db4e53e0,True,2
57776,12222,240926_ML.npy,2026-09-24,2026-09-24 09:19:25.792263,7C7BD9,DA42,DIAMOND AIRCRAFT INDUSTRIES INC.,DA 42,ed05c86cf59ba621af4418ee7ca9fe020dd19e7c519e6a0ba23a13031f916d4f,True,5
57777,12223,240926_ML.npy,2026-09-24,2026-09-24 09:19:28.360914,7C79B4,DA42,DIAMOND AIRCRAFT INDUSTRIES,DA 42,76316d9ce0c021b10e5954246027599631c4df22a0a0bc0004dacdcf4ec7b1ba,True,5
57779,12225,240926_ML.npy,2026-09-24,2026-09-24 09:19:29.731027,7C79B4,DA42,DIAMOND AIRCRAFT INDUSTRIES,DA 42,3e19e984c7c4c592b4d79992387b9c902e5f0bb4178487bb050107aba3cd6381,True,1
57780,12226,240926_ML.npy,2026-09-24,2026-09-24 09:19:30.243678,7C79B4,DA42,DIAMOND AIRCRAFT INDUSTRIES,DA 42,58985b8dc2f68c89206874ea1d940f684a5bd085b4fc90f3062cbc15cf8db289,True,2
57781,12227,240926_ML.npy,2026-09-24,2026-09-24 09:19:30.250107,7C79B4,DA42,DIAMOND AIRCRAFT INDUSTRIES,DA 42,b2119c526980b5872303389799563d0b5420e31790e15baa031550d88fb18006,True,4
57782,12228,240926_ML.npy,2026-09-24,2026-09-24 09:19:30.764524,7C79B4,DA42,DIAMOND AIRCRAFT INDUSTRIES,DA 42,76316d9ce0c021b10e5954246027599631c4df22a0a0bc0004dacdcf4ec7b1ba,True,1
57784,12230,240926_ML.npy,2026-09-24,2026-09-24 09:19:31.527357,7C79B4,DA42,DIAMOND AIRCRAFT INDUSTRIES,DA 42,0f167df094865a3d02a7e89d3138c2e93219c490bffb53d07ff335b0460bf3c6,True,5
57786,12232,240926_ML.npy,2026-09-24,2026-09-24 09:19:31.824625,7C79B4,DA42,DIAMOND AIRCRAFT INDUSTRIES,DA 42,21844399e538ff874383a6f8d9e0a2af083d88589e154200a9bdf40cbaa13675,True,1
57787,12233,240926_ML.npy,2026-09-24,2026-09-24 09:19:32.368534,7C79B4,DA42,DIAMOND AIRCRAFT INDUSTRIES,DA 42,c4b99031e24c20746f6fcead31f63d22cfba689e9985a54bd22974192e758fbe,True,1
57788,12234,240926_ML.npy,2026-09-24,2026-09-24 09:19:32.412153,7C79B4,DA42,DIAMOND AIRCRAFT INDUSTRIES,DA 42,0520c2e4bdc29b49c80407c82191ce6ac94500aba04d9601359bf215d09ca1db,True,3
57794,12240,240926_ML.npy,2026-09-24,2026-09-24 09:19:38.169680,7C79B4,DA42,DIAMOND AIRCRAFT INDUSTRIES,DA 42,76316d9ce0c021b10e5954246027599631c4df22a0a0bc0004dacdcf4ec7b1ba,True,5
57795,12241,240926_ML.npy,2026-09-24,2026-09-24 09:19:38.807890,7C79B4,DA42,DIAMOND AIRCRAFT INDUSTRIES,DA 42,bfdd7bed740e1bc1166eb8320731edc0e12d2d0a40bdabeb61ed1bf8d0438602,True,2
57798,12244,240926_ML.npy,2026-09-24,2026-09-24 09:19:50.046928,7C7BD9,DA42,DIAMOND AIRCRAFT INDUSTRIES INC.,DA 42,e65e70da77687e6421c847f6e05d55f6b8aac0d4f9361ad86afcf20caf553f77,True,5
57799,12245,240926_ML.npy,2026-09-24,2026-09-24 09:19:50.519375,7C7BD9,DA42,DIAMOND AIRCRAFT INDUSTRIES INC.,DA 42,4c2eb531ec332149da5ffc4121e5a269dac4dd4804991794e2d20f0f1d5bc83e,True,5
57800,12246,240926_ML.npy,2026-09-24,2026-09-24 09:19:50.523351,7C7BD9,DA42,DIAMOND AIRCRAFT INDUSTRIES INC.,DA 42,acaf7c9f3c380b8ddef1809e9338a490955f4ad4ad72bb832381d1c9a67a4129,True,2
57801,12247,240926_ML.npy,2026-09-24,2026-09-24 09:19:51.047927,7C7BD9,DA42,DIAMOND AIRCRAFT INDUSTRIES INC.,DA 42,89d5ba2ceb9619844def6549b89f5c5475f7edd8fbc57107701bafedc6f930b7,True,2
57802,12248,240926_ML.npy,2026-09-24,2026-09-24 09:19:51.054252,7C7BD9,DA42,DIAMOND AIRCRAFT INDUSTRIES INC.,DA 42,acaf7c9f3c380b8ddef1809e9338a490955f4ad4ad72bb832381d1c9a67a4129,True,2
57804,12250,240926_ML.npy,2026-09-24,2026-09-24 09:20:09.480380,7C7BD9,DA42,DIAMOND AIRCRAFT INDUSTRIES INC.,DA 42,9f9664a9ea49bdcd66c0a18bd1ba282e4323c9b3d976e406568ab0a85cb627ee,True,4
57805,12251,240926_ML.npy,2026-09-24,2026-09-24 09:20:10.071728,7C7BD9,DA42,DIAMOND AIRCRAFT INDUSTRIES INC.,DA 42,c808ec0bdc380a34536d1b9cbcc254f4e2c96ca7a7fd28ed7895a13c1b8c677a,True,4
57806,12252,240926_ML.npy,2026-09-24,2026-09-24 09:20:10.581163,7C7BD9,DA42,DIAMOND AIRCRAFT INDUSTRIES INC.,DA 42,9222a76ad78d35c63f1b97b22d44ecd2bcdede5fff285536dbf6878ec093a2a4,True,4
57807,12253,240926_ML.npy,2026-09-24,2026-09-24 09:20:15.095985,7C7BD9,DA42,DIAMOND AIRCRAFT INDUSTRIES INC.,DA 42,a273b3e83e0fda241fde7370a264540501e16f680245e6de36ace8c93b763ad4,True,5
57809,12255,240926_ML.npy,2026-09-24,2026-09-24 09:20:17.658399,7C7BD9,DA42,DIAMOND AIRCRAFT INDUSTRIES INC.,DA 42,8dd88daa9f6eaccfebf6ee8fdf4c1251669faea929d6f8d45fd51084f3ae56da,True,5
57812,12258,240926_ML.npy,2026-09-24,2026-09-24 09:20:24.408619,7C7BD9,DA42,DIAMOND AIRCRAFT INDUSTRIES INC.,DA 42,9f9664a9ea49bdcd66c0a18bd1ba282e4323c9b3d976e406568ab0a85cb627ee,True,3
57815,12261,240926_ML.npy,2026-09-24,2026-09-24 09:20:27.176471,7C7BD9,DA42,DIAMOND AIRCRAFT INDUSTRIES INC.,DA 42,df27c4598bc2947f41c8eab49955aec4a9d6c6ec26e9dac20d8d4c8bf614aeb2,True,1
57817,12263,240926_ML.npy,2026-09-24,2026-09-24 09:21:17.584480,7C79B4,DA42,DIAMOND AIRCRAFT INDUSTRIES,DA 42,928f803f2007b1e6dcb0681c9e3a4ef3b0cc48544de23bbc9481ca94b58c00d7,True,5
57819,12265,240926_ML.npy,2026-09-24,2026-09-24 09:21:38.352512,7C7BD9,DA42,DIAMOND AIRCRAFT INDUSTRIES INC.,DA 42,dbd1cf2748a26377fae334fbeadbddb67fcbe304dc4722111dcacdbd74e72628,True,1
57821,12267,240926_ML.npy,2026-09-24,2026-09-24 09:21:38.519625,7C79B4,DA42,DIAMOND AIRCRAFT INDUSTRIES,DA 42,38bf7e20277eda97d69510d973bfa78fe7aa1c5258de0a52cedc4435d8a512dd,True,1
57825,12271,240926_ML.npy,2026-09-24,2026-09-24 09:21:44.211851,7C7BD9,DA42,DIAMOND AIRCRAFT INDUSTRIES INC.,DA 42,7715d80d3a39692f8c9777fbf49e6f3195b4603c48947662cfe73acd6ea5b87d,True,2
57828,12274,240926_ML.npy,2026-09-24,2026-09-24 09:21:46.983542,7C79B4,DA42,DIAMOND AIRCRAFT INDUSTRIES,DA 42,71d1b3f76ec84373330a98ff4b805d3aac14dab62d420bb50128757e8af0dd63,True,1
57830,12276,240926_ML.npy,2026-09-24,2026-09-24 09:21:48.414451,7C7BD9,DA42,DIAMOND AIRCRAFT INDUSTRIES INC.,DA 42,8c8bed8804553020b5c21b1aef39b907841624ca91383ebba0de1a073d9d51dd,True,2
57832,12278,240926_ML.npy,2026-09-24,2026-09-24 09:21:52.657193,7C7BD9,DA42,DIAMOND AIRCRAFT INDUSTRIES INC.,DA 42,18c7e117af4af8289084ab52d28a697da30d1c470d48a860d8a987c30dd62463,True,5
57835,12281,240926_ML.npy,2026-09-24,2026-09-24 09:21:55.526683,7C7BD9,DA42,DIAMOND AIRCRAFT INDUSTRIES INC.,DA 42,339f35ae0482cfa02e13d543c3e364938e7c6c8e95c74d36051d92fdb41237db,True,1
57836,12282,240926_ML.npy,2026-09-24,2026-09-24 09:21:56.389872,7C7BD9,DA42,DIAMOND AIRCRAFT INDUSTRIES INC.,DA 42,65f337833c54cb655680a12855c23405e14088c1213925d111cab759bfd9a978,True,1
57837,12283,240926_ML.npy,2026-09-24,2026-09-24 09:22:00.050524,7C7BD9,DA42,DIAMOND AIRCRAFT INDUSTRIES INC.,DA 42,0391f27c009261f4cb75eb2cd326614b9f8922511def7be0c63eb25e16b3e7d2,True,3
57838,12284,240926_ML.npy,2026-09-24,2026-09-24 09:22:00.054332,7C7BD9,DA42,DIAMOND AIRCRAFT INDUSTRIES INC.,DA 42,10a41e65e84eb11bce7268b1b567fde52939b8aa80a2999ef52810eab378de5c,True,5
57843,12289,240926_ML.npy,2026-09-24,2026-09-24 09:22:05.721130,7C7BD9,DA42,DIAMOND AIRCRAFT INDUSTRIES INC.,DA 42,9f9664a9ea49bdcd66c0a18bd1ba282e4323c9b3d976e406568ab0a85cb627ee,True,3
57846,12292,240926_ML.npy,2026-09-24,2026-09-24 09:22:08.196063,7C79B4,DA42,DIAMOND AIRCRAFT INDUSTRIES,DA 42,1d09d64ee76fc550056a1320859d4b2cb698e8cfe147666880f8b7fa1a02f235,True,2
57847,12293,240926_ML.npy,2026-09-24,2026-09-24 09:22:15.633097,7C79B4,DA42,DIAMOND AIRCRAFT INDUSTRIES,DA 42,7a87aea975b7d662af2a0985da62ce002f68aee9995e216d71dc13b2b4f4031b,True,3
57851,12297,240926_ML.npy,2026-09-24,2026-09-24 09:22:20.909961,7C79B4,DA42,DIAMOND AIRCRAFT INDUSTRIES,DA 42,c4b99031e24c20746f6fcead31f63d22cfba689e9985a54bd22974192e758fbe,True,4
57856,12302,240926_ML.npy,2026-09-24,2026-09-24 09:22:37.408756,7C79B4,DA42,DIAMOND AIRCRAFT INDUSTRIES,DA 42,80090aa521432a024b43a445cd0eaf0818535865c12d1414c4684a5754a3dab1,True,1
57859,12305,240926_ML.npy,2026-09-24,2026-09-24 09:22:46.794321,7C79B4,DA42,DIAMOND AIRCRAFT INDUSTRIES,DA 42,86668a2d7ad08e2e78a68360bec7ec6f2f9ec6cc2d09f3f0b4941b024501742b,True,4
57860,12306,240926_ML.npy,2026-09-24,2026-09-24 09:23:31.682637,7C79B4,DA42,DIAMOND AIRCRAFT INDUSTRIES,DA 42,cffab1352295184cc7f0bde30d5c5c4abfa4d9b55441efaebabe1e6130f938e4,True,3
57862,12308,240926_ML.npy,2026-09-24,2026-09-24 09:24:04.782586,7C79B4,DA42,DIAMOND AIRCRAFT INDUSTRIES,DA 42,ee41748c3e8ba4bfeeac1d9b590d44c3f854272b24e546f6d131a08a0faec123,True,4
57864,12310,240926_ML.npy,2026-09-24,2026-09-24 09:24:08.324468,7C79B4,DA42,DIAMOND AIRCRAFT INDUSTRIES,DA 42,fd05c6890411ab9fd545eebda826b3a2765125488f5b36268f4db2fd8bb82991,True,2
57870,12316,240926_ML.npy,2026-09-24,2026-09-24 09:24:14.610091,7C79B4,DA42,DIAMOND AIRCRAFT INDUSTRIES,DA 42,181587e2a8bda2697fd6efc279b0469fbc9204046e2a9817aacac941dc5e5bf5,True,5
57872,12318,240926_ML.npy,2026-09-24,2026-09-24 09:24:18.974919,7C79B4,DA42,DIAMOND AIRCRAFT INDUSTRIES,DA 42,c5eb0218fddb11de124e3758f1bcebb5b15dcd792ef6ba8e8a766a928929cd1a,True,4
57873,12319,240926_ML.npy,2026-09-24,2026-09-24 09:24:20.521551,7C79B4,DA42,DIAMOND AIRCRAFT INDUSTRIES,DA 42,d6f4f8502b296bec36aea3b512c0e2dafdaa91bb6fe5af2249917ad7189c41c1,True,3
57875,12321,240926_ML.npy,2026-09-24,2026-09-24 09:24:22.212402,7C79B4,DA42,DIAMOND AIRCRAFT INDUSTRIES,DA 42,c4b99031e24c20746f6fcead31f63d22cfba689e9985a54bd22974192e758fbe,True,4
57876,12322,240926_ML.npy,2026-09-24,2026-09-24 09:24:23.510017,7C79B4,DA42,DIAMOND AIRCRAFT INDUSTRIES,DA 42,c4b99031e24c20746f6fcead31f63d22cfba689e9985a54bd22974192e758fbe,True,4
57877,12323,240926_ML.npy,2026-09-24,2026-09-24 09:24:24.413770,7C7BD9,DA42,DIAMOND AIRCRAFT INDUSTRIES INC.,DA 42,d40faa7229c4b7095354fe676588af751245990b29d26135faac8a3795c6e8a9,True,5
57879,12325,240926_ML.npy,2026-09-24,2026-09-24 09:24:25.946412,7C79B4,DA42,DIAMOND AIRCRAFT INDUSTRIES,DA 42,1e7b1eebb5ac74386c82a14b57e6b5348957132ddca995d1577a2303d4b4dec9,True,4
57880,12326,240926_ML.npy,2026-09-24,2026-09-24 09:24:27.178513,7C7BD9,DA42,DIAMOND AIRCRAFT INDUSTRIES INC.,DA 42,9f9664a9ea49bdcd66c0a18bd1ba282e4323c9b3d976e406568ab0a85cb627ee,True,5
57883,12329,240926_ML.npy,2026-09-24,2026-09-24 09:24:30.984776,7C79B4,DA42,DIAMOND AIRCRAFT INDUSTRIES,DA 42,c4b99031e24c20746f6fcead31f63d22cfba689e9985a54bd22974192e758fbe,True,2
57885,12331,240926_ML.npy,2026-09-24,2026-09-24 09:24:31.648385,7C79B4,DA42,DIAMOND AIRCRAFT INDUSTRIES,DA 42,0a877298cb7e5588480c64eb69577c908d1c29f1c0284d0d10ae80b136dffcf5,True,2
57887,12333,240926_ML.npy,2026-09-24,2026-09-24 09:24:32.070491,7C79B4,DA42,DIAMOND AIRCRAFT INDUSTRIES,DA 42,ec87bad94a98ab46504d718a5f80a902fd205ed7bdc72b638c03f3409527c3f4,True,3
57898,12344,240926_ML.npy,2026-09-24,2026-09-24 09:24:54.923791,7C7BD9,DA42,DIAMOND AIRCRAFT INDUSTRIES INC.,DA 42,63043ed58f92c5cf9bf6932168d4c770346c886fdf50772a4aa81180976e4d39,True,5
57899,12345,240926_ML.npy,2026-09-24,2026-09-24 09:24:54.999099,7C7BD9,DA42,DIAMOND AIRCRAFT INDUSTRIES INC.,DA 42,ed05c86cf59ba621af4418ee7ca9fe020dd19e7c519e6a0ba23a13031f916d4f,True,2
57904,12350,240926_ML.npy,2026-09-24,2026-09-24 09:25:02.287933,7C7BD9,DA42,DIAMOND AIRCRAFT INDUSTRIES INC.,DA 42,1071414c6b688934ceca9203881a3c834bf28c2ef044b151d28366bf9a9fb838,True,5
57910,12356,240926_ML.npy,2026-09-24,2026-09-24 09:25:07.755881,7C7BD9,DA42,DIAMOND AIRCRAFT INDUSTRIES INC.,DA 42,ed05c86cf59ba621af4418ee7ca9fe020dd19e7c519e6a0ba23a13031f916d4f,True,3
57912,12358,240926_ML.npy,2026-09-24,2026-09-24 09:25:10.916207,7C7BD9,DA42,DIAMOND AIRCRAFT INDUSTRIES INC.,DA 42,405a902b48d199a48c23a5232b0adb41c9952381325f828d0743c6866778e368,True,3
57913,12359,240926_ML.npy,2026-09-24,2026-09-24 09:25:11.698270,7C7BD9,DA42,DIAMOND AIRCRAFT INDUSTRIES INC.,DA 42,7b3092d8c5ae1e707b914ce8ed507da8252be854d9420cfc3184e1d0ba10842b,True,4
57931,12377,240926_ML.npy,2026-09-24,2026-09-24 09:26:39.336983,7C7BD9,DA42,DIAMOND AIRCRAFT INDUSTRIES INC.,DA 42,d0c0572e7a0a689d4c652c9fa35963b248fb0b112cd3dd1168503925a02c65b9,True,2
57933,12379,240926_ML.npy,2026-09-24,2026-09-24 09:26:41.016413,7C7BD9,DA42,DIAMOND AIRCRAFT INDUSTRIES INC.,DA 42,2c3ce1a06751d521c74cf762869f53f4b7111ea431de792c8401644041c870e2,True,2
57934,12380,240926_ML.npy,2026-09-24,2026-09-24 09:26:42.467945,7C7BD9,DA42,DIAMOND AIRCRAFT INDUSTRIES INC.,DA 42,ab1b6e185463f40d7b5ad2d3e7d526848f5afbcedce2e0ab7408712d45e4aa05,True,4
57936,12382,240926_ML.npy,2026-09-24,2026-09-24 09:26:43.059529,7C7BD9,DA42,DIAMOND AIRCRAFT INDUSTRIES INC.,DA 42,ebf93e0c22181e54874e4d45d7f6ee41b9b2c2cfc93da87894ec9ca468483492,True,1
57938,12384,240926_ML.npy,2026-09-24,2026-09-24 09:26:46.731211,7C7BD9,DA42,DIAMOND AIRCRAFT INDUSTRIES INC.,DA 42,9f9664a9ea49bdcd66c0a18bd1ba282e4323c9b3d976e406568ab0a85cb627ee,True,2
57940,12386,240926_ML.npy,2026-09-24,2026-09-24 09:26:47.219829,7C7BD9,DA42,DIAMOND AIRCRAFT INDUSTRIES INC.,DA 42,fbffc10a439fa2742fc36fbf65dfba1eb57ccec73d242938f1174c0de4d7b803,True,3
57941,12387,240926_ML.npy,2026-09-24,2026-09-24 09:26:51.254658,7C7BD9,DA42,DIAMOND AIRCRAFT INDUSTRIES INC.,DA 42,1665da7bfbb47e7fac94d588fd4e842049cb6ef8420677121b954412979cf712,True,3
57943,12389,240926_ML.npy,2026-09-24,2026-09-24 09:26:52.473067,7C7BD9,DA42,DIAMOND AIRCRAFT INDUSTRIES INC.,DA 42,ed05c86cf59ba621af4418ee7ca9fe020dd19e7c519e6a0ba23a13031f916d4f,True,5
57946,12392,240926_ML.npy,2026-09-24,2026-09-24 09:26:56.887236,7C7BD9,DA42,DIAMOND AIRCRAFT INDUSTRIES INC.,DA 42,6632f0072b086847555f5aa87ed84f7b109c0e5e4151092e8254edc5de86b7f3,True,5
57947,12393,240926_ML.npy,2026-09-24,2026-09-24 09:26:57.399915,7C7BD9,DA42,DIAMOND AIRCRAFT INDUSTRIES INC.,DA 42,e31327880e8cfeccad3025c02a456e75b0824f732c04949a24caa4a7b6e6c6bc,True,4
57948,12394,240926_ML.npy,2026-09-24,2026-09-24 09:26:57.404675,7C7BD9,DA42,DIAMOND AIRCRAFT INDUSTRIES INC.,DA 42,48fa4b0e226381b3d3fe6bc4e1f817c69f773c5c0038671853d200edbf41e980,True,5
57949,12395,240926_ML.npy,2026-09-24,2026-09-24 09:27:00.740524,7C7BD9,DA42,DIAMOND AIRCRAFT INDUSTRIES INC.,DA 42,405a902b48d199a48c23a5232b0adb41c9952381325f828d0743c6866778e368,True,2
57950,12396,240926_ML.npy,2026-09-24,2026-09-24 09:27:01.316516,7C7BD9,DA42,DIAMOND AIRCRAFT INDUSTRIES INC.,DA 42,ffa5cd0b76909436897804d5eee348102ebb820582fef59725947b714e149384,True,1
57954,12400,240926_ML.npy,2026-09-24,2026-09-24 09:27:17.104361,7C79B4,DA42,DIAMOND AIRCRAFT INDUSTRIES,DA 42,c4b99031e24c20746f6fcead31f63d22cfba689e9985a54bd22974192e758fbe,True,1
57956,12402,240926_ML.npy,2026-09-24,2026-09-24 09:27:27.978585,7C79B4,DA42,DIAMOND AIRCRAFT INDUSTRIES,DA 42,bf1f77064fba0efd6f84a558a8321ac6bf5dadb2641dfd886927d14b04f21092,True,1
57957,12403,240926_ML.npy,2026-09-24,2026-09-24 09:27:29.479444,7C79B4,DA42,DIAMOND AIRCRAFT INDUSTRIES,DA 42,b3ddf510d04559ab2fefa08723e6e9f5604b8508d407d762a9cf02b707370071,True,3
57958,12404,240926_ML.npy,2026-09-24,2026-09-24 09:27:29.492543,7C79B4,DA42,DIAMOND AIRCRAFT INDUSTRIES,DA 42,c4b99031e24c20746f6fcead31f63d22cfba689e9985a54bd22974192e758fbe,True,2
57959,12405,240926_ML.npy,2026-09-24,2026-09-24 09:27:35.621247,7C79B4,DA42,DIAMOND AIRCRAFT INDUSTRIES,DA 42,f3284263e5a381a3e1a3d53f5054175c99746d33a01fb779c0992f39cde56896,True,3
57960,12406,240926_ML.npy,2026-09-24,2026-09-24 09:27:35.627438,7C79B4,DA42,DIAMOND AIRCRAFT INDUSTRIES,DA 42,4a76089188530f71f2435eca00ba88f9e0e3033a8f6333e096562a13beb8a686,True,4
57962,12408,240926_ML.npy,2026-09-24,2026-09-24 09:27:36.559928,7C79B4,DA42,DIAMOND AIRCRAFT INDUSTRIES,DA 42,bd0a02099672548a86e7e18bf586bf7be24c98a475f181a4472e2c9097cb1baa,True,2
57963,12409,240926_ML.npy,2026-09-24,2026-09-24 09:27:37.604528,7C79B4,DA42,DIAMOND AIRCRAFT INDUSTRIES,DA 42,06f7c73ce1aee4667edddd443306e7ad6bd862a8c24a975beba3334fc6f335e4,True,1
57966,12412,240926_ML.npy,2026-09-24,2026-09-24 09:27:40.711904,7C79B4,DA42,DIAMOND AIRCRAFT INDUSTRIES,DA 42,76316d9ce0c021b10e5954246027599631c4df22a0a0bc0004dacdcf4ec7b1ba,True,5
57967,12413,240926_ML.npy,2026-09-24,2026-09-24 09:27:43.172000,7C79B4,DA42,DIAMOND AIRCRAFT INDUSTRIES,DA 42,76316d9ce0c021b10e5954246027599631c4df22a0a0bc0004dacdcf4ec7b1ba,True,2
57969,12415,240926_ML.npy,2026-09-24,2026-09-24 09:27:48.908390,7C79B4,DA42,DIAMOND AIRCRAFT INDUSTRIES,DA 42,18bc96db138fe96a5bb45b065764c4d2ddab0552b367f883365bdeea067c6dfb,True,1
57970,12416,240926_ML.npy,2026-09-24,2026-09-24 09:27:51.961602,7C79B4,DA42,DIAMOND AIRCRAFT INDUSTRIES,DA 42,c4b99031e24c20746f6fcead31f63d22cfba689e9985a54bd22974192e758fbe,True,5
57971,12417,240926_ML.npy,2026-09-24,2026-09-24 09:27:52.267349,7C79B4,DA42,DIAMOND AIRCRAFT INDUSTRIES,DA 42,21844399e538ff874383a6f8d9e0a2af083d88589e154200a9bdf40cbaa13675,True,3
57972,12418,240926_ML.npy,2026-09-24,2026-09-24 09:27:52.903494,7C79B4,DA42,DIAMOND AIRCRAFT INDUSTRIES,DA 42,80090aa521432a024b43a445cd0eaf0818535865c12d1414c4684a5754a3dab1,True,3
57973,12419,240926_ML.npy,2026-09-24,2026-09-24 09:27:53.192824,7C79B4,DA42,DIAMOND AIRCRAFT INDUSTRIES,DA 42,c4b99031e24c20746f6fcead31f63d22cfba689e9985a54bd22974192e758fbe,True,5
57975,12421,240926_ML.npy,2026-09-24,2026-09-24 09:27:53.296338,7C79B4,DA42,DIAMOND AIRCRAFT INDUSTRIES,DA 42,531a57d6a8a7caaea5ecf23116866dfb05b48c6521f42ac5343858aac4810590,True,4
57976,12422,240926_ML.npy,2026-09-24,2026-09-24 09:27:53.739719,7C79B4,DA42,DIAMOND AIRCRAFT INDUSTRIES,DA 42,41cd8fe5f5ea854b530972728d38ca5d4be6419691a5db12243dad6ea831bf89,True,5
57978,12424,240926_ML.npy,2026-09-24,2026-09-24 09:27:54.468309,7C79B4,DA42,DIAMOND AIRCRAFT INDUSTRIES,DA 42,c4b99031e24c20746f6fcead31f63d22cfba689e9985a54bd22974192e758fbe,True,1
57980,12426,240926_ML.npy,2026-09-24,2026-09-24 09:27:55.750846,7C79B4,DA42,DIAMOND AIRCRAFT INDUSTRIES,DA 42,04cbb6b46a28a70e09473174bf0179768fe6db4c75c314f677503cd508f9eb46,True,4
57981,12427,240926_ML.npy,2026-09-24,2026-09-24 09:29:08.024046,7C79B4,DA42,DIAMOND AIRCRAFT INDUSTRIES,DA 42,c4b99031e24c20746f6fcead31f63d22cfba689e9985a54bd22974192e758fbe,True,4
57982,12428,240926_ML.npy,2026-09-24,2026-09-24 09:29:11.659444,7C7BD9,DA42,DIAMOND AIRCRAFT INDUSTRIES INC.,DA 42,a5c272e96d18e4e14bde4d0b4b06d400c291d53e6e72955c47bc5537ba5eaf52,True,2
57986,12432,240926_ML.npy,2026-09-24,2026-09-24 09:29:26.658770,7C79B4,DA42,DIAMOND AIRCRAFT INDUSTRIES,DA 42,2893b677f9fc304f72b6f9d4c9a56faa1ef7bc85dfc892ebce25b3cde5e95787,True,4
57988,12434,240926_ML.npy,2026-09-24,2026-09-24 09:29:30.317850,7C7BD9,DA42,DIAMOND AIRCRAFT INDUSTRIES INC.,DA 42,9f9664a9ea49bdcd66c0a18bd1ba282e4323c9b3d976e406568ab0a85cb627ee,True,3
57989,12435,240926_ML.npy,2026-09-24,2026-09-24 09:29:36.447334,7C79B4,DA42,DIAMOND AIRCRAFT INDUSTRIES,DA 42,c4b99031e24c20746f6fcead31f63d22cfba689e9985a54bd22974192e758fbe,True,1
57990,12436,240926_ML.npy,2026-09-24,2026-09-24 09:29:38.807461,7C79B4,DA42,DIAMOND AIRCRAFT INDUSTRIES,DA 42,5b8ab28e5508c7e4192653e328b3d75d2de0c5c92bfc98f7bc14ab5b85b0d607,True,4
57994,12440,240926_ML.npy,2026-09-24,2026-09-24 09:29:41.941871,7C79B4,DA42,DIAMOND AIRCRAFT INDUSTRIES,DA 42,9954b14db6cd01ad5f2b0548d400603a5d3a55f6eb3ec855c0c0fb034c957cc1,True,5
57996,12442,240926_ML.npy,2026-09-24,2026-09-24 09:29:42.478932,7C79B4,DA42,DIAMOND AIRCRAFT INDUSTRIES,DA 42,26dfc35ced3c6a2537ec1cc951a337b87cdc995c54be4532dfe2cf534cbb7df3,True,3
57997,12443,240926_ML.npy,2026-09-24,2026-09-24 09:29:42.765716,7C79B4,DA42,DIAMOND AIRCRAFT INDUSTRIES,DA 42,c4b99031e24c20746f6fcead31f63d22cfba689e9985a54bd22974192e758fbe,True,1
57999,12445,240926_ML.npy,2026-09-24,2026-09-24 09:29:48.731555,7C79B4,DA42,DIAMOND AIRCRAFT INDUSTRIES,DA 42,76316d9ce0c021b10e5954246027599631c4df22a0a0bc0004dacdcf4ec7b1ba,True,5
58002,12448,240926_ML.npy,2026-09-24,2026-09-24 09:29:49.353346,7C7BD9,DA42,DIAMOND AIRCRAFT INDUSTRIES INC.,DA 42,405a902b48d199a48c23a5232b0adb41c9952381325f828d0743c6866778e368,True,3
58004,12450,240926_ML.npy,2026-09-24,2026-09-24 09:29:49.821974,7C7BD9,DA42,DIAMOND AIRCRAFT INDUSTRIES INC.,DA 42,948de8c01ffafc2044cd4c23e683802309e8b102921b3db6aa3f17675d6ae694,True,3
58007,12453,240926_ML.npy,2026-09-24,2026-09-24 09:29:52.760465,7C79B4,DA42,DIAMOND AIRCRAFT INDUSTRIES,DA 42,c4b99031e24c20746f6fcead31f63d22cfba689e9985a54bd22974192e758fbe,True,2
58008,12454,240926_ML.npy,2026-09-24,2026-09-24 09:29:53.389637,7C79B4,DA42,DIAMOND AIRCRAFT INDUSTRIES,DA 42,ed6b23ae692f4f847a6ff1f1cf18b62962a8a613ad7072fed5c5fdd895e0a9e8,True,5
58009,12455,240926_ML.npy,2026-09-24,2026-09-24 09:29:53.396655,7C79B4,DA42,DIAMOND AIRCRAFT INDUSTRIES,DA 42,a035c514659a8f7b98d167c03e3d3eccc3007d7f768d0dbd99f968c3a397a94b,True,1
58013,12459,240926_ML.npy,2026-09-24,2026-09-24 09:29:57.415237,7C7BD9,DA42,DIAMOND AIRCRAFT INDUSTRIES INC.,DA 42,767eceb20f3cf5fa082848e5ac255b6a963ea4c0ccd94f5f6ff10f4f8861b418,True,2
58015,12461,240926_ML.npy,2026-09-24,2026-09-24 09:29:57.880625,7C79B4,DA42,DIAMOND AIRCRAFT INDUSTRIES,DA 42,0f4478819d313e6599adf5f697e63564a9a118c609c4f0a78d2ccb6b5b5f6ef9,True,3
58017,12463,240926_ML.npy,2026-09-24,2026-09-24 09:31:18.611715,7C7BD9,DA42,DIAMOND AIRCRAFT INDUSTRIES INC.,DA 42,bbb519c5c7f4896f320ed690151a78e9cb213593613c7b05a5f0c5bbaff4aab4,True,2
58018,12464,240926_ML.npy,2026-09-24,2026-09-24 09:31:32.188663,7C7BD9,DA42,DIAMOND AIRCRAFT INDUSTRIES INC.,DA 42,ed05c86cf59ba621af4418ee7ca9fe020dd19e7c519e6a0ba23a13031f916d4f,True,1
58020,12466,240926_ML.npy,2026-09-24,2026-09-24 09:31:34.846786,7C7BD9,DA42,DIAMOND AIRCRAFT INDUSTRIES INC.,DA 42,405a902b48d199a48c23a5232b0adb41c9952381325f828d0743c6866778e368,True,2
58021,12467,240926_ML.npy,2026-09-24,2026-09-24 09:31:34.917490,7C7BD9,DA42,DIAMOND AIRCRAFT INDUSTRIES INC.,DA 42,40aef892aa2f94ee3243944062cf3c90d00b331f76e7fd7eb98d880dc8e038b3,True,3
58022,12468,240926_ML.npy,2026-09-24,2026-09-24 09:31:34.922544,7C7BD9,DA42,DIAMOND AIRCRAFT INDUSTRIES INC.,DA 42,35613d8fdda3ef812ff64b643f427f26c5373c63be15c0d1692e1d28024c6b68,True,4
58025,12471,240926_ML.npy,2026-09-24,2026-09-24 09:31:37.481268,7C7BD9,DA42,DIAMOND AIRCRAFT INDUSTRIES INC.,DA 42,d63c5402c620a01ab5aa7f32e89cf18b7c82c96b94e92da0f87bf134a067556c,True,3
58028,12474,240926_ML.npy,2026-09-24,2026-09-24 09:31:42.234666,7C7BD9,DA42,DIAMOND AIRCRAFT INDUSTRIES INC.,DA 42,ed05c86cf59ba621af4418ee7ca9fe020dd19e7c519e6a0ba23a13031f916d4f,True,5
58030,12476,240926_ML.npy,2026-09-24,2026-09-24 09:31:44.400627,7C7BD9,DA42,DIAMOND AIRCRAFT INDUSTRIES INC.,DA 42,75923c33165d34c4bc7898f9b4c9df60891f2c5b3bf06564f9f0cce41cdb28ed,True,3
58031,12477,240926_ML.npy,2026-09-24,2026-09-24 09:31:44.407648,7C7BD9,DA42,DIAMOND AIRCRAFT INDUSTRIES INC.,DA 42,2e84084af197112894eb273345a831162c50c8f27c231ad98b0f03c95c18b89c,True,1
58032,12478,240926_ML.npy,2026-09-24,2026-09-24 09:31:45.540237,7C7BD9,DA42,DIAMOND AIRCRAFT INDUSTRIES INC.,DA 42,9f9664a9ea49bdcd66c0a18bd1ba282e4323c9b3d976e406568ab0a85cb627ee,True,2
58034,12480,240926_ML.npy,2026-09-24,2026-09-24 09:31:46.897355,7C7BD9,DA42,DIAMOND AIRCRAFT INDUSTRIES INC.,DA 42,7cf0117e16dce81c5e00efff0523c9b934de0e336a7494bacbe8fc6c5a2c3ffc,True,3
58035,12481,240926_ML.npy,2026-09-24,2026-09-24 09:31:49.758157,7C7BD9,DA42,DIAMOND AIRCRAFT INDUSTRIES INC.,DA 42,0fba5e1b2bed2e6af8ee46dc9548a8df81a5e538520a2b2ceeef1d687db2d2a6,True,1
58036,12482,240926_ML.npy,2026-09-24,2026-09-24 09:31:49.892495,7C7BD9,DA42,DIAMOND AIRCRAFT INDUSTRIES INC.,DA 42,e190d183b963fc6349a7f5b4207ece15503ad404040c940dee5fd2ff65aeb693,True,1
58037,12483,240926_ML.npy,2026-09-24,2026-09-24 09:31:50.554507,7C7BD9,DA42,DIAMOND AIRCRAFT INDUSTRIES INC.,DA 42,9f9664a9ea49bdcd66c0a18bd1ba282e4323c9b3d976e406568ab0a85cb627ee,True,2
58038,12484,240926_ML.npy,2026-09-24,2026-09-24 09:31:51.033863,7C7BD9,DA42,DIAMOND AIRCRAFT INDUSTRIES INC.,DA 42,5c641c7161eed51032e7b64908eca7241265b369e44db8b648aade4be4116a78,True,4
58039,12485,240926_ML.npy,2026-09-24,2026-09-24 09:31:51.040575,7C7BD9,DA42,DIAMOND AIRCRAFT INDUSTRIES INC.,DA 42,19b7022dfe66974938de98d76240ba7ad25aedc90d3dc0b28d33f4660efb433c,True,3
58040,12486,240926_ML.npy,2026-09-24,2026-09-24 09:31:52.732056,7C7BD9,DA42,DIAMOND AIRCRAFT INDUSTRIES INC.,DA 42,7fcfdcd326a2564e241d1d528c1c90f762ec074cf0eec25b8b919388ae658912,True,5
58041,12487,240926_ML.npy,2026-09-24,2026-09-24 09:31:52.736000,7C7BD9,DA42,DIAMOND AIRCRAFT INDUSTRIES INC.,DA 42,b39b32fd42c8c3343219ee0172b4a1b069b82b578502e09cc9963600142b6ef5,True,5
58042,12488,240926_ML.npy,2026-09-24,2026-09-24 09:31:53.056595,7C7BD9,DA42,DIAMOND AIRCRAFT INDUSTRIES INC.,DA 42,9f9664a9ea49bdcd66c0a18bd1ba282e4323c9b3d976e406568ab0a85cb627ee,True,2
58043,12489,240926_ML.npy,2026-09-24,2026-09-24 09:31:54.285145,7C7BD9,DA42,DIAMOND AIRCRAFT INDUSTRIES INC.,DA 42,aa26a46c7c71a4a693847ffa73e3505b31082fa3ab9f51fbdcf454bde783bdcb,True,1
58045,12491,240926_ML.npy,2026-09-24,2026-09-24 09:31:59.882335,7C7BD9,DA42,DIAMOND AIRCRAFT INDUSTRIES INC.,DA 42,e522ba2379f9b58a5b3c02eb04f097fe3f6e9e9e79563f0da39a7403aa030163,True,2
58046,12492,240926_ML.npy,2026-09-24,2026-09-24 09:32:00.769235,7C7BD9,DA42,DIAMOND AIRCRAFT INDUSTRIES INC.,DA 42,02b6b966bf3f4f7a1444dab8f8f02e8a3da0b080545781d5e42134674929d1eb,True,1
58047,12493,240926_ML.npy,2026-09-24,2026-09-24 09:32:00.776837,7C7BD9,DA42,DIAMOND AIRCRAFT INDUSTRIES INC.,DA 42,1656db03f13b0ab2321c2563077a1d49c29b37d60048ef3601bb0af88e776d2a,True,1
58048,12494,240926_ML.npy,2026-09-24,2026-09-24 09:32:02.864031,7C7BD9,DA42,DIAMOND AIRCRAFT INDUSTRIES INC.,DA 42,23e5e74a25c588a0ca6ed1b05689485993a5c7deb63ead63e637a4bc3005463b,True,1
58049,12495,240926_ML.npy,2026-09-24,2026-09-24 09:32:19.659375,7C79B4,DA42,DIAMOND AIRCRAFT INDUSTRIES,DA 42,f883a2742781d62202603c6c6ed90f893a82ad38c436f41d9038a93486ab971b,True,3
58051,12497,240926_ML.npy,2026-09-24,2026-09-24 09:32:49.206919,7C79B4,DA42,DIAMOND AIRCRAFT INDUSTRIES,DA 42,c4b99031e24c20746f6fcead31f63d22cfba689e9985a54bd22974192e758fbe,True,2
58052,12498,240926_ML.npy,2026-09-24,2026-09-24 09:32:53.420477,7C79B4,DA42,DIAMOND AIRCRAFT INDUSTRIES,DA 42,80090aa521432a024b43a445cd0eaf0818535865c12d1414c4684a5754a3dab1,True,3
58056,12502,240926_ML.npy,2026-09-24,2026-09-24 09:32:58.300434,7C79B4,DA42,DIAMOND AIRCRAFT INDUSTRIES,DA 42,80090aa521432a024b43a445cd0eaf0818535865c12d1414c4684a5754a3dab1,True,5
58057,12503,240926_ML.npy,2026-09-24,2026-09-24 09:33:01.708144,7C79B4,DA42,DIAMOND AIRCRAFT INDUSTRIES,DA 42,ca09277151b98ea80a542a9da3831bb00f1f8406f002abfea1af32fc417ac0f3,True,1
58058,12504,240926_ML.npy,2026-09-24,2026-09-24 09:33:05.658771,7C79B4,DA42,DIAMOND AIRCRAFT INDUSTRIES,DA 42,01fdbac312cffdaac734ce3a3f5c3ae08cbc6a5e33d7b8a7acb07a40590ce9cf,True,5
58059,12505,240926_ML.npy,2026-09-24,2026-09-24 09:33:06.595732,7C79B4,DA42,DIAMOND AIRCRAFT INDUSTRIES,DA 42,e53df65b01021f17b161776b4b3d11e0d2cade0f25c2b28d8c7f4c8333db9e95,True,2
58060,12506,240926_ML.npy,2026-09-24,2026-09-24 09:33:06.602838,7C79B4,DA42,DIAMOND AIRCRAFT INDUSTRIES,DA 42,de1879b88f9f8e42d323ad6851d2b98f0bd87abafd71a7ef642ee78a0422b993,True,1
58061,12507,240926_ML.npy,2026-09-24,2026-09-24 09:33:07.981376,7C79B4,DA42,DIAMOND AIRCRAFT INDUSTRIES,DA 42,21844399e538ff874383a6f8d9e0a2af083d88589e154200a9bdf40cbaa13675,True,4
58062,12508,240926_ML.npy,2026-09-24,2026-09-24 09:33:08.067478,7C79B4,DA42,DIAMOND AIRCRAFT INDUSTRIES,DA 42,53480c5a35e59c4472e6243e2c400dc0149d7319176eb94ccda1499879ab271c,True,5
58065,12511,240926_ML.npy,2026-09-24,2026-09-24 09:33:25.601854,7C79B4,DA42,DIAMOND AIRCRAFT INDUSTRIES,DA 42,76316d9ce0c021b10e5954246027599631c4df22a0a0bc0004dacdcf4ec7b1ba,True,4
58066,12512,240926_ML.npy,2026-09-24,2026-09-24 09:33:25.924786,7C79B4,DA42,DIAMOND AIRCRAFT INDUSTRIES,DA 42,7cdaf992ff115c4ac9392d35cd3508b6e9b718e820c3611268945094dbebad05,True,1
58067,12513,240926_ML.npy,2026-09-24,2026-09-24 09:33:25.929107,7C79B4,DA42,DIAMOND AIRCRAFT INDUSTRIES,DA 42,a54a0e7089d7faac8211b1818def02a190f9c7aef128f100f68ac6fd4fb5bd2c,True,5
58068,12514,240926_ML.npy,2026-09-24,2026-09-24 09:33:27.394455,7C79B4,DA42,DIAMOND AIRCRAFT INDUSTRIES,DA 42,301f91850b686d7142844f8afc0e85cf3b955c595530e42b4386824e5505f7e2,True,4
58069,12515,240926_ML.npy,2026-09-24,2026-09-24 09:33:27.397369,7C79B4,DA42,DIAMOND AIRCRAFT INDUSTRIES,DA 42,849a069a1409908b44280bb3e3af1cb07d9c6a015d1da712f78876231fa25d68,True,3
58070,12516,240926_ML.npy,2026-09-24,2026-09-24 09:34:07.687868,7C7BD9,DA42,DIAMOND AIRCRAFT INDUSTRIES INC.,DA 42,ed18ed0686665c53aa5c1a0570958fb9e1fbee92e5cdfd2e5c79acea22cffb73,True,4
58073,12519,240926_ML.npy,2026-09-24,2026-09-24 09:34:25.041546,7C7BD9,DA42,DIAMOND AIRCRAFT INDUSTRIES INC.,DA 42,2b30295504aa928a8f840509f4f3c728cdc6b27c4339eb8864e9ac315b6615a5,True,2
58075,12521,240926_ML.npy,2026-09-24,2026-09-24 09:34:27.629398,7C7BD9,DA42,DIAMOND AIRCRAFT INDUSTRIES INC.,DA 42,5ebd3ed007267cb7b377b1ff7152cd0827a77f86380b61f05ab27e4233984683,True,4
58077,12523,240926_ML.npy,2026-09-24,2026-09-24 09:34:31.309515,7C7BD9,DA42,DIAMOND AIRCRAFT INDUSTRIES INC.,DA 42,61fbef29021d4747ad7d0a43d74400caf7c324408fc1b5c234e86ca261320994,True,5
58079,12525,240926_ML.npy,2026-09-24,2026-09-24 09:34:33.758187,7C7BD9,DA42,DIAMOND AIRCRAFT INDUSTRIES INC.,DA 42,61fbef29021d4747ad7d0a43d74400caf7c324408fc1b5c234e86ca261320994,True,4
58080,12526,240926_ML.npy,2026-09-24,2026-09-24 09:34:34.787966,7C7BD9,DA42,DIAMOND AIRCRAFT INDUSTRIES INC.,DA 42,2f1abd6dd0b1cdcbe238672f22d5d012687f21079308fa051b3af1724db18d03,True,1
58081,12527,240926_ML.npy,2026-09-24,2026-09-24 09:34:34.792623,7C7BD9,DA42,DIAMOND AIRCRAFT INDUSTRIES INC.,DA 42,885b74a351af40dd66c03c0c8e9fb0a9ad437788dc401909426717fb22b114f8,True,4
58083,12529,240926_ML.npy,2026-09-24,2026-09-24 09:34:36.242757,7C7BD9,DA42,DIAMOND AIRCRAFT INDUSTRIES INC.,DA 42,d86f0c40eacd3e7988b99e53d8d89d1cbfc99ba203c4ce30e50e0a5a332788d0,True,3
58085,12531,240926_ML.npy,2026-09-24,2026-09-24 09:34:37.608545,7C7BD9,DA42,DIAMOND AIRCRAFT INDUSTRIES INC.,DA 42,22545eac990e0e8d761a4ca5b9e0505d0cb97f0a2f85ddc7bfa58a7568ba553e,True,1
58086,12532,240926_ML.npy,2026-09-24,2026-09-24 09:34:37.614322,7C7BD9,DA42,DIAMOND AIRCRAFT INDUSTRIES INC.,DA 42,cbcc18abe24c7494be567ccc3134f7276f7242b0d4eccc319a1a69baf3618884,True,5
58089,12535,240926_ML.npy,2026-09-24,2026-09-24 09:34:40.599651,7C7BD9,DA42,DIAMOND AIRCRAFT INDUSTRIES INC.,DA 42,b7a02604a0d119fc4973e49a8d525dedd5d37f0db923f6892378197a6d5b0be5,True,2
58090,12536,240926_ML.npy,2026-09-24,2026-09-24 09:34:41.089533,7C7BD9,DA42,DIAMOND AIRCRAFT INDUSTRIES INC.,DA 42,f8f1ffa220f247227595c543e9044d9e4a7306c8b9edc6eb545b8cd2d3b10d72,True,5
58093,12539,240926_ML.npy,2026-09-24,2026-09-24 09:34:45.291558,7C79B4,DA42,DIAMOND AIRCRAFT INDUSTRIES,DA 42,55ceaa495bd5d18d3036d282d7cbb0e84386993b6d1ba616c4a956f1f7c593d1,True,2
58099,12545,240926_ML.npy,2026-09-24,2026-09-24 09:34:53.265122,7C79B4,DA42,DIAMOND AIRCRAFT INDUSTRIES,DA 42,21844399e538ff874383a6f8d9e0a2af083d88589e154200a9bdf40cbaa13675,True,4
58102,12548,240926_ML.npy,2026-09-24,2026-09-24 09:35:00.452753,7C79B4,DA42,DIAMOND AIRCRAFT INDUSTRIES,DA 42,ef31b0ae795f532303f9247bbb84fd8d26b3fbbb0d14cf9d9f2f0261c8ab182b,True,1
58103,12549,240926_ML.npy,2026-09-24,2026-09-24 09:35:02.330437,7C79B4,DA42,DIAMOND AIRCRAFT INDUSTRIES,DA 42,04bfba3f2b741bafafce1494ed75177ac120118d3f30eb52bb4fd8c54eb69a7a,True,3
58104,12550,240926_ML.npy,2026-09-24,2026-09-24 09:35:03.056272,7C79B4,DA42,DIAMOND AIRCRAFT INDUSTRIES,DA 42,76316d9ce0c021b10e5954246027599631c4df22a0a0bc0004dacdcf4ec7b1ba,True,4
58106,12552,240926_ML.npy,2026-09-24,2026-09-24 09:35:07.577150,7C79B4,DA42,DIAMOND AIRCRAFT INDUSTRIES,DA 42,96e385cec59e65883cf26bf31134d85b2894047178b644d30d6a4134d10ff2ee,True,5
58107,12553,240926_ML.npy,2026-09-24,2026-09-24 09:35:07.961680,7C79B4,DA42,DIAMOND AIRCRAFT INDUSTRIES,DA 42,76316d9ce0c021b10e5954246027599631c4df22a0a0bc0004dacdcf4ec7b1ba,True,1
58109,12555,240926_ML.npy,2026-09-24,2026-09-24 09:35:11.335815,7C79B4,DA42,DIAMOND AIRCRAFT INDUSTRIES,DA 42,9bed556c42f3894187f932490b7dcaf7bede77664bd4871b928838e63a4ece93,True,5
58111,12557,240926_ML.npy,2026-09-24,2026-09-24 09:35:11.846243,7C79B4,DA42,DIAMOND AIRCRAFT INDUSTRIES,DA 42,dac136b989d6a8ae1b980f5974e95e4a6896b8eb97ba7b4e5b427f374b4083cb,True,5
58112,12558,240926_ML.npy,2026-09-24,2026-09-24 09:35:13.107854,7C79B4,DA42,DIAMOND AIRCRAFT INDUSTRIES,DA 42,c4b99031e24c20746f6fcead31f63d22cfba689e9985a54bd22974192e758fbe,True,1
58113,12559,240926_ML.npy,2026-09-24,2026-09-24 09:35:13.367824,7C79B4,DA42,DIAMOND AIRCRAFT INDUSTRIES,DA 42,ab25b2d38e826848121222d57764d4050a5046c6d09a35923ee1bc3780e64e26,True,4
58120,12566,240926_ML.npy,2026-09-24,2026-09-24 09:36:12.329405,7C7BD9,DA42,DIAMOND AIRCRAFT INDUSTRIES INC.,DA 42,f3d7e1d758bb0ee2579660e1cc8297b20e736015cde819115c4486577d055e6a,True,4
58123,12569,240926_ML.npy,2026-09-24,2026-09-24 09:36:13.843891,7C7BD9,DA42,DIAMOND AIRCRAFT INDUSTRIES INC.,DA 42,0683f1ebe7d3fdee01169d944b78b2a3db6affb314791c2d5679a141aef813ad,True,1
58130,12576,240926_ML.npy,2026-09-24,2026-09-24 09:36:25.546758,7C7BD9,DA42,DIAMOND AIRCRAFT INDUSTRIES INC.,DA 42,475ad22527ed58a912586692935d6565ca85786233dd2c5d21a9c8f457389896,True,5
58131,12577,240926_ML.npy,2026-09-24,2026-09-24 09:36:25.552894,7C7BD9,DA42,DIAMOND AIRCRAFT INDUSTRIES INC.,DA 42,678d94999bd2299989a97b353f4849a25051254d123f024afd0d1c079a5c9e64,True,2
58136,12582,240926_ML.npy,2026-09-24,2026-09-24 09:36:40.555795,7C7BD9,DA42,DIAMOND AIRCRAFT INDUSTRIES INC.,DA 42,ed05c86cf59ba621af4418ee7ca9fe020dd19e7c519e6a0ba23a13031f916d4f,True,2
58138,12584,240926_ML.npy,2026-09-24,2026-09-24 09:36:41.981104,7C7BD9,DA42,DIAMOND AIRCRAFT INDUSTRIES INC.,DA 42,e354d160249f0cd4255d9d8fd5823166116ad19ae6ed4dfc41b0b3b53c435135,True,5
58139,12585,240926_ML.npy,2026-09-24,2026-09-24 09:36:41.988316,7C7BD9,DA42,DIAMOND AIRCRAFT INDUSTRIES INC.,DA 42,c4b9ff61499a185a7332e43e57cff9ba68c2d7fb3c4b065a21f2dbd436b1f43b,True,3
58142,12588,240926_ML.npy,2026-09-24,2026-09-24 09:37:27.966209,7C79B4,DA42,DIAMOND AIRCRAFT INDUSTRIES,DA 42,7d0e45266d24e644209a45a8d01b9fdc5587e485c824ebbc6b73842d750f275a,True,2
58143,12589,240926_ML.npy,2026-09-24,2026-09-24 09:37:28.450577,7C79B4,DA42,DIAMOND AIRCRAFT INDUSTRIES,DA 42,f4062b2e5534c670a225537ef1095a47476272b9fa292eca128a937e531d7040,True,2
58146,12592,240926_ML.npy,2026-09-24,2026-09-24 09:37:29.312434,7C79B4,DA42,DIAMOND AIRCRAFT INDUSTRIES,DA 42,5a04a0882bc657c08093a1179f19c51b6e0695b1d4489c11464cadb50b2676c2,True,5
58148,12594,240926_ML.npy,2026-09-24,2026-09-24 09:37:47.733241,7C7C41,DA40,DIAMOND AIRCRAFT INDUSTRIES INC.,DA 40,af9887ad8c36d94112edb7821b888d9b0eeb63a5c6015646551ebbdeec4cda01,True,5
58154,12600,240926_ML.npy,2026-09-24,2026-09-24 09:37:51.416644,7C79B4,DA42,DIAMOND AIRCRAFT INDUSTRIES,DA 42,09323ae5e1533dff711aabaa06291d44d9e2f1763809eedbe322210189212d01,True,5
58155,12601,240926_ML.npy,2026-09-24,2026-09-24 09:37:51.996957,7C79B4,DA42,DIAMOND AIRCRAFT INDUSTRIES,DA 42,080e09d58a0e0c304afe32b963c1db87b28cdc588888706ad326c70e8b57be3d,True,2
58157,12603,240926_ML.npy,2026-09-24,2026-09-24 09:37:52.141896,7C79B4,DA42,DIAMOND AIRCRAFT INDUSTRIES,DA 42,76316d9ce0c021b10e5954246027599631c4df22a0a0bc0004dacdcf4ec7b1ba,True,4
58160,12606,240926_ML.npy,2026-09-24,2026-09-24 09:37:59.422229,7C7C41,DA40,DIAMOND AIRCRAFT INDUSTRIES INC.,DA 40,fb42dab9f6d9b35c29fcc534f8af44cb47112a715a65225bd20543991bde8919,True,4
58165,12611,240926_ML.npy,2026-09-24,2026-09-24 09:38:09.324725,7C79B4,DA42,DIAMOND AIRCRAFT INDUSTRIES,DA 42,76316d9ce0c021b10e5954246027599631c4df22a0a0bc0004dacdcf4ec7b1ba,True,3
58174,12620,240926_ML.npy,2026-09-24,2026-09-24 09:38:16.843169,7C7C41,DA40,DIAMOND AIRCRAFT INDUSTRIES INC.,DA 40,c2f5959b32fdbb7e992b959766adbcac9e51c193dc40a2a9ca494663e1dc3eef,True,1
58181,12627,240926_ML.npy,2026-09-24,2026-09-24 09:39:02.398131,7C7BD9,DA42,DIAMOND AIRCRAFT INDUSTRIES INC.,DA 42,b848f1994a0e1e54f87e4dedff53978193b305a586cfaca9410045bec82f2ab6,True,5
58187,12633,240926_ML.npy,2026-09-24,2026-09-24 09:39:11.181357,7C7BD9,DA42,DIAMOND AIRCRAFT INDUSTRIES INC.,DA 42,b363901c02c5c58aef7cc3f6780c49d6ca7db88174fb2514c833e9185a49e159,True,4
58190,12636,240926_ML.npy,2026-09-24,2026-09-24 09:39:20.106356,7C7BD9,DA42,DIAMOND AIRCRAFT INDUSTRIES INC.,DA 42,4f415319e22259bda4e002f58c0c678dbc83b27b48715e1f4ec942589f681652,True,1
58210,12656,240926_ML.npy,2026-09-24,2026-09-24 09:39:41.172454,7C7BD9,DA42,DIAMOND AIRCRAFT INDUSTRIES INC.,DA 42,9f9664a9ea49bdcd66c0a18bd1ba282e4323c9b3d976e406568ab0a85cb627ee,True,3
58211,12657,240926_ML.npy,2026-09-24,2026-09-24 09:39:42.468697,7C7BD9,DA42,DIAMOND AIRCRAFT INDUSTRIES INC.,DA 42,9f9664a9ea49bdcd66c0a18bd1ba282e4323c9b3d976e406568ab0a85cb627ee,True,5
58217,12663,240926_ML.npy,2026-09-24,2026-09-24 09:39:43.707112,7C7BD9,DA42,DIAMOND AIRCRAFT INDUSTRIES INC.,DA 42,9f9664a9ea49bdcd66c0a18bd1ba282e4323c9b3d976e406568ab0a85cb627ee,True,3
58220,12666,240926_ML.npy,2026-09-24,2026-09-24 09:39:47.645954,7C7BD9,DA42,DIAMOND AIRCRAFT INDUSTRIES INC.,DA 42,d5e050c58da2c886019e4d91ef1cefc8a7f11bd17e7ea3a2ebc508e192b898da,True,1
58221,12667,240926_ML.npy,2026-09-24,2026-09-24 09:39:47.674731,7C7BD9,DA42,DIAMOND AIRCRAFT INDUSTRIES INC.,DA 42,ed05c86cf59ba621af4418ee7ca9fe020dd19e7c519e6a0ba23a13031f916d4f,True,5
58224,12670,240926_ML.npy,2026-09-24,2026-09-24 09:39:51.058694,7C7BD9,DA42,DIAMOND AIRCRAFT INDUSTRIES INC.,DA 42,27ea61b592c9943900f49abd3c545eacd64a68fbe7d060b7a1fc8847103f21d3,True,1
58228,12674,240926_ML.npy,2026-09-24,2026-09-24 09:39:53.778618,7C7BD9,DA42,DIAMOND AIRCRAFT INDUSTRIES INC.,DA 42,43f9b89de483951460e9e00488615bd8d10409885680a0a91b22096316d3d8d1,True,1
58230,12676,240926_ML.npy,2026-09-24,2026-09-24 09:39:56.604999,7C79B4,DA42,DIAMOND AIRCRAFT INDUSTRIES,DA 42,2e8d738c96f30381c5caae75fe4584691fb0ff956e4ccb824c3a360886ac0291,True,5
58231,12677,240926_ML.npy,2026-09-24,2026-09-24 09:39:56.608902,7C79B4,DA42,DIAMOND AIRCRAFT INDUSTRIES,DA 42,b01de4bab2287f2c3b833ea1b90e7c34e1438c964faa1bf35e0cc3b7d57603da,True,5
58232,12678,240926_ML.npy,2026-09-24,2026-09-24 09:39:59.040782,7C7BD9,DA42,DIAMOND AIRCRAFT INDUSTRIES INC.,DA 42,9fcdc49a45582a3a7e14b24ef5c6d424032d59728fe185ba9217d52d125fda95,True,5
58233,12679,240926_ML.npy,2026-09-24,2026-09-24 09:39:59.044698,7C7BD9,DA42,DIAMOND AIRCRAFT INDUSTRIES INC.,DA 42,02d8ff9e4675109ae891edafa6d5f2b746f6134cf3015a3543f8db96936537fc,True,3
58234,12680,240926_ML.npy,2026-09-24,2026-09-24 09:40:00.117012,7C79B4,DA42,DIAMOND AIRCRAFT INDUSTRIES,DA 42,c4b99031e24c20746f6fcead31f63d22cfba689e9985a54bd22974192e758fbe,True,2
58235,12681,240926_ML.npy,2026-09-24,2026-09-24 09:40:00.565793,7C79B4,DA42,DIAMOND AIRCRAFT INDUSTRIES,DA 42,784e0509da4808e83ca162cae792616fdfc7221ab3c95056796c134846a897e4,True,2
58243,12689,240926_ML.npy,2026-09-24,2026-09-24 09:40:08.613309,7C79B4,DA42,DIAMOND AIRCRAFT INDUSTRIES,DA 42,b050448a488e048955b17600b2198cdf186290ab235ac03b062308de0638a17a,True,2
58244,12690,240926_ML.npy,2026-09-24,2026-09-24 09:40:09.013113,7C79B4,DA42,DIAMOND AIRCRAFT INDUSTRIES,DA 42,b050448a488e048955b17600b2198cdf186290ab235ac03b062308de0638a17a,True,1
58250,12696,240926_ML.npy,2026-09-24,2026-09-24 09:40:13.385110,7C79B4,DA42,DIAMOND AIRCRAFT INDUSTRIES,DA 42,0067fe632151c1b2352ecb6cee09523680dbeb5cddf57892c43dab11507691b1,True,3
58251,12697,240926_ML.npy,2026-09-24,2026-09-24 09:40:13.951730,7C79B4,DA42,DIAMOND AIRCRAFT INDUSTRIES,DA 42,21a14981aaf92c015fa4659fa6efb3358c06b75400b254e03ac8ba220002195e,True,1
58254,12700,240926_ML.npy,2026-09-24,2026-09-24 09:40:18.766309,7C79B4,DA42,DIAMOND AIRCRAFT INDUSTRIES,DA 42,c4b99031e24c20746f6fcead31f63d22cfba689e9985a54bd22974192e758fbe,True,4
58255,12701,240926_ML.npy,2026-09-24,2026-09-24 09:40:18.855646,7C79B4,DA42,DIAMOND AIRCRAFT INDUSTRIES,DA 42,82e4e01e51eedc20584fbf0b4c4cc52f8f0f3b6851add3b529f8cf9ef3787cb5,True,3
58259,12705,240926_ML.npy,2026-09-24,2026-09-24 09:40:22.876586,7C79B4,DA42,DIAMOND AIRCRAFT INDUSTRIES,DA 42,7511a551bf3bfc88eeec73f704a8e68128125b14afbf8785cb8c1f0ab8b6ae78,True,2
58260,12706,240926_ML.npy,2026-09-24,2026-09-24 09:40:23.865787,7C79B4,DA42,DIAMOND AIRCRAFT INDUSTRIES,DA 42,e4710c7ee2b64ad00cc65a5b64599a6909fe2e586c74d645296ec6a8668af6a6,True,3
58262,12708,240926_ML.npy,2026-09-24,2026-09-24 09:40:28.555796,7C79B4,DA42,DIAMOND AIRCRAFT INDUSTRIES,DA 42,bf05692dbe47222471a39d3830789c0d608496e54a46b47d3c5aee29008abc20,True,4
58265,12711,240926_ML.npy,2026-09-24,2026-09-24 09:40:29.598025,7C79B4,DA42,DIAMOND AIRCRAFT INDUSTRIES,DA 42,75a14fb670277622e88a9c4aca810b96c83476eba741baa7b3ed15371be2ff83,True,4
58308,12754,240926_ML.npy,2026-09-24,2026-09-24 09:41:29.634028,7C7BD9,DA42,DIAMOND AIRCRAFT INDUSTRIES INC.,DA 42,ed05c86cf59ba621af4418ee7ca9fe020dd19e7c519e6a0ba23a13031f916d4f,True,1
58313,12759,240926_ML.npy,2026-09-24,2026-09-24 09:41:34.682020,7C7BD9,DA42,DIAMOND AIRCRAFT INDUSTRIES INC.,DA 42,ed05c86cf59ba621af4418ee7ca9fe020dd19e7c519e6a0ba23a13031f916d4f,True,2
58315,12761,240926_ML.npy,2026-09-24,2026-09-24 09:41:37.326772,7C7BD9,DA42,DIAMOND AIRCRAFT INDUSTRIES INC.,DA 42,c1df3c7f13d9e02a20459146fbb735b29f60924118829ada421a1919718bcda3,True,1
58319,12765,240926_ML.npy,2026-09-24,2026-09-24 09:41:43.978237,7C7BD9,DA42,DIAMOND AIRCRAFT INDUSTRIES INC.,DA 42,3a860b8b6ca0748d093ad2b08b67275f50af94793f85b49e9f8bd373e1e8b8e2,True,2
58326,12772,240926_ML.npy,2026-09-24,2026-09-24 09:41:48.670625,7C7BD9,DA42,DIAMOND AIRCRAFT INDUSTRIES INC.,DA 42,9f9664a9ea49bdcd66c0a18bd1ba282e4323c9b3d976e406568ab0a85cb627ee,True,2
58327,12773,240926_ML.npy,2026-09-24,2026-09-24 09:41:50.055435,7C7BD9,DA42,DIAMOND AIRCRAFT INDUSTRIES INC.,DA 42,7d34b9357739b6bd90568fe0028f539645eab672702f4f00b1e6bf5066812922,True,4
58330,12776,240926_ML.npy,2026-09-24,2026-09-24 09:41:52.409532,7C7BD9,DA42,DIAMOND AIRCRAFT INDUSTRIES INC.,DA 42,49d1d4a0b4b418cf86040a13165e13b4f4419fce1471132f3a36032eae059365,True,4
58331,12777,240926_ML.npy,2026-09-24,2026-09-24 09:41:52.415713,7C7BD9,DA42,DIAMOND AIRCRAFT INDUSTRIES INC.,DA 42,4636f523f29f758998081f910958e0fa25a4ee5cffb773545b5426937bea4f92,True,2
58333,12779,240926_ML.npy,2026-09-24,2026-09-24 09:41:59.275842,7C7BD9,DA42,DIAMOND AIRCRAFT INDUSTRIES INC.,DA 42,46ce2659dd72c95d4d87f8381c93ea4dc73ac7196904ae4a6d9d0d3a7102ecb3,True,1
58334,12780,240926_ML.npy,2026-09-24,2026-09-24 09:41:59.280440,7C7BD9,DA42,DIAMOND AIRCRAFT INDUSTRIES INC.,DA 42,18194419d761ce80c0efd4d55490d67247c8b1ac1d9f370f053d0ad66ae24ba3,True,3
58338,12784,240926_ML.npy,2026-09-24,2026-09-24 09:42:14.876376,7C7B60,DA40,DIAMOND AIRCRAFT INDUSTRIES INC.,DA 40,4158e89f0223fee4aa6b68c12f22e793b035c509bdd16ce9115121b46245443a,True,1
58342,12788,240926_ML.npy,2026-09-24,2026-09-24 09:42:22.201572,7C7B60,DA40,DIAMOND AIRCRAFT INDUSTRIES INC.,DA 40,cc5f00efa0698c5a9922c34cc9119a3d97d5bc60febfb27d845361caa5f634f7,True,5
58361,12807,240926_ML.npy,2026-09-24,2026-09-24 09:43:10.134482,7C79B4,DA42,DIAMOND AIRCRAFT INDUSTRIES,DA 42,76316d9ce0c021b10e5954246027599631c4df22a0a0bc0004dacdcf4ec7b1ba,True,5
58366,12812,240926_ML.npy,2026-09-24,2026-09-24 09:43:11.322547,7C79B4,DA42,DIAMOND AIRCRAFT INDUSTRIES,DA 42,c4b99031e24c20746f6fcead31f63d22cfba689e9985a54bd22974192e758fbe,True,1
58375,12821,240926_ML.npy,2026-09-24,2026-09-24 09:43:25.330217,7C7C41,DA40,DIAMOND AIRCRAFT INDUSTRIES INC.,DA 40,93d908f1817088fc1258ab474f0a8947bd8ccf990fa5d6316fb354522b309ec9,True,3
58380,12826,240926_ML.npy,2026-09-24,2026-09-24 09:43:31.463662,7C79B4,DA42,DIAMOND AIRCRAFT INDUSTRIES,DA 42,f45cb1b1d2c67db5319536f5b0227d830c1306099d29dbbc82c2eccc238b86f4,True,2
58384,12830,240926_ML.npy,2026-09-24,2026-09-24 09:43:32.593974,7C79B4,DA42,DIAMOND AIRCRAFT INDUSTRIES,DA 42,c4b99031e24c20746f6fcead31f63d22cfba689e9985a54bd22974192e758fbe,True,5
58387,12833,240926_ML.npy,2026-09-24,2026-09-24 09:43:35.716063,7C7C41,DA40,DIAMOND AIRCRAFT INDUSTRIES INC.,DA 40,2c0f216bcc31e790816221c9f3ac057aaa73fe9b8521ea5a60fa7f6af5215b92,True,1
58391,12837,240926_ML.npy,2026-09-24,2026-09-24 09:43:37.268381,7C79B4,DA42,DIAMOND AIRCRAFT INDUSTRIES,DA 42,21844399e538ff874383a6f8d9e0a2af083d88589e154200a9bdf40cbaa13675,True,2
58393,12839,240926_ML.npy,2026-09-24,2026-09-24 09:43:37.998819,7C7B60,DA40,DIAMOND AIRCRAFT INDUSTRIES INC.,DA 40,528efafa3fa4949ae5cbaad70080e73b3148362722215f4b4f130ac09d08e9d3,True,2
58399,12845,240926_ML.npy,2026-09-24,2026-09-24 09:43:43.805756,7C79B4,DA42,DIAMOND AIRCRAFT INDUSTRIES,DA 42,c4b99031e24c20746f6fcead31f63d22cfba689e9985a54bd22974192e758fbe,True,5
58401,12847,240926_ML.npy,2026-09-24,2026-09-24 09:43:47.202148,7C79B4,DA42,DIAMOND AIRCRAFT INDUSTRIES,DA 42,21844399e538ff874383a6f8d9e0a2af083d88589e154200a9bdf40cbaa13675,True,4
58404,12850,240926_ML.npy,2026-09-24,2026-09-24 09:43:50.949573,7C79B4,DA42,DIAMOND AIRCRAFT INDUSTRIES,DA 42,5f716a2b61021d93dda24d5cf5e5cbe2188d36de46daebfad536385601d9221a,True,4
58408,12854,240926_ML.npy,2026-09-24,2026-09-24 09:44:03.649531,7C79B4,DA42,DIAMOND AIRCRAFT INDUSTRIES,DA 42,338a56d94c7b74447a67f3b829bd71e80154c4f5a49595ce63f692a5f3119129,True,5
58412,12858,240926_ML.npy,2026-09-24,2026-09-24 09:44:05.009942,7C79B4,DA42,DIAMOND AIRCRAFT INDUSTRIES,DA 42,9d63521cf98b58e49cf3ad460f3af1810577b8749b254a6b4d3c2d07012437f4,True,5
58426,12872,240926_ML.npy,2026-09-24,2026-09-24 09:44:25.059672,7C7BD9,DA42,DIAMOND AIRCRAFT INDUSTRIES INC.,DA 42,d60fec998a590b57d2f10c793d900c11fc5766299d9376596ad18cadc7ae8719,True,5
58428,12874,240926_ML.npy,2026-09-24,2026-09-24 09:44:25.703239,7C79B4,DA42,DIAMOND AIRCRAFT INDUSTRIES,DA 42,ffe7228f60f24161b80fdfd0a8ab0c7612a900e4dab75976f0e632200f6f255d,True,2
58430,12876,240926_ML.npy,2026-09-24,2026-09-24 09:44:26.044275,7C79B4,DA42,DIAMOND AIRCRAFT INDUSTRIES,DA 42,c4b99031e24c20746f6fcead31f63d22cfba689e9985a54bd22974192e758fbe,True,5
58435,12881,240926_ML.npy,2026-09-24,2026-09-24 09:44:29.665935,7C79B4,DA42,DIAMOND AIRCRAFT INDUSTRIES,DA 42,906e16f8067897dde054da97421dc3d140bb18ae4431b0b7cfe05b6eb1189745,True,1
58441,12887,240926_ML.npy,2026-09-24,2026-09-24 09:44:46.907043,7C7BD9,DA42,DIAMOND AIRCRAFT INDUSTRIES INC.,DA 42,405a902b48d199a48c23a5232b0adb41c9952381325f828d0743c6866778e368,True,1
58442,12888,240926_ML.npy,2026-09-24,2026-09-24 09:45:00.620462,7C7BD9,DA42,DIAMOND AIRCRAFT INDUSTRIES INC.,DA 42,9f9664a9ea49bdcd66c0a18bd1ba282e4323c9b3d976e406568ab0a85cb627ee,True,4
58443,12889,240926_ML.npy,2026-09-24,2026-09-24 09:45:02.911814,7C7BD9,DA42,DIAMOND AIRCRAFT INDUSTRIES INC.,DA 42,ae2a284438e228a4cedb8f1424d122df72307c525772e981bd7f776c31a98f9d,True,5
58444,12890,240926_ML.npy,2026-09-24,2026-09-24 09:45:02.917685,7C7BD9,DA42,DIAMOND AIRCRAFT INDUSTRIES INC.,DA 42,7529762ace00e7da80a5fb6df5b963c0f1797914668d848b7d95e83dcccc79d9,True,4
58446,12892,240926_ML.npy,2026-09-24,2026-09-24 09:45:07.633908,7C7BD9,DA42,DIAMOND AIRCRAFT INDUSTRIES INC.,DA 42,6a7a9365172bfc6cb4864f9ab175cfbf69033d59215eb95fc631e00857271adb,True,1
58448,12894,240926_ML.npy,2026-09-24,2026-09-24 09:45:09.050929,7C7BD9,DA42,DIAMOND AIRCRAFT INDUSTRIES INC.,DA 42,53aa495f5206e6caa18a1c13e4a2bec1344a3627aa7eb14d512c1d3d783aee8f,True,4
58449,12895,240926_ML.npy,2026-09-24,2026-09-24 09:45:13.044572,7C7BD9,DA42,DIAMOND AIRCRAFT INDUSTRIES INC.,DA 42,9f9664a9ea49bdcd66c0a18bd1ba282e4323c9b3d976e406568ab0a85cb627ee,True,5
58450,12896,240926_ML.npy,2026-09-24,2026-09-24 09:45:13.065950,7C7BD9,DA42,DIAMOND AIRCRAFT INDUSTRIES INC.,DA 42,42a981d8585a23c14896abcc9b1cecfc7d9b65745076220b4b73d68f0fa0792a,True,1
58451,12897,240926_ML.npy,2026-09-24,2026-09-24 09:45:16.731273,7C79B4,DA42,DIAMOND AIRCRAFT INDUSTRIES,DA 42,21b9c97aaeb655a5c709203785c7c9acc9dd5a06d5306542d0a3e6e0e8ea4348,True,2
58454,12900,240926_ML.npy,2026-09-24,2026-09-24 09:45:20.512417,7C7BD9,DA42,DIAMOND AIRCRAFT INDUSTRIES INC.,DA 42,c764a9f14ebc638d90f5df8771c7d8a7579367cf2078452248322e47c46b5f8d,True,1
58456,12902,240926_ML.npy,2026-09-24,2026-09-24 09:45:22.903929,7C79B4,DA42,DIAMOND AIRCRAFT INDUSTRIES,DA 42,76316d9ce0c021b10e5954246027599631c4df22a0a0bc0004dacdcf4ec7b1ba,True,1
58458,12904,240926_ML.npy,2026-09-24,2026-09-24 09:45:32.769315,7C7BD9,DA42,DIAMOND AIRCRAFT INDUSTRIES INC.,DA 42,325c01e0808442185507adc57a05ca56ba3fc12c1ac7fe9a21ecd53967daf24e,True,4
58464,12910,240926_ML.npy,2026-09-24,2026-09-24 09:45:41.213345,7C79B4,DA42,DIAMOND AIRCRAFT INDUSTRIES,DA 42,e28ae3845cf6411d0d3980bc22a6ffe16a68c64524777fddbb0f9e957208eba3,True,2
58466,12912,240926_ML.npy,2026-09-24,2026-09-24 09:45:44.029093,7C79B4,DA42,DIAMOND AIRCRAFT INDUSTRIES,DA 42,80090aa521432a024b43a445cd0eaf0818535865c12d1414c4684a5754a3dab1,True,4
58470,12916,240926_ML.npy,2026-09-24,2026-09-24 09:45:51.851781,7C79B4,DA42,DIAMOND AIRCRAFT INDUSTRIES,DA 42,51b4d0df5b4e353ef1bf4d550e5eb87137c132939c681a5efb933fcba4e68f97,True,4
58471,12917,240926_ML.npy,2026-09-24,2026-09-24 09:45:52.397420,7C79B4,DA42,DIAMOND AIRCRAFT INDUSTRIES,DA 42,2a8792ff6fd2ed0b7238bced4ff1a62821ce3ae5f19038f950bcdcc8ff5072a0,True,2
58477,12923,240926_ML.npy,2026-09-24,2026-09-24 09:45:58.955245,7C79B4,DA42,DIAMOND AIRCRAFT INDUSTRIES,DA 42,b40abf64fb7b107158fc6bdcaeeb0c8d205d2d6695a4f3d16fbe4684e544f581,True,1
58478,12924,240926_ML.npy,2026-09-24,2026-09-24 09:45:59.847347,7C79B4,DA42,DIAMOND AIRCRAFT INDUSTRIES,DA 42,279902c020eca0567c30c6d5d030a7a5876a325b020f096f2c38d9f9ec6bc123,True,5
58480,12926,240926_ML.npy,2026-09-24,2026-09-24 09:46:00.746817,7C79B4,DA42,DIAMOND AIRCRAFT INDUSTRIES,DA 42,4295d91d82f3eec03e65d0e589e00bffe44f36706ffdaaf3a0352d123867ba09,True,5
58481,12927,240926_ML.npy,2026-09-24,2026-09-24 09:46:00.754053,7C79B4,DA42,DIAMOND AIRCRAFT INDUSTRIES,DA 42,8b1f8e793b4a4ca0a000a703a1602e387784ac82f0380d6c8e1cd1836eeddf52,True,1
58482,12928,240926_ML.npy,2026-09-24,2026-09-24 09:46:01.859442,7C79B4,DA42,DIAMOND AIRCRAFT INDUSTRIES,DA 42,c4b99031e24c20746f6fcead31f63d22cfba689e9985a54bd22974192e758fbe,True,1
58483,12929,240926_ML.npy,2026-09-24,2026-09-24 09:46:08.021445,7C79B4,DA42,DIAMOND AIRCRAFT INDUSTRIES,DA 42,c4b99031e24c20746f6fcead31f63d22cfba689e9985a54bd22974192e758fbe,True,1
58484,12930,240926_ML.npy,2026-09-24,2026-09-24 09:46:09.191163,7C79B4,DA42,DIAMOND AIRCRAFT INDUSTRIES,DA 42,241fc0332817ca9e91a52d72d228bc49d8c29ca2022dd5279f2be3f946101aa7,True,1
58485,12931,240926_ML.npy,2026-09-24,2026-09-24 09:46:09.197588,7C79B4,DA42,DIAMOND AIRCRAFT INDUSTRIES,DA 42,47a67a9365a9e452fa9de8c643df8dabe003c374908a568c11989a1659baeae3,True,2
58486,12932,240926_ML.npy,2026-09-24,2026-09-24 09:46:09.779663,7C79B4,DA42,DIAMOND AIRCRAFT INDUSTRIES,DA 42,fc7fbcc4b8c80b9ac2f20e9003a17a1a887620cafdfff9e930e7050e5cebb73d,True,3
58487,12933,240926_ML.npy,2026-09-24,2026-09-24 09:46:10.338135,7C79B4,DA42,DIAMOND AIRCRAFT INDUSTRIES,DA 42,d0349faea553a1666e82faa4cf78c09ecbad9f066842ccc735d6e364477c74cc,True,1
58490,12936,240926_ML.npy,2026-09-24,2026-09-24 09:46:45.064862,7C7C41,DA40,DIAMOND AIRCRAFT INDUSTRIES INC.,DA 40,f7b338876168e7c76edb856eb05bb4b557d9b54ad1378b110a49bee3d325006e,True,2
58496,12942,240926_ML.npy,2026-09-24,2026-09-24 09:46:58.946145,7C7BD9,DA42,DIAMOND AIRCRAFT INDUSTRIES INC.,DA 42,41c3a9fd6799caa854997555caaa65f7b3f5dad3eab58d23948505fdaf845d0c,True,3
58497,12943,240926_ML.npy,2026-09-24,2026-09-24 09:47:01.757539,7C7BD9,DA42,DIAMOND AIRCRAFT INDUSTRIES INC.,DA 42,ed05c86cf59ba621af4418ee7ca9fe020dd19e7c519e6a0ba23a13031f916d4f,True,4
58499,12945,240926_ML.npy,2026-09-24,2026-09-24 09:47:03.730204,7C7BD9,DA42,DIAMOND AIRCRAFT INDUSTRIES INC.,DA 42,7cb0ba731deadfd611101b730839140da36b0913c693c66e6b7a9ac8abe607fc,True,5
58504,12950,240926_ML.npy,2026-09-24,2026-09-24 09:47:05.158323,7C7BD9,DA42,DIAMOND AIRCRAFT INDUSTRIES INC.,DA 42,e51107161a3b498593978c6e25b825573c39fec0a15de612d47be9df7d162e74,True,3
58509,12955,240926_ML.npy,2026-09-24,2026-09-24 09:47:09.888383,7C7BD9,DA42,DIAMOND AIRCRAFT INDUSTRIES INC.,DA 42,3c6be7bae16c1d275a83cc9132b77fcbb9ef4086a928e6a215d5a78bbed5a6d9,True,5
58510,12956,240926_ML.npy,2026-09-24,2026-09-24 09:47:09.894236,7C7BD9,DA42,DIAMOND AIRCRAFT INDUSTRIES INC.,DA 42,4793b1e25797b924f6b0f28f9de35907cfe0a2d125621d9cefc4cfdd2caa7d83,True,4
58511,12957,240926_ML.npy,2026-09-24,2026-09-24 09:47:10.916608,7C7C41,DA40,DIAMOND AIRCRAFT INDUSTRIES INC.,DA 40,830ea20b0b805b2a9ac3c33b0e7e9ebb810e88758a328f56a21aeb92db265f2f,True,3
58512,12958,240926_ML.npy,2026-09-24,2026-09-24 09:47:14.351396,7C7BD9,DA42,DIAMOND AIRCRAFT INDUSTRIES INC.,DA 42,9f9664a9ea49bdcd66c0a18bd1ba282e4323c9b3d976e406568ab0a85cb627ee,True,4
58514,12960,240926_ML.npy,2026-09-24,2026-09-24 09:47:16.966316,7C7BD9,DA42,DIAMOND AIRCRAFT INDUSTRIES INC.,DA 42,ed05c86cf59ba621af4418ee7ca9fe020dd19e7c519e6a0ba23a13031f916d4f,True,2
58518,12964,240926_ML.npy,2026-09-24,2026-09-24 09:47:18.571454,7C7BD9,DA42,DIAMOND AIRCRAFT INDUSTRIES INC.,DA 42,071f623ddc34a48475ecef03e8339c047aad6300c7a985628778df48deed9636,True,3
58519,12965,240926_ML.npy,2026-09-24,2026-09-24 09:47:19.339578,7C7BD9,DA42,DIAMOND AIRCRAFT INDUSTRIES INC.,DA 42,9f9664a9ea49bdcd66c0a18bd1ba282e4323c9b3d976e406568ab0a85cb627ee,True,4
58521,12967,240926_ML.npy,2026-09-24,2026-09-24 09:47:21.999430,7C7BD9,DA42,DIAMOND AIRCRAFT INDUSTRIES INC.,DA 42,ed05c86cf59ba621af4418ee7ca9fe020dd19e7c519e6a0ba23a13031f916d4f,True,4
58553,12999,240926_ML.npy,2026-09-24,2026-09-24 09:48:50.012039,7C7C41,DA40,DIAMOND AIRCRAFT INDUSTRIES INC.,DA 40,5b1074a9ed0aa20bf6d75fcc3ca4ab036dbb2904cc3a249ca1cc530a4815b1cc,True,2
58561,13007,240926_ML.npy,2026-09-24,2026-09-24 09:48:58.222145,7C7C41,DA40,DIAMOND AIRCRAFT INDUSTRIES INC.,DA 40,851947a73cdb0e76bc1fc5caed7a1a82c9570b0655334cc477aeb45204be1fda,True,2
58570,13016,240926_ML.npy,2026-09-24,2026-09-24 09:49:08.680479,7C7C41,DA40,DIAMOND AIRCRAFT INDUSTRIES INC.,DA 40,b9eacfdff3e391e9b40a9f42db4ee43829f8a2af81d03100c6d1b42ea76294c4,True,2
58574,13020,240926_ML.npy,2026-09-24,2026-09-24 09:49:15.757269,7C7B60,DA40,DIAMOND AIRCRAFT INDUSTRIES INC.,DA 40,03d66e522c4309c942d2b1673d47fea4c8339bf403dec197fdb0eac7994dae55,True,5
58589,13035,240926_ML.npy,2026-09-24,2026-09-24 09:49:39.636818,7C7B60,DA40,DIAMOND AIRCRAFT INDUSTRIES INC.,DA 40,90758bd307c9244793b10e36ccd8eefa7969ba44addef119ee6e7aa8522ffbeb,True,1
58610,13056,240926_ML.npy,2026-09-24,2026-09-24 09:52:21.865326,7C7C41,DA40,DIAMOND AIRCRAFT INDUSTRIES INC.,DA 40,2c0f216bcc31e790816221c9f3ac057aaa73fe9b8521ea5a60fa7f6af5215b92,True,3
58614,13060,240926_ML.npy,2026-09-24,2026-09-24 09:52:38.800946,7C7C41,DA40,DIAMOND AIRCRAFT INDUSTRIES INC.,DA 40,93d908f1817088fc1258ab474f0a8947bd8ccf990fa5d6316fb354522b309ec9,True,1
58616,13062,240926_ML.npy,2026-09-24,2026-09-24 09:52:39.406023,7C7C41,DA40,DIAMOND AIRCRAFT INDUSTRIES INC.,DA 40,0fd06485922d72fbd354c31df7668453e9a7610abdc4e12bf5ac9b26a68cd2fd,True,5
58619,13065,240926_ML.npy,2026-09-24,2026-09-24 09:52:41.782172,7C7B60,DA40,DIAMOND AIRCRAFT INDUSTRIES INC.,DA 40,34b17c1bae460695b9acf6e52b110e9cd485dc12cddddb0411a09926a6d5b317,True,3
58636,13082,240926_ML.npy,2026-09-24,2026-09-24 09:53:24.515019,7C7B60,DA40,DIAMOND AIRCRAFT INDUSTRIES INC.,DA 40,c03c1bbe20fa3892a7738d3877e49d61f458c7dfcf7e2aaa1e376a23b0d297c5,True,2
58641,13087,240926_ML.npy,2026-09-24,2026-09-24 09:53:31.262545,7C7B60,DA40,DIAMOND AIRCRAFT INDUSTRIES INC.,DA 40,a715f01a0c1df87218aca7be8e503cf5f76f43e549ade68e6e767b88f465e8e3,True,3
58644,13090,240926_ML.npy,2026-09-24,2026-09-24 09:53:40.459450,7C7B60,DA40,DIAMOND AIRCRAFT INDUSTRIES INC.,DA 40,0a1b39b0718384a9502127933b30509ae76943045321722a23a2b85577cfec1e,True,5
58646,13092,240926_ML.npy,2026-09-24,2026-09-24 09:53:43.409192,7C7B60,DA40,DIAMOND AIRCRAFT INDUSTRIES INC.,DA 40,0af05b71db0159002dc20a35534da32a0e08dcdce89a8e15a6510338ae5935ac,True,3
58647,13093,240926_ML.npy,2026-09-24,2026-09-24 09:53:49.231696,7C7C41,DA40,DIAMOND AIRCRAFT INDUSTRIES INC.,DA 40,2c0f216bcc31e790816221c9f3ac057aaa73fe9b8521ea5a60fa7f6af5215b92,True,1
58653,13099,240926_ML.npy,2026-09-24,2026-09-24 09:54:03.871095,7C7C41,DA40,DIAMOND AIRCRAFT INDUSTRIES INC.,DA 40,5b1074a9ed0aa20bf6d75fcc3ca4ab036dbb2904cc3a249ca1cc530a4815b1cc,True,1
58658,13104,240926_ML.npy,2026-09-24,2026-09-24 09:54:07.541100,7C7C41,DA40,DIAMOND AIRCRAFT INDUSTRIES INC.,DA 40,93d908f1817088fc1258ab474f0a8947bd8ccf990fa5d6316fb354522b309ec9,True,5
58672,13118,240926_ML.npy,2026-09-24,2026-09-24 09:54:21.340394,7C7C41,DA40,DIAMOND AIRCRAFT INDUSTRIES INC.,DA 40,a6a9bc1298c38196555fc41ce4c0a85014dbf899e12a56bb86fb04a66b60e8cf,True,2
58677,13123,240926_ML.npy,2026-09-24,2026-09-24 09:54:28.364339,7C7C41,DA40,DIAMOND AIRCRAFT INDUSTRIES INC.,DA 40,4d0242c5e636f996b4661bf88e333bc259c7df7d9c1c5e108dc9f7d7ba0a38e9,True,2
58680,13126,240926_ML.npy,2026-09-24,2026-09-24 09:54:30.012927,7C7C41,DA40,DIAMOND AIRCRAFT INDUSTRIES INC.,DA 40,93d908f1817088fc1258ab474f0a8947bd8ccf990fa5d6316fb354522b309ec9,True,5
58709,13155,240926_ML.npy,2026-09-24,2026-09-24 09:55:55.932348,7C7B60,DA40,DIAMOND AIRCRAFT INDUSTRIES INC.,DA 40,cc5f00efa0698c5a9922c34cc9119a3d97d5bc60febfb27d845361caa5f634f7,True,1
58710,13156,240926_ML.npy,2026-09-24,2026-09-24 09:55:57.782000,7C7B60,DA40,DIAMOND AIRCRAFT INDUSTRIES INC.,DA 40,f136dc77867c6b898281cb570e13821ca910938f122680f40c9d4d94b94ef954,True,3
58711,13157,240926_ML.npy,2026-09-24,2026-09-24 09:55:58.181943,7C7B60,DA40,DIAMOND AIRCRAFT INDUSTRIES INC.,DA 40,0be4f268c88b4d9282c928648ca6c676665a0ce2fb4cd266638ad888cc3cb3f3,True,1
58712,13158,240926_ML.npy,2026-09-24,2026-09-24 09:55:58.202704,7C7B60,DA40,DIAMOND AIRCRAFT INDUSTRIES INC.,DA 40,b95d7bb811d0790809928fbcd900120dd74e9d0cc9324dc5e851a339133e5502,True,3
58727,13173,240926_ML.npy,2026-09-24,2026-09-24 09:58:06.274201,7C7C41,DA40,DIAMOND AIRCRAFT INDUSTRIES INC.,DA 40,e79249b2faf5ac53f253d45eb0e4fd018ff0eb7956d0c98945d29b9a617cd743,True,2
58735,13181,240926_ML.npy,2026-09-24,2026-09-24 09:58:45.771037,7C7C41,DA40,DIAMOND AIRCRAFT INDUSTRIES INC.,DA 40,c96cbb09a5d1c11ad68429ace832c0b27bc325ff38031f37a60fee88e6440038,True,3
58753,13199,240926_ML.npy,2026-09-24,2026-09-24 09:59:18.524349,7C7B60,DA40,DIAMOND AIRCRAFT INDUSTRIES INC.,DA 40,58f2eaddc476b52112dd2be0b39996a62aa4c59b87d5246afa07fe630ad98da4,True,5
58757,13203,240926_ML.npy,2026-09-24,2026-09-24 09:59:23.855917,7C7B60,DA40,DIAMOND AIRCRAFT INDUSTRIES INC.,DA 40,b597e95eef98aa406ff8568f808b2b45d5beaca07cdb2adf0827406310c4db7e,True,4
58767,13213,240926_ML.npy,2026-09-24,2026-09-24 09:59:50.651745,7C7C41,DA40,DIAMOND AIRCRAFT INDUSTRIES INC.,DA 40,93d908f1817088fc1258ab474f0a8947bd8ccf990fa5d6316fb354522b309ec9,True,4
58771,13217,240926_ML.npy,2026-09-24,2026-09-24 09:59:59.442171,7C7C41,DA40,DIAMOND AIRCRAFT INDUSTRIES INC.,DA 40,93d908f1817088fc1258ab474f0a8947bd8ccf990fa5d6316fb354522b309ec9,True,5
58775,13221,240926_ML.npy,2026-09-24,2026-09-24 10:00:04.688060,7C7C41,DA40,DIAMOND AIRCRAFT INDUSTRIES INC.,DA 40,d00cfe6f2e8fa81397feeea1705d3c4ac84441dcfc1ef2518acc238f6397c273,True,4
58780,13226,240926_ML.npy,2026-09-24,2026-09-24 10:00:08.372911,7C7C41,DA40,DIAMOND AIRCRAFT INDUSTRIES INC.,DA 40,93d908f1817088fc1258ab474f0a8947bd8ccf990fa5d6316fb354522b309ec9,True,2
58789,13235,240926_ML.npy,2026-09-24,2026-09-24 10:00:14.595056,7C7C41,DA40,DIAMOND AIRCRAFT INDUSTRIES INC.,DA 40,b9eacfdff3e391e9b40a9f42db4ee43829f8a2af81d03100c6d1b42ea76294c4,True,1
58790,13236,240926_ML.npy,2026-09-24,2026-09-24 10:00:24.725391,7C7B60,DA40,DIAMOND AIRCRAFT INDUSTRIES INC.,DA 40,7618fe29f33b2f584edd5d9567c22ecb1df41c13c85023a68846c1b193b15cd4,True,3
58793,13239,240926_ML.npy,2026-09-24,2026-09-24 10:00:34.024437,7C7B60,DA40,DIAMOND AIRCRAFT INDUSTRIES INC.,DA 40,2c2b49c5cdde0be5ef4ff70d2a9f75323f3f74dc9206e958ca4acfb02b16de35,True,4
58799,13245,240926_ML.npy,2026-09-24,2026-09-24 10:00:46.485543,7C7B60,DA40,DIAMOND AIRCRAFT INDUSTRIES INC.,DA 40,bf130274aee780ce84b6210071f471fb52a7f6791b8ec86352baebb3deba4c7d,True,4
58809,13255,240926_ML.npy,2026-09-24,2026-09-24 10:01:02.493139,7C7B60,DA40,DIAMOND AIRCRAFT INDUSTRIES INC.,DA 40,63c13082cf30c87d2560bd659f69a9ba4ee2dc2da0d4e3cf3e35fd9553f27d92,True,1
58825,13271,240926_ML.npy,2026-09-24,2026-09-24 10:03:48.751551,7C7C41,DA40,DIAMOND AIRCRAFT INDUSTRIES INC.,DA 40,ef0b902a346e0f1f24f78611639632f03567cef8ae9db00c2634cac8ec6fb1ff,True,1
58862,13308,240926_ML.npy,2026-09-24,2026-09-24 10:08:59.757346,7C7C41,DA40,DIAMOND AIRCRAFT INDUSTRIES INC.,DA 40,28a6bb6546e029ba1ad73f33b77f5e8b05cbe759a8b615a31a1edb59bc50f62c,True,1
58869,13315,240926_ML.npy,2026-09-24,2026-09-24 10:09:21.151540,7C7C41,DA40,DIAMOND AIRCRAFT INDUSTRIES INC.,DA 40,3e98b88f54bea03760658209407aaacfaf839b9e6044eb73db8001ce8c2925eb,True,4
58879,13325,240926_ML.npy,2026-09-24,2026-09-24 10:10:52.281740,7C7C41,DA40,DIAMOND AIRCRAFT INDUSTRIES INC.,DA 40,c65d0be422e8d75dcceacf1ba85a595b29d08384b8c1bc4c7ef93472716980d8,True,2
58908,13354,240926_ML.npy,2026-09-24,2026-09-24 10:11:31.051032,7C7C41,DA40,DIAMOND AIRCRAFT INDUSTRIES INC.,DA 40,0cf8af00a512d146b51a3ace7789acb86c79f080843f31c602a48af1937a4e7e,True,3
58947,13393,240926_ML.npy,2026-09-24,2026-09-24 10:16:47.181038,7C7C41,DA40,DIAMOND AIRCRAFT INDUSTRIES INC.,DA 40,2c0f216bcc31e790816221c9f3ac057aaa73fe9b8521ea5a60fa7f6af5215b92,True,5
58949,13395,240926_ML.npy,2026-09-24,2026-09-24 10:16:49.687183,7C7C41,DA40,DIAMOND AIRCRAFT INDUSTRIES INC.,DA 40,851947a73cdb0e76bc1fc5caed7a1a82c9570b0655334cc477aeb45204be1fda,True,3
59006,13452,240926_ML.npy,2026-09-24,2026-09-24 10:22:33.472190,7C7C41,DA40,DIAMOND AIRCRAFT INDUSTRIES INC.,DA 40,a5afee1476e261b8669475749e6281f60fff81a194e435eebe5e30a6baaa48db,True,3
59010,13456,240926_ML.npy,2026-09-24,2026-09-24 10:22:54.866335,7C7B60,DA40,DIAMOND AIRCRAFT INDUSTRIES INC.,DA 40,ce2094130491b0c64b90cd7d013d98915eb0c8e9692b252f5b7ce4e425e9a61d,True,2
59023,13469,240926_ML.npy,2026-09-24,2026-09-24 10:23:54.858239,7C7B60,DA40,DIAMOND AIRCRAFT INDUSTRIES INC.,DA 40,36753964b43b5573d041ca8c8d4a5f34eb35ce5ee193c0cb0ebdd986b4654831,True,2
59029,13475,240926_ML.npy,2026-09-24,2026-09-24 10:24:11.182472,7C7B60,DA40,DIAMOND AIRCRAFT INDUSTRIES INC.,DA 40,4667804b15901ca2d76edd708c2eda8ecc0a93523f088ff99e2465daf0f08e11,True,2
59038,13484,240926_ML.npy,2026-09-24,2026-09-24 10:24:20.892231,7C7B60,DA40,DIAMOND AIRCRAFT INDUSTRIES INC.,DA 40,4158e89f0223fee4aa6b68c12f22e793b035c509bdd16ce9115121b46245443a,True,3
59045,13491,240926_ML.npy,2026-09-24,2026-09-24 10:25:41.991901,7C7C41,DA40,DIAMOND AIRCRAFT INDUSTRIES INC.,DA 40,deb33e9449fcf74be4163326c646200f5eec6a75ceb7cd5b99b1e8f64322445f,True,4
59054,13500,240926_ML.npy,2026-09-24,2026-09-24 10:26:04.601237,7C7C41,DA40,DIAMOND AIRCRAFT INDUSTRIES INC.,DA 40,5b1074a9ed0aa20bf6d75fcc3ca4ab036dbb2904cc3a249ca1cc530a4815b1cc,True,1
59067,13513,240926_ML.npy,2026-09-24,2026-09-24 10:27:24.037113,7C7C41,DA40,DIAMOND AIRCRAFT INDUSTRIES INC.,DA 40,26d668b0fc846672add56e4fe8282a34313fab0746983c122a7af28040f8f4ec,True,4
59091,13537,240926_ML.npy,2026-09-24,2026-09-24 10:27:46.304735,7C7B60,DA40,DIAMOND AIRCRAFT INDUSTRIES INC.,DA 40,ac19a6af3c5621a4ad22068d16b2710e238b8c0d4216f441c26b8d48eab6d3bc,True,4
59104,13550,240926_ML.npy,2026-09-24,2026-09-24 10:28:00.914131,7C7C41,DA40,DIAMOND AIRCRAFT INDUSTRIES INC.,DA 40,2c0f216bcc31e790816221c9f3ac057aaa73fe9b8521ea5a60fa7f6af5215b92,True,2
59116,13562,240926_ML.npy,2026-09-24,2026-09-24 10:29:25.155603,7C7B60,DA40,DIAMOND AIRCRAFT INDUSTRIES INC.,DA 40,0f08345d1f791d9372da9d0f00c92747b230b3935e82c1d72ccb21153c91af54,True,2
59125,13571,240926_ML.npy,2026-09-24,2026-09-24 10:29:39.964590,7C7B60,DA40,DIAMOND AIRCRAFT INDUSTRIES INC.,DA 40,1d0132f7c56383a1fb0ffdd895a8b4a2d0ada50f57d900f72245339b6aa93c23,True,5
59136,13582,240926_ML.npy,2026-09-24,2026-09-24 10:29:56.302085,7C7B60,DA40,DIAMOND AIRCRAFT INDUSTRIES INC.,DA 40,4d9f880f5348a99a8dbd45a876b4fb86a2278518f9b9f42780a3abb80615d0a3,True,1
59170,13616,240926_ML.npy,2026-09-24,2026-09-24 10:33:02.933139,7C7B60,DA40,DIAMOND AIRCRAFT INDUSTRIES INC.,DA 40,006644eb3c1a279339c52c0a2eb4885ddb6f9968ea4f6934e095be1dc59ae56f,True,4
59176,13622,240926_ML.npy,2026-09-24,2026-09-24 10:33:10.620798,7C7C41,DA40,DIAMOND AIRCRAFT INDUSTRIES INC.,DA 40,41f45317ad98e086299d842a6ed36dd6645f6710bda943e2cf05e2404ed14bdc,True,5
59193,13639,240926_ML.npy,2026-09-24,2026-09-24 10:33:26.110455,7C7C41,DA40,DIAMOND AIRCRAFT INDUSTRIES INC.,DA 40,a17e284bbd358fb94cc66e64cc3b2ce28de7ea831bd1ab2aa6c92df64435ac0a,True,5
59199,13645,240926_ML.npy,2026-09-24,2026-09-24 10:33:29.989482,7C7C41,DA40,DIAMOND AIRCRAFT INDUSTRIES INC.,DA 40,d20c29e2e833b871469b5baf1e21d81eb46b8623c99bc4bd1411bd2836121ecf,True,4
59246,13692,240926_ML.npy,2026-09-24,2026-09-24 10:35:01.304680,7C7B60,DA40,DIAMOND AIRCRAFT INDUSTRIES INC.,DA 40,6a9cb96afc48e86aa40c0b2ba0f9eeb4fa69e75f2711d0b3c61a5bee853bbf81,True,4
59247,13693,240926_ML.npy,2026-09-24,2026-09-24 10:35:01.484443,7C7B60,DA40,DIAMOND AIRCRAFT INDUSTRIES INC.,DA 40,50ae1c93bad86b0f43d8e9928e2322ac3b707fb9d3b9fef979574f788dfdc843,True,4
59249,13695,240926_ML.npy,2026-09-24,2026-09-24 10:35:06.534513,7C7B60,DA40,DIAMOND AIRCRAFT INDUSTRIES INC.,DA 40,3d858d04aa9f4658928be726043cbf682ac0dbdc6ccafefd990e8873f6d2e303,True,4
59252,13698,240926_ML.npy,2026-09-24,2026-09-24 10:35:09.555604,7C7B60,DA40,DIAMOND AIRCRAFT INDUSTRIES INC.,DA 40,1f31cf398627c94bfe8e2640e2304e2bc0bf58faf656a6c31bcbc28b2ab597fe,True,2
59263,13709,240926_ML.npy,2026-09-24,2026-09-24 10:35:20.359560,7C7B60,DA40,DIAMOND AIRCRAFT INDUSTRIES INC.,DA 40,87f07c49a52ec01429e9a9aa817fa9c560fca533e24284964ff53d0b95d15933,True,4
59272,13718,240926_ML.npy,2026-09-24,2026-09-24 10:37:07.573695,7C7C41,DA40,DIAMOND AIRCRAFT INDUSTRIES INC.,DA 40,352aa10cb6a819f75552f7e9910bed24d2b65e948f80583247fca697fb9fb5a0,True,5
59284,13730,240926_ML.npy,2026-09-24,2026-09-24 10:38:19.921055,7C7B60,DA40,DIAMOND AIRCRAFT INDUSTRIES INC.,DA 40,143f6e3b94f2f538c615a7fadb08fc26d0924fbf63d2fc139e702c4c0f7cd3b0,True,2
59290,13736,240926_ML.npy,2026-09-24,2026-09-24 10:38:28.940446,7C7B60,DA40,DIAMOND AIRCRAFT INDUSTRIES INC.,DA 40,ba12181f423ad4b365d3a96f2782ee80f1d91b34c3d3022ff360035951fbc18b,True,4
59294,13740,240926_ML.npy,2026-09-24,2026-09-24 10:38:37.498052,7C7C41,DA40,DIAMOND AIRCRAFT INDUSTRIES INC.,DA 40,93d908f1817088fc1258ab474f0a8947bd8ccf990fa5d6316fb354522b309ec9,True,4
59296,13742,240926_ML.npy,2026-09-24,2026-09-24 10:38:38.427405,7C7B60,DA40,DIAMOND AIRCRAFT INDUSTRIES INC.,DA 40,0aa7570015508b19f60d7296940daf77ec4dcb3849988e7ad5193971354ab0b9,True,4
59300,13746,240926_ML.npy,2026-09-24,2026-09-24 10:38:45.988366,7C7C41,DA40,DIAMOND AIRCRAFT INDUSTRIES INC.,DA 40,55e890ed693510ba83b859d183d9426f3c83847decfa8284f2ede41ed2578b4d,True,5
59307,13753,240926_ML.npy,2026-09-24,2026-09-24 10:38:58.710874,7C7C41,DA40,DIAMOND AIRCRAFT INDUSTRIES INC.,DA 40,93d908f1817088fc1258ab474f0a8947bd8ccf990fa5d6316fb354522b309ec9,True,5
59318,13764,240926_ML.npy,2026-09-24,2026-09-24 10:39:52.172195,7C6693,DA40,DIAMOND AIRCRAFT INDUSTRIES INC.,DA 40,3d63828dae909e615cf5df40ad5ba444510414cf22f8d9c6c4ccf7f1bda7b82f,True,3
59336,13782,240926_ML.npy,2026-09-24,2026-09-24 10:40:17.298999,7C6693,DA40,DIAMOND AIRCRAFT INDUSTRIES INC.,DA 40,04253daa00ca4a2c94a243aed559287b04f2fac84f71ed3f7ad687fbc05edac6,True,2
59345,13791,240926_ML.npy,2026-09-24,2026-09-24 10:40:31.445896,7C7B60,DA40,DIAMOND AIRCRAFT INDUSTRIES INC.,DA 40,fe952d1fd5b79e7b5779df4ecc888f42475085bafcffd2005264ece3a92795fb,True,1
59346,13792,240926_ML.npy,2026-09-24,2026-09-24 10:40:31.737842,7C7B60,DA40,DIAMOND AIRCRAFT INDUSTRIES INC.,DA 40,0b8dca93056eef21c5050d9083baa7f253c0a8c9d7d2d15d0b58ad4b2b21acb0,True,1
59349,13795,240926_ML.npy,2026-09-24,2026-09-24 10:40:36.781521,7C7B60,DA40,DIAMOND AIRCRAFT INDUSTRIES INC.,DA 40,0b8dca93056eef21c5050d9083baa7f253c0a8c9d7d2d15d0b58ad4b2b21acb0,True,1
59367,13813,240926_ML.npy,2026-09-24,2026-09-24 10:40:54.787822,7C7B60,DA40,DIAMOND AIRCRAFT INDUSTRIES INC.,DA 40,f0f99c4cdce3018f64ef6f9acfcd41fdf83a974162194d186c7fbb8548bb239c,True,4
59393,13839,240926_ML.npy,2026-09-24,2026-09-24 10:43:02.680655,7C6693,DA40,DIAMOND AIRCRAFT INDUSTRIES INC.,DA 40,b311440f897839a0b5d14e34e002a7b8966f7ff331a33669867ddf4a05c2b9cb,True,4
59394,13840,240926_ML.npy,2026-09-24,2026-09-24 10:43:04.066474,7C6693,DA40,DIAMOND AIRCRAFT INDUSTRIES INC.,DA 40,c1053f8c9beeb837573c6a91b72bb8e29d72d9bcd77f0629ca03c01d6f9af022,True,1
59405,13851,240926_ML.npy,2026-09-24,2026-09-24 10:46:42.839650,7C6693,DA40,DIAMOND AIRCRAFT INDUSTRIES INC.,DA 40,3d63828dae909e615cf5df40ad5ba444510414cf22f8d9c6c4ccf7f1bda7b82f,True,2
59421,13867,240926_ML.npy,2026-09-24,2026-09-24 10:48:32.144635,7C6693,DA40,DIAMOND AIRCRAFT INDUSTRIES INC.,DA 40,89ef3f34cc65f9af02d7b449458c372cff61c358aaf9a691e4bfb16504bd775d,True,3
59427,13873,240926_ML.npy,2026-09-24,2026-09-24 10:48:41.494212,7C6693,DA40,DIAMOND AIRCRAFT INDUSTRIES INC.,DA 40,346321d6deb32f31bc756ff0a0627261524e9180c44631392e9466587650c064,True,4
59432,13878,240926_ML.npy,2026-09-24,2026-09-24 10:48:47.661570,7C6693,DA40,DIAMOND AIRCRAFT INDUSTRIES INC.,DA 40,3d63828dae909e615cf5df40ad5ba444510414cf22f8d9c6c4ccf7f1bda7b82f,True,4
59450,13896,240926_ML.npy,2026-09-24,2026-09-24 10:52:29.332907,7C6693,DA40,DIAMOND AIRCRAFT INDUSTRIES INC.,DA 40,3f96a131eb93de7d27d0951528d65e4679c2ed7b47aed4814af5c1312f4d8def,True,2
59452,13898,240926_ML.npy,2026-09-24,2026-09-24 10:52:33.884444,7C6693,DA40,DIAMOND AIRCRAFT INDUSTRIES INC.,DA 40,761d7944b7f08680f83ac9fe8aa03e0575104dfd63310c86f4476fcbee437f9f,True,1
59456,13902,240926_ML.npy,2026-09-24,2026-09-24 10:54:06.426065,7C6693,DA40,DIAMOND AIRCRAFT INDUSTRIES INC.,DA 40,f3f9a3e90e1dce4b794d1ba12ff8fe38795d22539760fe98f7f1b7ac241061e3,True,3
59473,13919,240926_ML.npy,2026-09-24,2026-09-24 10:57:28.114132,7C6693,DA40,DIAMOND AIRCRAFT INDUSTRIES INC.,DA 40,d8f7b162cd6f9930bec78be68e72b997a01e046a423fb50d788cbb77067b53e1,True,2
59475,13921,240926_ML.npy,2026-09-24,2026-09-24 10:57:31.730061,7C6693,DA40,DIAMOND AIRCRAFT INDUSTRIES INC.,DA 40,fc7b70183cd1af1cf8c56745948bfba34ed9377168e2b0ba35801c07d81541b9,True,2
59499,13945,240926_ML.npy,2026-09-24,2026-09-24 10:59:25.964160,7C6693,DA40,DIAMOND AIRCRAFT INDUSTRIES INC.,DA 40,3ef3c265c427e7c0ae702c8b46446c23e76fcaac8d67046ff85e4330ab6d4b63,True,5
59508,13954,240926_ML.npy,2026-09-24,2026-09-24 10:59:44.740870,7C6693,DA40,DIAMOND AIRCRAFT INDUSTRIES INC.,DA 40,f3dd4e3d8bba014860f610ebf432da71d53babef44b121bd56522e56cdfba45e,True,1
59522,13968,240926_ML.npy,2026-09-24,2026-09-24 11:00:07.502337,7C6693,DA40,DIAMOND AIRCRAFT INDUSTRIES INC.,DA 40,20f624d9a6b50244b3ac00fbd777b6e61d88a684f1d9b219b0a2e323f3d4abf5,True,2
59524,13970,240926_ML.npy,2026-09-24,2026-09-24 11:19:01.594813,7C7B60,DA40,DIAMOND AIRCRAFT INDUSTRIES INC.,DA 40,c24d11ec902c4abbba5f834c3e8ba5995fb355ca39c865b09217f692c1af049a,True,3
59526,13972,240926_ML.npy,2026-09-24,2026-09-24 11:19:07.500701,7C7B60,DA40,DIAMOND AIRCRAFT INDUSTRIES INC.,DA 40,e3a0cf417c27599091f2cd753003d37b92bf953cf0ac2e57217ca9f525319e44,True,3
59532,13978,240926_ML.npy,2026-09-24,2026-09-24 11:19:36.745246,7C7B60,DA40,DIAMOND AIRCRAFT INDUSTRIES INC.,DA 40,cc5f00efa0698c5a9922c34cc9119a3d97d5bc60febfb27d845361caa5f634f7,True,1
59545,13991,240926_ML.npy,2026-09-24,2026-09-24 11:19:51.072144,7C7B60,DA40,DIAMOND AIRCRAFT INDUSTRIES INC.,DA 40,a851b775819c322642054273c014dc5ff92159b4b1dd4cb0bff8658ff95e1d31,True,3
59558,14004,240926_ML.npy,2026-09-24,2026-09-24 11:20:59.078655,7C7B60,DA40,DIAMOND AIRCRAFT INDUSTRIES INC.,DA 40,9e93d97ebaa8979776808e98e1dc71e33ab56122df371031cabef159c933c3b2,True,2
59584,14030,240926_ML.npy,2026-09-24,2026-09-24 11:24:06.105864,7C7B60,DA40,DIAMOND AIRCRAFT INDUSTRIES INC.,DA 40,aa99b5844e6b76a69692abe84945d4f5aee93e826a64b45b31aa77cc4aea0d52,True,4
59586,14032,240926_ML.npy,2026-09-24,2026-09-24 11:24:08.955692,7C7B60,DA40,DIAMOND AIRCRAFT INDUSTRIES INC.,DA 40,6b034712fb3e60534cb17180c554152f90d8bee126db1b810263243149baac7e,True,5
59587,14033,240926_ML.npy,2026-09-24,2026-09-24 11:24:12.569510,7C7B60,DA40,DIAMOND AIRCRAFT INDUSTRIES INC.,DA 40,930331c809ebbe51cf7ed45e3fc9aae03d346cf39b3c8567faeec6169c9e04f0,True,1
59595,14041,240926_ML.npy,2026-09-24,2026-09-24 11:24:33.096165,7C7B60,DA40,DIAMOND AIRCRAFT INDUSTRIES INC.,DA 40,cfd5f962ce84cdc81248ef07c75f8f51c6547666cdcfe5c005f462a311b7b7a4,True,3
59608,14054,240926_ML.npy,2026-09-24,2026-09-24 11:25:23.805112,7C7B60,DA40,DIAMOND AIRCRAFT INDUSTRIES INC.,DA 40,3da7e2e0cd751501524747720f1a105ea76d9d5b87bbb7af772ebaa114a426bb,True,5
59612,14058,240926_ML.npy,2026-09-24,2026-09-24 11:25:53.635453,7C7B60,DA40,DIAMOND AIRCRAFT INDUSTRIES INC.,DA 40,cc5f00efa0698c5a9922c34cc9119a3d97d5bc60febfb27d845361caa5f634f7,True,4
59635,14081,240926_ML.npy,2026-09-24,2026-09-24 11:26:22.079231,7C7B60,DA40,DIAMOND AIRCRAFT INDUSTRIES INC.,DA 40,a3269801b84182f3a2e95ef862effdd4181f1066be3d7e787b5c6caffe2c3134,True,5
59636,14082,240926_ML.npy,2026-09-24,2026-09-24 11:26:23.523818,7C6693,DA40,DIAMOND AIRCRAFT INDUSTRIES INC.,DA 40,c34afbd1d94ffd96c272534608dd8f2e4063fb1eb3c33099039aa04ca5becada,True,4
59639,14085,240926_ML.npy,2026-09-24,2026-09-24 11:26:25.237772,7C7B60,DA40,DIAMOND AIRCRAFT INDUSTRIES INC.,DA 40,f5c56c58e10bac603d6b398609a6a7e139adedd9b65495830f9eaa2b032579d2,True,4
59659,14105,240926_ML.npy,2026-09-24,2026-09-24 11:27:46.912794,7C6693,DA40,DIAMOND AIRCRAFT INDUSTRIES INC.,DA 40,99f8c49baaed4ccb12b881f6ca35172bddb6446c686e98d867c16b63304a54dd,True,2
59678,14124,240926_ML.npy,2026-09-24,2026-09-24 11:28:33.802951,7C6693,DA40,DIAMOND AIRCRAFT INDUSTRIES INC.,DA 40,ec42ba6e05d18c184328f0e5a974b683b02b3ebe15e431a927bfbfe94cf3f68b,True,5
59697,14143,240926_ML.npy,2026-09-24,2026-09-24 11:29:21.094390,7C7B60,DA40,DIAMOND AIRCRAFT INDUSTRIES INC.,DA 40,77f90fa2fc81e7898c36d6b045f38e6023d0b09be0bd195fc9ae8b2c4c9fd332,True,3
59701,14147,240926_ML.npy,2026-09-24,2026-09-24 11:29:38.559447,7C7B60,DA40,DIAMOND AIRCRAFT INDUSTRIES INC.,DA 40,b153bdf056cc0ee1b7997cac181a157963daa96f80ea8d1a6d8e1262347e709f,True,3
59704,14150,240926_ML.npy,2026-09-24,2026-09-24 11:29:41.699539,7C7B60,DA40,DIAMOND AIRCRAFT INDUSTRIES INC.,DA 40,81fc6ef115b80bad27e83d14152787844bb36787b369bd3128b450e3470d99b0,True,4
59708,14154,240926_ML.npy,2026-09-24,2026-09-24 11:29:59.170422,7C7B60,DA40,DIAMOND AIRCRAFT INDUSTRIES INC.,DA 40,d324317751dc035241310981e81656f33f7b9b28937ff8b27f5824582c9f17b5,True,5
59726,14172,240926_ML.npy,2026-09-24,2026-09-24 11:31:25.594840,7C7B60,DA40,DIAMOND AIRCRAFT INDUSTRIES INC.,DA 40,005c2c0ee18b5452e6a7e2cbbfbff4021fdedd814ed887abc1f1d0945895b538,True,5
59730,14176,240926_ML.npy,2026-09-24,2026-09-24 11:31:31.452441,7C7B60,DA40,DIAMOND AIRCRAFT INDUSTRIES INC.,DA 40,3466daa809b6da853ff21fd1ff461b41caf4b36196303b8d8207375279c453dd,True,4
59734,14180,240926_ML.npy,2026-09-24,2026-09-24 11:31:34.767701,7C7B60,DA40,DIAMOND AIRCRAFT INDUSTRIES INC.,DA 40,f9b5130c76bbea9c04b0b349aefdb29419dc2a77baa3de6adabc635b6c0b25e2,True,2
59743,14189,240926_ML.npy,2026-09-24,2026-09-24 11:31:44.677592,7C7B60,DA40,DIAMOND AIRCRAFT INDUSTRIES INC.,DA 40,6e90d1874f1800092f1c453cb2a519b16809914b7c5174a661f1a17b54ba0067,True,4
59744,14190,240926_ML.npy,2026-09-24,2026-09-24 11:31:47.759452,7C7B60,DA40,DIAMOND AIRCRAFT INDUSTRIES INC.,DA 40,1debd77aae26e196069366caa1f6855cd7f4d6a3a35812860c5e99b25b3542ff,True,5
59746,14192,240926_ML.npy,2026-09-24,2026-09-24 11:33:49.490726,7C0D65,DA42,DIAMOND AIRCRAFT INDUSTRIES INC.,DA 42,855b9d48dba5d8e390fe721d8e4b3c94e9d327d407ed37bdd718b2346261a44f,True,3
59747,14193,240926_ML.npy,2026-09-24,2026-09-24 11:33:50.516805,7C0D65,DA42,DIAMOND AIRCRAFT INDUSTRIES INC.,DA 42,92a1933c40dc980c75b5e07bdbbbd845864c5b7fdf791221144a2d5461ebee41,True,4
59750,14196,240926_ML.npy,2026-09-24,2026-09-24 11:33:56.227250,7C0D65,DA42,DIAMOND AIRCRAFT INDUSTRIES INC.,DA 42,407eb84fa806dda1c158f2530dfafb5da7b6d4438cacb756b9be9a334ac3dbe5,True,1
59751,14197,240926_ML.npy,2026-09-24,2026-09-24 11:33:58.082144,7C0D65,DA42,DIAMOND AIRCRAFT INDUSTRIES INC.,DA 42,5a1f006615ed390848d1aa290285354574c24a2842863f3c6ea1f2c17a815802,True,3
59753,14199,240926_ML.npy,2026-09-24,2026-09-24 11:34:01.940179,7C0D65,DA42,DIAMOND AIRCRAFT INDUSTRIES INC.,DA 42,6cfcf8ccb4343a6b59e055e5a48656a22f6e4f7b73e78f3be9ba256b39f9ce33,True,2
59754,14200,240926_ML.npy,2026-09-24,2026-09-24 11:34:02.380406,7C0D65,DA42,DIAMOND AIRCRAFT INDUSTRIES INC.,DA 42,01037af4a18e6662e144c0059b3c6478f52344aabe45df2c5e0fe718f62ad1bb,True,2
59756,14202,240926_ML.npy,2026-09-24,2026-09-24 11:34:04.382512,7C0D65,DA42,DIAMOND AIRCRAFT INDUSTRIES INC.,DA 42,5843c9152a69f11013d03fcf7500cbd26b286508f5408301e8eadd2c7def90c2,True,2
59760,14206,240926_ML.npy,2026-09-24,2026-09-24 11:34:09.005302,7C0D65,DA42,DIAMOND AIRCRAFT INDUSTRIES INC.,DA 42,5eddd0de447b599a49adfd4701f8f2db90c39230068055d654c52183b0a412d0,True,4
59761,14207,240926_ML.npy,2026-09-24,2026-09-24 11:34:09.580538,7C0D65,DA42,DIAMOND AIRCRAFT INDUSTRIES INC.,DA 42,f4f9167f9d25fc9279080d8f79f66254bbd716df8c1d6cccc9f3651ef287b938,True,2
59762,14208,240926_ML.npy,2026-09-24,2026-09-24 11:34:09.586853,7C0D65,DA42,DIAMOND AIRCRAFT INDUSTRIES INC.,DA 42,0518775c485ffb8c608a080a21653e9ca0bedda4db6563929cd7116e39b63b6d,True,5
59763,14209,240926_ML.npy,2026-09-24,2026-09-24 11:34:11.096885,7C0D65,DA42,DIAMOND AIRCRAFT INDUSTRIES INC.,DA 42,0e1b2badc87c3ea58c20800031c31ed9740cc07c4ce3fa8023867ab6bb0b05de,True,3
59764,14210,240926_ML.npy,2026-09-24,2026-09-24 11:34:13.038597,7C0D65,DA42,DIAMOND AIRCRAFT INDUSTRIES INC.,DA 42,5843c9152a69f11013d03fcf7500cbd26b286508f5408301e8eadd2c7def90c2,True,5
59768,14214,240926_ML.npy,2026-09-24,2026-09-24 11:34:16.040459,7C0D65,DA42,DIAMOND AIRCRAFT INDUSTRIES INC.,DA 42,57c48bbc6789afaa5d8563b94bb62edbfebe0417589cb6b80fd022e59c7dda6f,True,2
59771,14217,240926_ML.npy,2026-09-24,2026-09-24 11:34:24.337067,7C0D65,DA42,DIAMOND AIRCRAFT INDUSTRIES INC.,DA 42,5843c9152a69f11013d03fcf7500cbd26b286508f5408301e8eadd2c7def90c2,True,4
59772,14218,240926_ML.npy,2026-09-24,2026-09-24 11:34:24.603458,7C0D65,DA42,DIAMOND AIRCRAFT INDUSTRIES INC.,DA 42,9ce71b4e9517d6f55e5f80be2ba1539bd5c7ad49c264eeae3774e4f7681c827e,True,2
59774,14220,240926_ML.npy,2026-09-24,2026-09-24 11:34:27.936971,7C7B60,DA40,DIAMOND AIRCRAFT INDUSTRIES INC.,DA 40,18f38059662f9f4a8870ff9add2d7374e58d7c31444b10f9301c422667b32ea0,True,4
59775,14221,240926_ML.npy,2026-09-24,2026-09-24 11:34:28.336556,7C0D65,DA42,DIAMOND AIRCRAFT INDUSTRIES INC.,DA 42,ae8feb041bb37b8cd72d51e34fa7a0a2ee58d116074a32f23b0e93eba060d412,True,2
59792,14238,240926_ML.npy,2026-09-24,2026-09-24 11:35:41.735924,7C7B60,DA40,DIAMOND AIRCRAFT INDUSTRIES INC.,DA 40,a8ca55ced286d7916ae6a50ce589685d36fd2815ee7ee0ef84c9178e43e2aaff,True,5
59794,14240,240926_ML.npy,2026-09-24,2026-09-24 11:35:45.403919,7C0D65,DA42,DIAMOND AIRCRAFT INDUSTRIES INC.,DA 42,cb63b4566bcf798962479f24763402e330bb3340ef6b9138d5e13909eedf5b34,True,5
59797,14243,240926_ML.npy,2026-09-24,2026-09-24 11:36:00.282282,7C0D65,DA42,DIAMOND AIRCRAFT INDUSTRIES INC.,DA 42,dc88ddb527d91aec6ca29a597fc85254681b89180454c8a58fcca6f5df8a68c0,True,2
59798,14244,240926_ML.npy,2026-09-24,2026-09-24 11:36:00.286781,7C0D65,DA42,DIAMOND AIRCRAFT INDUSTRIES INC.,DA 42,b5b313f8397dd611517cb5958c2f71e616e14cc06266652abee1d7651135bfb6,True,1
59799,14245,240926_ML.npy,2026-09-24,2026-09-24 11:36:01.853492,7C0D65,DA42,DIAMOND AIRCRAFT INDUSTRIES INC.,DA 42,55297f3e9ad523e06db2eb65bdc335385481a2a873a3b60828b2a309771958a7,True,5
59800,14246,240926_ML.npy,2026-09-24,2026-09-24 11:36:05.560988,7C7B60,DA40,DIAMOND AIRCRAFT INDUSTRIES INC.,DA 40,c9194ba37a4bfab73135bce607214b39a063b7b554f20b1ac8c65ef1bbce01f2,True,1
59802,14248,240926_ML.npy,2026-09-24,2026-09-24 11:36:07.399844,7C0D65,DA42,DIAMOND AIRCRAFT INDUSTRIES INC.,DA 42,da81e9246144b3684b777f95c66d230cad0c42e610ebf4ed6ca919248d1b2c84,True,3
59805,14251,240926_ML.npy,2026-09-24,2026-09-24 11:36:10.218103,7C0D65,DA42,DIAMOND AIRCRAFT INDUSTRIES INC.,DA 42,060942bd1b7b088f3bd571cb7505e53ffbdf82595cc28530a68d01e51d59922f,True,5
59806,14252,240926_ML.npy,2026-09-24,2026-09-24 11:36:10.650438,7C0D65,DA42,DIAMOND AIRCRAFT INDUSTRIES INC.,DA 42,04b686c1dec303818333a823dea86669591a2b34efd8efd724eb57585ffe13ec,True,5
59808,14254,240926_ML.npy,2026-09-24,2026-09-24 11:36:11.274499,7C0D65,DA42,DIAMOND AIRCRAFT INDUSTRIES INC.,DA 42,43f5d956ab0551f02dbfb4a235f453cae4fac369267baf58c630ff5611bd0395,True,4
59810,14256,240926_ML.npy,2026-09-24,2026-09-24 11:36:11.772385,7C7B60,DA40,DIAMOND AIRCRAFT INDUSTRIES INC.,DA 40,528efafa3fa4949ae5cbaad70080e73b3148362722215f4b4f130ac09d08e9d3,True,4
59812,14258,240926_ML.npy,2026-09-24,2026-09-24 11:36:12.655078,7C0D65,DA42,DIAMOND AIRCRAFT INDUSTRIES INC.,DA 42,9fecb0b4fbbf3aa1b1f33df1f47c7946a4ff6c0c62106b6d86ede8d7fd8907f4,True,2
59813,14259,240926_ML.npy,2026-09-24,2026-09-24 11:36:12.664788,7C0D65,DA42,DIAMOND AIRCRAFT INDUSTRIES INC.,DA 42,1102c527d3ce52f0afe78fa63bd8623f2925ba25bf6c051fb84a1d2a8551493e,True,1
59815,14261,240926_ML.npy,2026-09-24,2026-09-24 11:36:13.224338,7C7B60,DA40,DIAMOND AIRCRAFT INDUSTRIES INC.,DA 40,263818cd0e85a6dd539046f3105bef5599ab0854308a8cafb01a19a887b7c0f8,True,5
59824,14270,240926_ML.npy,2026-09-24,2026-09-24 11:36:23.339931,7C0D65,DA42,DIAMOND AIRCRAFT INDUSTRIES INC.,DA 42,3835b9aeb75c9811f1da625afe362abe1af7498264211b4087cf75006c5ae1e3,True,1
59825,14271,240926_ML.npy,2026-09-24,2026-09-24 11:36:23.344421,7C0D65,DA42,DIAMOND AIRCRAFT INDUSTRIES INC.,DA 42,b22ab74c36e4aa706c0e92b36e9545b9a49305b3648aece164d10a2c23ac63d9,True,4
59827,14273,240926_ML.npy,2026-09-24,2026-09-24 11:36:27.912083,7C0D65,DA42,DIAMOND AIRCRAFT INDUSTRIES INC.,DA 42,b22ab74c36e4aa706c0e92b36e9545b9a49305b3648aece164d10a2c23ac63d9,True,2
59829,14275,240926_ML.npy,2026-09-24,2026-09-24 11:36:29.377205,7C7B60,DA40,DIAMOND AIRCRAFT INDUSTRIES INC.,DA 40,5ad4134215d939113ca8f207432963e23bbca363747bffc3b81b62f1bd281256,True,3
59835,14281,240926_ML.npy,2026-09-24,2026-09-24 11:36:38.368704,7C7B60,DA40,DIAMOND AIRCRAFT INDUSTRIES INC.,DA 40,965275868b0ee75eeeda38208ca0c898fd3198769df0bbef99ebdba2857fbd5d,True,5
59837,14283,240926_ML.npy,2026-09-24,2026-09-24 11:36:42.492305,7C7B60,DA40,DIAMOND AIRCRAFT INDUSTRIES INC.,DA 40,ce14faa8db0eeaf72fe873962aaacf1848b400f70502f9d764b38fcae94fe08a,True,2
59850,14296,240926_ML.npy,2026-09-24,2026-09-24 11:37:41.633382,7C0D65,DA42,DIAMOND AIRCRAFT INDUSTRIES INC.,DA 42,cb63b4566bcf798962479f24763402e330bb3340ef6b9138d5e13909eedf5b34,True,3
59852,14298,240926_ML.npy,2026-09-24,2026-09-24 11:37:49.581546,7C0D65,DA42,DIAMOND AIRCRAFT INDUSTRIES INC.,DA 42,85af8c5657eb9af5a67da7fcbcb0d0331b635bfcce961f9e042fdc352c08f5de,True,3
59853,14299,240926_ML.npy,2026-09-24,2026-09-24 11:37:49.588432,7C0D65,DA42,DIAMOND AIRCRAFT INDUSTRIES INC.,DA 42,4dd901f7000775809ae90ae88dd9fe56a97799169219e82683f268205fca2d24,True,1
59855,14301,240926_ML.npy,2026-09-24,2026-09-24 11:37:50.365383,7C0D65,DA42,DIAMOND AIRCRAFT INDUSTRIES INC.,DA 42,cb63b4566bcf798962479f24763402e330bb3340ef6b9138d5e13909eedf5b34,True,3
59857,14303,240926_ML.npy,2026-09-24,2026-09-24 11:37:52.670080,7C0D65,DA42,DIAMOND AIRCRAFT INDUSTRIES INC.,DA 42,6d455c4303c637053391b14d167af6c32beab7f296e209eb76a302026fb5486c,True,5
59858,14304,240926_ML.npy,2026-09-24,2026-09-24 11:37:53.259242,7C0D65,DA42,DIAMOND AIRCRAFT INDUSTRIES INC.,DA 42,cc7fdee07dfe5070ae979ff637aae2a64a9430ddebcdd7b83737cf173201ad51,True,4
59859,14305,240926_ML.npy,2026-09-24,2026-09-24 11:37:53.262804,7C0D65,DA42,DIAMOND AIRCRAFT INDUSTRIES INC.,DA 42,4f112e8e75c008e068d5a32f5e905e2bdc1ebe40d7ea3bc3d4b54e0c73a58d80,True,5
59861,14307,240926_ML.npy,2026-09-24,2026-09-24 11:37:54.749209,7C0D65,DA42,DIAMOND AIRCRAFT INDUSTRIES INC.,DA 42,6cbe5135f36b61942b47fcd55f0049194b966df7560f6a396fa7eeaa8b6ab050,True,2
59862,14308,240926_ML.npy,2026-09-24,2026-09-24 11:37:56.618735,7C0D65,DA42,DIAMOND AIRCRAFT INDUSTRIES INC.,DA 42,7ce1ded0e683c0fd42632fdc9f727b4313f1a34c2f47402f8355d114f5d7aaa2,True,3
59864,14310,240926_ML.npy,2026-09-24,2026-09-24 11:38:01.937640,7C0D65,DA42,DIAMOND AIRCRAFT INDUSTRIES INC.,DA 42,f539bd604282882876bbfd26f285e6e9dbdb60a4082725702c1d8228e5a2991b,True,5
59865,14311,240926_ML.npy,2026-09-24,2026-09-24 11:38:01.941573,7C0D65,DA42,DIAMOND AIRCRAFT INDUSTRIES INC.,DA 42,639ffbf848908fbf99d0476ca22f0b2d6c90cd3f6b862097573c37bfaeceda32,True,4
59870,14316,240926_ML.npy,2026-09-24,2026-09-24 11:38:07.516681,7C0D65,DA42,DIAMOND AIRCRAFT INDUSTRIES INC.,DA 42,5f2828a37874caa75018d1a2b7be09839172c2251a337cee3f447ffa1841fd53,True,4
59871,14317,240926_ML.npy,2026-09-24,2026-09-24 11:38:08.484928,7C0D65,DA42,DIAMOND AIRCRAFT INDUSTRIES INC.,DA 42,e46c7ea897989f48fd62b95cd0566fbbe46ca0c06fe200a36fb82eecb04a809f,True,3
59891,14337,240926_ML.npy,2026-09-24,2026-09-24 11:40:03.984904,7C7B60,DA40,DIAMOND AIRCRAFT INDUSTRIES INC.,DA 40,63c4eb4cb47e5580db093bf9bfcdc52f03289f538b5b4b0d717df289409f7b98,True,1
59894,14340,240926_ML.npy,2026-09-24,2026-09-24 11:40:09.028752,7C7B60,DA40,DIAMOND AIRCRAFT INDUSTRIES INC.,DA 40,5113f00a2955cbd8f10cc5ea5dc700b454c8d0fe6743e6f673e8da749aa3a638,True,3
59897,14343,240926_ML.npy,2026-09-24,2026-09-24 11:40:57.518072,7C7B60,DA40,DIAMOND AIRCRAFT INDUSTRIES INC.,DA 40,2ebf1c567c323b72ea4f337c0ae43f9ca25f72cc6d2e56c95c215447696e0727,True,1
59912,14358,240926_ML.npy,2026-09-24,2026-09-24 11:41:33.147554,7C7B60,DA40,DIAMOND AIRCRAFT INDUSTRIES INC.,DA 40,4ae141d353c131f617bff327bb0ce276d2687755591a9623a319977d3a5bc0ea,True,3
59918,14364,240926_ML.npy,2026-09-24,2026-09-24 11:41:44.901079,7C7B60,DA40,DIAMOND AIRCRAFT INDUSTRIES INC.,DA 40,a46e688e62dde9ba199d0af6a3d1d96cb4397bc88168f9d0dba837db2d4cf623,True,3
59928,14374,240926_ML.npy,2026-09-24,2026-09-24 11:44:29.890364,7C7B60,DA40,DIAMOND AIRCRAFT INDUSTRIES INC.,DA 40,cc5f00efa0698c5a9922c34cc9119a3d97d5bc60febfb27d845361caa5f634f7,True,3
59929,14375,240926_ML.npy,2026-09-24,2026-09-24 11:44:30.066472,7C7B60,DA40,DIAMOND AIRCRAFT INDUSTRIES INC.,DA 40,486fceecca18bc3d8a7292ef005ca8eddd51978070f6e0cef730efb5b1ddcb7f,True,5
59935,14381,240926_ML.npy,2026-09-24,2026-09-24 11:44:52.836630,7C7B60,DA40,DIAMOND AIRCRAFT INDUSTRIES INC.,DA 40,44ab79caf118f0b90e6b6b0384204ce2f5506e511ec3e6a50d18ae578ce147a8,True,4
59954,14400,240926_ML.npy,2026-09-24,2026-09-24 11:45:57.474442,7C7B60,DA40,DIAMOND AIRCRAFT INDUSTRIES INC.,DA 40,da43f74c5b8232c71bbb9b9df10815b12783f0c716cfee57b8b071ebf4150a1a,True,4
59955,14401,240926_ML.npy,2026-09-24,2026-09-24 11:45:58.914418,7C7B60,DA40,DIAMOND AIRCRAFT INDUSTRIES INC.,DA 40,cc5f00efa0698c5a9922c34cc9119a3d97d5bc60febfb27d845361caa5f634f7,True,4
59963,14409,240926_ML.npy,2026-09-24,2026-09-24 11:46:33.313770,7C7B60,DA40,DIAMOND AIRCRAFT INDUSTRIES INC.,DA 40,9c83fa6e5ab4ec180c34cf5b0f1d04ac1b9a900ae8c4ec418d72123f1a4f9a9b,True,4
59988,14434,240926_ML.npy,2026-09-24,2026-09-24 11:47:01.274311,7C7B60,DA40,DIAMOND AIRCRAFT INDUSTRIES INC.,DA 40,c3817641ddd287113654d1733f92656e24f2c5463fdfbaf819edf1bcb062e5d6,True,3
60014,14460,240926_ML.npy,2026-09-24,2026-09-24 11:51:33.245379,7C7B60,DA40,DIAMOND AIRCRAFT INDUSTRIES INC.,DA 40,572dcce2246ec7a4b6cee4ad996e27d0a9a265dcf8ae8e70256f0b9ca16b05bf,True,2
60033,14479,240926_ML.npy,2026-09-24,2026-09-24 11:52:04.939430,7C7B60,DA40,DIAMOND AIRCRAFT INDUSTRIES INC.,DA 40,dc336b4e84d69c6df9230c0d9f7a929596e8bad22eef4d8dff3533b13b990abb,True,3
60041,14487,240926_ML.npy,2026-09-24,2026-09-24 11:55:39.715389,7C6693,DA40,DIAMOND AIRCRAFT INDUSTRIES INC.,DA 40,4b443a3b3d7166ecbe68cdddeddf89a43040a23bc2f7cf0743a6e351811ef7b7,True,1
60043,14489,240926_ML.npy,2026-09-24,2026-09-24 11:56:05.684020,7C6693,DA40,DIAMOND AIRCRAFT INDUSTRIES INC.,DA 40,3d63828dae909e615cf5df40ad5ba444510414cf22f8d9c6c4ccf7f1bda7b82f,True,2
60045,14491,240926_ML.npy,2026-09-24,2026-09-24 11:56:49.276081,7C6693,DA40,DIAMOND AIRCRAFT INDUSTRIES INC.,DA 40,55f1b7cf462e89ca82a2209a1b564dcfe47a0557c59d9fd189f5783b8db8edf2,True,2
60048,14494,240926_ML.npy,2026-09-24,2026-09-24 11:56:51.859562,7C6693,DA40,DIAMOND AIRCRAFT INDUSTRIES INC.,DA 40,dca8912e5dc57b546fcc810ece2189fcc19aad1ea9102f175e2d5cb558ab336a,True,3
60251,14697,240926_ML.npy,2026-09-24,2026-09-24 21:19:17.614895,7C3CD4,P28A,PIPER AIRCRAFT CORP,PA-28-181,f93a55e81cfffbea2fda9fdade2d26788caa9a8591042e0140c7b86e483d4ae3,True,1
60252,14698,240926_ML.npy,2026-09-24,2026-09-24 21:19:18.387444,7C3CD4,P28A,PIPER AIRCRAFT CORP,PA-28-181,3d86802e84d94b82d9db1ec307eb688c97a7f0135f6d499b793d8953b2447214,True,3
60253,14699,240926_ML.npy,2026-09-24,2026-09-24 21:19:18.522584,7C3CD4,P28A,PIPER AIRCRAFT CORP,PA-28-181,cd83f60bc00b0297433c8512de1a890734172027ee86e30de6e3d5499f7a2b19,True,3
60254,14700,240926_ML.npy,2026-09-24,2026-09-24 21:19:21.645702,7C3CD4,P28A,PIPER AIRCRAFT CORP,PA-28-181,eb809f509762ff305d1b317bb937d97fb69ee5ea03d1b2254348c46afc0e1a4d,True,2
60255,14701,240926_ML.npy,2026-09-24,2026-09-24 21:19:25.953762,7C3CD4,P28A,PIPER AIRCRAFT CORP,PA-28-181,3d86802e84d94b82d9db1ec307eb688c97a7f0135f6d499b793d8953b2447214,True,2
60256,14702,240926_ML.npy,2026-09-24,2026-09-24 21:19:33.721530,7C3CD4,P28A,PIPER AIRCRAFT CORP,PA-28-181,11c07034ee62a3d0e913d06f35dfa4c6d1218b03189e118ed2b4f0fc678d5da0,True,5
60257,14703,240926_ML.npy,2026-09-24,2026-09-24 21:19:33.762953,7C3CD4,P28A,PIPER AIRCRAFT CORP,PA-28-181,f93a55e81cfffbea2fda9fdade2d26788caa9a8591042e0140c7b86e483d4ae3,True,1
60258,14704,240926_ML.npy,2026-09-24,2026-09-24 21:19:35.998758,7C3CD4,P28A,PIPER AIRCRAFT CORP,PA-28-181,3d86802e84d94b82d9db1ec307eb688c97a7f0135f6d499b793d8953b2447214,True,2
60259,14705,240926_ML.npy,2026-09-24,2026-09-24 21:19:37.880527,7C3CD4,P28A,PIPER AIRCRAFT CORP,PA-28-181,0646b277d7591b403ab0022c0b20ccfaab4e5f999900adcd1f86f3f34d0f7053,True,2
60260,14706,240926_ML.npy,2026-09-24,2026-09-24 21:19:37.886396,7C3CD4,P28A,PIPER AIRCRAFT CORP,PA-28-181,b45d391bed8d6c45282fdae93da0fd44244a0011a286f369cfe26ac3cd654744,True,3
60261,14707,240926_ML.npy,2026-09-24,2026-09-24 21:19:38.457983,7C3CD4,P28A,PIPER AIRCRAFT CORP,PA-28-181,d685fb82c73daccf34795e03b0df5a86ea696fe6975a282b96352cdb01c0e415,True,2
60262,14708,240926_ML.npy,2026-09-24,2026-09-24 21:19:38.580990,7C3CD4,P28A,PIPER AIRCRAFT CORP,PA-28-181,3d86802e84d94b82d9db1ec307eb688c97a7f0135f6d499b793d8953b2447214,True,5
60263,14709,240926_ML.npy,2026-09-24,2026-09-24 21:19:38.716917,7C3CD4,P28A,PIPER AIRCRAFT CORP,PA-28-181,f93a55e81cfffbea2fda9fdade2d26788caa9a8591042e0140c7b86e483d4ae3,True,4
60264,14710,240926_ML.npy,2026-09-24,2026-09-24 21:19:38.970833,7C3CD4,P28A,PIPER AIRCRAFT CORP,PA-28-181,f7e0f91f057d7c93e752c3b7ea242370bb1d90e9916e4e554ab6f4dab689776a,True,5
60265,14711,240926_ML.npy,2026-09-24,2026-09-24 21:19:38.977739,7C3CD4,P28A,PIPER AIRCRAFT CORP,PA-28-181,e2b9e9e615da63f6bf6ecfb41932b966dc931be4646b83e2f4a63b94df2dbc34,True,3
60266,14712,240926_ML.npy,2026-09-24,2026-09-24 21:19:40.576535,7C3CD4,P28A,PIPER AIRCRAFT CORP,PA-28-181,f8aba6d75c38bcad3618c57f3cc0166d24957e545ea0be9018150e50b7ac9020,True,3
60267,14713,240926_ML.npy,2026-09-24,2026-09-24 21:19:40.583404,7C3CD4,P28A,PIPER AIRCRAFT CORP,PA-28-181,0d3f4f9bae097efdf57c35142e8b8ebb61957c4dd35b543bffa5d616d942d0d8,True,3
60268,14714,240926_ML.npy,2026-09-24,2026-09-24 21:19:41.045137,7C3CD4,P28A,PIPER AIRCRAFT CORP,PA-28-181,3d86802e84d94b82d9db1ec307eb688c97a7f0135f6d499b793d8953b2447214,True,3
60269,14715,240926_ML.npy,2026-09-24,2026-09-24 21:19:41.666866,7C3CD4,P28A,PIPER AIRCRAFT CORP,PA-28-181,aa8eb5c18e38ca84b807f68b37b55a12b88a00060216397a0c12f3edecc5084f,True,4
60270,14716,240926_ML.npy,2026-09-24,2026-09-24 21:19:41.673900,7C3CD4,P28A,PIPER AIRCRAFT CORP,PA-28-181,57c8ebef1edd97dc8ca2f6ba2c74fae0aa4d46bd90e77bf7c368280fa5e8d1da,True,3
60271,14717,240926_ML.npy,2026-09-24,2026-09-24 21:19:43.192568,7C3CD4,P28A,PIPER AIRCRAFT CORP,PA-28-181,e75a911145caf62d873e613d2b54cf41ea6f7ce2f0aa41b04929e06c647d5c88,True,1
60272,14718,240926_ML.npy,2026-09-24,2026-09-24 21:19:45.528857,7C3CD4,P28A,PIPER AIRCRAFT CORP,PA-28-181,e5638629eeea215ad1aa1cb93378f8f099e2139f31b02b2e77c151b06a7e9b52,True,3
60273,14719,240926_ML.npy,2026-09-24,2026-09-24 21:19:45.535800,7C3CD4,P28A,PIPER AIRCRAFT CORP,PA-28-181,4847b0efa5830a399709cfe2109b91ab428eff39e500a4216c99bd75ff3fa696,True,4
60274,14720,240926_ML.npy,2026-09-24,2026-09-24 21:19:46.583165,7C3CD4,P28A,PIPER AIRCRAFT CORP,PA-28-181,e8814c69c9f82e5ddb069d9fe27d226d27f634b87e3772c78d0057c3523835b1,True,2
60275,14721,240926_ML.npy,2026-09-24,2026-09-24 21:19:48.503424,7C3CD4,P28A,PIPER AIRCRAFT CORP,PA-28-181,f93a55e81cfffbea2fda9fdade2d26788caa9a8591042e0140c7b86e483d4ae3,True,5
60276,14722,240926_ML.npy,2026-09-24,2026-09-24 21:19:49.551039,7C3CD4,P28A,PIPER AIRCRAFT CORP,PA-28-181,0f72ee3db0135d94afd14893d4ef696e0586f4cd91c1c65cde71d7da1457fd2b,True,3
60277,14723,240926_ML.npy,2026-09-24,2026-09-24 21:19:51.501933,7C3CD4,P28A,PIPER AIRCRAFT CORP,PA-28-181,d877490a8a17a234afafe7f05ab92e1c785e258a11135102a35d95dfe96cf1db,True,5
60278,14724,240926_ML.npy,2026-09-24,2026-09-24 21:19:51.507656,7C3CD4,P28A,PIPER AIRCRAFT CORP,PA-28-181,835d1569c85a61390cfd2ea9277e453ddcabf221f8b429ac20846c7e6b7fdbb3,True,1
60279,14725,240926_ML.npy,2026-09-24,2026-09-24 21:19:53.510176,7C3CD4,P28A,PIPER AIRCRAFT CORP,PA-28-181,f93a55e81cfffbea2fda9fdade2d26788caa9a8591042e0140c7b86e483d4ae3,True,3
60280,14726,240926_ML.npy,2026-09-24,2026-09-24 21:19:54.743282,7C3CD4,P28A,PIPER AIRCRAFT CORP,PA-28-181,f93a55e81cfffbea2fda9fdade2d26788caa9a8591042e0140c7b86e483d4ae3,True,5
60281,14727,240926_ML.npy,2026-09-24,2026-09-24 21:19:55.857955,7C3CD4,P28A,PIPER AIRCRAFT CORP,PA-28-181,8b2e856ba6b1499ffaf913929dc639cb00faceed6d9de0feb6ce1f9374551ac6,True,5
60282,14728,240926_ML.npy,2026-09-24,2026-09-24 21:19:56.086275,7C3CD4,P28A,PIPER AIRCRAFT CORP,PA-28-181,3d86802e84d94b82d9db1ec307eb688c97a7f0135f6d499b793d8953b2447214,True,4
60283,14729,240926_ML.npy,2026-09-24,2026-09-24 21:19:57.355157,7C3CD4,P28A,PIPER AIRCRAFT CORP,PA-28-181,5abd4943255a9cd71f4ec4bdeada6830df0595c961289dc229e4e0ad32dff856,True,1
60284,14730,240926_ML.npy,2026-09-24,2026-09-24 21:19:58.609007,7C3CD4,P28A,PIPER AIRCRAFT CORP,PA-28-181,11c07034ee62a3d0e913d06f35dfa4c6d1218b03189e118ed2b4f0fc678d5da0,True,2
60287,14733,240926_ML.npy,2026-09-24,2026-09-24 21:20:00.975031,7C3CD4,P28A,PIPER AIRCRAFT CORP,PA-28-181,f93a55e81cfffbea2fda9fdade2d26788caa9a8591042e0140c7b86e483d4ae3,True,5
60288,14734,240926_ML.npy,2026-09-24,2026-09-24 21:20:02.175868,7C3CD4,P28A,PIPER AIRCRAFT CORP,PA-28-181,f93a55e81cfffbea2fda9fdade2d26788caa9a8591042e0140c7b86e483d4ae3,True,4
60293,14739,240926_ML.npy,2026-09-24,2026-09-24 21:20:07.826873,7C3CD4,P28A,PIPER AIRCRAFT CORP,PA-28-181,2e38847e24e700ca0279f990db8874f93ab4e2d013d2edbdc24b2947b912cd54,True,3
60294,14740,240926_ML.npy,2026-09-24,2026-09-24 21:20:07.830397,7C3CD4,P28A,PIPER AIRCRAFT CORP,PA-28-181,cbe1ede1d12b2515a5dddbd923551b0d2c840d627893b73eb5dcfbb9b17539f1,True,1
60296,14742,240926_ML.npy,2026-09-24,2026-09-24 21:20:10.077284,7C3CD4,P28A,PIPER AIRCRAFT CORP,PA-28-181,bd3282435e30e184bc30c9c0c1eda3a5c5aae7f9dee75ec1832f15a3bc17b0bf,True,5
60297,14743,240926_ML.npy,2026-09-24,2026-09-24 21:20:10.082764,7C3CD4,P28A,PIPER AIRCRAFT CORP,PA-28-181,bcea06abee77036b4676958e635c34c3a789e6e8db64453a223c99da418fa32f,True,3
60298,14744,240926_ML.npy,2026-09-24,2026-09-24 21:20:11.028219,7C3CD4,P28A,PIPER AIRCRAFT CORP,PA-28-181,8b2e856ba6b1499ffaf913929dc639cb00faceed6d9de0feb6ce1f9374551ac6,True,3
60299,14745,240926_ML.npy,2026-09-24,2026-09-24 21:20:12.171796,7C3CD4,P28A,PIPER AIRCRAFT CORP,PA-28-181,f93a55e81cfffbea2fda9fdade2d26788caa9a8591042e0140c7b86e483d4ae3,True,3
60301,14747,240926_ML.npy,2026-09-24,2026-09-24 21:20:13.373608,7C3CD4,P28A,PIPER AIRCRAFT CORP,PA-28-181,3d86802e84d94b82d9db1ec307eb688c97a7f0135f6d499b793d8953b2447214,True,5
60302,14748,240926_ML.npy,2026-09-24,2026-09-24 21:20:13.433576,7C3CD4,P28A,PIPER AIRCRAFT CORP,PA-28-181,f93a55e81cfffbea2fda9fdade2d26788caa9a8591042e0140c7b86e483d4ae3,True,1
60304,14750,240926_ML.npy,2026-09-24,2026-09-24 21:20:13.712103,7C3CD4,P28A,PIPER AIRCRAFT CORP,PA-28-181,11c07034ee62a3d0e913d06f35dfa4c6d1218b03189e118ed2b4f0fc678d5da0,True,3
60306,14752,240926_ML.npy,2026-09-24,2026-09-24 21:20:15.895802,7C3CD4,P28A,PIPER AIRCRAFT CORP,PA-28-181,3d86802e84d94b82d9db1ec307eb688c97a7f0135f6d499b793d8953b2447214,True,4
60307,14753,240926_ML.npy,2026-09-24,2026-09-24 21:20:16.159223,7C3CD4,P28A,PIPER AIRCRAFT CORP,PA-28-181,8b2e856ba6b1499ffaf913929dc639cb00faceed6d9de0feb6ce1f9374551ac6,True,4
60311,14757,240926_ML.npy,2026-09-24,2026-09-24 21:20:20.224897,7C3CD4,P28A,PIPER AIRCRAFT CORP,PA-28-181,51831432c1a0c7d053d8abb9e2cce290f756be65db2429d92c0ad3abb6e74ebd,True,3
60312,14758,240926_ML.npy,2026-09-24,2026-09-24 21:20:21.257778,7C3CD4,P28A,PIPER AIRCRAFT CORP,PA-28-181,8b2e856ba6b1499ffaf913929dc639cb00faceed6d9de0feb6ce1f9374551ac6,True,5
60316,14762,240926_ML.npy,2026-09-24,2026-09-24 21:20:22.687376,7C3CD4,P28A,PIPER AIRCRAFT CORP,PA-28-181,b242a1192cbe98a1e379ab1ccbf7d37aa3ba162eca041dedacf39aa90b2d23fc,True,3
60319,14765,240926_ML.npy,2026-09-24,2026-09-24 21:20:23.149452,7C3CD4,P28A,PIPER AIRCRAFT CORP,PA-28-181,f5991765301b0e3d98d4fe81e9c9f119077215528959980a071c50f9d97822c8,True,5
60320,14766,240926_ML.npy,2026-09-24,2026-09-24 21:20:23.305998,7C3CD4,P28A,PIPER AIRCRAFT CORP,PA-28-181,3d86802e84d94b82d9db1ec307eb688c97a7f0135f6d499b793d8953b2447214,True,1
60326,14772,240926_ML.npy,2026-09-24,2026-09-24 21:20:29.236847,7C3CD4,P28A,PIPER AIRCRAFT CORP,PA-28-181,3eb151468160402ea2a2401c4f94b58f9c53f95bf0d33a7a929ddc0f851c9ac4,True,1
60327,14773,240926_ML.npy,2026-09-24,2026-09-24 21:20:29.245633,7C3CD4,P28A,PIPER AIRCRAFT CORP,PA-28-181,66a36de468a7ee31a0964d6f84ee6235dc7717d58f04065e2df470bb7eca1d37,True,5
60332,14778,240926_ML.npy,2026-09-24,2026-09-24 21:20:33.748289,7C3CD4,P28A,PIPER AIRCRAFT CORP,PA-28-181,78949ced0b3ccfb99168c5834de6872e9211544f15d66c66ffd4e4b6e0df7aa9,True,1
60336,14782,240926_ML.npy,2026-09-24,2026-09-24 21:20:35.636539,7C3CD4,P28A,PIPER AIRCRAFT CORP,PA-28-181,a65fe958ed4080d6a3c4a8fca143007893ee48d3774a690c27470fbf540c94d9,True,3
60337,14783,240926_ML.npy,2026-09-24,2026-09-24 21:20:35.719279,7C3CD4,P28A,PIPER AIRCRAFT CORP,PA-28-181,3d86802e84d94b82d9db1ec307eb688c97a7f0135f6d499b793d8953b2447214,True,1
60355,14801,240926_ML.npy,2026-09-24,2026-09-24 21:29:07.887047,7C7B65,DA40,DIAMOND AIRCRAFT INDUSTRIES INC.,DA 40,56b259f18857b762e3c91502e0925e6456714976b89e6fe4ba9ee02e412b7efe,True,2
60368,14814,240926_ML.npy,2026-09-24,2026-09-24 21:29:26.152123,7C7B65,DA40,DIAMOND AIRCRAFT INDUSTRIES INC.,DA 40,ec814579d856ff8399c635f916a3fa5ccc64dd0e9c2034a5e55639a81284d301,True,3
60370,14816,240926_ML.npy,2026-09-24,2026-09-24 21:29:30.221425,7C7B65,DA40,DIAMOND AIRCRAFT INDUSTRIES INC.,DA 40,420c5eabfb53c441081a10fb23c67d8d4b5998aac8d41b97667bd32d04c36173,True,5
60371,14817,240926_ML.npy,2026-09-24,2026-09-24 21:29:31.579493,7C7B65,DA40,DIAMOND AIRCRAFT INDUSTRIES INC.,DA 40,9bf25b355741ce3ab8a5857c632e6a2427122eea17e1bc80905aa8cd5762fee5,True,5
60409,14855,240926_ML.npy,2026-09-24,2026-09-24 21:52:21.726415,7C582C,DA40,DIAMOND AIRCRAFT INDUSTRIES INC.,DA 40,427e536761852e8d86811283f80e9838bd5252f11e502566df6f57386d66c3ec,True,2
60458,14904,240926_ML.npy,2026-09-24,2026-09-24 21:54:19.577285,7C6693,DA40,DIAMOND AIRCRAFT INDUSTRIES INC.,DA 40,232c6f4e8004a1e93e85f2a0f826860194375a2707c0f4b9a8fba225c11faff8,True,4
60488,14934,240926_ML.npy,2026-09-24,2026-09-24 21:55:05.950193,7C6693,DA40,DIAMOND AIRCRAFT INDUSTRIES INC.,DA 40,1e8c6102eac95766c993a7edb13a23341fcb2b980082e99247b752e84d19d3f3,True,1
60503,14949,240926_ML.npy,2026-09-24,2026-09-24 21:58:24.502681,7C1697,DA40,DIAMOND AIRCRAFT INDUSTRIES INC.,DA 40,e4face677b91a46fb92392da9d408bd021d76ab3c0203498550a37ea44ee173c,True,5
60504,14950,240926_ML.npy,2026-09-24,2026-09-24 21:58:25.522948,7C1697,DA40,DIAMOND AIRCRAFT INDUSTRIES INC.,DA 40,b1acb8f926794a3f774da17631e012d0beeb1faa3a91d84c891d7708e9b8ca03,True,5
60531,14977,240926_ML.npy,2026-09-24,2026-09-24 22:01:35.959445,7C7C2E,DA40,DIAMOND AIRCRAFT INDUSTRIES INC.,DA 40,98b00f4a244bd46cf02763e72f464d7e6ce57ee415a78419832d8f5fc9622458,True,5
60571,15017,240926_ML.npy,2026-09-24,2026-09-24 22:02:29.820109,7C1687,DA40,DIAMOND AIRCRAFT INDUSTRIES INC.,DA 40,d7233716826afa7b9699ec261a9577b4e3c495a9f64555fdf071ae783052a6bc,True,2
60572,15018,240926_ML.npy,2026-09-24,2026-09-24 22:02:31.258025,7C1687,DA40,DIAMOND AIRCRAFT INDUSTRIES INC.,DA 40,cbed322a72edfc713bbf33514ccf579d6106984a6d837d65b280c00c889a359f,True,3
60578,15024,240926_ML.npy,2026-09-24,2026-09-24 22:02:34.761709,7C1687,DA40,DIAMOND AIRCRAFT INDUSTRIES INC.,DA 40,f9ba9137c0182032e39308701376fdcf0eb212e0e86060c8b12de6964b27b6ac,True,4
60589,15035,240926_ML.npy,2026-09-24,2026-09-24 22:02:43.090690,7C1687,DA40,DIAMOND AIRCRAFT INDUSTRIES INC.,DA 40,0cf572e4fa54025351cfe501efb7299b16c503448022786fce7735b5e7bfc265,True,3
60611,15057,240926_ML.npy,2026-09-24,2026-09-24 22:04:28.655759,7C168B,DA40,DIAMOND AIRCRAFT INDUSTRIES INC.,DA 40,ca74c134d432b686010ccebc900083331ddec93896ca980c4d186b7b07e86ef7,True,3
60619,15065,240926_ML.npy,2026-09-24,2026-09-24 22:04:41.910643,7C168B,DA40,DIAMOND AIRCRAFT INDUSTRIES INC.,DA 40,4e0ee32642184e7d3b07741c1fbbc5d7c12b1339b26058fcc2ad426a436b15e4,True,4
60632,15078,240926_ML.npy,2026-09-24,2026-09-24 22:04:58.355141,7C168B,DA40,DIAMOND AIRCRAFT INDUSTRIES INC.,DA 40,60409301232b45eed932577e368c44b5771c7f52eecad94af27129e19f0e9256,True,5
60648,15094,240926_ML.npy,2026-09-24,2026-09-24 22:08:01.075469,7C7144,C172,CESSNA AIRCRAFT COMPANY,172N,25ecffd02a618058de3b2945417e026c76c8237f5d9bff411fb8d6879bd15d24,True,2
60650,15096,240926_ML.npy,2026-09-24,2026-09-24 22:08:08.976302,7C7144,C172,CESSNA AIRCRAFT COMPANY,172N,26d1d7d242dc6aaf731bb3c82aff5e978e57bb86250d0096c54e2daf2ab9518e,True,4
60658,15104,240926_ML.npy,2026-09-24,2026-09-24 22:08:14.490289,7C7144,C172,CESSNA AIRCRAFT COMPANY,172N,6c39eadc6fb0c8090486a5d9fcdbcec7fc2ed9286714ccda183cd47c41ffe67d,True,3
60662,15108,240926_ML.npy,2026-09-24,2026-09-24 22:08:16.490937,7C7144,C172,CESSNA AIRCRAFT COMPANY,172N,b7ad7d2a2d131c0a786a02a57d5f38efc13cce8edaadb57492f76ef4cde9fc1c,True,5
60671,15117,240926_ML.npy,2026-09-24,2026-09-24 22:08:24.919118,7C7144,C172,CESSNA AIRCRAFT COMPANY,172N,d4dd34b955d8242daedb3a3d81cf97808bcba029514c20894c99adcad8469dac,True,5
60677,15123,240926_ML.npy,2026-09-24,2026-09-24 22:08:35.029699,7C7144,C172,CESSNA AIRCRAFT COMPANY,172N,4b9c9892e18c53ad1c8533c54c0efbd9355c85a18a98a636b13aac507c89f6cc,True,3
60678,15124,240926_ML.npy,2026-09-24,2026-09-24 22:08:44.065333,7C7144,C172,CESSNA AIRCRAFT COMPANY,172N,9e7834c7c2a067c0190d070f4e5192e5216a3e82761de86c545a80d7f7f47a63,True,2
60706,15152,240926_ML.npy,2026-09-24,2026-09-24 22:09:36.608829,7C7C39,DA40,DIAMOND AIRCRAFT INDUSTRIES INC.,DA 40,89c540d37ef54b707502a0873034cff0d77a768c70e7abbff45c05517f36175a,True,4
60715,15161,240926_ML.npy,2026-09-24,2026-09-24 22:09:41.067328,7C7C39,DA40,DIAMOND AIRCRAFT INDUSTRIES INC.,DA 40,1f515edafd18e2ed2ee7c059418d59e0bcbc966aa24925ca3a57d32c16006e81,True,1
60726,15172,240926_ML.npy,2026-09-24,2026-09-24 22:09:54.670520,7C7C39,DA40,DIAMOND AIRCRAFT INDUSTRIES INC.,DA 40,e95d7d3f742b67f713ae2b9fb5ca20a39d5beea847f85572f8939cca058088cf,True,5
60731,15177,240926_ML.npy,2026-09-24,2026-09-24 22:10:03.950093,7C7C39,DA40,DIAMOND AIRCRAFT INDUSTRIES INC.,DA 40,3e62c8ac02480adc9224c397bdc8a6d1fb9e9a0af15258b09ea0e6a3ebaf61a7,True,2
60734,15180,240926_ML.npy,2026-09-24,2026-09-24 22:10:16.930293,7C7C3E,DA40,DIAMOND AIRCRAFT INDUSTRIES INC.,DA 40,8603c0453adbb3344e04b5db5bfc45c02094353899e87ef4b0affd4540ead095,True,5
60735,15181,240926_ML.npy,2026-09-24,2026-09-24 22:10:17.794246,7C7C3E,DA40,DIAMOND AIRCRAFT INDUSTRIES INC.,DA 40,0e967edc6c442853ac060b4bcca961bc898f71609aeb9be900a1d4fc3b0c79b4,True,2
60750,15196,240926_ML.npy,2026-09-24,2026-09-24 22:10:31.221287,7C7C3E,DA40,DIAMOND AIRCRAFT INDUSTRIES INC.,DA 40,f7a472493c1540e6cb8f494815ac8132027c095b0de95e6ac8a3b45cdd0f27d8,True,5
60772,15218,240926_ML.npy,2026-09-24,2026-09-24 22:12:48.150996,7C7144,C172,CESSNA AIRCRAFT COMPANY,172N,89435c5d29337d78f7475ac72ab7351ac65eeaaca7a14921577f139c5c54ed48,True,3
60775,15221,240926_ML.npy,2026-09-24,2026-09-24 22:12:49.380890,7C7144,C172,CESSNA AIRCRAFT COMPANY,172N,6684cc73cfd7807d42c99e8da9e6fa805dad59a3bbe986d5cdda937228478297,True,3
60779,15225,240926_ML.npy,2026-09-24,2026-09-24 22:12:51.929427,7C7144,C172,CESSNA AIRCRAFT COMPANY,172N,0a6d6a9a6bd091df8059ca0fbf2ba6d9659498efcc4777d46ab49a5961709e93,True,2
60781,15227,240926_ML.npy,2026-09-24,2026-09-24 22:12:58.220718,7C7144,C172,CESSNA AIRCRAFT COMPANY,172N,957a656ddd212d5b2115334c74d5a5e3c43a7615c2519108be204fa8245a3294,True,5
60784,15230,240926_ML.npy,2026-09-24,2026-09-24 22:13:01.894978,7C7144,C172,CESSNA AIRCRAFT COMPANY,172N,6684cc73cfd7807d42c99e8da9e6fa805dad59a3bbe986d5cdda937228478297,True,1
60795,15241,240926_ML.npy,2026-09-24,2026-09-24 22:13:16.112245,7C7144,C172,CESSNA AIRCRAFT COMPANY,172N,54107d504590add0ec30d5b25da0cfbc353daa5cf587dbf784546f0bd31419d2,True,1
60806,15252,240926_ML.npy,2026-09-24,2026-09-24 22:13:57.522007,7C7B61,DA40,DIAMOND AIRCRAFT INDUSTRIES INC.,DA 40,d62d47b4876ce0ca7b8c4ca6d7a1ee58fce786c1e3fd445ef37794ffde8b31f8,True,1
60820,15266,240926_ML.npy,2026-09-24,2026-09-24 22:14:21.251979,7C7B61,DA40,DIAMOND AIRCRAFT INDUSTRIES INC.,DA 40,b92c3c23f4306d11b91c50b5e84ede2039f48b2330d01803ac70987c7b8083f9,True,2
60836,15282,240926_ML.npy,2026-09-24,2026-09-24 22:16:19.977950,7C7C31,DA40,DIAMOND AIRCRAFT INDUSTRIES INC.,DA 40,db15224dec29ea1d695a89ffdf84136bf554b7c31834f68c35da19bad5741a0c,True,4
60864,15310,240926_ML.npy,2026-09-24,2026-09-24 22:16:43.979918,7C7C31,DA40,DIAMOND AIRCRAFT INDUSTRIES INC.,DA 40,93213bf835826e9dfb579a0e4a9603900acace2a44598ecad3c4bb64afc8ea3b,True,2
60865,15311,240926_ML.npy,2026-09-24,2026-09-24 22:16:46.498922,7C7C31,DA40,DIAMOND AIRCRAFT INDUSTRIES INC.,DA 40,67b750e6e07aec069e7c3d6cd5ad68e18bb944eb8a7a789bffed12b1b028f08f,True,1
60874,15320,240926_ML.npy,2026-09-24,2026-09-24 22:17:04.582576,7C7C31,DA40,DIAMOND AIRCRAFT INDUSTRIES INC.,DA 40,2ed7b2a708e37774ba6245a4bed537c00fb75be96bdc8aaaed2663247e3429d3,True,5
60878,15324,240926_ML.npy,2026-09-24,2026-09-24 22:17:11.522262,7C7C31,DA40,DIAMOND AIRCRAFT INDUSTRIES INC.,DA 40,28b066c2c05b4ac685d343e227ec9d2fe505b5124465d609e9a9ccab8e777243,True,2
60886,15332,240926_ML.npy,2026-09-24,2026-09-24 22:17:40.623702,7C7144,C172,CESSNA AIRCRAFT COMPANY,172N,d97840d20671332a7791d5ceb10a2ee59eda45beb3741e4069822b34bfd6e824,True,3
60889,15335,240926_ML.npy,2026-09-24,2026-09-24 22:17:41.033011,7C7144,C172,CESSNA AIRCRAFT COMPANY,172N,9803308c7c7f06b5a9d51123a70d0f97401f9fc694852654cfec7feac44057d7,True,3
60901,15347,240926_ML.npy,2026-09-24,2026-09-24 22:17:48.018715,7C7B65,DA40,DIAMOND AIRCRAFT INDUSTRIES INC.,DA 40,7d198ca361ea7487923c3c38d7a79f4e6b295285c28db111935281032881612b,True,3
60905,15351,240926_ML.npy,2026-09-24,2026-09-24 22:17:49.686686,7C7144,C172,CESSNA AIRCRAFT COMPANY,172N,8807429bf5df411c39a6318649ef3eeedaa8965e46c5632dec05c108dc9e3f8b,True,1
60907,15353,240926_ML.npy,2026-09-24,2026-09-24 22:17:50.094916,7C7B65,DA40,DIAMOND AIRCRAFT INDUSTRIES INC.,DA 40,d30e4cde1101378fd9f56a75f2e27da81ea43aff2e29729088b4ff7aa42ae76d,True,2
60914,15360,240926_ML.npy,2026-09-24,2026-09-24 22:17:54.980356,7C7B65,DA40,DIAMOND AIRCRAFT INDUSTRIES INC.,DA 40,01821b475afeb20cd6cc3fb4215c0e9386245904db42e252b98962b4c8eef4b4,True,5
60919,15365,240926_ML.npy,2026-09-24,2026-09-24 22:17:59.307024,7C7144,C172,CESSNA AIRCRAFT COMPANY,172N,18684b6aef05abc372151c207a9d0f9ad59e07739f4b8ef11e4b5f720cf660aa,True,1
60949,15395,240926_ML.npy,2026-09-24,2026-09-24 22:18:16.096446,7C7144,C172,CESSNA AIRCRAFT COMPANY,172N,6684cc73cfd7807d42c99e8da9e6fa805dad59a3bbe986d5cdda937228478297,True,2
60956,15402,240926_ML.npy,2026-09-24,2026-09-24 22:18:28.269995,7C7144,C172,CESSNA AIRCRAFT COMPANY,172N,302c9d5dfbd0d90d5c300f90a7c5ed36bea98ef651024f7b838d14e6a4e9938b,True,5
60960,15406,240926_ML.npy,2026-09-24,2026-09-24 22:18:29.856348,7C7144,C172,CESSNA AIRCRAFT COMPANY,172N,5d3506b880577364b0ef16d54fdba2fb9c614130aaeefcb25dc4fedba76c5726,True,2
60965,15411,240926_ML.npy,2026-09-24,2026-09-24 22:19:00.492902,7C7B61,DA40,DIAMOND AIRCRAFT INDUSTRIES INC.,DA 40,e3e975f0965c8bb5f4390f237d88ebb0540b91cbe4ecec57281405fbd7521c9f,True,3
60969,15415,240926_ML.npy,2026-09-24,2026-09-24 22:19:04.693602,7C7B61,DA40,DIAMOND AIRCRAFT INDUSTRIES INC.,DA 40,6d6c31b63a7f63eae50ea0f13609d8090939b6f30d83bd649e5d668e900294f3,True,2
60970,15416,240926_ML.npy,2026-09-24,2026-09-24 22:19:05.286585,7C7B61,DA40,DIAMOND AIRCRAFT INDUSTRIES INC.,DA 40,899d0bb5fae0fc04e0453443d5b98533bedfe6d9a94132996595d37884f1b2f0,True,2
60978,15424,240926_ML.npy,2026-09-24,2026-09-24 22:19:09.788138,7C7B61,DA40,DIAMOND AIRCRAFT INDUSTRIES INC.,DA 40,abadad431618487a0bdf0a73dad2b99056662775b16ec66ca6b5ecec8900a53f,True,5
60992,15438,240926_ML.npy,2026-09-24,2026-09-24 22:19:22.067427,7C7B61,DA40,DIAMOND AIRCRAFT INDUSTRIES INC.,DA 40,efa9e1cf6c9afb6acda5ad14eee57a69e8c1b0b57c263f3b963a16ceb5e759da,True,5
60993,15439,240926_ML.npy,2026-09-24,2026-09-24 22:19:24.862061,7C7144,C172,CESSNA AIRCRAFT COMPANY,172N,f894e903f0955a0b23939496cf7ae4a4e1ac4f1673e2164da5851badd03d9e5a,True,1
60996,15442,240926_ML.npy,2026-09-24,2026-09-24 22:19:29.924850,7C7B61,DA40,DIAMOND AIRCRAFT INDUSTRIES INC.,DA 40,d6d95cf2ccb7ec9640ab670dcc893b2279fde76d6ab00a9ca3e87cec20267eaa,True,4
61011,15457,240926_ML.npy,2026-09-24,2026-09-24 22:22:37.662932,7C79B4,DA42,DIAMOND AIRCRAFT INDUSTRIES,DA 42,373388fd900ed425b199b4ac3cfd3085731b70c680b1cd1bc56a355d70baa7e2,True,1
61019,15465,240926_ML.npy,2026-09-24,2026-09-24 22:22:44.811037,7C79B4,DA42,DIAMOND AIRCRAFT INDUSTRIES,DA 42,87c8cdb5d8663874e69f642828c4b9c3a6d64915c2e63ec95fd19d9618ec370f,True,1
61022,15468,240926_ML.npy,2026-09-24,2026-09-24 22:22:47.422547,7C79B4,DA42,DIAMOND AIRCRAFT INDUSTRIES,DA 42,76316d9ce0c021b10e5954246027599631c4df22a0a0bc0004dacdcf4ec7b1ba,True,1
61023,15469,240926_ML.npy,2026-09-24,2026-09-24 22:22:47.482045,7C7B65,DA40,DIAMOND AIRCRAFT INDUSTRIES INC.,DA 40,fb31ca011eeae7010c4406dc413081d415565367b37601f433395785893d8592,True,1
61027,15473,240926_ML.npy,2026-09-24,2026-09-24 22:22:51.490780,7C79B4,DA42,DIAMOND AIRCRAFT INDUSTRIES,DA 42,24e9dd321bab454194fb592abf67c7e15cc2f8ef77d23d68eab770973426422c,True,1
61032,15478,240926_ML.npy,2026-09-24,2026-09-24 22:22:54.125275,7C79B4,DA42,DIAMOND AIRCRAFT INDUSTRIES,DA 42,0d2b6fdee4f8747f89e2ae04150598a9d7d1201891cdcdb960b921e5ceb6fb85,True,1
61033,15479,240926_ML.npy,2026-09-24,2026-09-24 22:22:54.129151,7C79B4,DA42,DIAMOND AIRCRAFT INDUSTRIES,DA 42,a525a32b1f9f3e97f417d4c9d4d4c067aaf9756d24faa7d094ea74544701c6cf,True,1
61038,15484,240926_ML.npy,2026-09-24,2026-09-24 22:22:57.566107,7C79B4,DA42,DIAMOND AIRCRAFT INDUSTRIES,DA 42,11dc2d555ce5f766d613eb57b357efc7924c5a21526cc99d1386789b1d7bf818,True,2
61039,15485,240926_ML.npy,2026-09-24,2026-09-24 22:22:57.572301,7C79B4,DA42,DIAMOND AIRCRAFT INDUSTRIES,DA 42,9286432fee98e52567efa65fae43934077699ac0f629d90d80f71e33ad0903dc,True,3
61041,15487,240926_ML.npy,2026-09-24,2026-09-24 22:22:58.129009,7C79B4,DA42,DIAMOND AIRCRAFT INDUSTRIES,DA 42,83ac7d19f04eb7f6a70a31c5696ad7e7d94f3ce90035a781efa589bb88b3f246,True,1
61043,15489,240926_ML.npy,2026-09-24,2026-09-24 22:23:00.117937,7C79B4,DA42,DIAMOND AIRCRAFT INDUSTRIES,DA 42,fc534049983f6f5fe3f940b4e863e69291a9be89e6c1d89611b7759e1bc211eb,True,1
61047,15493,240926_ML.npy,2026-09-24,2026-09-24 22:23:06.792138,7C79B4,DA42,DIAMOND AIRCRAFT INDUSTRIES,DA 42,83ac7d19f04eb7f6a70a31c5696ad7e7d94f3ce90035a781efa589bb88b3f246,True,4
61048,15494,240926_ML.npy,2026-09-24,2026-09-24 22:23:07.051946,7C79B4,DA42,DIAMOND AIRCRAFT INDUSTRIES,DA 42,76316d9ce0c021b10e5954246027599631c4df22a0a0bc0004dacdcf4ec7b1ba,True,4
61056,15502,240926_ML.npy,2026-09-24,2026-09-24 22:23:32.506093,7C7144,C172,CESSNA AIRCRAFT COMPANY,172N,25ecffd02a618058de3b2945417e026c76c8237f5d9bff411fb8d6879bd15d24,True,4
61059,15505,240926_ML.npy,2026-09-24,2026-09-24 22:23:36.148817,7C7144,C172,CESSNA AIRCRAFT COMPANY,172N,5692c07200a0b3d19aeb8cd4520c6c916d01203035e2d6731f1305ba6e4cfcfc,True,2
61062,15508,240926_ML.npy,2026-09-24,2026-09-24 22:23:39.742468,7C7B5F,DA40,DIAMOND AIRCRAFT INDUSTRIES INC.,DA 40,382806b23e3b4390c6db505e26fe7d8fca5f2018784f5cf433fe647162366249,True,4
61069,15515,240926_ML.npy,2026-09-24,2026-09-24 22:23:43.810614,7C7144,C172,CESSNA AIRCRAFT COMPANY,172N,b1a11b50647a9f150a1ba24a2b62c73e36ef5c52bc179324ea0594e5a27634d2,True,3
61071,15517,240926_ML.npy,2026-09-24,2026-09-24 22:23:45.716668,7C7144,C172,CESSNA AIRCRAFT COMPANY,172N,6684cc73cfd7807d42c99e8da9e6fa805dad59a3bbe986d5cdda937228478297,True,5
61087,15533,240926_ML.npy,2026-09-24,2026-09-24 22:23:59.754173,7C7144,C172,CESSNA AIRCRAFT COMPANY,172N,bb38d47077076366e548cf6b7e423c8e0b1f7131ae20387c4cb8f5651f558293,True,5
61113,15559,240926_ML.npy,2026-09-24,2026-09-24 22:24:17.183195,7C7144,C172,CESSNA AIRCRAFT COMPANY,172N,577df7c0653f68e3e9d866c848597e425550f6514399ed7df80121104fa504e5,True,3
61114,15560,240926_ML.npy,2026-09-24,2026-09-24 22:24:17.610997,7C7144,C172,CESSNA AIRCRAFT COMPANY,172N,3f98902c2f80e826c567549f299da75d3808d7825763b946e08b7b04a38293d6,True,2
61129,15575,240926_ML.npy,2026-09-24,2026-09-24 22:24:25.847763,7C7144,C172,CESSNA AIRCRAFT COMPANY,172N,c519ac9ac00c73e9ff098453a8d34963700924ff5179878d8f3787e0fe4a4909,True,5
61137,15583,240926_ML.npy,2026-09-24,2026-09-24 22:24:46.166249,7C7B61,DA40,DIAMOND AIRCRAFT INDUSTRIES INC.,DA 40,0e207e595bcf3362183469cfa07bb168c800fa8793446ee765b04ac15ed8451a,True,3
61176,15622,240926_ML.npy,2026-09-24,2026-09-24 22:25:12.980948,7C7B61,DA40,DIAMOND AIRCRAFT INDUSTRIES INC.,DA 40,b9e1285d13dc410de9d07d3128f64da4876510b06cd2f3ec4243dad483a8a7f3,True,2
61225,15671,240926_ML.npy,2026-09-24,2026-09-24 22:27:24.379886,7C7B65,DA40,DIAMOND AIRCRAFT INDUSTRIES INC.,DA 40,ef23ba5ec83d5855e9fa96f82ed924532f71b75f46734a8c346659531cecfe03,True,5
61227,15673,240926_ML.npy,2026-09-24,2026-09-24 22:27:25.231986,7C7B65,DA40,DIAMOND AIRCRAFT INDUSTRIES INC.,DA 40,0bc1d3f5ce04842477d26e0900455fda600321e433137af549898a31dfd330f4,True,2
61242,15688,240926_ML.npy,2026-09-24,2026-09-24 22:27:49.728625,7C7B65,DA40,DIAMOND AIRCRAFT INDUSTRIES INC.,DA 40,74c78a499fb2d36e19a3a9dcc415b92186d808e9773469f72d59a70cf7050552,True,4
61252,15698,240926_ML.npy,2026-09-24,2026-09-24 22:28:42.978933,7C7B56,DA40,DIAMOND AIRCRAFT INDUSTRIES INC.,DA 40,da2446cc4ce428c917c3dbccc75ae77d94dc4645ac8ab137163b6339285278ec,True,5
61256,15702,240926_ML.npy,2026-09-24,2026-09-24 22:28:45.133465,7C7144,C172,CESSNA AIRCRAFT COMPANY,172N,32a8ff78c04c941547f2fce925f879a7297df80f058fd75dca04bf3ae8a8cb0f,True,3
61264,15710,240926_ML.npy,2026-09-24,2026-09-24 22:28:52.783391,7C7144,C172,CESSNA AIRCRAFT COMPANY,172N,20705c3cf280e5f8574c50e896bb4dc220d0d271304bd878266eeaf3dd1d2cd8,True,3
61267,15713,240926_ML.npy,2026-09-24,2026-09-24 22:28:54.020871,7C7144,C172,CESSNA AIRCRAFT COMPANY,172N,ae0661d6ac54b72b89813e301d393a24ce2945f4cf791d781877aadd426249b9,True,4
61274,15720,240926_ML.npy,2026-09-24,2026-09-24 22:28:57.910058,7C7144,C172,CESSNA AIRCRAFT COMPANY,172N,39cf7689459a3bbb0cc1da5a1754fc8e4da80c8cdded8cdaee02d1a19a831ff9,True,3
61283,15729,240926_ML.npy,2026-09-24,2026-09-24 22:29:02.709212,7C7B56,DA40,DIAMOND AIRCRAFT INDUSTRIES INC.,DA 40,c1d9005e2df732ba0a3b9cb47ee18cc88134f142b40246e54203dede8f20eb29,True,4
61291,15737,240926_ML.npy,2026-09-24,2026-09-24 22:29:08.821177,7C7B56,DA40,DIAMOND AIRCRAFT INDUSTRIES INC.,DA 40,b50d3fa795be449b4da40de571a86e88c88f1dff3837459164e8c3dbaf1bf0c0,True,1
61294,15740,240926_ML.npy,2026-09-24,2026-09-24 22:29:15.068732,7C7B56,DA40,DIAMOND AIRCRAFT INDUSTRIES INC.,DA 40,bb2473bffb8401dfbe9f8370e6642e0f456c32b4eda84a20bf893b818ca9b48c,True,5
61296,15742,240926_ML.npy,2026-09-24,2026-09-24 22:29:17.696565,7C7B56,DA40,DIAMOND AIRCRAFT INDUSTRIES INC.,DA 40,364aed4b9e3d539d7f2a4aefda23392d6faca054fcf37134597561366d39e134,True,2
61300,15746,240926_ML.npy,2026-09-24,2026-09-24 22:29:24.011894,7C7B56,DA40,DIAMOND AIRCRAFT INDUSTRIES INC.,DA 40,42a61f6530e17f45403b19d77195c8052b62e25f3e2f5337f65811a630953101,True,5
61301,15747,240926_ML.npy,2026-09-24,2026-09-24 22:29:24.158021,7C7B56,DA40,DIAMOND AIRCRAFT INDUSTRIES INC.,DA 40,ba66624bbab9e7ce899ab4d29651506bf6489d1fa2a84dbdf0e6fa3c62ba1ea2,True,4
61318,15764,240926_ML.npy,2026-09-24,2026-09-24 22:29:55.679794,7C7B61,DA40,DIAMOND AIRCRAFT INDUSTRIES INC.,DA 40,c2d6a6179137d0b8b59fd0d80356c77bf3011b1662527181a0f7a3305dacdf94,True,1
61319,15765,240926_ML.npy,2026-09-24,2026-09-24 22:30:00.055527,7C7B61,DA40,DIAMOND AIRCRAFT INDUSTRIES INC.,DA 40,2ca04cad3523433da6abdaeac8a5a30ce9b4c0791a9a880fddc33d706a3acc2b,True,2
61327,15773,240926_ML.npy,2026-09-24,2026-09-24 22:30:04.973445,7C7B61,DA40,DIAMOND AIRCRAFT INDUSTRIES INC.,DA 40,33df72f379de670630b07f70aeb614a4dd09c8ea232e3d296ff57c11775a2e5b,True,5
61335,15781,240926_ML.npy,2026-09-24,2026-09-24 22:30:13.786819,7C7B61,DA40,DIAMOND AIRCRAFT INDUSTRIES INC.,DA 40,aa66cb786108b5534c693d40ef2d873ab6e09eb77b36542152d6060f043a1edf,True,4
61344,15790,240926_ML.npy,2026-09-24,2026-09-24 22:30:45.712244,7C7144,C172,CESSNA AIRCRAFT COMPANY,172N,fc367f2ecd5df26d26aa461768b17a4f928a4ccc75618f67eb5f80d021e70796,True,2
61348,15794,240926_ML.npy,2026-09-24,2026-09-24 22:33:21.194334,7C7144,C172,CESSNA AIRCRAFT COMPANY,172N,25ecffd02a618058de3b2945417e026c76c8237f5d9bff411fb8d6879bd15d24,True,2
61349,15795,240926_ML.npy,2026-09-24,2026-09-24 22:33:23.974744,7C7144,C172,CESSNA AIRCRAFT COMPANY,172N,1a83d64cf9dbfbfa7bb128640ce7c083e52f0051f296f7124c06594ee3d62e55,True,3
61352,15798,240926_ML.npy,2026-09-24,2026-09-24 22:33:34.800597,7C7144,C172,CESSNA AIRCRAFT COMPANY,172N,1709df63503417e87799b7d15c36e884706f40077a50f5300bae81610f3e082a,True,4
61359,15805,240926_ML.npy,2026-09-24,2026-09-24 22:33:49.422000,7C7144,C172,CESSNA AIRCRAFT COMPANY,172N,140781eae645b7d7fbc6606983610ad89001a3322bafd632a70c245911ff16b3,True,3
61362,15808,240926_ML.npy,2026-09-24,2026-09-24 22:33:53.354876,7C7144,C172,CESSNA AIRCRAFT COMPANY,172N,6684cc73cfd7807d42c99e8da9e6fa805dad59a3bbe986d5cdda937228478297,True,1
61366,15812,240926_ML.npy,2026-09-24,2026-09-24 22:33:56.461583,7C7144,C172,CESSNA AIRCRAFT COMPANY,172N,2863781c86c75dafba87960ea98514a4f826b67f099c8589ca2f26edb8ccf825,True,2
61369,15815,240926_ML.npy,2026-09-24,2026-09-24 22:34:02.109120,7C7144,C172,CESSNA AIRCRAFT COMPANY,172N,20705c3cf280e5f8574c50e896bb4dc220d0d271304bd878266eeaf3dd1d2cd8,True,3
61380,15826,240926_ML.npy,2026-09-24,2026-09-24 22:34:24.735348,7C7144,C172,CESSNA AIRCRAFT COMPANY,172N,81679a149fe305546e45c06ee497f47c047ac97ab2a0380d29c4164cc3932384,True,3
61386,15832,240926_ML.npy,2026-09-24,2026-09-24 22:38:16.742957,7C7144,C172,CESSNA AIRCRAFT COMPANY,172N,8141b1dc3f22da0fdcf6442b5b9db2d4a19403294ea6b22114f99cccd42ca30f,True,5
61388,15834,240926_ML.npy,2026-09-24,2026-09-24 22:38:24.693214,7C7144,C172,CESSNA AIRCRAFT COMPANY,172N,6684cc73cfd7807d42c99e8da9e6fa805dad59a3bbe986d5cdda937228478297,True,5
61389,15835,240926_ML.npy,2026-09-24,2026-09-24 22:38:27.289224,7C7144,C172,CESSNA AIRCRAFT COMPANY,172N,6684cc73cfd7807d42c99e8da9e6fa805dad59a3bbe986d5cdda937228478297,True,5
61395,15841,240926_ML.npy,2026-09-24,2026-09-24 22:38:51.359217,7C79B4,DA42,DIAMOND AIRCRAFT INDUSTRIES,DA 42,7dba5481deed23c6f5ed59d283669608784c259a0c14ceb360669b5beba15554,True,3
61396,15842,240926_ML.npy,2026-09-24,2026-09-24 22:38:51.614192,7C7144,C172,CESSNA AIRCRAFT COMPANY,172N,c4b39a1a73926fb19991abb18d9613cf1c6918a5ffed44149ba2db7d300fd391,True,2
61397,15843,240926_ML.npy,2026-09-24,2026-09-24 22:38:51.621210,7C7144,C172,CESSNA AIRCRAFT COMPANY,172N,d8a714990ad28de8720f4f7b8a123387b36c223a694084292771be201125eeda,True,5
61402,15848,240926_ML.npy,2026-09-24,2026-09-24 22:38:59.336910,7C7144,C172,CESSNA AIRCRAFT COMPANY,172N,baa0a395ddf4e00febb66babed0d810bbe46cc1ac9f655d41d724023dd9ed55e,True,2
61404,15850,240926_ML.npy,2026-09-24,2026-09-24 22:39:00.718871,7C79B4,DA42,DIAMOND AIRCRAFT INDUSTRIES,DA 42,923171b8cba13985c63e814797d446fe541af2de9f12a615d86abcbda1e2962e,True,2
61405,15851,240926_ML.npy,2026-09-24,2026-09-24 22:39:01.315055,7C79B4,DA42,DIAMOND AIRCRAFT INDUSTRIES,DA 42,d1cb3c03efc93a62bbc340d878890d28a9ec8d50a37d17f1f2934d7d117d862f,True,3
61407,15853,240926_ML.npy,2026-09-24,2026-09-24 22:39:02.692305,7C79B4,DA42,DIAMOND AIRCRAFT INDUSTRIES,DA 42,071b4ef2209f5041390eedce73fa8781fda6306caf4db8860d3fa7d5f8996743,True,4
61409,15855,240926_ML.npy,2026-09-24,2026-09-24 22:39:07.406245,7C79B4,DA42,DIAMOND AIRCRAFT INDUSTRIES,DA 42,a6e9b73ef1eff324641866551c6be0252bbb314be4dd1e4237a4d917b0c30907,True,5
61412,15858,240926_ML.npy,2026-09-24,2026-09-24 22:39:21.520291,7C79B4,DA42,DIAMOND AIRCRAFT INDUSTRIES,DA 42,cc44959fd3711e226d1e38c0b64dd361494687e58213f2c4efcc15848ccf7d87,True,3
61414,15860,240926_ML.npy,2026-09-24,2026-09-24 22:39:30.917584,7C79B4,DA42,DIAMOND AIRCRAFT INDUSTRIES,DA 42,3a99596b88a22976990dede471a055626af764dcef804e6046caa792afe18515,True,2
61419,15865,240926_ML.npy,2026-09-24,2026-09-24 22:40:32.955803,7C79B4,DA42,DIAMOND AIRCRAFT INDUSTRIES,DA 42,b4346e20423d48a21ad2848c1c2dc8dea3824db7bffcd729ad5276f49a5e4939,True,2
61441,15887,240926_ML.npy,2026-09-24,2026-09-24 22:43:26.661870,7C7144,C172,CESSNA AIRCRAFT COMPANY,172N,124fca0b1f14acc0dd911f3844f8ee3ee07a8cc3d21319c6bf7c7c6aecaba7db,True,5
61442,15888,240926_ML.npy,2026-09-24,2026-09-24 22:43:27.192459,7C7144,C172,CESSNA AIRCRAFT COMPANY,172N,f746c9270e1d69445e82a7afc24b5447faf9ab0975eec3c2a1a0f26ead0adb53,True,5
61444,15890,240926_ML.npy,2026-09-24,2026-09-24 22:43:27.969106,7C7144,C172,CESSNA AIRCRAFT COMPANY,172N,6684cc73cfd7807d42c99e8da9e6fa805dad59a3bbe986d5cdda937228478297,True,5
61447,15893,240926_ML.npy,2026-09-24,2026-09-24 22:43:37.631551,7C7144,C172,CESSNA AIRCRAFT COMPANY,172N,b17f623d97591089921aed3c723e13687a8ad494cc3a88c1619bbe80117af4d7,True,2
61455,15901,240926_ML.npy,2026-09-24,2026-09-24 22:43:58.543914,7C7144,C172,CESSNA AIRCRAFT COMPANY,172N,249b73e5cfa8cacc5434adc07128e8fa7c8ff1e62cec0c40f9ab417d889c517c,True,2
61465,15911,240926_ML.npy,2026-09-24,2026-09-24 22:44:41.548331,7C7144,C172,CESSNA AIRCRAFT COMPANY,172N,25ecffd02a618058de3b2945417e026c76c8237f5d9bff411fb8d6879bd15d24,True,3
61468,15914,240926_ML.npy,2026-09-24,2026-09-24 22:45:03.766272,7C7144,C172,CESSNA AIRCRAFT COMPANY,172N,1241005a2eef12c122258dc857d0dd04cd57d1cee2738baa46fa0fc53db8a5bc,True,3
61469,15915,240926_ML.npy,2026-09-24,2026-09-24 22:45:03.774975,7C7144,C172,CESSNA AIRCRAFT COMPANY,172N,c43ea9c2d91dbd1afa6076e6fff8386e102e23d195c9edeb941d179ea59438ea,True,4
61470,15916,240926_ML.npy,2026-09-24,2026-09-24 22:45:05.816012,7C7144,C172,CESSNA AIRCRAFT COMPANY,172N,f45234c4cf9eee5ecb36edf65f2df40e6d114508a91eb5a1426a7667e22ffb8e,True,1
61474,15920,240926_ML.npy,2026-09-24,2026-09-24 22:47:02.707470,7C67D3,C172,CESSNA AIRCRAFT COMPANY,172S,6645c36dd0cfd5eac9bee38ac36ee7dd5be46aacf72d82146efa00546e0557ef,True,1
61475,15921,240926_ML.npy,2026-09-24,2026-09-24 22:47:04.363774,7C67D3,C172,CESSNA AIRCRAFT COMPANY,172S,98859d8ea52d3abc13b89f0cfa5ce70c558330590022b9c06eec1825df9c2c73,True,3
61480,15926,240926_ML.npy,2026-09-24,2026-09-24 22:47:11.176371,7C67D3,C172,CESSNA AIRCRAFT COMPANY,172S,c0b892088d3e2c123ed93145d83afbf9ad7993fd54e383437a91a1e28e33ffcb,True,2
61484,15930,240926_ML.npy,2026-09-24,2026-09-24 22:47:14.959561,7C67D3,C172,CESSNA AIRCRAFT COMPANY,172S,b36d3116ede8beef1c53d35c8b960beb8d1eb742b35f46cd5ac20a3aede919ee,True,1
61495,15941,240926_ML.npy,2026-09-24,2026-09-24 22:47:29.353471,7C67D3,C172,CESSNA AIRCRAFT COMPANY,172S,61f9d0be017ada174ee5a0cac245270d65e505fa121bdd57565eba0fda01602a,True,1
61497,15943,240926_ML.npy,2026-09-24,2026-09-24 22:47:30.214760,7C67D3,C172,CESSNA AIRCRAFT COMPANY,172S,9c331cd8125dc8ad3b874380db233f4150d96f34fbf3814671632f6bd37d72dc,True,3
61499,15945,240926_ML.npy,2026-09-24,2026-09-24 22:47:32.189461,7C67D3,C172,CESSNA AIRCRAFT COMPANY,172S,5ff44b7888b32fce20bfc131ab486b3ef168e02d9596609339ed3bdcb5f39fd3,True,3
61506,15952,240926_ML.npy,2026-09-24,2026-09-24 22:47:40.275354,7C67D3,C172,CESSNA AIRCRAFT COMPANY,172S,202b58f0207d5f7863e1cb8526388cd6614bee6d8bd63daa379f16c0b35aa3d0,True,5
61518,15964,240926_ML.npy,2026-09-24,2026-09-24 22:47:55.921046,7C67D3,C172,CESSNA AIRCRAFT COMPANY,172S,c0b892088d3e2c123ed93145d83afbf9ad7993fd54e383437a91a1e28e33ffcb,True,2
61527,15973,240926_ML.npy,2026-09-24,2026-09-24 22:48:26.517659,7C7144,C172,CESSNA AIRCRAFT COMPANY,172N,25ecffd02a618058de3b2945417e026c76c8237f5d9bff411fb8d6879bd15d24,True,2
61530,15976,240926_ML.npy,2026-09-24,2026-09-24 22:48:30.817771,7C67D3,C172,CESSNA AIRCRAFT COMPANY,172S,6411e466714df30010ead1732201dd7cb762090637e70fb82d91266daff11704,True,5
61542,15988,240926_ML.npy,2026-09-24,2026-09-24 22:49:00.385522,7C67D3,C172,CESSNA AIRCRAFT COMPANY,172S,2556d1a79def9dcb59f07e9e184f59317880a7609ca7ec0efc1789c9624f5dd8,True,3
61548,15994,240926_ML.npy,2026-09-24,2026-09-24 22:49:02.789593,7C67D3,C172,CESSNA AIRCRAFT COMPANY,172S,4d8e0f6aeb3fb3dd443a3a040ba37edce956653b96b9bcb4e8b0d18e9a91c6b2,True,2
61564,16010,240926_ML.npy,2026-09-24,2026-09-24 22:49:23.150691,7C67D3,C172,CESSNA AIRCRAFT COMPANY,172S,c84e0b0d9fc756fcb0c22d0007e9308c1cfe5c95d8570c40732461fcc6041b18,True,2
61568,16014,240926_ML.npy,2026-09-24,2026-09-24 22:49:37.792042,7C7144,C172,CESSNA AIRCRAFT COMPANY,172N,7286ae1e0e8adec1233eeb00f64b3c2d2c383b19a9d78b53b88e7d574cc8bcef,True,4
61575,16021,240926_ML.npy,2026-09-24,2026-09-24 22:52:13.221966,7C67D3,C172,CESSNA AIRCRAFT COMPANY,172S,0016072a987904b31761fd01c4bc8cc1f6a63947c01a41d0c4005e6b36732a42,True,2
61582,16028,240926_ML.npy,2026-09-24,2026-09-24 22:52:24.528852,7C67D3,C172,CESSNA AIRCRAFT COMPANY,172S,6a98d186900bfbdc551b27d7fb22ff0af82763d2f5c08bda309e2bee15afe57a,True,4
61594,16040,240926_ML.npy,2026-09-24,2026-09-24 22:52:31.464128,7C6C18,C172,CESSNA AIRCRAFT COMPANY,172S,8ec4d12155db0bb6b3ea85c6a491e216d9ec21e12011625da24e8980e3e8b85b,True,5
61595,16041,240926_ML.npy,2026-09-24,2026-09-24 22:52:31.757336,7C67D3,C172,CESSNA AIRCRAFT COMPANY,172S,18dc910485f342ca1ed5fe1e1a8d9edbc5554efcf95c51d277aa8624775cb3ac,True,4
61601,16047,240926_ML.npy,2026-09-24,2026-09-24 22:52:34.115092,7C67D3,C172,CESSNA AIRCRAFT COMPANY,172S,ba6528b99a85f47cdcb9bedd710fba92d63610eb5d3bb9468ba34e4c754398a2,True,1
61607,16053,240926_ML.npy,2026-09-24,2026-09-24 22:52:38.062174,7C6C18,C172,CESSNA AIRCRAFT COMPANY,172S,081aee5e05e80394685f87502ac73f62364e350534e78698547e2bd87449658d,True,1
61609,16055,240926_ML.npy,2026-09-24,2026-09-24 22:52:40.054852,7C6C18,C172,CESSNA AIRCRAFT COMPANY,172S,bad7ce0adb9332f2b37b618036b04a08c88f819f010173002bf662a4f12a7d70,True,3
61611,16057,240926_ML.npy,2026-09-24,2026-09-24 22:52:41.221852,7C67D3,C172,CESSNA AIRCRAFT COMPANY,172S,c844eeee7dea49c9a31d7e26434caa57f86af3470e2a6b67c9e083b470d7a11b,True,2
61613,16059,240926_ML.npy,2026-09-24,2026-09-24 22:52:42.563726,7C6C18,C172,CESSNA AIRCRAFT COMPANY,172S,96fc309d130d2d117a194d2a090387e15f4b8074e9d7c323337e65505b838e66,True,4
61620,16066,240926_ML.npy,2026-09-24,2026-09-24 22:52:46.727539,7C67D3,C172,CESSNA AIRCRAFT COMPANY,172S,2d5464e34e39eeb03e68c1f13a6a5df2005edc8e511d5ab21670af6d0f1ae69b,True,4
61621,16067,240926_ML.npy,2026-09-24,2026-09-24 22:52:47.618752,7C6C18,C172,CESSNA AIRCRAFT COMPANY,172S,e4fde3f5ff7de770aa047902f3c0b34627d3bb572cf96178a91709b715309da2,True,5
61625,16071,240926_ML.npy,2026-09-24,2026-09-24 22:52:49.594745,7C67D3,C172,CESSNA AIRCRAFT COMPANY,172S,98859d8ea52d3abc13b89f0cfa5ce70c558330590022b9c06eec1825df9c2c73,True,4
61633,16079,240926_ML.npy,2026-09-24,2026-09-24 22:52:54.750572,7C6C18,C172,CESSNA AIRCRAFT COMPANY,172S,8c44284f53394f8c86ebe05415db9f8e83f282a72d5ed77719a7a93922e57418,True,1
61639,16085,240926_ML.npy,2026-09-24,2026-09-24 22:52:55.746065,7C6C18,C172,CESSNA AIRCRAFT COMPANY,172S,03d7fb23b8f7a1f43aaf659b262c14bef364851761ec839314e1fa203950b05a,True,5
61644,16090,240926_ML.npy,2026-09-24,2026-09-24 22:52:59.260655,7C67D3,C172,CESSNA AIRCRAFT COMPANY,172S,e39990e9aacbbeaea0defb8a6cde9d325a2329f4613e3922eadb90c304a843ac,True,4
61648,16094,240926_ML.npy,2026-09-24,2026-09-24 22:53:05.518871,7C67D3,C172,CESSNA AIRCRAFT COMPANY,172S,faaf7dbc0696fcab63e746b5c77d2b156fbe5b81c53761435f68d5fcc4542a85,True,4
61650,16096,240926_ML.npy,2026-09-24,2026-09-24 22:53:07.527274,7C67D3,C172,CESSNA AIRCRAFT COMPANY,172S,dd84089e7a3169b7f73e4fa59ccd99d48c9045c9c5ce1f7e56fe38de6d17e97a,True,1
61653,16099,240926_ML.npy,2026-09-24,2026-09-24 22:53:08.051354,7C67D3,C172,CESSNA AIRCRAFT COMPANY,172S,719522b554e022c24eef9cff80ffb401ed886ef70703ddaaf19b2013cc4ee328,True,5
61663,16109,240926_ML.npy,2026-09-24,2026-09-24 22:53:16.798882,7C6C18,C172,CESSNA AIRCRAFT COMPANY,172S,0de4d942b4af48332921bdebb9c91b895bd6ec8e63f0b01c53e5ff2fea0611ab,True,5
61668,16114,240926_ML.npy,2026-09-24,2026-09-24 22:53:30.885441,7C6C18,C172,CESSNA AIRCRAFT COMPANY,172S,bbf2bbeeb55d1c1f9d18fe1781f6e54d44a1afeab27c8ef8b79ee466c9f85c39,True,5
61672,16118,240926_ML.npy,2026-09-24,2026-09-24 22:53:39.905791,7C6C18,C172,CESSNA AIRCRAFT COMPANY,172S,028e5206375c0060d1276403ddf61ececef890f6f179f0b2dccf3d704553a812,True,4
61677,16123,240926_ML.npy,2026-09-24,2026-09-24 22:53:43.322859,7C67D3,C172,CESSNA AIRCRAFT COMPANY,172S,4d8e0f6aeb3fb3dd443a3a040ba37edce956653b96b9bcb4e8b0d18e9a91c6b2,True,3
61682,16128,240926_ML.npy,2026-09-24,2026-09-24 22:53:48.876184,7C6C18,C172,CESSNA AIRCRAFT COMPANY,172S,dbcfb7fd9986e96ff3acf6fb43e6d8478be6a00c8322d2ef77143d425ac5d22b,True,4
61691,16137,240926_ML.npy,2026-09-24,2026-09-24 22:54:17.056837,7C67D3,C172,CESSNA AIRCRAFT COMPANY,172S,084e7fc37e657df8fb2a10b059fc28fe750fd3780ff6a9078d50f9d65724c193,True,5
61694,16140,240926_ML.npy,2026-09-24,2026-09-24 22:54:21.437654,7C67D3,C172,CESSNA AIRCRAFT COMPANY,172S,902c7233dfca3feb4397571d23b3c37a37a7705101862b851cdcb7e1d9b7a55a,True,1
61698,16144,240926_ML.npy,2026-09-24,2026-09-24 22:54:43.359926,7C67D3,C172,CESSNA AIRCRAFT COMPANY,172S,084e7fc37e657df8fb2a10b059fc28fe750fd3780ff6a9078d50f9d65724c193,True,5
61699,16145,240926_ML.npy,2026-09-24,2026-09-24 22:54:44.546295,7C67D3,C172,CESSNA AIRCRAFT COMPANY,172S,98859d8ea52d3abc13b89f0cfa5ce70c558330590022b9c06eec1825df9c2c73,True,4
61722,16168,240926_ML.npy,2026-09-24,2026-09-24 22:57:29.323450,7C67D3,C172,CESSNA AIRCRAFT COMPANY,172S,084e7fc37e657df8fb2a10b059fc28fe750fd3780ff6a9078d50f9d65724c193,True,1
61725,16171,240926_ML.npy,2026-09-24,2026-09-24 22:57:31.344536,7C67D3,C172,CESSNA AIRCRAFT COMPANY,172S,5bf17eea43dca3c56c4821e67dcf2102cbd68be98ed187fe099e022fecd83fbf,True,4
61728,16174,240926_ML.npy,2026-09-24,2026-09-24 22:57:32.293792,7C67D3,C172,CESSNA AIRCRAFT COMPANY,172S,87aaa35c4bfaa9d953ec84f36c2dd6cbcf02b0de9b72d27a66a3dd0569783921,True,1
61729,16175,240926_ML.npy,2026-09-24,2026-09-24 22:57:33.387655,7C67D3,C172,CESSNA AIRCRAFT COMPANY,172S,9961700b1c80ef076322a942c0307bd3ff8997e0d323be1f3c309da2af841a8f,True,3
61733,16179,240926_ML.npy,2026-09-24,2026-09-24 22:57:38.079175,7C67D3,C172,CESSNA AIRCRAFT COMPANY,172S,084e7fc37e657df8fb2a10b059fc28fe750fd3780ff6a9078d50f9d65724c193,True,3
61739,16185,240926_ML.npy,2026-09-24,2026-09-24 22:57:46.110764,7C67D3,C172,CESSNA AIRCRAFT COMPANY,172S,c3b16747b67285d06bfb3f72c378993974ea1651b59a4d478ec5118bffc1866a,True,1
61745,16191,240926_ML.npy,2026-09-24,2026-09-24 22:57:51.414371,7C67D3,C172,CESSNA AIRCRAFT COMPANY,172S,98859d8ea52d3abc13b89f0cfa5ce70c558330590022b9c06eec1825df9c2c73,True,4
61751,16197,240926_ML.npy,2026-09-24,2026-09-24 22:57:58.490538,7C67D3,C172,CESSNA AIRCRAFT COMPANY,172S,9a5374eaff05a49ce060e7665621f37b7b6331acb3eeb834b3b95006fa0a7037,True,1
61757,16203,240926_ML.npy,2026-09-24,2026-09-24 22:58:03.103686,7C67D3,C172,CESSNA AIRCRAFT COMPANY,172S,084e7fc37e657df8fb2a10b059fc28fe750fd3780ff6a9078d50f9d65724c193,True,2
61761,16207,240926_ML.npy,2026-09-24,2026-09-24 22:58:05.619362,7C67D3,C172,CESSNA AIRCRAFT COMPANY,172S,084e7fc37e657df8fb2a10b059fc28fe750fd3780ff6a9078d50f9d65724c193,True,1
61763,16209,240926_ML.npy,2026-09-24,2026-09-24 22:58:06.078224,7C67D3,C172,CESSNA AIRCRAFT COMPANY,172S,661488da37e91a42a62effe7785526586fcb71b39402884a28e79e479d31b143,True,4
61767,16213,240926_ML.npy,2026-09-24,2026-09-24 22:58:16.506530,7C67D3,C172,CESSNA AIRCRAFT COMPANY,172S,8710d3497c310c8abb463a8312e9d06459437b4439602307f29f4026f5a46795,True,3
61770,16216,240926_ML.npy,2026-09-24,2026-09-24 22:58:21.946148,7C67D3,C172,CESSNA AIRCRAFT COMPANY,172S,084e7fc37e657df8fb2a10b059fc28fe750fd3780ff6a9078d50f9d65724c193,True,1
61776,16222,240926_ML.npy,2026-09-24,2026-09-24 22:58:42.192146,7C67D3,C172,CESSNA AIRCRAFT COMPANY,172S,e1d5459fac0aba57720ddfbf0edf173b364787dfaee98cb4248e2b0c2bfd53ce,True,2
61781,16227,240926_ML.npy,2026-09-24,2026-09-24 22:59:26.146086,7C67D3,C172,CESSNA AIRCRAFT COMPANY,172S,4dc7f06203034ca21a03e5c8f174e191a4eb890007b7bea55f252c9189bee74b,True,1
61786,16232,240926_ML.npy,2026-09-24,2026-09-24 22:59:32.403060,7C67D3,C172,CESSNA AIRCRAFT COMPANY,172S,e834ceccee07f9eab982a964ad10eb044846183bc79951179dc0ae8a904ad0b1,True,4
61791,16237,240926_ML.npy,2026-09-24,2026-09-24 22:59:45.723567,7C67D3,C172,CESSNA AIRCRAFT COMPANY,172S,98859d8ea52d3abc13b89f0cfa5ce70c558330590022b9c06eec1825df9c2c73,True,2
61793,16239,240926_ML.npy,2026-09-24,2026-09-24 22:59:58.971704,7C67D3,C172,CESSNA AIRCRAFT COMPANY,172S,4d8e0f6aeb3fb3dd443a3a040ba37edce956653b96b9bcb4e8b0d18e9a91c6b2,True,5
61799,16245,240926_ML.npy,2026-09-24,2026-09-24 23:00:04.581713,7C67D3,C172,CESSNA AIRCRAFT COMPANY,172S,084e7fc37e657df8fb2a10b059fc28fe750fd3780ff6a9078d50f9d65724c193,True,2
61801,16247,240926_ML.npy,2026-09-24,2026-09-24 23:00:13.992101,7C67D3,C172,CESSNA AIRCRAFT COMPANY,172S,6473f5d30a6036b87804b07689412e09d1f4fd9f28139f902a7a8efd5e0340ca,True,5
61804,16250,240926_ML.npy,2026-09-24,2026-09-24 23:02:42.348917,7C67D3,C172,CESSNA AIRCRAFT COMPANY,172S,92905581be46ec3dbeb4a46d7d6f2541df69c91b319326fdcc19e5de01a88d90,True,4
61812,16258,240926_ML.npy,2026-09-24,2026-09-24 23:02:46.685797,7C67D3,C172,CESSNA AIRCRAFT COMPANY,172S,084e7fc37e657df8fb2a10b059fc28fe750fd3780ff6a9078d50f9d65724c193,True,5
61814,16260,240926_ML.npy,2026-09-24,2026-09-24 23:02:51.535800,7C67D3,C172,CESSNA AIRCRAFT COMPANY,172S,49fce10f51323062468eb6bb877c1e709204b79348e292c330f4c547da89c635,True,4
61815,16261,240926_ML.npy,2026-09-24,2026-09-24 23:02:53.612135,7C67D3,C172,CESSNA AIRCRAFT COMPANY,172S,98859d8ea52d3abc13b89f0cfa5ce70c558330590022b9c06eec1825df9c2c73,True,3
61818,16264,240926_ML.npy,2026-09-24,2026-09-24 23:02:56.689146,7C67D3,C172,CESSNA AIRCRAFT COMPANY,172S,084e7fc37e657df8fb2a10b059fc28fe750fd3780ff6a9078d50f9d65724c193,True,1
61821,16267,240926_ML.npy,2026-09-24,2026-09-24 23:03:01.761419,7C67D3,C172,CESSNA AIRCRAFT COMPANY,172S,c1d986738799c2c4ee023de6b091ee6412c6276add49229b543032904c7fb622,True,2
61822,16268,240926_ML.npy,2026-09-24,2026-09-24 23:03:03.883043,7C67D3,C172,CESSNA AIRCRAFT COMPANY,172S,d89bb83673b6e697b52649f85902e0a55db2875b7a933d6dc245e4c53c82bd54,True,1
61827,16273,240926_ML.npy,2026-09-24,2026-09-24 23:03:10.319130,7C67D3,C172,CESSNA AIRCRAFT COMPANY,172S,084e7fc37e657df8fb2a10b059fc28fe750fd3780ff6a9078d50f9d65724c193,True,5
61830,16276,240926_ML.npy,2026-09-24,2026-09-24 23:03:16.296040,7C67D3,C172,CESSNA AIRCRAFT COMPANY,172S,cf258ea47659d76d463e91e65fa618b0faeab60e20d5890720481cf293b70aad,True,5
61832,16278,240926_ML.npy,2026-09-24,2026-09-24 23:03:16.933475,7C67D3,C172,CESSNA AIRCRAFT COMPANY,172S,c0b892088d3e2c123ed93145d83afbf9ad7993fd54e383437a91a1e28e33ffcb,True,2
61846,16292,240926_ML.npy,2026-09-24,2026-09-24 23:03:30.448690,7C67D3,C172,CESSNA AIRCRAFT COMPANY,172S,4b9d4b17a0f5ac9830e50001103b9b55071dadae17aaebcb59bc0278fa3c5874,True,5
61849,16295,240926_ML.npy,2026-09-24,2026-09-24 23:03:34.795503,7C67D3,C172,CESSNA AIRCRAFT COMPANY,172S,4d8e0f6aeb3fb3dd443a3a040ba37edce956653b96b9bcb4e8b0d18e9a91c6b2,True,2
61859,16305,240926_ML.npy,2026-09-24,2026-09-24 23:04:42.230909,7C67D3,C172,CESSNA AIRCRAFT COMPANY,172S,13ff5c8a19c7c5f4bc7adaf5e9523677f3aa8d532035af561175cbb368f3e644,True,1
61860,16306,240926_ML.npy,2026-09-24,2026-09-24 23:04:42.821974,7C67D3,C172,CESSNA AIRCRAFT COMPANY,172S,efda389659c07da0144827c94a9d7b420dc3357083ad814154cf67d95a80193c,True,1
61865,16311,240926_ML.npy,2026-09-24,2026-09-24 23:04:44.357929,7C67D3,C172,CESSNA AIRCRAFT COMPANY,172S,4d8e0f6aeb3fb3dd443a3a040ba37edce956653b96b9bcb4e8b0d18e9a91c6b2,True,3
61866,16312,240926_ML.npy,2026-09-24,2026-09-24 23:04:44.741409,7C67D3,C172,CESSNA AIRCRAFT COMPANY,172S,4a5cd9e7d880bd2e5a9f9dd55602d7c4035d1547fa5876db24bdf02e4b43abc1,True,5
61867,16313,240926_ML.npy,2026-09-24,2026-09-24 23:04:45.288145,7C67D3,C172,CESSNA AIRCRAFT COMPANY,172S,cb4760d9a0dfded5404edc3b675ee18a39705ff9605869c031afeb1ea80ca18c,True,1
61870,16316,240926_ML.npy,2026-09-24,2026-09-24 23:04:49.920900,7C67D3,C172,CESSNA AIRCRAFT COMPANY,172S,084e7fc37e657df8fb2a10b059fc28fe750fd3780ff6a9078d50f9d65724c193,True,3
61872,16318,240926_ML.npy,2026-09-24,2026-09-24 23:04:53.218713,7C67D3,C172,CESSNA AIRCRAFT COMPANY,172S,872f495e03e4d7e9c38027524c3620e80b848876226b7f738f8722e0d5d5b077,True,1
61878,16324,240926_ML.npy,2026-09-24,2026-09-24 23:05:01.372702,7C67D3,C172,CESSNA AIRCRAFT COMPANY,172S,084e7fc37e657df8fb2a10b059fc28fe750fd3780ff6a9078d50f9d65724c193,True,3
61879,16325,240926_ML.npy,2026-09-24,2026-09-24 23:05:12.258295,7C67D3,C172,CESSNA AIRCRAFT COMPANY,172S,ac88f1e0dbae2de7266f1ab4106340eafe3b4c686cf3b4356aa2bc912c10ff73,True,3
61885,16331,240926_ML.npy,2026-09-24,2026-09-24 23:05:15.323792,7C67D3,C172,CESSNA AIRCRAFT COMPANY,172S,883fb7a79c8161fc117fd1ae159f89f053af81eaa92209503ae575a240550bf5,True,4
61918,16364,240926_ML.npy,2026-09-24,2026-09-24 23:07:50.639544,7C67D3,C172,CESSNA AIRCRAFT COMPANY,172S,edb9a5ad84a85ac42cdda133184eaad82a3187168a1c4694ef7078b474cf2eb8,True,1
61921,16367,240926_ML.npy,2026-09-24,2026-09-24 23:07:54.277343,7C67D3,C172,CESSNA AIRCRAFT COMPANY,172S,8e24639bf00a6fc38c2dc472d40397c9788a45b2b649221fde70d4d2376adb0b,True,5
61930,16376,240926_ML.npy,2026-09-24,2026-09-24 23:08:04.275837,7C67D3,C172,CESSNA AIRCRAFT COMPANY,172S,f8dd8e1208ea721b12364b30f0116da45e94cbaf935f4808c477f3108ca85241,True,2
61932,16378,240926_ML.npy,2026-09-24,2026-09-24 23:08:05.851935,7C67D3,C172,CESSNA AIRCRAFT COMPANY,172S,c0b892088d3e2c123ed93145d83afbf9ad7993fd54e383437a91a1e28e33ffcb,True,3
61934,16380,240926_ML.npy,2026-09-24,2026-09-24 23:08:07.857292,7C67D3,C172,CESSNA AIRCRAFT COMPANY,172S,084e7fc37e657df8fb2a10b059fc28fe750fd3780ff6a9078d50f9d65724c193,True,5
61944,16390,240926_ML.npy,2026-09-24,2026-09-24 23:08:24.159744,7C67D3,C172,CESSNA AIRCRAFT COMPANY,172S,084e7fc37e657df8fb2a10b059fc28fe750fd3780ff6a9078d50f9d65724c193,True,5
61946,16392,240926_ML.npy,2026-09-24,2026-09-24 23:08:24.487249,7C67D3,C172,CESSNA AIRCRAFT COMPANY,172S,4d8e0f6aeb3fb3dd443a3a040ba37edce956653b96b9bcb4e8b0d18e9a91c6b2,True,5
61951,16397,240926_ML.npy,2026-09-24,2026-09-24 23:08:29.386320,7C67D3,C172,CESSNA AIRCRAFT COMPANY,172S,98859d8ea52d3abc13b89f0cfa5ce70c558330590022b9c06eec1825df9c2c73,True,3
61963,16409,240926_ML.npy,2026-09-24,2026-09-24 23:08:48.845912,7C67D3,C172,CESSNA AIRCRAFT COMPANY,172S,2ee81aa76c70c06dec26fe818ab89ee1a45d5b65b21db63fca7db0f86ac12629,True,4
61968,16414,240926_ML.npy,2026-09-24,2026-09-24 23:09:12.161525,7C67D3,C172,CESSNA AIRCRAFT COMPANY,172S,b41a81bd8c9e26918f40f3faad894cc0f7b26da61c0487e5450a89f62c4a1572,True,4
61972,16418,240926_ML.npy,2026-09-24,2026-09-24 23:09:40.038092,7C67D3,C172,CESSNA AIRCRAFT COMPANY,172S,3ed5ad60557b7c5bea0f87e93c7e60c24db51e3b7903561590d6ba3794abb968,True,5
62004,16450,240926_ML.npy,2026-09-24,2026-09-24 23:10:10.189130,7C67D3,C172,CESSNA AIRCRAFT COMPANY,172S,084e7fc37e657df8fb2a10b059fc28fe750fd3780ff6a9078d50f9d65724c193,True,5
62018,16464,240926_ML.npy,2026-09-24,2026-09-24 23:12:43.168892,7C67D3,C172,CESSNA AIRCRAFT COMPANY,172S,084e7fc37e657df8fb2a10b059fc28fe750fd3780ff6a9078d50f9d65724c193,True,3
62019,16465,240926_ML.npy,2026-09-24,2026-09-24 23:12:43.380990,7C67D3,C172,CESSNA AIRCRAFT COMPANY,172S,98859d8ea52d3abc13b89f0cfa5ce70c558330590022b9c06eec1825df9c2c73,True,1
62024,16470,240926_ML.npy,2026-09-24,2026-09-24 23:12:49.781448,7C67D3,C172,CESSNA AIRCRAFT COMPANY,172S,55c6828c62716ee08d86b0d146ba3f92907fe07b5d8ec7a2539fdf2a4d92baf8,True,2
62036,16482,240926_ML.npy,2026-09-24,2026-09-24 23:13:05.983154,7C67D3,C172,CESSNA AIRCRAFT COMPANY,172S,98859d8ea52d3abc13b89f0cfa5ce70c558330590022b9c06eec1825df9c2c73,True,3
62037,16483,240926_ML.npy,2026-09-24,2026-09-24 23:13:06.981658,7C67D3,C172,CESSNA AIRCRAFT COMPANY,172S,084e7fc37e657df8fb2a10b059fc28fe750fd3780ff6a9078d50f9d65724c193,True,3
62045,16491,240926_ML.npy,2026-09-24,2026-09-24 23:13:17.520443,7C67D3,C172,CESSNA AIRCRAFT COMPANY,172S,a79a4ea0cdefcfd6c03e58c55f26c14cc23739fc251fcf9c2aa1b2f263661862,True,2
62046,16492,240926_ML.npy,2026-09-24,2026-09-24 23:13:22.726793,7C67D3,C172,CESSNA AIRCRAFT COMPANY,172S,5b7ed66e0d725e66493071cf02ab6c9c8f10f791a9b14219c3a88999f45b0a89,True,2
62049,16495,240926_ML.npy,2026-09-24,2026-09-24 23:13:24.279926,7C67D3,C172,CESSNA AIRCRAFT COMPANY,172S,c0b892088d3e2c123ed93145d83afbf9ad7993fd54e383437a91a1e28e33ffcb,True,5
62060,16506,240926_ML.npy,2026-09-24,2026-09-24 23:13:33.621723,7C67D3,C172,CESSNA AIRCRAFT COMPANY,172S,98859d8ea52d3abc13b89f0cfa5ce70c558330590022b9c06eec1825df9c2c73,True,5
62062,16508,240926_ML.npy,2026-09-24,2026-09-24 23:13:34.379279,7C67D3,C172,CESSNA AIRCRAFT COMPANY,172S,0c44bffa84370b22cf7007eaa98ada303f57005cfd46bc4dca36f1e658bb8587,True,3
62068,16514,240926_ML.npy,2026-09-24,2026-09-24 23:14:23.810801,7C67D3,C172,CESSNA AIRCRAFT COMPANY,172S,086dca4b2978468c11f4620fbabd94e26efe334ec487b1d2ff5347e40baa662c,True,1
62073,16519,240926_ML.npy,2026-09-24,2026-09-24 23:14:31.410239,7C67D3,C172,CESSNA AIRCRAFT COMPANY,172S,009b7fc0b0c9a9a0f3194a44ce5248082ece4f1fe55213c6d833229b51a7f38b,True,4
62074,16520,240926_ML.npy,2026-09-24,2026-09-24 23:14:33.914826,7C67D3,C172,CESSNA AIRCRAFT COMPANY,172S,a330b782b34351c712cdcaefda63a883aa330ad88966ab4beaaeb4c9db3fbedc,True,1
62075,16521,240926_ML.npy,2026-09-24,2026-09-24 23:14:33.922428,7C67D3,C172,CESSNA AIRCRAFT COMPANY,172S,d13350538836d6728c1ce43ab2bb9dd4a8108dca8a8dba213147ab85fbf452d8,True,1
62076,16522,240926_ML.npy,2026-09-24,2026-09-24 23:14:46.402113,7C67D3,C172,CESSNA AIRCRAFT COMPANY,172S,6e6fac40bf6d4769bc7e11fa610b2789a14ba34bf430fb540204d4dbf9c7d9a1,True,5
62078,16524,240926_ML.npy,2026-09-24,2026-09-24 23:14:48.489420,7C67D3,C172,CESSNA AIRCRAFT COMPANY,172S,084e7fc37e657df8fb2a10b059fc28fe750fd3780ff6a9078d50f9d65724c193,True,3
62093,16539,240926_ML.npy,2026-09-24,2026-09-24 23:17:34.573220,7C67D3,C172,CESSNA AIRCRAFT COMPANY,172S,4b722732c899b41ea39cba6b49d6480c3ffa6cf484dd9696d3ea7c12d7a8eaaa,True,3
62095,16541,240926_ML.npy,2026-09-24,2026-09-24 23:17:35.294365,7C67D3,C172,CESSNA AIRCRAFT COMPANY,172S,98859d8ea52d3abc13b89f0cfa5ce70c558330590022b9c06eec1825df9c2c73,True,3
62098,16544,240926_ML.npy,2026-09-24,2026-09-24 23:17:40.450515,7C67D3,C172,CESSNA AIRCRAFT COMPANY,172S,5b89f8555b2dd9cc2925271ebe18b46a6949d49e50f490d31cc9db6369d94961,True,3
62100,16546,240926_ML.npy,2026-09-24,2026-09-24 23:17:51.032699,7C67D3,C172,CESSNA AIRCRAFT COMPANY,172S,eed7d8cb730329ac6531b7c4adc90c534ac38ba8209f04fc36f965da9ae0ad1c,True,4
62105,16551,240926_ML.npy,2026-09-24,2026-09-24 23:17:59.982049,7C67D3,C172,CESSNA AIRCRAFT COMPANY,172S,37a09ef9927233bf3c3f7a1ef72ccd49ec495f6c9e91fa00b641f30c49fab667,True,3
62108,16554,240926_ML.npy,2026-09-24,2026-09-24 23:18:02.113623,7C67D3,C172,CESSNA AIRCRAFT COMPANY,172S,a23bacf4a5e66d1fae6f504aef062f7d65ec9777058bcce84794573b03a75d1c,True,2
62110,16556,240926_ML.npy,2026-09-24,2026-09-24 23:18:06.083518,7C67D3,C172,CESSNA AIRCRAFT COMPANY,172S,c0b892088d3e2c123ed93145d83afbf9ad7993fd54e383437a91a1e28e33ffcb,True,3
62111,16557,240926_ML.npy,2026-09-24,2026-09-24 23:18:06.685569,7C67D3,C172,CESSNA AIRCRAFT COMPANY,172S,1d3498bc99a62eb1e7c52e0611efa34cc6f8353c34b99ce7f1511ea66e5cb11c,True,2
62113,16559,240926_ML.npy,2026-09-24,2026-09-24 23:18:09.687887,7C67D3,C172,CESSNA AIRCRAFT COMPANY,172S,084e7fc37e657df8fb2a10b059fc28fe750fd3780ff6a9078d50f9d65724c193,True,3
62121,16567,240926_ML.npy,2026-09-24,2026-09-24 23:18:40.276570,7C79B4,DA42,DIAMOND AIRCRAFT INDUSTRIES,DA 42,de362fbd92fbc9c60130d9fbc3242004f29b2c23945d1544c790fa0049cf45f5,True,1
62122,16568,240926_ML.npy,2026-09-24,2026-09-24 23:18:43.951137,7C79B4,DA42,DIAMOND AIRCRAFT INDUSTRIES,DA 42,de362fbd92fbc9c60130d9fbc3242004f29b2c23945d1544c790fa0049cf45f5,True,1
62123,16569,240926_ML.npy,2026-09-24,2026-09-24 23:18:45.662454,7C79B4,DA42,DIAMOND AIRCRAFT INDUSTRIES,DA 42,a4b84e38de9984097000e69428305ca09ba5387d06678934b305be6b30ec083d,True,1
62124,16570,240926_ML.npy,2026-09-24,2026-09-24 23:18:45.667364,7C79B4,DA42,DIAMOND AIRCRAFT INDUSTRIES,DA 42,0afe38a69621d756e7df9022144a50299d250ca3aa9b1ab41a3e07abfff55654,True,2
62125,16571,240926_ML.npy,2026-09-24,2026-09-24 23:18:47.161391,7C79B4,DA42,DIAMOND AIRCRAFT INDUSTRIES,DA 42,9db244d8aa6f47131995e619c95c368d601579d0a0a4467a9f1fb2b459e6d55b,True,4
62126,16572,240926_ML.npy,2026-09-24,2026-09-24 23:18:51.218949,7C79B4,DA42,DIAMOND AIRCRAFT INDUSTRIES,DA 42,8a45dccbb6a32222b460838947e40cdc02ea932a9d55c857e8d45aa428b66160,True,2
62128,16574,240926_ML.npy,2026-09-24,2026-09-24 23:18:51.391850,7C79B4,DA42,DIAMOND AIRCRAFT INDUSTRIES,DA 42,de362fbd92fbc9c60130d9fbc3242004f29b2c23945d1544c790fa0049cf45f5,True,2
62129,16575,240926_ML.npy,2026-09-24,2026-09-24 23:18:52.241500,7C79B4,DA42,DIAMOND AIRCRAFT INDUSTRIES,DA 42,6fa9f952c1e4ffb236c41ae2e0f7720cacf65e9fb239a86c6d412ac1f7b724b2,True,3
62131,16577,240926_ML.npy,2026-09-24,2026-09-24 23:18:53.424625,7C79B4,DA42,DIAMOND AIRCRAFT INDUSTRIES,DA 42,bf9c95e2d1e3073370ca8fb80aebc7f8d2adf9e2926d0b1b0420c04332c19dd0,True,1
62133,16579,240926_ML.npy,2026-09-24,2026-09-24 23:18:55.202276,7C79B4,DA42,DIAMOND AIRCRAFT INDUSTRIES,DA 42,de362fbd92fbc9c60130d9fbc3242004f29b2c23945d1544c790fa0049cf45f5,True,5
62136,16582,240926_ML.npy,2026-09-24,2026-09-24 23:18:57.667199,7C79B4,DA42,DIAMOND AIRCRAFT INDUSTRIES,DA 42,de362fbd92fbc9c60130d9fbc3242004f29b2c23945d1544c790fa0049cf45f5,True,5
62137,16583,240926_ML.npy,2026-09-24,2026-09-24 23:18:58.926582,7C79B4,DA42,DIAMOND AIRCRAFT INDUSTRIES,DA 42,de362fbd92fbc9c60130d9fbc3242004f29b2c23945d1544c790fa0049cf45f5,True,1
62139,16585,240926_ML.npy,2026-09-24,2026-09-24 23:19:03.531953,7C79B4,DA42,DIAMOND AIRCRAFT INDUSTRIES,DA 42,e2d122c347cd7705f72f285037a6e7b6f3d949806389dbfbd3d63d3da153aa3c,True,3
62141,16587,240926_ML.npy,2026-09-24,2026-09-24 23:19:03.795082,7C79B4,DA42,DIAMOND AIRCRAFT INDUSTRIES,DA 42,de362fbd92fbc9c60130d9fbc3242004f29b2c23945d1544c790fa0049cf45f5,True,4
62145,16591,240926_ML.npy,2026-09-24,2026-09-24 23:19:10.317743,7C79B4,DA42,DIAMOND AIRCRAFT INDUSTRIES,DA 42,d5304866b65f8f6ebd02fe5380b518a8190a174de2234c91275e9a4eb4377409,True,3
62149,16595,240926_ML.npy,2026-09-24,2026-09-24 23:19:13.152852,7C67D3,C172,CESSNA AIRCRAFT COMPANY,172S,d9bdaa0410ba0330252844f0891b6e4c4d1b3cead6b5a431d04877923048d091,True,4
62152,16598,240926_ML.npy,2026-09-24,2026-09-24 23:19:13.639777,7C67D3,C172,CESSNA AIRCRAFT COMPANY,172S,0fa631ebdecde0686c08fe0493b66d3dfa4ce37b773c1d4326d15790e45d1c2a,True,3
62154,16600,240926_ML.npy,2026-09-24,2026-09-24 23:19:15.628960,7C79B4,DA42,DIAMOND AIRCRAFT INDUSTRIES,DA 42,1b891f575eb16aca6e733bc97ef37efa61b9ec151cc37e8691d96c424f4b1260,True,3
62157,16603,240926_ML.npy,2026-09-24,2026-09-24 23:19:17.726784,7C79B4,DA42,DIAMOND AIRCRAFT INDUSTRIES,DA 42,051f0be4860b922a04cef0ead3acc19f98bee1c23f76616fac13558cbef3f57a,True,1
62161,16607,240926_ML.npy,2026-09-24,2026-09-24 23:19:19.526564,7C79B4,DA42,DIAMOND AIRCRAFT INDUSTRIES,DA 42,e07b6e8567c5c832db66d10f795b4733026ba2a3e13c4df026622f50cf0c9f03,True,3
62162,16608,240926_ML.npy,2026-09-24,2026-09-24 23:19:19.759695,7C67D3,C172,CESSNA AIRCRAFT COMPANY,172S,f96333832ce24fcb5f2dcdcc31875b2a9da5859f7b768ef9d6276a5f470e4904,True,2
62164,16610,240926_ML.npy,2026-09-24,2026-09-24 23:19:19.910966,7C79B4,DA42,DIAMOND AIRCRAFT INDUSTRIES,DA 42,de362fbd92fbc9c60130d9fbc3242004f29b2c23945d1544c790fa0049cf45f5,True,4
62166,16612,240926_ML.npy,2026-09-24,2026-09-24 23:19:20.745424,7C67D3,C172,CESSNA AIRCRAFT COMPANY,172S,c0b892088d3e2c123ed93145d83afbf9ad7993fd54e383437a91a1e28e33ffcb,True,2
62170,16616,240926_ML.npy,2026-09-24,2026-09-24 23:19:25.701547,7C67D3,C172,CESSNA AIRCRAFT COMPANY,172S,98859d8ea52d3abc13b89f0cfa5ce70c558330590022b9c06eec1825df9c2c73,True,4
62171,16617,240926_ML.npy,2026-09-24,2026-09-24 23:19:25.907018,7C79B4,DA42,DIAMOND AIRCRAFT INDUSTRIES,DA 42,131a0ac67716ea77dbffe1865050c4ba870811bfa911070cdc924e1b1830ea3d,True,1
62179,16625,240926_ML.npy,2026-09-24,2026-09-24 23:19:53.140328,7C67D3,C172,CESSNA AIRCRAFT COMPANY,172S,98859d8ea52d3abc13b89f0cfa5ce70c558330590022b9c06eec1825df9c2c73,True,5
62184,16630,240926_ML.npy,2026-09-24,2026-09-24 23:22:26.264934,7C67D3,C172,CESSNA AIRCRAFT COMPANY,172S,7c7e0f6e597d786b64d7120a6c32be5b0d81b42b828c042896e5f14315c5965b,True,3
62190,16636,240926_ML.npy,2026-09-24,2026-09-24 23:22:35.447483,7C67D3,C172,CESSNA AIRCRAFT COMPANY,172S,084e7fc37e657df8fb2a10b059fc28fe750fd3780ff6a9078d50f9d65724c193,True,3
62193,16639,240926_ML.npy,2026-09-24,2026-09-24 23:22:44.014681,7C67D3,C172,CESSNA AIRCRAFT COMPANY,172S,8deb0ac64d811590fc7ab8a142b8602df125ac075fb689c7d62eefe76cec10d9,True,2
62206,16652,240926_ML.npy,2026-09-24,2026-09-24 23:22:58.009400,7C67D3,C172,CESSNA AIRCRAFT COMPANY,172S,084e7fc37e657df8fb2a10b059fc28fe750fd3780ff6a9078d50f9d65724c193,True,2
62209,16655,240926_ML.npy,2026-09-24,2026-09-24 23:23:04.761330,7C67D3,C172,CESSNA AIRCRAFT COMPANY,172S,137154e0f7ebc76c7888797ac7ea4da7b7b0e5a36c68009ffefb42068fb4a619,True,5
62213,16659,240926_ML.npy,2026-09-24,2026-09-24 23:23:13.340022,7C67D3,C172,CESSNA AIRCRAFT COMPANY,172S,98859d8ea52d3abc13b89f0cfa5ce70c558330590022b9c06eec1825df9c2c73,True,5
62228,16674,240926_ML.npy,2026-09-24,2026-09-24 23:24:26.616565,7C67D3,C172,CESSNA AIRCRAFT COMPANY,172S,13b3de069b024427d7dce8ad59fd48b49ba15deee197fceac28e0c1a84647464,True,2
62229,16675,240926_ML.npy,2026-09-24,2026-09-24 23:24:31.796224,7C67D3,C172,CESSNA AIRCRAFT COMPANY,172S,084e7fc37e657df8fb2a10b059fc28fe750fd3780ff6a9078d50f9d65724c193,True,5
62233,16679,240926_ML.npy,2026-09-24,2026-09-24 23:24:52.231423,7C67D3,C172,CESSNA AIRCRAFT COMPANY,172S,fe3c49100cbac35e0ce131c9f6130bce827f3fe1b6a03465043983b4626d7e4c,True,2
62234,16680,240926_ML.npy,2026-09-24,2026-09-24 23:26:21.105538,7C79B4,DA42,DIAMOND AIRCRAFT INDUSTRIES,DA 42,9b859830f2ab16dba47f309a029c8a07c1c8261f11cfd43cd8ceac537ca75480,True,2
62236,16682,240926_ML.npy,2026-09-24,2026-09-24 23:26:23.431103,7C79B4,DA42,DIAMOND AIRCRAFT INDUSTRIES,DA 42,d2be661ea933997a6edc420f1311f7a5f22f9986172341db16964b4bbc3a81c4,True,5
62237,16683,240926_ML.npy,2026-09-24,2026-09-24 23:26:23.437087,7C79B4,DA42,DIAMOND AIRCRAFT INDUSTRIES,DA 42,45846fc7df2efd4b4fe78fd5bd79a3d195855400ce86bd42d23eb07c665ee98f,True,3
62240,16686,240926_ML.npy,2026-09-24,2026-09-24 23:26:30.521434,7C79B4,DA42,DIAMOND AIRCRAFT INDUSTRIES,DA 42,2056dd40cbcdbc7e43fba22d48d3fa0642efdf591a1460e30d59bbf600b55fac,True,2
62242,16688,240926_ML.npy,2026-09-24,2026-09-24 23:26:33.442922,7C79B4,DA42,DIAMOND AIRCRAFT INDUSTRIES,DA 42,a94b603bc9d807e6a16b64cf3d07a55c6667e635dda1520a88ba52cad51a0110,True,2
62246,16692,240926_ML.npy,2026-09-24,2026-09-24 23:26:38.485322,7C79B4,DA42,DIAMOND AIRCRAFT INDUSTRIES,DA 42,d3804976997b5856fbced32290c5b1714a56db10670ff522bce6fc6aea45bf5a,True,5
62247,16693,240926_ML.npy,2026-09-24,2026-09-24 23:26:43.675211,7C79B4,DA42,DIAMOND AIRCRAFT INDUSTRIES,DA 42,d84079de049fa20ef335aafdff996e726252cea26bcf380fea936a4947453649,True,4
62249,16695,240926_ML.npy,2026-09-24,2026-09-24 23:26:46.385924,7C79B4,DA42,DIAMOND AIRCRAFT INDUSTRIES,DA 42,38d8da4e1fd3859042e4356afb2bf9ba1ff5c0806c57de2616ffe3814a605c49,True,2
62251,16697,240926_ML.npy,2026-09-24,2026-09-24 23:26:48.444246,7C79B4,DA42,DIAMOND AIRCRAFT INDUSTRIES,DA 42,6a0b83d1def474df447305f78119d1edf00f9f68b5724c89ac77f18aeb52b1ec,True,3
62254,16700,240926_ML.npy,2026-09-24,2026-09-24 23:26:54.515330,7C79B4,DA42,DIAMOND AIRCRAFT INDUSTRIES,DA 42,3e18e4ff82cd3e6effa358233c69bc00d3fff394c27f59595ebf17272966fb2c,True,4
62257,16703,240926_ML.npy,2026-09-24,2026-09-24 23:27:05.985771,7C79B4,DA42,DIAMOND AIRCRAFT INDUSTRIES,DA 42,9b859830f2ab16dba47f309a029c8a07c1c8261f11cfd43cd8ceac537ca75480,True,2
62258,16704,240926_ML.npy,2026-09-24,2026-09-24 23:27:12.215211,7C79B4,DA42,DIAMOND AIRCRAFT INDUSTRIES,DA 42,9b859830f2ab16dba47f309a029c8a07c1c8261f11cfd43cd8ceac537ca75480,True,5
62259,16705,240926_ML.npy,2026-09-24,2026-09-24 23:27:14.382741,7C79B4,DA42,DIAMOND AIRCRAFT INDUSTRIES,DA 42,80090aa521432a024b43a445cd0eaf0818535865c12d1414c4684a5754a3dab1,True,2
62260,16706,240926_ML.npy,2026-09-24,2026-09-24 23:27:14.886127,7C79B4,DA42,DIAMOND AIRCRAFT INDUSTRIES,DA 42,4f9d45918b1325f9c21d42b6b10588c31b52d61447a4b9673244279f67bf717a,True,2
62263,16709,240926_ML.npy,2026-09-24,2026-09-24 23:27:16.417210,7C79B4,DA42,DIAMOND AIRCRAFT INDUSTRIES,DA 42,90e14fe4c1890798e0844baf26b196666c866b39b3a7013c23a0d1b30d2a5e83,True,1
62268,16714,240926_ML.npy,2026-09-24,2026-09-24 23:27:21.331673,7C79B4,DA42,DIAMOND AIRCRAFT INDUSTRIES,DA 42,6473427dd8335d96edd17cadf35ba62c8b0ff654a604ddce8a8322e0b6eb22a5,True,3
62270,16716,240926_ML.npy,2026-09-24,2026-09-24 23:27:23.608231,7C79B4,DA42,DIAMOND AIRCRAFT INDUSTRIES,DA 42,76316d9ce0c021b10e5954246027599631c4df22a0a0bc0004dacdcf4ec7b1ba,True,4
62272,16718,240926_ML.npy,2026-09-24,2026-09-24 23:27:24.663472,7C79B4,DA42,DIAMOND AIRCRAFT INDUSTRIES,DA 42,fba23a868419c2244efce390fa44d3b502a5cfdefbc791a5bbb6f76bfa678201,True,1
62273,16719,240926_ML.npy,2026-09-24,2026-09-24 23:27:24.668943,7C79B4,DA42,DIAMOND AIRCRAFT INDUSTRIES,DA 42,2ed443dc5c7c6e9d68cd2e40a99a201c07b5c87c8ba4f0a5a0d3a900465ccaf0,True,5
62274,16720,240926_ML.npy,2026-09-24,2026-09-24 23:27:25.832346,7C79B4,DA42,DIAMOND AIRCRAFT INDUSTRIES,DA 42,9b859830f2ab16dba47f309a029c8a07c1c8261f11cfd43cd8ceac537ca75480,True,3
62276,16722,240926_ML.npy,2026-09-24,2026-09-24 23:27:27.257139,7C79B4,DA42,DIAMOND AIRCRAFT INDUSTRIES,DA 42,2d5fbf666d7ea8961aef0791409bd6d9dd4bc9b912140df7bf057ee4835df636,True,5
62278,16724,240926_ML.npy,2026-09-24,2026-09-24 23:27:29.150074,7C79B4,DA42,DIAMOND AIRCRAFT INDUSTRIES,DA 42,9920e6e818d17f0f8024dd05d8bdec67d7b4ad2da1ae09df5105f2ccbdb0a645,True,1
62280,16726,240926_ML.npy,2026-09-24,2026-09-24 23:27:29.645731,7C79B4,DA42,DIAMOND AIRCRAFT INDUSTRIES,DA 42,5f801c20a333fcc67d045bb610cb482865f3088ead71916b29bd4e6bdd65dd2c,True,1
62281,16727,240926_ML.npy,2026-09-24,2026-09-24 23:27:30.208977,7C79B4,DA42,DIAMOND AIRCRAFT INDUSTRIES,DA 42,feb4d57248e0ccfbccfa6fdacbbd802b5e72bf7a11364a2c7a8ef9116d42a9de,True,3
62291,16737,240926_ML.npy,2026-09-24,2026-09-24 23:27:41.646620,7C67D3,C172,CESSNA AIRCRAFT COMPANY,172S,c0b892088d3e2c123ed93145d83afbf9ad7993fd54e383437a91a1e28e33ffcb,True,2
62300,16746,240926_ML.npy,2026-09-24,2026-09-24 23:27:48.232194,7C67D3,C172,CESSNA AIRCRAFT COMPANY,172S,4d8e0f6aeb3fb3dd443a3a040ba37edce956653b96b9bcb4e8b0d18e9a91c6b2,True,3
62302,16748,240926_ML.npy,2026-09-24,2026-09-24 23:27:48.988977,7C67D3,C172,CESSNA AIRCRAFT COMPANY,172S,084e7fc37e657df8fb2a10b059fc28fe750fd3780ff6a9078d50f9d65724c193,True,4
62305,16751,240926_ML.npy,2026-09-24,2026-09-24 23:27:50.339459,7C67D3,C172,CESSNA AIRCRAFT COMPANY,172S,b4ec8478d7e8fc24739972c504d09da7cca2ed91626dd16c466cc4389e2fecec,True,4
62307,16753,240926_ML.npy,2026-09-24,2026-09-24 23:27:51.280349,7C67D3,C172,CESSNA AIRCRAFT COMPANY,172S,5ef8ac356771e689241ef8250b20c9844802ae702e472d1bed74bb8678c6be27,True,5
62312,16758,240926_ML.npy,2026-09-24,2026-09-24 23:27:53.712650,7C67D3,C172,CESSNA AIRCRAFT COMPANY,172S,fece28de886e844c37c947d551e926363abcebbc96c8df4ca276a68f62a51647,True,1
62320,16766,240926_ML.npy,2026-09-24,2026-09-24 23:28:03.674433,7C67D3,C172,CESSNA AIRCRAFT COMPANY,172S,98859d8ea52d3abc13b89f0cfa5ce70c558330590022b9c06eec1825df9c2c73,True,4
62326,16772,240926_ML.npy,2026-09-24,2026-09-24 23:28:11.303002,7C67D3,C172,CESSNA AIRCRAFT COMPANY,172S,b5edeac5b5bc28733d6f430b987b4dffaa15273d3c02372f196bd6f8f22a4edd,True,3
62335,16781,240926_ML.npy,2026-09-24,2026-09-24 23:28:24.334868,7C67D3,C172,CESSNA AIRCRAFT COMPANY,172S,66eac5a40b4cf47b8c6c4657f23c73b3821173c6ceeb384450e807c5d819da76,True,2
62339,16785,240926_ML.npy,2026-09-24,2026-09-24 23:28:29.056831,7C67D3,C172,CESSNA AIRCRAFT COMPANY,172S,045dc7546370848f6955cb2736c28a78d9828a464198980251cb7a3d59d215b8,True,2
62347,16793,240926_ML.npy,2026-09-24,2026-09-24 23:29:17.365750,7C67D3,C172,CESSNA AIRCRAFT COMPANY,172S,c0b892088d3e2c123ed93145d83afbf9ad7993fd54e383437a91a1e28e33ffcb,True,1
62357,16803,240926_ML.npy,2026-09-24,2026-09-24 23:29:50.778106,7C67D3,C172,CESSNA AIRCRAFT COMPANY,172S,c326933b18df3d15f4fdce4b9befc76b88b21faa69d75f924dd694c40485cb2a,True,1
62358,16804,240926_ML.npy,2026-09-24,2026-09-24 23:29:50.782893,7C67D3,C172,CESSNA AIRCRAFT COMPANY,172S,2a15c1e87234c2c1ec25aaf9459f95291e9c03ff7892e2b806b4917a191b400d,True,5
62360,16806,240926_ML.npy,2026-09-24,2026-09-24 23:29:51.787966,7C67D3,C172,CESSNA AIRCRAFT COMPANY,172S,1c46c6ee8ed3741caf1a30ab08e4cf62cf4ff9b86931831d4e229270376c0d46,True,4
62365,16811,240926_ML.npy,2026-09-24,2026-09-24 23:29:58.622174,7C67D3,C172,CESSNA AIRCRAFT COMPANY,172S,084e7fc37e657df8fb2a10b059fc28fe750fd3780ff6a9078d50f9d65724c193,True,3
62371,16817,240926_ML.npy,2026-09-24,2026-09-24 23:30:07.421279,7C67D3,C172,CESSNA AIRCRAFT COMPANY,172S,8caa9df6970c937c72ed6f363b83a6cbd5c17476c2eeaf395e86e69afec6fddf,True,2
62375,16821,240926_ML.npy,2026-09-24,2026-09-24 23:30:10.223710,7C67D0,C172,CESSNA AIRCRAFT COMPANY,172S,e09ef2c1cd246a52ada4234c4dedc2907348a3e1a2fcb6b735ade5d8f6116920,True,3
62383,16829,240926_ML.npy,2026-09-24,2026-09-24 23:30:18.173577,7C67D3,C172,CESSNA AIRCRAFT COMPANY,172S,98859d8ea52d3abc13b89f0cfa5ce70c558330590022b9c06eec1825df9c2c73,True,4
62385,16831,240926_ML.npy,2026-09-24,2026-09-24 23:30:20.134156,7C67D3,C172,CESSNA AIRCRAFT COMPANY,172S,25c426323682de03c84006446148d3dfc77bdf69e26db00798f3c440396ca13b,True,3
62388,16834,240926_ML.npy,2026-09-24,2026-09-24 23:30:23.922483,7C67D0,C172,CESSNA AIRCRAFT COMPANY,172S,e09ef2c1cd246a52ada4234c4dedc2907348a3e1a2fcb6b735ade5d8f6116920,True,2
62402,16848,240926_ML.npy,2026-09-24,2026-09-24 23:30:33.790952,7C67D0,C172,CESSNA AIRCRAFT COMPANY,172S,e09ef2c1cd246a52ada4234c4dedc2907348a3e1a2fcb6b735ade5d8f6116920,True,3
62403,16849,240926_ML.npy,2026-09-24,2026-09-24 23:30:34.761491,7C67D0,C172,CESSNA AIRCRAFT COMPANY,172S,ee9a73fe7d44a2cd359fbc9b4d646bf00cfe2fb4f28f8f5ab168cc36018b2310,True,5
62408,16854,240926_ML.npy,2026-09-24,2026-09-24 23:30:39.490281,7C67D0,C172,CESSNA AIRCRAFT COMPANY,172S,742b26d109cc1658353b1f7271da3eef1e660eab3b08d73a646a5d123fa8ffc5,True,1
62411,16857,240926_ML.npy,2026-09-24,2026-09-24 23:30:42.455818,7C67D0,C172,CESSNA AIRCRAFT COMPANY,172S,e09ef2c1cd246a52ada4234c4dedc2907348a3e1a2fcb6b735ade5d8f6116920,True,5
62412,16858,240926_ML.npy,2026-09-24,2026-09-24 23:30:44.277633,7C67D0,C172,CESSNA AIRCRAFT COMPANY,172S,00894a53cdbd78206d8adc958f951099465de8537238d9bf13a76618a2481e7b,True,5
62418,16864,240926_ML.npy,2026-09-24,2026-09-24 23:30:47.388063,7C67D0,C172,CESSNA AIRCRAFT COMPANY,172S,e09ef2c1cd246a52ada4234c4dedc2907348a3e1a2fcb6b735ade5d8f6116920,True,4
62426,16872,240926_ML.npy,2026-09-24,2026-09-24 23:30:56.319169,7C67D0,C172,CESSNA AIRCRAFT COMPANY,172S,28c1f3f3387e304edf35691721d25063e1d0540c2a2edc45c69efb182a8bef45,True,2
62432,16878,240926_ML.npy,2026-09-24,2026-09-24 23:31:00.784337,7C67D0,C172,CESSNA AIRCRAFT COMPANY,172S,b8bc0764d058c5d84b18ad59e7429097359eabd6704b380b975fd26ed5dc1371,True,4
62433,16879,240926_ML.npy,2026-09-24,2026-09-24 23:31:01.083899,7C67D0,C172,CESSNA AIRCRAFT COMPANY,172S,e09ef2c1cd246a52ada4234c4dedc2907348a3e1a2fcb6b735ade5d8f6116920,True,3
62438,16884,240926_ML.npy,2026-09-24,2026-09-24 23:31:06.121716,7C67D0,C172,CESSNA AIRCRAFT COMPANY,172S,e09ef2c1cd246a52ada4234c4dedc2907348a3e1a2fcb6b735ade5d8f6116920,True,5
62439,16885,240926_ML.npy,2026-09-24,2026-09-24 23:31:07.177165,7C67D0,C172,CESSNA AIRCRAFT COMPANY,172S,834babf314123ddc576208ba0d7e378e6d744aae4f4507fbd6abb331574667fe,True,5
62443,16889,240926_ML.npy,2026-09-24,2026-09-24 23:31:12.025201,7C67D0,C172,CESSNA AIRCRAFT COMPANY,172S,f0f9ea4b9db1611ff83d6294fe28a93228906c9b628cb50de3efcb2ace63dc07,True,4
62446,16892,240926_ML.npy,2026-09-24,2026-09-24 23:31:14.776094,7C67D0,C172,CESSNA AIRCRAFT COMPANY,172S,a1863d9603a9c082e7a7af9423a53c674d33558d0ee73e0d6685d5d751433b5a,True,3
62449,16895,240926_ML.npy,2026-09-24,2026-09-24 23:31:16.448992,7C67D0,C172,CESSNA AIRCRAFT COMPANY,172S,866fdbe36a441ece630492931a1da4bcebe8154226d37c37b9fe7a12a5899aec,True,4
62454,16900,240926_ML.npy,2026-09-24,2026-09-24 23:31:22.358207,7C67D0,C172,CESSNA AIRCRAFT COMPANY,172S,e09ef2c1cd246a52ada4234c4dedc2907348a3e1a2fcb6b735ade5d8f6116920,True,5
62455,16901,240926_ML.npy,2026-09-24,2026-09-24 23:31:22.833966,7C67D0,C172,CESSNA AIRCRAFT COMPANY,172S,c2188fdfd6248fd1c5c2e26e385ccfaaa9d2a91c4e36126eee5f24de58e1fede,True,1
62458,16904,240926_ML.npy,2026-09-24,2026-09-24 23:31:25.421118,7C67D0,C172,CESSNA AIRCRAFT COMPANY,172S,6ed9fae629f464f1c768ee6f3906832d2da96336965159338627b4ac711e2233,True,2
62482,16928,240926_ML.npy,2026-09-24,2026-09-24 23:33:33.064819,7C67D3,C172,CESSNA AIRCRAFT COMPANY,172S,256aed93a6287534203c44affc752efa55f6acf5a4a69e5beceb1a59e827fb16,True,1
62484,16930,240926_ML.npy,2026-09-24,2026-09-24 23:33:36.452928,7C67D3,C172,CESSNA AIRCRAFT COMPANY,172S,084e7fc37e657df8fb2a10b059fc28fe750fd3780ff6a9078d50f9d65724c193,True,5
62486,16932,240926_ML.npy,2026-09-24,2026-09-24 23:33:38.203949,7C67D3,C172,CESSNA AIRCRAFT COMPANY,172S,3655cdd4d9b1cb6ec47caf0f06158d908a8b8b9f659452e06d16a53c24e42b4b,True,3
62489,16935,240926_ML.npy,2026-09-24,2026-09-24 23:33:44.716688,7C67D3,C172,CESSNA AIRCRAFT COMPANY,172S,98859d8ea52d3abc13b89f0cfa5ce70c558330590022b9c06eec1825df9c2c73,True,4
62492,16938,240926_ML.npy,2026-09-24,2026-09-24 23:33:48.786169,7C67D3,C172,CESSNA AIRCRAFT COMPANY,172S,6247cd4e52a9e72ebd3ac72ed7a12737220df74c08765818850ab1ec2987a9f7,True,2
62494,16940,240926_ML.npy,2026-09-24,2026-09-24 23:33:51.697645,7C67D3,C172,CESSNA AIRCRAFT COMPANY,172S,b07d134b029de4e8709024a650297da107c4a158607ee74aa5c061dded03bdd1,True,1
62495,16941,240926_ML.npy,2026-09-24,2026-09-24 23:33:52.240950,7C67D3,C172,CESSNA AIRCRAFT COMPANY,172S,d80560b187df95d483bb97f8d95adc8890d7ff6e60dc92066a71d2ed1e27df85,True,2
62496,16942,240926_ML.npy,2026-09-24,2026-09-24 23:33:53.355797,7C67D3,C172,CESSNA AIRCRAFT COMPANY,172S,1213d34abaaee8e25cd156858b311da954342ef409d775d47c5249484b5ada93,True,3
62499,16945,240926_ML.npy,2026-09-24,2026-09-24 23:33:57.563207,7C67D3,C172,CESSNA AIRCRAFT COMPANY,172S,084e7fc37e657df8fb2a10b059fc28fe750fd3780ff6a9078d50f9d65724c193,True,5
62503,16949,240926_ML.npy,2026-09-24,2026-09-24 23:34:01.961576,7C67D3,C172,CESSNA AIRCRAFT COMPANY,172S,12e84b7d3360e892fb72696c8c14f0bd580549eeef89b891d9a25d564b7abf9e,True,2
62508,16954,240926_ML.npy,2026-09-24,2026-09-24 23:34:11.788996,7C67D3,C172,CESSNA AIRCRAFT COMPANY,172S,af3046d9109db0942766208c666d670d44c9bc4458aead443e37a023ec654366,True,4
62509,16955,240926_ML.npy,2026-09-24,2026-09-24 23:34:12.662433,7C67D3,C172,CESSNA AIRCRAFT COMPANY,172S,084e7fc37e657df8fb2a10b059fc28fe750fd3780ff6a9078d50f9d65724c193,True,3
62510,16956,240926_ML.npy,2026-09-24,2026-09-24 23:34:14.287594,7C67D3,C172,CESSNA AIRCRAFT COMPANY,172S,4d8e0f6aeb3fb3dd443a3a040ba37edce956653b96b9bcb4e8b0d18e9a91c6b2,True,1
62512,16958,240926_ML.npy,2026-09-24,2026-09-24 23:34:16.268129,7C67D3,C172,CESSNA AIRCRAFT COMPANY,172S,d0aa2fd99985304455d44df60680492cbe8b589f38c36e85bf1b737c9d832b60,True,3
62551,16997,240926_ML.npy,2026-09-24,2026-09-24 23:35:42.165758,7C67D3,C172,CESSNA AIRCRAFT COMPANY,172S,c0b892088d3e2c123ed93145d83afbf9ad7993fd54e383437a91a1e28e33ffcb,True,3
62566,17012,240926_ML.npy,2026-09-24,2026-09-24 23:35:54.753792,7C67D3,C172,CESSNA AIRCRAFT COMPANY,172S,e3e8327d6321a2f751b86d2dbb0a3b0ec2ec48f67bf1aa4bba3f6b9beafbe76f,True,3
62567,17013,240926_ML.npy,2026-09-24,2026-09-24 23:35:54.760051,7C67D3,C172,CESSNA AIRCRAFT COMPANY,172S,db764dc46ad3de217ea33eb5aaeed1c6026b9485c5ebf86e3e2b506b1fed9335,True,2
62652,17098,240926_ML.npy,2026-09-24,2026-09-24 23:38:36.326643,7C7B64,DA40,DIAMOND AIRCRAFT INDUSTRIES INC.,DA 40,37e14d7b6fbfffa57c6a0ebe2c598b751b8348f4e388d6c9e0b3cbddfd50870a,True,4
62692,17138,240926_ML.npy,2026-09-24,2026-09-24 23:42:29.013124,7C444D,P28A,PIPER AIRCRAFT CORP,PA-28-181,dc9f7be2c4e541636eb75c20c56ffa8d74f6699049c3cc32842e018ca0ded512,True,5
62693,17139,240926_ML.npy,2026-09-24,2026-09-24 23:42:29.561611,7C444D,P28A,PIPER AIRCRAFT CORP,PA-28-181,b2e4bc7243eb2b73c4eee310d7ebee7d76e8efd273ea646bfac15876be9c42ec,True,4
62694,17140,240926_ML.npy,2026-09-24,2026-09-24 23:42:30.115285,7C444D,P28A,PIPER AIRCRAFT CORP,PA-28-181,80ea5ae59532268483011f092084179b6c79c3b956927ff5656cbcc160e93f10,True,5
62695,17141,240926_ML.npy,2026-09-24,2026-09-24 23:42:30.742931,7C444D,P28A,PIPER AIRCRAFT CORP,PA-28-181,4eb66a90a540e1df7e2d57972ec99441ce694198e0f16af8a6433e953997894e,True,3
62696,17142,240926_ML.npy,2026-09-24,2026-09-24 23:42:35.592121,7C444D,P28A,PIPER AIRCRAFT CORP,PA-28-181,ef1503aac15101f3cedc3768bd3eff1c7c2a641ed128ab0cd638bb1734424f7f,True,1
62697,17143,240926_ML.npy,2026-09-24,2026-09-24 23:42:36.166117,7C444D,P28A,PIPER AIRCRAFT CORP,PA-28-181,d8ca3e90afb3bc1d4dca52ed572384b0662a75fc6da6c43081f935eb45116e9f,True,3
62698,17144,240926_ML.npy,2026-09-24,2026-09-24 23:42:37.973592,7C444D,P28A,PIPER AIRCRAFT CORP,PA-28-181,55d97b4424b5ca2d7b12750bf6c194deacad930ce7c05373caf4b379472bc304,True,5
62699,17145,240926_ML.npy,2026-09-24,2026-09-24 23:42:38.135643,7C444D,P28A,PIPER AIRCRAFT CORP,PA-28-181,22ac146f4f0ebfe706e9b2b4714842eed9a23afc9b13813b339b6203bbf858e7,True,2
62700,17146,240926_ML.npy,2026-09-24,2026-09-24 23:42:42.284735,7C444D,P28A,PIPER AIRCRAFT CORP,PA-28-181,e7f654a60c9c426bcddc2eca1a06370ac5e6c41a3ebbc7591f248a16b494a004,True,1
62701,17147,240926_ML.npy,2026-09-24,2026-09-24 23:42:45.748038,7C444D,P28A,PIPER AIRCRAFT CORP,PA-28-181,15ffa55450b7489dd64665d58a0dbdf8c01d5bb40a8e29519ef0447d3c150c46,True,1
62702,17148,240926_ML.npy,2026-09-24,2026-09-24 23:42:47.311298,7C444D,P28A,PIPER AIRCRAFT CORP,PA-28-181,1d63eda728f0f39155ecb9616065cd38605e7e83f9f156dd2f1bdd6c8653a7ad,True,3
62703,17149,240926_ML.npy,2026-09-24,2026-09-24 23:42:49.377359,7C444D,P28A,PIPER AIRCRAFT CORP,PA-28-181,db043e00d24e9a6009664ac6c2fb1180055e7bfcb58c6384294b128233672f34,True,3
62704,17150,240926_ML.npy,2026-09-24,2026-09-24 23:42:50.265226,7C444D,P28A,PIPER AIRCRAFT CORP,PA-28-181,9b1d9bade666aa5372c19482574e135c5ffe7673a57601c52b627cf152d7123d,True,4
62705,17151,240926_ML.npy,2026-09-24,2026-09-24 23:42:50.373141,7C444D,P28A,PIPER AIRCRAFT CORP,PA-28-181,0a712d93c3b436632b6313eca8379ae14858b33e3b9968582f2fdcbbff01ea49,True,3
62706,17152,240926_ML.npy,2026-09-24,2026-09-24 23:42:53.346617,7C444D,P28A,PIPER AIRCRAFT CORP,PA-28-181,22139a77350453333c2c6189d6859c5722c593150cb53e147ab8c0d0846ca7e9,True,5
62707,17153,240926_ML.npy,2026-09-24,2026-09-24 23:42:56.159895,7C444D,P28A,PIPER AIRCRAFT CORP,PA-28-181,d8ca3e90afb3bc1d4dca52ed572384b0662a75fc6da6c43081f935eb45116e9f,True,5
62708,17154,240926_ML.npy,2026-09-24,2026-09-24 23:42:57.331693,7C444D,P28A,PIPER AIRCRAFT CORP,PA-28-181,79696d6119640755202068fbe19c5a3d9519b2d0bfbe26205328a8d49ee83ab6,True,3
62709,17155,240926_ML.npy,2026-09-24,2026-09-24 23:42:57.757245,7C444D,P28A,PIPER AIRCRAFT CORP,PA-28-181,018f4b48e815b3b60fa7059daba6504c9a74891a9a5288350cdcc8f7bd30e8b4,True,2
62710,17156,240926_ML.npy,2026-09-24,2026-09-24 23:43:00.067557,7C444D,P28A,PIPER AIRCRAFT CORP,PA-28-181,0a712d93c3b436632b6313eca8379ae14858b33e3b9968582f2fdcbbff01ea49,True,2
62711,17157,240926_ML.npy,2026-09-24,2026-09-24 23:43:03.180466,7C444D,P28A,PIPER AIRCRAFT CORP,PA-28-181,c314f12c3d2fed4b402dabce41f0f2256c5cbb7c028a7aed089cfb10f8061775,True,1
62712,17158,240926_ML.npy,2026-09-24,2026-09-24 23:43:06.439878,7C444D,P28A,PIPER AIRCRAFT CORP,PA-28-181,6a97e87a5fcbafd991e04a24fcba570bbc04f6ff8f0b65a2a373c3ee42ef3856,True,4
62713,17159,240926_ML.npy,2026-09-24,2026-09-24 23:43:07.577540,7C444D,P28A,PIPER AIRCRAFT CORP,PA-28-181,142aaa4bd79165978d70a839b8dd89d032c49f2f8e570a3fa796f1be0c6e8641,True,5
62715,17161,240926_ML.npy,2026-09-24,2026-09-24 23:43:08.987356,7C444D,P28A,PIPER AIRCRAFT CORP,PA-28-181,64349fe212efe094f8d2973e710143b3211572b012c3e762d39251a336e2ed36,True,4
62716,17162,240926_ML.npy,2026-09-24,2026-09-24 23:43:10.040812,7C444D,P28A,PIPER AIRCRAFT CORP,PA-28-181,638d3e7440de691413949e3fc6275fe08c1af98aaf6a817084678f3c7b62154b,True,2
62717,17163,240926_ML.npy,2026-09-24,2026-09-24 23:43:13.607793,7C444D,P28A,PIPER AIRCRAFT CORP,PA-28-181,d8ca3e90afb3bc1d4dca52ed572384b0662a75fc6da6c43081f935eb45116e9f,True,5
62718,17164,240926_ML.npy,2026-09-24,2026-09-24 23:43:14.186397,7C444D,P28A,PIPER AIRCRAFT CORP,PA-28-181,154772fc500dc92f8b30ba11d8e3667706bb42902a3adacccf355b4cba071b8c,True,4
62719,17165,240926_ML.npy,2026-09-24,2026-09-24 23:43:14.644299,7C444D,P28A,PIPER AIRCRAFT CORP,PA-28-181,73128e4d2014a115f8bee0fee924cdb8bbf28a831791cb8bb0afe44da05b2ef4,True,2
62720,17166,240926_ML.npy,2026-09-24,2026-09-24 23:43:15.072709,7C444D,P28A,PIPER AIRCRAFT CORP,PA-28-181,72959b35c2a0b2b79894be458148d32b8a57ffeaaf7b9b52892df1ed95a774f5,True,1
62721,17167,240926_ML.npy,2026-09-24,2026-09-24 23:43:15.584034,7C444D,P28A,PIPER AIRCRAFT CORP,PA-28-181,8653ea8f4e343c93085e57d56263d734669aa2a3343b7ee0397858e67fbdbed1,True,5
62722,17168,240926_ML.npy,2026-09-24,2026-09-24 23:43:16.579720,7C444D,P28A,PIPER AIRCRAFT CORP,PA-28-181,c3fc187fd2292d2fd89c0d3ea0851b4a1663240bded471febe29ecb7b42442fa,True,2
62723,17169,240926_ML.npy,2026-09-24,2026-09-24 23:43:16.689725,7C444D,P28A,PIPER AIRCRAFT CORP,PA-28-181,253bb09c5d22d4a7048c42f49b77b16451f45f96a4fc016d7bd2aafedf1e7470,True,2
62724,17170,240926_ML.npy,2026-09-24,2026-09-24 23:43:20.634584,7C444D,P28A,PIPER AIRCRAFT CORP,PA-28-181,6a3f14aad54c20828a415adc493df2e209bdc4b9624503e7839f983954d29ce6,True,1
62725,17171,240926_ML.npy,2026-09-24,2026-09-24 23:43:21.330776,7C444D,P28A,PIPER AIRCRAFT CORP,PA-28-181,9f8d9b66edd64548f726ebce94e59e89a9bd23c7d128867577410132a7fe5ece,True,5
62726,17172,240926_ML.npy,2026-09-24,2026-09-24 23:43:21.822755,7C444D,P28A,PIPER AIRCRAFT CORP,PA-28-181,3957a0f86a0ab7aa26e6bea65bb07cc8179956aed4438f2a6c18636added045e,True,3
62727,17173,240926_ML.npy,2026-09-24,2026-09-24 23:43:23.480757,7C444D,P28A,PIPER AIRCRAFT CORP,PA-28-181,d8ca3e90afb3bc1d4dca52ed572384b0662a75fc6da6c43081f935eb45116e9f,True,4
62728,17174,240926_ML.npy,2026-09-24,2026-09-24 23:43:23.738680,7C444D,P28A,PIPER AIRCRAFT CORP,PA-28-181,4e75b7769689a5bdfbe61433ec5c0e1bb353edef213ae676a352386ba23b55c6,True,3
62729,17175,240926_ML.npy,2026-09-24,2026-09-24 23:43:24.748171,7C444D,P28A,PIPER AIRCRAFT CORP,PA-28-181,3c55ca4988fcb4f0fcdcad698ed601784465d523ba446ee908f9516117440bde,True,5
62730,17176,240926_ML.npy,2026-09-24,2026-09-24 23:43:28.339082,7C444D,P28A,PIPER AIRCRAFT CORP,PA-28-181,d8ca3e90afb3bc1d4dca52ed572384b0662a75fc6da6c43081f935eb45116e9f,True,2
62731,17177,240926_ML.npy,2026-09-24,2026-09-24 23:43:30.515046,7C444D,P28A,PIPER AIRCRAFT CORP,PA-28-181,9e966399826aec7f141df27e2a371ea083d9ff6403942172766d390dec285496,True,2
62732,17178,240926_ML.npy,2026-09-24,2026-09-24 23:43:31.410757,7C444D,P28A,PIPER AIRCRAFT CORP,PA-28-181,7577d0a51bd07fc0c4126e83e35d6c558e745b94fe0382e8b65c14c6ec75225c,True,5
62733,17179,240926_ML.npy,2026-09-24,2026-09-24 23:43:32.366279,7C444D,P28A,PIPER AIRCRAFT CORP,PA-28-181,512d57787e8aef99a91d29508ff030effbad6068e2d9f0a2c0b850ef5912a033,True,2
62734,17180,240926_ML.npy,2026-09-24,2026-09-24 23:43:32.568680,7C444D,P28A,PIPER AIRCRAFT CORP,PA-28-181,25f10dcf7186d8358b72779c27513a512afce91436f14dc13a36e5c09bc173ba,True,2
62735,17181,240926_ML.npy,2026-09-24,2026-09-24 23:43:33.866278,7C444D,P28A,PIPER AIRCRAFT CORP,PA-28-181,fc8c0faa4d3683190849ae8a38c2c318ed523e0a8edbd80234c3490d7df7648b,True,3
62736,17182,240926_ML.npy,2026-09-24,2026-09-24 23:43:34.916156,7C444D,P28A,PIPER AIRCRAFT CORP,PA-28-181,0a712d93c3b436632b6313eca8379ae14858b33e3b9968582f2fdcbbff01ea49,True,4
62737,17183,240926_ML.npy,2026-09-24,2026-09-24 23:43:35.877836,7C444D,P28A,PIPER AIRCRAFT CORP,PA-28-181,e48efea592f69f59375d107e3d40f25fbabb987f1d9581a3316207eaa665486c,True,4
62738,17184,240926_ML.npy,2026-09-24,2026-09-24 23:43:37.261178,7C444D,P28A,PIPER AIRCRAFT CORP,PA-28-181,109eb914bb8c501abfa5a95581f39e7442d90800494a68cc1d6b3f1199be4180,True,5
62739,17185,240926_ML.npy,2026-09-24,2026-09-24 23:43:38.789273,7C444D,P28A,PIPER AIRCRAFT CORP,PA-28-181,089a1b6f65dd7569fa4598fb97841fb783d5306bcec81c648b9acb76d7ee7d18,True,1
62740,17186,240926_ML.npy,2026-09-24,2026-09-24 23:43:39.815238,7C444D,P28A,PIPER AIRCRAFT CORP,PA-28-181,fbb68f782b3dc33458b402fc89c93f497a1d2bc4b76f8bfb86e6ba0f6b9dc259,True,3
62741,17187,240926_ML.npy,2026-09-24,2026-09-24 23:43:41.356527,7C444D,P28A,PIPER AIRCRAFT CORP,PA-28-181,0ff395ed16ae70f9f5beb76b67995e829607dad655246aa7bebf45ce1ad651b9,True,3
62742,17188,240926_ML.npy,2026-09-24,2026-09-24 23:43:44.838041,7C444D,P28A,PIPER AIRCRAFT CORP,PA-28-181,0a712d93c3b436632b6313eca8379ae14858b33e3b9968582f2fdcbbff01ea49,True,4
62743,17189,240926_ML.npy,2026-09-24,2026-09-24 23:43:45.099946,7C444D,P28A,PIPER AIRCRAFT CORP,PA-28-181,42dae08af5cadbe0bdc62fdf19a5a211392e26c2842b22f10519c2f2a533abf9,True,3
62744,17190,240926_ML.npy,2026-09-24,2026-09-24 23:43:45.631844,7C444D,P28A,PIPER AIRCRAFT CORP,PA-28-181,2bd04a9adaa01c43858713947c51d0ceef53697a48e55af7458a5438b3b0635c,True,5
62745,17191,240926_ML.npy,2026-09-24,2026-09-24 23:43:48.755368,7C444D,P28A,PIPER AIRCRAFT CORP,PA-28-181,85ea17b4ab435e93ff761890fed53f4096072ca94d161e26fbc9f59dcda7cdac,True,2
62746,17192,240926_ML.npy,2026-09-24,2026-09-24 23:43:52.646181,7C444D,P28A,PIPER AIRCRAFT CORP,PA-28-181,96428682ae34d4cb1c991996f9a8cc09e02308743e3b2ae0d34f186aaaa1552b,True,3
62747,17193,240926_ML.npy,2026-09-24,2026-09-24 23:43:53.266425,7C444D,P28A,PIPER AIRCRAFT CORP,PA-28-181,17d428cd9a0bf9967421dce40f988a1b90e2f6d2b21f81ec2c07f7a92d69d39d,True,4
62748,17194,240926_ML.npy,2026-09-24,2026-09-24 23:43:53.698350,7C444D,P28A,PIPER AIRCRAFT CORP,PA-28-181,449de6300c93569d422b00052ad2623ec52f8912daee8385e8152a4d883e1a24,True,4
62749,17195,240926_ML.npy,2026-09-24,2026-09-24 23:43:54.742142,7C444D,P28A,PIPER AIRCRAFT CORP,PA-28-181,8554b537f9696ab77c2b793c9f747358ba2adb36bf3c9d9394697a1e88849df5,True,3
62751,17197,240926_ML.npy,2026-09-24,2026-09-24 23:43:57.825622,7C444D,P28A,PIPER AIRCRAFT CORP,PA-28-181,4b14b4e2c3556234657fda3cf5c54b2ff853ed41c02bec8265a9a2a217755062,True,3
62752,17198,240926_ML.npy,2026-09-24,2026-09-24 23:43:58.635477,7C444D,P28A,PIPER AIRCRAFT CORP,PA-28-181,d8ca3e90afb3bc1d4dca52ed572384b0662a75fc6da6c43081f935eb45116e9f,True,3
62753,17199,240926_ML.npy,2026-09-24,2026-09-24 23:43:59.406694,7C444D,P28A,PIPER AIRCRAFT CORP,PA-28-181,8ab17c3f50a060a3ef62b7c0c1498b0c23a729849dd8f0ec1bd46e7a4ee6d661,True,1
62754,17200,240926_ML.npy,2026-09-24,2026-09-24 23:44:00.682460,7C444D,P28A,PIPER AIRCRAFT CORP,PA-28-181,bb25fa7b98d3a87b82621bc49c385fdfab9fbecd6ff0fc7a4e2eadc984ca15cb,True,1
62758,17204,240926_ML.npy,2026-09-24,2026-09-24 23:48:01.290641,7C6C18,C172,CESSNA AIRCRAFT COMPANY,172S,d40430ef059eeff3fc0108b9e6bd773605555c44d7399b24c7b9b0f7b3016357,True,4
62759,17205,240926_ML.npy,2026-09-24,2026-09-24 23:48:02.265420,7C6C18,C172,CESSNA AIRCRAFT COMPANY,172S,58e46ef32a0ba53a6305f3cc4f9630416f27f8511102fc1cfd93cd9283f176b7,True,5
62761,17207,240926_ML.npy,2026-09-24,2026-09-24 23:48:40.714761,7C6C18,C172,CESSNA AIRCRAFT COMPANY,172S,429ed2ae5ed27ec7a6968167b000918c475b56a0d1274b44ce9c6570b29d5820,True,2
62791,17237,240926_ML.npy,2026-09-24,2026-09-24 23:52:22.179330,7C67AE,P28A,PIPER AIRCRAFT CORP,PA-28-181,af81389cb6bdcb10d5e1994c194022cda9f1c2de393bea75f38d83a7562085de,True,3
62792,17238,240926_ML.npy,2026-09-24,2026-09-24 23:52:22.580827,7C67AE,P28A,PIPER AIRCRAFT CORP,PA-28-181,d46fbbd4ae4546634ff9e4b202216cdc5cf81df8035a1e4121f3c034957a011d,True,1
62793,17239,240926_ML.npy,2026-09-24,2026-09-24 23:52:23.442482,7C67AE,P28A,PIPER AIRCRAFT CORP,PA-28-181,58ab7ddd8276079f6fdad975dbb3f4b9f6e5e49b6b733d3ab90d6b4f702b3536,True,2
62794,17240,240926_ML.npy,2026-09-24,2026-09-24 23:52:23.446780,7C67AE,P28A,PIPER AIRCRAFT CORP,PA-28-181,280883cf4b2ceec1c375e053b5bc874439daa4de1d9eead5a43e743002af2e65,True,1
62795,17241,240926_ML.npy,2026-09-24,2026-09-24 23:52:24.964620,7C67AE,P28A,PIPER AIRCRAFT CORP,PA-28-181,b6317892c1cb1437592d33e761908864b3e81642d3514c571ad80363de1fde3c,True,3
62796,17242,240926_ML.npy,2026-09-24,2026-09-24 23:52:24.971070,7C67AE,P28A,PIPER AIRCRAFT CORP,PA-28-181,280883cf4b2ceec1c375e053b5bc874439daa4de1d9eead5a43e743002af2e65,True,3
62797,17243,240926_ML.npy,2026-09-24,2026-09-24 23:52:27.396044,7C67AE,P28A,PIPER AIRCRAFT CORP,PA-28-181,1b2b55a643df1f08fdb851e6443c938019bbf00089997ebf311ef5a24ef4245f,True,3
62801,17247,240926_ML.npy,2026-09-24,2026-09-24 23:52:33.550552,7C67AE,P28A,PIPER AIRCRAFT CORP,PA-28-181,5118105972833e25b32abd1e9ec613188b8447784aef60a2b204514ba93ae13d,True,4
62803,17249,240926_ML.npy,2026-09-24,2026-09-24 23:52:35.862813,7C67AE,P28A,PIPER AIRCRAFT CORP,PA-28-181,f46491e9a628d5efbfe4069012ad17a01aebe1edcf189981f54de23a16fd2edd,True,1
62804,17250,240926_ML.npy,2026-09-24,2026-09-24 23:52:36.278154,7C67AE,P28A,PIPER AIRCRAFT CORP,PA-28-181,65e5e0bdd09617ecf22c80e09a11e0b4c4977f2475b082e1af65e4c9f027c887,True,4
62805,17251,240926_ML.npy,2026-09-24,2026-09-24 23:52:37.391460,7C67AE,P28A,PIPER AIRCRAFT CORP,PA-28-181,1b2b55a643df1f08fdb851e6443c938019bbf00089997ebf311ef5a24ef4245f,True,2
62806,17252,240926_ML.npy,2026-09-24,2026-09-24 23:52:38.367163,7C67AE,P28A,PIPER AIRCRAFT CORP,PA-28-181,f46491e9a628d5efbfe4069012ad17a01aebe1edcf189981f54de23a16fd2edd,True,4
62807,17253,240926_ML.npy,2026-09-24,2026-09-24 23:52:39.017001,7C67AE,P28A,PIPER AIRCRAFT CORP,PA-28-181,1fb2cc1f139341ae03c2ac080e4b556347917674cd70049fe86bfb8764382be0,True,3
62808,17254,240926_ML.npy,2026-09-24,2026-09-24 23:52:39.024826,7C67AE,P28A,PIPER AIRCRAFT CORP,PA-28-181,8d72aaffb96a50d10f7127d15083fd2a73fc48b6bc675495f26ef4323c23a726,True,4
62809,17255,240926_ML.npy,2026-09-24,2026-09-24 23:52:42.901113,7C67AE,P28A,PIPER AIRCRAFT CORP,PA-28-181,100627e12a0b5a61a2f485361848a98b384b272b7f3e78d47a4ec368268a83f4,True,1
62810,17256,240926_ML.npy,2026-09-24,2026-09-24 23:52:43.354628,7C67AE,P28A,PIPER AIRCRAFT CORP,PA-28-181,f63b6a84270e895aa3a12f9a2e66a758ed8f90cd35368bbddf6378dd6d240d32,True,3
62811,17257,240926_ML.npy,2026-09-24,2026-09-24 23:52:43.395591,7C67AE,P28A,PIPER AIRCRAFT CORP,PA-28-181,f46491e9a628d5efbfe4069012ad17a01aebe1edcf189981f54de23a16fd2edd,True,4
62812,17258,240926_ML.npy,2026-09-24,2026-09-24 23:52:43.919809,7C67AE,P28A,PIPER AIRCRAFT CORP,PA-28-181,5b081db5434f61a8a46c18112723e32bc119d764a7e73249c20d6581f0c14925,True,1
62813,17259,240926_ML.npy,2026-09-24,2026-09-24 23:52:43.924149,7C67AE,P28A,PIPER AIRCRAFT CORP,PA-28-181,a54d42a1ad4ae2437c3b33dc53710c8ddbf60ecf8f8a80d6acf5cc1238920e85,True,1
62814,17260,240926_ML.npy,2026-09-24,2026-09-24 23:52:46.022737,7C67AE,P28A,PIPER AIRCRAFT CORP,PA-28-181,1b2b55a643df1f08fdb851e6443c938019bbf00089997ebf311ef5a24ef4245f,True,1
62815,17261,240926_ML.npy,2026-09-24,2026-09-24 23:52:48.476295,7C67AE,P28A,PIPER AIRCRAFT CORP,PA-28-181,f46491e9a628d5efbfe4069012ad17a01aebe1edcf189981f54de23a16fd2edd,True,5
62816,17262,240926_ML.npy,2026-09-24,2026-09-24 23:52:51.006092,7C67AE,P28A,PIPER AIRCRAFT CORP,PA-28-181,f46491e9a628d5efbfe4069012ad17a01aebe1edcf189981f54de23a16fd2edd,True,3
62817,17263,240926_ML.npy,2026-09-24,2026-09-24 23:52:51.018759,7C67AE,P28A,PIPER AIRCRAFT CORP,PA-28-181,1b2b55a643df1f08fdb851e6443c938019bbf00089997ebf311ef5a24ef4245f,True,3
62818,17264,240926_ML.npy,2026-09-24,2026-09-24 23:52:51.144504,7C67AE,P28A,PIPER AIRCRAFT CORP,PA-28-181,c34a8f09a6865ddb0cc98fa1ec326d475331d038db2372367c6d3e041a37971d,True,1
62819,17265,240926_ML.npy,2026-09-24,2026-09-24 23:52:51.150713,7C67AE,P28A,PIPER AIRCRAFT CORP,PA-28-181,b0787de0fef14270767f65fd07ac007d314731e2728e4ef654990d91b32e4c96,True,5
62820,17266,240926_ML.npy,2026-09-24,2026-09-24 23:52:51.633736,7C67AE,P28A,PIPER AIRCRAFT CORP,PA-28-181,61c13ad2d54648ccfa1a6ce1fd36fed03dc3a1ea4f4063afedbe8e6b8e330d43,True,5
62821,17267,240926_ML.npy,2026-09-24,2026-09-24 23:52:55.911180,7C67AE,P28A,PIPER AIRCRAFT CORP,PA-28-181,1b2b55a643df1f08fdb851e6443c938019bbf00089997ebf311ef5a24ef4245f,True,3
62822,17268,240926_ML.npy,2026-09-24,2026-09-24 23:52:56.590307,7C67AE,P28A,PIPER AIRCRAFT CORP,PA-28-181,8f97627a7fdb12758cfd6c7e5f5870377198522b59850aa8b768f176e62225bd,True,2
62823,17269,240926_ML.npy,2026-09-24,2026-09-24 23:52:57.640054,7C67AE,P28A,PIPER AIRCRAFT CORP,PA-28-181,785ca0afd8fbe1ba7771c3e2903b4cd222413a6f79833f08336f1ee7ad3ad15c,True,2
62824,17270,240926_ML.npy,2026-09-24,2026-09-24 23:52:58.083369,7C67AE,P28A,PIPER AIRCRAFT CORP,PA-28-181,ef19492ee134a4eb6ca1e0626a72b07d0644eb1a7c1c5c6824f95891b7173727,True,2
62825,17271,240926_ML.npy,2026-09-24,2026-09-24 23:52:58.090980,7C67AE,P28A,PIPER AIRCRAFT CORP,PA-28-181,4293f11dcddc31363ffdf678a83258ae2b8265ecca5e6e7b18b75d40546db319,True,2
62826,17272,240926_ML.npy,2026-09-24,2026-09-24 23:52:59.075793,7C67AE,P28A,PIPER AIRCRAFT CORP,PA-28-181,f1b9bf82d875d5d978c4fa3ada7a8dbb2799b8f8a5e1c2b00602fdf893399270,True,2
62827,17273,240926_ML.npy,2026-09-24,2026-09-24 23:53:00.042143,7C67AE,P28A,PIPER AIRCRAFT CORP,PA-28-181,7870261815757465e114b7dfd54c305bb8887ce86ed87cc8a072d777bfd8e10f,True,1
62828,17274,240926_ML.npy,2026-09-24,2026-09-24 23:53:00.046672,7C67AE,P28A,PIPER AIRCRAFT CORP,PA-28-181,b54b727bbb64d6ccf23ade6acf35bdc5ee2ef1dba0dff96870df11ff5f34c47f,True,1
62829,17275,240926_ML.npy,2026-09-24,2026-09-24 23:53:00.610587,7C67AE,P28A,PIPER AIRCRAFT CORP,PA-28-181,a5855f148fe823849854939b24e1ee66ebe2b5fa36d88a0c18a5d3d43da43614,True,2
62830,17276,240926_ML.npy,2026-09-24,2026-09-24 23:53:00.615338,7C67AE,P28A,PIPER AIRCRAFT CORP,PA-28-181,5c70eddef8ed2f2d954cf421deab82195d8807ec99d9d7ef14daaba99b1766cd,True,1
62831,17277,240926_ML.npy,2026-09-24,2026-09-24 23:53:00.849109,7C67AE,P28A,PIPER AIRCRAFT CORP,PA-28-181,1b2b55a643df1f08fdb851e6443c938019bbf00089997ebf311ef5a24ef4245f,True,5
62833,17279,240926_ML.npy,2026-09-24,2026-09-24 23:53:01.913344,7C7AEF,DA40,DIAMOND AIRCRAFT INDUSTRIES INC.,DA 40,a5b80d35ba890f5cf0de55f8a0f1835c2106e6be78692d80d482da45b5f3d4dd,True,4
62834,17280,240926_ML.npy,2026-09-24,2026-09-24 23:53:02.966844,7C67AE,P28A,PIPER AIRCRAFT CORP,PA-28-181,e4dde8a673c0aafeed23e9e91817135a7b5582d2dc3c8fc16755c30c3cd519af,True,5
62835,17281,240926_ML.npy,2026-09-24,2026-09-24 23:53:02.970449,7C67AE,P28A,PIPER AIRCRAFT CORP,PA-28-181,c625ac4fe9295baa620293f15e2e0dc5c11a2671f7ec6d63508497ef895db041,True,5
62836,17282,240926_ML.npy,2026-09-24,2026-09-24 23:53:03.463345,7C67AE,P28A,PIPER AIRCRAFT CORP,PA-28-181,f46491e9a628d5efbfe4069012ad17a01aebe1edcf189981f54de23a16fd2edd,True,5
62837,17283,240926_ML.npy,2026-09-24,2026-09-24 23:53:06.918842,7C67AE,P28A,PIPER AIRCRAFT CORP,PA-28-181,69901d1690aa9e29c4cbbd9b81723f97038e7b3d9f6f81d5cd1df3bdca3b4699,True,1
62838,17284,240926_ML.npy,2026-09-24,2026-09-24 23:53:07.860735,7C67AE,P28A,PIPER AIRCRAFT CORP,PA-28-181,c5e97fbb2dd3a77388d9fecd936b1dc31b04539099bf9379fc01d2f9158d9223,True,4
62839,17285,240926_ML.npy,2026-09-24,2026-09-24 23:53:07.864635,7C67AE,P28A,PIPER AIRCRAFT CORP,PA-28-181,86b7a42ef275dc7ac1d29e7af1d4331c7dab7fb9c4aef288914018cccc3900bd,True,3
62840,17286,240926_ML.npy,2026-09-24,2026-09-24 23:53:09.353755,7C67AE,P28A,PIPER AIRCRAFT CORP,PA-28-181,28001b74ce16a4b5c994c4d991c091ea1ebf29971c7d3e14495af6dec273e427,True,4
62841,17287,240926_ML.npy,2026-09-24,2026-09-24 23:53:11.122946,7C67AE,P28A,PIPER AIRCRAFT CORP,PA-28-181,c40f44ddf9e50c735398802d4acfcbe6017f9d28e841d6885866d812ace0123c,True,1
62844,17290,240926_ML.npy,2026-09-24,2026-09-24 23:53:14.883378,7C67AE,P28A,PIPER AIRCRAFT CORP,PA-28-181,f6bde125cad213292d9a67c4a4ec36398c93bd7ec78d8d79e68b9f2c10e068ec,True,4
62845,17291,240926_ML.npy,2026-09-24,2026-09-24 23:53:14.887064,7C67AE,P28A,PIPER AIRCRAFT CORP,PA-28-181,7f7a8e4503f5b75a7f77efdc03a5e269e4c3c2614006843fa51fc378e0915a2f,True,1
62848,17294,240926_ML.npy,2026-09-24,2026-09-24 23:53:19.421688,7C67AE,P28A,PIPER AIRCRAFT CORP,PA-28-181,1b2b55a643df1f08fdb851e6443c938019bbf00089997ebf311ef5a24ef4245f,True,4
62849,17295,240926_ML.npy,2026-09-24,2026-09-24 23:53:20.716212,7C67AE,P28A,PIPER AIRCRAFT CORP,PA-28-181,1b2b55a643df1f08fdb851e6443c938019bbf00089997ebf311ef5a24ef4245f,True,5
62851,17297,240926_ML.npy,2026-09-24,2026-09-24 23:53:26.473596,7C7AEF,DA40,DIAMOND AIRCRAFT INDUSTRIES INC.,DA 40,1f0026d71d1faf6ecee53902e8238edd712b8b3a0ce76dafb678b3a031e06b12,True,1
62855,17301,240926_ML.npy,2026-09-24,2026-09-24 23:53:29.161528,7C67AE,P28A,PIPER AIRCRAFT CORP,PA-28-181,d1cc51ab62de8df1a0948c4bc6c177cbcbf70fd22e2fe73686a0cf2a3e653be7,True,1
62858,17304,240926_ML.npy,2026-09-24,2026-09-24 23:53:34.704954,7C7AEF,DA40,DIAMOND AIRCRAFT INDUSTRIES INC.,DA 40,63a52fb5d33cae13ac8c1fc72b369b08df97925be3a75bf1b86c57804b499cbb,True,1
62860,17306,240926_ML.npy,2026-09-24,2026-09-24 23:53:36.615106,7C7AEF,DA40,DIAMOND AIRCRAFT INDUSTRIES INC.,DA 40,1123c89ae407e68f00bc6e3560c72b465b681ba1b6de9d1ccad20ce72eae1a86,True,2
62861,17307,240926_ML.npy,2026-09-24,2026-09-24 23:53:36.748294,7C67AE,P28A,PIPER AIRCRAFT CORP,PA-28-181,c744576d54bb5daebd51aaac47a035c3403a04cf1f9524cd2360f46f8cced97c,True,2
62864,17310,240926_ML.npy,2026-09-24,2026-09-24 23:53:38.312847,7C67AE,P28A,PIPER AIRCRAFT CORP,PA-28-181,ebe09729dd9e14f60595fcfb7d0b3b0b90435e4c0e7fcbb0409f0b19283f9371,True,1
62865,17311,240926_ML.npy,2026-09-24,2026-09-24 23:53:38.320910,7C67AE,P28A,PIPER AIRCRAFT CORP,PA-28-181,25385f3a8c2625c2817b5c333c61185fc3e9a85644e72ab422c5a416cb5fd3d0,True,1
62866,17312,240926_ML.npy,2026-09-24,2026-09-24 23:53:38.763738,7C67AE,P28A,PIPER AIRCRAFT CORP,PA-28-181,1f2eafd2d0c48b2b32312857bf9882b053c492b78b5dbf61d4f946e9a06305d5,True,3
62868,17314,240926_ML.npy,2026-09-24,2026-09-24 23:53:41.684857,7C67AE,P28A,PIPER AIRCRAFT CORP,PA-28-181,fe1bf604b024fb29ce9a6eef7758792e85e7e2c01b736df3a7ba668ffa6bdc36,True,1
62869,17315,240926_ML.npy,2026-09-24,2026-09-24 23:53:42.470887,7C7AEF,DA40,DIAMOND AIRCRAFT INDUSTRIES INC.,DA 40,4f881092e3285c95a801112e843f926f147005975905deb90fe0ce6d140d2c14,True,1
62880,17326,240926_ML.npy,2026-09-24,2026-09-24 23:53:52.148102,7C67AE,P28A,PIPER AIRCRAFT CORP,PA-28-181,1b2b55a643df1f08fdb851e6443c938019bbf00089997ebf311ef5a24ef4245f,True,3
62888,17334,240926_ML.npy,2026-09-24,2026-09-24 23:54:21.031686,7C7AEF,DA40,DIAMOND AIRCRAFT INDUSTRIES INC.,DA 40,88e63ee6cd1785cc8839ce52f467b96d543343a40ad0a1a7ca1f505cc7801797,True,2
62892,17338,240926_ML.npy,2026-09-24,2026-09-24 23:58:22.948432,7C168D,DA40,DIAMOND AIRCRAFT INDUSTRIES INC.,DA 40,4ae6784c65b0cf0e69bcd1d7b27160f51a1f913aded0d76675a99969f5670f43,True,4
62916,17362,240926_ML.npy,2026-09-24,2026-09-24 23:58:55.924544,7C168D,DA40,DIAMOND AIRCRAFT INDUSTRIES INC.,DA 40,d105456e3abaecc7be65aa63221304494cddc8f44404e0def33a078c688cf00a,True,5
62937,17383,240926_ML.npy,2026-09-25,2026-09-25 00:03:32.911723,7C7B65,DA40,DIAMOND AIRCRAFT INDUSTRIES INC.,DA 40,fb31ca011eeae7010c4406dc413081d415565367b37601f433395785893d8592,True,4
63004,17450,240926_ML.npy,2026-09-25,2026-09-25 00:08:39.635827,7C7B65,DA40,DIAMOND AIRCRAFT INDUSTRIES INC.,DA 40,60e1485c0d65d68a63443afb02c80cf7337be3d02d2a2be79180ff0c81bf2138,True,2
63028,17474,240926_ML.npy,2026-09-25,2026-09-25 00:09:13.950452,7C7B65,DA40,DIAMOND AIRCRAFT INDUSTRIES INC.,DA 40,130a5f90fa474b833281548cddd9231f2069e5685d933139d5612713e38faebb,True,4
63040,17486,240926_ML.npy,2026-09-25,2026-09-25 00:09:25.583995,7C168A,DA40,DIAMOND AIRCRAFT INDUSTRIES INC.,DA 40,69e024cd69f07ea7f2fd71ca268fea49988f31f50db9c3678c54cdf25129dadf,True,4
63046,17492,240926_ML.npy,2026-09-25,2026-09-25 00:09:35.800950,7C168A,DA40,DIAMOND AIRCRAFT INDUSTRIES INC.,DA 40,424380da92410e1e7ad81fc49b827141cb231f3bf3a8504d65d4875541b09bd9,True,3
63047,17493,240926_ML.npy,2026-09-25,2026-09-25 00:09:36.076620,7C168A,DA40,DIAMOND AIRCRAFT INDUSTRIES INC.,DA 40,7dd3141e466b5107d93066b90aca53483894c62e9f03405b2496b8ce909ba555,True,4
63066,17512,240926_ML.npy,2026-09-25,2026-09-25 00:09:54.869452,7C168A,DA40,DIAMOND AIRCRAFT INDUSTRIES INC.,DA 40,9c33954aacc0363b479653583aaac20b16808251697baa974adf3d741e3b5523,True,1
63072,17518,240926_ML.npy,2026-09-25,2026-09-25 00:10:00.723461,7C168A,DA40,DIAMOND AIRCRAFT INDUSTRIES INC.,DA 40,a5a9203ef956bf97327a6bbca45e6fb97d5a31491f875c0a5e64bbd6ec130976,True,5
63076,17522,240926_ML.npy,2026-09-25,2026-09-25 00:10:12.546808,7C168A,DA40,DIAMOND AIRCRAFT INDUSTRIES INC.,DA 40,6e7e137e443cf553c45cdb2d629325a2103d34005126b3cd18adc02fa2c1b502,True,4
63078,17524,240926_ML.npy,2026-09-25,2026-09-25 00:10:20.220446,7C168A,DA40,DIAMOND AIRCRAFT INDUSTRIES INC.,DA 40,3d496da1039c66f6b96e4f08200e7c72729e22ec6f13bad4181a5b79baf21e99,True,1
63114,17560,240926_ML.npy,2026-09-25,2026-09-25 00:14:18.544021,7C7B65,DA40,DIAMOND AIRCRAFT INDUSTRIES INC.,DA 40,6576927ef8107361c7c2aba1fd91062af660aa5770ad52c41f901c2771f0888a,True,2
63117,17563,240926_ML.npy,2026-09-25,2026-09-25 00:14:25.402132,7C67D0,C172,CESSNA AIRCRAFT COMPANY,172S,f0f9ea4b9db1611ff83d6294fe28a93228906c9b628cb50de3efcb2ace63dc07,True,2
63119,17565,240926_ML.npy,2026-09-25,2026-09-25 00:15:30.352491,7C7AF0,DA40,DIAMOND AIRCRAFT INDUSTRIES INC.,DA 40,8b9b83814c5d049882579a1ebd91a0cb50a2639f72d10a785d87960428a4d782,True,1
63134,17580,240926_ML.npy,2026-09-25,2026-09-25 00:15:50.783026,7C7AF0,DA40,DIAMOND AIRCRAFT INDUSTRIES INC.,DA 40,abd7a56a6a69553127d0dbefc95bd3cba22367045b2c01f7d14424fa0e7fbcb8,True,4
63138,17584,240926_ML.npy,2026-09-25,2026-09-25 00:15:55.262399,7C7AF0,DA40,DIAMOND AIRCRAFT INDUSTRIES INC.,DA 40,bb2028ddfffe4696b307ebee57daa4a17358c2e56219705f5c91df0deae205c4,True,3
63140,17586,240926_ML.npy,2026-09-25,2026-09-25 00:15:56.246461,7C7AF0,DA40,DIAMOND AIRCRAFT INDUSTRIES INC.,DA 40,b488ceda354bf6bcd2abfc45b226e51f6db21e4113752467f8e783ee322f4dc2,True,5
63141,17587,240926_ML.npy,2026-09-25,2026-09-25 00:16:04.178101,7C7AF0,DA40,DIAMOND AIRCRAFT INDUSTRIES INC.,DA 40,1c4e0051e6bd9e532cc2fb28086b526c127d291eef5c20b2e20dd46ddcaf535f,True,2
63150,17596,240926_ML.npy,2026-09-25,2026-09-25 00:16:18.611154,7C7AF0,DA40,DIAMOND AIRCRAFT INDUSTRIES INC.,DA 40,3d2c6813e607860db24707667bdb3c6aa575f3c3a183ec27fec4719396b7c694,True,2
63188,17634,240926_ML.npy,2026-09-25,2026-09-25 00:19:04.379613,7C168B,DA40,DIAMOND AIRCRAFT INDUSTRIES INC.,DA 40,7b614e2737c11c51eae01d45b538bd6ff9efc8e1a0352903401bf46abec40f47,True,3
63215,17661,240926_ML.npy,2026-09-25,2026-09-25 00:19:14.165081,7C7B65,DA40,DIAMOND AIRCRAFT INDUSTRIES INC.,DA 40,9a2c8b73fb35235faffd4b01fc3b0786545dbd06163637cfcced8e8754c81abd,True,4
63216,17662,240926_ML.npy,2026-09-25,2026-09-25 00:19:14.571188,7C168B,DA40,DIAMOND AIRCRAFT INDUSTRIES INC.,DA 40,02dda35d976f8f8786965883f5fdca6fe749ab62af0865ab14b1e7e52f1e049a,True,5
63247,17693,240926_ML.npy,2026-09-25,2026-09-25 00:19:26.995583,7C7B65,DA40,DIAMOND AIRCRAFT INDUSTRIES INC.,DA 40,f2009c20d8a116274fd73718875f18d3b5bfa98c5475c5c77807921eaba65315,True,5
63261,17707,240926_ML.npy,2026-09-25,2026-09-25 00:19:33.145433,7C7B65,DA40,DIAMOND AIRCRAFT INDUSTRIES INC.,DA 40,38925efa0aad342873bc5e5808d22d0a83c5b9b71d9aca56d78aa57912412969,True,4
63292,17738,240926_ML.npy,2026-09-25,2026-09-25 00:19:49.499797,7C7B65,DA40,DIAMOND AIRCRAFT INDUSTRIES INC.,DA 40,6a913131c60136205345a7421901be0496d6232fe0c06039c768b8a1b88795f0,True,5
63295,17741,240926_ML.npy,2026-09-25,2026-09-25 00:19:51.107270,7C7B5F,DA40,DIAMOND AIRCRAFT INDUSTRIES INC.,DA 40,d7f4a8e8f3ae9bc85e2a7678b15d3b22bc5978e64e28e3174d2ac427ff40fac7,True,4
63303,17749,240926_ML.npy,2026-09-25,2026-09-25 00:19:58.970811,7C7B5F,DA40,DIAMOND AIRCRAFT INDUSTRIES INC.,DA 40,0e5a6bdc0fc6d7675f8f3680c13279c81d0d317f58542f33d27490dae1265857,True,5
63304,17750,240926_ML.npy,2026-09-25,2026-09-25 00:19:59.554819,7C7B5F,DA40,DIAMOND AIRCRAFT INDUSTRIES INC.,DA 40,0e5a6bdc0fc6d7675f8f3680c13279c81d0d317f58542f33d27490dae1265857,True,5
63306,17752,240926_ML.npy,2026-09-25,2026-09-25 00:20:04.326460,7C7B5F,DA40,DIAMOND AIRCRAFT INDUSTRIES INC.,DA 40,50de66ec0dd2b91675534df6b089fdadcc444152cd0a851548280860c318d53f,True,3
63312,17758,240926_ML.npy,2026-09-25,2026-09-25 00:20:10.576086,7C7B5F,DA40,DIAMOND AIRCRAFT INDUSTRIES INC.,DA 40,2e791a6e4b93f1af8f74a4c45f1310fe6986ceead611fa2d452c81987d45f71d,True,2
63340,17786,240926_ML.npy,2026-09-25,2026-09-25 00:22:32.167800,7C7AF0,DA40,DIAMOND AIRCRAFT INDUSTRIES INC.,DA 40,0b45eeee8952b66da39021643572bb14257a3019e8bd0b7b266489781ad6c6a5,True,4
63349,17795,240926_ML.npy,2026-09-25,2026-09-25 00:22:50.796671,7C7AF0,DA40,DIAMOND AIRCRAFT INDUSTRIES INC.,DA 40,5dec4914e8b5963be401f87a0482ad57dc97b7606190fbca99edb82d9724597d,True,2
63350,17796,240926_ML.npy,2026-09-25,2026-09-25 00:22:51.498370,7C7AF0,DA40,DIAMOND AIRCRAFT INDUSTRIES INC.,DA 40,70a3ed441abd3e83a8621d8cefeac8c08f1185646b2c305114b7a57641ef395e,True,2
63359,17805,240926_ML.npy,2026-09-25,2026-09-25 00:22:58.699799,7C7AF0,DA40,DIAMOND AIRCRAFT INDUSTRIES INC.,DA 40,e500a5aec61b205e5da0f79408ec5fb77a8accdf8560a055f15af62cc6a00fcc,True,2
63374,17820,240926_ML.npy,2026-09-25,2026-09-25 00:24:24.069612,7C7B65,DA40,DIAMOND AIRCRAFT INDUSTRIES INC.,DA 40,27af8f4bffd7a852c8c7fa28d51f478e8bde5b95e20f0a901a557ccecc4f3380,True,4
63389,17835,240926_ML.npy,2026-09-25,2026-09-25 00:24:35.711278,7C7B65,DA40,DIAMOND AIRCRAFT INDUSTRIES INC.,DA 40,12b5c3842b730aabbd930a15178d6203d1af0fce46adf2bea0149f9018107108,True,2
63406,17852,240926_ML.npy,2026-09-25,2026-09-25 00:24:45.380969,7C7B65,DA40,DIAMOND AIRCRAFT INDUSTRIES INC.,DA 40,fb31ca011eeae7010c4406dc413081d415565367b37601f433395785893d8592,True,2
63438,17884,240926_ML.npy,2026-09-25,2026-09-25 00:26:05.739172,7C7B61,DA40,DIAMOND AIRCRAFT INDUSTRIES INC.,DA 40,b15bb97dac844735f892d57e148025d5b65fed4194045f2ab81b1047d381294d,True,5
63458,17904,240926_ML.npy,2026-09-25,2026-09-25 00:26:22.494113,7C7B61,DA40,DIAMOND AIRCRAFT INDUSTRIES INC.,DA 40,983cc4ca67592d187a6a5aa75dc2590f3c8620c41e0d991c8a3b59c25b565ade,True,1
63465,17911,240926_ML.npy,2026-09-25,2026-09-25 00:26:27.063472,7C7B61,DA40,DIAMOND AIRCRAFT INDUSTRIES INC.,DA 40,a5c3ff28bd873437335ceecb0959bbcce96bfb166e2df6d5f1dbfa142327d1ec,True,4
63482,17928,240926_ML.npy,2026-09-25,2026-09-25 00:27:55.816265,7C7B61,DA40,DIAMOND AIRCRAFT INDUSTRIES INC.,DA 40,2859c34554d1b742bfd03022caff3515775917ebc3211fb9291a25dbf4563650,True,3
63491,17937,240926_ML.npy,2026-09-25,2026-09-25 00:28:07.741147,7C7B61,DA40,DIAMOND AIRCRAFT INDUSTRIES INC.,DA 40,20b3d6fc1a69ede27232e97c8b37beb53cd16d3e608641fdb7bc0bdd181d53c7,True,5
63492,17938,240926_ML.npy,2026-09-25,2026-09-25 00:28:07.984814,7C7AF0,DA40,DIAMOND AIRCRAFT INDUSTRIES INC.,DA 40,3186cf63f36521a11600f017b41345669f40348c88e9ec66dda2bdc090b65553,True,3
63514,17960,240926_ML.npy,2026-09-25,2026-09-25 00:28:32.949333,7C7AF0,DA40,DIAMOND AIRCRAFT INDUSTRIES INC.,DA 40,7988297f8710136575d5a94d564b0b3cd3b6cf23773625231526613bcbd697de,True,3
63530,17976,240926_ML.npy,2026-09-25,2026-09-25 00:28:59.502695,7C1697,DA40,DIAMOND AIRCRAFT INDUSTRIES INC.,DA 40,2528c689eeacf0296b8a2402c54f2a2f24d49e5e296bf7f177031d34902e253f,True,4
63576,18022,240926_ML.npy,2026-09-25,2026-09-25 00:29:49.122905,7C7C39,DA40,DIAMOND AIRCRAFT INDUSTRIES INC.,DA 40,c5701522dababfa716deadd509da8859478466d5dc3877dfab3374c84fdcfd43,True,2
63583,18029,240926_ML.npy,2026-09-25,2026-09-25 00:29:51.540430,7C7C39,DA40,DIAMOND AIRCRAFT INDUSTRIES INC.,DA 40,2e503b40d40e4228ac7fc639d9fbd392f690710361b31c3c2ff8194b341b32ea,True,1
63593,18039,240926_ML.npy,2026-09-25,2026-09-25 00:30:07.693649,7C7C39,DA40,DIAMOND AIRCRAFT INDUSTRIES INC.,DA 40,2165f06075a8d8b7d76a18989d4534c6fc3169d0ab0397bae30535dff48deb69,True,3
63599,18045,240926_ML.npy,2026-09-25,2026-09-25 00:30:13.514223,7C7B65,DA40,DIAMOND AIRCRAFT INDUSTRIES INC.,DA 40,24c4fc9ec60b66e0179309ab4666650ebb59bd16f84450967638a41bffbc265a,True,3
63603,18049,240926_ML.npy,2026-09-25,2026-09-25 00:33:07.950792,7C7AF0,DA40,DIAMOND AIRCRAFT INDUSTRIES INC.,DA 40,6b9daac85c84529c9d62e40ec1e5f34b74c7e7528bd40e66b0e864c284784ca4,True,5
63604,18050,240926_ML.npy,2026-09-25,2026-09-25 00:33:08.650723,7C7AF0,DA40,DIAMOND AIRCRAFT INDUSTRIES INC.,DA 40,450733166a3c83bcc6f4ff6d0b40e41c0954b46e66657e2a79ce120900b869dc,True,4
63622,18068,240926_ML.npy,2026-09-25,2026-09-25 00:33:28.565441,7C7AF0,DA40,DIAMOND AIRCRAFT INDUSTRIES INC.,DA 40,3fa00935bb7b0ca2645e22ced9dc13f82f03f128bb2e78f32a042b26902bfc61,True,2
63641,18087,240926_ML.npy,2026-09-25,2026-09-25 00:33:42.734241,7C582C,DA40,DIAMOND AIRCRAFT INDUSTRIES INC.,DA 40,68e35277f2dd8433c63d823d11acd9dd2c1efe5b70e549aedfb1b8fff164942c,True,5
63643,18089,240926_ML.npy,2026-09-25,2026-09-25 00:33:43.330375,7C7AF0,DA40,DIAMOND AIRCRAFT INDUSTRIES INC.,DA 40,0f2d7f2527dbb3134544e81e861e228fa61920ffd9f039eb77211f832cfb9912,True,2
63653,18099,240926_ML.npy,2026-09-25,2026-09-25 00:33:48.743661,7C582C,DA40,DIAMOND AIRCRAFT INDUSTRIES INC.,DA 40,c72508406c2969be1833bbef3cad29e4b23b6a1948a7d9874909d5e67f5511aa,True,4
63667,18113,240926_ML.npy,2026-09-25,2026-09-25 00:34:04.400798,7C582C,DA40,DIAMOND AIRCRAFT INDUSTRIES INC.,DA 40,6155959cffb2a6645e750bc63cb482912930fee57324d293b33b305ad6786de2,True,2
63668,18114,240926_ML.npy,2026-09-25,2026-09-25 00:34:04.439811,7C1697,DA40,DIAMOND AIRCRAFT INDUSTRIES INC.,DA 40,90cd8705b8bfc242655bd66af03a40006c6895b49eb05367de3e7c65ee795880,True,4
63707,18153,240926_ML.npy,2026-09-25,2026-09-25 00:34:41.535092,7C1697,DA40,DIAMOND AIRCRAFT INDUSTRIES INC.,DA 40,a5ccd2c70eb06f2efe21c5069579469366efb9af6928b63ff4a7c70100e2fd0c,True,2
63721,18167,240926_ML.npy,2026-09-25,2026-09-25 00:35:14.487293,7C7B65,DA40,DIAMOND AIRCRAFT INDUSTRIES INC.,DA 40,2d32365fe66f13f57bc7f689965ad873e2aea264dd0c1f49eb9c4c8434346e71,True,3
63727,18173,240926_ML.npy,2026-09-25,2026-09-25 00:35:24.225314,7C7B65,DA40,DIAMOND AIRCRAFT INDUSTRIES INC.,DA 40,176a70e062408441bbd59cf4e5b5d427095b05ac05ab99d8896454597cb93d55,True,2
63734,18180,240926_ML.npy,2026-09-25,2026-09-25 00:35:33.680870,7C7B65,DA40,DIAMOND AIRCRAFT INDUSTRIES INC.,DA 40,baf68f84458ca9b36b504b8b341aecd2c26e09b2e6d34fadfe7c2aa63eaf44e0,True,4
63741,18187,240926_ML.npy,2026-09-25,2026-09-25 00:35:40.424270,7C7B65,DA40,DIAMOND AIRCRAFT INDUSTRIES INC.,DA 40,f02d436c496cbd8fc3afd886ec5685aac69065ccf75daa910f1f9a07b6868be2,True,1
63751,18197,240926_ML.npy,2026-09-25,2026-09-25 00:35:52.691780,7C2E75,C172,CESSNA AIRCRAFT COMPANY,172N,ae192e21218a6b50f89dad184bc405e1a216a855c2dfa95d987d6b694b10ab96,True,5
63755,18201,240926_ML.npy,2026-09-25,2026-09-25 00:35:57.469500,7C2E75,C172,CESSNA AIRCRAFT COMPANY,172N,81e4240c92622267a7bd3a63fbf1745f329ffe0a2450a160e7e3c9bc270b8fd0,True,4
63756,18202,240926_ML.npy,2026-09-25,2026-09-25 00:35:58.580227,7C2E75,C172,CESSNA AIRCRAFT COMPANY,172N,a62262f3cbf31b5fe7a1ce0845be4e57cc1cb0bffa8f07df84441ad1871428a2,True,2
63759,18205,240926_ML.npy,2026-09-25,2026-09-25 00:36:02.551605,7C2E75,C172,CESSNA AIRCRAFT COMPANY,172N,b054cac776aadf96e266ff73f9fefd138a62b1651361ab2f925a54ce147f915b,True,4
63761,18207,240926_ML.npy,2026-09-25,2026-09-25 00:36:04.089439,7C2E75,C172,CESSNA AIRCRAFT COMPANY,172N,d78a257a782ad089fcc8744b232f2d62a88cf8fb33a7f1120f45537afe394d44,True,4
63773,18219,240926_ML.npy,2026-09-25,2026-09-25 00:37:56.755908,7C2E75,C172,CESSNA AIRCRAFT COMPANY,172N,9a3375934dbd6870d632f7db9679ce55cd7e36ca6cfc5ff8347bae85648b046d,True,1
63783,18229,240926_ML.npy,2026-09-25,2026-09-25 00:38:30.285497,7C7AF0,DA40,DIAMOND AIRCRAFT INDUSTRIES INC.,DA 40,99a1316cd2a7bf850407f0582d64caa3350b6730e4b580fe8d4dc6b054a58fe7,True,4
63802,18248,240926_ML.npy,2026-09-25,2026-09-25 00:38:57.199157,7C7AF0,DA40,DIAMOND AIRCRAFT INDUSTRIES INC.,DA 40,b31970477c50f395d21fc3a4ac6b1bf7013a802970570da17b0d514a8aeca097,True,2
63803,18249,240926_ML.npy,2026-09-25,2026-09-25 00:38:57.479755,7C7AF0,DA40,DIAMOND AIRCRAFT INDUSTRIES INC.,DA 40,553ce7d078a8e07518ea0b23d3aadd547c2a1d1dbf6ff1dd0eb3208d23cb8fe3,True,2
63809,18255,240926_ML.npy,2026-09-25,2026-09-25 00:39:12.945168,7C1697,DA40,DIAMOND AIRCRAFT INDUSTRIES INC.,DA 40,12840e26ff804019e5266cfe1f5bcdc36e78894f8af4567b64bde34c5a70f91e,True,2
63840,18286,240926_ML.npy,2026-09-25,2026-09-25 00:39:47.673469,7C1697,DA40,DIAMOND AIRCRAFT INDUSTRIES INC.,DA 40,60b23a2177ec22e30f2f44e0dbf98e4e851d1831d0a9a07ef7df1a8602597e26,True,1
63844,18290,240926_ML.npy,2026-09-25,2026-09-25 00:39:51.128534,7C6693,DA40,DIAMOND AIRCRAFT INDUSTRIES INC.,DA 40,c72c5882d9394792dc0b70eb7ea5d8917ace5ca42209909f85e6d1d5587f07ec,True,1
63846,18292,240926_ML.npy,2026-09-25,2026-09-25 00:39:52.482058,7C6693,DA40,DIAMOND AIRCRAFT INDUSTRIES INC.,DA 40,e890d426518ceef2768fc31c3f0a31b769bb4b03df28ad102c91402b39fc3962,True,1
63851,18297,240926_ML.npy,2026-09-25,2026-09-25 00:39:56.370055,7C1697,DA40,DIAMOND AIRCRAFT INDUSTRIES INC.,DA 40,ae31a25f1dc01c8ed67b7c5c76162f8e1dc6c175f26cfa7737251432b1d014ad,True,1
63877,18323,240926_ML.npy,2026-09-25,2026-09-25 00:40:31.994856,7C7B65,DA40,DIAMOND AIRCRAFT INDUSTRIES INC.,DA 40,36fbd1859c123262357182529c8d335eb04b626410cf9154d9d1198baa0e29dd,True,1
63928,18374,240926_ML.npy,2026-09-25,2026-09-25 00:42:03.467269,7C2E75,C172,CESSNA AIRCRAFT COMPANY,172N,b054cac776aadf96e266ff73f9fefd138a62b1651361ab2f925a54ce147f915b,True,1
63935,18381,240926_ML.npy,2026-09-25,2026-09-25 00:42:08.995543,7C2E75,C172,CESSNA AIRCRAFT COMPANY,172N,14cfc0f75dbf8d684a5e2072575131a40f5455c83b4018e985ca0742326eb558,True,1
63939,18385,240926_ML.npy,2026-09-25,2026-09-25 00:42:10.048801,7C2E75,C172,CESSNA AIRCRAFT COMPANY,172N,3eb9f8ae09192ed552eb5eb35972a08360a7e82e61635a3de229da46c46f246c,True,2
63969,18415,240926_ML.npy,2026-09-25,2026-09-25 00:43:38.531367,7C2E75,C172,CESSNA AIRCRAFT COMPANY,172N,b054cac776aadf96e266ff73f9fefd138a62b1651361ab2f925a54ce147f915b,True,3
63970,18416,240926_ML.npy,2026-09-25,2026-09-25 00:43:40.645336,7C7AF0,DA40,DIAMOND AIRCRAFT INDUSTRIES INC.,DA 40,d4aba6868b757c3d152755d084a35501b3ead773344c0a750397c9425ac6b502,True,1
63975,18421,240926_ML.npy,2026-09-25,2026-09-25 00:43:47.976451,7C7AF0,DA40,DIAMOND AIRCRAFT INDUSTRIES INC.,DA 40,f4306244dbc85bebd7bd70112b436b8acd3ad09f8dfc42da39d59416c119a1c6,True,1
63978,18424,240926_ML.npy,2026-09-25,2026-09-25 00:43:52.766077,7C7AF0,DA40,DIAMOND AIRCRAFT INDUSTRIES INC.,DA 40,553ce7d078a8e07518ea0b23d3aadd547c2a1d1dbf6ff1dd0eb3208d23cb8fe3,True,5
63979,18425,240926_ML.npy,2026-09-25,2026-09-25 00:43:53.062191,7C7AF0,DA40,DIAMOND AIRCRAFT INDUSTRIES INC.,DA 40,f03779ca2fbe923a62ac92c818bf72ab1448a54c39d278ac1959ee3c32c6ab0f,True,3
63982,18428,240926_ML.npy,2026-09-25,2026-09-25 00:43:54.023117,7C2E75,C172,CESSNA AIRCRAFT COMPANY,172N,b054cac776aadf96e266ff73f9fefd138a62b1651361ab2f925a54ce147f915b,True,1
63983,18429,240926_ML.npy,2026-09-25,2026-09-25 00:43:54.976243,7C7AF0,DA40,DIAMOND AIRCRAFT INDUSTRIES INC.,DA 40,9a4fe8d2cea40e3c37cf1691bc6683f134742f25ed60558945c1cab45afb8e8f,True,3
63995,18441,240926_ML.npy,2026-09-25,2026-09-25 00:44:07.389343,7C2E75,C172,CESSNA AIRCRAFT COMPANY,172N,f259f4cfa8a7f2db018aae1fc0d3c56186ed46a8a017cdcc4eb140ec5e3024bf,True,3
64000,18446,240926_ML.npy,2026-09-25,2026-09-25 00:44:10.977509,7C2E75,C172,CESSNA AIRCRAFT COMPANY,172N,52205ffd79de6a5e550101574e0fafd2fcec6c3908ba11e8c73d80f1856f11b3,True,1
64005,18451,240926_ML.npy,2026-09-25,2026-09-25 00:44:16.321144,7C7AF0,DA40,DIAMOND AIRCRAFT INDUSTRIES INC.,DA 40,970f7936f209cfa62530e8b065f95cd3fe0d1ca1cc2ff8573954f3ba5c910ffd,True,5
64027,18473,240926_ML.npy,2026-09-25,2026-09-25 00:45:00.799535,7C1697,DA40,DIAMOND AIRCRAFT INDUSTRIES INC.,DA 40,2d5ac88c02da4b22ea69e55ea0fc13adeb1734e93cb5f68ed9a8aca16ef99f2b,True,5
64028,18474,240926_ML.npy,2026-09-25,2026-09-25 00:45:03.184775,7C1697,DA40,DIAMOND AIRCRAFT INDUSTRIES INC.,DA 40,c669400a2f77ccf578ca0a05f69fe3c54e3d05f41192bcfb3ede8529995a9b5a,True,5
64035,18481,240926_ML.npy,2026-09-25,2026-09-25 00:45:16.661731,7C1697,DA40,DIAMOND AIRCRAFT INDUSTRIES INC.,DA 40,bb2c39ea9df9e8424b207a2dad36213d4a190e3d44b4a9a2dc956aca7239f4ad,True,4
64039,18485,240926_ML.npy,2026-09-25,2026-09-25 00:45:20.844620,7C1697,DA40,DIAMOND AIRCRAFT INDUSTRIES INC.,DA 40,c8e9f035bd389ea0a8e67f147385f23015399723ee0eaf6481fc39996821c69f,True,3
64059,18505,240926_ML.npy,2026-09-25,2026-09-25 00:47:07.449315,7C2E75,C172,CESSNA AIRCRAFT COMPANY,172N,a684554f2fc057781b1260255c24452d578c75b52f2342df698bc7d9c69f1a57,True,1
64062,18508,240926_ML.npy,2026-09-25,2026-09-25 00:47:13.909850,7C2E75,C172,CESSNA AIRCRAFT COMPANY,172N,7f5136726b356f5a6502a5fb53093049d29fa891e1ffcc505dc1c12124aeec0f,True,5
64073,18519,240926_ML.npy,2026-09-25,2026-09-25 00:47:24.451969,7C7144,C172,CESSNA AIRCRAFT COMPANY,172N,f973debe650906cfdd14ecee0158e5657e9873ae139aff936a2b4eba41b02261,True,3
64088,18534,240926_ML.npy,2026-09-25,2026-09-25 00:47:33.108844,7C2E75,C172,CESSNA AIRCRAFT COMPANY,172N,59bbdadd92d4d0aab4b619c7defa62a5b7db2f68c8d01a0dcf996a0aa31c58f6,True,2
64093,18539,240926_ML.npy,2026-09-25,2026-09-25 00:47:38.942532,7C7144,C172,CESSNA AIRCRAFT COMPANY,172N,3471cad09fd9d6f5643891bdc164855a1d502679938325b8ce0bb88a01ff14c0,True,3
64103,18549,240926_ML.npy,2026-09-25,2026-09-25 00:47:47.754691,7C7144,C172,CESSNA AIRCRAFT COMPANY,172N,5d5abea7ecbff8dd0f0878d89d5d0168f57190e1d08d430b6d518094e4cb2f06,True,1
64106,18552,240926_ML.npy,2026-09-25,2026-09-25 00:47:48.257612,7C7144,C172,CESSNA AIRCRAFT COMPANY,172N,61b53a5162f9438857658b27994e57cd5552b867e68babd06595915a04f073ce,True,3
64109,18555,240926_ML.npy,2026-09-25,2026-09-25 00:47:51.698166,7C7144,C172,CESSNA AIRCRAFT COMPANY,172N,b4cd6a987489e56a91480de5dfcf91484311182565a864f64a4d710249c2fa31,True,2
64113,18559,240926_ML.npy,2026-09-25,2026-09-25 00:47:56.685412,7C2E75,C172,CESSNA AIRCRAFT COMPANY,172N,311f03eeb6c2ebabc53e3e9938263c59d7507c128c77f497239d41099cade561,True,1
64114,18560,240926_ML.npy,2026-09-25,2026-09-25 00:47:56.824140,7C7144,C172,CESSNA AIRCRAFT COMPANY,172N,350d210f41b5517017aff85f9f8148f8c3b8209bcad917ea4a9290f7d2a81d8f,True,2
64119,18565,240926_ML.npy,2026-09-25,2026-09-25 00:48:00.887461,7C7144,C172,CESSNA AIRCRAFT COMPANY,172N,3ead797a1661f73e80d8524cc962684fc4add41504fd63c46d7008523b676aa1,True,4
64129,18575,240926_ML.npy,2026-09-25,2026-09-25 00:48:14.095097,7C7144,C172,CESSNA AIRCRAFT COMPANY,172N,96a7c4033c66e5f7a2dd2d4c7d18b7d0f35c1728ce8f66bc43e245e07bfa8863,True,3
64139,18585,240926_ML.npy,2026-09-25,2026-09-25 00:48:25.122360,7C7144,C172,CESSNA AIRCRAFT COMPANY,172N,380c4df5b1853fe1f326bf79879db41a2306dbc6b8bc3755ca2b90402cdd17af,True,4
64141,18587,240926_ML.npy,2026-09-25,2026-09-25 00:48:26.855569,7C7144,C172,CESSNA AIRCRAFT COMPANY,172N,c888dedee3ad7830dd133fd0bd326f5f6a93c46e21b3fa7e11c9d6f294e1e098,True,4
64157,18603,240926_ML.npy,2026-09-25,2026-09-25 00:49:09.259500,7C2E75,C172,CESSNA AIRCRAFT COMPANY,172N,0eba125986b4fb9ed8e8a2083730edd5d09ceaf4ed6c2b116252a8081a202672,True,5
64160,18606,240926_ML.npy,2026-09-25,2026-09-25 00:49:13.271517,7C7AF0,DA40,DIAMOND AIRCRAFT INDUSTRIES INC.,DA 40,4e8e026a15e58b573e06dd6102b2b07493dda40b9f946626fdd1c8cbf9ca8800,True,1
64161,18607,240926_ML.npy,2026-09-25,2026-09-25 00:49:14.737979,7C7AF0,DA40,DIAMOND AIRCRAFT INDUSTRIES INC.,DA 40,bea0713866a0f90fcc31b3d48b6c15f324812c6d6cf174a74d06bc573abb0f10,True,4
64163,18609,240926_ML.npy,2026-09-25,2026-09-25 00:49:15.542923,7C7144,C172,CESSNA AIRCRAFT COMPANY,172N,14cc4a145708f5f7d630139b4c5999d7fdb98e386c1e0a62e6d831b9593f295e,True,4
64176,18622,240926_ML.npy,2026-09-25,2026-09-25 00:49:33.481393,7C1697,DA40,DIAMOND AIRCRAFT INDUSTRIES INC.,DA 40,ac6c5c118c755b65261fce1b52cd2ee5d4e328b7064bfaa510c1f0ae29cc9b10,True,2
64195,18641,240926_ML.npy,2026-09-25,2026-09-25 00:49:55.318777,7C1697,DA40,DIAMOND AIRCRAFT INDUSTRIES INC.,DA 40,aa485924d50f201c2ba8a1c3ac92bb87e707febdc75d535b88a8878a6711c220,True,4
64203,18649,240926_ML.npy,2026-09-25,2026-09-25 00:50:08.895817,7C1697,DA40,DIAMOND AIRCRAFT INDUSTRIES INC.,DA 40,22cfea42f260273d0a51f6a7e4c5aa991534fe3b521bb869a5c92b56e2043a8e,True,1
64218,18664,240926_ML.npy,2026-09-25,2026-09-25 00:50:30.543006,7C7B55,DA40,DIAMOND AIRCRAFT INDUSTRIES INC.,DA 40,9b49c58144486cc6e859df65d82c9dcc09996c0cdbed85f643189a2704d447ab,True,3
64224,18670,240926_ML.npy,2026-09-25,2026-09-25 00:50:36.583958,7C7B55,DA40,DIAMOND AIRCRAFT INDUSTRIES INC.,DA 40,f4e4906a1b6dd9c792be0ba8a821397e10ec444e9ca556e351782e90015d1c9d,True,3
64229,18675,240926_ML.npy,2026-09-25,2026-09-25 00:50:41.083059,7C7B55,DA40,DIAMOND AIRCRAFT INDUSTRIES INC.,DA 40,55fa58ce7bb70a26ca0b2edcf9b1119eb64a1b69ae9fb0fca915595dc8caecdb,True,5
64239,18685,240926_ML.npy,2026-09-25,2026-09-25 00:50:55.265311,7C7B55,DA40,DIAMOND AIRCRAFT INDUSTRIES INC.,DA 40,460c0a52a87195f20f0c7be42b45ef442960b19c1a6cf9229ab44180b1b005d0,True,3
64247,18693,240926_ML.npy,2026-09-25,2026-09-25 00:51:04.166306,7C168D,DA40,DIAMOND AIRCRAFT INDUSTRIES INC.,DA 40,d10f2782b22d0a2f5db5536b5f0e2f9c39882ddf5f5ea13911690a73f786c0db,True,4
64252,18698,240926_ML.npy,2026-09-25,2026-09-25 00:51:09.447496,7C7B55,DA40,DIAMOND AIRCRAFT INDUSTRIES INC.,DA 40,4853c281c90601d8e6f8ea45920fdb64ce713646818c6ec63993959892392d58,True,1
64259,18705,240926_ML.npy,2026-09-25,2026-09-25 00:51:11.743634,7C168D,DA40,DIAMOND AIRCRAFT INDUSTRIES INC.,DA 40,55a1cbedfee62381da1e1741e0f32b6d70bdf3d7c1d2345a5fc4d57318209592,True,3
64272,18718,240926_ML.npy,2026-09-25,2026-09-25 00:51:44.799159,7C2E75,C172,CESSNA AIRCRAFT COMPANY,172N,b054cac776aadf96e266ff73f9fefd138a62b1651361ab2f925a54ce147f915b,True,3
64293,18739,240926_ML.npy,2026-09-25,2026-09-25 00:51:54.326968,7C2E75,C172,CESSNA AIRCRAFT COMPANY,172N,67a5133f62e990f7075b1e282c883d4c16d29931a2c8de753cab8828bbd0edc7,True,3
64310,18756,240926_ML.npy,2026-09-25,2026-09-25 00:52:01.889608,7C2E75,C172,CESSNA AIRCRAFT COMPANY,172N,dd872aba5059aee1888b75c0ca6adfb468dcdab009760cc67a840d066456c2e0,True,1
64311,18757,240926_ML.npy,2026-09-25,2026-09-25 00:52:02.287012,7C2E75,C172,CESSNA AIRCRAFT COMPANY,172N,f374c147380acf6451ad5deed5b269c03e33d23fa0c8a48ac3084b43d8818d3f,True,1
64315,18761,240926_ML.npy,2026-09-25,2026-09-25 00:52:03.631070,7C168D,DA40,DIAMOND AIRCRAFT INDUSTRIES INC.,DA 40,42905670131b1ebf32a7d130294f8199036983bcf3a64137cc7201b9c369c737,True,4
64319,18765,240926_ML.npy,2026-09-25,2026-09-25 00:52:10.627261,7C2E75,C172,CESSNA AIRCRAFT COMPANY,172N,4dee03e26dcd0d7ab53a09a03868935f0bc08f4d0c434a2e5febe0d20dae49f4,True,4
64321,18767,240926_ML.npy,2026-09-25,2026-09-25 00:52:11.714928,7C168D,DA40,DIAMOND AIRCRAFT INDUSTRIES INC.,DA 40,c1c885c8279deb5371473e10578536ca4acc670346345a7b2671fa15afe4ad0f,True,1
64324,18770,240926_ML.npy,2026-09-25,2026-09-25 00:52:14.020473,7C168D,DA40,DIAMOND AIRCRAFT INDUSTRIES INC.,DA 40,95516cf90fa387ca73d689e56e9201a2254ee0c84c661e1bd3b18c495edb7d51,True,5
64334,18780,240926_ML.npy,2026-09-25,2026-09-25 00:52:55.616318,7C2E75,C172,CESSNA AIRCRAFT COMPANY,172N,34ababa7f3b851dd6658e27f1048fb23a6485c7b679576357bba0e5b9525e262,True,2
64340,18786,240926_ML.npy,2026-09-25,2026-09-25 00:53:08.315464,7C7144,C172,CESSNA AIRCRAFT COMPANY,172N,918f62c3072ebe0e4e1a5578a2d5f457f1126875d09772ffb2914674dc995528,True,1
64343,18789,240926_ML.npy,2026-09-25,2026-09-25 00:53:10.123497,7C7144,C172,CESSNA AIRCRAFT COMPANY,172N,349f16414357e79da9f1d8b0212ef6c2339eb6d5ef7f00a8c38f00964a6e02bb,True,1
64350,18796,240926_ML.npy,2026-09-25,2026-09-25 00:53:15.998706,7C168D,DA40,DIAMOND AIRCRAFT INDUSTRIES INC.,DA 40,297e5c9df85f98acd8a7e9873d457ad5e8313a8ebf8affdd31d12466fb35dcb4,True,4
64358,18804,240926_ML.npy,2026-09-25,2026-09-25 00:53:19.678237,7C7144,C172,CESSNA AIRCRAFT COMPANY,172N,4294a4eecce47fec40e033f6217dc785072ac334d571cd4b43dcd17da49973ba,True,1
64359,18805,240926_ML.npy,2026-09-25,2026-09-25 00:53:20.557776,7C7144,C172,CESSNA AIRCRAFT COMPANY,172N,25c12bb6c223294c2e24a23d4cf4506e5fbe583453154a84b06e4f3c98e56328,True,4
64360,18806,240926_ML.npy,2026-09-25,2026-09-25 00:53:20.564438,7C7144,C172,CESSNA AIRCRAFT COMPANY,172N,68d32bd19a37c0670ee1edc4c3cd5104b184c396d7706f620fd2a4a290f93981,True,3
64365,18811,240926_ML.npy,2026-09-25,2026-09-25 00:53:34.626808,7C7144,C172,CESSNA AIRCRAFT COMPANY,172N,25ecffd02a618058de3b2945417e026c76c8237f5d9bff411fb8d6879bd15d24,True,3
64367,18813,240926_ML.npy,2026-09-25,2026-09-25 00:53:35.259869,7C7144,C172,CESSNA AIRCRAFT COMPANY,172N,e72c31cb73b323e7ac737eeccd3364c055ce311066627c2de65d373c1513be10,True,4
64375,18821,240926_ML.npy,2026-09-25,2026-09-25 00:53:48.227154,7C2E75,C172,CESSNA AIRCRAFT COMPANY,172N,4d64c8aa7db6ee3280c76494b0506b15fa05c81c533c4f7e4ff278815620a672,True,3
64377,18823,240926_ML.npy,2026-09-25,2026-09-25 00:53:51.203978,7C2E75,C172,CESSNA AIRCRAFT COMPANY,172N,14e10423f47e6d71b95a6482348a277e07146088019f1d7f81397f486cbe85de,True,2
64385,18831,240926_ML.npy,2026-09-25,2026-09-25 00:53:56.979163,7C7144,C172,CESSNA AIRCRAFT COMPANY,172N,ee6ea27b38d89f8c04b0fef87a6e40e558453e77d286af816c05474e86f5c789,True,2
64389,18835,240926_ML.npy,2026-09-25,2026-09-25 00:54:00.639506,7C2E75,C172,CESSNA AIRCRAFT COMPANY,172N,1f18451f336837d96186b5a494b91964cec8c9490e2fc436a655d21ee7176307,True,2
64402,18848,240926_ML.npy,2026-09-25,2026-09-25 00:54:38.183564,7C7AF0,DA40,DIAMOND AIRCRAFT INDUSTRIES INC.,DA 40,b3e1bff41198cfe15ac88beb8a4ad55490891f16576e24b9ee6c5a6cdc45eaa9,True,1
64403,18849,240926_ML.npy,2026-09-25,2026-09-25 00:54:38.705679,7C7AF0,DA40,DIAMOND AIRCRAFT INDUSTRIES INC.,DA 40,fd6d241847cce8dc7d321e17b7f775a2a242cf6ffc0b66ea5691d1e1cfa80071,True,2
64440,18886,240926_ML.npy,2026-09-25,2026-09-25 00:56:27.223248,7C7B55,DA40,DIAMOND AIRCRAFT INDUSTRIES INC.,DA 40,2b4e9b6ee4142c85db6f8be4111fc57552ebf872bd5db475410e722ba2a8223c,True,3
64443,18889,240926_ML.npy,2026-09-25,2026-09-25 00:56:28.036625,7C7B55,DA40,DIAMOND AIRCRAFT INDUSTRIES INC.,DA 40,acd180b819b4ac56af4ce6f75b8807a83610201cf6406b512501d785eb77b311,True,2
64460,18906,240926_ML.npy,2026-09-25,2026-09-25 00:56:39.118550,7C7B55,DA40,DIAMOND AIRCRAFT INDUSTRIES INC.,DA 40,6283dc22382d66e8bb1b86e9d1ae2f341d062dcabaea3ae950420138e1089c31,True,3
64475,18921,240926_ML.npy,2026-09-25,2026-09-25 00:56:47.037045,7C7B55,DA40,DIAMOND AIRCRAFT INDUSTRIES INC.,DA 40,98704429276fe2af57f0eda0938bf71b0071be1d18df20acd095b5d760c94181,True,2
64479,18925,240926_ML.npy,2026-09-25,2026-09-25 00:56:48.064308,7C7B55,DA40,DIAMOND AIRCRAFT INDUSTRIES INC.,DA 40,e70ccf090763a78cf879d168ed4ef51ae4eb7c5358fe8b2121b686eacc108c13,True,4
64486,18932,240926_ML.npy,2026-09-25,2026-09-25 00:56:54.907311,7C7B55,DA40,DIAMOND AIRCRAFT INDUSTRIES INC.,DA 40,742197767dbe21b1d7772a98a6aa2676aec4489897028601f21b64f9fd30f126,True,4
64490,18936,240926_ML.npy,2026-09-25,2026-09-25 00:56:59.427810,7C7B55,DA40,DIAMOND AIRCRAFT INDUSTRIES INC.,DA 40,1e8d5bd75c77da7eebf24ef5c93f31eeb2c0a045a02883916d44e9e530d7abda,True,3
64497,18943,240926_ML.npy,2026-09-25,2026-09-25 00:57:29.036101,7C2E75,C172,CESSNA AIRCRAFT COMPANY,172N,6bc90e0e2ce2ba570e1eeef4cff946625001bb27e947ac9dbe73b1841260ca10,True,5
64507,18953,240926_ML.npy,2026-09-25,2026-09-25 00:57:49.571223,7C2E75,C172,CESSNA AIRCRAFT COMPANY,172N,0bfaa94e3fb215b9f19c7be92ed278a34165bea8ec0c118d8013e63cac1fc145,True,4
64508,18954,240926_ML.npy,2026-09-25,2026-09-25 00:57:50.912931,7C2E75,C172,CESSNA AIRCRAFT COMPANY,172N,4b61cd2f5c852aa1268f78369aec1c1f9a78f26e4a882117efefb2a428cea464,True,2
64519,18965,240926_ML.npy,2026-09-25,2026-09-25 00:58:10.871515,7C2E75,C172,CESSNA AIRCRAFT COMPANY,172N,44e462ec8a5115bc4f2002f5751c21c18a5b397add2b85ee3b4e7b831ec6b8c9,True,3
64524,18970,240926_ML.npy,2026-09-25,2026-09-25 00:58:16.803577,7C2E75,C172,CESSNA AIRCRAFT COMPANY,172N,36e0a25bbf776b0996ef64ab0a996e69da1505421b3419e9787e2f3cdddeffa8,True,1
64530,18976,240926_ML.npy,2026-09-25,2026-09-25 00:58:19.403683,7C2E75,C172,CESSNA AIRCRAFT COMPANY,172N,81bd429ceeab4baf594c0620c3d6e2897093460b213ad29664455cbac092035b,True,4
64531,18977,240926_ML.npy,2026-09-25,2026-09-25 00:58:19.804113,7C2E75,C172,CESSNA AIRCRAFT COMPANY,172N,76210679c5954d3bc62bfeea529d657bd3dde9894406f5ba6b67cd719cefab9b,True,1
64534,18980,240926_ML.npy,2026-09-25,2026-09-25 00:58:23.468555,7C2E75,C172,CESSNA AIRCRAFT COMPANY,172N,0e667f2cf3381d6a7d1decb46ba4e74a9dc154a28e12c1882c1ef0ae3c4570f5,True,3
64542,18988,240926_ML.npy,2026-09-25,2026-09-25 00:58:28.557387,7C7144,C172,CESSNA AIRCRAFT COMPANY,172N,e87ff23eb640b499e6512cd3d43107c281f0135aafbb4e39a5b5486fc3734c3e,True,5
64561,19007,240926_ML.npy,2026-09-25,2026-09-25 00:58:45.818537,7C7144,C172,CESSNA AIRCRAFT COMPANY,172N,6eabade305308d9a344d4951c48f24089a9c848f98c99f6d21b82a97d9aeca1f,True,1
64563,19009,240926_ML.npy,2026-09-25,2026-09-25 00:58:47.647337,7C7144,C172,CESSNA AIRCRAFT COMPANY,172N,5da3ef417b6d8e6fa4c29751a81f765fc8e4da8bfef2e8e5a6acab8694e6cba9,True,3
64565,19011,240926_ML.npy,2026-09-25,2026-09-25 00:58:48.204510,7C7144,C172,CESSNA AIRCRAFT COMPANY,172N,26d885b8d9bac47748b22aef304b2937e4c74b34d25960bf6e02050e562fdc53,True,1
64573,19019,240926_ML.npy,2026-09-25,2026-09-25 00:59:01.150688,7C7144,C172,CESSNA AIRCRAFT COMPANY,172N,25ecffd02a618058de3b2945417e026c76c8237f5d9bff411fb8d6879bd15d24,True,5
64577,19023,240926_ML.npy,2026-09-25,2026-09-25 00:59:06.328887,7C7144,C172,CESSNA AIRCRAFT COMPANY,172N,758145f7b24b32497a40da77b67655cdcab1742e3bcadb1e9782772df400df61,True,4
64580,19026,240926_ML.npy,2026-09-25,2026-09-25 00:59:15.145019,7C7144,C172,CESSNA AIRCRAFT COMPANY,172N,23d53018d830de8ef54deea2c0a173d841c8b059127f1776f9bdf8bb4f996dbe,True,2
64584,19030,240926_ML.npy,2026-09-25,2026-09-25 00:59:16.330898,7C7C2E,DA40,DIAMOND AIRCRAFT INDUSTRIES INC.,DA 40,c45e4b97781ab52a23103d14bb983cf77d6c314c762bdc94efe9c9daf343875d,True,2
64590,19036,240926_ML.npy,2026-09-25,2026-09-25 00:59:21.330938,7C7C2E,DA40,DIAMOND AIRCRAFT INDUSTRIES INC.,DA 40,d372ba296f86e179ea8dfbd08b11c226035edebac1bf7b9f5e191ee5c35cb95b,True,1
64592,19038,240926_ML.npy,2026-09-25,2026-09-25 00:59:21.499997,7C7144,C172,CESSNA AIRCRAFT COMPANY,172N,eb536f78d39f6d31e5d178f28064d8f5344a0475345c7097d18b7a1eae4a63ca,True,4
64593,19039,240926_ML.npy,2026-09-25,2026-09-25 00:59:22.635378,7C7144,C172,CESSNA AIRCRAFT COMPANY,172N,ba5bf04e17fe643f3b25d2a01694713d867bfc32cf9d6125386e569d08eeef47,True,4
64596,19042,240926_ML.npy,2026-09-25,2026-09-25 00:59:24.437541,7C7C2E,DA40,DIAMOND AIRCRAFT INDUSTRIES INC.,DA 40,9cf1588d77546d21e72488044d0d892bac0306b7b196bde000f7c6f2582be0eb,True,3
64607,19053,240926_ML.npy,2026-09-25,2026-09-25 00:59:31.337279,7C7144,C172,CESSNA AIRCRAFT COMPANY,172N,820948a5c6278011d4aadf5501c0d1d51e6a7a9f2da36d101023a1dcd2b66794,True,4
64610,19056,240926_ML.npy,2026-09-25,2026-09-25 00:59:32.746017,7C7C2E,DA40,DIAMOND AIRCRAFT INDUSTRIES INC.,DA 40,cf1cf555a775c50935b36dd9c8a8e898a0377c9599f865503f4d96e1178db06d,True,4
64614,19060,240926_ML.npy,2026-09-25,2026-09-25 00:59:36.410330,7C7144,C172,CESSNA AIRCRAFT COMPANY,172N,6684cc73cfd7807d42c99e8da9e6fa805dad59a3bbe986d5cdda937228478297,True,2
64628,19074,240926_ML.npy,2026-09-25,2026-09-25 00:59:57.659943,7C7C2E,DA40,DIAMOND AIRCRAFT INDUSTRIES INC.,DA 40,cfaaf11495ef0e5f4ce33f9b051d5fe83db2aa08e006677b77f1ac603e73be24,True,3
64658,19104,240926_ML.npy,2026-09-25,2026-09-25 01:00:24.085474,7C2E75,C172,CESSNA AIRCRAFT COMPANY,172N,b054cac776aadf96e266ff73f9fefd138a62b1651361ab2f925a54ce147f915b,True,1
64671,19117,240926_ML.npy,2026-09-25,2026-09-25 01:00:31.991455,7C7AF0,DA40,DIAMOND AIRCRAFT INDUSTRIES INC.,DA 40,23f341b347b693d20a635873ef7ec87d8ab52c0b31aba6a49e90696d4dbbc492,True,3
64672,19118,240926_ML.npy,2026-09-25,2026-09-25 01:00:32.120224,7C7AF8,DA40,DIAMOND AIRCRAFT INDUSTRIES INC.,DA 40,b122dd774d8db3179db8872929e59a14ee2f81e88e1936ead651a43de5d9cc2d,True,4
64676,19122,240926_ML.npy,2026-09-25,2026-09-25 01:00:33.823678,7C7144,C172,CESSNA AIRCRAFT COMPANY,172N,6684cc73cfd7807d42c99e8da9e6fa805dad59a3bbe986d5cdda937228478297,True,3
64677,19123,240926_ML.npy,2026-09-25,2026-09-25 01:00:35.312234,7C7AF8,DA40,DIAMOND AIRCRAFT INDUSTRIES INC.,DA 40,f378b7e6bb5b278eb11e204680d5ccbc1f0559675104d85701c9fe24f71e85bb,True,3
64682,19128,240926_ML.npy,2026-09-25,2026-09-25 01:00:39.613463,7C7C2E,DA40,DIAMOND AIRCRAFT INDUSTRIES INC.,DA 40,b1fc003d16f588c11210dff7cbb6914129c42471f4427a44b6506c58637bc6fc,True,4
64699,19145,240926_ML.npy,2026-09-25,2026-09-25 01:00:54.564544,7C7AF8,DA40,DIAMOND AIRCRAFT INDUSTRIES INC.,DA 40,72eb6948a5f2f143ab9d794dce18b6496c6ca979e8700e1a56ca0c70bc4de201,True,1
64704,19150,240926_ML.npy,2026-09-25,2026-09-25 01:00:59.488619,7C7AF8,DA40,DIAMOND AIRCRAFT INDUSTRIES INC.,DA 40,157cbaafaa513efbd1fad851ac0ad590c5cdf5f04204f81c66f0ac3dba50a0cc,True,2
64710,19156,240926_ML.npy,2026-09-25,2026-09-25 01:01:03.081088,7C7AF7,DA40,DIAMOND AIRCRAFT INDUSTRIES INC.,DA 40,279e325a740e53e81420f957974d55a691e2b0642f535b61db1ec3a715466d21,True,2
64712,19158,240926_ML.npy,2026-09-25,2026-09-25 01:01:05.898437,7C7AF7,DA40,DIAMOND AIRCRAFT INDUSTRIES INC.,DA 40,e47671656f25bb10a29cadbac357542770ea17bd1d70e04381550795523ca978,True,3
64719,19165,240926_ML.npy,2026-09-25,2026-09-25 01:01:10.576418,7C7AF7,DA40,DIAMOND AIRCRAFT INDUSTRIES INC.,DA 40,77aaa4761714dc913349ed197b07ea91da77a0b120270327bc5165f6d88f8efb,True,3
64726,19172,240926_ML.npy,2026-09-25,2026-09-25 01:01:24.003595,7C7AF7,DA40,DIAMOND AIRCRAFT INDUSTRIES INC.,DA 40,7c74fbb3cff9071a3bf6cd3d50c665720bd8bee67c6e94c141e40ca12be8298e,True,1
64729,19175,240926_ML.npy,2026-09-25,2026-09-25 01:01:26.566917,7C7AF7,DA40,DIAMOND AIRCRAFT INDUSTRIES INC.,DA 40,c49e6d0784d110085971b9ffec878424ce24eb749ed6068dc672f480207fdc91,True,5
64747,19193,240926_ML.npy,2026-09-25,2026-09-25 01:02:18.174269,7C7B55,DA40,DIAMOND AIRCRAFT INDUSTRIES INC.,DA 40,5dfb7cc2c82ff4d2f6853eb6c40454dd24ca202209a024d899a3bc29951698e9,True,4
64750,19196,240926_ML.npy,2026-09-25,2026-09-25 01:02:19.125559,7C7B55,DA40,DIAMOND AIRCRAFT INDUSTRIES INC.,DA 40,acd180b819b4ac56af4ce6f75b8807a83610201cf6406b512501d785eb77b311,True,3
64766,19212,240926_ML.npy,2026-09-25,2026-09-25 01:02:32.257690,7C7B55,DA40,DIAMOND AIRCRAFT INDUSTRIES INC.,DA 40,a94381e327b93516baaf2637450c617a343611832733d112f3277be6a0be9884,True,2
64769,19215,240926_ML.npy,2026-09-25,2026-09-25 01:02:39.287141,7C7B55,DA40,DIAMOND AIRCRAFT INDUSTRIES INC.,DA 40,acd180b819b4ac56af4ce6f75b8807a83610201cf6406b512501d785eb77b311,True,4
64770,19216,240926_ML.npy,2026-09-25,2026-09-25 01:02:40.666684,7C7B55,DA40,DIAMOND AIRCRAFT INDUSTRIES INC.,DA 40,5dfb7cc2c82ff4d2f6853eb6c40454dd24ca202209a024d899a3bc29951698e9,True,1
64773,19219,240926_ML.npy,2026-09-25,2026-09-25 01:02:47.343255,7C7B55,DA40,DIAMOND AIRCRAFT INDUSTRIES INC.,DA 40,d3992535e569a47e31b19feebf1f313ff8081adafcb99334c389acae69ea0b4b,True,4
64779,19225,240926_ML.npy,2026-09-25,2026-09-25 01:03:17.734993,7C2E75,C172,CESSNA AIRCRAFT COMPANY,172N,c9c2e05fb307e665bec82e24e6f129f1eac7f0c8f6f870d4b5e63712b93ddf6e,True,2
64782,19228,240926_ML.npy,2026-09-25,2026-09-25 01:03:24.692477,7C2E75,C172,CESSNA AIRCRAFT COMPANY,172N,04bd01b02c3af88ea1cbfa54d8e8ab8d67fc31ba05020e2de9f32fe13ad3fdd8,True,3
64786,19232,240926_ML.npy,2026-09-25,2026-09-25 01:03:27.829155,7C2E75,C172,CESSNA AIRCRAFT COMPANY,172N,71faabfc54df8e418886668925ad22b86e63cc7789c55b2c1c5766b3074e4039,True,1
64788,19234,240926_ML.npy,2026-09-25,2026-09-25 01:03:28.822419,7C2E75,C172,CESSNA AIRCRAFT COMPANY,172N,008a3b1c30bf6d0a4ad1838fb95c5145bd26c0e0163f8e0f460064c1b58f8f93,True,5
64792,19238,240926_ML.npy,2026-09-25,2026-09-25 01:03:31.838012,7C2E75,C172,CESSNA AIRCRAFT COMPANY,172N,008a3b1c30bf6d0a4ad1838fb95c5145bd26c0e0163f8e0f460064c1b58f8f93,True,5
64793,19239,240926_ML.npy,2026-09-25,2026-09-25 01:03:36.921432,7C2E75,C172,CESSNA AIRCRAFT COMPANY,172N,1156b60ec3bd6d8dd6b44de76f69d2b5dc04318b6255ed00c1bffa9f4f9482cd,True,4
64794,19240,240926_ML.npy,2026-09-25,2026-09-25 01:03:38.269903,7C2E75,C172,CESSNA AIRCRAFT COMPANY,172N,6c5e3133ab045f8512a812a382ecc4e53a775fca572797ef88a7335d8ff61faf,True,3
64805,19251,240926_ML.npy,2026-09-25,2026-09-25 01:04:02.711610,7C7144,C172,CESSNA AIRCRAFT COMPANY,172N,a59dcffa96daf80f85f6bc0f67a1393ce2c6aec3eb74bae075386d5b38331b81,True,4
64816,19262,240926_ML.npy,2026-09-25,2026-09-25 01:04:10.770709,7C7144,C172,CESSNA AIRCRAFT COMPANY,172N,3cf9f699e8b8af46a3fc5c5303f77ff03c70aa9063f736ef97f8b34758ccaaf9,True,2
64821,19267,240926_ML.npy,2026-09-25,2026-09-25 01:04:14.156035,7C2E75,C172,CESSNA AIRCRAFT COMPANY,172N,012c62e8789bef6fb81b4941ebb1bb6a46cee64a875d7ee5fc6a651e738bfdef,True,3
64824,19270,240926_ML.npy,2026-09-25,2026-09-25 01:04:16.116049,7C2E75,C172,CESSNA AIRCRAFT COMPANY,172N,07aacd3d659de1586eb36a1c5fc5c7d875061d07cd54f4c98bf4074cdc2f4065,True,3
64840,19286,240926_ML.npy,2026-09-25,2026-09-25 01:04:44.936660,7C67D0,C172,CESSNA AIRCRAFT COMPANY,172S,e09ef2c1cd246a52ada4234c4dedc2907348a3e1a2fcb6b735ade5d8f6116920,True,1
64842,19288,240926_ML.npy,2026-09-25,2026-09-25 01:04:49.122110,7C67D0,C172,CESSNA AIRCRAFT COMPANY,172S,1a5daa1be4cb6613278005b0790a0d64214b5f8bd2d3da71b76e53e956735a8f,True,2
64850,19296,240926_ML.npy,2026-09-25,2026-09-25 01:04:55.701030,7C67D0,C172,CESSNA AIRCRAFT COMPANY,172S,4527bdf76fe09df60fa21e99e37023596f7c70d72e788024fee660f9398b8aa7,True,1
64852,19298,240926_ML.npy,2026-09-25,2026-09-25 01:04:57.336944,7C67D0,C172,CESSNA AIRCRAFT COMPANY,172S,335ceafc9001a1346eb6cd25ec4a81b44b5fbe6261df2fb5c0942fb0efde7b75,True,2
64857,19303,240926_ML.npy,2026-09-25,2026-09-25 01:05:02.651204,7C7144,C172,CESSNA AIRCRAFT COMPANY,172N,20482a0db9712416b881266d92914edd88a7776c30d88b5220204f9d9eb25031,True,1
64859,19305,240926_ML.npy,2026-09-25,2026-09-25 01:05:03.205208,7C2E75,C172,CESSNA AIRCRAFT COMPANY,172N,39de347e192efe335692733a54dc040cfc919c6c52d6b64a8c2a1474b9658166,True,1
64862,19308,240926_ML.npy,2026-09-25,2026-09-25 01:05:03.643694,7C7144,C172,CESSNA AIRCRAFT COMPANY,172N,6684cc73cfd7807d42c99e8da9e6fa805dad59a3bbe986d5cdda937228478297,True,3
64864,19310,240926_ML.npy,2026-09-25,2026-09-25 01:05:05.790602,7C7144,C172,CESSNA AIRCRAFT COMPANY,172N,1b3f3577c65583cc8df2ab36f40f9a139ad1b4449d6a36c215db26f64f937c18,True,5
64865,19311,240926_ML.npy,2026-09-25,2026-09-25 01:05:06.457339,7C67D0,C172,CESSNA AIRCRAFT COMPANY,172S,8e9b540281502c122f1065b0204655bf1556960db1d43f57d83adf31c94b323f,True,3
64868,19314,240926_ML.npy,2026-09-25,2026-09-25 01:05:07.907102,7C7144,C172,CESSNA AIRCRAFT COMPANY,172N,c7f0916efee49bbc7385677f2fd77afa2be0bef2c657dbff7ee1485b0be36fbd,True,5
64875,19321,240926_ML.npy,2026-09-25,2026-09-25 01:05:11.336644,7C7144,C172,CESSNA AIRCRAFT COMPANY,172N,6684cc73cfd7807d42c99e8da9e6fa805dad59a3bbe986d5cdda937228478297,True,5
64879,19325,240926_ML.npy,2026-09-25,2026-09-25 01:05:12.274519,7C67D0,C172,CESSNA AIRCRAFT COMPANY,172S,6ed9fae629f464f1c768ee6f3906832d2da96336965159338627b4ac711e2233,True,2
64880,19326,240926_ML.npy,2026-09-25,2026-09-25 01:05:12.812881,7C7144,C172,CESSNA AIRCRAFT COMPANY,172N,9a4d631b05e13a72228fa371b864356354d6e693f7512e6c7fc0da8609695e51,True,2
64892,19338,240926_ML.npy,2026-09-25,2026-09-25 01:05:28.835754,7C2E75,C172,CESSNA AIRCRAFT COMPANY,172N,4b97f80ec7fa2eb4b56bf568e2d243348a4df0183258b4b5bbf89a3858490ac1,True,4
64896,19342,240926_ML.npy,2026-09-25,2026-09-25 01:05:38.294346,7C67D0,C172,CESSNA AIRCRAFT COMPANY,172S,742b26d109cc1658353b1f7271da3eef1e660eab3b08d73a646a5d123fa8ffc5,True,3
64897,19343,240926_ML.npy,2026-09-25,2026-09-25 01:05:38.402539,7C67D0,C172,CESSNA AIRCRAFT COMPANY,172S,bfb326aa8f3b7eca33cfcff20e39aaf73157b5b8c6b9c53d5a8baa129b72e3a4,True,5
64901,19347,240926_ML.npy,2026-09-25,2026-09-25 01:05:41.693662,7C67D0,C172,CESSNA AIRCRAFT COMPANY,172S,174a939b1073f5b5f19dc939e2b0afa22bfba2c9a79e8baf2838bdd1f75baba6,True,1
64908,19354,240926_ML.npy,2026-09-25,2026-09-25 01:05:49.502951,7C67D0,C172,CESSNA AIRCRAFT COMPANY,172S,e09ef2c1cd246a52ada4234c4dedc2907348a3e1a2fcb6b735ade5d8f6116920,True,2
64909,19355,240926_ML.npy,2026-09-25,2026-09-25 01:05:50.052962,7C7144,C172,CESSNA AIRCRAFT COMPANY,172N,25ecffd02a618058de3b2945417e026c76c8237f5d9bff411fb8d6879bd15d24,True,1
64910,19356,240926_ML.npy,2026-09-25,2026-09-25 01:05:54.495373,7C2E75,C172,CESSNA AIRCRAFT COMPANY,172N,537a411f6d666b5552508369672999737cfab429b0e5d0136716492142f23c12,True,1
64911,19357,240926_ML.npy,2026-09-25,2026-09-25 01:05:56.764362,7C67D0,C172,CESSNA AIRCRAFT COMPANY,172S,9fdd32c623b88c35cca1a004efa23f318fe078040c8eef6dbefe9387a7d138ea,True,1
64914,19360,240926_ML.npy,2026-09-25,2026-09-25 01:05:58.329166,7C67D0,C172,CESSNA AIRCRAFT COMPANY,172S,3809963e77e4f6ac8f538490811c238deb203e2b61e298d9f046ffe479168183,True,4
64917,19363,240926_ML.npy,2026-09-25,2026-09-25 01:06:29.545400,7C7AF7,DA40,DIAMOND AIRCRAFT INDUSTRIES INC.,DA 40,3f367f2745f3c75ba2e7a6536940897bef8802fb7cdd0756981677e1060ddbf7,True,2
64926,19372,240926_ML.npy,2026-09-25,2026-09-25 01:06:37.336894,7C7AF7,DA40,DIAMOND AIRCRAFT INDUSTRIES INC.,DA 40,9aa77f960575ea027f65f66c72a92fc5153ddfab7c6d7500a975af5985eb61fb,True,5
64938,19384,240926_ML.npy,2026-09-25,2026-09-25 01:06:53.049883,7C7AF7,DA40,DIAMOND AIRCRAFT INDUSTRIES INC.,DA 40,c49e6d0784d110085971b9ffec878424ce24eb749ed6068dc672f480207fdc91,True,1
64949,19395,240926_ML.npy,2026-09-25,2026-09-25 01:07:05.929046,7C67D0,C172,CESSNA AIRCRAFT COMPANY,172S,e09ef2c1cd246a52ada4234c4dedc2907348a3e1a2fcb6b735ade5d8f6116920,True,2
64972,19418,240926_ML.npy,2026-09-25,2026-09-25 01:07:28.565689,7C67D0,C172,CESSNA AIRCRAFT COMPANY,172S,890df64f38bb74b31bd2e3fb5127a353802aac4c2f5c25ec50c796c73505b705,True,3
64982,19428,240926_ML.npy,2026-09-25,2026-09-25 01:07:32.820757,7C7B55,DA40,DIAMOND AIRCRAFT INDUSTRIES INC.,DA 40,1319d726098bf4923db6a9f1eb664394d97cf9c8040e07bf17423abc7ea08f16,True,2
65032,19478,240926_ML.npy,2026-09-25,2026-09-25 01:08:01.256243,7C7B55,DA40,DIAMOND AIRCRAFT INDUSTRIES INC.,DA 40,5dfb7cc2c82ff4d2f6853eb6c40454dd24ca202209a024d899a3bc29951698e9,True,4
65060,19506,240926_ML.npy,2026-09-25,2026-09-25 01:08:14.043908,7C1687,DA40,DIAMOND AIRCRAFT INDUSTRIES INC.,DA 40,7bbfabbc32e4e2c5f249ddafb64b55dd7b637c15fceb4752ac86cb0c839470b3,True,1
65089,19535,240926_ML.npy,2026-09-25,2026-09-25 01:08:41.890848,7C0074,C172,CESSNA AIRCRAFT COMPANY,172S,1f56e0fb1d60c07935dc81339832526d15204671ebfd8cc1120da214936ad079,True,1
65092,19538,240926_ML.npy,2026-09-25,2026-09-25 01:08:44.088593,7C2E75,C172,CESSNA AIRCRAFT COMPANY,172N,2d3a3e07487d398d3339a3a2e9fd3bd8f4614951b7e8be104e07a66f879c7644,True,4
65098,19544,240926_ML.npy,2026-09-25,2026-09-25 01:08:46.820893,7C0074,C172,CESSNA AIRCRAFT COMPANY,172S,3ce829d796f623bc10b62eec37b1757bce3174127e4aaa92e7bccd065065c308,True,3
65112,19558,240926_ML.npy,2026-09-25,2026-09-25 01:08:53.954178,7C2E75,C172,CESSNA AIRCRAFT COMPANY,172N,f6e52bc94ff98ddd4c60fdee3bb4c89ff23ece8f27506bf54f7bb877c0fbff3a,True,1
65114,19560,240926_ML.npy,2026-09-25,2026-09-25 01:08:56.802274,7C0074,C172,CESSNA AIRCRAFT COMPANY,172S,6ccbf7001c919b5037c9ece26cab24b5997a39ebb59930eb6c1fcb61dbd31271,True,4
65121,19567,240926_ML.npy,2026-09-25,2026-09-25 01:08:58.375216,7C0074,C172,CESSNA AIRCRAFT COMPANY,172S,a90437468594afb04371eeb71f3b5e037838bcf49386806f9e33408491dc648a,True,2
65125,19571,240926_ML.npy,2026-09-25,2026-09-25 01:09:02.020658,7C0074,C172,CESSNA AIRCRAFT COMPANY,172S,a90437468594afb04371eeb71f3b5e037838bcf49386806f9e33408491dc648a,True,1
65140,19586,240926_ML.npy,2026-09-25,2026-09-25 01:09:11.154692,7C2E75,C172,CESSNA AIRCRAFT COMPANY,172N,ddf235d190348c902621f4214147e93cc4a9cffad4e31c2e04c4a0d4bddbab6e,True,3
65145,19591,240926_ML.npy,2026-09-25,2026-09-25 01:09:15.037936,7C2E75,C172,CESSNA AIRCRAFT COMPANY,172N,537a411f6d666b5552508369672999737cfab429b0e5d0136716492142f23c12,True,1
65146,19592,240926_ML.npy,2026-09-25,2026-09-25 01:09:16.628008,7C2E75,C172,CESSNA AIRCRAFT COMPANY,172N,c1b4340e9d09720a073b15bc8c0119929df6f283dbd2d4d02750f2baaf193151,True,5
65148,19594,240926_ML.npy,2026-09-25,2026-09-25 01:09:16.692447,7C0074,C172,CESSNA AIRCRAFT COMPANY,172S,3ce829d796f623bc10b62eec37b1757bce3174127e4aaa92e7bccd065065c308,True,5
65159,19605,240926_ML.npy,2026-09-25,2026-09-25 01:09:27.538962,7C0074,C172,CESSNA AIRCRAFT COMPANY,172S,8406bd52814ddc048fadf07470c6aab28f6d6bee9be4cd580fed24f966011180,True,1
65163,19609,240926_ML.npy,2026-09-25,2026-09-25 01:09:29.380532,7C0074,C172,CESSNA AIRCRAFT COMPANY,172S,3ce829d796f623bc10b62eec37b1757bce3174127e4aaa92e7bccd065065c308,True,1
65173,19619,240926_ML.npy,2026-09-25,2026-09-25 01:09:33.666902,7C0074,C172,CESSNA AIRCRAFT COMPANY,172S,49e2feda52e27cdf94485bede26f106259a2daeda8d582f331373e85760b8341,True,1
65174,19620,240926_ML.npy,2026-09-25,2026-09-25 01:09:33.670203,7C0074,C172,CESSNA AIRCRAFT COMPANY,172S,26b4116246dfc5a272ec76413217564d196f35162a2b06f828cc20688b505e0d,True,3
65181,19627,240926_ML.npy,2026-09-25,2026-09-25 01:09:37.610459,7C0074,C172,CESSNA AIRCRAFT COMPANY,172S,976503016d5c665f8473bf214ed2d2caffef23bfff0437fc180c3b57dd0def7a,True,2
65188,19634,240926_ML.npy,2026-09-25,2026-09-25 01:09:47.226140,7C7144,C172,CESSNA AIRCRAFT COMPANY,172N,429a741333881fc2135f4012092d0364b75279e7b97f3c0d1f51f313353ac719,True,1
65189,19635,240926_ML.npy,2026-09-25,2026-09-25 01:09:47.455823,7C0074,C172,CESSNA AIRCRAFT COMPANY,172S,1d945a11cac59e67fabc0f06ce2730c966a1a8f0b6c5cf1ed4e5d6bda96563a8,True,5
65193,19639,240926_ML.npy,2026-09-25,2026-09-25 01:09:49.965110,7C0074,C172,CESSNA AIRCRAFT COMPANY,172S,70fb0c371eaa14be8d5fba60cf5753e402b082098061e2de5b32ec457bfa2551,True,3
65194,19640,240926_ML.npy,2026-09-25,2026-09-25 01:09:50.435513,7C0074,C172,CESSNA AIRCRAFT COMPANY,172S,20905ee2348081f175906bc9c9d15bb21eb9e37b40a58465ab56381b1dd9aced,True,3
65197,19643,240926_ML.npy,2026-09-25,2026-09-25 01:09:51.534995,7C0074,C172,CESSNA AIRCRAFT COMPANY,172S,83f0dc170b427a75c72041b99602714a13805e6ed43a6fa1c8e028a236febca3,True,1
65198,19644,240926_ML.npy,2026-09-25,2026-09-25 01:09:53.092962,7C0074,C172,CESSNA AIRCRAFT COMPANY,172S,afc7610041b6954abb6e8249d09278a96fb3391796e56e0c4f78c6339c783385,True,3
65200,19646,240926_ML.npy,2026-09-25,2026-09-25 01:09:54.588287,7C0074,C172,CESSNA AIRCRAFT COMPANY,172S,91a0a4aff17fe09f57e418bb6eff355ba83beff34ebc44a0b5e65018716a33fe,True,2
65202,19648,240926_ML.npy,2026-09-25,2026-09-25 01:09:57.213898,7C7144,C172,CESSNA AIRCRAFT COMPANY,172N,68b910ed5720f1d6a882bdf2a1f77f9d03ea94ca727127ff34287e7e58ebe80b,True,2
65206,19652,240926_ML.npy,2026-09-25,2026-09-25 01:10:01.944013,7C7144,C172,CESSNA AIRCRAFT COMPANY,172N,6684cc73cfd7807d42c99e8da9e6fa805dad59a3bbe986d5cdda937228478297,True,2
65208,19654,240926_ML.npy,2026-09-25,2026-09-25 01:10:04.723938,7C7144,C172,CESSNA AIRCRAFT COMPANY,172N,61f52a8e1c467c152e7eec1d4871b985d9344329f5fa980652dc33ad40a53eac,True,1
65209,19655,240926_ML.npy,2026-09-25,2026-09-25 01:10:06.089300,7C7144,C172,CESSNA AIRCRAFT COMPANY,172N,4815e0fef0734ad353bb8a70bd0cd520747d4b0356eb4593dddfbb5baf2f4175,True,2
65215,19661,240926_ML.npy,2026-09-25,2026-09-25 01:10:09.597293,7C7144,C172,CESSNA AIRCRAFT COMPANY,172N,25ecffd02a618058de3b2945417e026c76c8237f5d9bff411fb8d6879bd15d24,True,4
65219,19665,240926_ML.npy,2026-09-25,2026-09-25 01:10:14.265027,7C7144,C172,CESSNA AIRCRAFT COMPANY,172N,6684cc73cfd7807d42c99e8da9e6fa805dad59a3bbe986d5cdda937228478297,True,1
65221,19667,240926_ML.npy,2026-09-25,2026-09-25 01:10:15.710311,7C0074,C172,CESSNA AIRCRAFT COMPANY,172S,a90437468594afb04371eeb71f3b5e037838bcf49386806f9e33408491dc648a,True,2
65231,19677,240926_ML.npy,2026-09-25,2026-09-25 01:10:24.630168,7C0074,C172,CESSNA AIRCRAFT COMPANY,172S,3d42853ba8da31b4f06431fc8a6d430fc1a42624fd7939a89eb3f4983cec8be2,True,1
65236,19682,240926_ML.npy,2026-09-25,2026-09-25 01:10:31.788169,7C7144,C172,CESSNA AIRCRAFT COMPANY,172N,6684cc73cfd7807d42c99e8da9e6fa805dad59a3bbe986d5cdda937228478297,True,5
65238,19684,240926_ML.npy,2026-09-25,2026-09-25 01:10:32.981389,7C7144,C172,CESSNA AIRCRAFT COMPANY,172N,e4d592a3d296563e88c16366a185298aedc7310ae109fa0203be62cb9cc4af30,True,1
65260,19706,240926_ML.npy,2026-09-25,2026-09-25 01:10:44.371346,7C0074,C172,CESSNA AIRCRAFT COMPANY,172S,3ce829d796f623bc10b62eec37b1757bce3174127e4aaa92e7bccd065065c308,True,2
65263,19709,240926_ML.npy,2026-09-25,2026-09-25 01:10:46.142372,7C0074,C172,CESSNA AIRCRAFT COMPANY,172S,858956717d92b379586cbace6f2c372c88c8fd818e5978cccb11c5a280c25dcb,True,3
65264,19710,240926_ML.npy,2026-09-25,2026-09-25 01:10:47.159818,7C67D0,C172,CESSNA AIRCRAFT COMPANY,172S,15a903f0318e340a91272b9ad29723d189ea8d54682045eeb405ec794de44a30,True,4
65265,19711,240926_ML.npy,2026-09-25,2026-09-25 01:10:47.217240,7C0074,C172,CESSNA AIRCRAFT COMPANY,172S,21a85bbdb3e97608a54b99de710f72695b5d863906acba99066eb4459726709c,True,3
65268,19714,240926_ML.npy,2026-09-25,2026-09-25 01:10:48.114547,7C67D0,C172,CESSNA AIRCRAFT COMPANY,172S,59257a3520baaef92b09a0811330aa5b8ed4aeac13989aa3d0280e737c8e5bff,True,1
65269,19715,240926_ML.npy,2026-09-25,2026-09-25 01:10:48.121607,7C67D0,C172,CESSNA AIRCRAFT COMPANY,172S,9acbf71b1188ab60b6a2d4e2f1e0591f01186d3aee0896c9fa7fcdfd6038ba42,True,2
65290,19736,240926_ML.npy,2026-09-25,2026-09-25 01:10:57.572101,7C67D0,C172,CESSNA AIRCRAFT COMPANY,172S,d6e2802364c2d6760e5e8814f2f344f6736044309b808ef007d8491d5ef91c10,True,4
65291,19737,240926_ML.npy,2026-09-25,2026-09-25 01:10:58.557116,7C2E75,C172,CESSNA AIRCRAFT COMPANY,172N,400b667dc6aa7740ef61f32a1f93f1714d5ff43e8c8d8ef0b4612b7c3220c532,True,3
65300,19746,240926_ML.npy,2026-09-25,2026-09-25 01:11:08.309915,7C67D0,C172,CESSNA AIRCRAFT COMPANY,172S,ea01d924b33072e76ed7a8c1dc471d5afd6fe22a9414796faccd13a6cf0cde3a,True,4
65305,19751,240926_ML.npy,2026-09-25,2026-09-25 01:11:16.040070,7C67D0,C172,CESSNA AIRCRAFT COMPANY,172S,e09ef2c1cd246a52ada4234c4dedc2907348a3e1a2fcb6b735ade5d8f6116920,True,5
65314,19760,240926_ML.npy,2026-09-25,2026-09-25 01:11:37.211541,7C67D0,C172,CESSNA AIRCRAFT COMPANY,172S,d443197a21de6b47b2da7190e271b3f5517a75429f35c05f03ea13a98d916e75,True,1
65321,19767,240926_ML.npy,2026-09-25,2026-09-25 01:11:59.089564,7C7AF7,DA40,DIAMOND AIRCRAFT INDUSTRIES INC.,DA 40,caa4ec342a694b152f513263f6f7b881777e6ee88344646e0b7195e4e20ba5c1,True,2
65325,19771,240926_ML.npy,2026-09-25,2026-09-25 01:12:07.725020,7C7AF7,DA40,DIAMOND AIRCRAFT INDUSTRIES INC.,DA 40,dc6f7095613cf28d469f5443ecf30490e1ce239f906e32433c8b55c2830b7fae,True,2
65332,19778,240926_ML.npy,2026-09-25,2026-09-25 01:12:11.905102,7C7AF7,DA40,DIAMOND AIRCRAFT INDUSTRIES INC.,DA 40,e4a95ee9a9d324e9f1bd7026ffd641cff50e742044c30201875d3f38f1b6f50a,True,1
65335,19781,240926_ML.npy,2026-09-25,2026-09-25 01:12:15.690412,7C7AF7,DA40,DIAMOND AIRCRAFT INDUSTRIES INC.,DA 40,58757942db38e7824ab9e9a126931e878da5c2b7a092890d9e0bbf5d4a08a5e3,True,2
65336,19782,240926_ML.npy,2026-09-25,2026-09-25 01:12:21.789060,7C67D0,C172,CESSNA AIRCRAFT COMPANY,172S,ae0c71c99cfc2f4fbf87610698b556661d816dea3763da4366e8d867dacbe8c1,True,3
65339,19785,240926_ML.npy,2026-09-25,2026-09-25 01:12:25.335809,7C67D0,C172,CESSNA AIRCRAFT COMPANY,172S,0fe3e5fefd698b9cce490693ac984e3bc312f9cdcced7995293502b768bb2193,True,1
65343,19789,240926_ML.npy,2026-09-25,2026-09-25 01:12:41.272579,7C67D0,C172,CESSNA AIRCRAFT COMPANY,172S,f0f9ea4b9db1611ff83d6294fe28a93228906c9b628cb50de3efcb2ace63dc07,True,4
65345,19791,240926_ML.npy,2026-09-25,2026-09-25 01:12:42.895223,7C67D0,C172,CESSNA AIRCRAFT COMPANY,172S,6ed9fae629f464f1c768ee6f3906832d2da96336965159338627b4ac711e2233,True,1
65365,19811,240926_ML.npy,2026-09-25,2026-09-25 01:13:05.244879,7C7B55,DA40,DIAMOND AIRCRAFT INDUSTRIES INC.,DA 40,acd180b819b4ac56af4ce6f75b8807a83610201cf6406b512501d785eb77b311,True,4
65369,19815,240926_ML.npy,2026-09-25,2026-09-25 01:13:08.481553,7C67D0,C172,CESSNA AIRCRAFT COMPANY,172S,c8ed9e5d2a3a30986f9be433728501e7dc2b55b92f8e589c3a5c35ec90a466c2,True,4
65378,19824,240926_ML.npy,2026-09-25,2026-09-25 01:13:13.723299,7C67D0,C172,CESSNA AIRCRAFT COMPANY,172S,64d19f2e8ca44b464b6e85c59d610896c8007c3053b68c8fb8feb4eaba2d1dc3,True,3
65387,19833,240926_ML.npy,2026-09-25,2026-09-25 01:13:23.314539,7C0074,C172,CESSNA AIRCRAFT COMPANY,172S,7475a3e1e866fe036889c7d8b2393a7fe0388967f31c37417d62a87fac89fe53,True,1
65391,19837,240926_ML.npy,2026-09-25,2026-09-25 01:13:24.526091,7C0074,C172,CESSNA AIRCRAFT COMPANY,172S,3ce829d796f623bc10b62eec37b1757bce3174127e4aaa92e7bccd065065c308,True,1
65400,19846,240926_ML.npy,2026-09-25,2026-09-25 01:13:31.143327,7C0074,C172,CESSNA AIRCRAFT COMPANY,172S,4b356136d18720fbd9b62ebbb78d7ec85d09622c99ead761efd55e37ec9bef10,True,5
65402,19848,240926_ML.npy,2026-09-25,2026-09-25 01:13:32.133668,7C0074,C172,CESSNA AIRCRAFT COMPANY,172S,a137f90f77482af13b57690076f07300c8b5880a03c456331e96ee16b17a1a9c,True,1
65403,19849,240926_ML.npy,2026-09-25,2026-09-25 01:13:32.139652,7C0074,C172,CESSNA AIRCRAFT COMPANY,172S,c747000646431723435973e67bc086b8d37e99c10eb0a684f87bccd00f387592,True,4
65412,19858,240926_ML.npy,2026-09-25,2026-09-25 01:13:39.539096,7C7B55,DA40,DIAMOND AIRCRAFT INDUSTRIES INC.,DA 40,460c0a52a87195f20f0c7be42b45ef442960b19c1a6cf9229ab44180b1b005d0,True,5
65420,19866,240926_ML.npy,2026-09-25,2026-09-25 01:13:43.636301,7C0074,C172,CESSNA AIRCRAFT COMPANY,172S,705517527ef8ee3a48e6d09d862765e4ccc3111c883d3e1581f664a5fa6636c2,True,4
65421,19867,240926_ML.npy,2026-09-25,2026-09-25 01:13:44.686199,7C0074,C172,CESSNA AIRCRAFT COMPANY,172S,278a7865e701ab74b042421299add9161f9188989f7e7fda52bd95921f46c8d5,True,5
65426,19872,240926_ML.npy,2026-09-25,2026-09-25 01:13:46.147259,7C0074,C172,CESSNA AIRCRAFT COMPANY,172S,b3bf64d68d48e2f752a85857e6bdf0cc1b6f2ac499b7b2e7d94e6da9c0d34d1e,True,4
65428,19874,240926_ML.npy,2026-09-25,2026-09-25 01:13:48.430148,7C0074,C172,CESSNA AIRCRAFT COMPANY,172S,8406bd52814ddc048fadf07470c6aab28f6d6bee9be4cd580fed24f966011180,True,1
65429,19875,240926_ML.npy,2026-09-25,2026-09-25 01:13:48.581569,7C0074,C172,CESSNA AIRCRAFT COMPANY,172S,3e394b67de1bc744b90a0745b4b0688ad8ae62f4dc88593e15e28d1a40b3921e,True,2
65430,19876,240926_ML.npy,2026-09-25,2026-09-25 01:13:49.453763,7C0074,C172,CESSNA AIRCRAFT COMPANY,172S,928517acd1a11197e2cf19c49c44f2991bc644eb0afef8745ace2903c3940a48,True,1
65431,19877,240926_ML.npy,2026-09-25,2026-09-25 01:13:49.609155,7C0074,C172,CESSNA AIRCRAFT COMPANY,172S,3ce829d796f623bc10b62eec37b1757bce3174127e4aaa92e7bccd065065c308,True,1
65433,19879,240926_ML.npy,2026-09-25,2026-09-25 01:13:49.897896,7C0074,C172,CESSNA AIRCRAFT COMPANY,172S,a9f323de3de1d39c0e2f27614c217b7a09df8dfc5042ba26f2a34a61048c85f5,True,3
65436,19882,240926_ML.npy,2026-09-25,2026-09-25 01:13:53.530483,7C2E75,C172,CESSNA AIRCRAFT COMPANY,172N,6bc90e0e2ce2ba570e1eeef4cff946625001bb27e947ac9dbe73b1841260ca10,True,5
65439,19885,240926_ML.npy,2026-09-25,2026-09-25 01:13:58.570265,7C2E75,C172,CESSNA AIRCRAFT COMPANY,172N,6bc90e0e2ce2ba570e1eeef4cff946625001bb27e947ac9dbe73b1841260ca10,True,4
65442,19888,240926_ML.npy,2026-09-25,2026-09-25 01:14:00.656990,7C2E75,C172,CESSNA AIRCRAFT COMPANY,172N,3fa82735a473e5c26e8cb8e1ee485e7e6c76ae0529ab1741a158ec20fccbd18d,True,4
65445,19891,240926_ML.npy,2026-09-25,2026-09-25 01:14:01.468094,7C0074,C172,CESSNA AIRCRAFT COMPANY,172S,dba01e2651e3568abad87bf38b87cf344bfc64982fab96ca13b9a48eec83b161,True,3
65447,19893,240926_ML.npy,2026-09-25,2026-09-25 01:14:02.225129,7C0074,C172,CESSNA AIRCRAFT COMPANY,172S,a90437468594afb04371eeb71f3b5e037838bcf49386806f9e33408491dc648a,True,4
65453,19899,240926_ML.npy,2026-09-25,2026-09-25 01:14:04.690799,7C0074,C172,CESSNA AIRCRAFT COMPANY,172S,a90437468594afb04371eeb71f3b5e037838bcf49386806f9e33408491dc648a,True,1
65454,19900,240926_ML.npy,2026-09-25,2026-09-25 01:14:05.923812,7C0074,C172,CESSNA AIRCRAFT COMPANY,172S,a90437468594afb04371eeb71f3b5e037838bcf49386806f9e33408491dc648a,True,4
65456,19902,240926_ML.npy,2026-09-25,2026-09-25 01:14:07.398721,7C0074,C172,CESSNA AIRCRAFT COMPANY,172S,3d26c4ec4cc0e0fa4d3a32499596af21b663a32efb2cea864d51c58846f55663,True,1
65462,19908,240926_ML.npy,2026-09-25,2026-09-25 01:14:10.347453,7C0074,C172,CESSNA AIRCRAFT COMPANY,172S,8e8cc46ff5e3f4789a12e2e06611c48103ab8e585f337c5e0066446add41f0b9,True,2
65463,19909,240926_ML.npy,2026-09-25,2026-09-25 01:14:10.351392,7C0074,C172,CESSNA AIRCRAFT COMPANY,172S,d1afb3c21d67bfb6328e7aa62d14ccb54d1cbf411da440cc747056cf5cdb3002,True,1
65473,19919,240926_ML.npy,2026-09-25,2026-09-25 01:14:17.377218,7C0074,C172,CESSNA AIRCRAFT COMPANY,172S,83f89e8e090215ef489f6943c3421374efa86cb35f1dd5c0c30ec76716c01fca,True,4
65478,19924,240926_ML.npy,2026-09-25,2026-09-25 01:14:19.964281,7C2E75,C172,CESSNA AIRCRAFT COMPANY,172N,e24de5d2797f88303937476bfe94a191a29e83de84bc12211662f0e17fa734d4,True,2
65480,19926,240926_ML.npy,2026-09-25,2026-09-25 01:14:20.390946,7C7C41,DA40,DIAMOND AIRCRAFT INDUSTRIES INC.,DA 40,677783ce9a3cdf19c51fc6d919dacb78ec5ddb7d7712da7169df9e63ebf6e95f,True,4
65483,19929,240926_ML.npy,2026-09-25,2026-09-25 01:14:21.303568,7C2E75,C172,CESSNA AIRCRAFT COMPANY,172N,cbd1e7c8f0f342870582ecfd6a1cec06f2f30b1afc858f8d54a0583a9a757b66,True,2
65486,19932,240926_ML.npy,2026-09-25,2026-09-25 01:14:22.014734,7C0074,C172,CESSNA AIRCRAFT COMPANY,172S,3ce829d796f623bc10b62eec37b1757bce3174127e4aaa92e7bccd065065c308,True,5
65487,19933,240926_ML.npy,2026-09-25,2026-09-25 01:14:22.357064,7C0074,C172,CESSNA AIRCRAFT COMPANY,172S,528ce5c625a1ead7127177d921193c5cece5144d0c4e0af68b6fbd18c7422fc2,True,2
65489,19935,240926_ML.npy,2026-09-25,2026-09-25 01:14:23.139879,7C2E75,C172,CESSNA AIRCRAFT COMPANY,172N,b054cac776aadf96e266ff73f9fefd138a62b1651361ab2f925a54ce147f915b,True,1
65494,19940,240926_ML.npy,2026-09-25,2026-09-25 01:14:25.327457,7C2E75,C172,CESSNA AIRCRAFT COMPANY,172N,dcf292d44ae4b1c39230e528e3b051522e84eb59366576f5cc278659711e8f47,True,4
65502,19948,240926_ML.npy,2026-09-25,2026-09-25 01:14:29.414559,7C2E75,C172,CESSNA AIRCRAFT COMPANY,172N,0345cac47be7e9b4aa2b174f318d18cd201570a7eb1757d2382f6815f1f5db89,True,2
65506,19952,240926_ML.npy,2026-09-25,2026-09-25 01:14:29.700405,7C0074,C172,CESSNA AIRCRAFT COMPANY,172S,5d44c2530061758a7c53cef8123c1d97fca6d24412970765cc11519e8a719219,True,1
65509,19955,240926_ML.npy,2026-09-25,2026-09-25 01:14:30.484220,7C7C41,DA40,DIAMOND AIRCRAFT INDUSTRIES INC.,DA 40,6ac9f4104a87090c7f28a92f047e54ef9c79a3a5b4ef7d3b380452466e477ae7,True,4
65518,19964,240926_ML.npy,2026-09-25,2026-09-25 01:14:36.349240,7C7C41,DA40,DIAMOND AIRCRAFT INDUSTRIES INC.,DA 40,f647a68ab6565214f96f80b2dcff7182be443a33209bfeb7941307588e786b87,True,1
65531,19977,240926_ML.npy,2026-09-25,2026-09-25 01:14:40.571783,7C7C41,DA40,DIAMOND AIRCRAFT INDUSTRIES INC.,DA 40,3c6a9cfc03ae19a8e1655e3ea075659983dbdd400cbe8c3360ecf93bb7c119e8,True,4
65538,19984,240926_ML.npy,2026-09-25,2026-09-25 01:14:43.756587,7C0074,C172,CESSNA AIRCRAFT COMPANY,172S,976503016d5c665f8473bf214ed2d2caffef23bfff0437fc180c3b57dd0def7a,True,1
65543,19989,240926_ML.npy,2026-09-25,2026-09-25 01:14:45.964451,7C7C41,DA40,DIAMOND AIRCRAFT INDUSTRIES INC.,DA 40,f3d98adb23076d569c22de562cd3c10e1574a9c7e84af92de7a82a737f35859e,True,2
65544,19990,240926_ML.npy,2026-09-25,2026-09-25 01:14:46.285037,7C0074,C172,CESSNA AIRCRAFT COMPANY,172S,82824baa78387796f623ec009f28fd9dfb69fa045f7df77fc9a1181695f8b278,True,4
65547,19993,240926_ML.npy,2026-09-25,2026-09-25 01:14:48.323028,7C0074,C172,CESSNA AIRCRAFT COMPANY,172S,0277288b4ee0a5e1dddc160f553c4ac38b8079c478ff571ae9ddd938b7d5e204,True,5
65555,20001,240926_ML.npy,2026-09-25,2026-09-25 01:14:54.007993,7C7C41,DA40,DIAMOND AIRCRAFT INDUSTRIES INC.,DA 40,ceea09e72ffd9f2d3e5ffe9bd8a9d5f1073166f7640e052720a19c7f51998515,True,5
65569,20015,240926_ML.npy,2026-09-25,2026-09-25 01:15:01.037512,7C7144,C172,CESSNA AIRCRAFT COMPANY,172N,00d43da8de438fffeede2d20ae60d87589f787dff9b60dcbb6e96b466bda6093,True,4
65584,20030,240926_ML.npy,2026-09-25,2026-09-25 01:15:06.051882,7C7144,C172,CESSNA AIRCRAFT COMPANY,172N,2ccac1e6cb9d4bbde11f1da31090ae228f8e8e6f97e0c2c0b3c5bdc860921e14,True,2
65589,20035,240926_ML.npy,2026-09-25,2026-09-25 01:15:07.612426,7C7144,C172,CESSNA AIRCRAFT COMPANY,172N,d6e2fcb3e17dc6b0d33b0bb29d554616a492a1aa2b42c59367a364fc8f1cf5db,True,5
65610,20056,240926_ML.npy,2026-09-25,2026-09-25 01:15:20.311111,7C7144,C172,CESSNA AIRCRAFT COMPANY,172N,9c9b2a23da86675bc287de864bcc90e2c81d3d385d4549866adf50be85e350be,True,1
65613,20059,240926_ML.npy,2026-09-25,2026-09-25 01:15:22.903640,7C7144,C172,CESSNA AIRCRAFT COMPANY,172N,e4b94f00fa7151987a74c52be15cd07158e8ce92c4e5db2bea50efb24ca7c3c6,True,1
65617,20063,240926_ML.npy,2026-09-25,2026-09-25 01:15:23.978545,7C7144,C172,CESSNA AIRCRAFT COMPANY,172N,866b25c87d40a0ecffd2f687969bde25c2ef1e5e5bf13c207f12e42a78fa2ed0,True,5
65623,20069,240926_ML.npy,2026-09-25,2026-09-25 01:15:25.563587,7C7C41,DA40,DIAMOND AIRCRAFT INDUSTRIES INC.,DA 40,f1bcb63e3a8465b51b5b69387bbcc88669ecbf4b362dd3f19c78fd9c43b78b82,True,4
65630,20076,240926_ML.npy,2026-09-25,2026-09-25 01:15:28.113649,7C7144,C172,CESSNA AIRCRAFT COMPANY,172N,e49f949070c24486c3bd9e41a3bb76ab9a351128b4d4f1ed4e656a0c35b80d71,True,2
65631,20077,240926_ML.npy,2026-09-25,2026-09-25 01:15:28.255426,7C0074,C172,CESSNA AIRCRAFT COMPANY,172S,76c0f29c30a764a2d028d299706b9f79f39dd83c9ad8f83852081a601d13f839,True,3
65633,20079,240926_ML.npy,2026-09-25,2026-09-25 01:15:28.614696,7C7144,C172,CESSNA AIRCRAFT COMPANY,172N,ea2dcb4c28063d58a2173c683d1c7320869648276ad811c429eb3b28cd89979a,True,3
65635,20081,240926_ML.npy,2026-09-25,2026-09-25 01:15:29.387718,7C0074,C172,CESSNA AIRCRAFT COMPANY,172S,a5471cbd3582e7cecf9e6a40b33bae63d0688780132acc631794ae82def304b2,True,3
65640,20086,240926_ML.npy,2026-09-25,2026-09-25 01:15:31.043995,7C7144,C172,CESSNA AIRCRAFT COMPANY,172N,6684cc73cfd7807d42c99e8da9e6fa805dad59a3bbe986d5cdda937228478297,True,3
65644,20090,240926_ML.npy,2026-09-25,2026-09-25 01:15:33.183263,7C7144,C172,CESSNA AIRCRAFT COMPANY,172N,5f0678f6391f860809e7c2db6de449f0ba2b2386ec8d5c1dd5576249d23b48d5,True,5
65652,20098,240926_ML.npy,2026-09-25,2026-09-25 01:15:42.084273,7C0074,C172,CESSNA AIRCRAFT COMPANY,172S,34a735ec28879df1b9fa01142ca224751111f59d0cc95f0e5e9b10e2d93ee506,True,4
65653,20099,240926_ML.npy,2026-09-25,2026-09-25 01:15:42.571102,7C0074,C172,CESSNA AIRCRAFT COMPANY,172S,4172f865901b7cd14625242405a38c98a5d4d58bd384441b0d93918f01875f5f,True,1
65657,20103,240926_ML.npy,2026-09-25,2026-09-25 01:15:43.667104,7C0074,C172,CESSNA AIRCRAFT COMPANY,172S,60de6933731ac1377b06d91c3d9085a5af7ed02c1f20d0b060b9731c7ecfb974,True,4
65659,20105,240926_ML.npy,2026-09-25,2026-09-25 01:15:47.033400,7C0074,C172,CESSNA AIRCRAFT COMPANY,172S,b2917545a2a267127417405220ef7864797717c4b312e652b9bf5ec05dc14a1f,True,1
65660,20106,240926_ML.npy,2026-09-25,2026-09-25 01:15:47.039021,7C0074,C172,CESSNA AIRCRAFT COMPANY,172S,57f041f08f7ca2a2b7446149cd0f6b48c42cbeb4bcde7f11dc0fbec28507ccae,True,1
65661,20107,240926_ML.npy,2026-09-25,2026-09-25 01:15:49.209251,7C0074,C172,CESSNA AIRCRAFT COMPANY,172S,5d44c2530061758a7c53cef8123c1d97fca6d24412970765cc11519e8a719219,True,2
65664,20110,240926_ML.npy,2026-09-25,2026-09-25 01:15:51.651390,7C0074,C172,CESSNA AIRCRAFT COMPANY,172S,5d44c2530061758a7c53cef8123c1d97fca6d24412970765cc11519e8a719219,True,4
65677,20123,240926_ML.npy,2026-09-25,2026-09-25 01:15:59.591535,7C67D0,C172,CESSNA AIRCRAFT COMPANY,172S,a61958dc18c97ca2e6834a3463de8ea492ab203eda159859928fb4a619b0c472,True,4
65683,20129,240926_ML.npy,2026-09-25,2026-09-25 01:16:05.204883,7C67D0,C172,CESSNA AIRCRAFT COMPANY,172S,be6371f5173bab6b711da4893d885be8621f7f11c6c9d6c42ec4b3317b14ab56,True,2
65690,20136,240926_ML.npy,2026-09-25,2026-09-25 01:16:09.327879,7C67D0,C172,CESSNA AIRCRAFT COMPANY,172S,e09ef2c1cd246a52ada4234c4dedc2907348a3e1a2fcb6b735ade5d8f6116920,True,4
65696,20142,240926_ML.npy,2026-09-25,2026-09-25 01:16:17.610321,7C67D0,C172,CESSNA AIRCRAFT COMPANY,172S,138cef2d1e8078787d9888b1ac136cc67495f2063a884e71dc3135e499feb808,True,1
65697,20143,240926_ML.npy,2026-09-25,2026-09-25 01:16:17.950254,7C67D0,C172,CESSNA AIRCRAFT COMPANY,172S,f0f9ea4b9db1611ff83d6294fe28a93228906c9b628cb50de3efcb2ace63dc07,True,4
65702,20148,240926_ML.npy,2026-09-25,2026-09-25 01:16:20.549298,7C2E75,C172,CESSNA AIRCRAFT COMPANY,172N,a5b06b0fe338311f334c82b076eecfa37832f321d14666de152f9b67311209b7,True,2
65703,20149,240926_ML.npy,2026-09-25,2026-09-25 01:16:21.715235,7C67D0,C172,CESSNA AIRCRAFT COMPANY,172S,e09ef2c1cd246a52ada4234c4dedc2907348a3e1a2fcb6b735ade5d8f6116920,True,5
65704,20150,240926_ML.npy,2026-09-25,2026-09-25 01:16:26.216878,7C2E75,C172,CESSNA AIRCRAFT COMPANY,172N,d1bd1cf30b9c95d1b172a735914e50617e16f5ff9ceee0a5622fb9c561a77eb3,True,5
65716,20162,240926_ML.npy,2026-09-25,2026-09-25 01:16:35.482204,7C67D0,C172,CESSNA AIRCRAFT COMPANY,172S,e09ef2c1cd246a52ada4234c4dedc2907348a3e1a2fcb6b735ade5d8f6116920,True,2
65730,20176,240926_ML.npy,2026-09-25,2026-09-25 01:16:56.825131,7C67D0,C172,CESSNA AIRCRAFT COMPANY,172S,7eef5e6ccffcbaa62f22a4c969ade46888a1623525e747d4ff53ded925e5a3d2,True,1
65750,20196,240926_ML.npy,2026-09-25,2026-09-25 01:17:40.061896,7C7AF7,DA40,DIAMOND AIRCRAFT INDUSTRIES INC.,DA 40,d2927de98ea06c0b8295c0692084ffd79dbfea305fc82fd27060970597897eaf,True,2
65753,20199,240926_ML.npy,2026-09-25,2026-09-25 01:17:44.577375,7C7AF7,DA40,DIAMOND AIRCRAFT INDUSTRIES INC.,DA 40,12d60989db7745bb4959e39f55d7bd796963f220d48603c5a30fbc60c63826a5,True,3
65765,20211,240926_ML.npy,2026-09-25,2026-09-25 01:18:05.499925,7C67D0,C172,CESSNA AIRCRAFT COMPANY,172S,6e1c8fb901ee0341e07fca2353b63b36cbd6940fa0db7a15fd2ef932ac1729b4,True,3
65770,20216,240926_ML.npy,2026-09-25,2026-09-25 01:18:08.019663,7C67D0,C172,CESSNA AIRCRAFT COMPANY,172S,fa820104e316565514b97165d50c4d9d6e9d5e0b0d90347a3bedef58a6b8cd15,True,1
65774,20220,240926_ML.npy,2026-09-25,2026-09-25 01:18:11.347659,7C67D0,C172,CESSNA AIRCRAFT COMPANY,172S,a63391d373b9ea57375a041b1d3040a1dd6cb95753c376a134e00d294f4d09dd,True,1
65779,20225,240926_ML.npy,2026-09-25,2026-09-25 01:18:13.818908,7C7B55,DA40,DIAMOND AIRCRAFT INDUSTRIES INC.,DA 40,77f09ce5763952c162ea1c38ee9a90cc07658f7e98ce5cb5db7ab2e1a7926489,True,2
65780,20226,240926_ML.npy,2026-09-25,2026-09-25 01:18:13.848766,7C67D0,C172,CESSNA AIRCRAFT COMPANY,172S,3d0d4103653bb99e4ec8c34258869c1bee22e86d9393ee16750e280eefdfeeab,True,4
65785,20231,240926_ML.npy,2026-09-25,2026-09-25 01:18:20.642138,7C7B55,DA40,DIAMOND AIRCRAFT INDUSTRIES INC.,DA 40,50079c28b38e4ca0e39b723d246843d8127234cec569698516659102a18eb1ac,True,2
65798,20244,240926_ML.npy,2026-09-25,2026-09-25 01:18:32.373378,7C67D0,C172,CESSNA AIRCRAFT COMPANY,172S,db9bdbd2a1e2c4cccc0e0dd891be75a75fa9d59562613f9e8e1e0ccd0190ca8e,True,5
65800,20246,240926_ML.npy,2026-09-25,2026-09-25 01:18:36.286143,7C7B55,DA40,DIAMOND AIRCRAFT INDUSTRIES INC.,DA 40,5986c51ac856a8d70d9e9be5c4cdd91c404730adfe686d359d4ab980cca2395d,True,2
65822,20268,240926_ML.npy,2026-09-25,2026-09-25 01:18:57.032823,7C0074,C172,CESSNA AIRCRAFT COMPANY,172S,a51977691922eb90cd00d0a1218fcaad3dd04d4cea57b23c2028d63df8dcdc1e,True,3
65824,20270,240926_ML.npy,2026-09-25,2026-09-25 01:18:59.604611,7C0074,C172,CESSNA AIRCRAFT COMPANY,172S,11ae0949777d5c35520e007bbcfc3366ee19d02a9203ce3e4111de211430846e,True,4
65827,20273,240926_ML.npy,2026-09-25,2026-09-25 01:19:01.595396,7C0074,C172,CESSNA AIRCRAFT COMPANY,172S,5d44c2530061758a7c53cef8123c1d97fca6d24412970765cc11519e8a719219,True,3
65828,20274,240926_ML.npy,2026-09-25,2026-09-25 01:19:03.856381,7C0074,C172,CESSNA AIRCRAFT COMPANY,172S,8406bd52814ddc048fadf07470c6aab28f6d6bee9be4cd580fed24f966011180,True,2
65834,20280,240926_ML.npy,2026-09-25,2026-09-25 01:19:12.536843,7C0074,C172,CESSNA AIRCRAFT COMPANY,172S,31b74c3dcef5984119afbb7eea8b26717fe4ec74e9368c3d9ec0c1fdf88239f2,True,1
65846,20292,240926_ML.npy,2026-09-25,2026-09-25 01:19:22.034445,7C0074,C172,CESSNA AIRCRAFT COMPANY,172S,3ce829d796f623bc10b62eec37b1757bce3174127e4aaa92e7bccd065065c308,True,1
65868,20314,240926_ML.npy,2026-09-25,2026-09-25 01:19:44.932566,7C168B,DA40,DIAMOND AIRCRAFT INDUSTRIES INC.,DA 40,491181b264e8e96b55beb13f3d428d65b687266539e622549853b109fee5a76d,True,2
65887,20333,240926_ML.npy,2026-09-25,2026-09-25 01:19:57.559897,7C168B,DA40,DIAMOND AIRCRAFT INDUSTRIES INC.,DA 40,3b4240b566f512370d50eb99cc30a8fc56878f7df936b8dd29ef2853e2a4de08,True,2
65888,20334,240926_ML.npy,2026-09-25,2026-09-25 01:19:58.087607,7C168B,DA40,DIAMOND AIRCRAFT INDUSTRIES INC.,DA 40,0c5da6ad2396123b85cbfb451d37e4d9d742ed187074a2f1b0d554717a323eb0,True,4
65892,20338,240926_ML.npy,2026-09-25,2026-09-25 01:20:02.477172,7C168B,DA40,DIAMOND AIRCRAFT INDUSTRIES INC.,DA 40,3b4240b566f512370d50eb99cc30a8fc56878f7df936b8dd29ef2853e2a4de08,True,2
65893,20339,240926_ML.npy,2026-09-25,2026-09-25 01:20:03.723166,7C168B,DA40,DIAMOND AIRCRAFT INDUSTRIES INC.,DA 40,ab34bfb25beeac1e797638845b689a553d9a39dacb523cbfb414955f20580468,True,4
65894,20340,240926_ML.npy,2026-09-25,2026-09-25 01:20:03.745152,7C0074,C172,CESSNA AIRCRAFT COMPANY,172S,9afe679c82fb13029fd895be054790362b4add74b7939992dfa7c51728a542e3,True,5
65897,20343,240926_ML.npy,2026-09-25,2026-09-25 01:20:07.266654,7C168B,DA40,DIAMOND AIRCRAFT INDUSTRIES INC.,DA 40,6efebe3b6c453bfb7acaf0327cfb34ee04fd2253c75e645dd5566e610db3cd53,True,1
65899,20345,240926_ML.npy,2026-09-25,2026-09-25 01:20:09.026344,7C168B,DA40,DIAMOND AIRCRAFT INDUSTRIES INC.,DA 40,16a7460981b9c7e9cfc7706a5ee77f7f61c495ec5e3ac7d9c6c217e482993ddb,True,5
65919,20365,240926_ML.npy,2026-09-25,2026-09-25 01:20:34.702756,7C0074,C172,CESSNA AIRCRAFT COMPANY,172S,146702bcc8fa9f4e2608895595f299ddbd68c41bc588190e89206b95b882a147,True,3
65920,20366,240926_ML.npy,2026-09-25,2026-09-25 01:20:34.712577,7C0074,C172,CESSNA AIRCRAFT COMPANY,172S,27bd5c646c482bd707d93368574b1333dc194fbdfd0ebe656b1a528da16bdb36,True,5
65924,20370,240926_ML.npy,2026-09-25,2026-09-25 01:20:43.552636,7C0074,C172,CESSNA AIRCRAFT COMPANY,172S,556d9a32816fd7fd059f51e8ef1cfbc6ed1d39e7df1176cbdb37c0a52f69fbc2,True,3
65933,20379,240926_ML.npy,2026-09-25,2026-09-25 01:20:54.282048,7C168B,DA40,DIAMOND AIRCRAFT INDUSTRIES INC.,DA 40,fae47a47c65d626342e117991801ec1ca6e675a4ae0c71808034976b1b4f9c2a,True,1
65935,20381,240926_ML.npy,2026-09-25,2026-09-25 01:20:55.436852,7C7144,C172,CESSNA AIRCRAFT COMPANY,172N,eead08bea54cbb3e38877d5e9b83103243c11f8f976240bd5ca79c36a4c57102,True,3
65939,20385,240926_ML.npy,2026-09-25,2026-09-25 01:21:00.321770,7C7144,C172,CESSNA AIRCRAFT COMPANY,172N,c9357107eb879d2d1807624520b3d5bf240c26f588bbfb56394c0feee4589fad,True,3
65957,20403,240926_ML.npy,2026-09-25,2026-09-25 01:21:18.060875,7C168B,DA40,DIAMOND AIRCRAFT INDUSTRIES INC.,DA 40,7be9ef6dc24bc91eb146347537c8c8479dd66bb7b08783ac1aa300358f7ec5f8,True,5
65970,20416,240926_ML.npy,2026-09-25,2026-09-25 01:21:26.428742,7C67D0,C172,CESSNA AIRCRAFT COMPANY,172S,e09ef2c1cd246a52ada4234c4dedc2907348a3e1a2fcb6b735ade5d8f6116920,True,5
65979,20425,240926_ML.npy,2026-09-25,2026-09-25 01:21:32.703821,7C67D0,C172,CESSNA AIRCRAFT COMPANY,172S,e09ef2c1cd246a52ada4234c4dedc2907348a3e1a2fcb6b735ade5d8f6116920,True,4
65983,20429,240926_ML.npy,2026-09-25,2026-09-25 01:21:33.903792,7C168B,DA40,DIAMOND AIRCRAFT INDUSTRIES INC.,DA 40,68c7853288712cebf3d6373e649152321b888d2716b214298ca23545d15294a2,True,4
66007,20453,240926_ML.npy,2026-09-25,2026-09-25 01:21:50.447850,7C67D0,C172,CESSNA AIRCRAFT COMPANY,172S,f6fd52fbf0e005031880e1d26e6b63771da647ecb2a065ea5067f19fab62043c,True,4
66008,20454,240926_ML.npy,2026-09-25,2026-09-25 01:21:50.452138,7C67D0,C172,CESSNA AIRCRAFT COMPANY,172S,9dff15624831b07f7a05136487f3588d1d103cf41edbae38e5d82d3b46404ca4,True,4
66009,20455,240926_ML.npy,2026-09-25,2026-09-25 01:21:54.975073,7C67D0,C172,CESSNA AIRCRAFT COMPANY,172S,742b26d109cc1658353b1f7271da3eef1e660eab3b08d73a646a5d123fa8ffc5,True,4
66010,20456,240926_ML.npy,2026-09-25,2026-09-25 01:21:55.583268,7C67D0,C172,CESSNA AIRCRAFT COMPANY,172S,fa4d226031a3d74d90cdbacbf2881572e52545f75e63fbb7c1ea2a450dc6042e,True,3
66017,20463,240926_ML.npy,2026-09-25,2026-09-25 01:22:01.530936,7C67D0,C172,CESSNA AIRCRAFT COMPANY,172S,1a476072399be311ce38dfaed509060c4b2895939970e586ad729a3887755c83,True,5
66020,20466,240926_ML.npy,2026-09-25,2026-09-25 01:22:04.824327,7C67D0,C172,CESSNA AIRCRAFT COMPANY,172S,e09ef2c1cd246a52ada4234c4dedc2907348a3e1a2fcb6b735ade5d8f6116920,True,4
66022,20468,240926_ML.npy,2026-09-25,2026-09-25 01:22:10.822570,7C7144,C172,CESSNA AIRCRAFT COMPANY,172N,6684cc73cfd7807d42c99e8da9e6fa805dad59a3bbe986d5cdda937228478297,True,4
66023,20469,240926_ML.npy,2026-09-25,2026-09-25 01:22:12.420915,7C7144,C172,CESSNA AIRCRAFT COMPANY,172N,b78722f2e03dc2ef4b870c1e192f79a10d1ba112f88ee28e1b052ddafeb0012b,True,4
66024,20470,240926_ML.npy,2026-09-25,2026-09-25 01:22:13.467933,7C67D0,C172,CESSNA AIRCRAFT COMPANY,172S,384d2e9526886ddc7e96f90e45a7bbe16f16121cf86b0c74de5d791df8e5e429,True,1
66027,20473,240926_ML.npy,2026-09-25,2026-09-25 01:22:14.020261,7C67D0,C172,CESSNA AIRCRAFT COMPANY,172S,b9ea7da43f132cef874feb522ae27240498b818b0252eebdc200fd4ac04c8fe5,True,5
66028,20474,240926_ML.npy,2026-09-25,2026-09-25 01:22:15.438917,7C7AF7,DA40,DIAMOND AIRCRAFT INDUSTRIES INC.,DA 40,51c9b818b5518db54bd4e763d586e8b6228df4b4dbf332f3fcbfde72bbcdd789,True,5
66030,20476,240926_ML.npy,2026-09-25,2026-09-25 01:22:16.020775,7C67D0,C172,CESSNA AIRCRAFT COMPANY,172S,c3fc12fcf0bd5d3a821c2c7b93cb373b1eeb6bec8151f6e7d3c2edafa3a5499c,True,4
66033,20479,240926_ML.npy,2026-09-25,2026-09-25 01:22:20.054519,7C67D0,C172,CESSNA AIRCRAFT COMPANY,172S,457b9dce2c1edad689b1f941c80d4a7e229872c38a1a72480cda43a2ba0e38ac,True,5
66047,20493,240926_ML.npy,2026-09-25,2026-09-25 01:22:29.423913,7C7AF7,DA40,DIAMOND AIRCRAFT INDUSTRIES INC.,DA 40,195f362ffade068e4d25daccad9a1881f30645129ad06b6e36692fdcb8efd2d3,True,5
66048,20494,240926_ML.npy,2026-09-25,2026-09-25 01:22:30.524330,7C7AF7,DA40,DIAMOND AIRCRAFT INDUSTRIES INC.,DA 40,1b04c547f067e8541c23056aa91db9ce431035be1d382bfdf2ccbeb8a11773a9,True,4
66061,20507,240926_ML.npy,2026-09-25,2026-09-25 01:22:41.382886,7C7AF7,DA40,DIAMOND AIRCRAFT INDUSTRIES INC.,DA 40,d25bb106c1bb9221abc4c42d9a7aaf45bcc7f7bd9be6857d989c824c516822d9,True,4
66077,20523,240926_ML.npy,2026-09-25,2026-09-25 01:22:51.158050,7C168B,DA40,DIAMOND AIRCRAFT INDUSTRIES INC.,DA 40,43cb814de6dd0d330bf709ed57ebe9527bb8f6236c08e37ca9eb546681870713,True,2
66087,20533,240926_ML.npy,2026-09-25,2026-09-25 01:22:54.253119,7C0074,C172,CESSNA AIRCRAFT COMPANY,172S,976503016d5c665f8473bf214ed2d2caffef23bfff0437fc180c3b57dd0def7a,True,3
66091,20537,240926_ML.npy,2026-09-25,2026-09-25 01:22:57.263118,7C0074,C172,CESSNA AIRCRAFT COMPANY,172S,436fe96461e7a7b8f30712a54ecdea03ad03ae584e83cd0d9f4357184a03d75b,True,5
66095,20541,240926_ML.npy,2026-09-25,2026-09-25 01:23:01.812822,7C0074,C172,CESSNA AIRCRAFT COMPANY,172S,ead14e834993eff78d65d89df37030205ca4ae8e19df906164716803a434e162,True,2
66100,20546,240926_ML.npy,2026-09-25,2026-09-25 01:23:05.320629,7C0074,C172,CESSNA AIRCRAFT COMPANY,172S,a90437468594afb04371eeb71f3b5e037838bcf49386806f9e33408491dc648a,True,1
66106,20552,240926_ML.npy,2026-09-25,2026-09-25 01:23:11.307029,7C7AF7,DA40,DIAMOND AIRCRAFT INDUSTRIES INC.,DA 40,c2db01cc8ac5e34be4a88fee805fb091fc02daf0f291563d5e4b79b8027ab164,True,3
66108,20554,240926_ML.npy,2026-09-25,2026-09-25 01:23:16.555268,7C0074,C172,CESSNA AIRCRAFT COMPANY,172S,a90437468594afb04371eeb71f3b5e037838bcf49386806f9e33408491dc648a,True,1
66115,20561,240926_ML.npy,2026-09-25,2026-09-25 01:23:19.363424,7C0074,C172,CESSNA AIRCRAFT COMPANY,172S,976503016d5c665f8473bf214ed2d2caffef23bfff0437fc180c3b57dd0def7a,True,3
66133,20579,240926_ML.npy,2026-09-25,2026-09-25 01:23:30.356363,7C0074,C172,CESSNA AIRCRAFT COMPANY,172S,a90437468594afb04371eeb71f3b5e037838bcf49386806f9e33408491dc648a,True,1
66137,20583,240926_ML.npy,2026-09-25,2026-09-25 01:23:31.912423,7C67D0,C172,CESSNA AIRCRAFT COMPANY,172S,881bfb03264c2eca1e42435f23e5d27780f1aafacae966a6bf0d95f0530c10fb,True,3
66139,20585,240926_ML.npy,2026-09-25,2026-09-25 01:23:32.952534,7C0074,C172,CESSNA AIRCRAFT COMPANY,172S,c8b131c26bc4bf4191a6b31c3db66b882d69fbe01382ff88cf1db6c17c99953c,True,4
66142,20588,240926_ML.npy,2026-09-25,2026-09-25 01:23:33.867601,7C0074,C172,CESSNA AIRCRAFT COMPANY,172S,e58966efe021ee6095b79a11971d61e579f1335c076411aa0dec0f3d43929c5f,True,5
66148,20594,240926_ML.npy,2026-09-25,2026-09-25 01:23:35.823795,7C0074,C172,CESSNA AIRCRAFT COMPANY,172S,e0725182677d68f794b8ade9c784e58fd0c6218c751b9a9b00eb0eaf8ebdd6d1,True,2
66155,20601,240926_ML.npy,2026-09-25,2026-09-25 01:23:38.326989,7C0074,C172,CESSNA AIRCRAFT COMPANY,172S,24f04e7f24c8dffd1988efe22d225174c89c87b6b57c4621ab427d28642a8053,True,1
66167,20613,240926_ML.npy,2026-09-25,2026-09-25 01:23:43.619369,7C67D0,C172,CESSNA AIRCRAFT COMPANY,172S,6ed9fae629f464f1c768ee6f3906832d2da96336965159338627b4ac711e2233,True,1
66176,20622,240926_ML.npy,2026-09-25,2026-09-25 01:23:46.094384,7C0074,C172,CESSNA AIRCRAFT COMPANY,172S,3ce829d796f623bc10b62eec37b1757bce3174127e4aaa92e7bccd065065c308,True,2
66186,20632,240926_ML.npy,2026-09-25,2026-09-25 01:23:51.014447,7C0074,C172,CESSNA AIRCRAFT COMPANY,172S,3ce829d796f623bc10b62eec37b1757bce3174127e4aaa92e7bccd065065c308,True,4
66190,20636,240926_ML.npy,2026-09-25,2026-09-25 01:23:52.380750,7C0074,C172,CESSNA AIRCRAFT COMPANY,172S,96bc6887819a86f8e3b213551fa1cda6b2be28bbadc87a756585bdd7e771c9eb,True,5
66198,20644,240926_ML.npy,2026-09-25,2026-09-25 01:23:56.984610,7C67D0,C172,CESSNA AIRCRAFT COMPANY,172S,21e205076cb00c34037f76ed238784a5a501da6ebcca6e07d489f9630752ca7c,True,1
66223,20669,240926_ML.npy,2026-09-25,2026-09-25 01:24:18.564599,7C0074,C172,CESSNA AIRCRAFT COMPANY,172S,e61a21f02752247b21ff5cdb34957e81ae16e82874bfd2ac5738fd4e64be6280,True,2
66233,20679,240926_ML.npy,2026-09-25,2026-09-25 01:24:44.572636,7C0074,C172,CESSNA AIRCRAFT COMPANY,172S,4edb9c511eb066427a0cf4a9877b5667f58573d32979164a52030c10992b06a2,True,1
66234,20680,240926_ML.npy,2026-09-25,2026-09-25 01:24:45.003069,7C0074,C172,CESSNA AIRCRAFT COMPANY,172S,2a4855673a190c939b4f8fcf874b79753179e108a9bdb2cdd08d96b4b1f7f897,True,2
66237,20683,240926_ML.npy,2026-09-25,2026-09-25 01:24:55.026265,7C0074,C172,CESSNA AIRCRAFT COMPANY,172S,a90437468594afb04371eeb71f3b5e037838bcf49386806f9e33408491dc648a,True,3
66241,20687,240926_ML.npy,2026-09-25,2026-09-25 01:25:00.641040,7C0074,C172,CESSNA AIRCRAFT COMPANY,172S,7fc14d153d24fb41b8b4205312c9781fe405676e4226970b1a8e0eddb0e4a03c,True,4
66247,20693,240926_ML.npy,2026-09-25,2026-09-25 01:25:08.612072,7C0074,C172,CESSNA AIRCRAFT COMPANY,172S,057438800551806691c52231f9e1a3919594641e2da9d58b498bed41da7e79f8,True,5
66256,20702,240926_ML.npy,2026-09-25,2026-09-25 01:25:19.625114,7C7144,C172,CESSNA AIRCRAFT COMPANY,172N,20705c3cf280e5f8574c50e896bb4dc220d0d271304bd878266eeaf3dd1d2cd8,True,3
66258,20704,240926_ML.npy,2026-09-25,2026-09-25 01:25:21.293159,7C7144,C172,CESSNA AIRCRAFT COMPANY,172N,1d121943cc59228e412a5853267e9d4c6616c0a67fce6fd19bc27031c2f84cc9,True,2
66267,20713,240926_ML.npy,2026-09-25,2026-09-25 01:25:34.940621,7C7144,C172,CESSNA AIRCRAFT COMPANY,172N,1f7c7c2c1e0872e5b0a67e74165d3fd415d920d8e95dea7bb345b0bcc32710de,True,4
66278,20724,240926_ML.npy,2026-09-25,2026-09-25 01:25:55.517474,7C7144,C172,CESSNA AIRCRAFT COMPANY,172N,f72ab23ae3671dbff8b1aca951e6ffa17178f0b4d2dc3080790232a5b2ba6f2f,True,3
66281,20727,240926_ML.npy,2026-09-25,2026-09-25 01:25:56.457184,7C7144,C172,CESSNA AIRCRAFT COMPANY,172N,b907c860ebafe561d811f3263da4b68a202966bc815729064240c5c696c90cb4,True,4
66283,20729,240926_ML.npy,2026-09-25,2026-09-25 01:25:58.650531,7C7144,C172,CESSNA AIRCRAFT COMPANY,172N,1eedf99c6bec33cd18a7df7c3576a39fbe7b6a6ee0246565b0b0b977225c9b48,True,1
66290,20736,240926_ML.npy,2026-09-25,2026-09-25 01:26:26.454531,7C67D0,C172,CESSNA AIRCRAFT COMPANY,172S,166a1b432ece377f7e7bce4e5086e24138b6130cdbd6c8529d90650db1a1f574,True,5
66291,20737,240926_ML.npy,2026-09-25,2026-09-25 01:26:26.492341,7C67D0,C172,CESSNA AIRCRAFT COMPANY,172S,742b26d109cc1658353b1f7271da3eef1e660eab3b08d73a646a5d123fa8ffc5,True,1
66293,20739,240926_ML.npy,2026-09-25,2026-09-25 01:26:27.752118,7C67D0,C172,CESSNA AIRCRAFT COMPANY,172S,6ed9fae629f464f1c768ee6f3906832d2da96336965159338627b4ac711e2233,True,5
66298,20744,240926_ML.npy,2026-09-25,2026-09-25 01:26:35.313684,7C67D0,C172,CESSNA AIRCRAFT COMPANY,172S,e09ef2c1cd246a52ada4234c4dedc2907348a3e1a2fcb6b735ade5d8f6116920,True,3
66303,20749,240926_ML.npy,2026-09-25,2026-09-25 01:26:42.035421,7C67D0,C172,CESSNA AIRCRAFT COMPANY,172S,5084941029fcb685ed77ebe39d223332edd9fc8ccf0cd7d6acdefcecbae2ce5b,True,2
66308,20754,240926_ML.npy,2026-09-25,2026-09-25 01:26:47.067650,7C67D0,C172,CESSNA AIRCRAFT COMPANY,172S,e8b8c452fc9001719bcfd71210d073b2558bbaf812563144836e03aecdb27318,True,1
66313,20759,240926_ML.npy,2026-09-25,2026-09-25 01:26:51.471662,7C67D0,C172,CESSNA AIRCRAFT COMPANY,172S,694bebf25788f3612508d6ea9990dd6785b7bcb42b8b27e2c58fdac45e6738af,True,4
66314,20760,240926_ML.npy,2026-09-25,2026-09-25 01:26:51.476106,7C67D0,C172,CESSNA AIRCRAFT COMPANY,172S,cb54363b5c8cf07350318f425d698b3186d93bdf7893531a68a7cf8383e534c8,True,4
66320,20766,240926_ML.npy,2026-09-25,2026-09-25 01:26:57.978814,7C67D0,C172,CESSNA AIRCRAFT COMPANY,172S,bde1e47d8e3da6a61aa36d4e8aece878c3993d29d8f64a744f2209061932a688,True,5
66322,20768,240926_ML.npy,2026-09-25,2026-09-25 01:26:59.955029,7C67D0,C172,CESSNA AIRCRAFT COMPANY,172S,3040509fc8b667fe2aeca6dce95e12f6a76ce8d8de32a3615210e883a123c279,True,2
66326,20772,240926_ML.npy,2026-09-25,2026-09-25 01:27:05.303400,7C67D0,C172,CESSNA AIRCRAFT COMPANY,172S,b6aa9fcb41a1371764dc24bd2542001049550b65ec02ca28ff87c740403ba5bf,True,4
66350,20796,240926_ML.npy,2026-09-25,2026-09-25 01:27:37.193350,7C0074,C172,CESSNA AIRCRAFT COMPANY,172S,4cc7281c8f20ef19ecdf85e7dc5ea4bae3bcd9c25c3b1d6baa86dddba103b878,True,3
66362,20808,240926_ML.npy,2026-09-25,2026-09-25 01:27:44.967898,7C7AF7,DA40,DIAMOND AIRCRAFT INDUSTRIES INC.,DA 40,f8f7e261b91ebbbfb47c96d6de4ef0aa87a3a1967d524116d481072f94df12d1,True,2
66371,20817,240926_ML.npy,2026-09-25,2026-09-25 01:27:53.201475,7C7AF7,DA40,DIAMOND AIRCRAFT INDUSTRIES INC.,DA 40,c1f3e7ba74ef8823617ed13412a2d1b2aeccee72dcbbe8fe0d1e9f1196443956,True,1
66395,20841,240926_ML.npy,2026-09-25,2026-09-25 01:28:09.360751,7C7AF7,DA40,DIAMOND AIRCRAFT INDUSTRIES INC.,DA 40,628f4f0e884305fb2b9051d220e2bf6933bba7b1e82fba9c4d0c29394ebf5002,True,2
66397,20843,240926_ML.npy,2026-09-25,2026-09-25 01:28:09.920587,7C7C3E,DA40,DIAMOND AIRCRAFT INDUSTRIES INC.,DA 40,d6039e75b37ed855560e36b76c2d5a96e8b8fe8a5229eea39d1e285a5b075084,True,1
66406,20852,240926_ML.npy,2026-09-25,2026-09-25 01:28:16.784578,7C0074,C172,CESSNA AIRCRAFT COMPANY,172S,3ce829d796f623bc10b62eec37b1757bce3174127e4aaa92e7bccd065065c308,True,4
66407,20853,240926_ML.npy,2026-09-25,2026-09-25 01:28:17.374264,7C7C3E,DA40,DIAMOND AIRCRAFT INDUSTRIES INC.,DA 40,1b6f6813f2d9a1921d83d25125eda8a42a4a992285e2d3ec6d1f67b67214e805,True,2
66411,20857,240926_ML.npy,2026-09-25,2026-09-25 01:28:19.708409,7C0074,C172,CESSNA AIRCRAFT COMPANY,172S,8406bd52814ddc048fadf07470c6aab28f6d6bee9be4cd580fed24f966011180,True,1
66428,20874,240926_ML.npy,2026-09-25,2026-09-25 01:28:26.608536,7C67D0,C172,CESSNA AIRCRAFT COMPANY,172S,69c5981f0f1176cda345ff1ad1f7b558535d9362cfe238f31a157381bcfbe09b,True,5
66430,20876,240926_ML.npy,2026-09-25,2026-09-25 01:28:28.211027,7C0074,C172,CESSNA AIRCRAFT COMPANY,172S,268dfffe9628ef0c260691e9632f427ea3a40e05eddc47529562da8935e76729,True,3
66444,20890,240926_ML.npy,2026-09-25,2026-09-25 01:28:34.840184,7C0074,C172,CESSNA AIRCRAFT COMPANY,172S,07ecf71b0cabf6a6631ead0a15ea3290da8afc7231838b3a760cf013fb849682,True,5
66456,20902,240926_ML.npy,2026-09-25,2026-09-25 01:28:44.284930,7C0074,C172,CESSNA AIRCRAFT COMPANY,172S,708952383b6c531fdb0d96975e63909af3b361708b475a03f2c7070d6f908a6d,True,4
66459,20905,240926_ML.npy,2026-09-25,2026-09-25 01:28:44.772713,7C0074,C172,CESSNA AIRCRAFT COMPANY,172S,0dc98833d743c420ed51248840d5197782209717374fc46dde842ef6c695bf6f,True,5
66462,20908,240926_ML.npy,2026-09-25,2026-09-25 01:28:45.718550,7C0074,C172,CESSNA AIRCRAFT COMPANY,172S,da40026ecd1d82d062a2a8b4138a12a4cbae265cea38e6a8144adfc1c8321ae5,True,3
66464,20910,240926_ML.npy,2026-09-25,2026-09-25 01:28:46.518031,7C0074,C172,CESSNA AIRCRAFT COMPANY,172S,3ce829d796f623bc10b62eec37b1757bce3174127e4aaa92e7bccd065065c308,True,3
66465,20911,240926_ML.npy,2026-09-25,2026-09-25 01:28:46.602748,7C0074,C172,CESSNA AIRCRAFT COMPANY,172S,f1cede4e056428645d76376347e93b4e619fdc0686e8264362725dc01fd94ffa,True,2
66475,20921,240926_ML.npy,2026-09-25,2026-09-25 01:28:48.177255,7C67D0,C172,CESSNA AIRCRAFT COMPANY,172S,6ed9fae629f464f1c768ee6f3906832d2da96336965159338627b4ac711e2233,True,4
66480,20926,240926_ML.npy,2026-09-25,2026-09-25 01:28:49.689260,7C0074,C172,CESSNA AIRCRAFT COMPANY,172S,dcbef4f2c3712d980e7f9c88c5b6cc276ddd0bc56b8e8b32bdecd8dfd6a9441f,True,2
66483,20929,240926_ML.npy,2026-09-25,2026-09-25 01:28:50.815747,7C0074,C172,CESSNA AIRCRAFT COMPANY,172S,4612944a7427dd8067b652767c425ae1ea07114d488adf4788e70c2aa769ba53,True,2
66484,20930,240926_ML.npy,2026-09-25,2026-09-25 01:28:50.821753,7C0074,C172,CESSNA AIRCRAFT COMPANY,172S,97a7e1180a6bb552381f77719a25661327e8af78020e3d0999b708ff68f29eec,True,1
66496,20942,240926_ML.npy,2026-09-25,2026-09-25 01:29:01.017039,7C7B55,DA40,DIAMOND AIRCRAFT INDUSTRIES INC.,DA 40,ac7a29c9bb235c5b81ee5fd42940b07ff2868d1bf2473051959a85217e27c612,True,3
66503,20949,240926_ML.npy,2026-09-25,2026-09-25 01:29:04.191353,7C7B64,DA40,DIAMOND AIRCRAFT INDUSTRIES INC.,DA 40,299fecbdadae8e44c279d811bc001b716b8b382c1e33c3fe4b08644770820b9e,True,4
66507,20953,240926_ML.npy,2026-09-25,2026-09-25 01:29:05.687375,7C7B55,DA40,DIAMOND AIRCRAFT INDUSTRIES INC.,DA 40,5dfb7cc2c82ff4d2f6853eb6c40454dd24ca202209a024d899a3bc29951698e9,True,2
66519,20965,240926_ML.npy,2026-09-25,2026-09-25 01:29:10.423000,7C7B64,DA40,DIAMOND AIRCRAFT INDUSTRIES INC.,DA 40,b6ca648634a80729d476e6c5f35ff73ed3ac06fa540edc01816cc00fd7dbde1e,True,1
66524,20970,240926_ML.npy,2026-09-25,2026-09-25 01:29:14.023754,7C7B55,DA40,DIAMOND AIRCRAFT INDUSTRIES INC.,DA 40,144f5921274c7bbd1ba35ac16d14fb11fa799972fc564a4664816b3747587178,True,2
66552,20998,240926_ML.npy,2026-09-25,2026-09-25 01:29:25.866058,7C7B5F,DA40,DIAMOND AIRCRAFT INDUSTRIES INC.,DA 40,8b3a8ce4c9a662ed227ffbf52fe3e27faafc7cadb2f0aa5b69249db408cd61af,True,4
66557,21003,240926_ML.npy,2026-09-25,2026-09-25 01:29:28.291951,7C7B5F,DA40,DIAMOND AIRCRAFT INDUSTRIES INC.,DA 40,40aa9126cd570deecf86fbd09244112bdc3a9590cef7cc04faaf47959ad60a7e,True,5
66592,21038,240926_ML.npy,2026-09-25,2026-09-25 01:29:50.603036,7C7B5F,DA40,DIAMOND AIRCRAFT INDUSTRIES INC.,DA 40,7156dda8bb8c06d6a56dc484f3611bda243f85ff810005d0d54db8d5d0fa27cb,True,1
66593,21039,240926_ML.npy,2026-09-25,2026-09-25 01:29:51.034698,7C7B5F,DA40,DIAMOND AIRCRAFT INDUSTRIES INC.,DA 40,9e1cae0b6798fdf921c091709012a3def7eca81088dae6ebcb2419602c10da7a,True,3
66608,21054,240926_ML.npy,2026-09-25,2026-09-25 01:30:02.904463,7C7B5F,DA40,DIAMOND AIRCRAFT INDUSTRIES INC.,DA 40,12821f4c50f8c930445e1d1b27362813a9d5bd5d0efcdf65afcf0a9770233319,True,5
66612,21058,240926_ML.npy,2026-09-25,2026-09-25 01:30:04.714414,7C7B5F,DA40,DIAMOND AIRCRAFT INDUSTRIES INC.,DA 40,76441944698d299bfa6fcccc996c418aee6627fa6a47c482c161f3b237a385c2,True,2
66620,21066,240926_ML.npy,2026-09-25,2026-09-25 01:30:13.999720,7C7B5F,DA40,DIAMOND AIRCRAFT INDUSTRIES INC.,DA 40,d0ec526ba45b45c8396e1d554b6266277fe93ed47115e28beab6e873746bd3da,True,1
66637,21083,240926_ML.npy,2026-09-25,2026-09-25 01:31:22.520501,7C67D0,C172,CESSNA AIRCRAFT COMPANY,172S,57a63859f22ac95a01e22b56cc1cd3c91e311e97cd759e052026e08fb2822699,True,4
66638,21084,240926_ML.npy,2026-09-25,2026-09-25 01:31:25.927754,7C67D0,C172,CESSNA AIRCRAFT COMPANY,172S,f0f9ea4b9db1611ff83d6294fe28a93228906c9b628cb50de3efcb2ace63dc07,True,1
66642,21088,240926_ML.npy,2026-09-25,2026-09-25 01:31:29.581609,7C67D0,C172,CESSNA AIRCRAFT COMPANY,172S,e09ef2c1cd246a52ada4234c4dedc2907348a3e1a2fcb6b735ade5d8f6116920,True,5
66643,21089,240926_ML.npy,2026-09-25,2026-09-25 01:31:32.101412,7C67D0,C172,CESSNA AIRCRAFT COMPANY,172S,e09ef2c1cd246a52ada4234c4dedc2907348a3e1a2fcb6b735ade5d8f6116920,True,2
66644,21090,240926_ML.npy,2026-09-25,2026-09-25 01:31:34.152640,7C67D0,C172,CESSNA AIRCRAFT COMPANY,172S,ca588c3fc3dec7747172e034ec430b5593c66c0ff18948add7636c839362e612,True,4
66652,21098,240926_ML.npy,2026-09-25,2026-09-25 01:31:42.107267,7C67D0,C172,CESSNA AIRCRAFT COMPANY,172S,e09ef2c1cd246a52ada4234c4dedc2907348a3e1a2fcb6b735ade5d8f6116920,True,2
66654,21100,240926_ML.npy,2026-09-25,2026-09-25 01:31:44.677039,7C67D0,C172,CESSNA AIRCRAFT COMPANY,172S,79efdd8a29cafe634ba8f22153d98e5eab5c47b185353286a95ede1a3607ebf5,True,4
66656,21102,240926_ML.npy,2026-09-25,2026-09-25 01:31:45.146224,7C7C31,DA40,DIAMOND AIRCRAFT INDUSTRIES INC.,DA 40,2ed7b2a708e37774ba6245a4bed537c00fb75be96bdc8aaaed2663247e3429d3,True,2
66660,21106,240926_ML.npy,2026-09-25,2026-09-25 01:31:46.654485,7C67D0,C172,CESSNA AIRCRAFT COMPANY,172S,88dcd24344e4ada198404718225e13fb83995c87effcba63204c35629bcaa4b8,True,1
66665,21111,240926_ML.npy,2026-09-25,2026-09-25 01:31:49.816309,7C67D0,C172,CESSNA AIRCRAFT COMPANY,172S,007ddb2304e24defab9bc0976617ed53ae89b70ff26fd2c607294a243aec3b46,True,3
66673,21119,240926_ML.npy,2026-09-25,2026-09-25 01:31:55.720348,7C7C31,DA40,DIAMOND AIRCRAFT INDUSTRIES INC.,DA 40,af197ba3b82c3e613a686638a8eb8220e11b811a216ca365d41f4ae3a8dd0e58,True,3
66680,21126,240926_ML.npy,2026-09-25,2026-09-25 01:32:01.423668,7C7C31,DA40,DIAMOND AIRCRAFT INDUSTRIES INC.,DA 40,eb912f7efc64d8de55e56bd711ee4f5b8d96c36ef7c3a8111fa3d98becad6c71,True,4
66687,21133,240926_ML.npy,2026-09-25,2026-09-25 01:32:04.585983,7C67D0,C172,CESSNA AIRCRAFT COMPANY,172S,e09ef2c1cd246a52ada4234c4dedc2907348a3e1a2fcb6b735ade5d8f6116920,True,3
66691,21137,240926_ML.npy,2026-09-25,2026-09-25 01:32:04.804111,7C67D0,C172,CESSNA AIRCRAFT COMPANY,172S,eb7c32eeca7fe155df5433dc8f6cb21a4550f3ac4cc5c4591dde8590b1547259,True,2
66696,21142,240926_ML.npy,2026-09-25,2026-09-25 01:32:07.421827,7C7C31,DA40,DIAMOND AIRCRAFT INDUSTRIES INC.,DA 40,c5ed871921f73f6720028f40008923db8104ec5d0d97ed051c29d9ed262b9419,True,2
66711,21157,240926_ML.npy,2026-09-25,2026-09-25 01:32:17.634110,7C67D0,C172,CESSNA AIRCRAFT COMPANY,172S,6ed9fae629f464f1c768ee6f3906832d2da96336965159338627b4ac711e2233,True,2
66719,21165,240926_ML.npy,2026-09-25,2026-09-25 01:32:23.395655,7C67D0,C172,CESSNA AIRCRAFT COMPANY,172S,259e928204639b4f345ea5e93670a9b81279742dde8f4f2fa66e79f05558f5ae,True,4
66723,21169,240926_ML.npy,2026-09-25,2026-09-25 01:32:30.141201,7C7AF7,DA40,DIAMOND AIRCRAFT INDUSTRIES INC.,DA 40,0ac4d049496efbab12dc90d3bb60feaebc3d031a0cc222443f67d7c48aef77c2,True,5
66727,21173,240926_ML.npy,2026-09-25,2026-09-25 01:32:32.147696,7C67D0,C172,CESSNA AIRCRAFT COMPANY,172S,e09ef2c1cd246a52ada4234c4dedc2907348a3e1a2fcb6b735ade5d8f6116920,True,5
66733,21179,240926_ML.npy,2026-09-25,2026-09-25 01:32:35.378128,7C6C18,C172,CESSNA AIRCRAFT COMPANY,172S,028e5206375c0060d1276403ddf61ececef890f6f179f0b2dccf3d704553a812,True,4
66735,21181,240926_ML.npy,2026-09-25,2026-09-25 01:32:36.348889,7C6C18,C172,CESSNA AIRCRAFT COMPANY,172S,b1c1bcee456a0a115ba49bbd3140a2538016187b346bcb0a6199b1cc2ce2e426,True,1
66738,21184,240926_ML.npy,2026-09-25,2026-09-25 01:32:37.710881,7C7AF7,DA40,DIAMOND AIRCRAFT INDUSTRIES INC.,DA 40,840476337306b67e55299350cdf1ccc049757db43155fc84f6e0dcad311258c8,True,3
66748,21194,240926_ML.npy,2026-09-25,2026-09-25 01:32:47.695748,7C6C18,C172,CESSNA AIRCRAFT COMPANY,172S,2a2c6f94744d69371f7c5b38b62d216ac208c29fb43b1cce34b4bf711862ca12,True,3
66751,21197,240926_ML.npy,2026-09-25,2026-09-25 01:32:48.487960,7C7AF7,DA40,DIAMOND AIRCRAFT INDUSTRIES INC.,DA 40,d25bb106c1bb9221abc4c42d9a7aaf45bcc7f7bd9be6857d989c824c516822d9,True,3
66756,21202,240926_ML.npy,2026-09-25,2026-09-25 01:32:54.129521,7C6C18,C172,CESSNA AIRCRAFT COMPANY,172S,c4b3a6a743e21c68cd2ede925513b15d99c7ba28723cfc567419102e8ff2066b,True,5
66759,21205,240926_ML.npy,2026-09-25,2026-09-25 01:32:54.703120,7C6C18,C172,CESSNA AIRCRAFT COMPANY,172S,f2c9f92a3026159011f3af6b66d1ed02636aefaed0030adc9195d70e08686893,True,2
66760,21206,240926_ML.npy,2026-09-25,2026-09-25 01:32:54.716287,7C6C18,C172,CESSNA AIRCRAFT COMPANY,172S,f23f34945f6c81b2c4815a2326f75d606ed94a46b38b509ffed0eeee881567c9,True,1
66769,21215,240926_ML.npy,2026-09-25,2026-09-25 01:32:58.182997,7C6C18,C172,CESSNA AIRCRAFT COMPANY,172S,3aaa1daa434f785f7f7cae9e4c5df98126077a6772bc4b2ae25967ddebb2229c,True,1
66776,21222,240926_ML.npy,2026-09-25,2026-09-25 01:33:04.902003,7C6C18,C172,CESSNA AIRCRAFT COMPANY,172S,2e4351982a2da51f48121a58096c7da2faa07af114830869f18b723037ceceb9,True,5
66790,21236,240926_ML.npy,2026-09-25,2026-09-25 01:33:16.860517,7C67D0,C172,CESSNA AIRCRAFT COMPANY,172S,742b26d109cc1658353b1f7271da3eef1e660eab3b08d73a646a5d123fa8ffc5,True,1
66791,21237,240926_ML.npy,2026-09-25,2026-09-25 01:33:17.074636,7C67D0,C172,CESSNA AIRCRAFT COMPANY,172S,6e1a979383c9ee8bec93952fc8127690851c6ae513a5035ae6895b63cb63d078,True,1
66795,21241,240926_ML.npy,2026-09-25,2026-09-25 01:33:20.066967,7C67D0,C172,CESSNA AIRCRAFT COMPANY,172S,a6a9079334fd4e6ac48eaec3e8c18d2daa6688dfebdd5123ad4fd431ac5005d6,True,4
66797,21243,240926_ML.npy,2026-09-25,2026-09-25 01:33:20.955859,7C6C18,C172,CESSNA AIRCRAFT COMPANY,172S,659652e96b4290a268ca5eae062800173e6334d7e8947582f944a6ab0f96f983,True,1
66800,21246,240926_ML.npy,2026-09-25,2026-09-25 01:33:25.739902,7C6C18,C172,CESSNA AIRCRAFT COMPANY,172S,429ed2ae5ed27ec7a6968167b000918c475b56a0d1274b44ce9c6570b29d5820,True,4
66802,21248,240926_ML.npy,2026-09-25,2026-09-25 01:33:26.681302,7C67D0,C172,CESSNA AIRCRAFT COMPANY,172S,e699c5f3050448da7da1a1e520b5f99ea82ca18d05a9a35c446e72bfa43a77c8,True,3
66805,21251,240926_ML.npy,2026-09-25,2026-09-25 01:33:29.406304,7C6C18,C172,CESSNA AIRCRAFT COMPANY,172S,d5a8dd83cb994dc6248954902b4e85397e1912a47cc3591d15870534292e524d,True,1
66809,21255,240926_ML.npy,2026-09-25,2026-09-25 01:33:36.820114,7C6C18,C172,CESSNA AIRCRAFT COMPANY,172S,532a65025347c51888dbc13b5bdd28f130ae024c11b3b98663165c2a5ba904fd,True,2
66811,21257,240926_ML.npy,2026-09-25,2026-09-25 01:33:38.728342,7C6C18,C172,CESSNA AIRCRAFT COMPANY,172S,028e5206375c0060d1276403ddf61ececef890f6f179f0b2dccf3d704553a812,True,3
66812,21258,240926_ML.npy,2026-09-25,2026-09-25 01:33:39.410552,7C6C18,C172,CESSNA AIRCRAFT COMPANY,172S,a28585c5c08b3695eb6bf14096eb1d6caa3be3f2150a3c8fb058ef3cd0550c76,True,3
66816,21262,240926_ML.npy,2026-09-25,2026-09-25 01:33:41.487284,7C6C18,C172,CESSNA AIRCRAFT COMPANY,172S,a79bab7065eee9ab2a34110c98ce12ae7d3aeeb56fb323d231ffe4e20693ca20,True,5
66818,21264,240926_ML.npy,2026-09-25,2026-09-25 01:33:41.739599,7C67D0,C172,CESSNA AIRCRAFT COMPANY,172S,6ed9fae629f464f1c768ee6f3906832d2da96336965159338627b4ac711e2233,True,1
66824,21270,240926_ML.npy,2026-09-25,2026-09-25 01:33:47.519829,7C6C18,C172,CESSNA AIRCRAFT COMPANY,172S,028e5206375c0060d1276403ddf61ececef890f6f179f0b2dccf3d704553a812,True,5
66829,21275,240926_ML.npy,2026-09-25,2026-09-25 01:33:47.972891,7C7C3E,DA40,DIAMOND AIRCRAFT INDUSTRIES INC.,DA 40,994c3d5edc1403e0683b910adac4926c6fd65dbd5a0e89d24e23d468b0ce9edd,True,2
66837,21283,240926_ML.npy,2026-09-25,2026-09-25 01:33:52.050990,7C7C3E,DA40,DIAMOND AIRCRAFT INDUSTRIES INC.,DA 40,30f1769cab539838e1ce2967500b527c0bd9d2dbef1d8ae804ac0c330a161f7b,True,2
66841,21287,240926_ML.npy,2026-09-25,2026-09-25 01:33:54.085350,7C7C3E,DA40,DIAMOND AIRCRAFT INDUSTRIES INC.,DA 40,3b3b292778a5f5cbb1c709ac248f7e4ea0ab7e03a0fd89dede63212ee2e70343,True,1
66843,21289,240926_ML.npy,2026-09-25,2026-09-25 01:33:55.445687,7C6C18,C172,CESSNA AIRCRAFT COMPANY,172S,95280b773dd7637fef2ccdc57ee4fecd2a38d5f6f87de9db2e8430a69ecda4f9,True,1
66848,21294,240926_ML.npy,2026-09-25,2026-09-25 01:33:58.765573,7C7C3E,DA40,DIAMOND AIRCRAFT INDUSTRIES INC.,DA 40,fd751fdb54586f5d61077a554be23af828580200876fa92e993e63ee160bdb40,True,5
66851,21297,240926_ML.npy,2026-09-25,2026-09-25 01:34:01.218007,7C7C3E,DA40,DIAMOND AIRCRAFT INDUSTRIES INC.,DA 40,fd751fdb54586f5d61077a554be23af828580200876fa92e993e63ee160bdb40,True,4
66857,21303,240926_ML.npy,2026-09-25,2026-09-25 01:34:04.958325,7C6C18,C172,CESSNA AIRCRAFT COMPANY,172S,fff38b8959d54d4866c8aaf9de85a81b1a4b58a5fb65147bbf1fe738c3cb3edf,True,1
66859,21305,240926_ML.npy,2026-09-25,2026-09-25 01:34:07.456608,7C7C3E,DA40,DIAMOND AIRCRAFT INDUSTRIES INC.,DA 40,5559a7e299a506ab08d93795030856ace4172e9cda57f0ba0ac631f0078c32b5,True,2
66862,21308,240926_ML.npy,2026-09-25,2026-09-25 01:34:08.920637,7C6C18,C172,CESSNA AIRCRAFT COMPANY,172S,028e5206375c0060d1276403ddf61ececef890f6f179f0b2dccf3d704553a812,True,1
66882,21328,240926_ML.npy,2026-09-25,2026-09-25 01:34:35.985900,7C7B55,DA40,DIAMOND AIRCRAFT INDUSTRIES INC.,DA 40,1cdf060f366d6ac2d9032b86c322abe4150623e795f7b1e768ee8507623308ab,True,3
66884,21330,240926_ML.npy,2026-09-25,2026-09-25 01:34:36.445433,7C7B55,DA40,DIAMOND AIRCRAFT INDUSTRIES INC.,DA 40,acd180b819b4ac56af4ce6f75b8807a83610201cf6406b512501d785eb77b311,True,3
66888,21334,240926_ML.npy,2026-09-25,2026-09-25 01:34:46.194303,7C7B55,DA40,DIAMOND AIRCRAFT INDUSTRIES INC.,DA 40,acd180b819b4ac56af4ce6f75b8807a83610201cf6406b512501d785eb77b311,True,1
66903,21349,240926_ML.npy,2026-09-25,2026-09-25 01:34:58.673710,7C7B55,DA40,DIAMOND AIRCRAFT INDUSTRIES INC.,DA 40,acd180b819b4ac56af4ce6f75b8807a83610201cf6406b512501d785eb77b311,True,1
66917,21363,240926_ML.npy,2026-09-25,2026-09-25 01:35:18.091642,7C7B55,DA40,DIAMOND AIRCRAFT INDUSTRIES INC.,DA 40,650d6d38df046ce42a724e56864dec65b22163137b3a02eb714fb3e55448ae90,True,2
66927,21373,240926_ML.npy,2026-09-25,2026-09-25 01:36:06.068063,7C67D0,C172,CESSNA AIRCRAFT COMPANY,172S,b33397d9d590043e1c42c8c6e6e436b4d847bf1bea6e8e60105be5c55a508428,True,4
66935,21381,240926_ML.npy,2026-09-25,2026-09-25 01:36:12.016719,7C67D0,C172,CESSNA AIRCRAFT COMPANY,172S,8a45052c10979bf15e67424d4a4de8cea0a60ae869be63bcf62101428b5e703b,True,3
66941,21387,240926_ML.npy,2026-09-25,2026-09-25 01:36:15.582683,7C7AEF,DA40,DIAMOND AIRCRAFT INDUSTRIES INC.,DA 40,ce6ede9353d44c2cca56a75d24249765dea3d2b2e5e5ca237e90870fc4cfc772,True,2
66943,21389,240926_ML.npy,2026-09-25,2026-09-25 01:36:15.814927,7C7AEF,DA40,DIAMOND AIRCRAFT INDUSTRIES INC.,DA 40,569ebf1891b1fc32843efb281823c792868f51d73b384486d57794fa9f44345a,True,5
66951,21397,240926_ML.npy,2026-09-25,2026-09-25 01:36:21.134311,7C67D0,C172,CESSNA AIRCRAFT COMPANY,172S,3d9fdc04ec4f00cdd4596ab35cc6d399ace2c4c7b9050f9937b5c3ff15582f26,True,3
66954,21400,240926_ML.npy,2026-09-25,2026-09-25 01:36:22.184591,7C67D0,C172,CESSNA AIRCRAFT COMPANY,172S,1e40954d369862bc02bdf6cca491e0d16542638fd6aa731edf654ab787863ce8,True,5
66967,21413,240926_ML.npy,2026-09-25,2026-09-25 01:36:28.081060,7C67D0,C172,CESSNA AIRCRAFT COMPANY,172S,e09ef2c1cd246a52ada4234c4dedc2907348a3e1a2fcb6b735ade5d8f6116920,True,3
66973,21419,240926_ML.npy,2026-09-25,2026-09-25 01:36:30.871363,7C67D0,C172,CESSNA AIRCRAFT COMPANY,172S,9e350697904976bd277b29f386664d4589657a6e90a7945545975b349dd2ac60,True,2
66974,21420,240926_ML.npy,2026-09-25,2026-09-25 01:36:32.202963,7C7AEF,DA40,DIAMOND AIRCRAFT INDUSTRIES INC.,DA 40,e16a234c3ed946445963d5de1b05fb41031def97278d631abeb424f915e1c5f3,True,2
66985,21431,240926_ML.npy,2026-09-25,2026-09-25 01:36:36.037931,7C7AEF,DA40,DIAMOND AIRCRAFT INDUSTRIES INC.,DA 40,434e4ba2c8f643359ead8593dcacecb1fed9ee34ed683ee938b518eedc3b5df7,True,5
66991,21437,240926_ML.npy,2026-09-25,2026-09-25 01:36:39.976406,7C7AEF,DA40,DIAMOND AIRCRAFT INDUSTRIES INC.,DA 40,73ac589693984bbcd37823a82c11cc1b5488e9c62694685d2104f0a24c1e7803,True,5
66999,21445,240926_ML.npy,2026-09-25,2026-09-25 01:36:44.757783,7C67D0,C172,CESSNA AIRCRAFT COMPANY,172S,e31984ed82aaa39c58c33e96a43a2e5827cd68d577c3857d5c2b0889c72cd710,True,1
67000,21446,240926_ML.npy,2026-09-25,2026-09-25 01:36:46.232252,7C67D0,C172,CESSNA AIRCRAFT COMPANY,172S,37d664ee7235d20f5eaae1137f670db2d9802f8d9cb3abc5098ec4c72c0ef27b,True,2
67002,21448,240926_ML.npy,2026-09-25,2026-09-25 01:36:48.108143,7C7AEF,DA40,DIAMOND AIRCRAFT INDUSTRIES INC.,DA 40,6deb02a3fa4c7a89bf5dad384363629afe1baee2a635e5e306ad5e1c200d9565,True,4
67014,21460,240926_ML.npy,2026-09-25,2026-09-25 01:37:03.780680,7C7AEF,DA40,DIAMOND AIRCRAFT INDUSTRIES INC.,DA 40,16969bf9f6629b699c9b17147b389339d7ff2c8709b298581c43fb1e986936dd,True,3
67022,21468,240926_ML.npy,2026-09-25,2026-09-25 01:37:22.082540,7C7AEF,DA40,DIAMOND AIRCRAFT INDUSTRIES INC.,DA 40,0f0f4614ae65102276d6b17285e6db80171c8cd3888cd855f8a953dcc3a5648e,True,5
67025,21471,240926_ML.npy,2026-09-25,2026-09-25 01:37:23.729130,7C67D0,C172,CESSNA AIRCRAFT COMPANY,172S,435610791d88ad4a2e2abb1ae8aba84e18e170eb2d0462bea32139d22c03740e,True,1
67029,21475,240926_ML.npy,2026-09-25,2026-09-25 01:37:39.599934,7C7AEF,DA40,DIAMOND AIRCRAFT INDUSTRIES INC.,DA 40,7f459e3be9ffa50a1fbaaa6b5e29f57e8b52b5d9426a411ce4646b60ca23c3b6,True,2
67040,21486,240926_ML.npy,2026-09-25,2026-09-25 01:37:57.465608,7C168D,DA40,DIAMOND AIRCRAFT INDUSTRIES INC.,DA 40,b644524f9b56856da96f676e47360f3bb4ae568f63c1440a88afb2f0e4067c4f,True,3
67043,21489,240926_ML.npy,2026-09-25,2026-09-25 01:37:59.239728,7C67D0,C172,CESSNA AIRCRAFT COMPANY,172S,8be3c17bb57bc13c913fdfd1354dc1264598666e06abb6c2cc015f869f1f0eb7,True,3
67045,21491,240926_ML.npy,2026-09-25,2026-09-25 01:37:59.991139,7C168D,DA40,DIAMOND AIRCRAFT INDUSTRIES INC.,DA 40,895125a2a0f615642ca19f0c5a502145d59684696b9c6f04c09a6630019c9c86,True,5
67050,21496,240926_ML.npy,2026-09-25,2026-09-25 01:38:03.024388,7C67D0,C172,CESSNA AIRCRAFT COMPANY,172S,e09ef2c1cd246a52ada4234c4dedc2907348a3e1a2fcb6b735ade5d8f6116920,True,2
67052,21498,240926_ML.npy,2026-09-25,2026-09-25 01:38:04.692624,7C168D,DA40,DIAMOND AIRCRAFT INDUSTRIES INC.,DA 40,4191cb10210def026f0e77f70dc73dfbc6592fa62ed01359cd0f79afd7abf0f2,True,1
67071,21517,240926_ML.npy,2026-09-25,2026-09-25 01:38:27.846669,7C168D,DA40,DIAMOND AIRCRAFT INDUSTRIES INC.,DA 40,164a5898f125ddd15257ca743e45632e67ee79fc9d727896595bc1fca376f05e,True,4
67075,21521,240926_ML.npy,2026-09-25,2026-09-25 01:38:31.065394,7C168D,DA40,DIAMOND AIRCRAFT INDUSTRIES INC.,DA 40,6d213a358b339423b15d8e2bcc067d970b8bc1a219f0b9fbf30d8f615409f9d7,True,2
67093,21539,240926_ML.npy,2026-09-25,2026-09-25 01:38:45.518552,7C168D,DA40,DIAMOND AIRCRAFT INDUSTRIES INC.,DA 40,7d8052608b19a04c2522a9b6bfdd89d28112fef577b9189779fc9f7de90ba3a3,True,5
67098,21544,240926_ML.npy,2026-09-25,2026-09-25 01:38:47.373832,7C7C3E,DA40,DIAMOND AIRCRAFT INDUSTRIES INC.,DA 40,7cce2abf46473522f172fd5fd5efd78af58f4225201edc9e5b20806f81420104,True,1
67101,21547,240926_ML.npy,2026-09-25,2026-09-25 01:38:49.587931,7C7C3E,DA40,DIAMOND AIRCRAFT INDUSTRIES INC.,DA 40,fd751fdb54586f5d61077a554be23af828580200876fa92e993e63ee160bdb40,True,4
67103,21549,240926_ML.npy,2026-09-25,2026-09-25 01:38:51.303946,7C7C3E,DA40,DIAMOND AIRCRAFT INDUSTRIES INC.,DA 40,7030516068ef6cc70e8d633070e103030e47630668a09d9b54824cff8381f4f3,True,4
67118,21564,240926_ML.npy,2026-09-25,2026-09-25 01:39:08.438790,7C7C3E,DA40,DIAMOND AIRCRAFT INDUSTRIES INC.,DA 40,2525914d9938250d82a2a1130ab07e4f9a8999e114b2258625e66196983af0e9,True,4
67163,21609,240926_ML.npy,2026-09-25,2026-09-25 01:41:19.464917,7C67D0,C172,CESSNA AIRCRAFT COMPANY,172S,077532acc2b40aee082e2c64bd447766ac670567203e28f65d702305f5b3bb5c,True,1
67166,21612,240926_ML.npy,2026-09-25,2026-09-25 01:41:26.433036,7C67D0,C172,CESSNA AIRCRAFT COMPANY,172S,8f08512a53bf9f62505bd4aee67e041b8afed22bcf0d145344387296f5ab1a3a,True,1
67167,21613,240926_ML.npy,2026-09-25,2026-09-25 01:41:30.493994,7C67D0,C172,CESSNA AIRCRAFT COMPANY,172S,740a44724b02262ae26c35985e6bdf87bc9fd75462da156a16b07ab4c4f4bed1,True,2
67174,21620,240926_ML.npy,2026-09-25,2026-09-25 01:41:37.940404,7C67D0,C172,CESSNA AIRCRAFT COMPANY,172S,821d669f136a427fd0f9e3c6377bffd12576490639212944ee2e70310a521a17,True,5
67178,21624,240926_ML.npy,2026-09-25,2026-09-25 01:41:40.379475,7C67D0,C172,CESSNA AIRCRAFT COMPANY,172S,e09ef2c1cd246a52ada4234c4dedc2907348a3e1a2fcb6b735ade5d8f6116920,True,4
67180,21626,240926_ML.npy,2026-09-25,2026-09-25 01:41:41.827266,7C67D0,C172,CESSNA AIRCRAFT COMPANY,172S,2d7e664970dc61694ae1ceff01a60f14ff5fec7e8370a7e07a5c3b79b464e424,True,4
67184,21630,240926_ML.npy,2026-09-25,2026-09-25 01:41:43.502512,7C67D0,C172,CESSNA AIRCRAFT COMPANY,172S,38f1b3fbaf2cf57b4a9a3c59cc78172adbf00dc85e39c8983515119474aced67,True,1
67188,21634,240926_ML.npy,2026-09-25,2026-09-25 01:41:49.985598,7C67D0,C172,CESSNA AIRCRAFT COMPANY,172S,e2aec3e9dd7c0453d2a43a3d2a90028f890111575d9478b9aae6cdc500ea973b,True,4
67190,21636,240926_ML.npy,2026-09-25,2026-09-25 01:41:51.663451,7C67D0,C172,CESSNA AIRCRAFT COMPANY,172S,3a34b4ed741c540f6912e24daf5ccdf4ab876e52e554f49917755d20ca322f64,True,4
67207,21653,240926_ML.npy,2026-09-25,2026-09-25 01:42:18.123945,7C67D0,C172,CESSNA AIRCRAFT COMPANY,172S,bc06e54e86c8637dcfdbae002cc16d4830f4a2b7ed3185300b11844db0338f99,True,1
67208,21654,240926_ML.npy,2026-09-25,2026-09-25 01:42:18.665842,7C67D0,C172,CESSNA AIRCRAFT COMPANY,172S,315970dc6643203dfe16a7b57d3a9585f649dd6370cffcbe0db3a57ddc2e14fe,True,2
67225,21671,240926_ML.npy,2026-09-25,2026-09-25 01:42:50.806556,7C7B65,DA40,DIAMOND AIRCRAFT INDUSTRIES INC.,DA 40,fb31ca011eeae7010c4406dc413081d415565367b37601f433395785893d8592,True,4
67234,21680,240926_ML.npy,2026-09-25,2026-09-25 01:43:03.797716,7C7B65,DA40,DIAMOND AIRCRAFT INDUSTRIES INC.,DA 40,b4c362605eb0cb04c5ae8d87f822031d1e3a3ac88fa12548bec0fed0c96e73cf,True,1
67246,21692,240926_ML.npy,2026-09-25,2026-09-25 01:43:31.945993,7C67D0,C172,CESSNA AIRCRAFT COMPANY,172S,ab4af3cd89f88538886fa6e10321c11efaf6ec096b9045d4c5f131112cb848a7,True,3
67248,21694,240926_ML.npy,2026-09-25,2026-09-25 01:43:36.137629,7C67D0,C172,CESSNA AIRCRAFT COMPANY,172S,0ef94be87957ae2172473fa4b505388e0861f5533b12dc5aba1224531badef4d,True,5
67256,21702,240926_ML.npy,2026-09-25,2026-09-25 01:43:47.663130,7C67D0,C172,CESSNA AIRCRAFT COMPANY,172S,6ed9fae629f464f1c768ee6f3906832d2da96336965159338627b4ac711e2233,True,5
67270,21716,240926_ML.npy,2026-09-25,2026-09-25 01:43:59.228304,7C7C3E,DA40,DIAMOND AIRCRAFT INDUSTRIES INC.,DA 40,d1e20a15ed0318ed3a4456da87aca548716d1b632bde0f89c63a39f7f9eb9cf9,True,4
67273,21719,240926_ML.npy,2026-09-25,2026-09-25 01:44:03.815944,7C7C3E,DA40,DIAMOND AIRCRAFT INDUSTRIES INC.,DA 40,1e9a66de3766e3ec0c89a0018cbda6404e48a6ebeeeed12f25f2072e54274e19,True,2
67298,21744,240926_ML.npy,2026-09-25,2026-09-25 01:45:03.142484,7C1697,DA40,DIAMOND AIRCRAFT INDUSTRIES INC.,DA 40,da850be8c8026be95e3f04a02058ff771866bc86b584e0c1e17e1fe8397a66ff,True,2
67311,21757,240926_ML.npy,2026-09-25,2026-09-25 01:45:15.927464,7C1697,DA40,DIAMOND AIRCRAFT INDUSTRIES INC.,DA 40,b92d922f75d2855a2f04c8311e7fe3c7fbf935f28c12b9a3fed2b9934e91613c,True,5
67323,21769,240926_ML.npy,2026-09-25,2026-09-25 01:46:17.594683,7C67D0,C172,CESSNA AIRCRAFT COMPANY,172S,e09ef2c1cd246a52ada4234c4dedc2907348a3e1a2fcb6b735ade5d8f6116920,True,1
67337,21783,240926_ML.npy,2026-09-25,2026-09-25 01:46:25.983584,7C67D0,C172,CESSNA AIRCRAFT COMPANY,172S,d09adeb721ba05fe022ff6f2587e47d309265fab2d99b18464a845c4afcc091c,True,5
67355,21801,240926_ML.npy,2026-09-25,2026-09-25 01:46:46.433366,7C67D0,C172,CESSNA AIRCRAFT COMPANY,172S,a3ce5de27819d0f320ccb6c82ea059e5561ade877b752c640ec87160b47daebd,True,4
67356,21802,240926_ML.npy,2026-09-25,2026-09-25 01:46:47.230521,7C67D0,C172,CESSNA AIRCRAFT COMPANY,172S,e09ef2c1cd246a52ada4234c4dedc2907348a3e1a2fcb6b735ade5d8f6116920,True,4
67358,21804,240926_ML.npy,2026-09-25,2026-09-25 01:46:48.963530,7C67D0,C172,CESSNA AIRCRAFT COMPANY,172S,a821612265c59d0bcf230028eb943515db0bff0796cc9a8e5605f9118a199304,True,2
67361,21807,240926_ML.npy,2026-09-25,2026-09-25 01:46:50.979023,7C67D0,C172,CESSNA AIRCRAFT COMPANY,172S,e09ef2c1cd246a52ada4234c4dedc2907348a3e1a2fcb6b735ade5d8f6116920,True,2
67362,21808,240926_ML.npy,2026-09-25,2026-09-25 01:46:51.884205,7C67D0,C172,CESSNA AIRCRAFT COMPANY,172S,29664a9e098e49e40c6a57a8dfefc8a4830469e2b730f8eb24ca80347a0a3484,True,3
67365,21811,240926_ML.npy,2026-09-25,2026-09-25 01:46:56.663549,7C67D0,C172,CESSNA AIRCRAFT COMPANY,172S,742b26d109cc1658353b1f7271da3eef1e660eab3b08d73a646a5d123fa8ffc5,True,5
67366,21812,240926_ML.npy,2026-09-25,2026-09-25 01:46:57.385355,7C67D0,C172,CESSNA AIRCRAFT COMPANY,172S,55e0da4fe582bef8f448d1205329c752a454d8847f004401ed11b0fc937eefc5,True,5
67375,21821,240926_ML.npy,2026-09-25,2026-09-25 01:47:03.516652,7C67D0,C172,CESSNA AIRCRAFT COMPANY,172S,1e351a2bb06dff9a921aef0c817da596e7b2ae9a3d304fbea0bdead203ce760e,True,5
67376,21822,240926_ML.npy,2026-09-25,2026-09-25 01:47:05.469365,7C67D0,C172,CESSNA AIRCRAFT COMPANY,172S,f0f9ea4b9db1611ff83d6294fe28a93228906c9b628cb50de3efcb2ace63dc07,True,5
67377,21823,240926_ML.npy,2026-09-25,2026-09-25 01:47:06.450563,7C67D0,C172,CESSNA AIRCRAFT COMPANY,172S,9e6376686c76aa59ede113846948e430623c5e29bd311a13caf16f3cea682f73,True,1
67381,21827,240926_ML.npy,2026-09-25,2026-09-25 01:47:20.942473,7C67D0,C172,CESSNA AIRCRAFT COMPANY,172S,e09ef2c1cd246a52ada4234c4dedc2907348a3e1a2fcb6b735ade5d8f6116920,True,4
67383,21829,240926_ML.npy,2026-09-25,2026-09-25 01:47:29.601483,7C67D0,C172,CESSNA AIRCRAFT COMPANY,172S,00ad279dc6f79222b26fa82666032d276e42aa2bb52d1777d7a3d26c9f49226d,True,3
67384,21830,240926_ML.npy,2026-09-25,2026-09-25 01:47:29.608376,7C67D0,C172,CESSNA AIRCRAFT COMPANY,172S,4aa96694c117684e5b5b387ff8e274b7f48411313fe8804c80fe4693952046ac,True,2
67389,21835,240926_ML.npy,2026-09-25,2026-09-25 01:47:51.507418,7C7B65,DA40,DIAMOND AIRCRAFT INDUSTRIES INC.,DA 40,6d1e7f1f60a04bc7aa799176b9ec95dc59e751264436f20b1803743a3c1982f5,True,2
67392,21838,240926_ML.npy,2026-09-25,2026-09-25 01:47:53.915215,7C7B65,DA40,DIAMOND AIRCRAFT INDUSTRIES INC.,DA 40,d3f12ca64dc52a939c52fd4ba5d873f8e9a3da5cb32591121448eb2e698aa1aa,True,2
67419,21865,240926_ML.npy,2026-09-25,2026-09-25 01:48:39.107444,7C67D0,C172,CESSNA AIRCRAFT COMPANY,172S,32a70aff04cc4e5072728915a3c512a7c188e3831deae5f52a63e5b68b1bd154,True,3
67423,21869,240926_ML.npy,2026-09-25,2026-09-25 01:48:51.167973,7C67D0,C172,CESSNA AIRCRAFT COMPANY,172S,e09ef2c1cd246a52ada4234c4dedc2907348a3e1a2fcb6b735ade5d8f6116920,True,1
67479,21925,240926_ML.npy,2026-09-25,2026-09-25 01:51:18.938646,7C67D0,C172,CESSNA AIRCRAFT COMPANY,172S,6ed9fae629f464f1c768ee6f3906832d2da96336965159338627b4ac711e2233,True,2
67483,21929,240926_ML.npy,2026-09-25,2026-09-25 01:51:21.791088,7C67D0,C172,CESSNA AIRCRAFT COMPANY,172S,742b26d109cc1658353b1f7271da3eef1e660eab3b08d73a646a5d123fa8ffc5,True,3
67484,21930,240926_ML.npy,2026-09-25,2026-09-25 01:51:24.237359,7C67D0,C172,CESSNA AIRCRAFT COMPANY,172S,97e9a6bd2276ee1802fe047fb8ead70d4d8e6d829cba58ae29e194d5593e6171,True,5
67489,21935,240926_ML.npy,2026-09-25,2026-09-25 01:51:29.177904,7C67D0,C172,CESSNA AIRCRAFT COMPANY,172S,6ed9fae629f464f1c768ee6f3906832d2da96336965159338627b4ac711e2233,True,2
67490,21936,240926_ML.npy,2026-09-25,2026-09-25 01:51:35.114368,7C67D0,C172,CESSNA AIRCRAFT COMPANY,172S,7340070c8869d3ab25f76a7f78e527a9e0e3dbdea6a85ab8f6aa25455f7b5332,True,5
67500,21946,240926_ML.npy,2026-09-25,2026-09-25 01:51:43.783266,7C67D0,C172,CESSNA AIRCRAFT COMPANY,172S,cff80d03f29f949016cd2f3fd2f36a5533d9d7b43d81f350e27d59b05c977e0c,True,1
67501,21947,240926_ML.npy,2026-09-25,2026-09-25 01:51:44.215283,7C67D0,C172,CESSNA AIRCRAFT COMPANY,172S,f7868fd9bea029abbee6bbcce9d2f453da9f9846c06cbb87d27dd0a9d50307f2,True,2
67506,21952,240926_ML.npy,2026-09-25,2026-09-25 01:51:46.867720,7C67D0,C172,CESSNA AIRCRAFT COMPANY,172S,a1b5280b6b7b16cb672357de0363389a8e6bcfe03a4814dbe2665c74936986bd,True,5
67508,21954,240926_ML.npy,2026-09-25,2026-09-25 01:51:49.875973,7C67D0,C172,CESSNA AIRCRAFT COMPANY,172S,c2ac8f9f01afa0aa1f57adfa1c20a7dcbfba78cf579d68d969ee918ada26a0eb,True,4
67511,21957,240926_ML.npy,2026-09-25,2026-09-25 01:51:52.814136,7C67D0,C172,CESSNA AIRCRAFT COMPANY,172S,62278c920e1cb2aebd7331a96ee3c9f08e8d2e3c0c0263d649dab0854c610716,True,4
67513,21959,240926_ML.npy,2026-09-25,2026-09-25 01:51:55.294854,7C67D0,C172,CESSNA AIRCRAFT COMPANY,172S,9411e255baf7642a130e25f000caffab399d1470d456855b954902a7b181746d,True,2
67537,21983,240926_ML.npy,2026-09-25,2026-09-25 01:52:51.063811,7C67D0,C172,CESSNA AIRCRAFT COMPANY,172S,3cf2e8843251a7f369d69b9b4defd3a5dc88c5041865c4f12ee8539dbbaf929e,True,3
67538,21984,240926_ML.npy,2026-09-25,2026-09-25 01:52:51.067616,7C67D0,C172,CESSNA AIRCRAFT COMPANY,172S,ee695284348ddc6f9a02e17be10689e3b99714719d5758c81685927872dc2333,True,1
67542,21988,240926_ML.npy,2026-09-25,2026-09-25 01:53:09.728232,7C7B65,DA40,DIAMOND AIRCRAFT INDUSTRIES INC.,DA 40,35e631e6ead79609a7e9311b7574649e68d4ac266f54a8df83c38aa77bfef992,True,2
67563,22009,240926_ML.npy,2026-09-25,2026-09-25 01:53:29.419272,7C7B65,DA40,DIAMOND AIRCRAFT INDUSTRIES INC.,DA 40,fb31ca011eeae7010c4406dc413081d415565367b37601f433395785893d8592,True,3
67609,22055,240926_ML.npy,2026-09-25,2026-09-25 01:54:23.413724,7C7C3E,DA40,DIAMOND AIRCRAFT INDUSTRIES INC.,DA 40,fd751fdb54586f5d61077a554be23af828580200876fa92e993e63ee160bdb40,True,3
67613,22059,240926_ML.npy,2026-09-25,2026-09-25 01:56:15.162667,7C67D0,C172,CESSNA AIRCRAFT COMPANY,172S,742b26d109cc1658353b1f7271da3eef1e660eab3b08d73a646a5d123fa8ffc5,True,2
67632,22078,240926_ML.npy,2026-09-25,2026-09-25 01:56:38.754263,7C67D0,C172,CESSNA AIRCRAFT COMPANY,172S,5f626e45765fdc04985fe737a63befb13c057abea13a18a552e6dcab452fee5a,True,4
67637,22083,240926_ML.npy,2026-09-25,2026-09-25 01:56:45.429138,7C67D0,C172,CESSNA AIRCRAFT COMPANY,172S,742b26d109cc1658353b1f7271da3eef1e660eab3b08d73a646a5d123fa8ffc5,True,4
67643,22089,240926_ML.npy,2026-09-25,2026-09-25 01:56:57.258706,7C67D0,C172,CESSNA AIRCRAFT COMPANY,172S,2a4e41921a66523cb075b7dfe0f4876e77933c454c1c24acb585501e56131e58,True,4
67645,22091,240926_ML.npy,2026-09-25,2026-09-25 01:56:58.780676,7C67D0,C172,CESSNA AIRCRAFT COMPANY,172S,e6c69752aafa8437018134a4af623bc12f37228bb7dedf723dc609c3d09e3fe7,True,1
67654,22100,240926_ML.npy,2026-09-25,2026-09-25 01:57:14.334492,7C4E44,DA40,DIAMOND AIRCRAFT INDUSTRIES INC.,DA 40,21b89bcd4c523db690d053b9ad40a466b791a4913d39fe0855f7338714dad923,True,3
67667,22113,240926_ML.npy,2026-09-25,2026-09-25 01:57:26.098869,7C4E44,DA40,DIAMOND AIRCRAFT INDUSTRIES INC.,DA 40,8c34af021c5edb0d4797024a16492c418c148658e8f4b8502da88e37c11b47cf,True,5
67673,22119,240926_ML.npy,2026-09-25,2026-09-25 01:57:28.966074,7C67D0,C172,CESSNA AIRCRAFT COMPANY,172S,4bc60af630602eead131792aa09a09aaac1e324d202bd42962efb408277da458,True,4
67680,22126,240926_ML.npy,2026-09-25,2026-09-25 01:57:37.034905,7C4E44,DA40,DIAMOND AIRCRAFT INDUSTRIES INC.,DA 40,0f5b0cd571d90576e0fd8a72f55b286628f8e304c46b45737796607bbf62e7e9,True,2
67688,22134,240926_ML.npy,2026-09-25,2026-09-25 01:57:45.755843,7C4E44,DA40,DIAMOND AIRCRAFT INDUSTRIES INC.,DA 40,05f7681764dc87f757ca1b891cf0cd4f1dc347dc68510ff9fb46ca79eb3e7a07,True,2
67690,22136,240926_ML.npy,2026-09-25,2026-09-25 01:57:48.079913,7C4E44,DA40,DIAMOND AIRCRAFT INDUSTRIES INC.,DA 40,526652fa63a0f92389bf3e5c00d968c66306d11c27f826e0231dba82738a910d,True,3
67699,22145,240926_ML.npy,2026-09-25,2026-09-25 01:58:15.002811,7C67D0,C172,CESSNA AIRCRAFT COMPANY,172S,370b1329a78a11a23b479be0393514ec8c053754a031f06c680a48e8cacc9a34,True,4
67700,22146,240926_ML.npy,2026-09-25,2026-09-25 01:58:20.366827,7C67D0,C172,CESSNA AIRCRAFT COMPANY,172S,dccb0b50de2273bb67074fd91221a077fbcc08e6c93492023747c1de8732ade1,True,1
67705,22151,240926_ML.npy,2026-09-25,2026-09-25 01:58:33.046722,7C7B65,DA40,DIAMOND AIRCRAFT INDUSTRIES INC.,DA 40,eefaa02ec1f349a596c515d75c9d268133eba892ae191835b12c8a711d2d42e4,True,5
67713,22159,240926_ML.npy,2026-09-25,2026-09-25 01:58:45.872366,7C7B65,DA40,DIAMOND AIRCRAFT INDUSTRIES INC.,DA 40,1ab67dd662987303eb084c028945a2aab13b6967dd9f8b4d4978d38d034f6214,True,1
67716,22162,240926_ML.npy,2026-09-25,2026-09-25 01:58:48.940357,7C7B65,DA40,DIAMOND AIRCRAFT INDUSTRIES INC.,DA 40,01821b475afeb20cd6cc3fb4215c0e9386245904db42e252b98962b4c8eef4b4,True,5
67718,22164,240926_ML.npy,2026-09-25,2026-09-25 01:58:49.822330,7C7B65,DA40,DIAMOND AIRCRAFT INDUSTRIES INC.,DA 40,12e95529ebdcf28254486e5cae868d377c013abfe0ae5996a97f8aa3deebe06c,True,5
67752,22198,240926_ML.npy,2026-09-25,2026-09-25 01:59:58.326538,7C7C3E,DA40,DIAMOND AIRCRAFT INDUSTRIES INC.,DA 40,48040d95447abb638fa47f2f867e681d637af9db9a64d7b02b44705413e07892,True,5
67754,22200,240926_ML.npy,2026-09-25,2026-09-25 01:59:58.680249,7C7C3E,DA40,DIAMOND AIRCRAFT INDUSTRIES INC.,DA 40,d10b9f2b83822dc508c1d443ac39c9331d106cd4c074fe4e1927ae02e487fb4c,True,2
67766,22212,240926_ML.npy,2026-09-25,2026-09-25 02:00:10.405036,7C0074,C172,CESSNA AIRCRAFT COMPANY,172S,8e56a47d1ba60e9b227d31a5e4e3f403bb4368f018029be4933a7f29bc67c6ec,True,3
67767,22213,240926_ML.npy,2026-09-25,2026-09-25 02:00:16.748852,7C0074,C172,CESSNA AIRCRAFT COMPANY,172S,8e56a47d1ba60e9b227d31a5e4e3f403bb4368f018029be4933a7f29bc67c6ec,True,4
67768,22214,240926_ML.npy,2026-09-25,2026-09-25 02:00:19.891422,7C0074,C172,CESSNA AIRCRAFT COMPANY,172S,db55a1e584acad98a5e4d966d5815ea53bea3bb64d4e44e0dceb974ecaae652a,True,3
67770,22216,240926_ML.npy,2026-09-25,2026-09-25 02:00:22.938896,7C0074,C172,CESSNA AIRCRAFT COMPANY,172S,8e56a47d1ba60e9b227d31a5e4e3f403bb4368f018029be4933a7f29bc67c6ec,True,1
67774,22220,240926_ML.npy,2026-09-25,2026-09-25 02:00:47.959205,7C0074,C172,CESSNA AIRCRAFT COMPANY,172S,8e56a47d1ba60e9b227d31a5e4e3f403bb4368f018029be4933a7f29bc67c6ec,True,2
67789,22235,240926_ML.npy,2026-09-25,2026-09-25 02:02:41.412909,7C4E44,DA40,DIAMOND AIRCRAFT INDUSTRIES INC.,DA 40,725873d5851d89abe4d1b24922ad86f2183e707a1ea29741ba80a6b0b3041e52,True,4
67795,22241,240926_ML.npy,2026-09-25,2026-09-25 02:02:49.858037,7C4E44,DA40,DIAMOND AIRCRAFT INDUSTRIES INC.,DA 40,c823f9e4a37588207b0a3da1d922c6d4c6edd0bb6a7e35ea00de4033661eb8db,True,4
67805,22251,240926_ML.npy,2026-09-25,2026-09-25 02:03:01.237643,7C4E44,DA40,DIAMOND AIRCRAFT INDUSTRIES INC.,DA 40,ac9759137e96f71cb2b57a112de74410b797cabd712d2d40a68ecba6f9e6af58,True,2
67807,22253,240926_ML.npy,2026-09-25,2026-09-25 02:03:46.544706,7C7B65,DA40,DIAMOND AIRCRAFT INDUSTRIES INC.,DA 40,9ecabc380f97226ec9a05235d708fdc09506d4239c08dbbb2fc9efd393af337b,True,1
67815,22261,240926_ML.npy,2026-09-25,2026-09-25 02:03:53.556197,7C7B65,DA40,DIAMOND AIRCRAFT INDUSTRIES INC.,DA 40,3cd7939b91e4a5b785500b8b72d5140b2b1b6d3a29aa7a2dc06c6396667d8852,True,5
67827,22273,240926_ML.npy,2026-09-25,2026-09-25 02:04:07.323899,7C7B65,DA40,DIAMOND AIRCRAFT INDUSTRIES INC.,DA 40,cc9f8003dfdfc078d887c46d997953d13e5c16939d03749300044d11ab3f4702,True,2
67848,22294,240926_ML.npy,2026-09-25,2026-09-25 02:04:54.354642,7C7C3E,DA40,DIAMOND AIRCRAFT INDUSTRIES INC.,DA 40,fd751fdb54586f5d61077a554be23af828580200876fa92e993e63ee160bdb40,True,2
67856,22302,240926_ML.npy,2026-09-25,2026-09-25 02:05:00.078405,7C7C3E,DA40,DIAMOND AIRCRAFT INDUSTRIES INC.,DA 40,b39727c18e3b5ec57ea92ca3517b5c6cec9bd58ff00d44cbefe289838fc0e246,True,2
67867,22313,240926_ML.npy,2026-09-25,2026-09-25 02:07:17.536650,7C4E44,DA40,DIAMOND AIRCRAFT INDUSTRIES INC.,DA 40,cb578eb6c6c20169c0d7dfad83ea2e51e00a96bb35058fbabe7f5fd754643075,True,3
67898,22344,240926_ML.npy,2026-09-25,2026-09-25 02:07:40.931508,7C4E44,DA40,DIAMOND AIRCRAFT INDUSTRIES INC.,DA 40,36d6b9203daaf99cebe6e3078c22880801e7c90815fa443053abae8410e1c74a,True,1
67899,22345,240926_ML.npy,2026-09-25,2026-09-25 02:07:43.716619,7C4E44,DA40,DIAMOND AIRCRAFT INDUSTRIES INC.,DA 40,959bd2f638a32378bdb096e5ec75b6f57db69c78d9dafa57f3cf2a5b710f6c47,True,1
67907,22353,240926_ML.npy,2026-09-25,2026-09-25 02:07:51.733883,7C4E44,DA40,DIAMOND AIRCRAFT INDUSTRIES INC.,DA 40,427efc76d3c2d4af6cca206be4b9cfdc08900bf6aa52904cfddd26efe90427d2,True,4
67927,22373,240926_ML.npy,2026-09-25,2026-09-25 02:08:04.225308,7C444D,P28A,PIPER AIRCRAFT CORP,PA-28-181,c372d71eb0bc3caedb823cf28e6b7d996fc6da48d7aeecdedbcb8dc00d487bd7,True,1
67938,22384,240926_ML.npy,2026-09-25,2026-09-25 02:08:08.321756,7C7AF0,DA40,DIAMOND AIRCRAFT INDUSTRIES INC.,DA 40,a73af191f6bf7344b9006a9a0a7c283711542b8913a913941cd6ae5915efdd74,True,3
67941,22387,240926_ML.npy,2026-09-25,2026-09-25 02:08:11.189951,7C444D,P28A,PIPER AIRCRAFT CORP,PA-28-181,0405a94fb248d7f61fc92b6268bc4a157eac39aa625e9015f48a2100119de91a,True,5
67944,22390,240926_ML.npy,2026-09-25,2026-09-25 02:08:14.281211,7C7AF0,DA40,DIAMOND AIRCRAFT INDUSTRIES INC.,DA 40,87929d81a7a691bf0662a0234f0e54bcf21af8c15129e3391dfe92795a65a5d2,True,3
67949,22395,240926_ML.npy,2026-09-25,2026-09-25 02:08:17.261033,7C7AF0,DA40,DIAMOND AIRCRAFT INDUSTRIES INC.,DA 40,f56dd9b05395fcafb7a3220e470ec968aff73a7297908aa34bade2f03898534c,True,1
67965,22411,240926_ML.npy,2026-09-25,2026-09-25 02:08:32.130021,7C444D,P28A,PIPER AIRCRAFT CORP,PA-28-181,fcb04546523c20609e73eeea46627d3f5f865e0401af86347e7221801e3a3ee5,True,1
67969,22415,240926_ML.npy,2026-09-25,2026-09-25 02:08:42.254052,7C7AF0,DA40,DIAMOND AIRCRAFT INDUSTRIES INC.,DA 40,1370290c726d8ef02648b4d34e8f444f54615f852298922a9de1b369d9b74d44,True,1
67972,22418,240926_ML.npy,2026-09-25,2026-09-25 02:08:44.333414,7C7AF0,DA40,DIAMOND AIRCRAFT INDUSTRIES INC.,DA 40,1c7033340a9cc352f851c4cc801e885b33f79100272ebca196df20bdd8ad747b,True,2
67975,22421,240926_ML.npy,2026-09-25,2026-09-25 02:08:56.380525,7C444D,P28A,PIPER AIRCRAFT CORP,PA-28-181,4f222bc930adef364e21f87819664f956409235a6f78137f0dd0007f012fb8ae,True,3
67976,22422,240926_ML.npy,2026-09-25,2026-09-25 02:08:56.508931,7C444D,P28A,PIPER AIRCRAFT CORP,PA-28-181,e1957c6535a38e401abc62117a2c3ca2ceeae0b2d24f3abfd9bf50f63f6127de,True,1
68004,22450,240926_ML.npy,2026-09-25,2026-09-25 02:10:05.514770,7C444D,P28A,PIPER AIRCRAFT CORP,PA-28-181,0a712d93c3b436632b6313eca8379ae14858b33e3b9968582f2fdcbbff01ea49,True,5
68009,22455,240926_ML.npy,2026-09-25,2026-09-25 02:10:11.661497,7C444D,P28A,PIPER AIRCRAFT CORP,PA-28-181,d8ca3e90afb3bc1d4dca52ed572384b0662a75fc6da6c43081f935eb45116e9f,True,4
68010,22456,240926_ML.npy,2026-09-25,2026-09-25 02:10:11.707600,7C444D,P28A,PIPER AIRCRAFT CORP,PA-28-181,fa667d555dd7d61bcfcb2f40b1a0a5665bf82042241cf048f7fb99537f6ae032,True,3
68015,22461,240926_ML.npy,2026-09-25,2026-09-25 02:10:18.768277,7C444D,P28A,PIPER AIRCRAFT CORP,PA-28-181,4247d11b52b6c27420657a5ac54370a5ded5a90b17ffbec0070d55ddc7c10a93,True,5
68019,22465,240926_ML.npy,2026-09-25,2026-09-25 02:10:24.771203,7C444D,P28A,PIPER AIRCRAFT CORP,PA-28-181,eaec37a481afce6a78976164a2e8c451e41008cea3dce20a019973eadad53ed6,True,5
68021,22467,240926_ML.npy,2026-09-25,2026-09-25 02:10:25.538664,7C444D,P28A,PIPER AIRCRAFT CORP,PA-28-181,0a712d93c3b436632b6313eca8379ae14858b33e3b9968582f2fdcbbff01ea49,True,3
68023,22469,240926_ML.npy,2026-09-25,2026-09-25 02:10:28.016186,7C444D,P28A,PIPER AIRCRAFT CORP,PA-28-181,d8ca3e90afb3bc1d4dca52ed572384b0662a75fc6da6c43081f935eb45116e9f,True,3
68024,22470,240926_ML.npy,2026-09-25,2026-09-25 02:10:28.080157,7C444D,P28A,PIPER AIRCRAFT CORP,PA-28-181,d9f6b0ab69a4790b491ec2fcb5a76fe1d0d214f7933bb0736c216f9a1a10eba7,True,3
68025,22471,240926_ML.npy,2026-09-25,2026-09-25 02:10:28.827888,7C444D,P28A,PIPER AIRCRAFT CORP,PA-28-181,381df0b3b6d6f19a43ff96008229228ec07dfb293129cd7b71b6448aab60e32a,True,5
68026,22472,240926_ML.npy,2026-09-25,2026-09-25 02:10:29.863619,7C444D,P28A,PIPER AIRCRAFT CORP,PA-28-181,55dea913fe907b0165ab402b68cdb9680e4a47cfd69765729dd29d8c5954ce15,True,5
68028,22474,240926_ML.npy,2026-09-25,2026-09-25 02:10:30.751531,7C444D,P28A,PIPER AIRCRAFT CORP,PA-28-181,fbf4f76858c65d31f38409e4cc1e13df933f7d222c2586020672bfcf49b377e0,True,5
68029,22475,240926_ML.npy,2026-09-25,2026-09-25 02:10:31.872887,7C444D,P28A,PIPER AIRCRAFT CORP,PA-28-181,f27e8d1c2b863fa179a994ed9b77cbaf831233839169f3b11cedb834fa79ef7c,True,1
68034,22480,240926_ML.npy,2026-09-25,2026-09-25 02:10:34.477057,7C444D,P28A,PIPER AIRCRAFT CORP,PA-28-181,b92bd6f9e9e40d5ec62151e5dc2e6828035368feb7a96bbe477e171d87b32302,True,1
68035,22481,240926_ML.npy,2026-09-25,2026-09-25 02:10:34.759190,7C7C3E,DA40,DIAMOND AIRCRAFT INDUSTRIES INC.,DA 40,3e032eeab9cf70e857f9aa381e142df0af2b2c1874c76face38b06aa0c4a7a23,True,2
68038,22484,240926_ML.npy,2026-09-25,2026-09-25 02:10:35.096757,7C444D,P28A,PIPER AIRCRAFT CORP,PA-28-181,192cf97ed62c9ecb17c42252abcadd2457b872b8b77ed0366be15447916d4442,True,5
68041,22487,240926_ML.npy,2026-09-25,2026-09-25 02:10:36.168470,7C444D,P28A,PIPER AIRCRAFT CORP,PA-28-181,c7971869ddef2bd2df9780338e8d5f7a40aadbc0bdf9dfc1271f769d1da9207a,True,1
68042,22488,240926_ML.npy,2026-09-25,2026-09-25 02:10:36.176370,7C444D,P28A,PIPER AIRCRAFT CORP,PA-28-181,f9c2759dd48b5b3350381a3490616cdfa2af210d85cf058561212f618a4ab9b2,True,1
68044,22490,240926_ML.npy,2026-09-25,2026-09-25 02:10:36.646424,7C444D,P28A,PIPER AIRCRAFT CORP,PA-28-181,e91c1dc2e412f4257eaacef1f0abfaf7b50a0e4be669b827804d3710795a88a9,True,3
68045,22491,240926_ML.npy,2026-09-25,2026-09-25 02:10:37.208358,7C444D,P28A,PIPER AIRCRAFT CORP,PA-28-181,952d9779c8c55806eb7b05964684b92c73d69ebb6a65e45ce75c78174739586a,True,2
68047,22493,240926_ML.npy,2026-09-25,2026-09-25 02:10:41.640938,7C444D,P28A,PIPER AIRCRAFT CORP,PA-28-181,5fa0f01bb34458e970ea1c9cbfecd5a30026205f8ce673cadcedc2f9a4358f72,True,4
68048,22494,240926_ML.npy,2026-09-25,2026-09-25 02:10:42.195224,7C444D,P28A,PIPER AIRCRAFT CORP,PA-28-181,8feb1310ac71180450672500ef0bb8c31e8ad2ba90e9fbdd1425b0b18cdcd61c,True,3
68050,22496,240926_ML.npy,2026-09-25,2026-09-25 02:10:45.210604,7C444D,P28A,PIPER AIRCRAFT CORP,PA-28-181,c4ab8d286fc8183eb1ff525318ed3f45b5dc3ae9121a42abfc349300acbcb31d,True,5
68053,22499,240926_ML.npy,2026-09-25,2026-09-25 02:10:46.652330,7C444D,P28A,PIPER AIRCRAFT CORP,PA-28-181,d93df2e762cb73b44a73bd9e39ec3db777cafa01ce16a75f7afd70d245c65bba,True,2
68054,22500,240926_ML.npy,2026-09-25,2026-09-25 02:10:47.912000,7C444D,P28A,PIPER AIRCRAFT CORP,PA-28-181,d8ca3e90afb3bc1d4dca52ed572384b0662a75fc6da6c43081f935eb45116e9f,True,3
68055,22501,240926_ML.npy,2026-09-25,2026-09-25 02:10:48.789971,7C444D,P28A,PIPER AIRCRAFT CORP,PA-28-181,d8ca3e90afb3bc1d4dca52ed572384b0662a75fc6da6c43081f935eb45116e9f,True,3
68056,22502,240926_ML.npy,2026-09-25,2026-09-25 02:10:49.241960,7C444D,P28A,PIPER AIRCRAFT CORP,PA-28-181,2dd8d691e58221793d142cf93127d9d8d582fcdc175cb450bcdb84289cff7880,True,2
68057,22503,240926_ML.npy,2026-09-25,2026-09-25 02:10:49.627771,7C444D,P28A,PIPER AIRCRAFT CORP,PA-28-181,d8ca3e90afb3bc1d4dca52ed572384b0662a75fc6da6c43081f935eb45116e9f,True,1
68058,22504,240926_ML.npy,2026-09-25,2026-09-25 02:10:49.731738,7C444D,P28A,PIPER AIRCRAFT CORP,PA-28-181,02c902ed59a62debe28de65945171dedcdddf39ae06adc55e14d852cd6794686,True,2
68059,22505,240926_ML.npy,2026-09-25,2026-09-25 02:10:53.270560,7C444D,P28A,PIPER AIRCRAFT CORP,PA-28-181,bdbea92283397c39fbb177d0e95a1912f7416a11383c2ccf93c282201996d94c,True,4
68060,22506,240926_ML.npy,2026-09-25,2026-09-25 02:10:54.690709,7C444D,P28A,PIPER AIRCRAFT CORP,PA-28-181,02dc844a07439a91cf4f5f01cd670ab93a97103cae9ec5918ff2812b2b18b517,True,1
68061,22507,240926_ML.npy,2026-09-25,2026-09-25 02:10:57.258257,7C444D,P28A,PIPER AIRCRAFT CORP,PA-28-181,711c5493a0926fb0a77a29ddf18f8b334aa9c274ef896dfbde051ab712df1b16,True,5
68062,22508,240926_ML.npy,2026-09-25,2026-09-25 02:10:57.271320,7C444D,P28A,PIPER AIRCRAFT CORP,PA-28-181,5ee4e3a67cacee1eda77e05201e6a547ac9a20c5478912abf6b3dbfed68972de,True,4
68063,22509,240926_ML.npy,2026-09-25,2026-09-25 02:10:57.720133,7C444D,P28A,PIPER AIRCRAFT CORP,PA-28-181,253c34cbf1614ee68443946276f839d810f2302171f13010ee7ec6a320453301,True,5
68064,22510,240926_ML.npy,2026-09-25,2026-09-25 02:10:58.422199,7C444D,P28A,PIPER AIRCRAFT CORP,PA-28-181,bdbea92283397c39fbb177d0e95a1912f7416a11383c2ccf93c282201996d94c,True,4
68065,22511,240926_ML.npy,2026-09-25,2026-09-25 02:10:58.763847,7C444D,P28A,PIPER AIRCRAFT CORP,PA-28-181,78a0acf03cfdd054109869085de9bae3f0f2f2b59b95232e9dcd0722b7874887,True,2
68066,22512,240926_ML.npy,2026-09-25,2026-09-25 02:10:59.242002,7C444D,P28A,PIPER AIRCRAFT CORP,PA-28-181,d8ca3e90afb3bc1d4dca52ed572384b0662a75fc6da6c43081f935eb45116e9f,True,3
68067,22513,240926_ML.npy,2026-09-25,2026-09-25 02:10:59.669701,7C444D,P28A,PIPER AIRCRAFT CORP,PA-28-181,38c93614d3d283bec4f581f43bb0413ac7edfaad492ff697f87cfbb39e271eee,True,4
68068,22514,240926_ML.npy,2026-09-25,2026-09-25 02:11:00.743641,7C444D,P28A,PIPER AIRCRAFT CORP,PA-28-181,d8ca3e90afb3bc1d4dca52ed572384b0662a75fc6da6c43081f935eb45116e9f,True,3
68069,22515,240926_ML.npy,2026-09-25,2026-09-25 02:11:01.650989,7C444D,P28A,PIPER AIRCRAFT CORP,PA-28-181,f8447b47313103cb66dd0ca1361d661f891d948ac1a2467207c913eff8bfb1bf,True,5
68070,22516,240926_ML.npy,2026-09-25,2026-09-25 02:11:04.079035,7C444D,P28A,PIPER AIRCRAFT CORP,PA-28-181,a2cf6bda67091c2b0f03f9e7f79288be987339a15a8e99e93d0be46485aac54b,True,2
68071,22517,240926_ML.npy,2026-09-25,2026-09-25 02:11:05.640655,7C444D,P28A,PIPER AIRCRAFT CORP,PA-28-181,0a712d93c3b436632b6313eca8379ae14858b33e3b9968582f2fdcbbff01ea49,True,1
68072,22518,240926_ML.npy,2026-09-25,2026-09-25 02:11:07.958140,7C444D,P28A,PIPER AIRCRAFT CORP,PA-28-181,5d0efc86077fc455ae891f19b00c744d28572ae5c1e94873974a7abc0ed3667e,True,4
68073,22519,240926_ML.npy,2026-09-25,2026-09-25 02:11:08.099949,7C444D,P28A,PIPER AIRCRAFT CORP,PA-28-181,985ef7bbc517b012729f31bf4859bdf451551a35c1012e05bc310aa4567ba83e,True,2
68074,22520,240926_ML.npy,2026-09-25,2026-09-25 02:11:08.553997,7C444D,P28A,PIPER AIRCRAFT CORP,PA-28-181,374ce7a53af872f46db1fe3858986004ca20710dde919e9a561caa8f05386c9a,True,3
68075,22521,240926_ML.npy,2026-09-25,2026-09-25 02:11:09.055793,7C444D,P28A,PIPER AIRCRAFT CORP,PA-28-181,2ee81682c91621836562362fa57c4c0f7ebbf9cb69bae34b9f564c0e326e8a96,True,1
68076,22522,240926_ML.npy,2026-09-25,2026-09-25 02:11:09.309687,7C444D,P28A,PIPER AIRCRAFT CORP,PA-28-181,d8ca3e90afb3bc1d4dca52ed572384b0662a75fc6da6c43081f935eb45116e9f,True,1
68077,22523,240926_ML.npy,2026-09-25,2026-09-25 02:11:10.811113,7C444D,P28A,PIPER AIRCRAFT CORP,PA-28-181,0a712d93c3b436632b6313eca8379ae14858b33e3b9968582f2fdcbbff01ea49,True,2
68078,22524,240926_ML.npy,2026-09-25,2026-09-25 02:11:10.939624,7C444D,P28A,PIPER AIRCRAFT CORP,PA-28-181,d8ca3e90afb3bc1d4dca52ed572384b0662a75fc6da6c43081f935eb45116e9f,True,3
68079,22525,240926_ML.npy,2026-09-25,2026-09-25 02:11:11.009567,7C444D,P28A,PIPER AIRCRAFT CORP,PA-28-181,b5f585a97f388c3c3db22a2012962b2b7e52aaf003f4bf2d272e299db3131b82,True,1
68080,22526,240926_ML.npy,2026-09-25,2026-09-25 02:11:11.553291,7C444D,P28A,PIPER AIRCRAFT CORP,PA-28-181,7b005baec3d1a726a82e9cb330e5fb6e5ee093edabdc73d1f389ad13adc7aa67,True,5
68081,22527,240926_ML.npy,2026-09-25,2026-09-25 02:11:17.957573,7C444D,P28A,PIPER AIRCRAFT CORP,PA-28-181,12aeb8708b757cf00e9caad05f6a90cad43b691a4d35740fb132c0e865e9c672,True,3
68082,22528,240926_ML.npy,2026-09-25,2026-09-25 02:11:20.075602,7C444D,P28A,PIPER AIRCRAFT CORP,PA-28-181,4b16bcadd60b3d6a5ecb40b67dd18f72b2603e08f7f50133a6988fcacd605ba8,True,2
68083,22529,240926_ML.npy,2026-09-25,2026-09-25 02:11:23.104667,7C444D,P28A,PIPER AIRCRAFT CORP,PA-28-181,d8ca3e90afb3bc1d4dca52ed572384b0662a75fc6da6c43081f935eb45116e9f,True,4
68084,22530,240926_ML.npy,2026-09-25,2026-09-25 02:11:24.428684,7C444D,P28A,PIPER AIRCRAFT CORP,PA-28-181,d2baa53dce14ebedfec11f34a87488431b8588d140ba04ef863cd5e774de89f5,True,4
68085,22531,240926_ML.npy,2026-09-25,2026-09-25 02:11:25.852393,7C444D,P28A,PIPER AIRCRAFT CORP,PA-28-181,0a712d93c3b436632b6313eca8379ae14858b33e3b9968582f2fdcbbff01ea49,True,1
68086,22532,240926_ML.npy,2026-09-25,2026-09-25 02:11:26.061978,7C444D,P28A,PIPER AIRCRAFT CORP,PA-28-181,6f494730a1368dd8fa102e9c5ba4ec3744310f8981c4137acff2a59e8245075c,True,1
68087,22533,240926_ML.npy,2026-09-25,2026-09-25 02:11:26.782275,7C444D,P28A,PIPER AIRCRAFT CORP,PA-28-181,df413d34a4c026a45b60d2c55b93cce93b2960e9abfc619a8ff2b0efba8fe379,True,3
68088,22534,240926_ML.npy,2026-09-25,2026-09-25 02:11:27.196145,7C444D,P28A,PIPER AIRCRAFT CORP,PA-28-181,b07d11d2a1a3a9cab1577671a1e9325151bd3f1e9aa098e54021efe93a2703eb,True,4
68089,22535,240926_ML.npy,2026-09-25,2026-09-25 02:11:30.919027,7C444D,P28A,PIPER AIRCRAFT CORP,PA-28-181,0a712d93c3b436632b6313eca8379ae14858b33e3b9968582f2fdcbbff01ea49,True,4
68090,22536,240926_ML.npy,2026-09-25,2026-09-25 02:11:31.905615,7C444D,P28A,PIPER AIRCRAFT CORP,PA-28-181,7faa808239f594b660cf3cb00f015998ece7ab49a194f34cb10b67b45a6aeb17,True,3
68091,22537,240926_ML.npy,2026-09-25,2026-09-25 02:11:33.194733,7C444D,P28A,PIPER AIRCRAFT CORP,PA-28-181,bc6888f20e5ca9504fa35f9ed162f985cb09d74487975e474b1918dbeefa370d,True,1
68092,22538,240926_ML.npy,2026-09-25,2026-09-25 02:11:37.694154,7C444D,P28A,PIPER AIRCRAFT CORP,PA-28-181,d8ca3e90afb3bc1d4dca52ed572384b0662a75fc6da6c43081f935eb45116e9f,True,3
68093,22539,240926_ML.npy,2026-09-25,2026-09-25 02:12:01.366279,7C444D,P28A,PIPER AIRCRAFT CORP,PA-28-181,7767b5252aa2c6875b027f57ff3dacacef25cfe8ccb9b2c61e49771b098fc89d,True,4
68094,22540,240926_ML.npy,2026-09-25,2026-09-25 02:12:12.592976,7C444D,P28A,PIPER AIRCRAFT CORP,PA-28-181,c9f13e8e72d26e663c563b4329dcfc7ef47dbc1cc321f23142b430d2b4d62f29,True,5
68095,22541,240926_ML.npy,2026-09-25,2026-09-25 02:12:14.572709,7C444D,P28A,PIPER AIRCRAFT CORP,PA-28-181,d8ca3e90afb3bc1d4dca52ed572384b0662a75fc6da6c43081f935eb45116e9f,True,2
68096,22542,240926_ML.npy,2026-09-25,2026-09-25 02:12:17.120142,7C444D,P28A,PIPER AIRCRAFT CORP,PA-28-181,483f69e9695c4762386a27bda6b595f34d89abdc83052865cdbe3f0db9bced00,True,5
68097,22543,240926_ML.npy,2026-09-25,2026-09-25 02:12:20.723548,7C444D,P28A,PIPER AIRCRAFT CORP,PA-28-181,072f97be162278ddc310376d02d048862d808cf72242cb486b30d753d9dc9fef,True,1
68098,22544,240926_ML.npy,2026-09-25,2026-09-25 02:12:20.911354,7C444D,P28A,PIPER AIRCRAFT CORP,PA-28-181,71b34e6e47be5350a788f72f1bf48408a925096b899e6dcac5a6101c066586be,True,4
68099,22545,240926_ML.npy,2026-09-25,2026-09-25 02:12:23.021139,7C444D,P28A,PIPER AIRCRAFT CORP,PA-28-181,bdbea92283397c39fbb177d0e95a1912f7416a11383c2ccf93c282201996d94c,True,1
68100,22546,240926_ML.npy,2026-09-25,2026-09-25 02:12:23.184886,7C444D,P28A,PIPER AIRCRAFT CORP,PA-28-181,d8ca3e90afb3bc1d4dca52ed572384b0662a75fc6da6c43081f935eb45116e9f,True,4
68102,22548,240926_ML.npy,2026-09-25,2026-09-25 02:12:23.927140,7C444D,P28A,PIPER AIRCRAFT CORP,PA-28-181,5faac887e9f7c6d08b44b8694fdacd0d42496f3c201d376c3b1ad5c76aefaadb,True,2
68103,22549,240926_ML.npy,2026-09-25,2026-09-25 02:12:24.856519,7C444D,P28A,PIPER AIRCRAFT CORP,PA-28-181,2ea3afd90a1fc97ff9db3fda6eee6d67a5c84048dec137505c11b2fd41f6a8b5,True,5
68105,22551,240926_ML.npy,2026-09-25,2026-09-25 02:12:26.174267,7C444D,P28A,PIPER AIRCRAFT CORP,PA-28-181,d8ca3e90afb3bc1d4dca52ed572384b0662a75fc6da6c43081f935eb45116e9f,True,5
68106,22552,240926_ML.npy,2026-09-25,2026-09-25 02:12:26.852168,7C444D,P28A,PIPER AIRCRAFT CORP,PA-28-181,ed6bbd267d076745278a4ae273780506deb2024e14966d6a72cfb7a9d6b08bb1,True,3
68107,22553,240926_ML.npy,2026-09-25,2026-09-25 02:12:27.659852,7C444D,P28A,PIPER AIRCRAFT CORP,PA-28-181,d8ca3e90afb3bc1d4dca52ed572384b0662a75fc6da6c43081f935eb45116e9f,True,1
68116,22562,240926_ML.npy,2026-09-25,2026-09-25 02:12:34.623755,7C4E44,DA40,DIAMOND AIRCRAFT INDUSTRIES INC.,DA 40,60fc1183552acaed6ea54fa067f3116fa90626938fd106bf1266eafc01824be8,True,3
68121,22567,240926_ML.npy,2026-09-25,2026-09-25 02:12:39.031723,7C444D,P28A,PIPER AIRCRAFT CORP,PA-28-181,7b0803014c15937990dc82aa3f51b5cd7deec8a4ebc22490f52ab5b5fe89de16,True,4
68122,22568,240926_ML.npy,2026-09-25,2026-09-25 02:12:39.535350,7C444D,P28A,PIPER AIRCRAFT CORP,PA-28-181,4fc72afcd75859e7c5f6590987faab754fcc9d99e2573a146d53c19c6358698f,True,5
68128,22574,240926_ML.npy,2026-09-25,2026-09-25 02:12:42.257993,7C4E44,DA40,DIAMOND AIRCRAFT INDUSTRIES INC.,DA 40,cbf49a425927146253b90edb4b1f0aa0f0f2b2baebd46eb2260e2bd328d96f3b,True,5
68135,22581,240926_ML.npy,2026-09-25,2026-09-25 02:12:46.976101,7C4E44,DA40,DIAMOND AIRCRAFT INDUSTRIES INC.,DA 40,079daa88135ec1280735e700ef07cf915041900f4001c1b11e12d740fddeecba,True,4
68138,22584,240926_ML.npy,2026-09-25,2026-09-25 02:12:52.775003,7C444D,P28A,PIPER AIRCRAFT CORP,PA-28-181,3d0e8f0822d972a717e26e690eb52f64caa82999fe3aacf5f0e3b1a9ecd6a652,True,2
68139,22585,240926_ML.npy,2026-09-25,2026-09-25 02:12:55.762280,7C444D,P28A,PIPER AIRCRAFT CORP,PA-28-181,0a712d93c3b436632b6313eca8379ae14858b33e3b9968582f2fdcbbff01ea49,True,2
68140,22586,240926_ML.npy,2026-09-25,2026-09-25 02:12:55.779948,7C444D,P28A,PIPER AIRCRAFT CORP,PA-28-181,09a6e411b31ffb59d02c7881832cd8c798fa0c8a5284e3d5f9a672b9f7d1ed47,True,4
68141,22587,240926_ML.npy,2026-09-25,2026-09-25 02:12:56.452181,7C444D,P28A,PIPER AIRCRAFT CORP,PA-28-181,d8ca3e90afb3bc1d4dca52ed572384b0662a75fc6da6c43081f935eb45116e9f,True,3
68142,22588,240926_ML.npy,2026-09-25,2026-09-25 02:12:57.313903,7C444D,P28A,PIPER AIRCRAFT CORP,PA-28-181,d8ca3e90afb3bc1d4dca52ed572384b0662a75fc6da6c43081f935eb45116e9f,True,3
68143,22589,240926_ML.npy,2026-09-25,2026-09-25 02:12:57.743898,7C444D,P28A,PIPER AIRCRAFT CORP,PA-28-181,460f567b486072b7b45e7962678c3f09562ca3fd39e1d97fd273828fa2a2da5a,True,3
68145,22591,240926_ML.npy,2026-09-25,2026-09-25 02:12:58.835783,7C444D,P28A,PIPER AIRCRAFT CORP,PA-28-181,d8ca3e90afb3bc1d4dca52ed572384b0662a75fc6da6c43081f935eb45116e9f,True,2
68146,22592,240926_ML.npy,2026-09-25,2026-09-25 02:12:59.359934,7C444D,P28A,PIPER AIRCRAFT CORP,PA-28-181,5300205ff748477adfb4c2cf1ae150c057d225e376537e0162a6d7e3cddd09cb,True,1
68147,22593,240926_ML.npy,2026-09-25,2026-09-25 02:12:59.939568,7C444D,P28A,PIPER AIRCRAFT CORP,PA-28-181,1c0338c3cb999f53e25b5daebb99c9bb8b1665545e7a7ae7bd2f412224dd72a7,True,2
68148,22594,240926_ML.npy,2026-09-25,2026-09-25 02:13:00.316885,7C444D,P28A,PIPER AIRCRAFT CORP,PA-28-181,d8ca3e90afb3bc1d4dca52ed572384b0662a75fc6da6c43081f935eb45116e9f,True,4
68153,22599,240926_ML.npy,2026-09-25,2026-09-25 02:13:15.364456,7C444D,P28A,PIPER AIRCRAFT CORP,PA-28-181,d8ca3e90afb3bc1d4dca52ed572384b0662a75fc6da6c43081f935eb45116e9f,True,1
68154,22600,240926_ML.npy,2026-09-25,2026-09-25 02:13:16.048191,7C444D,P28A,PIPER AIRCRAFT CORP,PA-28-181,0a712d93c3b436632b6313eca8379ae14858b33e3b9968582f2fdcbbff01ea49,True,1
68155,22601,240926_ML.npy,2026-09-25,2026-09-25 02:13:16.622250,7C444D,P28A,PIPER AIRCRAFT CORP,PA-28-181,bd475fd60cbc723fb096230916e7df1aee2858223ee96f164dd00281f1b8cb06,True,4
68156,22602,240926_ML.npy,2026-09-25,2026-09-25 02:13:21.416410,7C4E44,DA40,DIAMOND AIRCRAFT INDUSTRIES INC.,DA 40,8c34af021c5edb0d4797024a16492c418c148658e8f4b8502da88e37c11b47cf,True,3
68170,22616,240926_ML.npy,2026-09-25,2026-09-25 02:15:05.929216,7C7B65,DA40,DIAMOND AIRCRAFT INDUSTRIES INC.,DA 40,551c31729ee3ffb443f26d4646bd742d5f6578abd0404184d6706aaf2a4a8fde,True,1
68179,22625,240926_ML.npy,2026-09-25,2026-09-25 02:15:28.264815,7C7C3E,DA40,DIAMOND AIRCRAFT INDUSTRIES INC.,DA 40,48040d95447abb638fa47f2f867e681d637af9db9a64d7b02b44705413e07892,True,4
68186,22632,240926_ML.npy,2026-09-25,2026-09-25 02:15:32.282273,7C7C3E,DA40,DIAMOND AIRCRAFT INDUSTRIES INC.,DA 40,92b6b12fc973b1fdbe293e3ae8cc0eb7291d86e818c8aa933fcbcefbba285ed6,True,5
68204,22650,240926_ML.npy,2026-09-25,2026-09-25 02:16:02.258273,7C7C39,DA40,DIAMOND AIRCRAFT INDUSTRIES INC.,DA 40,65bff3677aa936a0f64911e314e1ebefaeac9d0d64c6f99d5d1bcd7e3aae5ae4,True,1
68206,22652,240926_ML.npy,2026-09-25,2026-09-25 02:16:02.514904,7C7C3E,DA40,DIAMOND AIRCRAFT INDUSTRIES INC.,DA 40,ff50a6730872e7d2be2638c64e67cfff2d85622e2ce36c4cbf66f7aa7d5c0005,True,4
68208,22654,240926_ML.npy,2026-09-25,2026-09-25 02:16:04.844169,7C7C39,DA40,DIAMOND AIRCRAFT INDUSTRIES INC.,DA 40,80812818b770db142cbaf0cb1bccd305f153f58586ee6ac095f9d3ee283ebe6e,True,3
68212,22658,240926_ML.npy,2026-09-25,2026-09-25 02:16:08.566130,7C7C39,DA40,DIAMOND AIRCRAFT INDUSTRIES INC.,DA 40,bd4f3b0c49693d343c397f248327e69e5a9ed4d4d18e573f53db1fd6dfe39aa2,True,5
68221,22667,240926_ML.npy,2026-09-25,2026-09-25 02:16:13.265035,7C7C39,DA40,DIAMOND AIRCRAFT INDUSTRIES INC.,DA 40,140c3d0e583560bb4fdb7176fcbfdd6f7d756fcd38e6346505ece7afe0a03018,True,1
68236,22682,240926_ML.npy,2026-09-25,2026-09-25 02:16:36.420988,7C7C39,DA40,DIAMOND AIRCRAFT INDUSTRIES INC.,DA 40,d3b511be44d65b1406ac5f21089cc6f2a5924a7fede9d5e5cbb4f7136528359a,True,4
68239,22685,240926_ML.npy,2026-09-25,2026-09-25 02:16:39.106517,7C7C39,DA40,DIAMOND AIRCRAFT INDUSTRIES INC.,DA 40,ed05b8fbb129aa56b0f27c0551030f304402d78af6393f60fe56f51e1d5e9078,True,5
68244,22690,240926_ML.npy,2026-09-25,2026-09-25 02:16:41.939777,7C7C39,DA40,DIAMOND AIRCRAFT INDUSTRIES INC.,DA 40,f21d86c00918888fea2432437f517333b11f65618f6651337926cc2a55928bcb,True,1
68248,22694,240926_ML.npy,2026-09-25,2026-09-25 02:16:44.577072,7C7C39,DA40,DIAMOND AIRCRAFT INDUSTRIES INC.,DA 40,5f0148503e449ab944bf2b8038aeb21b55c206108b9f8f8365aec6504fa460c2,True,2
68261,22707,240926_ML.npy,2026-09-25,2026-09-25 02:17:09.509884,7C4E44,DA40,DIAMOND AIRCRAFT INDUSTRIES INC.,DA 40,a2ae05a4725738dee7b940aeda75eba7c773efaad0620d08eac9c80c2f00523a,True,2
68271,22717,240926_ML.npy,2026-09-25,2026-09-25 02:17:16.109518,7C4E44,DA40,DIAMOND AIRCRAFT INDUSTRIES INC.,DA 40,db8754b1e0f6961c867ce04705ca489fecf6f2e4cfb4c29e763bc27edd27b24b,True,3
68276,22722,240926_ML.npy,2026-09-25,2026-09-25 02:17:20.543042,7C41FD,DA40,DIAMOND AIRCRAFT INDUSTRIES INC.,DA 40,526605ed113d8274fdca7e1ec5ac5a89c4df615700c4f7da8d186da411d3c9e9,True,5
68307,22753,240926_ML.npy,2026-09-25,2026-09-25 02:17:45.685110,7C168B,DA40,DIAMOND AIRCRAFT INDUSTRIES INC.,DA 40,9ac6b190a91ab6feb2056763104eb0968014ba001f4cdcca9d20ad13a0217c85,True,4
68315,22761,240926_ML.npy,2026-09-25,2026-09-25 02:17:50.285359,7C41FD,DA40,DIAMOND AIRCRAFT INDUSTRIES INC.,DA 40,deb73d9c45e4df0d50635c8fbfe633d8bae7aeb0b96e0167111b06a07c3efbed,True,3
68323,22769,240926_ML.npy,2026-09-25,2026-09-25 02:17:58.332442,7C168B,DA40,DIAMOND AIRCRAFT INDUSTRIES INC.,DA 40,a13b07ed59994a880211b5c68f701c68fcf49a52c122f9a1d88cb0a238ca10f1,True,3
68334,22780,240926_ML.npy,2026-09-25,2026-09-25 02:18:02.214493,7C41FD,DA40,DIAMOND AIRCRAFT INDUSTRIES INC.,DA 40,24beeb5b3210bed9bfca174fafad3c7b13a34afda7ac609608db32fd2ea92d53,True,1
68377,22823,240926_ML.npy,2026-09-25,2026-09-25 02:18:27.124318,7C168B,DA40,DIAMOND AIRCRAFT INDUSTRIES INC.,DA 40,fee04fb6834ab0b283e94cbdd35485b3e8739327c88c4ffac8ef2e7825540a67,True,4
68382,22828,240926_ML.npy,2026-09-25,2026-09-25 02:18:31.302272,7C41FD,DA40,DIAMOND AIRCRAFT INDUSTRIES INC.,DA 40,2fa71cf61b6f5c4c6c238f8780621608a0c14ce9bb5f50384555cca0eecc7a90,True,3
68405,22851,240926_ML.npy,2026-09-25,2026-09-25 02:22:22.877008,7C7C39,DA40,DIAMOND AIRCRAFT INDUSTRIES INC.,DA 40,97b4039fefb0020359a03fc90aff2c33d7b305170ef9111f04ae751bf6e78501,True,5
68423,22869,240926_ML.npy,2026-09-25,2026-09-25 02:22:55.453110,7C4E44,DA40,DIAMOND AIRCRAFT INDUSTRIES INC.,DA 40,725873d5851d89abe4d1b24922ad86f2183e707a1ea29741ba80a6b0b3041e52,True,1
68433,22879,240926_ML.npy,2026-09-25,2026-09-25 02:23:05.731897,7C4E44,DA40,DIAMOND AIRCRAFT INDUSTRIES INC.,DA 40,38e3036769cbf65d836a3cbed0f1cc3352744d60d8c2d06c16f13c76dd81d7be,True,5
68469,22915,240926_ML.npy,2026-09-25,2026-09-25 02:27:03.898207,7C7B61,DA40,DIAMOND AIRCRAFT INDUSTRIES INC.,DA 40,16b033f1f63995ca01aa80bd5cd31abb1fd5e6e9fad6a5d8266fb92f9621249c,True,5
68470,22916,240926_ML.npy,2026-09-25,2026-09-25 02:27:04.352283,7C7B61,DA40,DIAMOND AIRCRAFT INDUSTRIES INC.,DA 40,761394deadce17e002b8ad5893cbf736d30a442c3ccbdb342158124798e6b1f0,True,3
68477,22923,240926_ML.npy,2026-09-25,2026-09-25 02:27:28.001030,7C7C39,DA40,DIAMOND AIRCRAFT INDUSTRIES INC.,DA 40,d812351df751718df25d17f8f6b513114ee31415bb77354cc5948fed438319c6,True,3
68494,22940,240926_ML.npy,2026-09-25,2026-09-25 02:27:46.038838,7C7C39,DA40,DIAMOND AIRCRAFT INDUSTRIES INC.,DA 40,f28bc0c6e2d0d8975bdb5df6e287bcfb3503616b9b6c67114210972633d8c09d,True,4
68501,22947,240926_ML.npy,2026-09-25,2026-09-25 02:27:51.737997,7C7C39,DA40,DIAMOND AIRCRAFT INDUSTRIES INC.,DA 40,d812351df751718df25d17f8f6b513114ee31415bb77354cc5948fed438319c6,True,5
68512,22958,240926_ML.npy,2026-09-25,2026-09-25 02:28:02.966388,7C7C39,DA40,DIAMOND AIRCRAFT INDUSTRIES INC.,DA 40,1a3eec50836d1bdaba9948637eeffa2d152b204f66c49ce3ee3837392fcc9183,True,5
68528,22974,240926_ML.npy,2026-09-25,2026-09-25 02:28:36.260604,7C4E44,DA40,DIAMOND AIRCRAFT INDUSTRIES INC.,DA 40,76b2aedee29599196ad184cc340f06d2bdfab594576a7645a94c39f6edfaae85,True,3
68549,22995,240926_ML.npy,2026-09-25,2026-09-25 02:29:30.357758,7C7B60,DA40,DIAMOND AIRCRAFT INDUSTRIES INC.,DA 40,1a97a42ecea9d8053a13538521f2787747bd4edb688901a04ba5d2402eef9c0e,True,1
68574,23020,240926_ML.npy,2026-09-25,2026-09-25 02:30:10.119035,7C7B60,DA40,DIAMOND AIRCRAFT INDUSTRIES INC.,DA 40,743875682ba09b544ec7e71a712778806b1bc3c200aeaeaa8598dc929fc05b1c,True,5
68582,23028,240926_ML.npy,2026-09-25,2026-09-25 02:30:17.318309,7C6C18,C172,CESSNA AIRCRAFT COMPANY,172S,257c818b29b3c9b324cd38654923d56e6b7da9860468e80fa239281946bd2d40,True,3
68596,23042,240926_ML.npy,2026-09-25,2026-09-25 02:33:08.630384,7C7C39,DA40,DIAMOND AIRCRAFT INDUSTRIES INC.,DA 40,d812351df751718df25d17f8f6b513114ee31415bb77354cc5948fed438319c6,True,1
68598,23044,240926_ML.npy,2026-09-25,2026-09-25 02:33:10.583552,7C7C39,DA40,DIAMOND AIRCRAFT INDUSTRIES INC.,DA 40,52386a649c11899bb4085834231023c1b052079000f7f9122b50534ddbe363c7,True,2
68627,23073,240926_ML.npy,2026-09-25,2026-09-25 02:33:38.389732,7C7C39,DA40,DIAMOND AIRCRAFT INDUSTRIES INC.,DA 40,fac81b648ecc72211c2f88513aa89b70a081c264054332a621f7753ae88c6f36,True,1
68636,23082,240926_ML.npy,2026-09-25,2026-09-25 02:34:02.160493,7C4E44,DA40,DIAMOND AIRCRAFT INDUSTRIES INC.,DA 40,526652fa63a0f92389bf3e5c00d968c66306d11c27f826e0231dba82738a910d,True,5
68639,23085,240926_ML.npy,2026-09-25,2026-09-25 02:34:06.612177,7C4E44,DA40,DIAMOND AIRCRAFT INDUSTRIES INC.,DA 40,8c34af021c5edb0d4797024a16492c418c148658e8f4b8502da88e37c11b47cf,True,4
68640,23086,240926_ML.npy,2026-09-25,2026-09-25 02:34:07.742285,7C4E44,DA40,DIAMOND AIRCRAFT INDUSTRIES INC.,DA 40,90f380e7c470edd23b966a5dbef5c981e8811567ab71fcdaa546114fce64ffe5,True,4
68642,23088,240926_ML.npy,2026-09-25,2026-09-25 02:34:08.322702,7C4E44,DA40,DIAMOND AIRCRAFT INDUSTRIES INC.,DA 40,361acbdcc28d29bfc733c61fd61dd672568424f7f5908bada77f0c8189c697bf,True,2
68650,23096,240926_ML.npy,2026-09-25,2026-09-25 02:34:17.922387,7C4E44,DA40,DIAMOND AIRCRAFT INDUSTRIES INC.,DA 40,26f6cbf0a9890898dd46ab6ac9e20bf1fc37644945ecf4eb9624569313399f10,True,3
68651,23097,240926_ML.npy,2026-09-25,2026-09-25 02:34:21.568511,7C4E44,DA40,DIAMOND AIRCRAFT INDUSTRIES INC.,DA 40,8c34af021c5edb0d4797024a16492c418c148658e8f4b8502da88e37c11b47cf,True,2
68653,23099,240926_ML.npy,2026-09-25,2026-09-25 02:34:25.232271,7C4E44,DA40,DIAMOND AIRCRAFT INDUSTRIES INC.,DA 40,2fb21a20f2802e77a80cf961caac158a2d8eeb269b6d9f783f34d745d92b5841,True,4
68666,23112,240926_ML.npy,2026-09-25,2026-09-25 02:34:43.291745,7C4E44,DA40,DIAMOND AIRCRAFT INDUSTRIES INC.,DA 40,9b58bd42eb56f340d9580d4584863abf2e636227a315ac940bc83f08f58d0434,True,5
68677,23123,240926_ML.npy,2026-09-25,2026-09-25 02:35:12.956087,7C7B60,DA40,DIAMOND AIRCRAFT INDUSTRIES INC.,DA 40,a06dd8327733beb7ad9d9f6e33116b7ffdc1150c27d810fabd4d6d1e5cfb8c30,True,2
68685,23131,240926_ML.npy,2026-09-25,2026-09-25 02:35:20.191729,7C7B60,DA40,DIAMOND AIRCRAFT INDUSTRIES INC.,DA 40,c1ec9e19f453380ccf2cb8f55b2f4cdb4f1201519b289beef93b9d26d04c0dfc,True,4
68702,23148,240926_ML.npy,2026-09-25,2026-09-25 02:35:31.514877,7C7B60,DA40,DIAMOND AIRCRAFT INDUSTRIES INC.,DA 40,6b8281a43178f463ff0f33ffb83bfe2c3831d303e8fb7d1f57a16ce65f9dc766,True,2
68705,23151,240926_ML.npy,2026-09-25,2026-09-25 02:35:34.129491,7C168D,DA40,DIAMOND AIRCRAFT INDUSTRIES INC.,DA 40,2ec8ecfda701d6f4869898d1da734e584f6c4916abd8ef311a3272839729fb8c,True,3
68711,23157,240926_ML.npy,2026-09-25,2026-09-25 02:35:39.274285,7C7B60,DA40,DIAMOND AIRCRAFT INDUSTRIES INC.,DA 40,e0c66a558b226636cc685555e7aae3139c42942bf24fc7ee23d558dac60417ee,True,1
68742,23188,240926_ML.npy,2026-09-25,2026-09-25 02:35:59.417541,7C168D,DA40,DIAMOND AIRCRAFT INDUSTRIES INC.,DA 40,b940bd5e18e111409dde0ed6025b1e00d26041e4fc2748d48eff8d29f17cc424,True,4
68743,23189,240926_ML.npy,2026-09-25,2026-09-25 02:35:59.434423,7C168D,DA40,DIAMOND AIRCRAFT INDUSTRIES INC.,DA 40,86c633754b22d08bc0ef27ef78595f5a25f316d2dfe9917d4a3e0e02bb388d7c,True,2
68749,23195,240926_ML.npy,2026-09-25,2026-09-25 02:36:14.232088,7C168D,DA40,DIAMOND AIRCRAFT INDUSTRIES INC.,DA 40,b940bd5e18e111409dde0ed6025b1e00d26041e4fc2748d48eff8d29f17cc424,True,3
68750,23196,240926_ML.npy,2026-09-25,2026-09-25 02:36:14.399548,7C168D,DA40,DIAMOND AIRCRAFT INDUSTRIES INC.,DA 40,4551235e19ff7a060a1867364a293f4493cfae86553b60e1b1aa7c11771ec6b9,True,1
68761,23207,240926_ML.npy,2026-09-25,2026-09-25 02:38:35.685327,7C7C39,DA40,DIAMOND AIRCRAFT INDUSTRIES INC.,DA 40,33264f06abbf1b10dae5a527b79bdc0150ff5ec91380b9e83f2fe19079cd074f,True,3
68766,23212,240926_ML.npy,2026-09-25,2026-09-25 02:38:42.802301,7C67D0,C172,CESSNA AIRCRAFT COMPANY,172S,56e7a21f316e47fe6d9a2c07baf875459ec4dbb9d2f7b382e66cccdff17db8a9,True,1
68777,23223,240926_ML.npy,2026-09-25,2026-09-25 02:38:55.672948,7C67D0,C172,CESSNA AIRCRAFT COMPANY,172S,1ba56e2139b12a3f5cee8bf195c3034e154bc324795be697d889282b3b25cbf0,True,5
68780,23226,240926_ML.npy,2026-09-25,2026-09-25 02:38:56.616754,7C7C39,DA40,DIAMOND AIRCRAFT INDUSTRIES INC.,DA 40,f1789d16ef52443ce7ab525b1146186d5f8e23b88b7a2f9fa8b073a79c46d0e3,True,4
68782,23228,240926_ML.npy,2026-09-25,2026-09-25 02:38:56.633348,7C67D0,C172,CESSNA AIRCRAFT COMPANY,172S,799ac4e87ad7343a31954536aff72fd3db60e0c5d3eae280bcc92248d440aeb2,True,2
68783,23229,240926_ML.npy,2026-09-25,2026-09-25 02:38:57.045455,7C67D0,C172,CESSNA AIRCRAFT COMPANY,172S,d27cb4391b095743a39b77fb76025558bad764fa2af0b2a46ca84a111363258b,True,2
68792,23238,240926_ML.npy,2026-09-25,2026-09-25 02:39:00.593967,7C67D0,C172,CESSNA AIRCRAFT COMPANY,172S,fbc1a6b1170752c02e05359d3794714deb944c6fb042659f158caa07c483d33e,True,1
68793,23239,240926_ML.npy,2026-09-25,2026-09-25 02:39:01.718467,7C67D0,C172,CESSNA AIRCRAFT COMPANY,172S,46d706f18d7fb9439694c652e4fa9282c32a755bd8a126945d81a0dacf454756,True,2
68797,23243,240926_ML.npy,2026-09-25,2026-09-25 02:39:02.761546,7C7C39,DA40,DIAMOND AIRCRAFT INDUSTRIES INC.,DA 40,0348b7448d325a394e76c9122b0ada1b38150b40cf21a9e2e22c73231b7752b9,True,5
68801,23247,240926_ML.npy,2026-09-25,2026-09-25 02:39:06.094240,7C7C39,DA40,DIAMOND AIRCRAFT INDUSTRIES INC.,DA 40,12426d7268c474d2951ee45bfe2f06295ad100a6d4a02203a2eeeb0cc7a8ece8,True,4
68803,23249,240926_ML.npy,2026-09-25,2026-09-25 02:39:08.663855,7C67D0,C172,CESSNA AIRCRAFT COMPANY,172S,6ed9fae629f464f1c768ee6f3906832d2da96336965159338627b4ac711e2233,True,5
68805,23251,240926_ML.npy,2026-09-25,2026-09-25 02:39:09.794505,7C67D0,C172,CESSNA AIRCRAFT COMPANY,172S,742b26d109cc1658353b1f7271da3eef1e660eab3b08d73a646a5d123fa8ffc5,True,1
68809,23255,240926_ML.npy,2026-09-25,2026-09-25 02:39:13.220717,7C67D0,C172,CESSNA AIRCRAFT COMPANY,172S,7686014e73037649090a22f156e5fe4e38020fe0853020b168ff1f9da80160ef,True,1
68818,23264,240926_ML.npy,2026-09-25,2026-09-25 02:39:26.561153,7C67D0,C172,CESSNA AIRCRAFT COMPANY,172S,f0f9ea4b9db1611ff83d6294fe28a93228906c9b628cb50de3efcb2ace63dc07,True,3
68819,23265,240926_ML.npy,2026-09-25,2026-09-25 02:39:26.944658,7C67D0,C172,CESSNA AIRCRAFT COMPANY,172S,e3514808bd6dc0af436fe93c37cbe67059f5f4a162ba5b603d89303290936f50,True,4
68821,23267,240926_ML.npy,2026-09-25,2026-09-25 02:39:30.934802,7C67D0,C172,CESSNA AIRCRAFT COMPANY,172S,06b2d63a9ebf04dc63f93bca17fe16fcfc82ebcc11dd975593e82c11aeadd710,True,5
68831,23277,240926_ML.npy,2026-09-25,2026-09-25 02:39:37.374489,7C67D0,C172,CESSNA AIRCRAFT COMPANY,172S,b363684b6179a0cf9d6c5bad211d7fc48f0629e6f3ae02c9a2585a2f83fe3873,True,2
68835,23281,240926_ML.npy,2026-09-25,2026-09-25 02:39:40.697003,7C4E44,DA40,DIAMOND AIRCRAFT INDUSTRIES INC.,DA 40,ab133b10ae097f2f3f4e8e11b256c6c3b242ed98eaa847ba5f578fbe95d68276,True,4
68839,23285,240926_ML.npy,2026-09-25,2026-09-25 02:39:42.237969,7C67D0,C172,CESSNA AIRCRAFT COMPANY,172S,853a33ec137a50e8ba6ddf8b1280a6428f83c8f2b3066d1969d9f30681a14701,True,3
68841,23287,240926_ML.npy,2026-09-25,2026-09-25 02:39:42.739485,7C67D0,C172,CESSNA AIRCRAFT COMPANY,172S,45cb0f43c9a1a10ef939219fb8eaff9ee326bd22af7b14c25cc9ee1bd29fb55f,True,1
68861,23307,240926_ML.npy,2026-09-25,2026-09-25 02:39:57.967485,7C4E44,DA40,DIAMOND AIRCRAFT INDUSTRIES INC.,DA 40,6f4ea2a05d51e5adb99a5237f053dd5c6c8c2db8e846eccea0207a92121e99b6,True,1
68870,23316,240926_ML.npy,2026-09-25,2026-09-25 02:40:03.944540,7C67D0,C172,CESSNA AIRCRAFT COMPANY,172S,6ed9fae629f464f1c768ee6f3906832d2da96336965159338627b4ac711e2233,True,2
68873,23319,240926_ML.npy,2026-09-25,2026-09-25 02:40:06.668355,7C67D0,C172,CESSNA AIRCRAFT COMPANY,172S,41444a2ce5c700996c61ecb497bc043c9f8894b8a0e647094c867900e0e4d595,True,1
68876,23322,240926_ML.npy,2026-09-25,2026-09-25 02:40:12.088258,7C4E44,DA40,DIAMOND AIRCRAFT INDUSTRIES INC.,DA 40,725873d5851d89abe4d1b24922ad86f2183e707a1ea29741ba80a6b0b3041e52,True,3
68877,23323,240926_ML.npy,2026-09-25,2026-09-25 02:40:12.866512,7C4E44,DA40,DIAMOND AIRCRAFT INDUSTRIES INC.,DA 40,1a92efd431b515e39377fa2f7095aa4edde516cedb598e13d05b10865cf091bf,True,5
68882,23328,240926_ML.npy,2026-09-25,2026-09-25 02:40:15.937615,7C67D0,C172,CESSNA AIRCRAFT COMPANY,172S,86ca45e6ba23973187675388afd22e913297970f13f99e34d906dd089d0f8112,True,3
68885,23331,240926_ML.npy,2026-09-25,2026-09-25 02:40:16.303705,7C67D0,C172,CESSNA AIRCRAFT COMPANY,172S,b363684b6179a0cf9d6c5bad211d7fc48f0629e6f3ae02c9a2585a2f83fe3873,True,2
68890,23336,240926_ML.npy,2026-09-25,2026-09-25 02:40:21.286291,7C67D0,C172,CESSNA AIRCRAFT COMPANY,172S,b363684b6179a0cf9d6c5bad211d7fc48f0629e6f3ae02c9a2585a2f83fe3873,True,3
68892,23338,240926_ML.npy,2026-09-25,2026-09-25 02:40:24.633336,7C4E44,DA40,DIAMOND AIRCRAFT INDUSTRIES INC.,DA 40,fb99d4a7a41fd3d4a75b2aa69a1fe3c8c1f7ffe536aa1e6db5ce3ad32e5f2c5c,True,2
68899,23345,240926_ML.npy,2026-09-25,2026-09-25 02:40:55.024364,7C7B60,DA40,DIAMOND AIRCRAFT INDUSTRIES INC.,DA 40,263e8d5440122a2242585e1e3e17a4ff095008ee0bb33cae02e7d47b4d66922c,True,1
68911,23357,240926_ML.npy,2026-09-25,2026-09-25 02:41:09.416896,7C168D,DA40,DIAMOND AIRCRAFT INDUSTRIES INC.,DA 40,6d213a358b339423b15d8e2bcc067d970b8bc1a219f0b9fbf30d8f615409f9d7,True,2
68924,23370,240926_ML.npy,2026-09-25,2026-09-25 02:41:16.319766,7C168D,DA40,DIAMOND AIRCRAFT INDUSTRIES INC.,DA 40,f28da559e109d3be10d7418ae202a8e7f82a7e554d8e65b6c75151f21f055106,True,3
68937,23383,240926_ML.npy,2026-09-25,2026-09-25 02:41:21.843747,7C0077,DA40,DIAMOND AIRCRAFT INDUSTRIES INC.,DA 40,d97140d028ab37a26ecde97d26011eb7d00a9d1610e3196353fc56bdb73d5e6d,True,4
68959,23405,240926_ML.npy,2026-09-25,2026-09-25 02:41:33.087729,7C0077,DA40,DIAMOND AIRCRAFT INDUSTRIES INC.,DA 40,4a0fabf6b0e7c75d4103d13c058c2338af8748a5410d62157df855930194e328,True,1
68961,23407,240926_ML.npy,2026-09-25,2026-09-25 02:41:34.575445,7C168D,DA40,DIAMOND AIRCRAFT INDUSTRIES INC.,DA 40,6d213a358b339423b15d8e2bcc067d970b8bc1a219f0b9fbf30d8f615409f9d7,True,1
68964,23410,240926_ML.npy,2026-09-25,2026-09-25 02:41:38.695431,7C168D,DA40,DIAMOND AIRCRAFT INDUSTRIES INC.,DA 40,564c4bbbbfdfb6cdac808728f69c6bd52fd330e86bc02948377f358f83ab68a1,True,2
68965,23411,240926_ML.npy,2026-09-25,2026-09-25 02:41:39.592584,7C168D,DA40,DIAMOND AIRCRAFT INDUSTRIES INC.,DA 40,6d213a358b339423b15d8e2bcc067d970b8bc1a219f0b9fbf30d8f615409f9d7,True,5
68967,23413,240926_ML.npy,2026-09-25,2026-09-25 02:41:42.112602,7C168D,DA40,DIAMOND AIRCRAFT INDUSTRIES INC.,DA 40,6d213a358b339423b15d8e2bcc067d970b8bc1a219f0b9fbf30d8f615409f9d7,True,3
68981,23427,240926_ML.npy,2026-09-25,2026-09-25 02:41:49.051981,7C168D,DA40,DIAMOND AIRCRAFT INDUSTRIES INC.,DA 40,a1aa935dc6f5fa5f9489835a39b231bf206a68ac4ccb98fe01c8220f358e674f,True,1
68984,23430,240926_ML.npy,2026-09-25,2026-09-25 02:41:56.130960,7C0077,DA40,DIAMOND AIRCRAFT INDUSTRIES INC.,DA 40,0def0135a3175f658f232b2fc29bd350a48675d0440a4dfbdcd06bea2c770cbc,True,5
69010,23456,240926_ML.npy,2026-09-25,2026-09-25 02:44:15.941156,7C7C39,DA40,DIAMOND AIRCRAFT INDUSTRIES INC.,DA 40,382d9dd8c77ec824cd7a42650bfdb0ce778376bd45ba686b30d74394928b4e1b,True,1
69016,23462,240926_ML.npy,2026-09-25,2026-09-25 02:44:19.581201,7C7C39,DA40,DIAMOND AIRCRAFT INDUSTRIES INC.,DA 40,ddc1010a2f6b08df9cbd26cc8fe7bea7acdca45771a8a32786122bf3138983ef,True,2
69021,23467,240926_ML.npy,2026-09-25,2026-09-25 02:44:23.518045,7C7C39,DA40,DIAMOND AIRCRAFT INDUSTRIES INC.,DA 40,c6bbe3c3dbad00afa1ecb562b5ac5f20f96c05df7b804ab8237c7882d9f93435,True,3
69024,23470,240926_ML.npy,2026-09-25,2026-09-25 02:44:24.488586,7C7C39,DA40,DIAMOND AIRCRAFT INDUSTRIES INC.,DA 40,11c381d1c8a4a10e8c6f71f7298a9e79e77009d2a643bf82e7334609195f958f,True,5
69029,23475,240926_ML.npy,2026-09-25,2026-09-25 02:44:26.312329,7C7C39,DA40,DIAMOND AIRCRAFT INDUSTRIES INC.,DA 40,d6b1a44d62ba61870d8c18ce8beb505c84bd051ec7441d40e6c8f64cba10c00d,True,3
69071,23517,240926_ML.npy,2026-09-25,2026-09-25 02:45:17.839595,7C4E44,DA40,DIAMOND AIRCRAFT INDUSTRIES INC.,DA 40,f869db82c2dc38cd0781282f68ce12aa41ec3fe2b60d446a5c8720c827d35ff5,True,1
69075,23521,240926_ML.npy,2026-09-25,2026-09-25 02:45:20.043420,7C4E44,DA40,DIAMOND AIRCRAFT INDUSTRIES INC.,DA 40,725873d5851d89abe4d1b24922ad86f2183e707a1ea29741ba80a6b0b3041e52,True,1
69116,23562,240926_ML.npy,2026-09-25,2026-09-25 02:45:46.890737,7C4E44,DA40,DIAMOND AIRCRAFT INDUSTRIES INC.,DA 40,526652fa63a0f92389bf3e5c00d968c66306d11c27f826e0231dba82738a910d,True,5
69122,23568,240926_ML.npy,2026-09-25,2026-09-25 02:45:52.088075,7C4E44,DA40,DIAMOND AIRCRAFT INDUSTRIES INC.,DA 40,526652fa63a0f92389bf3e5c00d968c66306d11c27f826e0231dba82738a910d,True,5
69129,23575,240926_ML.npy,2026-09-25,2026-09-25 02:46:09.381195,7C7B60,DA40,DIAMOND AIRCRAFT INDUSTRIES INC.,DA 40,41e99ccf6d95d367d6551f50a0f1a0ab4633c5d79d6658408acee808472c7a1b,True,2
69142,23588,240926_ML.npy,2026-09-25,2026-09-25 02:46:25.212112,7C7B60,DA40,DIAMOND AIRCRAFT INDUSTRIES INC.,DA 40,84000d5669027a22e944e41ab33b98f243bb2fcb1d24948c0092697c3866c483,True,1
69144,23590,240926_ML.npy,2026-09-25,2026-09-25 02:46:27.023046,7C168D,DA40,DIAMOND AIRCRAFT INDUSTRIES INC.,DA 40,0b795fbf73e945adaed5d381306a2a94219ea4c5c12d6c346136b446b23eb6f3,True,3
69145,23591,240926_ML.npy,2026-09-25,2026-09-25 02:46:27.433362,7C168D,DA40,DIAMOND AIRCRAFT INDUSTRIES INC.,DA 40,b77649fc9374cf13273c2dfadc836cf8e6c814e3192601c247c950c6f3696490,True,1
69151,23597,240926_ML.npy,2026-09-25,2026-09-25 02:46:30.116224,7C168D,DA40,DIAMOND AIRCRAFT INDUSTRIES INC.,DA 40,6d213a358b339423b15d8e2bcc067d970b8bc1a219f0b9fbf30d8f615409f9d7,True,3
69154,23600,240926_ML.npy,2026-09-25,2026-09-25 02:46:31.576222,7C168D,DA40,DIAMOND AIRCRAFT INDUSTRIES INC.,DA 40,1bba0e28aa709800d8cdfb34c4d6f3d10abde1b2c973e09a7eac2b3161dc6256,True,2
69160,23606,240926_ML.npy,2026-09-25,2026-09-25 02:46:34.929674,7C7B60,DA40,DIAMOND AIRCRAFT INDUSTRIES INC.,DA 40,4aee149e4aa2029b7ade4d7f061c351ab5199d4b82e3458f5fa395512613ade7,True,1
69170,23616,240926_ML.npy,2026-09-25,2026-09-25 02:46:42.191133,7C7B60,DA40,DIAMOND AIRCRAFT INDUSTRIES INC.,DA 40,ce1e77e1e0aeaecc7dcf918d59afebe82023ef23145d6903574f633de4ddbb3a,True,1
69173,23619,240926_ML.npy,2026-09-25,2026-09-25 02:46:43.468954,7C168D,DA40,DIAMOND AIRCRAFT INDUSTRIES INC.,DA 40,193a6fe254495927c10366942817970fa0958e0ba99add10d3588440cf10701a,True,5
69182,23628,240926_ML.npy,2026-09-25,2026-09-25 02:46:49.916319,7C168D,DA40,DIAMOND AIRCRAFT INDUSTRIES INC.,DA 40,8132170b7220fad95b747ba3e4f294ae9950e6ce5127bc1a8a9aea09a3aa048d,True,2
69192,23638,240926_ML.npy,2026-09-25,2026-09-25 02:46:59.753496,7C168D,DA40,DIAMOND AIRCRAFT INDUSTRIES INC.,DA 40,e31832f3aaff263aeb59a4e789d4adefcf6e0f87a2a743d5448736b2bdd06b10,True,4
69197,23643,240926_ML.npy,2026-09-25,2026-09-25 02:47:02.724684,7C168D,DA40,DIAMOND AIRCRAFT INDUSTRIES INC.,DA 40,b940bd5e18e111409dde0ed6025b1e00d26041e4fc2748d48eff8d29f17cc424,True,4
69213,23659,240926_ML.npy,2026-09-25,2026-09-25 02:47:27.719702,7C168D,DA40,DIAMOND AIRCRAFT INDUSTRIES INC.,DA 40,b940bd5e18e111409dde0ed6025b1e00d26041e4fc2748d48eff8d29f17cc424,True,5
69229,23675,240926_ML.npy,2026-09-25,2026-09-25 02:47:35.700453,7C0077,DA40,DIAMOND AIRCRAFT INDUSTRIES INC.,DA 40,bf87aa5096daa304b37b89c1d6daa5c5c052f8ba75c049681f24bdb099453d36,True,4
69234,23680,240926_ML.npy,2026-09-25,2026-09-25 02:47:36.568911,7C0077,DA40,DIAMOND AIRCRAFT INDUSTRIES INC.,DA 40,f4151a7cfb4b2e4619160a92778200c4cb4da7e6dea2103081d4635d8df0be08,True,4
69235,23681,240926_ML.npy,2026-09-25,2026-09-25 02:47:36.575174,7C0077,DA40,DIAMOND AIRCRAFT INDUSTRIES INC.,DA 40,5f281fe71393e2be24d8b6cf5bd13fd8ab2e714c3a087eb56c0738808847b799,True,4
69258,23704,240926_ML.npy,2026-09-25,2026-09-25 02:47:45.514856,7C0077,DA40,DIAMOND AIRCRAFT INDUSTRIES INC.,DA 40,4a0fabf6b0e7c75d4103d13c058c2338af8748a5410d62157df855930194e328,True,4
69264,23710,240926_ML.npy,2026-09-25,2026-09-25 02:47:48.887659,7C0077,DA40,DIAMOND AIRCRAFT INDUSTRIES INC.,DA 40,18ee0ab5fae8ccd6d0bc9814813a99492a211c78ca064d680c6f5d5a4b4591e2,True,1
69267,23713,240926_ML.npy,2026-09-25,2026-09-25 02:47:50.639028,7C582C,DA40,DIAMOND AIRCRAFT INDUSTRIES INC.,DA 40,6aba86d5a779c36ca9064df11fdefb65e183a544aee42da19ce41e1248948463,True,1
69284,23730,240926_ML.npy,2026-09-25,2026-09-25 02:48:04.516022,7C582C,DA40,DIAMOND AIRCRAFT INDUSTRIES INC.,DA 40,10a8c975ef36999c0e52117a43de4bacf117bb6ad9fc843d5dcd19978249a0a5,True,1
69294,23740,240926_ML.npy,2026-09-25,2026-09-25 02:48:09.963189,7C7CF7,C172,CESSNA AIRCRAFT COMPANY,172M,e4305ca25ee26f667214a419467d4c971d59cac5812e9950e5558e14f8c2ff88,True,2
69308,23754,240926_ML.npy,2026-09-25,2026-09-25 02:48:18.838613,7C7CF7,C172,CESSNA AIRCRAFT COMPANY,172M,25068f6e4698bc7e9eac83c9107e81767250a3653c6797fe4ea38be865524ec5,True,5
69321,23767,240926_ML.npy,2026-09-25,2026-09-25 02:48:29.329382,7C7CF7,C172,CESSNA AIRCRAFT COMPANY,172M,8553bcb07b606546540208155109b5dd1e8ba61961103095b0c85cb74369420a,True,4
69324,23770,240926_ML.npy,2026-09-25,2026-09-25 02:48:32.988468,7C168D,DA40,DIAMOND AIRCRAFT INDUSTRIES INC.,DA 40,b940bd5e18e111409dde0ed6025b1e00d26041e4fc2748d48eff8d29f17cc424,True,1
69325,23771,240926_ML.npy,2026-09-25,2026-09-25 02:48:33.684372,7C7CF7,C172,CESSNA AIRCRAFT COMPANY,172M,096f3ff3a299c548fad43b7f7a248fc449b64ec2f77c60fb292ed7935c067804,True,3
69331,23777,240926_ML.npy,2026-09-25,2026-09-25 02:48:39.555751,7C168D,DA40,DIAMOND AIRCRAFT INDUSTRIES INC.,DA 40,0cb27b932d368d40c9b7afb281a88ddfa0c676732aaf62b0dc032558d98fa1fe,True,4
69333,23779,240926_ML.npy,2026-09-25,2026-09-25 02:48:42.409550,7C7CF7,C172,CESSNA AIRCRAFT COMPANY,172M,afef175daaffe999a610dddb0f0dad080ac642a5c201cb4fe8f98773ca3a1272,True,3
69336,23782,240926_ML.npy,2026-09-25,2026-09-25 02:48:44.451216,7C7CF7,C172,CESSNA AIRCRAFT COMPANY,172M,cdbce00b5c2512740f32c09b8dc6f70d49458e235e9a35b8c0459ea258e02b95,True,1
69340,23786,240926_ML.npy,2026-09-25,2026-09-25 02:48:51.071004,7C7CF7,C172,CESSNA AIRCRAFT COMPANY,172M,aa57e677a18279da3abed86951b59365d36e1aa6a176606720dfee5fce83c536,True,4
69341,23787,240926_ML.npy,2026-09-25,2026-09-25 02:48:56.709411,7C7CF7,C172,CESSNA AIRCRAFT COMPANY,172M,9045c70fcc34f179e9212b37d1f588c1e54e9592a5b321d5d7666fd2dba45b8e,True,1
69349,23795,240926_ML.npy,2026-09-25,2026-09-25 02:49:37.637639,7C7CF7,C172,CESSNA AIRCRAFT COMPANY,172M,e33b6b67f940c7d0d282f56baf301efcb70f6323d41e83d5ccff9115da6fd927,True,4
69360,23806,240926_ML.npy,2026-09-25,2026-09-25 02:49:53.726747,7C7C39,DA40,DIAMOND AIRCRAFT INDUSTRIES INC.,DA 40,324b876dd0bcf6a664ef0ed7ef4bbc5058d8f0fe1142fe66fe91de287d487b01,True,1
69365,23811,240926_ML.npy,2026-09-25,2026-09-25 02:50:04.721043,7C7C39,DA40,DIAMOND AIRCRAFT INDUSTRIES INC.,DA 40,ec379f1d03a7795126381ee7cb3ed134045e0854ac089d6c976bb2bc93ca8a7e,True,5
69368,23814,240926_ML.npy,2026-09-25,2026-09-25 02:50:10.817016,7C7C39,DA40,DIAMOND AIRCRAFT INDUSTRIES INC.,DA 40,5b98132d60f015eb18bab04bd9c78f1579416748d2d7ac4905b4862a13f35e97,True,1
69379,23825,240926_ML.npy,2026-09-25,2026-09-25 02:50:24.089196,7C7C39,DA40,DIAMOND AIRCRAFT INDUSTRIES INC.,DA 40,d87115d4d92efe0415afc8e3e4d99972afbd0e92c979bee4811e957b56168d1b,True,4
69393,23839,240926_ML.npy,2026-09-25,2026-09-25 02:51:37.122940,7C7B60,DA40,DIAMOND AIRCRAFT INDUSTRIES INC.,DA 40,f0b910a652b5acdb8185ebc906a6619156d3dcfac578ee293d0eae8af7086298,True,5
69423,23869,240926_ML.npy,2026-09-25,2026-09-25 02:53:23.022413,7C0077,DA40,DIAMOND AIRCRAFT INDUSTRIES INC.,DA 40,03bd43faef05d051b23e4319cf08d8024e5df873cf6b33e29469aacbceee811a,True,1
69427,23873,240926_ML.npy,2026-09-25,2026-09-25 02:53:24.559151,7C0077,DA40,DIAMOND AIRCRAFT INDUSTRIES INC.,DA 40,adaae75e5bf452edd2514b1dd308fdb42e2020c266b643de48b1ad1342b9825e,True,4
69430,23876,240926_ML.npy,2026-09-25,2026-09-25 02:53:27.876613,7C0077,DA40,DIAMOND AIRCRAFT INDUSTRIES INC.,DA 40,200c438483c4eaf13b006563d9c4a5ff9f695e3c754bd7a8032e0739ba5b622e,True,1
69431,23877,240926_ML.npy,2026-09-25,2026-09-25 02:53:29.653007,7C0077,DA40,DIAMOND AIRCRAFT INDUSTRIES INC.,DA 40,6f8d8263d8f3935492f332eaa5c294b13f17408c277fa920d8c029feef9d3f3a,True,4
69438,23884,240926_ML.npy,2026-09-25,2026-09-25 02:53:33.053733,7C0077,DA40,DIAMOND AIRCRAFT INDUSTRIES INC.,DA 40,bc8ceee4a522749ec9175ff8d151d4c51042db33bf629a2e8528ab3f71f1f5e0,True,3
69453,23899,240926_ML.npy,2026-09-25,2026-09-25 02:54:20.874033,7C7CF7,C172,CESSNA AIRCRAFT COMPANY,172M,d3ee1baae0f891fae3a16a9eec957f7187de4529c14533a593572fdaeb8860ad,True,1
69458,23904,240926_ML.npy,2026-09-25,2026-09-25 02:54:26.842729,7C7CF7,C172,CESSNA AIRCRAFT COMPANY,172M,46278e12340825c67a4a6aaaf8ecaf2787868b3c3568c7ccd1ecb4b2de5ee8ea,True,4
69459,23905,240926_ML.npy,2026-09-25,2026-09-25 02:54:27.356496,7C7CF7,C172,CESSNA AIRCRAFT COMPANY,172M,e5edfbbdcbb8e6d7f4eb7cf33b42ee2f07abb5a747ac33aac03156aae101b912,True,4
69464,23910,240926_ML.npy,2026-09-25,2026-09-25 02:54:32.015343,7C7CF7,C172,CESSNA AIRCRAFT COMPANY,172M,395c480e72189608edd366521fd7743315747c22044be88f2435f00f0cb7bcf6,True,1
69468,23914,240926_ML.npy,2026-09-25,2026-09-25 02:54:37.218210,7C7CF7,C172,CESSNA AIRCRAFT COMPANY,172M,3e59dc679367ff732b6cf0fb217479faf5aaadaf30148314a4a54849e202fe55,True,5
69469,23915,240926_ML.npy,2026-09-25,2026-09-25 02:54:37.224916,7C7CF7,C172,CESSNA AIRCRAFT COMPANY,172M,7059ad82cc7b0c57c736a01408d5ea3d03d424076f471992dadb91a0f7bf915a,True,4
69470,23916,240926_ML.npy,2026-09-25,2026-09-25 02:54:39.124500,7C7CF7,C172,CESSNA AIRCRAFT COMPANY,172M,70379d7b60564afb6d29a12bc6761b08900610afe98816ef908ce00011bf0076,True,5
69472,23918,240926_ML.npy,2026-09-25,2026-09-25 02:54:39.562468,7C7CF7,C172,CESSNA AIRCRAFT COMPANY,172M,7059ad82cc7b0c57c736a01408d5ea3d03d424076f471992dadb91a0f7bf915a,True,1
69487,23933,240926_ML.npy,2026-09-25,2026-09-25 02:55:04.962510,7C7CF7,C172,CESSNA AIRCRAFT COMPANY,172M,1898ac59e929dc5e460c1c0701c61085c1158de4495fcc2951ad357db52da608,True,2
69489,23935,240926_ML.npy,2026-09-25,2026-09-25 02:55:09.841768,7C7CF7,C172,CESSNA AIRCRAFT COMPANY,172M,71158afc12de359cc3f7080726af8ea22c1dc01bb9275ce445e6c7efb1edea06,True,4
69504,23950,240926_ML.npy,2026-09-25,2026-09-25 02:55:37.344532,7C7C39,DA40,DIAMOND AIRCRAFT INDUSTRIES INC.,DA 40,1f515edafd18e2ed2ee7c059418d59e0bcbc966aa24925ca3a57d32c16006e81,True,4
69524,23970,240926_ML.npy,2026-09-25,2026-09-25 02:56:02.864989,7C7C39,DA40,DIAMOND AIRCRAFT INDUSTRIES INC.,DA 40,13252619e16ee12f0e1a1451a0663226b19e0f6b6d68e57b64749227ec9d44bc,True,1
69541,23987,240926_ML.npy,2026-09-25,2026-09-25 02:56:13.614526,7C7B60,DA40,DIAMOND AIRCRAFT INDUSTRIES INC.,DA 40,ce1e77e1e0aeaecc7dcf918d59afebe82023ef23145d6903574f633de4ddbb3a,True,5
69568,24014,240926_ML.npy,2026-09-25,2026-09-25 02:56:33.580971,7C7CF7,C172,CESSNA AIRCRAFT COMPANY,172M,5a8dcf5eec33a2fb8d76bda3685e9961c5b51a430ef0d570bf25c1d2417a661d,True,4
69581,24027,240926_ML.npy,2026-09-25,2026-09-25 02:56:42.619553,7C7C3E,DA40,DIAMOND AIRCRAFT INDUSTRIES INC.,DA 40,6ae392fe9a4249c4d14d8a9ade234721c50c5df35fe0d599bdc09e6f4602d919,True,5
69588,24034,240926_ML.npy,2026-09-25,2026-09-25 02:56:51.772991,7C7C3E,DA40,DIAMOND AIRCRAFT INDUSTRIES INC.,DA 40,bbda531cc9a22b2b8f9c3da547f5a7de21246c5ca27b65bc6f43c74106370530,True,2
69591,24037,240926_ML.npy,2026-09-25,2026-09-25 02:56:52.907538,7C7C3E,DA40,DIAMOND AIRCRAFT INDUSTRIES INC.,DA 40,b0ad05e4031638d10e25b5bb5fe6a8daeac5826a938837b47ce3bc0451e6d7f1,True,2
69611,24057,240926_ML.npy,2026-09-25,2026-09-25 02:57:03.989101,7C7B60,DA40,DIAMOND AIRCRAFT INDUSTRIES INC.,DA 40,0b8dca93056eef21c5050d9083baa7f253c0a8c9d7d2d15d0b58ad4b2b21acb0,True,4
69622,24068,240926_ML.npy,2026-09-25,2026-09-25 02:57:18.657176,7C7C3E,DA40,DIAMOND AIRCRAFT INDUSTRIES INC.,DA 40,00a8bef24ca5bd72116a6af4488c07a2eae4373809b2de1eddc736579d1985c6,True,4
69640,24086,240926_ML.npy,2026-09-25,2026-09-25 02:57:35.172931,7C7C3E,DA40,DIAMOND AIRCRAFT INDUSTRIES INC.,DA 40,9b31aec735d55c98342c0a9cdc9c62768e5bb95f0d261ce3a0baecccc0b9c6ef,True,1
69646,24092,240926_ML.npy,2026-09-25,2026-09-25 02:57:46.167937,7C7B5F,DA40,DIAMOND AIRCRAFT INDUSTRIES INC.,DA 40,dd8345ab7ef48cbbb1227e410ac40086e44df0f18498d887008454450982975f,True,2
69656,24102,240926_ML.npy,2026-09-25,2026-09-25 02:58:02.626853,7C7B5F,DA40,DIAMOND AIRCRAFT INDUSTRIES INC.,DA 40,9e1cae0b6798fdf921c091709012a3def7eca81088dae6ebcb2419602c10da7a,True,3
69667,24113,240926_ML.npy,2026-09-25,2026-09-25 02:58:19.482457,7C7B5F,DA40,DIAMOND AIRCRAFT INDUSTRIES INC.,DA 40,8b3a8ce4c9a662ed227ffbf52fe3e27faafc7cadb2f0aa5b69249db408cd61af,True,4
69672,24118,240926_ML.npy,2026-09-25,2026-09-25 02:58:21.900509,7C7B5F,DA40,DIAMOND AIRCRAFT INDUSTRIES INC.,DA 40,8b3a8ce4c9a662ed227ffbf52fe3e27faafc7cadb2f0aa5b69249db408cd61af,True,3
69676,24122,240926_ML.npy,2026-09-25,2026-09-25 02:58:25.360349,7C7B5F,DA40,DIAMOND AIRCRAFT INDUSTRIES INC.,DA 40,d4c43412d919d249824ccde3d32158322280ef44eb3e30e028fe09180c4a6ff1,True,5
69677,24123,240926_ML.npy,2026-09-25,2026-09-25 02:58:25.606009,7C7B5F,DA40,DIAMOND AIRCRAFT INDUSTRIES INC.,DA 40,519e4637bbb6022cb21d18fde7ec7f88df67d2ec3c935646751a17d586b630e0,True,2
69684,24130,240926_ML.npy,2026-09-25,2026-09-25 02:58:29.355566,7C0077,DA40,DIAMOND AIRCRAFT INDUSTRIES INC.,DA 40,e250eb6c31f757e98360d48b1d224e1e3c225fb76ef39e90928a716dc7e45359,True,1
69703,24149,240926_ML.npy,2026-09-25,2026-09-25 02:58:41.187762,7C7B5F,DA40,DIAMOND AIRCRAFT INDUSTRIES INC.,DA 40,8b3a8ce4c9a662ed227ffbf52fe3e27faafc7cadb2f0aa5b69249db408cd61af,True,5
69716,24162,240926_ML.npy,2026-09-25,2026-09-25 02:58:55.888943,7C7B5F,DA40,DIAMOND AIRCRAFT INDUSTRIES INC.,DA 40,46dc555455e0fad7b3c34cf9cd04b014138c240a72eb12820a698259fc7099cc,True,1
69724,24170,240926_ML.npy,2026-09-25,2026-09-25 02:59:09.628005,7C0077,DA40,DIAMOND AIRCRAFT INDUSTRIES INC.,DA 40,357d900cfa8d9e48bb2c05135f7586a001ca6b8257ff0977e33feb6417c47778,True,5
69725,24171,240926_ML.npy,2026-09-25,2026-09-25 03:00:24.523407,7C7CF7,C172,CESSNA AIRCRAFT COMPANY,172M,fc07da0a548f0bc3623bcca64a1c8a1d9522d6a73d59274cd51d2829a7cd8de1,True,2
69729,24175,240926_ML.npy,2026-09-25,2026-09-25 03:00:29.079857,7C7CF7,C172,CESSNA AIRCRAFT COMPANY,172M,1fe9df7f2f9b98ca43a2e9b8a3c60c4081f3b2065f4d8f6b181c289ce02638b4,True,3
69732,24178,240926_ML.npy,2026-09-25,2026-09-25 03:00:31.444481,7C7CF7,C172,CESSNA AIRCRAFT COMPANY,172M,4d3682f64d32c0b2700b51ef31eea5b06574cdd737887fbe4df316f33185d142,True,5
69747,24193,240926_ML.npy,2026-09-25,2026-09-25 03:00:52.540051,7C7CF7,C172,CESSNA AIRCRAFT COMPANY,172M,3d3a480f97b2d3abb6b788fbc60698f140d5b2ec6dd3afaf2b0115d6d3bec92b,True,5
69751,24197,240926_ML.npy,2026-09-25,2026-09-25 03:00:58.115568,7C7CF7,C172,CESSNA AIRCRAFT COMPANY,172M,280e77cc8a44b6c020fdfa82ecc23dd1837abc0ac6f880a6220a7ff2b830bb5d,True,3
69754,24200,240926_ML.npy,2026-09-25,2026-09-25 03:01:01.563720,7C7CF7,C172,CESSNA AIRCRAFT COMPANY,172M,55e09fa4b2f7ee79561c46ee10948695783aae93f36311950efbec73be5286fe,True,5
69756,24202,240926_ML.npy,2026-09-25,2026-09-25 03:01:05.840505,7C7CF7,C172,CESSNA AIRCRAFT COMPANY,172M,5c726ac59c88b8694592c76423a43ec1213c9955e805986051a4400146097e8d,True,4
69762,24208,240926_ML.npy,2026-09-25,2026-09-25 03:01:18.816338,7C7C39,DA40,DIAMOND AIRCRAFT INDUSTRIES INC.,DA 40,858cdd0c6639992bdd0c0a82f20d2b7c0803875cd553b9b476a45594b7bc562e,True,5
69764,24210,240926_ML.npy,2026-09-25,2026-09-25 03:01:21.161751,7C7C39,DA40,DIAMOND AIRCRAFT INDUSTRIES INC.,DA 40,4e9ac11f1d556756de806974acf526835dc78aeffa1512371276c8e917622562,True,2
69785,24231,240926_ML.npy,2026-09-25,2026-09-25 03:01:49.226161,7C7C39,DA40,DIAMOND AIRCRAFT INDUSTRIES INC.,DA 40,fa42d5f002398983c61dcad7a8f91ee9fa759fef678a8864f3cafd0032b9a4fa,True,1
69796,24242,240926_ML.npy,2026-09-25,2026-09-25 03:02:03.925295,7C7C39,DA40,DIAMOND AIRCRAFT INDUSTRIES INC.,DA 40,4e9ac11f1d556756de806974acf526835dc78aeffa1512371276c8e917622562,True,5
69800,24246,240926_ML.npy,2026-09-25,2026-09-25 03:02:07.821220,7C7B60,DA40,DIAMOND AIRCRAFT INDUSTRIES INC.,DA 40,3da25827a3434bf5ba7c03b7e1dc25fa4b231a901a03f5e1f5727d7def892f3b,True,1
69804,24250,240926_ML.npy,2026-09-25,2026-09-25 03:02:13.981092,7C7B60,DA40,DIAMOND AIRCRAFT INDUSTRIES INC.,DA 40,64517fc4d4775300309e59938e3b00424192417b0ebac5b4431e2d5baf59143b,True,4
69821,24267,240926_ML.npy,2026-09-25,2026-09-25 03:02:26.443807,7C7CF7,C172,CESSNA AIRCRAFT COMPANY,172M,26d54328c77ae0db7dc1ab771e44eddb75d06a03b39867a57623a17715eb6051,True,1
69822,24268,240926_ML.npy,2026-09-25,2026-09-25 03:02:26.838850,7C7CF7,C172,CESSNA AIRCRAFT COMPANY,172M,f04e20ec4890e82c16df86e0388e3d2af8f45ee62c099aba9e5eb4ff06ee01aa,True,2
69851,24297,240926_ML.npy,2026-09-25,2026-09-25 03:03:44.679912,7C0077,DA40,DIAMOND AIRCRAFT INDUSTRIES INC.,DA 40,d97140d028ab37a26ecde97d26011eb7d00a9d1610e3196353fc56bdb73d5e6d,True,1
69860,24306,240926_ML.npy,2026-09-25,2026-09-25 03:03:55.638736,7C0077,DA40,DIAMOND AIRCRAFT INDUSTRIES INC.,DA 40,37d581f0fae1493529473a0f2e19867fd2a50e6ddc32e59fcac858ad042b7427,True,3
69869,24315,240926_ML.npy,2026-09-25,2026-09-25 03:04:07.394966,7C0077,DA40,DIAMOND AIRCRAFT INDUSTRIES INC.,DA 40,033d1f6298516c17839b611a19225d08f606c935a7afc7c294f805418bd1588c,True,4
69874,24320,240926_ML.npy,2026-09-25,2026-09-25 03:04:17.406237,7C0077,DA40,DIAMOND AIRCRAFT INDUSTRIES INC.,DA 40,3d6e88619a31eaf6198c7b3de5dc547ed141d34f66d3e78139121fd943f1b58d,True,1
69882,24328,240926_ML.npy,2026-09-25,2026-09-25 03:06:00.220736,7C7CF7,C172,CESSNA AIRCRAFT COMPANY,172M,fe1e36e18d03a9ea640ab14e257b51820bbfba4fa1155ad8aa3adbacf94f198d,True,2
69885,24331,240926_ML.npy,2026-09-25,2026-09-25 03:06:07.514623,7C7CF7,C172,CESSNA AIRCRAFT COMPANY,172M,47099ed01e31620ba04cbfeeaa2e56b5f6be05b1fb2f9e1687b9dc6141043909,True,1
69893,24339,240926_ML.npy,2026-09-25,2026-09-25 03:06:21.074598,7C7CF7,C172,CESSNA AIRCRAFT COMPANY,172M,19e0bbf63ca8838bf8e9080c5536bb0f99fc746eebffe2cba03e8873fb6f1821,True,3
69896,24342,240926_ML.npy,2026-09-25,2026-09-25 03:06:28.328679,7C7CF7,C172,CESSNA AIRCRAFT COMPANY,172M,08f7cc3fa5eb2962c5d912ddbfe504d5fc3f04c7b92e4f0da3d58f19bf78dfe2,True,4
69899,24345,240926_ML.npy,2026-09-25,2026-09-25 03:06:31.803853,7C7CF7,C172,CESSNA AIRCRAFT COMPANY,172M,0058f3e4b0c89c1699f8dfbda7719865a3c106896a3ad67b3b91d7a22404fe70,True,3
69902,24348,240926_ML.npy,2026-09-25,2026-09-25 03:06:33.452453,7C7CF7,C172,CESSNA AIRCRAFT COMPANY,172M,2a91126e0c0c3d861db0f00ba6bf236525126e1cc38f8c5995a7ef1bf2553560,True,1
69908,24354,240926_ML.npy,2026-09-25,2026-09-25 03:06:57.917727,7C7CF7,C172,CESSNA AIRCRAFT COMPANY,172M,feb65976b9f66e6c0c6f97baad7c8703643ec1f8c39f9462675f6481448aa3ff,True,2
69915,24361,240926_ML.npy,2026-09-25,2026-09-25 03:07:01.034183,7C7CF7,C172,CESSNA AIRCRAFT COMPANY,172M,f946032273cd7479c728d941b38abbb0911a3f748dfecdd28e805b7280d80312,True,3
69917,24363,240926_ML.npy,2026-09-25,2026-09-25 03:07:02.257039,7C7CF7,C172,CESSNA AIRCRAFT COMPANY,172M,6373496ff531cc03f55259ca35cbfea0cd23cd79d10349277469e02dee97ba2f,True,2
69919,24365,240926_ML.npy,2026-09-25,2026-09-25 03:07:42.497201,7C7CF7,C172,CESSNA AIRCRAFT COMPANY,172M,3882699d6b957fed061a2bcad09abb7d853e15aebe2297282572924a4e473185,True,1
69923,24369,240926_ML.npy,2026-09-25,2026-09-25 03:08:04.429056,7C7B60,DA40,DIAMOND AIRCRAFT INDUSTRIES INC.,DA 40,ef53e51e2c7993c31f65ac1fe36529cdddb4e65d5528dc4c4b5baa86a530da74,True,3
69938,24384,240926_ML.npy,2026-09-25,2026-09-25 03:08:30.431782,7C7B60,DA40,DIAMOND AIRCRAFT INDUSTRIES INC.,DA 40,84000d5669027a22e944e41ab33b98f243bb2fcb1d24948c0092697c3866c483,True,4
69952,24398,240926_ML.npy,2026-09-25,2026-09-25 03:08:46.912531,7C7B60,DA40,DIAMOND AIRCRAFT INDUSTRIES INC.,DA 40,f44cbd53478853a188004d80dd19262388fb71d946e7f8af4739ebcdc29e6143,True,3
69975,24421,240926_ML.npy,2026-09-25,2026-09-25 03:10:42.277268,7C7CF7,C172,CESSNA AIRCRAFT COMPANY,172M,77e0267f8f971c9bd524062c9be1462592e017aa87b95dc96ef199a1a01b8972,True,1
69977,24423,240926_ML.npy,2026-09-25,2026-09-25 03:10:45.932675,7C7CF7,C172,CESSNA AIRCRAFT COMPANY,172M,5406a746b3409d363f24dd3f2b78fbdaae5e90c1029896f01f50aeab414b0662,True,5
69981,24427,240926_ML.npy,2026-09-25,2026-09-25 03:10:50.834965,7C7CF7,C172,CESSNA AIRCRAFT COMPANY,172M,11e537576c8c325eca90a0a8a76220ce3a2464a5fe1951047cd336b0f09cedaf,True,4
69983,24429,240926_ML.npy,2026-09-25,2026-09-25 03:10:54.671882,7C7CF7,C172,CESSNA AIRCRAFT COMPANY,172M,d9ae425b0da7bd1791fa86a2877939d34e4bd19e9419051ceee7fe231b738871,True,4
69986,24432,240926_ML.npy,2026-09-25,2026-09-25 03:11:00.571751,7C7CF7,C172,CESSNA AIRCRAFT COMPANY,172M,5059a22ff36170fa89bc6c48eb2bcd9a02039cc6d0ed293d2365d3287f5224c7,True,5
69991,24437,240926_ML.npy,2026-09-25,2026-09-25 03:11:09.512941,7C7CF7,C172,CESSNA AIRCRAFT COMPANY,172M,d3d9e1b63eeb6cee5704ef2ba350b15d7e5eaccadbc1aa58e7d1d86baee4f080,True,4
69992,24438,240926_ML.npy,2026-09-25,2026-09-25 03:11:10.372346,7C7CF7,C172,CESSNA AIRCRAFT COMPANY,172M,329d10db8cca60e1807f9c4a4478aad2098572476f40261dd182535956e830f0,True,2
69993,24439,240926_ML.npy,2026-09-25,2026-09-25 03:11:10.377899,7C7CF7,C172,CESSNA AIRCRAFT COMPANY,172M,ed49ea3d01437da6c0c05a822685cb9e9186fd36d1a5edca77a0c0def9dcd165,True,5
69994,24440,240926_ML.npy,2026-09-25,2026-09-25 03:11:10.791101,7C7CF7,C172,CESSNA AIRCRAFT COMPANY,172M,50d420ec5515f725789beecc781a4500ecbaa976e03e5d21824f8cd17d4b27ed,True,5
70010,24456,240926_ML.npy,2026-09-25,2026-09-25 03:11:42.686610,7C444D,P28A,PIPER AIRCRAFT CORP,PA-28-181,ff37443accaa2e8e97896fb2a73fce410dc721d279fef5fb9aa2679747a587db,True,2
70012,24458,240926_ML.npy,2026-09-25,2026-09-25 03:11:44.440149,7C444D,P28A,PIPER AIRCRAFT CORP,PA-28-181,4c23d26b65711e79023e40f7a96ca1a045a3d8c9e09576a1992eb08d636f3200,True,4
70013,24459,240926_ML.npy,2026-09-25,2026-09-25 03:11:51.962324,7C444D,P28A,PIPER AIRCRAFT CORP,PA-28-181,81e3e2429886d5229a2fcf047419a7ae986d2cdb8a8841655ad5f63b79a4d71a,True,4
70014,24460,240926_ML.npy,2026-09-25,2026-09-25 03:11:52.428719,7C444D,P28A,PIPER AIRCRAFT CORP,PA-28-181,11d810d1d446b156e35b095a32acda7c702546541b8bc7afc76f6d233bfb5e3a,True,3
70015,24461,240926_ML.npy,2026-09-25,2026-09-25 03:11:56.351988,7C444D,P28A,PIPER AIRCRAFT CORP,PA-28-181,f919f79370df920c6b8d030acb2cfd3b6a9bb66733b275ca0666f3dc3a191694,True,4
70019,24465,240926_ML.npy,2026-09-25,2026-09-25 03:11:57.729859,7C444D,P28A,PIPER AIRCRAFT CORP,PA-28-181,0a712d93c3b436632b6313eca8379ae14858b33e3b9968582f2fdcbbff01ea49,True,2
70020,24466,240926_ML.npy,2026-09-25,2026-09-25 03:11:58.565551,7C7CF7,C172,CESSNA AIRCRAFT COMPANY,172M,6f0f4a89ad4ce7a7b089a7ae208a1e0032d589bc44222f744bf7ee010ed039e0,True,4
70022,24468,240926_ML.npy,2026-09-25,2026-09-25 03:12:00.281144,7C444D,P28A,PIPER AIRCRAFT CORP,PA-28-181,e31c6d0d92db1f2ca6c653d0926a3f4b6d3bf171a983191b3ad9e27e719b754b,True,5
70023,24469,240926_ML.npy,2026-09-25,2026-09-25 03:12:00.740886,7C444D,P28A,PIPER AIRCRAFT CORP,PA-28-181,8b9c5bb610222fe13352f53379f4c6bef0b4be55f8abf9041fd11dd9547e6bc6,True,5
70024,24470,240926_ML.npy,2026-09-25,2026-09-25 03:12:02.458353,7C444D,P28A,PIPER AIRCRAFT CORP,PA-28-181,aaf82a5cb57dd731392668013430bd5b7b23de01271bf552f9b59fbd4f7bf6ab,True,3
70026,24472,240926_ML.npy,2026-09-25,2026-09-25 03:12:03.194349,7C444D,P28A,PIPER AIRCRAFT CORP,PA-28-181,d8ca3e90afb3bc1d4dca52ed572384b0662a75fc6da6c43081f935eb45116e9f,True,4
70027,24473,240926_ML.npy,2026-09-25,2026-09-25 03:12:03.420340,7C444D,P28A,PIPER AIRCRAFT CORP,PA-28-181,d569ab13cea97f57cd193a451a74e61fe0650ae1fb777744c1883d6ce723a913,True,1
70028,24474,240926_ML.npy,2026-09-25,2026-09-25 03:12:03.775988,7C444D,P28A,PIPER AIRCRAFT CORP,PA-28-181,976868d3186e31de9de17ac11662f6351f94d289d8549f9941649a4968497028,True,4
70029,24475,240926_ML.npy,2026-09-25,2026-09-25 03:12:03.858523,7C444D,P28A,PIPER AIRCRAFT CORP,PA-28-181,9a70b8e9dede915dfe21b33ff03f5d1108c951c3330bda95d123a4b8295ace08,True,1
70030,24476,240926_ML.npy,2026-09-25,2026-09-25 03:12:05.533215,7C7CF7,C172,CESSNA AIRCRAFT COMPANY,172M,f04e20ec4890e82c16df86e0388e3d2af8f45ee62c099aba9e5eb4ff06ee01aa,True,3
70033,24479,240926_ML.npy,2026-09-25,2026-09-25 03:12:07.451946,7C444D,P28A,PIPER AIRCRAFT CORP,PA-28-181,78a800748d811036b140abee53954ea557fc62ef284221bb4d8db0648d2b6248,True,3
70034,24480,240926_ML.npy,2026-09-25,2026-09-25 03:12:08.011341,7C444D,P28A,PIPER AIRCRAFT CORP,PA-28-181,0a712d93c3b436632b6313eca8379ae14858b33e3b9968582f2fdcbbff01ea49,True,4
70035,24481,240926_ML.npy,2026-09-25,2026-09-25 03:12:08.217539,7C444D,P28A,PIPER AIRCRAFT CORP,PA-28-181,bde5899c34a66a170e230e7b786b79279c264e42b49607cfb33b7f2a23e0b20a,True,2
70036,24482,240926_ML.npy,2026-09-25,2026-09-25 03:12:08.387344,7C444D,P28A,PIPER AIRCRAFT CORP,PA-28-181,b5ffdb7f3a1888eb00a651dcfd09f7397174f27c10cc121ba6312628f397e12d,True,5
70037,24483,240926_ML.npy,2026-09-25,2026-09-25 03:12:09.141469,7C444D,P28A,PIPER AIRCRAFT CORP,PA-28-181,cc2c7e67a4e63a73152e352fa453f96d16af2ce9745e153303792fe3ae6bb4dc,True,2
70039,24485,240926_ML.npy,2026-09-25,2026-09-25 03:12:12.712835,7C444D,P28A,PIPER AIRCRAFT CORP,PA-28-181,3478e5eef7e7d035645ad138b0ffd0b66a073dbe8e2d786e1a4178092ac57909,True,4
70040,24486,240926_ML.npy,2026-09-25,2026-09-25 03:12:14.510358,7C7CF7,C172,CESSNA AIRCRAFT COMPANY,172M,892bd12fbdff07ea9360c8991c7061ac7fc6bff2ec7b4aebe07317a8adcad81c,True,2
70047,24493,240926_ML.npy,2026-09-25,2026-09-25 03:12:19.696855,7C444D,P28A,PIPER AIRCRAFT CORP,PA-28-181,6bf8f5996cdeb1ec140f2d0ae5cecd2a7347a1b2e4f7203b7e9ed18ae4c5f6bb,True,1
70049,24495,240926_ML.npy,2026-09-25,2026-09-25 03:12:20.800821,7C444D,P28A,PIPER AIRCRAFT CORP,PA-28-181,d8ca3e90afb3bc1d4dca52ed572384b0662a75fc6da6c43081f935eb45116e9f,True,3
70051,24497,240926_ML.npy,2026-09-25,2026-09-25 03:12:21.668609,7C444D,P28A,PIPER AIRCRAFT CORP,PA-28-181,bca7e6c95eaff480d18e4474796ebe286d9befb6e2450fc025761d7495e25e1f,True,3
70052,24498,240926_ML.npy,2026-09-25,2026-09-25 03:12:23.393581,7C7B60,DA40,DIAMOND AIRCRAFT INDUSTRIES INC.,DA 40,44d3b58e813862eeddaca7c4f7a8db4e0dc92cf0a655ff58ff8e36b9b0da2604,True,4
70053,24499,240926_ML.npy,2026-09-25,2026-09-25 03:12:23.764711,7C444D,P28A,PIPER AIRCRAFT CORP,PA-28-181,98d7b11261c6d3c368151b6a19b7fbe6133fec57360d520249317757bf2cb4b3,True,3
70055,24501,240926_ML.npy,2026-09-25,2026-09-25 03:12:24.244590,7C444D,P28A,PIPER AIRCRAFT CORP,PA-28-181,19233b24e34d50f95179e06953aac03d433dd19b8d64d68e24d02f3629e2c8b8,True,1
70057,24503,240926_ML.npy,2026-09-25,2026-09-25 03:12:25.264200,7C444D,P28A,PIPER AIRCRAFT CORP,PA-28-181,2265a6f778503091037dab54d8545a8e8b1a24de2a1f17f18cc087b4b7ea4d9a,True,5
70060,24506,240926_ML.npy,2026-09-25,2026-09-25 03:12:26.277973,7C444D,P28A,PIPER AIRCRAFT CORP,PA-28-181,e60f777da33d9cf98769c111b59061ea831455282e280b918c8656c771cc7c62,True,5
70061,24507,240926_ML.npy,2026-09-25,2026-09-25 03:12:27.649949,7C7CF7,C172,CESSNA AIRCRAFT COMPANY,172M,203e22c307b34d685074a70205adb4c407dfecc32be77962699f64f1e59d457f,True,3
70063,24509,240926_ML.npy,2026-09-25,2026-09-25 03:12:28.261764,7C444D,P28A,PIPER AIRCRAFT CORP,PA-28-181,ba96e4d58bdcbbfa7167dedd07d5c801346418f31f00ac300096a551d183931c,True,2
70068,24514,240926_ML.npy,2026-09-25,2026-09-25 03:12:29.254043,7C444D,P28A,PIPER AIRCRAFT CORP,PA-28-181,ed680af55ad6fdc6914ff9b3bdb5edfcbbb02936d0d83201183651bb88045751,True,5
70069,24515,240926_ML.npy,2026-09-25,2026-09-25 03:12:29.480534,7C7B60,DA40,DIAMOND AIRCRAFT INDUSTRIES INC.,DA 40,04a4ffb4b7b4722954a479c19c9be5408ed9d7ca970541b6cda15d986ee11312,True,4
70070,24516,240926_ML.npy,2026-09-25,2026-09-25 03:12:30.176986,7C444D,P28A,PIPER AIRCRAFT CORP,PA-28-181,b955c497f37be29743e5cb4bdd92926748d6e2c4d28dab16499e10ca6dd12170,True,1
70073,24519,240926_ML.npy,2026-09-25,2026-09-25 03:12:32.985654,7C7B60,DA40,DIAMOND AIRCRAFT INDUSTRIES INC.,DA 40,7c52a7d360c8cf561d8aa6f9d6bc0f9093281bfac0ebabcff76435f22a0595ba,True,3
70075,24521,240926_ML.npy,2026-09-25,2026-09-25 03:12:35.476473,7C444D,P28A,PIPER AIRCRAFT CORP,PA-28-181,32ea9f90d7b60ecfbeee56728f741a0ce691d965b4473637496a98173d0b197a,True,3
70077,24523,240926_ML.npy,2026-09-25,2026-09-25 03:12:37.777942,7C444D,P28A,PIPER AIRCRAFT CORP,PA-28-181,aa7e947e5800c096ac821d76368bcbddad4e8bb62cc64ab59a3551294fb174f7,True,5
70079,24525,240926_ML.npy,2026-09-25,2026-09-25 03:12:38.775402,7C444D,P28A,PIPER AIRCRAFT CORP,PA-28-181,fa87741f2c5c3e88065e93cddc8fcb6a1e502bee2b4212fbadd0d2bf345547df,True,4
70080,24526,240926_ML.npy,2026-09-25,2026-09-25 03:12:39.735632,7C444D,P28A,PIPER AIRCRAFT CORP,PA-28-181,9352360d36d85e0a2f90fee94fc3c22b6320813837e5319ef483da3a960c8f0b,True,1
70082,24528,240926_ML.npy,2026-09-25,2026-09-25 03:12:40.747017,7C444D,P28A,PIPER AIRCRAFT CORP,PA-28-181,6caec2069046bc59325d3bc06cc501daa3da3a6379e4b1637b17343e47d31a42,True,2
70083,24529,240926_ML.npy,2026-09-25,2026-09-25 03:12:43.211006,7C444D,P28A,PIPER AIRCRAFT CORP,PA-28-181,d8ca3e90afb3bc1d4dca52ed572384b0662a75fc6da6c43081f935eb45116e9f,True,2
70085,24531,240926_ML.npy,2026-09-25,2026-09-25 03:12:45.738473,7C444D,P28A,PIPER AIRCRAFT CORP,PA-28-181,d8ca3e90afb3bc1d4dca52ed572384b0662a75fc6da6c43081f935eb45116e9f,True,4
70086,24532,240926_ML.npy,2026-09-25,2026-09-25 03:12:46.558298,7C444D,P28A,PIPER AIRCRAFT CORP,PA-28-181,311874f7deb4ede7c113420db26bb8b88538188e2d8242ce3cebe663f8825180,True,4
70088,24534,240926_ML.npy,2026-09-25,2026-09-25 03:12:46.991747,7C444D,P28A,PIPER AIRCRAFT CORP,PA-28-181,d2831ab0609428ab09fc5150f94951f8cb5e17c286d4d3617947bac89a96d07c,True,2
70089,24535,240926_ML.npy,2026-09-25,2026-09-25 03:12:47.041931,7C444D,P28A,PIPER AIRCRAFT CORP,PA-28-181,5365d5b39041578bd97b453478d5b5786b010413fef829fa7bf4905e6936a9cd,True,5
70091,24537,240926_ML.npy,2026-09-25,2026-09-25 03:12:47.411924,7C444D,P28A,PIPER AIRCRAFT CORP,PA-28-181,0c8002b5f09c2a0ccc417df1a7e8f4e68d9a2ac2453bd5dbfd59452106ec4c8b,True,2
70093,24539,240926_ML.npy,2026-09-25,2026-09-25 03:12:48.083975,7C444D,P28A,PIPER AIRCRAFT CORP,PA-28-181,3cf22b3b541631677bc6a67c962fa4a83cfbcecd1200e847ae69743f5d657b2e,True,4
70096,24542,240926_ML.npy,2026-09-25,2026-09-25 03:12:49.633773,7C444D,P28A,PIPER AIRCRAFT CORP,PA-28-181,6ab283542b3d8a46aeb90155d30a8338069c35d92a62ccdc97fa7c476506ab78,True,4
70098,24544,240926_ML.npy,2026-09-25,2026-09-25 03:12:50.453644,7C444D,P28A,PIPER AIRCRAFT CORP,PA-28-181,9a82c5b149c294206bcfae4c01eff43ae1b6736a5ca2f533c8e48f8a62da64c0,True,5
70099,24545,240926_ML.npy,2026-09-25,2026-09-25 03:12:50.789492,7C444D,P28A,PIPER AIRCRAFT CORP,PA-28-181,d8ca3e90afb3bc1d4dca52ed572384b0662a75fc6da6c43081f935eb45116e9f,True,3
70101,24547,240926_ML.npy,2026-09-25,2026-09-25 03:12:51.383546,7C444D,P28A,PIPER AIRCRAFT CORP,PA-28-181,3a646f11a568b397436ce3f93e2b7e2f00129aa899e10e58e5a6a4672ddff533,True,5
70102,24548,240926_ML.npy,2026-09-25,2026-09-25 03:12:52.773259,7C444D,P28A,PIPER AIRCRAFT CORP,PA-28-181,adf9144dae04e9683fd6656283230905c93afa510488ecbe22e9060d334094a5,True,1
70104,24550,240926_ML.npy,2026-09-25,2026-09-25 03:12:57.014404,7C444D,P28A,PIPER AIRCRAFT CORP,PA-28-181,3d7179d1201e90f12048d82b5ca110b5ae44c5bf1286b8ac967168b7feb87898,True,3
70105,24551,240926_ML.npy,2026-09-25,2026-09-25 03:13:00.037709,7C444D,P28A,PIPER AIRCRAFT CORP,PA-28-181,c3c7443f5a931af7c16146c6f4b0ac2b50533cdfcb6d230486c5ced45f9ed724,True,1
70106,24552,240926_ML.npy,2026-09-25,2026-09-25 03:13:00.801208,7C444D,P28A,PIPER AIRCRAFT CORP,PA-28-181,d8ca3e90afb3bc1d4dca52ed572384b0662a75fc6da6c43081f935eb45116e9f,True,3
70107,24553,240926_ML.npy,2026-09-25,2026-09-25 03:13:01.571145,7C444D,P28A,PIPER AIRCRAFT CORP,PA-28-181,35f79300bb7fc26a6d7f0da753d9ab4341c0d94c342bf69c357309fefc38577b,True,2
70108,24554,240926_ML.npy,2026-09-25,2026-09-25 03:13:02.621157,7C444D,P28A,PIPER AIRCRAFT CORP,PA-28-181,0ee5c3f53c83e5e60087fac252d8014149831afeb41b884aefe01621cf704bac,True,5
70109,24555,240926_ML.npy,2026-09-25,2026-09-25 03:13:02.787253,7C444D,P28A,PIPER AIRCRAFT CORP,PA-28-181,bdbea92283397c39fbb177d0e95a1912f7416a11383c2ccf93c282201996d94c,True,1
70110,24556,240926_ML.npy,2026-09-25,2026-09-25 03:13:03.275236,7C444D,P28A,PIPER AIRCRAFT CORP,PA-28-181,d8ca3e90afb3bc1d4dca52ed572384b0662a75fc6da6c43081f935eb45116e9f,True,5
70111,24557,240926_ML.npy,2026-09-25,2026-09-25 03:13:04.186553,7C444D,P28A,PIPER AIRCRAFT CORP,PA-28-181,7da84690f7f117eeb643ed82730e384492ef6e0132d7a075bf8bff399f6f1cbe,True,4
70112,24558,240926_ML.npy,2026-09-25,2026-09-25 03:13:06.706502,7C444D,P28A,PIPER AIRCRAFT CORP,PA-28-181,1be80db1d48484efbb884bd305a8ed7b4cc27175436a5c84b5525e50449b11b6,True,3
70113,24559,240926_ML.npy,2026-09-25,2026-09-25 03:13:07.032455,7C444D,P28A,PIPER AIRCRAFT CORP,PA-28-181,be506bbcbc7cd575b3c0aba5474e2d75a0ad57eecc6d8b21b745ce14ce441a05,True,5
70114,24560,240926_ML.npy,2026-09-25,2026-09-25 03:13:08.689720,7C444D,P28A,PIPER AIRCRAFT CORP,PA-28-181,2c7e236887bd9b146511eacf4b08e7a6021ee4922d6eaf2352c414161bcf9592,True,3
70115,24561,240926_ML.npy,2026-09-25,2026-09-25 03:13:10.255799,7C444D,P28A,PIPER AIRCRAFT CORP,PA-28-181,57c4ce69379e5705a4d0c0e81b434b7c3686f140103769e1666d826d55522209,True,2
70116,24562,240926_ML.npy,2026-09-25,2026-09-25 03:13:10.863826,7C444D,P28A,PIPER AIRCRAFT CORP,PA-28-181,d0a4b5d81fd839aa57b6c4c9e85404365f47b0f974e6c290411d5684e78fea0b,True,2
70129,24575,240926_ML.npy,2026-09-25,2026-09-25 03:14:50.229338,7C0077,DA40,DIAMOND AIRCRAFT INDUSTRIES INC.,DA 40,935c8c7ba352f3af0b68dd09456039617460692ce2c89b1629ce1cb015328021,True,3
70160,24606,240926_ML.npy,2026-09-25,2026-09-25 03:15:39.351258,7C67D3,C172,CESSNA AIRCRAFT COMPANY,172S,249b340a607083945ce88a7b68a38fd7ef8fc4de43814e6a71c55d7c6d458c32,True,4
70161,24607,240926_ML.npy,2026-09-25,2026-09-25 03:15:42.094628,7C67D3,C172,CESSNA AIRCRAFT COMPANY,172S,294aadbe0df5188ede57fd712fc297c89649c3c2a8729c75e7b5587d2b126fe2,True,5
70162,24608,240926_ML.npy,2026-09-25,2026-09-25 03:15:42.098234,7C67D3,C172,CESSNA AIRCRAFT COMPANY,172S,1b597f54e8c157901bc96e53e1b3cd3180f7bc67800b2cca5af7b46ecfc20af5,True,4
70175,24621,240926_ML.npy,2026-09-25,2026-09-25 03:15:51.602400,7C67D3,C172,CESSNA AIRCRAFT COMPANY,172S,b36d3116ede8beef1c53d35c8b960beb8d1eb742b35f46cd5ac20a3aede919ee,True,4
70181,24627,240926_ML.npy,2026-09-25,2026-09-25 03:15:58.732065,7C67D3,C172,CESSNA AIRCRAFT COMPANY,172S,57e047f48bb6f20e4c9f41884977a60bb06d0eb7e2f7304060f62bf1cc9e38d1,True,3
70185,24631,240926_ML.npy,2026-09-25,2026-09-25 03:16:01.204657,7C7B65,DA40,DIAMOND AIRCRAFT INDUSTRIES INC.,DA 40,e2b632ebe44e2d1fc54934bcca3130c8f54f92060177e3ef3a13a7a327497eac,True,2
70197,24643,240926_ML.npy,2026-09-25,2026-09-25 03:16:06.714719,7C67D3,C172,CESSNA AIRCRAFT COMPANY,172S,c0b892088d3e2c123ed93145d83afbf9ad7993fd54e383437a91a1e28e33ffcb,True,1
70198,24644,240926_ML.npy,2026-09-25,2026-09-25 03:16:10.218496,7C67D3,C172,CESSNA AIRCRAFT COMPANY,172S,98859d8ea52d3abc13b89f0cfa5ce70c558330590022b9c06eec1825df9c2c73,True,2
70209,24655,240926_ML.npy,2026-09-25,2026-09-25 03:16:17.379238,7C67D3,C172,CESSNA AIRCRAFT COMPANY,172S,2b14139e84ece06c9dca7fbe207b793c2400659196307afddc7322b7700dca3b,True,5
70216,24662,240926_ML.npy,2026-09-25,2026-09-25 03:16:19.402346,7C67D3,C172,CESSNA AIRCRAFT COMPANY,172S,3e4fd73616ac454dc29fdba407e50dab03b0ca3d7e2c2e0828d5e9519023ca3f,True,4
70221,24667,240926_ML.npy,2026-09-25,2026-09-25 03:16:23.696032,7C7B65,DA40,DIAMOND AIRCRAFT INDUSTRIES INC.,DA 40,c547044bdbf1ed9b5d686171faa491a86bbf70337405d6c7cb9fe99fc49199c9,True,2
70229,24675,240926_ML.npy,2026-09-25,2026-09-25 03:16:30.647114,7C67D3,C172,CESSNA AIRCRAFT COMPANY,172S,f6b7261aea2199ee0db51e6add15c1240d27886185e5c3b336770c434e65c3a0,True,5
70231,24677,240926_ML.npy,2026-09-25,2026-09-25 03:16:31.662220,7C67D3,C172,CESSNA AIRCRAFT COMPANY,172S,583baeb1f5e0ad04c6ce7757a4a3a87418733ae89a0bf32ae3e19c093aba282a,True,4
70242,24688,240926_ML.npy,2026-09-25,2026-09-25 03:16:39.824627,7C67D3,C172,CESSNA AIRCRAFT COMPANY,172S,e3c20ab57b64d3807d8bfd12caadf362813048bb2306c03939fa565016823172,True,1
70243,24689,240926_ML.npy,2026-09-25,2026-09-25 03:16:39.828078,7C67D3,C172,CESSNA AIRCRAFT COMPANY,172S,ca3742597424f0ad1909490f49d5feaa60ef9916b783dad73dbf4cc9e2479b16,True,3
70250,24696,240926_ML.npy,2026-09-25,2026-09-25 03:16:52.522982,7C67D3,C172,CESSNA AIRCRAFT COMPANY,172S,35e08f0d94c4ced2c84ccaf92bc84beb58a4e435e7c7eb0169186d9c90cf12d8,True,1
70252,24698,240926_ML.npy,2026-09-25,2026-09-25 03:16:52.656979,7C67D3,C172,CESSNA AIRCRAFT COMPANY,172S,b36d3116ede8beef1c53d35c8b960beb8d1eb742b35f46cd5ac20a3aede919ee,True,3
70253,24699,240926_ML.npy,2026-09-25,2026-09-25 03:16:56.193193,7C67D3,C172,CESSNA AIRCRAFT COMPANY,172S,8def11d3889fe348e09072b7dd4a8212a067db3a72786e7ffee7389625d0bb6c,True,3
70274,24720,240926_ML.npy,2026-09-25,2026-09-25 03:17:11.305628,7C67D3,C172,CESSNA AIRCRAFT COMPANY,172S,c0b892088d3e2c123ed93145d83afbf9ad7993fd54e383437a91a1e28e33ffcb,True,3
70280,24726,240926_ML.npy,2026-09-25,2026-09-25 03:17:13.401778,7C41FD,DA40,DIAMOND AIRCRAFT INDUSTRIES INC.,DA 40,ca3c431819122b2a9e842a54a6e771d97c78dfd9bf3576dcd5186f0cefafb50c,True,5
70320,24766,240926_ML.npy,2026-09-25,2026-09-25 03:17:41.680429,7C41FD,DA40,DIAMOND AIRCRAFT INDUSTRIES INC.,DA 40,9f612b7588f45424552587abb390898d103e9e9066fd6062f94403d3e71f902d,True,3
70340,24786,240926_ML.npy,2026-09-25,2026-09-25 03:19:25.952612,7C41FD,DA40,DIAMOND AIRCRAFT INDUSTRIES INC.,DA 40,953306c8700b340cfa2d8b304d94d820f4458200b250ec386237170763e3f3ef,True,1
70350,24796,240926_ML.npy,2026-09-25,2026-09-25 03:19:58.074579,7C0077,DA40,DIAMOND AIRCRAFT INDUSTRIES INC.,DA 40,b1279b7d1de5aa32700aae4a7c6ddff460155e3e48218dbd52008a246006369d,True,4
70381,24827,240926_ML.npy,2026-09-25,2026-09-25 03:21:10.354136,7C7B65,DA40,DIAMOND AIRCRAFT INDUSTRIES INC.,DA 40,2b576b5c1339b73ce99ebab3c3c30cc40d4e54264e82c356a29992447fc2a2fa,True,5
70384,24830,240926_ML.npy,2026-09-25,2026-09-25 03:21:21.597712,7C7B65,DA40,DIAMOND AIRCRAFT INDUSTRIES INC.,DA 40,64fa4bc5fc25276ed0bef83865d5d67ce5d08b13c69205efd840314bf26c4004,True,2
70389,24835,240926_ML.npy,2026-09-25,2026-09-25 03:23:32.388225,7C7B55,DA40,DIAMOND AIRCRAFT INDUSTRIES INC.,DA 40,1455c31fb6887706483e1cdcdfbe291a84f50346cd68e08507eda92be1556600,True,1
70410,24856,240926_ML.npy,2026-09-25,2026-09-25 03:23:55.107454,7C7B55,DA40,DIAMOND AIRCRAFT INDUSTRIES INC.,DA 40,df7d8428de1ab03c4fa32692531bd0a944201f9c715b5e91bbe8ba2fb83faba1,True,5
70427,24873,240926_ML.npy,2026-09-25,2026-09-25 03:24:35.431407,7C0077,DA40,DIAMOND AIRCRAFT INDUSTRIES INC.,DA 40,e31a455540a823a22d54caf59d63e6a42afcc3bed7b873f12ed2c7143d09be04,True,3
70439,24885,240926_ML.npy,2026-09-25,2026-09-25 03:24:45.856578,7C0077,DA40,DIAMOND AIRCRAFT INDUSTRIES INC.,DA 40,f4147a12f22f89ff39e97e571a084e151beda1f265884727b1583141fc46b658,True,5
70446,24892,240926_ML.npy,2026-09-25,2026-09-25 03:24:51.163066,7C0077,DA40,DIAMOND AIRCRAFT INDUSTRIES INC.,DA 40,c9c5d80dabbc624ceed551f9111b356da05635043d45d740b7f051065f0c19c6,True,2
70475,24921,240926_ML.npy,2026-09-25,2026-09-25 03:25:55.674108,7C7B65,DA40,DIAMOND AIRCRAFT INDUSTRIES INC.,DA 40,0189af1c4a5d0b2537f4647c68b655dfab430023030de7987203b1ed9b2f1d13,True,4
70484,24930,240926_ML.npy,2026-09-25,2026-09-25 03:26:10.879604,7C7B65,DA40,DIAMOND AIRCRAFT INDUSTRIES INC.,DA 40,a2e586ea4d4c104968fbd1a45d805ad095a7ee5e73667ccf28f02bb6f3fe9d4c,True,1
70490,24936,240926_ML.npy,2026-09-25,2026-09-25 03:26:22.476766,7C7B65,DA40,DIAMOND AIRCRAFT INDUSTRIES INC.,DA 40,01821b475afeb20cd6cc3fb4215c0e9386245904db42e252b98962b4c8eef4b4,True,2
70494,24940,240926_ML.npy,2026-09-25,2026-09-25 03:26:24.841300,7C7B65,DA40,DIAMOND AIRCRAFT INDUSTRIES INC.,DA 40,01821b475afeb20cd6cc3fb4215c0e9386245904db42e252b98962b4c8eef4b4,True,4
70496,24942,240926_ML.npy,2026-09-25,2026-09-25 03:26:27.961115,7C7B65,DA40,DIAMOND AIRCRAFT INDUSTRIES INC.,DA 40,a8badb31c4cf4e52791d9ac4139a3f5cff30175ce366511ac3848a4c8c0e2ec5,True,3
70521,24967,240926_ML.npy,2026-09-25,2026-09-25 03:30:59.915853,7C7B65,DA40,DIAMOND AIRCRAFT INDUSTRIES INC.,DA 40,6b57b10134bdab70a088ff6db41de25f45b0d817fbabe63d4d71ba18c4900e87,True,5
70522,24968,240926_ML.npy,2026-09-25,2026-09-25 03:31:00.334862,7C7B65,DA40,DIAMOND AIRCRAFT INDUSTRIES INC.,DA 40,28327a27e13f8a9c5d0de89e887c3a74c8a6a470e815c0122ce7adfde120b333,True,4
70542,24988,240926_ML.npy,2026-09-25,2026-09-25 03:31:40.059058,7C7AEF,DA40,DIAMOND AIRCRAFT INDUSTRIES INC.,DA 40,904e2a3aefac55f7889d2b630b9400041c56d08197d2278a73864ed32725c4c9,True,2
70545,24991,240926_ML.npy,2026-09-25,2026-09-25 03:31:48.328867,7C7AEF,DA40,DIAMOND AIRCRAFT INDUSTRIES INC.,DA 40,c0d92fa346a61a62ce4338cbb4791ee228f38e255052579031c1126bb3bbc798,True,4
70550,24996,240926_ML.npy,2026-09-25,2026-09-25 03:31:52.640648,7C7AEF,DA40,DIAMOND AIRCRAFT INDUSTRIES INC.,DA 40,51e32c281f10a7fec5b338bae3866fbff788c2fb49297d76c7fe2c9afcfe9130,True,1
70551,24997,240926_ML.npy,2026-09-25,2026-09-25 03:31:53.652423,7C7AEF,DA40,DIAMOND AIRCRAFT INDUSTRIES INC.,DA 40,3e881edf3b88a2e327c1a3b4ac39bcc14d3ff2a21566fc2d02b2cb0f5190711a,True,1
70557,25003,240926_ML.npy,2026-09-25,2026-09-25 03:32:02.208028,7C7AEF,DA40,DIAMOND AIRCRAFT INDUSTRIES INC.,DA 40,1f676d1af11da7c318bff53f57221cd529e73165d44834ac3c42e849795b4c1e,True,2
70563,25009,240926_ML.npy,2026-09-25,2026-09-25 03:32:08.461660,7C7AEF,DA40,DIAMOND AIRCRAFT INDUSTRIES INC.,DA 40,82e17497d06503acc54206c67937619fd7d2acaf6c8749fb5105172f191b8cad,True,4
70568,25014,240926_ML.npy,2026-09-25,2026-09-25 03:32:46.282058,7C444D,P28A,PIPER AIRCRAFT CORP,PA-28-181,02b394ea420fb1e47e21e932ab1d79d43d0f4341ead81429635b9455cd1f4fb8,True,1
70569,25015,240926_ML.npy,2026-09-25,2026-09-25 03:32:47.889485,7C444D,P28A,PIPER AIRCRAFT CORP,PA-28-181,63f5b41bfb11bdd38e2ff6642bb12b0130ae5df902ad8d0a440e6c55e1528a1e,True,5
70570,25016,240926_ML.npy,2026-09-25,2026-09-25 03:32:49.097272,7C444D,P28A,PIPER AIRCRAFT CORP,PA-28-181,b833069fee940168e0fd4401c89edcbef4107963cf7ac1d16e842a69c6d56012,True,2
70571,25017,240926_ML.npy,2026-09-25,2026-09-25 03:33:22.164745,7C444D,P28A,PIPER AIRCRAFT CORP,PA-28-181,7f901a1fdb4736e127f7cdabbb0ef430749bb5d5b8aaf13a2501f44cbe09791f,True,3
70572,25018,240926_ML.npy,2026-09-25,2026-09-25 03:33:22.396977,7C444D,P28A,PIPER AIRCRAFT CORP,PA-28-181,9deeeafe4f2cdd8752c8d685ecc4c9014d7b1d35fbe78e48f7435f4d25084d07,True,4
70573,25019,240926_ML.npy,2026-09-25,2026-09-25 03:33:22.982579,7C444D,P28A,PIPER AIRCRAFT CORP,PA-28-181,0a712d93c3b436632b6313eca8379ae14858b33e3b9968582f2fdcbbff01ea49,True,3
70574,25020,240926_ML.npy,2026-09-25,2026-09-25 03:33:24.380154,7C444D,P28A,PIPER AIRCRAFT CORP,PA-28-181,8ffe7c64d4bd9fc7ff8452bfb3d95c05f2f358fbc79dd3dddc0b466dd5604273,True,4
70575,25021,240926_ML.npy,2026-09-25,2026-09-25 03:34:06.142021,7C0D65,DA42,DIAMOND AIRCRAFT INDUSTRIES INC.,DA 42,5ed501bfe064cca63626010aabda8f5f7fa7a8b5a38ac506a5844f904173cc39,True,2
70576,25022,240926_ML.npy,2026-09-25,2026-09-25 03:34:08.131506,7C0D65,DA42,DIAMOND AIRCRAFT INDUSTRIES INC.,DA 42,04b686c1dec303818333a823dea86669591a2b34efd8efd724eb57585ffe13ec,True,1
70577,25023,240926_ML.npy,2026-09-25,2026-09-25 03:34:09.932763,7C0D65,DA42,DIAMOND AIRCRAFT INDUSTRIES INC.,DA 42,5ed501bfe064cca63626010aabda8f5f7fa7a8b5a38ac506a5844f904173cc39,True,3
70578,25024,240926_ML.npy,2026-09-25,2026-09-25 03:34:10.361335,7C0D65,DA42,DIAMOND AIRCRAFT INDUSTRIES INC.,DA 42,6cbe5135f36b61942b47fcd55f0049194b966df7560f6a396fa7eeaa8b6ab050,True,3
70579,25025,240926_ML.npy,2026-09-25,2026-09-25 03:34:12.207078,7C0D65,DA42,DIAMOND AIRCRAFT INDUSTRIES INC.,DA 42,b2b50479c9b95de45f6286e62a688ec3e192a09642fd56c3fb4d8dee3d9fa296,True,4
70580,25026,240926_ML.npy,2026-09-25,2026-09-25 03:34:12.214156,7C0D65,DA42,DIAMOND AIRCRAFT INDUSTRIES INC.,DA 42,c0b51a242f146eb2da2b76fdea7556ef89395edd8d91868cf81fae5e9545dfd7,True,4
70582,25028,240926_ML.npy,2026-09-25,2026-09-25 03:34:13.731682,7C0D65,DA42,DIAMOND AIRCRAFT INDUSTRIES INC.,DA 42,0c3da24fc65e0e9c1721523b3a2671a832d8d3243125af51ea57d0e6211f27e9,True,1
70585,25031,240926_ML.npy,2026-09-25,2026-09-25 03:34:15.874612,7C0D65,DA42,DIAMOND AIRCRAFT INDUSTRIES INC.,DA 42,abe8b7f5346ba22e6ba1b84245e4fbd389abaa1d1f9f0374d7b2d4d99fe0e471,True,2
70587,25033,240926_ML.npy,2026-09-25,2026-09-25 03:34:22.908344,7C0D65,DA42,DIAMOND AIRCRAFT INDUSTRIES INC.,DA 42,0a98e7380ab9950f0c43879253e5491e5a87a4427d023a5e5a3ec35261661325,True,4
70588,25034,240926_ML.npy,2026-09-25,2026-09-25 03:34:22.914588,7C0D65,DA42,DIAMOND AIRCRAFT INDUSTRIES INC.,DA 42,40ed13bc34303e5a8f61e98820c51fa36f2e718ef37db36f9603b8a559d7f0b0,True,5
70589,25035,240926_ML.npy,2026-09-25,2026-09-25 03:34:23.465403,7C0D65,DA42,DIAMOND AIRCRAFT INDUSTRIES INC.,DA 42,04b686c1dec303818333a823dea86669591a2b34efd8efd724eb57585ffe13ec,True,3
70591,25037,240926_ML.npy,2026-09-25,2026-09-25 03:34:26.160779,7C0D65,DA42,DIAMOND AIRCRAFT INDUSTRIES INC.,DA 42,5ed501bfe064cca63626010aabda8f5f7fa7a8b5a38ac506a5844f904173cc39,True,1
70592,25038,240926_ML.npy,2026-09-25,2026-09-25 03:34:28.392189,7C0D65,DA42,DIAMOND AIRCRAFT INDUSTRIES INC.,DA 42,04b686c1dec303818333a823dea86669591a2b34efd8efd724eb57585ffe13ec,True,2
70593,25039,240926_ML.npy,2026-09-25,2026-09-25 03:34:28.628259,7C0D65,DA42,DIAMOND AIRCRAFT INDUSTRIES INC.,DA 42,5ed501bfe064cca63626010aabda8f5f7fa7a8b5a38ac506a5844f904173cc39,True,5
70598,25044,240926_ML.npy,2026-09-25,2026-09-25 03:34:38.540612,7C0D65,DA42,DIAMOND AIRCRAFT INDUSTRIES INC.,DA 42,5ed501bfe064cca63626010aabda8f5f7fa7a8b5a38ac506a5844f904173cc39,True,2
70599,25045,240926_ML.npy,2026-09-25,2026-09-25 03:34:38.794695,7C0D65,DA42,DIAMOND AIRCRAFT INDUSTRIES INC.,DA 42,874d920b70495567fa1f6cd390a3a2abc2fa06b0b9eee087bd26bd9714faebc0,True,5
70601,25047,240926_ML.npy,2026-09-25,2026-09-25 03:34:39.354182,7C0D65,DA42,DIAMOND AIRCRAFT INDUSTRIES INC.,DA 42,a18382b88bc078c380005c1ff5cbd016f2e37d7075cc7413f15e9b1ea71b56c6,True,3
70604,25050,240926_ML.npy,2026-09-25,2026-09-25 03:34:41.011419,7C0D65,DA42,DIAMOND AIRCRAFT INDUSTRIES INC.,DA 42,5ed501bfe064cca63626010aabda8f5f7fa7a8b5a38ac506a5844f904173cc39,True,3
70608,25054,240926_ML.npy,2026-09-25,2026-09-25 03:34:45.646594,7C7B65,DA40,DIAMOND AIRCRAFT INDUSTRIES INC.,DA 40,4f8a0acbaa7b781e712cd9f0f19af2582425b8f4832e3ad4787c353de34bbd1c,True,3
70611,25057,240926_ML.npy,2026-09-25,2026-09-25 03:34:46.410303,7C0D65,DA42,DIAMOND AIRCRAFT INDUSTRIES INC.,DA 42,c5513b480e40858b728c77b500d16d38f23876403bf08d7a3551ed91bd1f0d77,True,2
70612,25058,240926_ML.npy,2026-09-25,2026-09-25 03:34:47.840489,7C0D65,DA42,DIAMOND AIRCRAFT INDUSTRIES INC.,DA 42,cb01c4ac0b11188466677ea8ecb7e4c09530cf48158fb9954680adbfb5583fc6,True,2
70618,25064,240926_ML.npy,2026-09-25,2026-09-25 03:34:53.400614,7C0D65,DA42,DIAMOND AIRCRAFT INDUSTRIES INC.,DA 42,2d9d4ef32367ff97c49953ef2179ffbf06fdf14e5f122f462015eba13a07fe0a,True,1
70619,25065,240926_ML.npy,2026-09-25,2026-09-25 03:34:53.407329,7C0D65,DA42,DIAMOND AIRCRAFT INDUSTRIES INC.,DA 42,c6aafbf66ee5fa15e1f9319a1d0484280093a5c462692c0fcd410aa34662da1b,True,2
70623,25069,240926_ML.npy,2026-09-25,2026-09-25 03:34:55.685648,7C0D65,DA42,DIAMOND AIRCRAFT INDUSTRIES INC.,DA 42,46a55cf63f65a70563cb28ba7a4dfb699c0a4e36e894610fd8529a52ddc28b41,True,4
70627,25073,240926_ML.npy,2026-09-25,2026-09-25 03:34:59.554370,7C0D65,DA42,DIAMOND AIRCRAFT INDUSTRIES INC.,DA 42,5ed501bfe064cca63626010aabda8f5f7fa7a8b5a38ac506a5844f904173cc39,True,2
70633,25079,240926_ML.npy,2026-09-25,2026-09-25 03:35:04.224025,7C7B65,DA40,DIAMOND AIRCRAFT INDUSTRIES INC.,DA 40,547b7d8725e063154e28a339923ab299a8f046a24cce50081872daa79fb80eb4,True,3
70644,25090,240926_ML.npy,2026-09-25,2026-09-25 03:35:17.934623,7C0D65,DA42,DIAMOND AIRCRAFT INDUSTRIES INC.,DA 42,edbcfcfcdf4cac9c4118eda1c75217dc330a1c40adbe2b69d5c9db1263d16e25,True,1
70667,25113,240926_ML.npy,2026-09-25,2026-09-25 03:36:25.650191,7C7AEF,DA40,DIAMOND AIRCRAFT INDUSTRIES INC.,DA 40,c6a8e1b82deebf6ea0cef4c177a12476687530aa249a0cd83bfc10ac1fc30069,True,5
70693,25139,240926_ML.npy,2026-09-25,2026-09-25 03:41:19.125250,7C7AEF,DA40,DIAMOND AIRCRAFT INDUSTRIES INC.,DA 40,743d66fb32afb1dec6ead3c13f944ea77a16a97b0934075d98e22732eea898ef,True,4
70700,25146,240926_ML.npy,2026-09-25,2026-09-25 03:41:29.686715,7C7AEF,DA40,DIAMOND AIRCRAFT INDUSTRIES INC.,DA 40,53e873bb03ffea26fa786e5b2a4a53be3e819a8fdfe215acfe61ce594f1b92da,True,4
70704,25150,240926_ML.npy,2026-09-25,2026-09-25 03:41:33.132483,7C7AEF,DA40,DIAMOND AIRCRAFT INDUSTRIES INC.,DA 40,259951c7b8c579efb69359d65270aa8f6014a159b99a7961c9429add17c5e6f7,True,2
70771,25217,240926_ML.npy,2026-09-25,2026-09-25 03:46:24.629463,7C7AEF,DA40,DIAMOND AIRCRAFT INDUSTRIES INC.,DA 40,5521f2ae65e4231897328ce9e73147e4b3b4ffaffc9cccf10ae591802f99ef7d,True,1
70776,25222,240926_ML.npy,2026-09-25,2026-09-25 03:46:30.581235,7C7AEF,DA40,DIAMOND AIRCRAFT INDUSTRIES INC.,DA 40,c6a8e1b82deebf6ea0cef4c177a12476687530aa249a0cd83bfc10ac1fc30069,True,5
70849,25295,240926_ML.npy,2026-09-25,2026-09-25 03:51:09.760669,7C168D,DA40,DIAMOND AIRCRAFT INDUSTRIES INC.,DA 40,16466d68cf8926444b399178a580d1243155e3a645737cfc5953f333c6224dff,True,5
70855,25301,240926_ML.npy,2026-09-25,2026-09-25 03:51:13.862292,7C168D,DA40,DIAMOND AIRCRAFT INDUSTRIES INC.,DA 40,aa449ce0b8cfe798051a8db91a9d008ab016b49f2f006255ec5bbae3e14dec29,True,5
70880,25326,240926_ML.npy,2026-09-25,2026-09-25 03:51:36.757248,7C7AEF,DA40,DIAMOND AIRCRAFT INDUSTRIES INC.,DA 40,c3872ed99a75ddf3e0a382c08e4c4069729ec9bb7b26e60360ef96db965969a5,True,2
70889,25335,240926_ML.npy,2026-09-25,2026-09-25 03:51:51.358646,7C168D,DA40,DIAMOND AIRCRAFT INDUSTRIES INC.,DA 40,af1f7107dcf2d5744bf813babf4fb2e28a351186c079778c06114add50598cf9,True,3
70898,25344,240926_ML.npy,2026-09-25,2026-09-25 03:54:28.589193,7C7C39,DA40,DIAMOND AIRCRAFT INDUSTRIES INC.,DA 40,071971af54d05a322dd523a702875fcb94187d179327875a70ac6ea538de410f,True,1
70921,25367,240926_ML.npy,2026-09-25,2026-09-25 03:54:38.621905,7C7B65,DA40,DIAMOND AIRCRAFT INDUSTRIES INC.,DA 40,1050d7ead03e40c4cdc4b0c3c891cd770c5629470eb1f4964fbda3e654507f54,True,1
70923,25369,240926_ML.npy,2026-09-25,2026-09-25 03:54:39.589098,7C7C39,DA40,DIAMOND AIRCRAFT INDUSTRIES INC.,DA 40,8e858c52fe495a0e232d022847d339348a5d0e14afcc3e7a2eb2ae6be8d0295e,True,4
70932,25378,240926_ML.npy,2026-09-25,2026-09-25 03:54:49.463813,7C7C39,DA40,DIAMOND AIRCRAFT INDUSTRIES INC.,DA 40,8e858c52fe495a0e232d022847d339348a5d0e14afcc3e7a2eb2ae6be8d0295e,True,2
70935,25381,240926_ML.npy,2026-09-25,2026-09-25 03:54:50.744153,7C7C39,DA40,DIAMOND AIRCRAFT INDUSTRIES INC.,DA 40,9fe1a39339003f359ae85a31ddb5d957c29aeb2451f2d74b86f9e6bc9e2e0b43,True,1
70939,25385,240926_ML.npy,2026-09-25,2026-09-25 03:54:57.828252,7C7C39,DA40,DIAMOND AIRCRAFT INDUSTRIES INC.,DA 40,307ab048fe803d64646157c2c615cf2ee25fbe05a1e963f23b0a22441f1e91de,True,1
70948,25394,240926_ML.npy,2026-09-25,2026-09-25 03:55:10.902781,7C6C18,C172,CESSNA AIRCRAFT COMPANY,172S,e4fde3f5ff7de770aa047902f3c0b34627d3bb572cf96178a91709b715309da2,True,3
70950,25396,240926_ML.npy,2026-09-25,2026-09-25 03:55:12.832942,7C6C18,C172,CESSNA AIRCRAFT COMPANY,172S,99057969608e56132f96cf378622ae12b19c27412af2300b6059ae5e2b286f1e,True,2
70963,25409,240926_ML.npy,2026-09-25,2026-09-25 03:55:32.548245,7C7AEF,DA40,DIAMOND AIRCRAFT INDUSTRIES INC.,DA 40,78b0d33b20845b470552846082a009476c48992d077b1b46d293abddaea4c2c4,True,2
70965,25411,240926_ML.npy,2026-09-25,2026-09-25 03:55:32.821862,7C6C18,C172,CESSNA AIRCRAFT COMPANY,172S,106e5a88cc24a1edcdb9cca165917a30d48c8963ee725a900ab451a9fbf26a11,True,4
70972,25418,240926_ML.npy,2026-09-25,2026-09-25 03:55:35.529346,7C6C18,C172,CESSNA AIRCRAFT COMPANY,172S,e9a5332ca373c417b006434d3cbd2690cb0b757c78e0b23968e7e7cbecd7a536,True,5
70973,25419,240926_ML.npy,2026-09-25,2026-09-25 03:55:35.706501,7C6C18,C172,CESSNA AIRCRAFT COMPANY,172S,e4fde3f5ff7de770aa047902f3c0b34627d3bb572cf96178a91709b715309da2,True,5
70975,25421,240926_ML.npy,2026-09-25,2026-09-25 03:55:36.209829,7C7AEF,DA40,DIAMOND AIRCRAFT INDUSTRIES INC.,DA 40,80c50ce5dbfbf1f93ca9df78abf787a5030adb8071da0f3437db0a1a1d6c9f2b,True,5
70992,25438,240926_ML.npy,2026-09-25,2026-09-25 03:55:46.864057,7C6C18,C172,CESSNA AIRCRAFT COMPANY,172S,cf8a9b6fef172036461d56decc0fd18192c6609a0cc5d9e8b9f3eeffa899cf18,True,4
71003,25449,240926_ML.npy,2026-09-25,2026-09-25 03:55:57.651404,7C41FD,DA40,DIAMOND AIRCRAFT INDUSTRIES INC.,DA 40,272184d0d363493a6a882d6c8d129563d5cacd94bc33740b6ee1fddf987de1cb,True,5
71014,25460,240926_ML.npy,2026-09-25,2026-09-25 03:56:04.017537,7C7AEF,DA40,DIAMOND AIRCRAFT INDUSTRIES INC.,DA 40,be5e69a3fd428c7451a96a5120d3d1f4d4ff0551a6b49b369257564fe46d1ea4,True,3
71018,25464,240926_ML.npy,2026-09-25,2026-09-25 03:56:06.700261,7C6C18,C172,CESSNA AIRCRAFT COMPANY,172S,f23f34945f6c81b2c4815a2326f75d606ed94a46b38b509ffed0eeee881567c9,True,2
71019,25465,240926_ML.npy,2026-09-25,2026-09-25 03:56:07.962714,7C6C18,C172,CESSNA AIRCRAFT COMPANY,172S,e4fde3f5ff7de770aa047902f3c0b34627d3bb572cf96178a91709b715309da2,True,5
71022,25468,240926_ML.npy,2026-09-25,2026-09-25 03:56:10.314962,7C6C18,C172,CESSNA AIRCRAFT COMPANY,172S,524e29549b9c8560731d1cd055ebc1c54dbbaee46987eb70c6b4b26ae832bf09,True,1
71025,25471,240926_ML.npy,2026-09-25,2026-09-25 03:56:13.246055,7C41FD,DA40,DIAMOND AIRCRAFT INDUSTRIES INC.,DA 40,e13748d948f9be947e350e61d8edd05472c79af457b01d8ad6edec0d58bc1898,True,2
71027,25473,240926_ML.npy,2026-09-25,2026-09-25 03:56:14.900249,7C6C18,C172,CESSNA AIRCRAFT COMPANY,172S,b05a43a9b124c232ebe29b7e59273e4cbd51c5f9e1e4d25b643416b05a734023,True,1
71037,25483,240926_ML.npy,2026-09-25,2026-09-25 03:56:17.892054,7C6C18,C172,CESSNA AIRCRAFT COMPANY,172S,dabd1caac754a2893579ef3ff95e383ed57f03c4ecd41af7c82f04a264ccc570,True,1
71068,25514,240926_ML.npy,2026-09-25,2026-09-25 03:56:42.134098,7C41FD,DA40,DIAMOND AIRCRAFT INDUSTRIES INC.,DA 40,8f464f2b7b7c1b9e962a91569a1ab379dd294d788681e5418c624c23e49cc0fd,True,5
71071,25517,240926_ML.npy,2026-09-25,2026-09-25 03:56:48.977644,7C41FD,DA40,DIAMOND AIRCRAFT INDUSTRIES INC.,DA 40,04cf127ce6037be43d7db04fe0a681fcf3e8189219185f729132a575b7070f69,True,4
71075,25521,240926_ML.npy,2026-09-25,2026-09-25 03:56:50.521952,7C6C18,C172,CESSNA AIRCRAFT COMPANY,172S,60c776fc8474c9981fac3d777483949492ec8cea1c94b2ed7b20974b217f632d,True,4
71076,25522,240926_ML.npy,2026-09-25,2026-09-25 03:56:50.955921,7C6C18,C172,CESSNA AIRCRAFT COMPANY,172S,c52be3b3862fb3cc8889d8e1cf775d8233652707c3d3b16752e8c5b1f9bc1d94,True,5
71139,25585,240926_ML.npy,2026-09-25,2026-09-25 03:59:18.001222,7C7B65,DA40,DIAMOND AIRCRAFT INDUSTRIES INC.,DA 40,0a1bedd03d67d08701dc85d2cb072dda5807af51a62ad78cec299a0015a10ef1,True,5
71142,25588,240926_ML.npy,2026-09-25,2026-09-25 03:59:19.513407,7C7B65,DA40,DIAMOND AIRCRAFT INDUSTRIES INC.,DA 40,0cef7874f9fed755d0099f9126def0438f9a5e5af77944b6e0aa49f7b58e8ea4,True,5
71147,25593,240926_ML.npy,2026-09-25,2026-09-25 03:59:25.012784,7C7B65,DA40,DIAMOND AIRCRAFT INDUSTRIES INC.,DA 40,10c6fba39909aec11a4c5921a404018a672616190e135383486b213db8c43c86,True,4
71153,25599,240926_ML.npy,2026-09-25,2026-09-25 03:59:32.468190,7C7B65,DA40,DIAMOND AIRCRAFT INDUSTRIES INC.,DA 40,db85207bf5ed6230a3fee205243791aa0e1fda30c67b9a56a3296f2ac545613d,True,2
71158,25604,240926_ML.npy,2026-09-25,2026-09-25 03:59:37.518261,7C7B65,DA40,DIAMOND AIRCRAFT INDUSTRIES INC.,DA 40,b6cf3167cd7d134a12f77f4c10380fa305844f19f34ab23fab641e40c0a5b4f1,True,2
71171,25617,240926_ML.npy,2026-09-25,2026-09-25 04:00:16.665132,7C7AEF,DA40,DIAMOND AIRCRAFT INDUSTRIES INC.,DA 40,20ee58d1444c7a019a173e4b117bfb7da4a0a08663d5178f98bc8d3a7e51a040,True,2
71184,25630,240926_ML.npy,2026-09-25,2026-09-25 04:00:48.425086,7C7AEF,DA40,DIAMOND AIRCRAFT INDUSTRIES INC.,DA 40,e0b144db39baf3270fe5bfb9db7916be4920933f18a45ce535cb4dded97743b9,True,5
71194,25640,240926_ML.npy,2026-09-25,2026-09-25 04:01:02.794027,7C7144,C172,CESSNA AIRCRAFT COMPANY,172N,20705c3cf280e5f8574c50e896bb4dc220d0d271304bd878266eeaf3dd1d2cd8,True,4
71218,25664,240926_ML.npy,2026-09-25,2026-09-25 04:01:19.417362,7C6693,DA40,DIAMOND AIRCRAFT INDUSTRIES INC.,DA 40,4dfa9a9c30419f8210086894f0ad8acfe084a93d94ee8c610148b159278c1fce,True,3
71227,25673,240926_ML.npy,2026-09-25,2026-09-25 04:01:25.869057,7C7144,C172,CESSNA AIRCRAFT COMPANY,172N,ab7861a589f72a6a39ac43768986a11b502b37b66d5795e17ec4baee5a05812e,True,2
71235,25681,240926_ML.npy,2026-09-25,2026-09-25 04:01:30.800974,7C7144,C172,CESSNA AIRCRAFT COMPANY,172N,1b7773a1e2745c17355d56ce548f78951fed5eedf95f3cd486eeb5f960708411,True,2
71240,25686,240926_ML.npy,2026-09-25,2026-09-25 04:01:35.157175,7C6693,DA40,DIAMOND AIRCRAFT INDUSTRIES INC.,DA 40,acd15316815dfb65b69f888c6d67ab41e450ba560799ba30a8b4c436c7939a28,True,3
71245,25691,240926_ML.npy,2026-09-25,2026-09-25 04:01:37.325604,7C7144,C172,CESSNA AIRCRAFT COMPANY,172N,097a54e9e1e2b36bd1d2238807351c90bf2b15a3ac7871a56a86c2e5f43909fb,True,1
71291,25737,240926_ML.npy,2026-09-25,2026-09-25 04:02:10.106299,7C7144,C172,CESSNA AIRCRAFT COMPANY,172N,7e0e84a66e5c271eee6c52ac3e83c4bf1441d0a4890446438408cfd956000991,True,2
71298,25744,240926_ML.npy,2026-09-25,2026-09-25 04:02:14.846194,7C7144,C172,CESSNA AIRCRAFT COMPANY,172N,d34796abd2181c45f88a69a0cb5d96f70f23bcfb2f08844d1a0d124b109c3af7,True,4
71302,25748,240926_ML.npy,2026-09-25,2026-09-25 04:02:16.842738,7C7144,C172,CESSNA AIRCRAFT COMPANY,172N,288fd982aa6a35fa2535692a920da724da0a79edf6bb1143d522350e3375ed0e,True,3
71306,25752,240926_ML.npy,2026-09-25,2026-09-25 04:02:19.877262,7C7144,C172,CESSNA AIRCRAFT COMPANY,172N,4d6b2869b9045c24700ad56d2a9739a31e9f89983c587a625a4650167335d203,True,1
71309,25755,240926_ML.npy,2026-09-25,2026-09-25 04:02:20.903856,7C7144,C172,CESSNA AIRCRAFT COMPANY,172N,85280f46e00152a2c467c4358ed0daaa51a09990205df30de037ab2abcebe547,True,2
71310,25756,240926_ML.npy,2026-09-25,2026-09-25 04:02:23.167452,7C1B2A,DA40,DIAMOND AIRCRAFT INDUSTRIES INC.,DA 40,84582e70c7bbba73d0dd5beb64d67ac8eb9bfc56717a518927cdcc9feacc17ac,True,4
71339,25785,240926_ML.npy,2026-09-25,2026-09-25 04:02:57.049236,7C6693,DA40,DIAMOND AIRCRAFT INDUSTRIES INC.,DA 40,eb623c6b20da792a1668955bf1fd1952d41aad0f41ee9ca2d3f0163bc5e8a5fe,True,1
71345,25791,240926_ML.npy,2026-09-25,2026-09-25 04:03:54.642792,7C7B55,DA40,DIAMOND AIRCRAFT INDUSTRIES INC.,DA 40,8af784804d801373a62d95bbb640de88e6cd3fbe6bb164cba436d6916b374399,True,5
71383,25829,240926_ML.npy,2026-09-25,2026-09-25 04:04:33.452751,7C168B,DA40,DIAMOND AIRCRAFT INDUSTRIES INC.,DA 40,3b4240b566f512370d50eb99cc30a8fc56878f7df936b8dd29ef2853e2a4de08,True,3
71389,25835,240926_ML.npy,2026-09-25,2026-09-25 04:04:39.216169,7C168B,DA40,DIAMOND AIRCRAFT INDUSTRIES INC.,DA 40,bc791f4a5ef6d5cb1d57528cd0e8cc7e31b585c00985959deef03be5f17796c6,True,1
71434,25880,240926_ML.npy,2026-09-25,2026-09-25 04:05:35.437258,7C7CF7,C172,CESSNA AIRCRAFT COMPANY,172M,c4cb774ce3d054b9c0e1ba4910d4002f6f23dad291959b9d4d412e972318be28,True,2
71437,25883,240926_ML.npy,2026-09-25,2026-09-25 04:05:38.561046,7C7B55,DA40,DIAMOND AIRCRAFT INDUSTRIES INC.,DA 40,28eeea0ece833c185ba4deaf2b3373dbcf062fb9159d0a455dd42b5d88b23790,True,2
71484,25930,240926_ML.npy,2026-09-25,2026-09-25 04:12:43.766536,7C7B61,DA40,DIAMOND AIRCRAFT INDUSTRIES INC.,DA 40,63f3bec5157daf3e2f604e609a40638de81e501275dbaf6e1a7192b7492a7e6f,True,4
71498,25944,240926_ML.npy,2026-09-25,2026-09-25 04:13:04.613436,7C7B61,DA40,DIAMOND AIRCRAFT INDUSTRIES INC.,DA 40,1cd092a10fb0b15cd634054e681c66e2c6a07aac4928cc56d5d7cf3c9689563c,True,2
71507,25953,240926_ML.npy,2026-09-25,2026-09-25 04:13:12.064667,7C7B61,DA40,DIAMOND AIRCRAFT INDUSTRIES INC.,DA 40,7441e8a3d3ce22f64cba9b41c4069a5b01652ef956b2ae7e2bca6ae0967ee709,True,5
71520,25966,240926_ML.npy,2026-09-25,2026-09-25 04:13:28.478128,7C7B61,DA40,DIAMOND AIRCRAFT INDUSTRIES INC.,DA 40,1cd092a10fb0b15cd634054e681c66e2c6a07aac4928cc56d5d7cf3c9689563c,True,1
71523,25969,240926_ML.npy,2026-09-25,2026-09-25 04:13:32.789990,7C7B61,DA40,DIAMOND AIRCRAFT INDUSTRIES INC.,DA 40,e78cf37921bb58cd0d9a3007f50e1a40d20069946c00b3d624c98061798e494e,True,3
71525,25971,240926_ML.npy,2026-09-25,2026-09-25 04:14:45.847318,7C0D65,DA42,DIAMOND AIRCRAFT INDUSTRIES INC.,DA 42,d65eec65c07d4109212b1730a0de474df763ad2211894967770bf14613cbc4f5,True,3
71530,25976,240926_ML.npy,2026-09-25,2026-09-25 04:14:57.812465,7C7AF7,DA40,DIAMOND AIRCRAFT INDUSTRIES INC.,DA 40,1422835e77d2d1190ced5f809ec89e97daee5914f7c1c30aa5a123e9f7df1d1a,True,3
71531,25977,240926_ML.npy,2026-09-25,2026-09-25 04:15:01.142611,7C7AF7,DA40,DIAMOND AIRCRAFT INDUSTRIES INC.,DA 40,f7dc3618532ab3599a94a6e5a786796bdb2b83e2855847c5729096852952d84e,True,5
71544,25990,240926_ML.npy,2026-09-25,2026-09-25 04:15:15.241655,7C7AF7,DA40,DIAMOND AIRCRAFT INDUSTRIES INC.,DA 40,67a0e33602d67e176aa946b15695052934e355dfe8dbc94edd3302bc4662db5f,True,2
71546,25992,240926_ML.npy,2026-09-25,2026-09-25 04:15:18.235182,7C7AF7,DA40,DIAMOND AIRCRAFT INDUSTRIES INC.,DA 40,a01c9027c568304baf10d8a775ebb0ca48ecb3846ae295199657490ef2e6e723,True,2
71550,25996,240926_ML.npy,2026-09-25,2026-09-25 04:15:23.055026,7C7AF7,DA40,DIAMOND AIRCRAFT INDUSTRIES INC.,DA 40,e08c45ec395926eb043f9a9f8bd880ce3581ccf27f7f8c075a239676ba17dd2b,True,1
71567,26013,240926_ML.npy,2026-09-25,2026-09-25 04:16:10.125704,7C7AF7,DA40,DIAMOND AIRCRAFT INDUSTRIES INC.,DA 40,f99b0f68296c76220e32e9b837f9d1a93934313d4c6014cb7f9ac2979a65135f,True,1
71568,26014,240926_ML.npy,2026-09-25,2026-09-25 04:17:59.110321,7C0D65,DA42,DIAMOND AIRCRAFT INDUSTRIES INC.,DA 42,9601a435c6e43c2a03a3fa5591de96e2070dc30e63398efd5842251136f04c17,True,2
71569,26015,240926_ML.npy,2026-09-25,2026-09-25 04:18:00.545225,7C0D65,DA42,DIAMOND AIRCRAFT INDUSTRIES INC.,DA 42,b724c00333f400693bd84672e134eff5a2a8553913e24037012c46d0f47d59bb,True,4
71571,26017,240926_ML.npy,2026-09-25,2026-09-25 04:18:01.328252,7C0D65,DA42,DIAMOND AIRCRAFT INDUSTRIES INC.,DA 42,6cbe5135f36b61942b47fcd55f0049194b966df7560f6a396fa7eeaa8b6ab050,True,1
71572,26018,240926_ML.npy,2026-09-25,2026-09-25 04:18:03.073108,7C0D65,DA42,DIAMOND AIRCRAFT INDUSTRIES INC.,DA 42,deacbe268be806b357496d6bfae6bc1a35bdd50b73b50733d423e82979f5187f,True,2
71574,26020,240926_ML.npy,2026-09-25,2026-09-25 04:18:03.612215,7C0D65,DA42,DIAMOND AIRCRAFT INDUSTRIES INC.,DA 42,5ed501bfe064cca63626010aabda8f5f7fa7a8b5a38ac506a5844f904173cc39,True,1
71575,26021,240926_ML.npy,2026-09-25,2026-09-25 04:18:03.772819,7C0D65,DA42,DIAMOND AIRCRAFT INDUSTRIES INC.,DA 42,6cbe5135f36b61942b47fcd55f0049194b966df7560f6a396fa7eeaa8b6ab050,True,3
71576,26022,240926_ML.npy,2026-09-25,2026-09-25 04:18:05.440765,7C0D65,DA42,DIAMOND AIRCRAFT INDUSTRIES INC.,DA 42,2617ab071f55b7d430277d8d8ea93fc7db208420c80d3266745b9734bfde0a95,True,3
71577,26023,240926_ML.npy,2026-09-25,2026-09-25 04:18:10.310978,7C0D65,DA42,DIAMOND AIRCRAFT INDUSTRIES INC.,DA 42,58b0e47ce18498426af0e94cf6eabec472ab6518917c3ab90294cb1640897ca0,True,4
71579,26025,240926_ML.npy,2026-09-25,2026-09-25 04:18:11.167088,7C0D65,DA42,DIAMOND AIRCRAFT INDUSTRIES INC.,DA 42,433e7d016e43a29c61cdfdc05002e2975cd1f5ee89d83e3e0655b6f92c60abf4,True,2
71580,26026,240926_ML.npy,2026-09-25,2026-09-25 04:18:12.925490,7C0D65,DA42,DIAMOND AIRCRAFT INDUSTRIES INC.,DA 42,a3e4c0aed99b481932048d947d1b833996430c92acd15ac3a3156861ea19cb3e,True,3
71581,26027,240926_ML.npy,2026-09-25,2026-09-25 04:18:14.474943,7C0D65,DA42,DIAMOND AIRCRAFT INDUSTRIES INC.,DA 42,26230b8de0d73db3d64c2e1279d244dd472e3eaa401ba9db8b9ccafe2ae636cf,True,5
71583,26029,240926_ML.npy,2026-09-25,2026-09-25 04:18:17.503695,7C0D65,DA42,DIAMOND AIRCRAFT INDUSTRIES INC.,DA 42,8e09c453e74f734f831d8788357a2d07e5d4529fcb5f63d5a86321fc3752f5cc,True,2
71585,26031,240926_ML.npy,2026-09-25,2026-09-25 04:18:18.952639,7C0D65,DA42,DIAMOND AIRCRAFT INDUSTRIES INC.,DA 42,54624180747f6d3139ec5f2ffd8813e24d550e6dc213248b216f30e88ef3770f,True,5
71587,26033,240926_ML.npy,2026-09-25,2026-09-25 04:18:23.562574,7C0D65,DA42,DIAMOND AIRCRAFT INDUSTRIES INC.,DA 42,55346af347e1b20acf801148cbff1002473ff6bab839ef271841bb2543e888da,True,3
71589,26035,240926_ML.npy,2026-09-25,2026-09-25 04:18:24.480800,7C0D65,DA42,DIAMOND AIRCRAFT INDUSTRIES INC.,DA 42,6a85d35e71a125dc155c56f82736e78a334461e9f7c5b395f979ba87795be8d9,True,1
71591,26037,240926_ML.npy,2026-09-25,2026-09-25 04:18:31.498172,7C0D65,DA42,DIAMOND AIRCRAFT INDUSTRIES INC.,DA 42,b8c22e8dff24456280e24be62b1cf757a69e0f8481956841c2c303852addeeff,True,2
71594,26040,240926_ML.npy,2026-09-25,2026-09-25 04:18:33.728133,7C0D65,DA42,DIAMOND AIRCRAFT INDUSTRIES INC.,DA 42,5ed501bfe064cca63626010aabda8f5f7fa7a8b5a38ac506a5844f904173cc39,True,1
71595,26041,240926_ML.npy,2026-09-25,2026-09-25 04:18:36.277134,7C0D65,DA42,DIAMOND AIRCRAFT INDUSTRIES INC.,DA 42,7774a349cf945fa04e04a7ce23ff549b3429612e0bae062b7006537ae133aba7,True,2
71600,26046,240926_ML.npy,2026-09-25,2026-09-25 04:19:10.335732,7C444D,P28A,PIPER AIRCRAFT CORP,PA-28-181,67584255b300455ef7ca0b133b3043998705cd8438a5c725c253134e334c5745,True,4
71601,26047,240926_ML.npy,2026-09-25,2026-09-25 04:19:15.392339,7C444D,P28A,PIPER AIRCRAFT CORP,PA-28-181,f2803707c0f2c81e95bb232e6714064005999cb4e8101c7d84ba3930d92e7844,True,2
71602,26048,240926_ML.npy,2026-09-25,2026-09-25 04:19:15.968644,7C444D,P28A,PIPER AIRCRAFT CORP,PA-28-181,bdbea92283397c39fbb177d0e95a1912f7416a11383c2ccf93c282201996d94c,True,2
71603,26049,240926_ML.npy,2026-09-25,2026-09-25 04:19:17.520443,7C444D,P28A,PIPER AIRCRAFT CORP,PA-28-181,45fc2c81076d6acc30878e25176b48f5f66b8a14f1a4a3e9e35717f89fa6654f,True,3
71604,26050,240926_ML.npy,2026-09-25,2026-09-25 04:19:19.822001,7C444D,P28A,PIPER AIRCRAFT CORP,PA-28-181,e63f699d9d94ec70d044e31c8410631e14bda01a76d83d5bf8812ceeceb74f45,True,3
71605,26051,240926_ML.npy,2026-09-25,2026-09-25 04:19:21.311612,7C444D,P28A,PIPER AIRCRAFT CORP,PA-28-181,a2a6fa3b551f23b04a53a4ce97caec2a323696871d1573359b7b7d91d466b165,True,2
71606,26052,240926_ML.npy,2026-09-25,2026-09-25 04:19:21.603044,7C444D,P28A,PIPER AIRCRAFT CORP,PA-28-181,5bf2e861d1fc85274052e58f124e8727ee8eb268f09469cde96377746af49b4d,True,2
71607,26053,240926_ML.npy,2026-09-25,2026-09-25 04:19:23.669076,7C444D,P28A,PIPER AIRCRAFT CORP,PA-28-181,420b6eef52061a71d4910f4ee609aea9b185868c279a4f295093fce080cc6f9f,True,4
71608,26054,240926_ML.npy,2026-09-25,2026-09-25 04:19:25.314801,7C444D,P28A,PIPER AIRCRAFT CORP,PA-28-181,970b99151461b197132794aba84872e209544e80660e345f1dccc24bbdaf5c38,True,5
71609,26055,240926_ML.npy,2026-09-25,2026-09-25 04:19:25.544002,7C444D,P28A,PIPER AIRCRAFT CORP,PA-28-181,f7bb1b1bee156a996bfdd937f8e4f23dfb4212e4768f7b6461de74295e6fc8f0,True,2
71610,26056,240926_ML.npy,2026-09-25,2026-09-25 04:19:26.102325,7C444D,P28A,PIPER AIRCRAFT CORP,PA-28-181,d8ca3e90afb3bc1d4dca52ed572384b0662a75fc6da6c43081f935eb45116e9f,True,2
71611,26057,240926_ML.npy,2026-09-25,2026-09-25 04:19:26.874466,7C444D,P28A,PIPER AIRCRAFT CORP,PA-28-181,7c83914b079366cca612fa7fcf85d7728c9a8daf2adbdd8b26cf5a0fbee79ff6,True,1
71612,26058,240926_ML.npy,2026-09-25,2026-09-25 04:19:27.090877,7C444D,P28A,PIPER AIRCRAFT CORP,PA-28-181,3559ee40e222247b2d666dcb1f66c838ad4e600e6a0e91055ad86b9acd295ef2,True,4
71613,26059,240926_ML.npy,2026-09-25,2026-09-25 04:19:28.519866,7C444D,P28A,PIPER AIRCRAFT CORP,PA-28-181,4bd8c30c405eaa9f231a1d9f73a0af541bafc86174de6729e1f31f4a8505eac5,True,1
71614,26060,240926_ML.npy,2026-09-25,2026-09-25 04:19:31.457217,7C444D,P28A,PIPER AIRCRAFT CORP,PA-28-181,fbe19a917250c2caf7de3c40bb46941d6a3da671cb5ea81cf9f894419c77305b,True,5
71616,26062,240926_ML.npy,2026-09-25,2026-09-25 04:19:32.833430,7C0D65,DA42,DIAMOND AIRCRAFT INDUSTRIES INC.,DA 42,e935343edb71c2874889601b6b265686a4d2ee26bbd995a4e03f22ef78f8be0a,True,4
71617,26063,240926_ML.npy,2026-09-25,2026-09-25 04:19:33.646758,7C444D,P28A,PIPER AIRCRAFT CORP,PA-28-181,d8ca3e90afb3bc1d4dca52ed572384b0662a75fc6da6c43081f935eb45116e9f,True,5
71618,26064,240926_ML.npy,2026-09-25,2026-09-25 04:19:35.588665,7C444D,P28A,PIPER AIRCRAFT CORP,PA-28-181,19308ad6c65aa47f8dd4fdfac925025ade922a2ff7ad8764deafce5185011afa,True,1
71619,26065,240926_ML.npy,2026-09-25,2026-09-25 04:19:36.118942,7C444D,P28A,PIPER AIRCRAFT CORP,PA-28-181,30867f0874f0819676cfb83c08de452ce18f9a6e79a6f3d68cadd0cc11fce170,True,2
71620,26066,240926_ML.npy,2026-09-25,2026-09-25 04:19:37.140064,7C444D,P28A,PIPER AIRCRAFT CORP,PA-28-181,161b9bd1fd71b499518daa469ac279738ea13ae7ee0f05c2eb2090c47e971f5b,True,3
71621,26067,240926_ML.npy,2026-09-25,2026-09-25 04:19:38.075880,7C444D,P28A,PIPER AIRCRAFT CORP,PA-28-181,1e943bc8257431a4428ad1d3203085a6ac0f88a109e2bf9d18183d03b6989c94,True,3
71622,26068,240926_ML.npy,2026-09-25,2026-09-25 04:19:38.709661,7C0D65,DA42,DIAMOND AIRCRAFT INDUSTRIES INC.,DA 42,1809e73f0eee7752eaa4ee266b9e10aa8dc120155da3192f77e9bffded19df88,True,5
71624,26070,240926_ML.npy,2026-09-25,2026-09-25 04:19:41.571455,7C444D,P28A,PIPER AIRCRAFT CORP,PA-28-181,ae8df45e46e5a0458394cea33cabd6e974b5add12d4bb4c60974f706646972d3,True,2
71625,26071,240926_ML.npy,2026-09-25,2026-09-25 04:19:43.692108,7C0D65,DA42,DIAMOND AIRCRAFT INDUSTRIES INC.,DA 42,5ed501bfe064cca63626010aabda8f5f7fa7a8b5a38ac506a5844f904173cc39,True,5
71626,26072,240926_ML.npy,2026-09-25,2026-09-25 04:19:43.755186,7C444D,P28A,PIPER AIRCRAFT CORP,PA-28-181,d8ca3e90afb3bc1d4dca52ed572384b0662a75fc6da6c43081f935eb45116e9f,True,3
71628,26074,240926_ML.npy,2026-09-25,2026-09-25 04:19:46.116720,7C444D,P28A,PIPER AIRCRAFT CORP,PA-28-181,bdbea92283397c39fbb177d0e95a1912f7416a11383c2ccf93c282201996d94c,True,5
71629,26075,240926_ML.npy,2026-09-25,2026-09-25 04:19:46.134891,7C444D,P28A,PIPER AIRCRAFT CORP,PA-28-181,5409333d8c13082b664d39a33fc0e1744c857b99c6cd9add655108f538ffb01e,True,2
71630,26076,240926_ML.npy,2026-09-25,2026-09-25 04:19:46.658239,7C444D,P28A,PIPER AIRCRAFT CORP,PA-28-181,f66ffb3eca4a029068be02df7621d6b88954e6eaec8e2c6064d89f24c7567f22,True,4
71631,26077,240926_ML.npy,2026-09-25,2026-09-25 04:19:48.005895,7C444D,P28A,PIPER AIRCRAFT CORP,PA-28-181,c54a86212b1269f935193614e99122fb4eacad2856528d01a199009fb2a3602c,True,2
71632,26078,240926_ML.npy,2026-09-25,2026-09-25 04:19:51.200879,7C0D65,DA42,DIAMOND AIRCRAFT INDUSTRIES INC.,DA 42,6cbe5135f36b61942b47fcd55f0049194b966df7560f6a396fa7eeaa8b6ab050,True,3
71635,26081,240926_ML.npy,2026-09-25,2026-09-25 04:19:52.314981,7C0D65,DA42,DIAMOND AIRCRAFT INDUSTRIES INC.,DA 42,5ae62f76ef643be28730f2065dd1621e1fb27a88c4ae7c0657aa6ed54085680a,True,1
71636,26082,240926_ML.npy,2026-09-25,2026-09-25 04:19:55.144571,7C0D65,DA42,DIAMOND AIRCRAFT INDUSTRIES INC.,DA 42,1ecd73797eaebd59446ee2cf5ca862fb4429dee20ed931596709e697f40ad51c,True,3
71637,26083,240926_ML.npy,2026-09-25,2026-09-25 04:19:55.704326,7C0D65,DA42,DIAMOND AIRCRAFT INDUSTRIES INC.,DA 42,433e7d016e43a29c61cdfdc05002e2975cd1f5ee89d83e3e0655b6f92c60abf4,True,2
71638,26084,240926_ML.npy,2026-09-25,2026-09-25 04:19:56.746190,7C444D,P28A,PIPER AIRCRAFT CORP,PA-28-181,22dc1ebf655f6b6f929f8ae525d964087cdf71102c3f898f14c3348b63ac17af,True,3
71639,26085,240926_ML.npy,2026-09-25,2026-09-25 04:19:57.078503,7C444D,P28A,PIPER AIRCRAFT CORP,PA-28-181,0a712d93c3b436632b6313eca8379ae14858b33e3b9968582f2fdcbbff01ea49,True,2
71641,26087,240926_ML.npy,2026-09-25,2026-09-25 04:19:57.680356,7C444D,P28A,PIPER AIRCRAFT CORP,PA-28-181,73c60c9a11727fdb9565f80666151153d3d0b438d64fc37bc532ce0c09c6d56c,True,3
71643,26089,240926_ML.npy,2026-09-25,2026-09-25 04:20:02.077368,7C444D,P28A,PIPER AIRCRAFT CORP,PA-28-181,9bcbcacd70adabdc23d228823c9bef55bb4eca0e74b81d2fa3a0ffb447e5e23f,True,2
71644,26090,240926_ML.npy,2026-09-25,2026-09-25 04:20:02.365516,7C444D,P28A,PIPER AIRCRAFT CORP,PA-28-181,631866064368c9b10ed05b929f97a319353112933e7a3b4054a2dee388ea4a65,True,3
71647,26093,240926_ML.npy,2026-09-25,2026-09-25 04:20:07.094032,7C444D,P28A,PIPER AIRCRAFT CORP,PA-28-181,0a712d93c3b436632b6313eca8379ae14858b33e3b9968582f2fdcbbff01ea49,True,2
71648,26094,240926_ML.npy,2026-09-25,2026-09-25 04:20:07.454669,7C444D,P28A,PIPER AIRCRAFT CORP,PA-28-181,dbcabeffe648ccd54179439280a5e0374afb5d783dfc19a0460055abdfe42b81,True,4
71651,26097,240926_ML.npy,2026-09-25,2026-09-25 04:20:07.892371,7C444D,P28A,PIPER AIRCRAFT CORP,PA-28-181,a512caafc431169e4f14fb1f4b7c6789ee296eaed58069fa88d65fcc969314a3,True,2
71653,26099,240926_ML.npy,2026-09-25,2026-09-25 04:20:08.147502,7C0D65,DA42,DIAMOND AIRCRAFT INDUSTRIES INC.,DA 42,a9ecd94cd550d53445020a59c9ea16753b5948a00bd7a013acba644b4bd4880c,True,4
71654,26100,240926_ML.npy,2026-09-25,2026-09-25 04:20:08.461775,7C444D,P28A,PIPER AIRCRAFT CORP,PA-28-181,d8ca3e90afb3bc1d4dca52ed572384b0662a75fc6da6c43081f935eb45116e9f,True,3
71656,26102,240926_ML.npy,2026-09-25,2026-09-25 04:20:09.007763,7C444D,P28A,PIPER AIRCRAFT CORP,PA-28-181,6f9d4651bd2527803efaefc89e01c591102463569f1c5b5172f8d122e5895a09,True,4
71660,26106,240926_ML.npy,2026-09-25,2026-09-25 04:20:10.391879,7C444D,P28A,PIPER AIRCRAFT CORP,PA-28-181,cf2be5b616e146b1b55cd60970f998585097c67e6018a94b673cd76848430597,True,5
71661,26107,240926_ML.npy,2026-09-25,2026-09-25 04:20:10.535455,7C444D,P28A,PIPER AIRCRAFT CORP,PA-28-181,87af1ed724af69541768504565a7bb4e8f058b689fa58fc364c5a79b7496f542,True,3
71662,26108,240926_ML.npy,2026-09-25,2026-09-25 04:20:11.059624,7C444D,P28A,PIPER AIRCRAFT CORP,PA-28-181,89aff6f7485240b0eb0e3672d074dd14e83bbae4d57da602945a1d29a464434e,True,5
71665,26111,240926_ML.npy,2026-09-25,2026-09-25 04:20:13.797039,7C444D,P28A,PIPER AIRCRAFT CORP,PA-28-181,16bf060e62d8bcbaf4715ff4f1a138145d72da346852d0da66d091e8e88e15c9,True,3
71666,26112,240926_ML.npy,2026-09-25,2026-09-25 04:20:14.614692,7C444D,P28A,PIPER AIRCRAFT CORP,PA-28-181,1d124bb8760b1f7497a1f2f52609d5f290078ca46cbcba23ff155df825afaaaa,True,3
71687,26133,240926_ML.npy,2026-09-25,2026-09-25 04:20:42.409265,7C444D,P28A,PIPER AIRCRAFT CORP,PA-28-181,a6c7865a6922525c0c6efc061f33d9377c6fd7bdacb5171bf99ecbe64dc29c92,True,3
71688,26134,240926_ML.npy,2026-09-25,2026-09-25 04:20:54.969633,7C444D,P28A,PIPER AIRCRAFT CORP,PA-28-181,e107ca12702ad740f1bc6a3920eb8b27776f0c9a2d598a343b636be866a7c7e6,True,1
71691,26137,240926_ML.npy,2026-09-25,2026-09-25 04:21:08.918545,7C444D,P28A,PIPER AIRCRAFT CORP,PA-28-181,a1235e5f90de6b74b6604dee2627410bc1a82953587acf0c3373860fe39b5892,True,1
71692,26138,240926_ML.npy,2026-09-25,2026-09-25 04:21:21.559612,7C0D65,DA42,DIAMOND AIRCRAFT INDUSTRIES INC.,DA 42,c740513b241959376bbd8b72c8b9c18c40a405c9cee6bd00a2ed304f0c5b1b00,True,3
71696,26142,240926_ML.npy,2026-09-25,2026-09-25 04:23:01.139246,7C7C39,DA40,DIAMOND AIRCRAFT INDUSTRIES INC.,DA 40,01dbf1f83452bf633a1eb0f9ad29574d4857847eec6d3b20b6615ca38f9745db,True,5
71703,26149,240926_ML.npy,2026-09-25,2026-09-25 04:23:17.183876,7C0D65,DA42,DIAMOND AIRCRAFT INDUSTRIES INC.,DA 42,5ed501bfe064cca63626010aabda8f5f7fa7a8b5a38ac506a5844f904173cc39,True,3
71704,26150,240926_ML.npy,2026-09-25,2026-09-25 04:23:18.324034,7C0D65,DA42,DIAMOND AIRCRAFT INDUSTRIES INC.,DA 42,f660ba9bf736e6f93c35574b2abee6076417c97362e725863481c99fd76172c9,True,5
71706,26152,240926_ML.npy,2026-09-25,2026-09-25 04:23:19.756161,7C0D65,DA42,DIAMOND AIRCRAFT INDUSTRIES INC.,DA 42,7d96cdfd4cc3070b931db8b91fb71e639c5243f31f6c2c2d6cb722439db998e0,True,2
71710,26156,240926_ML.npy,2026-09-25,2026-09-25 04:23:24.250497,7C0D65,DA42,DIAMOND AIRCRAFT INDUSTRIES INC.,DA 42,049905dbe55f64035b4fd52bf75866f4e1b1a022832a01023993b48438bf5fc4,True,5
71713,26159,240926_ML.npy,2026-09-25,2026-09-25 04:23:24.782827,7C0D65,DA42,DIAMOND AIRCRAFT INDUSTRIES INC.,DA 42,5fe0906f0adcbf7f0b00479a6d5c065dc37ddc1680d867865af46ed90d12716c,True,2
71714,26160,240926_ML.npy,2026-09-25,2026-09-25 04:23:26.206147,7C7C39,DA40,DIAMOND AIRCRAFT INDUSTRIES INC.,DA 40,e7aeefd04326968b572de69ffda3356b628a1516caf63b4e46907ac775cfe5fb,True,5
71718,26164,240926_ML.npy,2026-09-25,2026-09-25 04:23:29.294163,7C0D65,DA42,DIAMOND AIRCRAFT INDUSTRIES INC.,DA 42,97dd9d91689d70c30e0b864d4d126d6b3e1b597d8ff4877d7375b612c3a2b1b2,True,1
71721,26167,240926_ML.npy,2026-09-25,2026-09-25 04:23:32.062470,7C0D65,DA42,DIAMOND AIRCRAFT INDUSTRIES INC.,DA 42,64d22cdb55667edf3c4095fd172abf9631da70715c54236bc3050c1fdf190a2c,True,5
71725,26171,240926_ML.npy,2026-09-25,2026-09-25 04:23:33.560477,7C0D65,DA42,DIAMOND AIRCRAFT INDUSTRIES INC.,DA 42,e36fb15d50324a73f2a52ce5c2a6c02b37c0ef05b6e817e115b0d935992e49c1,True,4
71726,26172,240926_ML.npy,2026-09-25,2026-09-25 04:23:34.041696,7C0D65,DA42,DIAMOND AIRCRAFT INDUSTRIES INC.,DA 42,a8d9364bfd106ffa5e3761209c68fa48acdca2806cd538aff869ace6088158b0,True,4
71732,26178,240926_ML.npy,2026-09-25,2026-09-25 04:23:37.728428,7C0D65,DA42,DIAMOND AIRCRAFT INDUSTRIES INC.,DA 42,a1cab755fdecca84417529070948bce0ac97ccca75832cfa24c52c54f33f0028,True,3
71739,26185,240926_ML.npy,2026-09-25,2026-09-25 04:23:40.118565,7C0D65,DA42,DIAMOND AIRCRAFT INDUSTRIES INC.,DA 42,e48717b9de9ec3046a9590272d79033a25fe9370b5f56f7c51ea23802d9fab50,True,5
71741,26187,240926_ML.npy,2026-09-25,2026-09-25 04:23:41.600105,7C0D65,DA42,DIAMOND AIRCRAFT INDUSTRIES INC.,DA 42,7f2d0786ffc1d5a18c4798764a4926b14f36ca887b5203d0d34d094fe7a250e2,True,5
71742,26188,240926_ML.npy,2026-09-25,2026-09-25 04:23:41.603208,7C0D65,DA42,DIAMOND AIRCRAFT INDUSTRIES INC.,DA 42,abdca7ab28ab318bf7cd9c9b17a2a9f2942c5a536e3b723349d858802235a4a9,True,3
71744,26190,240926_ML.npy,2026-09-25,2026-09-25 04:23:44.882873,7C0D65,DA42,DIAMOND AIRCRAFT INDUSTRIES INC.,DA 42,eb722c640914bcdcc707da03e3d5fe3678f44a73647bcc162483168a64bb7b95,True,4
71745,26191,240926_ML.npy,2026-09-25,2026-09-25 04:23:44.890011,7C0D65,DA42,DIAMOND AIRCRAFT INDUSTRIES INC.,DA 42,57e094986255bc3c831393dd5ccc192695ff22039a4a1335c3064cc874ee1d4b,True,4
71747,26193,240926_ML.npy,2026-09-25,2026-09-25 04:23:46.621923,7C0D65,DA42,DIAMOND AIRCRAFT INDUSTRIES INC.,DA 42,6cbe5135f36b61942b47fcd55f0049194b966df7560f6a396fa7eeaa8b6ab050,True,5
71781,26227,240926_ML.npy,2026-09-25,2026-09-25 04:24:30.149172,7C444D,P28A,PIPER AIRCRAFT CORP,PA-28-181,3b33e616e14f8ffa3b2ebfac3c6b86e19990b6f61ae6eb60bb5ed447cb58e4d0,True,1
71786,26232,240926_ML.npy,2026-09-25,2026-09-25 04:24:35.270238,7C444D,P28A,PIPER AIRCRAFT CORP,PA-28-181,2e1bfffe12e4950bbf08b81742e499814b941906e4a00ea071010fed49e8e1bd,True,3
71787,26233,240926_ML.npy,2026-09-25,2026-09-25 04:24:35.783923,7C7C39,DA40,DIAMOND AIRCRAFT INDUSTRIES INC.,DA 40,00b02252253ce2f54996cf4ffeb4444c7ae08bac823efb526223f9dbc4c221a2,True,3
71789,26235,240926_ML.npy,2026-09-25,2026-09-25 04:24:37.395359,7C444D,P28A,PIPER AIRCRAFT CORP,PA-28-181,83c1d10facfba8d889f7bf6c31bf24431ad0728cb9e7036b4202355230dc7812,True,1
71790,26236,240926_ML.npy,2026-09-25,2026-09-25 04:24:38.199679,7C444D,P28A,PIPER AIRCRAFT CORP,PA-28-181,327e2be22c130b79e1267b9705232fcc52f727a7c359dcf833010fe4346a9b5d,True,5
71791,26237,240926_ML.npy,2026-09-25,2026-09-25 04:24:38.757116,7C444D,P28A,PIPER AIRCRAFT CORP,PA-28-181,ecc612de275f41a7875260400d5132a0b801b551a34eeb936a27dc467ff628de,True,1
71792,26238,240926_ML.npy,2026-09-25,2026-09-25 04:24:39.253575,7C444D,P28A,PIPER AIRCRAFT CORP,PA-28-181,8fb8853ac756a9394404c68317d37346da7b17373466d3b047f42cdccb613cfd,True,1
71793,26239,240926_ML.npy,2026-09-25,2026-09-25 04:24:39.765319,7C444D,P28A,PIPER AIRCRAFT CORP,PA-28-181,655375116e95c83a9165e27951ac18eaa3fc5c10b83adc8820c086bc0cf7e82a,True,1
71794,26240,240926_ML.npy,2026-09-25,2026-09-25 04:24:41.998986,7C444D,P28A,PIPER AIRCRAFT CORP,PA-28-181,60ed66c0e443b4fcbd9f3044e8c8cac2215dcaea358fe27e0b546e7346e44360,True,2
71795,26241,240926_ML.npy,2026-09-25,2026-09-25 04:24:42.457015,7C444D,P28A,PIPER AIRCRAFT CORP,PA-28-181,0a712d93c3b436632b6313eca8379ae14858b33e3b9968582f2fdcbbff01ea49,True,2
71796,26242,240926_ML.npy,2026-09-25,2026-09-25 04:24:42.914325,7C444D,P28A,PIPER AIRCRAFT CORP,PA-28-181,042b7227ace0ede4e448ba30f682a8e76ac9802fc6d16dab7496d310abde9877,True,1
71797,26243,240926_ML.npy,2026-09-25,2026-09-25 04:24:45.408351,7C444D,P28A,PIPER AIRCRAFT CORP,PA-28-181,2aac82ddb6bb292aac0a16b372c35c26cfd35ef46a4d9ea3d184548c1dc1c653,True,2
71798,26244,240926_ML.npy,2026-09-25,2026-09-25 04:24:45.619496,7C444D,P28A,PIPER AIRCRAFT CORP,PA-28-181,d8ca3e90afb3bc1d4dca52ed572384b0662a75fc6da6c43081f935eb45116e9f,True,3
71799,26245,240926_ML.npy,2026-09-25,2026-09-25 04:24:46.290316,7C444D,P28A,PIPER AIRCRAFT CORP,PA-28-181,5dff9043f398120534e53441b88c44c864145ef077abee1c48d936016e1cb24f,True,1
71800,26246,240926_ML.npy,2026-09-25,2026-09-25 04:24:46.849722,7C444D,P28A,PIPER AIRCRAFT CORP,PA-28-181,7369a6d974531e66eee7451f0bb8a37243a1066b75f6ee862feef5fe10baed92,True,4
71801,26247,240926_ML.npy,2026-09-25,2026-09-25 04:24:47.955390,7C444D,P28A,PIPER AIRCRAFT CORP,PA-28-181,63238423490df2611e91bca206aa746d8600f8803fd38611333397cda664e4fa,True,1
71802,26248,240926_ML.npy,2026-09-25,2026-09-25 04:24:48.107422,7C444D,P28A,PIPER AIRCRAFT CORP,PA-28-181,7d5d5925421a374d0eca706589878ee793f0fb1a382254189c6e841969270e41,True,1
71803,26249,240926_ML.npy,2026-09-25,2026-09-25 04:24:49.371804,7C444D,P28A,PIPER AIRCRAFT CORP,PA-28-181,9a896c026e838cef51a186042c0bb3e37eeca2116171c27015547fcccc5b15c4,True,1
71804,26250,240926_ML.npy,2026-09-25,2026-09-25 04:24:54.540809,7C444D,P28A,PIPER AIRCRAFT CORP,PA-28-181,4325c624e7c5d769b56fad4af685a93998c3b453148a4865cf9fc679ea3c4082,True,5
71805,26251,240926_ML.npy,2026-09-25,2026-09-25 04:24:54.768944,7C444D,P28A,PIPER AIRCRAFT CORP,PA-28-181,bdbea92283397c39fbb177d0e95a1912f7416a11383c2ccf93c282201996d94c,True,1
71806,26252,240926_ML.npy,2026-09-25,2026-09-25 04:24:55.930521,7C444D,P28A,PIPER AIRCRAFT CORP,PA-28-181,abce45369db17f77f5a3466f13725cfb3cb8642c84661e5bdb33a8f284ad9843,True,2
71807,26253,240926_ML.npy,2026-09-25,2026-09-25 04:24:56.080358,7C444D,P28A,PIPER AIRCRAFT CORP,PA-28-181,e279b2fb9408b159f9d659e94596873a8aac7bfe98e6a9ee172ed68ed240bc3f,True,3
71808,26254,240926_ML.npy,2026-09-25,2026-09-25 04:24:57.482241,7C444D,P28A,PIPER AIRCRAFT CORP,PA-28-181,4f9ec99c2933d987a2bebbc16f75e4e6241319a8ea0a62c11788aa5da262bab4,True,1
71809,26255,240926_ML.npy,2026-09-25,2026-09-25 04:24:58.018277,7C444D,P28A,PIPER AIRCRAFT CORP,PA-28-181,6bbeab13562aeed068d14f0640c9d450118fdf5eed01dc1a294c008b9524eb2b,True,5
71810,26256,240926_ML.npy,2026-09-25,2026-09-25 04:24:58.945793,7C444D,P28A,PIPER AIRCRAFT CORP,PA-28-181,623a488ba160ed3547827c92cbf78301d066034ee2bd127596cc405defdaa9af,True,3
71811,26257,240926_ML.npy,2026-09-25,2026-09-25 04:25:01.947384,7C444D,P28A,PIPER AIRCRAFT CORP,PA-28-181,7ed508f334339c651f0eba659187136d88f02abf926063410576856f677af721,True,1
71812,26258,240926_ML.npy,2026-09-25,2026-09-25 04:25:03.113144,7C444D,P28A,PIPER AIRCRAFT CORP,PA-28-181,62e8bb610159fc8980968e68bfbd6d2a6a5f9610b37a98ac7c261729ef6bb168,True,1
71813,26259,240926_ML.npy,2026-09-25,2026-09-25 04:25:03.593061,7C444D,P28A,PIPER AIRCRAFT CORP,PA-28-181,50e2c37ea1b1bb1b324c6ba23bf558051de45363eb531a3d0aec8a06ddb0dfaf,True,4
71814,26260,240926_ML.npy,2026-09-25,2026-09-25 04:25:04.636575,7C444D,P28A,PIPER AIRCRAFT CORP,PA-28-181,24dfa4ebd21d3a98fc104a2a21150dc4206b4f394be2b6f5d7db98f7249cc368,True,3
71815,26261,240926_ML.npy,2026-09-25,2026-09-25 04:25:06.028182,7C444D,P28A,PIPER AIRCRAFT CORP,PA-28-181,5cc3b3dc55842af47ddafdf978fadc3449435eec6cd8eca62d6246d1c8cc9a10,True,2
71816,26262,240926_ML.npy,2026-09-25,2026-09-25 04:25:06.500463,7C444D,P28A,PIPER AIRCRAFT CORP,PA-28-181,ba6e84cad9cc2a6b07a03b0be84f95beebe2c8bd7ef8673cc190393e4bd92dbf,True,3
71817,26263,240926_ML.npy,2026-09-25,2026-09-25 04:25:07.320034,7C444D,P28A,PIPER AIRCRAFT CORP,PA-28-181,0a712d93c3b436632b6313eca8379ae14858b33e3b9968582f2fdcbbff01ea49,True,5
71818,26264,240926_ML.npy,2026-09-25,2026-09-25 04:25:07.452335,7C444D,P28A,PIPER AIRCRAFT CORP,PA-28-181,daafa348aea97b74784db9f0e22434123c3da2794f68c45b310563110055355e,True,2
71819,26265,240926_ML.npy,2026-09-25,2026-09-25 04:25:07.970203,7C444D,P28A,PIPER AIRCRAFT CORP,PA-28-181,f60f5cc7a72a80c12cad614a52fe9c0dac28d3af22c66160c28076ddadb360fd,True,1
71820,26266,240926_ML.npy,2026-09-25,2026-09-25 04:25:09.331999,7C444D,P28A,PIPER AIRCRAFT CORP,PA-28-181,dd3f4d71bc6c06c0a098cbb4350ecfe4d6ae1f19a82cacb6614df2ee3b4f72e5,True,5
71836,26282,240926_ML.npy,2026-09-25,2026-09-25 04:25:46.988216,7C0D65,DA42,DIAMOND AIRCRAFT INDUSTRIES INC.,DA 42,4c4c5e22eb40b4c95ea8dd00507b40981ef09cf85a62b3bf208fca5672c4ba37,True,1
71856,26302,240926_ML.npy,2026-09-25,2026-09-25 04:26:11.397529,7C0D65,DA42,DIAMOND AIRCRAFT INDUSTRIES INC.,DA 42,4624a0922da3b4c9fcd73aac3fe52f053a5d576aebd72d6d8abfa81d520f8749,True,3
71857,26303,240926_ML.npy,2026-09-25,2026-09-25 04:26:16.465641,7C444D,P28A,PIPER AIRCRAFT CORP,PA-28-181,ff6f1e191e46298d462a59561518164df6aafba013f8c396676fe3a51767bf18,True,2
71858,26304,240926_ML.npy,2026-09-25,2026-09-25 04:26:21.104766,7C444D,P28A,PIPER AIRCRAFT CORP,PA-28-181,aef6bd539e675f2a04b72e1015809926fc63ff5c5e4cc6bf4246c5c36cec2d06,True,1
71859,26305,240926_ML.npy,2026-09-25,2026-09-25 04:26:22.206889,7C444D,P28A,PIPER AIRCRAFT CORP,PA-28-181,0a712d93c3b436632b6313eca8379ae14858b33e3b9968582f2fdcbbff01ea49,True,2
71860,26306,240926_ML.npy,2026-09-25,2026-09-25 04:26:22.758684,7C444D,P28A,PIPER AIRCRAFT CORP,PA-28-181,a93573cc57ecf255f497f5b4b32e0e9e9d8682bafde0c926871e21ae6f86a58c,True,5
71864,26310,240926_ML.npy,2026-09-25,2026-09-25 04:26:48.574932,7C7B60,DA40,DIAMOND AIRCRAFT INDUSTRIES INC.,DA 40,50cdbd0843464ab021654c088ea4b752a69b7a72ac39841e5bef064884645f39,True,2
71865,26311,240926_ML.npy,2026-09-25,2026-09-25 04:26:51.582714,7C7B60,DA40,DIAMOND AIRCRAFT INDUSTRIES INC.,DA 40,6874efe51356bd1634d0633d8de1a79676ee5f93c4db406df729013ab46d9e2f,True,4
71873,26319,240926_ML.npy,2026-09-25,2026-09-25 04:27:04.999824,7C7B60,DA40,DIAMOND AIRCRAFT INDUSTRIES INC.,DA 40,29013d8c0c699d7c7b19a2b118d175b99049dced8c53efa503452c122bfba2ef,True,5
71874,26320,240926_ML.npy,2026-09-25,2026-09-25 04:27:05.617759,7C7B60,DA40,DIAMOND AIRCRAFT INDUSTRIES INC.,DA 40,448b227bb28dc8367b019d64672a57f70c1285e16b49c26d17a5fef6f244c41c,True,5
71879,26325,240926_ML.npy,2026-09-25,2026-09-25 04:27:16.153436,7C7B60,DA40,DIAMOND AIRCRAFT INDUSTRIES INC.,DA 40,63ec68a96f3d20fb87777cfaebe4001e9ef40e54a7f8f6601ea6296bab4bb983,True,2
71891,26337,240926_ML.npy,2026-09-25,2026-09-25 04:28:37.435036,7C7C41,DA40,DIAMOND AIRCRAFT INDUSTRIES INC.,DA 40,c7233f0925166aaacad9dac5eea37dad2c11ef577ef2fd45e55ac07bdd1d18a8,True,2
71892,26338,240926_ML.npy,2026-09-25,2026-09-25 04:28:38.921269,7C7C41,DA40,DIAMOND AIRCRAFT INDUSTRIES INC.,DA 40,ae43efafe6323cd252975816e289ed25bbf646861fa91d86e8871cf2e8d1b197,True,1
71906,26352,240926_ML.npy,2026-09-25,2026-09-25 04:28:50.172165,7C7C41,DA40,DIAMOND AIRCRAFT INDUSTRIES INC.,DA 40,d87c821f1a46c861392d834bde5ad8d6cce47791c22e710ee08e95b1602fa8c9,True,1
71921,26367,240926_ML.npy,2026-09-25,2026-09-25 04:29:29.556569,7C0D65,DA42,DIAMOND AIRCRAFT INDUSTRIES INC.,DA 42,5ed501bfe064cca63626010aabda8f5f7fa7a8b5a38ac506a5844f904173cc39,True,2
71922,26368,240926_ML.npy,2026-09-25,2026-09-25 04:29:30.795958,7C0D65,DA42,DIAMOND AIRCRAFT INDUSTRIES INC.,DA 42,5ed501bfe064cca63626010aabda8f5f7fa7a8b5a38ac506a5844f904173cc39,True,2
71925,26371,240926_ML.npy,2026-09-25,2026-09-25 04:29:34.613509,7C0D65,DA42,DIAMOND AIRCRAFT INDUSTRIES INC.,DA 42,5ed501bfe064cca63626010aabda8f5f7fa7a8b5a38ac506a5844f904173cc39,True,1
71926,26372,240926_ML.npy,2026-09-25,2026-09-25 04:29:34.822031,7C0D65,DA42,DIAMOND AIRCRAFT INDUSTRIES INC.,DA 42,d9946668a4b6037278292bfb299f3fa30b7e82c5cf06c7809fa01d8f0fb4cd4f,True,2
71927,26373,240926_ML.npy,2026-09-25,2026-09-25 04:29:34.827218,7C0D65,DA42,DIAMOND AIRCRAFT INDUSTRIES INC.,DA 42,e76dc51588e0f7150054eb76a9089d767b7e8acb1cf73f2195c4535df13caf42,True,5
71928,26374,240926_ML.npy,2026-09-25,2026-09-25 04:29:35.275514,7C0D65,DA42,DIAMOND AIRCRAFT INDUSTRIES INC.,DA 42,0e9f7815e0e79bb7dbe3a90d2da30e0fbe6529c710a681765ab5bff948d85b7c,True,4
71930,26376,240926_ML.npy,2026-09-25,2026-09-25 04:29:42.134765,7C0D65,DA42,DIAMOND AIRCRAFT INDUSTRIES INC.,DA 42,f87682166d4ba76c09ded6d3f966b6d5f9bff8ffaffd035bd8fe8856c11a6678,True,3
71931,26377,240926_ML.npy,2026-09-25,2026-09-25 04:29:42.140386,7C0D65,DA42,DIAMOND AIRCRAFT INDUSTRIES INC.,DA 42,e6bdd3ccb7f7a3303a58d71fb45d0b962302bdc81966a1588e0280ffa9eb5f66,True,2
71933,26379,240926_ML.npy,2026-09-25,2026-09-25 04:29:47.088669,7C0D65,DA42,DIAMOND AIRCRAFT INDUSTRIES INC.,DA 42,5ed501bfe064cca63626010aabda8f5f7fa7a8b5a38ac506a5844f904173cc39,True,1
71935,26381,240926_ML.npy,2026-09-25,2026-09-25 04:29:49.387764,7C0D65,DA42,DIAMOND AIRCRAFT INDUSTRIES INC.,DA 42,df09401720c87302d002c23b76abc6b33176a060f7dc81177f705da38181c9e0,True,2
71937,26383,240926_ML.npy,2026-09-25,2026-09-25 04:29:51.178074,7C0D65,DA42,DIAMOND AIRCRAFT INDUSTRIES INC.,DA 42,6cbe5135f36b61942b47fcd55f0049194b966df7560f6a396fa7eeaa8b6ab050,True,3
71938,26384,240926_ML.npy,2026-09-25,2026-09-25 04:29:53.970212,7C0D65,DA42,DIAMOND AIRCRAFT INDUSTRIES INC.,DA 42,5d35aaff5b14336c205b552c35808f4657368e93bd54366eae82c3fcac38e868,True,1
71941,26387,240926_ML.npy,2026-09-25,2026-09-25 04:29:54.489087,7C0D65,DA42,DIAMOND AIRCRAFT INDUSTRIES INC.,DA 42,532456f3e594b8e7613b0458c3bc802bcda44afec18f85e6c922fb611b1903a0,True,5
71943,26389,240926_ML.npy,2026-09-25,2026-09-25 04:29:55.919725,7C0D65,DA42,DIAMOND AIRCRAFT INDUSTRIES INC.,DA 42,0dce19757740835a0e23478e2612ff3a7e661487537ed8fae881fc1aee5e4476,True,4
71944,26390,240926_ML.npy,2026-09-25,2026-09-25 04:29:59.868070,7C444D,P28A,PIPER AIRCRAFT CORP,PA-28-181,047b2bc87741f65ebee473332aa1f25626a82c2254d63baa3b7ee1b1329596e2,True,3
71945,26391,240926_ML.npy,2026-09-25,2026-09-25 04:30:00.354051,7C444D,P28A,PIPER AIRCRAFT CORP,PA-28-181,6a8cd6f7d0b356b69b96e54ad709e70558d7f32c7ad7a9ef14a68a077c78c410,True,1
71946,26392,240926_ML.npy,2026-09-25,2026-09-25 04:30:01.291424,7C444D,P28A,PIPER AIRCRAFT CORP,PA-28-181,6a8cd6f7d0b356b69b96e54ad709e70558d7f32c7ad7a9ef14a68a077c78c410,True,4
71947,26393,240926_ML.npy,2026-09-25,2026-09-25 04:30:01.697846,7C444D,P28A,PIPER AIRCRAFT CORP,PA-28-181,049cb7eab1070a0409d07d87476bda80dbfd3e3a01cff005a5d6538641c0fb86,True,3
71948,26394,240926_ML.npy,2026-09-25,2026-09-25 04:30:01.843785,7C444D,P28A,PIPER AIRCRAFT CORP,PA-28-181,0a712d93c3b436632b6313eca8379ae14858b33e3b9968582f2fdcbbff01ea49,True,2
71949,26395,240926_ML.npy,2026-09-25,2026-09-25 04:30:03.415546,7C0D65,DA42,DIAMOND AIRCRAFT INDUSTRIES INC.,DA 42,7b429f59bfd035e4c06b7ad5dc04d6366ccd4a09cb85f346c0bc4dc7220c96d1,True,2
71950,26396,240926_ML.npy,2026-09-25,2026-09-25 04:30:03.859492,7C444D,P28A,PIPER AIRCRAFT CORP,PA-28-181,c2c4d22a3b4adfa2e4da1fe75c803211ecef03d7e852c17a375667d91c37fb6b,True,4
71951,26397,240926_ML.npy,2026-09-25,2026-09-25 04:30:04.356742,7C444D,P28A,PIPER AIRCRAFT CORP,PA-28-181,a7a750b9b09620ddbad31b65727f829cc0c1f55e4076fb0bc6bad193fe9dccba,True,3
71953,26399,240926_ML.npy,2026-09-25,2026-09-25 04:30:04.943295,7C0D65,DA42,DIAMOND AIRCRAFT INDUSTRIES INC.,DA 42,044a8dfc5ca7f31ed0358b25c7258c299405a4289b36f3dc0c4d32a88e1e34d6,True,4
71954,26400,240926_ML.npy,2026-09-25,2026-09-25 04:30:05.366987,7C444D,P28A,PIPER AIRCRAFT CORP,PA-28-181,26693161cfe189481f1671723f4d870d5dfe0d268dfb558cfc92e6eb73a404cb,True,1
71955,26401,240926_ML.npy,2026-09-25,2026-09-25 04:30:05.450648,7C0D65,DA42,DIAMOND AIRCRAFT INDUSTRIES INC.,DA 42,af39e27a54c1aad21e7fdece0b4295fdfd537961cee90eab3de8c50cacc7395b,True,3
71957,26403,240926_ML.npy,2026-09-25,2026-09-25 04:30:05.976466,7C444D,P28A,PIPER AIRCRAFT CORP,PA-28-181,4cc0cc3b807b167a5e18dffb6fcbf2f894af9696117c4ad7f0c08102c3b7e647,True,2
71958,26404,240926_ML.npy,2026-09-25,2026-09-25 04:30:06.570770,7C444D,P28A,PIPER AIRCRAFT CORP,PA-28-181,edb4a9bd573148f2aa5538e8272e0c8266de1cb0f8db9ce8552a3f04569047af,True,5
71959,26405,240926_ML.npy,2026-09-25,2026-09-25 04:30:06.882838,7C444D,P28A,PIPER AIRCRAFT CORP,PA-28-181,f44fc492de4712b9750c0d094e8f5ac9b685bcf657390c07cfce7a9b03189f7c,True,3
71961,26407,240926_ML.npy,2026-09-25,2026-09-25 04:30:08.221167,7C0D65,DA42,DIAMOND AIRCRAFT INDUSTRIES INC.,DA 42,594e9e1133785e82969492df5ed9ffdd0b619454bf0501e7f70a6e73b7c71874,True,1
71962,26408,240926_ML.npy,2026-09-25,2026-09-25 04:30:08.288579,7C444D,P28A,PIPER AIRCRAFT CORP,PA-28-181,3cc2aadabaeec7f438058e8555957ad83e04522fe9aeceb7603e03b5bb7cfc8c,True,4
71963,26409,240926_ML.npy,2026-09-25,2026-09-25 04:30:08.782461,7C444D,P28A,PIPER AIRCRAFT CORP,PA-28-181,69a4bf29201c0d61c67cf9459ec2bf0321349984589ebf5575e1f68ddf92a5aa,True,2
71964,26410,240926_ML.npy,2026-09-25,2026-09-25 04:30:09.808157,7C444D,P28A,PIPER AIRCRAFT CORP,PA-28-181,bdbea92283397c39fbb177d0e95a1912f7416a11383c2ccf93c282201996d94c,True,1
71968,26414,240926_ML.npy,2026-09-25,2026-09-25 04:30:14.354983,7C444D,P28A,PIPER AIRCRAFT CORP,PA-28-181,d8ca3e90afb3bc1d4dca52ed572384b0662a75fc6da6c43081f935eb45116e9f,True,1
71969,26415,240926_ML.npy,2026-09-25,2026-09-25 04:30:14.675372,7C444D,P28A,PIPER AIRCRAFT CORP,PA-28-181,2cf5599843eee53666be6246b998f58ea36f0cd60898ec9933d6c4af3e8bbab6,True,2
71970,26416,240926_ML.npy,2026-09-25,2026-09-25 04:30:15.359397,7C444D,P28A,PIPER AIRCRAFT CORP,PA-28-181,9ea8bde7b865016ca07df9b75e79a9db8ab0e1eef614c40f0c95d2f0f8de4174,True,2
71971,26417,240926_ML.npy,2026-09-25,2026-09-25 04:30:16.794906,7C444D,P28A,PIPER AIRCRAFT CORP,PA-28-181,474f43be9db43c14c87127aa43cf416b7e7211df9fc7fbf1a9979ab652960906,True,3
71972,26418,240926_ML.npy,2026-09-25,2026-09-25 04:30:17.253062,7C444D,P28A,PIPER AIRCRAFT CORP,PA-28-181,faf48168bb98803cf77b54f417e913c107684b255c1fd67e472724b5c0e7a067,True,2
71973,26419,240926_ML.npy,2026-09-25,2026-09-25 04:30:19.352361,7C444D,P28A,PIPER AIRCRAFT CORP,PA-28-181,d8ca3e90afb3bc1d4dca52ed572384b0662a75fc6da6c43081f935eb45116e9f,True,2
71974,26420,240926_ML.npy,2026-09-25,2026-09-25 04:30:20.105953,7C444D,P28A,PIPER AIRCRAFT CORP,PA-28-181,c61c918acff48a049acffd046903261c4a51f4b72e4ee48eaa6b4f6db667f318,True,1
71975,26421,240926_ML.npy,2026-09-25,2026-09-25 04:30:20.664121,7C444D,P28A,PIPER AIRCRAFT CORP,PA-28-181,3f475aca19bbef37000c0328781808ea6e129c600ab936045b6f4cc50737160b,True,5
71977,26423,240926_ML.npy,2026-09-25,2026-09-25 04:30:22.297613,7C444D,P28A,PIPER AIRCRAFT CORP,PA-28-181,3bb0ba1b8e50604d3c68bea578d3bc185104969c48cc3448750280cbb572cd68,True,3
71978,26424,240926_ML.npy,2026-09-25,2026-09-25 04:30:24.245226,7C0D65,DA42,DIAMOND AIRCRAFT INDUSTRIES INC.,DA 42,426c220e6b13ca8ff886449cf0b3014598561da886872b99a3b8eeed67e46efc,True,2
71979,26425,240926_ML.npy,2026-09-25,2026-09-25 04:30:24.925430,7C444D,P28A,PIPER AIRCRAFT CORP,PA-28-181,6f9061835d23401a12d51b82394672d332084e1cad09a8ada72c0c609286b823,True,4
71980,26426,240926_ML.npy,2026-09-25,2026-09-25 04:30:25.814884,7C444D,P28A,PIPER AIRCRAFT CORP,PA-28-181,f9991e8bbe1e648fd163f8801cc379a3c62e6d1a8be971fe3b23783bbfb08c1b,True,3
71982,26428,240926_ML.npy,2026-09-25,2026-09-25 04:30:27.940905,7C444D,P28A,PIPER AIRCRAFT CORP,PA-28-181,a5f166ff8b05081212fa16b64d8395709ebfaa471d4f7174aff10061c822543f,True,4
71983,26429,240926_ML.npy,2026-09-25,2026-09-25 04:30:28.428459,7C444D,P28A,PIPER AIRCRAFT CORP,PA-28-181,76365e7698914c63075df99decf60894026bcbc8765fc96ecd58dec7932d93ab,True,4
71984,26430,240926_ML.npy,2026-09-25,2026-09-25 04:30:30.012451,7C444D,P28A,PIPER AIRCRAFT CORP,PA-28-181,29158ab562db56f9c9ac6eff18eb792210c5db8209e55a147995255fc5df93f9,True,2
71985,26431,240926_ML.npy,2026-09-25,2026-09-25 04:30:34.491976,7C444D,P28A,PIPER AIRCRAFT CORP,PA-28-181,d176383b7ab6e8eae7c6fcc22a17a44cb7acc7bd930fcac5f666aa6147d63991,True,3
71986,26432,240926_ML.npy,2026-09-25,2026-09-25 04:30:38.396779,7C444D,P28A,PIPER AIRCRAFT CORP,PA-28-181,c06980a6f3a67e01c1566f6a71e8d5038f569ac015b44c3dee27525365072bcd,True,5
71987,26433,240926_ML.npy,2026-09-25,2026-09-25 04:30:38.952650,7C444D,P28A,PIPER AIRCRAFT CORP,PA-28-181,0987f006bf7994ae35d834c51517cdb1495aa3e1218db9dc6eeb9649fb8b06ce,True,3
71988,26434,240926_ML.npy,2026-09-25,2026-09-25 04:30:53.270107,7C444D,P28A,PIPER AIRCRAFT CORP,PA-28-181,a666acf9b7aa0af355c55f852ded66f398c22fe37933ec94ab2df3db2201560b,True,3
71989,26435,240926_ML.npy,2026-09-25,2026-09-25 04:30:57.455401,7C444D,P28A,PIPER AIRCRAFT CORP,PA-28-181,9f4b563f05e6b1ab85417c8a406fa82880e927d81bb7a12e5f3910a257d702db,True,3
71990,26436,240926_ML.npy,2026-09-25,2026-09-25 04:30:58.100463,7C0D65,DA42,DIAMOND AIRCRAFT INDUSTRIES INC.,DA 42,1d165eb3776bd2dbba0da9b7003beb7050eb77f362244a8833bbcde107b0d5bd,True,3
71994,26440,240926_ML.npy,2026-09-25,2026-09-25 04:31:06.267860,7C444D,P28A,PIPER AIRCRAFT CORP,PA-28-181,f14179956592e996be3198f0306bc6fd93badf0fd75c0b00c68d50fbc07314d8,True,3
71995,26441,240926_ML.npy,2026-09-25,2026-09-25 04:31:19.142837,7C0D65,DA42,DIAMOND AIRCRAFT INDUSTRIES INC.,DA 42,9df7f4a66828e3779e3699810337dd8682308d20b682c5c24a590f3296fa340b,True,4
71999,26445,240926_ML.npy,2026-09-25,2026-09-25 04:31:28.136334,7C0D65,DA42,DIAMOND AIRCRAFT INDUSTRIES INC.,DA 42,04b686c1dec303818333a823dea86669591a2b34efd8efd724eb57585ffe13ec,True,3
72000,26446,240926_ML.npy,2026-09-25,2026-09-25 04:31:28.321256,7C0D65,DA42,DIAMOND AIRCRAFT INDUSTRIES INC.,DA 42,7f0db8aaeef93418efa92122b39efc0b10e3de96c1962162f7630d2a75021852,True,4
72001,26447,240926_ML.npy,2026-09-25,2026-09-25 04:31:53.604631,7C444D,P28A,PIPER AIRCRAFT CORP,PA-28-181,e1637044ba6a2bd96305192751ec598cbbc844ad756cb349bb64a2335c8eba74,True,2
72002,26448,240926_ML.npy,2026-09-25,2026-09-25 04:31:57.965925,7C444D,P28A,PIPER AIRCRAFT CORP,PA-28-181,5d6bf8eb6bcefa631d93fec24b26502b025e75f77212426b0a9d1b69f6c19320,True,2
72007,26453,240926_ML.npy,2026-09-25,2026-09-25 04:32:21.231424,7C7B60,DA40,DIAMOND AIRCRAFT INDUSTRIES INC.,DA 40,f5d5341e3a65b6510facc5b158da679bae70ce9c93963698f10421acc3208c2b,True,5
72010,26456,240926_ML.npy,2026-09-25,2026-09-25 04:32:25.043047,7C7B60,DA40,DIAMOND AIRCRAFT INDUSTRIES INC.,DA 40,528efafa3fa4949ae5cbaad70080e73b3148362722215f4b4f130ac09d08e9d3,True,2
72017,26463,240926_ML.npy,2026-09-25,2026-09-25 04:32:34.484729,7C7B60,DA40,DIAMOND AIRCRAFT INDUSTRIES INC.,DA 40,84000d5669027a22e944e41ab33b98f243bb2fcb1d24948c0092697c3866c483,True,5
72035,26481,240926_ML.npy,2026-09-25,2026-09-25 04:34:41.736299,7C0D65,DA42,DIAMOND AIRCRAFT INDUSTRIES INC.,DA 42,f06a1de3355d21997b05ffaa5634c61798a877e6b98360d72c859594334de991,True,2
72036,26482,240926_ML.npy,2026-09-25,2026-09-25 04:34:42.833309,7C0D65,DA42,DIAMOND AIRCRAFT INDUSTRIES INC.,DA 42,5ed501bfe064cca63626010aabda8f5f7fa7a8b5a38ac506a5844f904173cc39,True,4
72037,26483,240926_ML.npy,2026-09-25,2026-09-25 04:34:43.294909,7C0D65,DA42,DIAMOND AIRCRAFT INDUSTRIES INC.,DA 42,6cbe5135f36b61942b47fcd55f0049194b966df7560f6a396fa7eeaa8b6ab050,True,4
72040,26486,240926_ML.npy,2026-09-25,2026-09-25 04:34:48.370174,7C0D65,DA42,DIAMOND AIRCRAFT INDUSTRIES INC.,DA 42,7d7d7da5664a74400b617f216d7ec04bf0bfcdc4390d9429a84e9c44fdced49d,True,2
72043,26489,240926_ML.npy,2026-09-25,2026-09-25 04:34:50.345940,7C0D65,DA42,DIAMOND AIRCRAFT INDUSTRIES INC.,DA 42,2a6c6b03fa2ded5dab99550db9b82792f5689c6e5904532bca1b3c3c72e55aeb,True,1
72044,26490,240926_ML.npy,2026-09-25,2026-09-25 04:34:50.349746,7C0D65,DA42,DIAMOND AIRCRAFT INDUSTRIES INC.,DA 42,de3dacd6a29eef556a3c74c64653643ff2139015f46bf8b842297f50ce1a3ca7,True,5
72045,26491,240926_ML.npy,2026-09-25,2026-09-25 04:34:50.935505,7C0D65,DA42,DIAMOND AIRCRAFT INDUSTRIES INC.,DA 42,433e7d016e43a29c61cdfdc05002e2975cd1f5ee89d83e3e0655b6f92c60abf4,True,5
72047,26493,240926_ML.npy,2026-09-25,2026-09-25 04:34:57.338074,7C0D65,DA42,DIAMOND AIRCRAFT INDUSTRIES INC.,DA 42,0ac754c981270764d107b63676c09cf9c330fd2bae32b38cdcd7a6bd289d64cb,True,5
72049,26495,240926_ML.npy,2026-09-25,2026-09-25 04:34:58.967530,7C0D65,DA42,DIAMOND AIRCRAFT INDUSTRIES INC.,DA 42,fb44c16eac84099a11b7ced464a1968ec47772d8671110e4230e38318ebec9ba,True,2
72050,26496,240926_ML.npy,2026-09-25,2026-09-25 04:34:59.044100,7C0D65,DA42,DIAMOND AIRCRAFT INDUSTRIES INC.,DA 42,5ed501bfe064cca63626010aabda8f5f7fa7a8b5a38ac506a5844f904173cc39,True,4
72053,26499,240926_ML.npy,2026-09-25,2026-09-25 04:35:00.366264,7C0D65,DA42,DIAMOND AIRCRAFT INDUSTRIES INC.,DA 42,47e2ab4c882d4295b0f48a9f88fd78ac93f2297b28deb8fd5de362698a9cff67,True,5
72057,26503,240926_ML.npy,2026-09-25,2026-09-25 04:35:02.827609,7C0D65,DA42,DIAMOND AIRCRAFT INDUSTRIES INC.,DA 42,5ed501bfe064cca63626010aabda8f5f7fa7a8b5a38ac506a5844f904173cc39,True,2
72059,26505,240926_ML.npy,2026-09-25,2026-09-25 04:35:05.118106,7C0D65,DA42,DIAMOND AIRCRAFT INDUSTRIES INC.,DA 42,b9719e92643b005f5b6aab4d8f30473dc6ace32535564566ff5bbd30e9b47aba,True,1
72060,26506,240926_ML.npy,2026-09-25,2026-09-25 04:35:06.587689,7C0D65,DA42,DIAMOND AIRCRAFT INDUSTRIES INC.,DA 42,04b686c1dec303818333a823dea86669591a2b34efd8efd724eb57585ffe13ec,True,2
72061,26507,240926_ML.npy,2026-09-25,2026-09-25 04:35:07.273072,7C0D65,DA42,DIAMOND AIRCRAFT INDUSTRIES INC.,DA 42,c302c3616d1d475e981f7fb222e7bb944c6ec3c883cea5cbb71c19bad7076c5c,True,2
72063,26509,240926_ML.npy,2026-09-25,2026-09-25 04:35:08.401203,7C0D65,DA42,DIAMOND AIRCRAFT INDUSTRIES INC.,DA 42,c6ccc7a2e1e50b5dccce76d5832f3542681b2a295c8c237aecc02d3ff6e4a312,True,1
72064,26510,240926_ML.npy,2026-09-25,2026-09-25 04:35:11.081750,7C0D65,DA42,DIAMOND AIRCRAFT INDUSTRIES INC.,DA 42,433e7d016e43a29c61cdfdc05002e2975cd1f5ee89d83e3e0655b6f92c60abf4,True,3
72066,26512,240926_ML.npy,2026-09-25,2026-09-25 04:35:13.295152,7C0D65,DA42,DIAMOND AIRCRAFT INDUSTRIES INC.,DA 42,6cbe5135f36b61942b47fcd55f0049194b966df7560f6a396fa7eeaa8b6ab050,True,5
72067,26513,240926_ML.npy,2026-09-25,2026-09-25 04:35:15.696417,7C0D65,DA42,DIAMOND AIRCRAFT INDUSTRIES INC.,DA 42,6cbe5135f36b61942b47fcd55f0049194b966df7560f6a396fa7eeaa8b6ab050,True,3
72073,26519,240926_ML.npy,2026-09-25,2026-09-25 04:35:18.552339,7C0D65,DA42,DIAMOND AIRCRAFT INDUSTRIES INC.,DA 42,f73cd7eb5d561e289fa1c9b289e873abf6c03f4afdabf4bee03b1218680c76ee,True,1
72075,26521,240926_ML.npy,2026-09-25,2026-09-25 04:35:20.938555,7C0D65,DA42,DIAMOND AIRCRAFT INDUSTRIES INC.,DA 42,eeb8f266d5b57f49e70ff512885e2c702dcb1f08b960ea7ef70ec213b632fcf6,True,2
72077,26523,240926_ML.npy,2026-09-25,2026-09-25 04:35:21.411497,7C0D65,DA42,DIAMOND AIRCRAFT INDUSTRIES INC.,DA 42,94df1998f9a60ea7b023df4788af99529b7c599908bc3e2620b9a7153ccd56b0,True,2
72079,26525,240926_ML.npy,2026-09-25,2026-09-25 04:35:22.889115,7C0D65,DA42,DIAMOND AIRCRAFT INDUSTRIES INC.,DA 42,fc3068daabe9434f3b37cb23ad26517ee6082d3dcf7f46a1d7a63d6e041821bc,True,5
72081,26527,240926_ML.npy,2026-09-25,2026-09-25 04:35:23.465727,7C0D65,DA42,DIAMOND AIRCRAFT INDUSTRIES INC.,DA 42,6efc108d7081c7534ff3a6a0db5a58844d527761f9eeab6a45e8d3d40910d45c,True,5
72083,26529,240926_ML.npy,2026-09-25,2026-09-25 04:35:41.397250,7C444D,P28A,PIPER AIRCRAFT CORP,PA-28-181,838a513f7a4b4fd4f9e96b258554d8b5eb3b86d1d90c31201920fc083ca53afc,True,2
72084,26530,240926_ML.npy,2026-09-25,2026-09-25 04:35:41.585125,7C444D,P28A,PIPER AIRCRAFT CORP,PA-28-181,0a712d93c3b436632b6313eca8379ae14858b33e3b9968582f2fdcbbff01ea49,True,4
72085,26531,240926_ML.npy,2026-09-25,2026-09-25 04:35:43.428742,7C444D,P28A,PIPER AIRCRAFT CORP,PA-28-181,6f04bc8fc98dd145a5940ebc36eee96c27910073ac30c218c1e99bb620bb22b5,True,5
72086,26532,240926_ML.npy,2026-09-25,2026-09-25 04:35:44.934426,7C444D,P28A,PIPER AIRCRAFT CORP,PA-28-181,1c0e8557bad08f473b9ca33bbd77272b5fd0121c7d9b2a74ece64767c056bb4c,True,2
72087,26533,240926_ML.npy,2026-09-25,2026-09-25 04:35:47.071956,7C444D,P28A,PIPER AIRCRAFT CORP,PA-28-181,9f33b8de484dbf78e8f81ecfd998f87fd463babe151609bbe4fafe9fbc191eb8,True,3
72088,26534,240926_ML.npy,2026-09-25,2026-09-25 04:35:48.687775,7C444D,P28A,PIPER AIRCRAFT CORP,PA-28-181,1aeda2642eabb1a1d1ca57081272290846336912683b89b7dda7255dc43c6a9a,True,5
72089,26535,240926_ML.npy,2026-09-25,2026-09-25 04:35:49.050010,7C444D,P28A,PIPER AIRCRAFT CORP,PA-28-181,398d676b1719197392f04f1d7092a1e1b1d0d59b95c058a0ab69844d977c185c,True,4
72090,26536,240926_ML.npy,2026-09-25,2026-09-25 04:35:50.221517,7C444D,P28A,PIPER AIRCRAFT CORP,PA-28-181,8e01c7a19fcd5d17f0af02c137383a1801b10b1e13560df8b9d792e9990caf44,True,3
72091,26537,240926_ML.npy,2026-09-25,2026-09-25 04:35:56.639504,7C444D,P28A,PIPER AIRCRAFT CORP,PA-28-181,0a712d93c3b436632b6313eca8379ae14858b33e3b9968582f2fdcbbff01ea49,True,4
72092,26538,240926_ML.npy,2026-09-25,2026-09-25 04:36:04.546676,7C444D,P28A,PIPER AIRCRAFT CORP,PA-28-181,fc04fec496672bd547211d8603697fae00f3d02a3d0ad8ffebec00abf803574c,True,3
72093,26539,240926_ML.npy,2026-09-25,2026-09-25 04:36:09.175781,7C444D,P28A,PIPER AIRCRAFT CORP,PA-28-181,f33449e4fefc28de4809bfb96682db07c0d6ced237f22d7ac4990b0a1537aa98,True,2
72094,26540,240926_ML.npy,2026-09-25,2026-09-25 04:36:17.676068,7C444D,P28A,PIPER AIRCRAFT CORP,PA-28-181,9e49bbe5493c947df71134b4080fc390aa07b67065fafcfe6b356c7b564a5c51,True,4
72095,26541,240926_ML.npy,2026-09-25,2026-09-25 04:36:18.607493,7C444D,P28A,PIPER AIRCRAFT CORP,PA-28-181,38e0525838c5d5183df20e0083a4eeeeff5e80276a60f200ec0274b69b4282fe,True,5
72096,26542,240926_ML.npy,2026-09-25,2026-09-25 04:36:19.055885,7C444D,P28A,PIPER AIRCRAFT CORP,PA-28-181,88a2d7b9d073fc5e70e68ce0163d69c4f4079cfd1a76f332a73aab321f363fc5,True,4
72097,26543,240926_ML.npy,2026-09-25,2026-09-25 04:36:20.820446,7C444D,P28A,PIPER AIRCRAFT CORP,PA-28-181,c14a57e3c87c4ed9cc3f2d31ae766807476908cd844078bcc80a235d8d80bd63,True,1
72098,26544,240926_ML.npy,2026-09-25,2026-09-25 04:36:22.369228,7C444D,P28A,PIPER AIRCRAFT CORP,PA-28-181,b784ee028bcd5e14675d3047e8533b7454bc9c94cf72c3e40648684f7693f640,True,4
72099,26545,240926_ML.npy,2026-09-25,2026-09-25 04:36:24.916872,7C444D,P28A,PIPER AIRCRAFT CORP,PA-28-181,d8ca3e90afb3bc1d4dca52ed572384b0662a75fc6da6c43081f935eb45116e9f,True,2
72100,26546,240926_ML.npy,2026-09-25,2026-09-25 04:36:27.660077,7C444D,P28A,PIPER AIRCRAFT CORP,PA-28-181,787fb911d64540be66ec4bf6bce60c420a05cca7fdefc279daf0b7c9cd56c020,True,1
72101,26547,240926_ML.npy,2026-09-25,2026-09-25 04:36:27.667892,7C444D,P28A,PIPER AIRCRAFT CORP,PA-28-181,d36685bb69723985f2baf62002cecd9bd1855f6825e3587c3141a3ca11dcbb4b,True,5
72102,26548,240926_ML.npy,2026-09-25,2026-09-25 04:36:28.250160,7C444D,P28A,PIPER AIRCRAFT CORP,PA-28-181,11b8c65d57b1ab3c0270be70d96d6bab0b567b88be0f4071cca10fde673526a6,True,2
72103,26549,240926_ML.npy,2026-09-25,2026-09-25 04:36:31.193032,7C444D,P28A,PIPER AIRCRAFT CORP,PA-28-181,14b89de5a268e3d5e2c46d93afa708e184b15b3a54716a38375e002c39eeccdb,True,5
72105,26551,240926_ML.npy,2026-09-25,2026-09-25 04:36:32.242512,7C7AF0,DA40,DIAMOND AIRCRAFT INDUSTRIES INC.,DA 40,2d442e54595c6e011f75053f7d546e18e1e2855ed49082a3272744d2dcefaced,True,2
72108,26554,240926_ML.npy,2026-09-25,2026-09-25 04:36:32.680828,7C444D,P28A,PIPER AIRCRAFT CORP,PA-28-181,2cd254134041560c5d82d4676c50a24a6ec94b16e1fb1bf81e763df4237e20a5,True,2
72110,26556,240926_ML.npy,2026-09-25,2026-09-25 04:36:38.018390,7C444D,P28A,PIPER AIRCRAFT CORP,PA-28-181,c245ba822c6f04e5598ee91efe18f7273193d569e93dac88d6b48f6b7c006631,True,5
72111,26557,240926_ML.npy,2026-09-25,2026-09-25 04:36:38.349690,7C444D,P28A,PIPER AIRCRAFT CORP,PA-28-181,698263e8030689df84ca506e0cc96dbcfe918495e7c0e0885c541d47fcc05578,True,3
72112,26558,240926_ML.npy,2026-09-25,2026-09-25 04:36:42.163635,7C444D,P28A,PIPER AIRCRAFT CORP,PA-28-181,d8ca3e90afb3bc1d4dca52ed572384b0662a75fc6da6c43081f935eb45116e9f,True,5
72113,26559,240926_ML.npy,2026-09-25,2026-09-25 04:36:44.315119,7C444D,P28A,PIPER AIRCRAFT CORP,PA-28-181,8980e22d4f5c8970b11342c6ffec1e541bbebcc1c119b641cfe5d240ad26d6a7,True,4
72114,26560,240926_ML.npy,2026-09-25,2026-09-25 04:36:50.305856,7C444D,P28A,PIPER AIRCRAFT CORP,PA-28-181,b933ec5d76253ee92dc62446bd8eb1ff51612865022ef44e7e2984f43e01a9e3,True,2
72115,26561,240926_ML.npy,2026-09-25,2026-09-25 04:36:59.401419,7C7AF0,DA40,DIAMOND AIRCRAFT INDUSTRIES INC.,DA 40,ba94cd6e56f411e83485593fdd71f67787672ee8227cb767d0f846601893776c,True,4
72116,26562,240926_ML.npy,2026-09-25,2026-09-25 04:37:04.093287,7C444D,P28A,PIPER AIRCRAFT CORP,PA-28-181,7060af00f751651572dbf96b3c4f28b0c7242c4f941a73c5a76934809340b49b,True,5
72117,26563,240926_ML.npy,2026-09-25,2026-09-25 04:37:17.642615,7C444D,P28A,PIPER AIRCRAFT CORP,PA-28-181,b64a9046da6c6a7e8438253f56a886d0411105d0c7b8b9ad63b3ecf10a82bdf2,True,5
72119,26565,240926_ML.npy,2026-09-25,2026-09-25 04:37:30.323945,7C0D65,DA42,DIAMOND AIRCRAFT INDUSTRIES INC.,DA 42,f6346866a1382d1264e64a1d304c0e0e5baf25ed635804c4e12df94f8fa37973,True,1
72120,26566,240926_ML.npy,2026-09-25,2026-09-25 04:37:30.327986,7C0D65,DA42,DIAMOND AIRCRAFT INDUSTRIES INC.,DA 42,ec77a166e8d3d0c2c30f9876724a395088600f7071a34d570e09488f90bf0e26,True,3
72122,26568,240926_ML.npy,2026-09-25,2026-09-25 04:37:31.651153,7C0D65,DA42,DIAMOND AIRCRAFT INDUSTRIES INC.,DA 42,1fbedbedcb71a1e370af9381b02994381d322991dc132d480db0a737845a1705,True,3
72123,26569,240926_ML.npy,2026-09-25,2026-09-25 04:37:31.764152,7C0D65,DA42,DIAMOND AIRCRAFT INDUSTRIES INC.,DA 42,0dd3ef4df4053eccfa6ba3f4ea12d6fd8cac45fbed0de214472fd9601b899b71,True,5
72131,26577,240926_ML.npy,2026-09-25,2026-09-25 04:37:38.639428,7C7B60,DA40,DIAMOND AIRCRAFT INDUSTRIES INC.,DA 40,4a8f78406760fc1d568d58b9f8f9c551beb681f8aee5fe8c313514bfef609934,True,4
72133,26579,240926_ML.npy,2026-09-25,2026-09-25 04:37:40.664207,7C444D,P28A,PIPER AIRCRAFT CORP,PA-28-181,d24db584cf05d00abf1a189bf0e6e299ac0a8433a4d6474c1357b8846db097e3,True,1
72140,26586,240926_ML.npy,2026-09-25,2026-09-25 04:37:50.314757,7C7B60,DA40,DIAMOND AIRCRAFT INDUSTRIES INC.,DA 40,494241a163b88902175457e3c1ed1025ac569d2799de87c3d1671c4eeead5ce1,True,5
72153,26599,240926_ML.npy,2026-09-25,2026-09-25 04:38:08.069282,7C444D,P28A,PIPER AIRCRAFT CORP,PA-28-181,f4824238e67d7c82dcfbf03cfc65fafe87683679186617c515b7113853be3e40,True,5
72200,26646,240926_ML.npy,2026-09-25,2026-09-25 04:40:34.765592,7C0D65,DA42,DIAMOND AIRCRAFT INDUSTRIES INC.,DA 42,c3474f2bae2c723a9573230af4f6b09f7250c1abd041f1b7e93d4f5013ba2702,True,4
72201,26647,240926_ML.npy,2026-09-25,2026-09-25 04:40:37.803229,7C0D65,DA42,DIAMOND AIRCRAFT INDUSTRIES INC.,DA 42,04b686c1dec303818333a823dea86669591a2b34efd8efd724eb57585ffe13ec,True,3
72202,26648,240926_ML.npy,2026-09-25,2026-09-25 04:40:39.831717,7C0D65,DA42,DIAMOND AIRCRAFT INDUSTRIES INC.,DA 42,9c7f90675fbd6917a528bd192e6e58a554f8db7aaf77e7deda903e63c81c893f,True,3
72204,26650,240926_ML.npy,2026-09-25,2026-09-25 04:40:41.463574,7C0D65,DA42,DIAMOND AIRCRAFT INDUSTRIES INC.,DA 42,4d359573f2b572ab4ecf47d4c6efa562f6fad94bba4f6cac2d9289923864ae8d,True,5
72205,26651,240926_ML.npy,2026-09-25,2026-09-25 04:40:41.950133,7C0D65,DA42,DIAMOND AIRCRAFT INDUSTRIES INC.,DA 42,3fd1f4ae1cae23a20e5b64e1fcaadaa0ed1c469705d0fcb5ebfff1f4f5b79c5d,True,4
72206,26652,240926_ML.npy,2026-09-25,2026-09-25 04:40:41.953277,7C0D65,DA42,DIAMOND AIRCRAFT INDUSTRIES INC.,DA 42,b3371da470e77c01e149df42b4f56f62faf7a368b5cf2b767b71dceb2ae9e886,True,3
72207,26653,240926_ML.npy,2026-09-25,2026-09-25 04:40:42.444234,7C0D65,DA42,DIAMOND AIRCRAFT INDUSTRIES INC.,DA 42,5138d7e177c43ae2920839b8195d7f69677c5ed55d9617e15a13363f86cea5e6,True,2
72208,26654,240926_ML.npy,2026-09-25,2026-09-25 04:40:42.450050,7C0D65,DA42,DIAMOND AIRCRAFT INDUSTRIES INC.,DA 42,e84fad6ea5719e99245bc5c688c4b8e5b76f2107821f6d533bccd514e92ea636,True,2
72209,26655,240926_ML.npy,2026-09-25,2026-09-25 04:40:44.074672,7C0D65,DA42,DIAMOND AIRCRAFT INDUSTRIES INC.,DA 42,392c95c2ff8127883ef852c3f79ce6d8d7a66c291b0c8bb2f51d35c547fbda43,True,2
72214,26660,240926_ML.npy,2026-09-25,2026-09-25 04:40:51.923184,7C0D65,DA42,DIAMOND AIRCRAFT INDUSTRIES INC.,DA 42,7f1efa6de3ef8c5fa68f8203ef30fc4a4799433ffdc48c53ef81455e2d56b3e5,True,2
72217,26663,240926_ML.npy,2026-09-25,2026-09-25 04:40:54.383253,7C0D65,DA42,DIAMOND AIRCRAFT INDUSTRIES INC.,DA 42,be74f9c9e17d070febf11b2a9f1057de648638d4b47e1de793ebf6cbf3fe6b6a,True,5
72219,26665,240926_ML.npy,2026-09-25,2026-09-25 04:40:54.956658,7C0D65,DA42,DIAMOND AIRCRAFT INDUSTRIES INC.,DA 42,5c96c69315debd21ba223fd2c570788d003df1d5d95e67467749297887c8858d,True,5
72220,26666,240926_ML.npy,2026-09-25,2026-09-25 04:40:55.491838,7C0D65,DA42,DIAMOND AIRCRAFT INDUSTRIES INC.,DA 42,287e96f3a7c6f0da1235baeb819c5aee0efd31f832abb0d168dee5a3ade04f04,True,1
72221,26667,240926_ML.npy,2026-09-25,2026-09-25 04:40:55.498200,7C0D65,DA42,DIAMOND AIRCRAFT INDUSTRIES INC.,DA 42,a13a32931f0865818454f08f178b3879798b33bd61a856a8661386e1b2f7313e,True,5
72223,26669,240926_ML.npy,2026-09-25,2026-09-25 04:40:55.919428,7C0D65,DA42,DIAMOND AIRCRAFT INDUSTRIES INC.,DA 42,1fbedbedcb71a1e370af9381b02994381d322991dc132d480db0a737845a1705,True,3
72228,26674,240926_ML.npy,2026-09-25,2026-09-25 04:40:58.727714,7C0D65,DA42,DIAMOND AIRCRAFT INDUSTRIES INC.,DA 42,445998501d98511fa6485a4be6d79e306ccbc0871d4404059bab001f40709780,True,2
72232,26678,240926_ML.npy,2026-09-25,2026-09-25 04:41:01.563800,7C0D65,DA42,DIAMOND AIRCRAFT INDUSTRIES INC.,DA 42,6cbe5135f36b61942b47fcd55f0049194b966df7560f6a396fa7eeaa8b6ab050,True,2
72233,26679,240926_ML.npy,2026-09-25,2026-09-25 04:41:04.568781,7C0D65,DA42,DIAMOND AIRCRAFT INDUSTRIES INC.,DA 42,1fbedbedcb71a1e370af9381b02994381d322991dc132d480db0a737845a1705,True,5
72234,26680,240926_ML.npy,2026-09-25,2026-09-25 04:41:09.628231,7C0D65,DA42,DIAMOND AIRCRAFT INDUSTRIES INC.,DA 42,1ff8a7078b6af0332c2665d02ee8e00d29a783ac955d4fc105a429a10725b0c3,True,1
72235,26681,240926_ML.npy,2026-09-25,2026-09-25 04:41:11.645148,7C6C18,C172,CESSNA AIRCRAFT COMPANY,172S,a5220a49f50702109951c482d7fe9cedc4682771f42647e68489be86a671c718,True,4
72237,26683,240926_ML.npy,2026-09-25,2026-09-25 04:41:13.234415,7C0D65,DA42,DIAMOND AIRCRAFT INDUSTRIES INC.,DA 42,1fbedbedcb71a1e370af9381b02994381d322991dc132d480db0a737845a1705,True,5
72238,26684,240926_ML.npy,2026-09-25,2026-09-25 04:41:17.574770,7C0D65,DA42,DIAMOND AIRCRAFT INDUSTRIES INC.,DA 42,04b686c1dec303818333a823dea86669591a2b34efd8efd724eb57585ffe13ec,True,5
72245,26691,240926_ML.npy,2026-09-25,2026-09-25 04:41:31.040549,7C0D65,DA42,DIAMOND AIRCRAFT INDUSTRIES INC.,DA 42,4fb23f926c18435157d1abb24496c60db8a03ce748945695b594735a1f946aba,True,4
72247,26693,240926_ML.npy,2026-09-25,2026-09-25 04:41:34.045772,7C0D65,DA42,DIAMOND AIRCRAFT INDUSTRIES INC.,DA 42,cee0fc56bc387882dcf1b50d2a4ac70adcdf36bfce5750d70055142ddd643601,True,4
72248,26694,240926_ML.npy,2026-09-25,2026-09-25 04:41:34.050390,7C0D65,DA42,DIAMOND AIRCRAFT INDUSTRIES INC.,DA 42,73e7056d6439a7616656cd75c5fef1122782ea22b8940997118151400f37aaff,True,2
72255,26701,240926_ML.npy,2026-09-25,2026-09-25 04:41:50.097352,7C444D,P28A,PIPER AIRCRAFT CORP,PA-28-181,6aa6170d3d2d7eb829eebf4daea18b4a80f4a3c37a5298021c1ec891175ee977,True,1
72256,26702,240926_ML.npy,2026-09-25,2026-09-25 04:41:50.121787,7C444D,P28A,PIPER AIRCRAFT CORP,PA-28-181,d8ca3e90afb3bc1d4dca52ed572384b0662a75fc6da6c43081f935eb45116e9f,True,3
72257,26703,240926_ML.npy,2026-09-25,2026-09-25 04:41:52.413318,7C444D,P28A,PIPER AIRCRAFT CORP,PA-28-181,2f1adc80834355e0f4abd89be4ceb703eab53a89379a19a1c97f752136ca7267,True,5
72258,26704,240926_ML.npy,2026-09-25,2026-09-25 04:41:52.856811,7C444D,P28A,PIPER AIRCRAFT CORP,PA-28-181,5cccca950bd510eaf3c86f6e59811d08c8a3656dc6f08b41f20dc6886996d52c,True,1
72259,26705,240926_ML.npy,2026-09-25,2026-09-25 04:41:54.413069,7C444D,P28A,PIPER AIRCRAFT CORP,PA-28-181,6ede771986e628698a9acce1783a5b7a0e106746172f5dded588e2a2543965ea,True,2
72260,26706,240926_ML.npy,2026-09-25,2026-09-25 04:41:54.878811,7C444D,P28A,PIPER AIRCRAFT CORP,PA-28-181,bdbea92283397c39fbb177d0e95a1912f7416a11383c2ccf93c282201996d94c,True,4
72261,26707,240926_ML.npy,2026-09-25,2026-09-25 04:41:55.988395,7C444D,P28A,PIPER AIRCRAFT CORP,PA-28-181,094561673855378d4f29d9345713c5dc8eca20d2c97e6a6e7d0c2913e2a2faf1,True,3
72262,26708,240926_ML.npy,2026-09-25,2026-09-25 04:41:57.435987,7C444D,P28A,PIPER AIRCRAFT CORP,PA-28-181,24e27d618dc6c8b4aafb838780c6d37b6a9bc4b8f33065851d3a33a29021a5dc,True,4
72263,26709,240926_ML.npy,2026-09-25,2026-09-25 04:41:57.484136,7C444D,P28A,PIPER AIRCRAFT CORP,PA-28-181,d8ca3e90afb3bc1d4dca52ed572384b0662a75fc6da6c43081f935eb45116e9f,True,1
72264,26710,240926_ML.npy,2026-09-25,2026-09-25 04:41:59.763893,7C444D,P28A,PIPER AIRCRAFT CORP,PA-28-181,0e31a80ac48ae53855279d9ca64b0d026c5ff784207db2243d9f828b3ccf51bf,True,3
72265,26711,240926_ML.npy,2026-09-25,2026-09-25 04:42:00.707822,7C444D,P28A,PIPER AIRCRAFT CORP,PA-28-181,1c2e0ff0d6f161fa9372ac6b3d58e9ed888243ab7c4babd3f7029ec2aefd1048,True,3
72266,26712,240926_ML.npy,2026-09-25,2026-09-25 04:42:02.809227,7C444D,P28A,PIPER AIRCRAFT CORP,PA-28-181,fe339bc0159bd93bbe9eddcdcb68ced8d3ad09a5d64e1f17ae59eafc7192e2f9,True,1
72267,26713,240926_ML.npy,2026-09-25,2026-09-25 04:42:03.079306,7C444D,P28A,PIPER AIRCRAFT CORP,PA-28-181,5c8ffd759d1ec9a5447925cc338f211c71a716070e3d1be30b5004534b0257e6,True,4
72268,26714,240926_ML.npy,2026-09-25,2026-09-25 04:42:03.275402,7C444D,P28A,PIPER AIRCRAFT CORP,PA-28-181,1db4ee69b5ebb4dfa2686065e32ace1ebe0a62424b8bfd641fc4d9555c786c5e,True,4
72269,26715,240926_ML.npy,2026-09-25,2026-09-25 04:42:05.363188,7C444D,P28A,PIPER AIRCRAFT CORP,PA-28-181,ee4da2c0e0fd3158cd718d45253ad849fb09c55860de7e46d38512d4361e622d,True,1
72270,26716,240926_ML.npy,2026-09-25,2026-09-25 04:42:05.600510,7C444D,P28A,PIPER AIRCRAFT CORP,PA-28-181,590b2ee827aa573aab4c3d1e0d979d78d1b43ddade0b1c93e1788abb6ecbeec0,True,3
72271,26717,240926_ML.npy,2026-09-25,2026-09-25 04:42:06.032751,7C444D,P28A,PIPER AIRCRAFT CORP,PA-28-181,b409c223db6059f1b4d923792059be0c5c9bb6f8306e9dfe85f6b864357f1c62,True,5
72272,26718,240926_ML.npy,2026-09-25,2026-09-25 04:42:08.338226,7C444D,P28A,PIPER AIRCRAFT CORP,PA-28-181,c98dd250be1eb02459d5f56d6f57d98605c3ec1e3683c2125c0efa73a6f15fa0,True,5
72273,26719,240926_ML.npy,2026-09-25,2026-09-25 04:42:09.408139,7C444D,P28A,PIPER AIRCRAFT CORP,PA-28-181,77d8848afee77c387830d617ec99633a97f1912adb18d7c3a296a7bbe06e81be,True,4
72274,26720,240926_ML.npy,2026-09-25,2026-09-25 04:42:09.913853,7C444D,P28A,PIPER AIRCRAFT CORP,PA-28-181,bdbea92283397c39fbb177d0e95a1912f7416a11383c2ccf93c282201996d94c,True,4
72275,26721,240926_ML.npy,2026-09-25,2026-09-25 04:42:10.529762,7C444D,P28A,PIPER AIRCRAFT CORP,PA-28-181,f9f94eaf7782c39be5b5eb551e9343b60a7d7544b1ad0df15f2e520e1c35b28f,True,5
72276,26722,240926_ML.npy,2026-09-25,2026-09-25 04:42:13.664892,7C444D,P28A,PIPER AIRCRAFT CORP,PA-28-181,d00382ccd635d760587e6873a78c3f2e530e5268684c2c72d7171a4df3027b8b,True,3
72277,26723,240926_ML.npy,2026-09-25,2026-09-25 04:42:13.757237,7C444D,P28A,PIPER AIRCRAFT CORP,PA-28-181,b6a4c8ebdd937c9caefdcfb93a6b0bd53f53c7412eaf6899ddf00353c9f9e2b8,True,3
72278,26724,240926_ML.npy,2026-09-25,2026-09-25 04:42:14.752539,7C444D,P28A,PIPER AIRCRAFT CORP,PA-28-181,92fe047e04789a297f06b320a5f3ee59855593e83086e0c665a61812ba61f0a9,True,1
72279,26725,240926_ML.npy,2026-09-25,2026-09-25 04:42:15.208913,7C444D,P28A,PIPER AIRCRAFT CORP,PA-28-181,d8ca3e90afb3bc1d4dca52ed572384b0662a75fc6da6c43081f935eb45116e9f,True,2
72280,26726,240926_ML.npy,2026-09-25,2026-09-25 04:42:15.262801,7C444D,P28A,PIPER AIRCRAFT CORP,PA-28-181,c67432ce6968f1570b066ae670618ba97662f26257daad3e90cf39f49da60237,True,2
72281,26727,240926_ML.npy,2026-09-25,2026-09-25 04:42:17.302603,7C444D,P28A,PIPER AIRCRAFT CORP,PA-28-181,0e447e307b2c676ec0093ecbe27fb73c6ba679b7d80faa5c9d67fccfdf1ae97a,True,3
72282,26728,240926_ML.npy,2026-09-25,2026-09-25 04:42:18.845933,7C444D,P28A,PIPER AIRCRAFT CORP,PA-28-181,0656ba32b19358411abc683fc6eded220a479053138fe818a5d35f4ae4d4a33d,True,2
72283,26729,240926_ML.npy,2026-09-25,2026-09-25 04:42:19.880069,7C444D,P28A,PIPER AIRCRAFT CORP,PA-28-181,bdbea92283397c39fbb177d0e95a1912f7416a11383c2ccf93c282201996d94c,True,4
72284,26730,240926_ML.npy,2026-09-25,2026-09-25 04:42:20.649789,7C444D,P28A,PIPER AIRCRAFT CORP,PA-28-181,fe4bccedb4f842990e26d227b09d7985c4dd3337563a747917128965f7bf0a50,True,3
72285,26731,240926_ML.npy,2026-09-25,2026-09-25 04:42:22.387582,7C444D,P28A,PIPER AIRCRAFT CORP,PA-28-181,0a712d93c3b436632b6313eca8379ae14858b33e3b9968582f2fdcbbff01ea49,True,4
72286,26732,240926_ML.npy,2026-09-25,2026-09-25 04:42:28.644370,7C444D,P28A,PIPER AIRCRAFT CORP,PA-28-181,6499b76f3241c4625c8267ce8925857cdaf165a891c90e75195f9606e324810b,True,4
72287,26733,240926_ML.npy,2026-09-25,2026-09-25 04:42:32.799500,7C444D,P28A,PIPER AIRCRAFT CORP,PA-28-181,d8ca3e90afb3bc1d4dca52ed572384b0662a75fc6da6c43081f935eb45116e9f,True,5
72288,26734,240926_ML.npy,2026-09-25,2026-09-25 04:42:36.960160,7C444D,P28A,PIPER AIRCRAFT CORP,PA-28-181,a011283205d3861b17f9989ca9c626c4789bd63a165a793ac6cbb70f65b20016,True,5
72289,26735,240926_ML.npy,2026-09-25,2026-09-25 04:42:37.158310,7C444D,P28A,PIPER AIRCRAFT CORP,PA-28-181,0a712d93c3b436632b6313eca8379ae14858b33e3b9968582f2fdcbbff01ea49,True,1
72290,26736,240926_ML.npy,2026-09-25,2026-09-25 04:42:37.388678,7C444D,P28A,PIPER AIRCRAFT CORP,PA-28-181,665e69399f7d406cf68094b0d5777eb18662100c49a678bc38d0017cc8e70c1a,True,5
72291,26737,240926_ML.npy,2026-09-25,2026-09-25 04:42:37.764526,7C444D,P28A,PIPER AIRCRAFT CORP,PA-28-181,d8ca3e90afb3bc1d4dca52ed572384b0662a75fc6da6c43081f935eb45116e9f,True,1
72292,26738,240926_ML.npy,2026-09-25,2026-09-25 04:42:37.834578,7C444D,P28A,PIPER AIRCRAFT CORP,PA-28-181,72558e5dfc05a802a64d422760143ae65c87aec1cbdabbd6420e71ff163029a0,True,5
72293,26739,240926_ML.npy,2026-09-25,2026-09-25 04:42:47.924392,7C444D,P28A,PIPER AIRCRAFT CORP,PA-28-181,c2cd3c0454f2829b9cf173039986ef96eeb349c66f391320b1c590021f2ade99,True,3
72294,26740,240926_ML.npy,2026-09-25,2026-09-25 04:42:56.531812,7C1687,DA40,DIAMOND AIRCRAFT INDUSTRIES INC.,DA 40,f2e39b09c4144b38be24359318df910a6c2416e88adbb597774a059b84ce15c5,True,4
72313,26759,240926_ML.npy,2026-09-25,2026-09-25 04:43:19.539820,7C1687,DA40,DIAMOND AIRCRAFT INDUSTRIES INC.,DA 40,8ec095a99ee4ccef5d8fc0b7b5ea6fa5061758e9f7c748ff43f6be038e8c1e6e,True,2
72323,26769,240926_ML.npy,2026-09-25,2026-09-25 04:43:29.795989,7C444D,P28A,PIPER AIRCRAFT CORP,PA-28-181,0124ad1b2eb39cdb99ee3dd95395c202cbc6409166780fa417b4a45e869cd700,True,1
72326,26772,240926_ML.npy,2026-09-25,2026-09-25 04:43:31.590022,7C444D,P28A,PIPER AIRCRAFT CORP,PA-28-181,671929ea5d29c6347276a8960bfc9a655e61f79f3a20f86c0cee0daa23e30f90,True,2
72342,26788,240926_ML.npy,2026-09-25,2026-09-25 04:43:44.367372,7C7B60,DA40,DIAMOND AIRCRAFT INDUSTRIES INC.,DA 40,84000d5669027a22e944e41ab33b98f243bb2fcb1d24948c0092697c3866c483,True,2
72357,26803,240926_ML.npy,2026-09-25,2026-09-25 04:44:09.062824,7C444D,P28A,PIPER AIRCRAFT CORP,PA-28-181,19024809ff02954a32cd2d0f5ed6afd0321ce4e8d39bd98786191d50482ce8c2,True,2
72359,26805,240926_ML.npy,2026-09-25,2026-09-25 04:44:12.372091,7C0D65,DA42,DIAMOND AIRCRAFT INDUSTRIES INC.,DA 42,433e7d016e43a29c61cdfdc05002e2975cd1f5ee89d83e3e0655b6f92c60abf4,True,5
72360,26806,240926_ML.npy,2026-09-25,2026-09-25 04:44:13.583094,7C1687,DA40,DIAMOND AIRCRAFT INDUSTRIES INC.,DA 40,0c3380dd503360db0c74e77a14471f52a3835390e84065aaeed7a78d0c840585,True,5
72367,26813,240926_ML.npy,2026-09-25,2026-09-25 04:44:37.966368,7C0D65,DA42,DIAMOND AIRCRAFT INDUSTRIES INC.,DA 42,04b686c1dec303818333a823dea86669591a2b34efd8efd724eb57585ffe13ec,True,5
72372,26818,240926_ML.npy,2026-09-25,2026-09-25 04:44:42.601118,7C0D65,DA42,DIAMOND AIRCRAFT INDUSTRIES INC.,DA 42,5e7f39f0690a6c3fb4df52dc6fe4e78ef83fca4d2b656253ecf6a15eb9750c19,True,3
72422,26868,240926_ML.npy,2026-09-25,2026-09-25 04:47:16.504547,7C0D65,DA42,DIAMOND AIRCRAFT INDUSTRIES INC.,DA 42,6866914110b3ae18be036fa75f75a2ab55fe2810ee03c56e958b6b8e6a81ad18,True,3
72423,26869,240926_ML.npy,2026-09-25,2026-09-25 04:47:17.468860,7C0D65,DA42,DIAMOND AIRCRAFT INDUSTRIES INC.,DA 42,433e7d016e43a29c61cdfdc05002e2975cd1f5ee89d83e3e0655b6f92c60abf4,True,5
72428,26874,240926_ML.npy,2026-09-25,2026-09-25 04:47:22.136813,7C0D65,DA42,DIAMOND AIRCRAFT INDUSTRIES INC.,DA 42,52c91dae9525cf22efd0765911c0138c39bfcfa185d216ed75c2e0eee515bb0d,True,3
72430,26876,240926_ML.npy,2026-09-25,2026-09-25 04:47:24.116712,7C0D65,DA42,DIAMOND AIRCRAFT INDUSTRIES INC.,DA 42,3b6466010384e354c3ae653c8d3b88734c577afe87e290c73a1f01d658476d1b,True,3
72432,26878,240926_ML.npy,2026-09-25,2026-09-25 04:47:25.553191,7C0D65,DA42,DIAMOND AIRCRAFT INDUSTRIES INC.,DA 42,caa067df1b1278a0444e6cca854d2074f60aafb7f10bfb63c241b5001ab82a82,True,4
72433,26879,240926_ML.npy,2026-09-25,2026-09-25 04:47:27.642093,7C0D65,DA42,DIAMOND AIRCRAFT INDUSTRIES INC.,DA 42,11f24456a4f9bdd5480e8227c23cf2361c5738db98ed4780a37292e4d798d785,True,3
72434,26880,240926_ML.npy,2026-09-25,2026-09-25 04:47:31.108934,7C0D65,DA42,DIAMOND AIRCRAFT INDUSTRIES INC.,DA 42,0df1733c3e7cda2c51cc8045466ea1660aa5e3c806c1607f0ac4f957951cd1f7,True,4
72436,26882,240926_ML.npy,2026-09-25,2026-09-25 04:47:33.223403,7C0D65,DA42,DIAMOND AIRCRAFT INDUSTRIES INC.,DA 42,1fbedbedcb71a1e370af9381b02994381d322991dc132d480db0a737845a1705,True,5
72437,26883,240926_ML.npy,2026-09-25,2026-09-25 04:47:35.414123,7C0D65,DA42,DIAMOND AIRCRAFT INDUSTRIES INC.,DA 42,2037a16b977148fe05955ab19b9c58378f170f0744cf4d315435858daf422e61,True,1
72439,26885,240926_ML.npy,2026-09-25,2026-09-25 04:47:38.725949,7C0D65,DA42,DIAMOND AIRCRAFT INDUSTRIES INC.,DA 42,9b69186f05d887fb64f11bca18631c9bb74b3a39f3184ee00f9eb743496dacbb,True,3
72440,26886,240926_ML.npy,2026-09-25,2026-09-25 04:47:38.729773,7C0D65,DA42,DIAMOND AIRCRAFT INDUSTRIES INC.,DA 42,6c8439a624345e5483284a79949ed8c7b0c97e280272a3cac64c91c86529646e,True,1
72445,26891,240926_ML.npy,2026-09-25,2026-09-25 04:47:42.255441,7C0D65,DA42,DIAMOND AIRCRAFT INDUSTRIES INC.,DA 42,f4af38023c8082f02f03ed44a0f81e8fe6fe019e4d9d9d6eb16e9407fdbf4f62,True,4
72447,26893,240926_ML.npy,2026-09-25,2026-09-25 04:47:47.235870,7C0D65,DA42,DIAMOND AIRCRAFT INDUSTRIES INC.,DA 42,433e7d016e43a29c61cdfdc05002e2975cd1f5ee89d83e3e0655b6f92c60abf4,True,2
72448,26894,240926_ML.npy,2026-09-25,2026-09-25 04:47:52.085057,7C0D65,DA42,DIAMOND AIRCRAFT INDUSTRIES INC.,DA 42,15be7daf714b09107ecce55a3510713a8139c8f1f90045e6b634f26b7a3bca62,True,3
72452,26898,240926_ML.npy,2026-09-25,2026-09-25 04:47:55.852177,7C0D65,DA42,DIAMOND AIRCRAFT INDUSTRIES INC.,DA 42,1fbedbedcb71a1e370af9381b02994381d322991dc132d480db0a737845a1705,True,3
72464,26910,240926_ML.npy,2026-09-25,2026-09-25 04:48:15.864283,7C1697,DA40,DIAMOND AIRCRAFT INDUSTRIES INC.,DA 40,5257924701f7aca162139b2b4431026016dd1231fed59e87a174f790270f5571,True,5
72500,26946,240926_ML.npy,2026-09-25,2026-09-25 04:48:38.360742,7C7B60,DA40,DIAMOND AIRCRAFT INDUSTRIES INC.,DA 40,676722312c4a5c07971193307a63c5b4b5724f82e78b12587ccbb390af2ac572,True,1
72520,26966,240926_ML.npy,2026-09-25,2026-09-25 04:48:52.918947,7C1697,DA40,DIAMOND AIRCRAFT INDUSTRIES INC.,DA 40,5180fda9f8e748c18f2aaefe297abd2bedc167db14738525cf385b4df8541ba1,True,1
72528,26974,240926_ML.npy,2026-09-25,2026-09-25 04:49:01.486161,7C0D65,DA42,DIAMOND AIRCRAFT INDUSTRIES INC.,DA 42,6333b583301d3817e758454823d9be65ef2cd6936fcafb3b44ab9a0802f5277b,True,2
72530,26976,240926_ML.npy,2026-09-25,2026-09-25 04:49:05.573393,7C0D65,DA42,DIAMOND AIRCRAFT INDUSTRIES INC.,DA 42,b06b6cfe7dfeed345227459d5eb998b20d580d43a5c74bc149fe9acb6dbbf0e1,True,5
72531,26977,240926_ML.npy,2026-09-25,2026-09-25 04:49:05.922861,7C7B60,DA40,DIAMOND AIRCRAFT INDUSTRIES INC.,DA 40,84000d5669027a22e944e41ab33b98f243bb2fcb1d24948c0092697c3866c483,True,3
72537,26983,240926_ML.npy,2026-09-25,2026-09-25 04:49:09.047686,7C0D65,DA42,DIAMOND AIRCRAFT INDUSTRIES INC.,DA 42,5937b08a59aa9b349ec58113261ac25f6d6826c5876dd42cf89fa0f4304ef414,True,4
72539,26985,240926_ML.npy,2026-09-25,2026-09-25 04:49:10.389385,7C1697,DA40,DIAMOND AIRCRAFT INDUSTRIES INC.,DA 40,9426dfa64db48908f9a17d2b483662d1104c3a84c6c867662bc4a60e9e2bac99,True,1
72543,26989,240926_ML.npy,2026-09-25,2026-09-25 04:49:13.619061,7C0D65,DA42,DIAMOND AIRCRAFT INDUSTRIES INC.,DA 42,51c1febf90ef60d88c8b2ed8ef565574ab6de25a9dd71e766c0118d3a1a4b41d,True,3
72545,26991,240926_ML.npy,2026-09-25,2026-09-25 04:49:14.060083,7C0D65,DA42,DIAMOND AIRCRAFT INDUSTRIES INC.,DA 42,fb68d71ea044d14f75bf740428a975dbb17a4373ecb2484df37998d466a95738,True,3
72549,26995,240926_ML.npy,2026-09-25,2026-09-25 04:49:17.246132,7C7B60,DA40,DIAMOND AIRCRAFT INDUSTRIES INC.,DA 40,f803d50d636cc134fb8db0f5d863698c7ba7d19ee84b5c5ac25d51601c51c349,True,4
72614,27060,240926_ML.npy,2026-09-25,2026-09-25 04:54:05.741113,7C7B60,DA40,DIAMOND AIRCRAFT INDUSTRIES INC.,DA 40,ad33fd1880bb6da277fc047f694eeed2cdf7441aa6ecfbcd607b234637599e1f,True,3
72624,27070,240926_ML.npy,2026-09-25,2026-09-25 04:54:17.411921,7C7B60,DA40,DIAMOND AIRCRAFT INDUSTRIES INC.,DA 40,2e32f304f2448f7da297d04330549c382c2be14b0a2b842c8ae720aad2faca5b,True,5
72628,27074,240926_ML.npy,2026-09-25,2026-09-25 04:54:20.846134,7C7B60,DA40,DIAMOND AIRCRAFT INDUSTRIES INC.,DA 40,ce1e77e1e0aeaecc7dcf918d59afebe82023ef23145d6903574f633de4ddbb3a,True,2
72716,27162,240926_ML.npy,2026-09-25,2026-09-25 04:58:11.399676,7C7C2E,DA40,DIAMOND AIRCRAFT INDUSTRIES INC.,DA 40,4cb91fb81eb4e693f7f71499eb3fc7dd686d5aea1db1650afda39441681dd4f2,True,4
72717,27163,240926_ML.npy,2026-09-25,2026-09-25 04:58:11.405499,7C7C2E,DA40,DIAMOND AIRCRAFT INDUSTRIES INC.,DA 40,e39cf1086d9ad60d4fd3aa8054b90c124e831f2e7912e1aad3f1178d641c1513,True,4
72727,27173,240926_ML.npy,2026-09-25,2026-09-25 04:58:22.391926,7C7C2E,DA40,DIAMOND AIRCRAFT INDUSTRIES INC.,DA 40,69a20def3bd2d849af8f982b741d5ca404af177d5c35e172a2f8474f7892f88b,True,1
72755,27201,240926_ML.npy,2026-09-25,2026-09-25 05:00:10.663891,7C7B60,DA40,DIAMOND AIRCRAFT INDUSTRIES INC.,DA 40,016c1dab1f07429264a8017318fa342e80f8e3bd84622ff27f7b5cb1f03e57db,True,2
72857,27303,240926_ML.npy,2026-09-25,2026-09-25 05:01:54.015170,7C7B65,DA40,DIAMOND AIRCRAFT INDUSTRIES INC.,DA 40,7f7ac80abf1f3211087982055faff35f13988f0684aff46b49724cc26ca2be4f,True,4
72858,27304,240926_ML.npy,2026-09-25,2026-09-25 05:01:56.853563,7C7B65,DA40,DIAMOND AIRCRAFT INDUSTRIES INC.,DA 40,9a72189592371bf1e55aa985e47dfec828a31ee0c34fdbb4c242fbbb0d5f245b,True,5
72871,27317,240926_ML.npy,2026-09-25,2026-09-25 05:02:07.698942,7C7B65,DA40,DIAMOND AIRCRAFT INDUSTRIES INC.,DA 40,2a5c812a597a6f1fb838a9cfee4b9e4762458d2e91c8299ed71f70a040863f3e,True,5
72875,27321,240926_ML.npy,2026-09-25,2026-09-25 05:02:11.266858,7C7B65,DA40,DIAMOND AIRCRAFT INDUSTRIES INC.,DA 40,01821b475afeb20cd6cc3fb4215c0e9386245904db42e252b98962b4c8eef4b4,True,2
72890,27336,240926_ML.npy,2026-09-25,2026-09-25 05:02:28.032185,7C7B65,DA40,DIAMOND AIRCRAFT INDUSTRIES INC.,DA 40,092059025e1e000fc6899e80dde4037d1d003b4499531b6d41a2eaa0b7971e65,True,5
72904,27350,240926_ML.npy,2026-09-25,2026-09-25 05:02:48.994668,7C7B65,DA40,DIAMOND AIRCRAFT INDUSTRIES INC.,DA 40,ddb60a92d66f9965ecbf8d577e2cfe460de9fd191b2d772627b39dee4193c8e9,True,3
72913,27359,240926_ML.npy,2026-09-25,2026-09-25 05:04:23.848657,7C41FD,DA40,DIAMOND AIRCRAFT INDUSTRIES INC.,DA 40,91669dd79ba71ec543c3dacad0322ad34e05e84ac5ab166142552213dbdb3bc4,True,1
72920,27366,240926_ML.npy,2026-09-25,2026-09-25 05:04:35.926942,7C41FD,DA40,DIAMOND AIRCRAFT INDUSTRIES INC.,DA 40,272184d0d363493a6a882d6c8d129563d5cacd94bc33740b6ee1fddf987de1cb,True,5
72922,27368,240926_ML.npy,2026-09-25,2026-09-25 05:04:38.195980,7C41FD,DA40,DIAMOND AIRCRAFT INDUSTRIES INC.,DA 40,4d0121f8b8c25ec7498afc2969403136a4cb2c25a418b7f03965729b9c78f9d2,True,4
72927,27373,240926_ML.npy,2026-09-25,2026-09-25 05:04:44.405447,7C41FD,DA40,DIAMOND AIRCRAFT INDUSTRIES INC.,DA 40,4d0121f8b8c25ec7498afc2969403136a4cb2c25a418b7f03965729b9c78f9d2,True,5
72943,27389,240926_ML.npy,2026-09-25,2026-09-25 05:04:55.715038,7C41FD,DA40,DIAMOND AIRCRAFT INDUSTRIES INC.,DA 40,7a0aa021d326e8f9ad3af6071d4e6579a939096b27c69ff97531ae2dbcdedbfd,True,4
72945,27391,240926_ML.npy,2026-09-25,2026-09-25 05:04:56.825437,7C41FD,DA40,DIAMOND AIRCRAFT INDUSTRIES INC.,DA 40,fb5011ee7b94423214fb9a0d19be1304f5fe3acf5d561db7be89328f470d5754,True,5
72956,27402,240926_ML.npy,2026-09-25,2026-09-25 05:05:01.902819,7C41FD,DA40,DIAMOND AIRCRAFT INDUSTRIES INC.,DA 40,a869d565d7866ead71886a3c991273314248c3b35c6232fac48c66cf613731bf,True,1
72963,27409,240926_ML.npy,2026-09-25,2026-09-25 05:05:05.392698,7C7144,C172,CESSNA AIRCRAFT COMPANY,172N,5888541633323b8eec45e744a869e64c7f48ba978a2f9c659bafca87182a6d22,True,3
72969,27415,240926_ML.npy,2026-09-25,2026-09-25 05:05:07.687632,7C168B,DA40,DIAMOND AIRCRAFT INDUSTRIES INC.,DA 40,9ada34ad291cc56911b82332b8369735a6ec8ad89207bbc69dc265d8f1fe9483,True,5
72973,27419,240926_ML.npy,2026-09-25,2026-09-25 05:05:10.983845,7C41FD,DA40,DIAMOND AIRCRAFT INDUSTRIES INC.,DA 40,cc263624f00b87517bcbd4bcb49d88f79a089556ec115dffdfac872866a77142,True,1
72978,27424,240926_ML.npy,2026-09-25,2026-09-25 05:05:13.326082,7C168B,DA40,DIAMOND AIRCRAFT INDUSTRIES INC.,DA 40,2a3774a62f790e4654051e82e803f1b615c70613f1887ca4ac59ec923fdf8277,True,2
72986,27432,240926_ML.npy,2026-09-25,2026-09-25 05:05:15.885901,7C41FD,DA40,DIAMOND AIRCRAFT INDUSTRIES INC.,DA 40,ca3c431819122b2a9e842a54a6e771d97c78dfd9bf3576dcd5186f0cefafb50c,True,4
73000,27446,240926_ML.npy,2026-09-25,2026-09-25 05:05:22.353653,7C168B,DA40,DIAMOND AIRCRAFT INDUSTRIES INC.,DA 40,deec177a98a45a42887034e4028478a3d91f298b43b037f7fc77fb2a1dbef95d,True,5
73013,27459,240926_ML.npy,2026-09-25,2026-09-25 05:05:27.049599,7C168B,DA40,DIAMOND AIRCRAFT INDUSTRIES INC.,DA 40,986b0606577877a13922239004edd3b59df2ea442e4a81b8e5ec287de81a80ab,True,3
73032,27478,240926_ML.npy,2026-09-25,2026-09-25 05:05:38.794146,7C41FD,DA40,DIAMOND AIRCRAFT INDUSTRIES INC.,DA 40,3d65144d3cc9c1784aa9a1c20e0032225fd84cb77c81d1ee52eec3679118130d,True,3
73061,27507,240926_ML.npy,2026-09-25,2026-09-25 05:05:56.696450,7C7144,C172,CESSNA AIRCRAFT COMPANY,172N,b7e5a02057327793ee8f382d196f2ea4c2017f92e6d919d5d186f2118aad2bce,True,4
73063,27509,240926_ML.npy,2026-09-25,2026-09-25 05:05:58.552016,7C7144,C172,CESSNA AIRCRAFT COMPANY,172N,c4929ed061504b0f722de353e20dbc2c1816674e249b32ff129c9b09be99e2d9,True,2
73125,27571,240926_ML.npy,2026-09-25,2026-09-25 05:08:34.540414,7C7144,C172,CESSNA AIRCRAFT COMPANY,172N,fc38623a26469189d19d2e74506e698b7baa1225b82692748598e5d09f5f33cd,True,3
73129,27575,240926_ML.npy,2026-09-25,2026-09-25 05:08:40.927677,7C7144,C172,CESSNA AIRCRAFT COMPANY,172N,6684cc73cfd7807d42c99e8da9e6fa805dad59a3bbe986d5cdda937228478297,True,3
73131,27577,240926_ML.npy,2026-09-25,2026-09-25 05:08:42.239598,7C7144,C172,CESSNA AIRCRAFT COMPANY,172N,1de8debf5abd8017e6342794c04b607983d973973c54881adaa095935611f187,True,2
73136,27582,240926_ML.npy,2026-09-25,2026-09-25 05:08:48.344054,7C7144,C172,CESSNA AIRCRAFT COMPANY,172N,6684cc73cfd7807d42c99e8da9e6fa805dad59a3bbe986d5cdda937228478297,True,3
73138,27584,240926_ML.npy,2026-09-25,2026-09-25 05:08:50.730279,7C7144,C172,CESSNA AIRCRAFT COMPANY,172N,ef5ab9800593041ca38e09684f9da70a181fd3228c1e11ee739320adbf59309f,True,3
73139,27585,240926_ML.npy,2026-09-25,2026-09-25 05:08:51.203897,7C7144,C172,CESSNA AIRCRAFT COMPANY,172N,475fcfba70b9dabc8cfccdd08a24436253851e2342a1975fe670ab2d070371c0,True,4
73140,27586,240926_ML.npy,2026-09-25,2026-09-25 05:08:51.633029,7C7144,C172,CESSNA AIRCRAFT COMPANY,172N,09faa342838c140d96146647eee9a870bd0ff7ce756a11060f0a40c17b7c6315,True,3
73141,27587,240926_ML.npy,2026-09-25,2026-09-25 05:08:51.637916,7C7144,C172,CESSNA AIRCRAFT COMPANY,172N,156dc1875298a9b817be7d534335992c1fe17c94270b11aa94a057313a244da4,True,2
73143,27589,240926_ML.npy,2026-09-25,2026-09-25 05:08:56.688387,7C7144,C172,CESSNA AIRCRAFT COMPANY,172N,4cec2817604f753a25be2bdc547ed254cc869f54dfba9132e28c598d8af37fe7,True,3
73144,27590,240926_ML.npy,2026-09-25,2026-09-25 05:08:56.695537,7C7144,C172,CESSNA AIRCRAFT COMPANY,172N,01f0272ad20b3a97a23e3879b6f834644933b7a5cf950c6f08e08b808ad8d68c,True,5
73149,27595,240926_ML.npy,2026-09-25,2026-09-25 05:08:59.746450,7C7144,C172,CESSNA AIRCRAFT COMPANY,172N,b6045cd9fdc89d03ebd3d9e1b105a1e98c35d7528aa537e4986b677c72cb049f,True,2
73150,27596,240926_ML.npy,2026-09-25,2026-09-25 05:09:03.727950,7C7144,C172,CESSNA AIRCRAFT COMPANY,172N,26d228ba36a0fd2dd64b5bbc9efd3175008afd9bb797c04943cdc592caede304,True,1
73153,27599,240926_ML.npy,2026-09-25,2026-09-25 05:09:08.371330,7C7144,C172,CESSNA AIRCRAFT COMPANY,172N,21ba99a1c43273c72b1ea6eb6dfd22e6b2a306a56cd84a7798f85a0fec475a7f,True,5
73160,27606,240926_ML.npy,2026-09-25,2026-09-25 05:09:18.499963,7C7144,C172,CESSNA AIRCRAFT COMPANY,172N,d8229d483694918b8f63a86ca3091e1fbdd76966fe690acb9714f03a5b52a9c5,True,4
73168,27614,240926_ML.npy,2026-09-25,2026-09-25 05:10:38.399334,7C7144,C172,CESSNA AIRCRAFT COMPANY,172N,20705c3cf280e5f8574c50e896bb4dc220d0d271304bd878266eeaf3dd1d2cd8,True,3
73214,27660,240926_ML.npy,2026-09-25,2026-09-25 05:13:03.671634,7C7144,C172,CESSNA AIRCRAFT COMPANY,172N,aba0514cd6e9918a684caf3c18c11df66bab58380554eb7cd91f5a4ba8d94b36,True,5
73222,27668,240926_ML.npy,2026-09-25,2026-09-25 05:13:13.846757,7C7144,C172,CESSNA AIRCRAFT COMPANY,172N,6684cc73cfd7807d42c99e8da9e6fa805dad59a3bbe986d5cdda937228478297,True,4
73224,27670,240926_ML.npy,2026-09-25,2026-09-25 05:13:15.938918,7C7144,C172,CESSNA AIRCRAFT COMPANY,172N,25ecffd02a618058de3b2945417e026c76c8237f5d9bff411fb8d6879bd15d24,True,4
73231,27677,240926_ML.npy,2026-09-25,2026-09-25 05:13:20.019235,7C7144,C172,CESSNA AIRCRAFT COMPANY,172N,df51c480a2850d7662cf7fdb57065022c23209a0dd156fe2d6158ae1dd93171a,True,5
73239,27685,240926_ML.npy,2026-09-25,2026-09-25 05:13:26.000448,7C7144,C172,CESSNA AIRCRAFT COMPANY,172N,6eca095a39629bb27f1d6ce710936501c11a4a00b1e52bd9ade5cad775ee6ed5,True,4
73240,27686,240926_ML.npy,2026-09-25,2026-09-25 05:13:26.004397,7C7144,C172,CESSNA AIRCRAFT COMPANY,172N,0f5b4175abcd1cc0ecb373cf7572270d74abe95b169acbf349aff0640015580e,True,2
73258,27704,240926_ML.npy,2026-09-25,2026-09-25 05:14:43.801402,7C7144,C172,CESSNA AIRCRAFT COMPANY,172N,20705c3cf280e5f8574c50e896bb4dc220d0d271304bd878266eeaf3dd1d2cd8,True,1
73260,27706,240926_ML.npy,2026-09-25,2026-09-25 05:14:49.876579,7C7144,C172,CESSNA AIRCRAFT COMPANY,172N,685dfb8f7af395ca0f6cac32f00f9924a267d1d97d17dce31fba6b3e6d9ac43e,True,5
73263,27709,240926_ML.npy,2026-09-25,2026-09-25 05:15:12.049367,7C7144,C172,CESSNA AIRCRAFT COMPANY,172N,8653ff96e88208fabf113b7b53ac93cf510fb2cc00972d72b665decff347ce0f,True,2
73348,27794,240926_ML.npy,2026-09-25,2026-09-25 05:22:10.288792,7C7B64,DA40,DIAMOND AIRCRAFT INDUSTRIES INC.,DA 40,8a4c8d6bd2f6b5e9eaf071efafa26bf47435a2ff8a7226c5d14fe7d247ed6d4a,True,3
73352,27798,240926_ML.npy,2026-09-25,2026-09-25 05:22:12.885065,7C7B64,DA40,DIAMOND AIRCRAFT INDUSTRIES INC.,DA 40,850a873be2bd1f7cbfef49e4ea4c10f3ee7fd92d297b73da57b507d89f7dc59d,True,3
73365,27811,240926_ML.npy,2026-09-25,2026-09-25 05:22:29.672617,7C7B64,DA40,DIAMOND AIRCRAFT INDUSTRIES INC.,DA 40,dc954dbb8138a2bb114c35c5f07048f1be70c8881923116251aa7d92ed7bfb9a,True,5
73372,27818,240926_ML.npy,2026-09-25,2026-09-25 05:22:47.549429,7C7B64,DA40,DIAMOND AIRCRAFT INDUSTRIES INC.,DA 40,1bff2bc92913f1f09a8fec6912da540d5f87c3f4e8c5d27eb1752ab78f4f56ec,True,1
73374,27820,240926_ML.npy,2026-09-25,2026-09-25 05:22:48.985220,7C7B64,DA40,DIAMOND AIRCRAFT INDUSTRIES INC.,DA 40,7f30a4cf4db71f71c165f1c4e39360bd1f035420c1c2d661d8e95635dbe4d82f,True,4
73379,27825,240926_ML.npy,2026-09-25,2026-09-25 05:25:52.053442,7C7AF0,DA40,DIAMOND AIRCRAFT INDUSTRIES INC.,DA 40,fd5310f5fcf3328be0743e6e0852aa47e3641fef2295995a5a4e51df1d394dee,True,2
73382,27828,240926_ML.npy,2026-09-25,2026-09-25 05:25:57.941080,7C7AF0,DA40,DIAMOND AIRCRAFT INDUSTRIES INC.,DA 40,2d0da9435737e736f73ff89d9243b016e107dfb93e23bc9bd735cff7580711c7,True,3
73419,27865,240926_ML.npy,2026-09-25,2026-09-25 05:26:36.958513,7C7AF0,DA40,DIAMOND AIRCRAFT INDUSTRIES INC.,DA 40,fe035bb863be0d75918ab4c1cc58862aa8d43093983eec4f11464afb84f976c0,True,3
73423,27869,240926_ML.npy,2026-09-25,2026-09-25 05:30:38.051038,7C7B5F,DA40,DIAMOND AIRCRAFT INDUSTRIES INC.,DA 40,8b3a8ce4c9a662ed227ffbf52fe3e27faafc7cadb2f0aa5b69249db408cd61af,True,1
73442,27888,240926_ML.npy,2026-09-25,2026-09-25 05:31:02.274471,7C7B5F,DA40,DIAMOND AIRCRAFT INDUSTRIES INC.,DA 40,7618e0cf0f601fd73ab9902e5baba04bbce1734b7ad81aad73dba72665371a38,True,4
73443,27889,240926_ML.npy,2026-09-25,2026-09-25 05:31:03.964323,7C7B5F,DA40,DIAMOND AIRCRAFT INDUSTRIES INC.,DA 40,d524a89e432d6df7dac6c2e34ff8fdec5781306000c6874115838b12801489a7,True,5
73444,27890,240926_ML.npy,2026-09-25,2026-09-25 05:31:05.692714,7C7B5F,DA40,DIAMOND AIRCRAFT INDUSTRIES INC.,DA 40,d4c43412d919d249824ccde3d32158322280ef44eb3e30e028fe09180c4a6ff1,True,1
73454,27900,240926_ML.npy,2026-09-25,2026-09-25 05:36:16.652678,7C7B5F,DA40,DIAMOND AIRCRAFT INDUSTRIES INC.,DA 40,9e1cae0b6798fdf921c091709012a3def7eca81088dae6ebcb2419602c10da7a,True,5
73474,27920,240926_ML.npy,2026-09-25,2026-09-25 05:36:35.928303,7C7B5F,DA40,DIAMOND AIRCRAFT INDUSTRIES INC.,DA 40,8b3a8ce4c9a662ed227ffbf52fe3e27faafc7cadb2f0aa5b69249db408cd61af,True,1
73482,27928,240926_ML.npy,2026-09-25,2026-09-25 05:36:41.707929,7C7B5F,DA40,DIAMOND AIRCRAFT INDUSTRIES INC.,DA 40,055de234ab62a8023d139d4e6b878422ea34eaa4d339ed9e613dd0b61137aec9,True,1
73503,27949,240926_ML.npy,2026-09-25,2026-09-25 05:39:45.600649,7C4E44,DA40,DIAMOND AIRCRAFT INDUSTRIES INC.,DA 40,81161776ab24fea4304a512210db688b3096a704065703f404826189dbe24ced,True,4
73515,27961,240926_ML.npy,2026-09-25,2026-09-25 05:40:02.529563,7C4E44,DA40,DIAMOND AIRCRAFT INDUSTRIES INC.,DA 40,ec4acd41cfbce03bd028d699abfedc7735d5bbeb160b47e2f08b2d9ef51667cf,True,3
73519,27965,240926_ML.npy,2026-09-25,2026-09-25 05:40:03.802625,7C4E44,DA40,DIAMOND AIRCRAFT INDUSTRIES INC.,DA 40,725873d5851d89abe4d1b24922ad86f2183e707a1ea29741ba80a6b0b3041e52,True,3
73527,27973,240926_ML.npy,2026-09-25,2026-09-25 05:41:48.900301,7C7B5F,DA40,DIAMOND AIRCRAFT INDUSTRIES INC.,DA 40,fb57c838e3f16ecee9e3ac911532bcab614ea55de479563a4be61eba094ec0bf,True,4
73532,27978,240926_ML.npy,2026-09-25,2026-09-25 05:41:54.909263,7C7B5F,DA40,DIAMOND AIRCRAFT INDUSTRIES INC.,DA 40,3d51d2c190cef8333a729698f02f87352fb00de58503afbe69c63830fb28f229,True,1
73535,27981,240926_ML.npy,2026-09-25,2026-09-25 05:42:01.824105,7C7B5F,DA40,DIAMOND AIRCRAFT INDUSTRIES INC.,DA 40,0d0817ab9359e1275417d99c5227bdf731e522e9e7610666e2ef5f053c5951b4,True,1
73541,27987,240926_ML.npy,2026-09-25,2026-09-25 05:42:16.779754,7C7B5F,DA40,DIAMOND AIRCRAFT INDUSTRIES INC.,DA 40,2a1335368f3c3b4a060215011ec461872e33c51425ca84f7f9a2ad3d96b63b59,True,3
73555,28001,240926_ML.npy,2026-09-25,2026-09-25 05:44:21.820308,7C4E44,DA40,DIAMOND AIRCRAFT INDUSTRIES INC.,DA 40,725873d5851d89abe4d1b24922ad86f2183e707a1ea29741ba80a6b0b3041e52,True,1
73579,28025,240926_ML.npy,2026-09-25,2026-09-25 05:45:05.479672,7C4E44,DA40,DIAMOND AIRCRAFT INDUSTRIES INC.,DA 40,b6ad7b1058fd870cb77fccbe14c2952116c28ee5f418be011007455d7d760ba4,True,3
73580,28026,240926_ML.npy,2026-09-25,2026-09-25 05:45:06.166168,7C4E44,DA40,DIAMOND AIRCRAFT INDUSTRIES INC.,DA 40,df12adbc463ac42d961aa67557a65b8ebd5c0398f03d8167f293a1004f3a9f1b,True,1
73596,28042,240926_ML.npy,2026-09-25,2026-09-25 05:47:18.741000,7C7B5F,DA40,DIAMOND AIRCRAFT INDUSTRIES INC.,DA 40,b3b48184c3f3987d58f53a3ae9c14dc39a4ab41c29a9277e0e7a0d0f9655791b,True,4
73599,28045,240926_ML.npy,2026-09-25,2026-09-25 05:47:24.012627,7C7B5F,DA40,DIAMOND AIRCRAFT INDUSTRIES INC.,DA 40,f9da25f089a4d1a31317674bf882d2a4e405ed5e1e1df91a10c1ac46dfd6fbed,True,4
73604,28050,240926_ML.npy,2026-09-25,2026-09-25 05:47:30.132426,7C7B5F,DA40,DIAMOND AIRCRAFT INDUSTRIES INC.,DA 40,7f4986e401397c9f6a3f5065522ba9115811e1a7d7e6b353002f4bc4677f21f9,True,3
73618,28064,240926_ML.npy,2026-09-25,2026-09-25 05:48:28.932147,7C444D,P28A,PIPER AIRCRAFT CORP,PA-28-181,03115c4a4427381c44431732949d49d207afc2223b6c9578175b397cfd1abc1b,True,2
73619,28065,240926_ML.npy,2026-09-25,2026-09-25 05:48:31.715820,7C444D,P28A,PIPER AIRCRAFT CORP,PA-28-181,66f5caa12ade6f19d7cf418bd6999d04dc995d5d9f1c560c1810484d298a031f,True,4
73620,28066,240926_ML.npy,2026-09-25,2026-09-25 05:48:34.302770,7C444D,P28A,PIPER AIRCRAFT CORP,PA-28-181,51f72fc25cfd7450fa80f9246b79247d91d5eabb3e5f68b7434f06f31f5bb1c3,True,3
73621,28067,240926_ML.npy,2026-09-25,2026-09-25 05:48:35.273006,7C444D,P28A,PIPER AIRCRAFT CORP,PA-28-181,096ccdade3f2715a4dc173b991c8b96e1dc9a4750df597af1c0a9562060e5d08,True,5
73622,28068,240926_ML.npy,2026-09-25,2026-09-25 05:48:37.308671,7C444D,P28A,PIPER AIRCRAFT CORP,PA-28-181,04f0827369218dd611b5bc97ee07476f2579a64f27fd870d06081e22456c2bb9,True,2
73623,28069,240926_ML.npy,2026-09-25,2026-09-25 05:48:38.642037,7C444D,P28A,PIPER AIRCRAFT CORP,PA-28-181,7e0488ab4008cdbff0e92f068e8be66a5ac95f659319b419db30465043505d46,True,4
73624,28070,240926_ML.npy,2026-09-25,2026-09-25 05:48:40.119848,7C444D,P28A,PIPER AIRCRAFT CORP,PA-28-181,be9b1c24dec4f9537ce3149c4126c213d8f158dd42d813fc85b0f2c8619344af,True,5
73625,28071,240926_ML.npy,2026-09-25,2026-09-25 05:48:42.317103,7C444D,P28A,PIPER AIRCRAFT CORP,PA-28-181,7a8947b58b629f7d3b924a57bf13479c5dbe55ea6a742165c91bab153486dbd9,True,1
73626,28072,240926_ML.npy,2026-09-25,2026-09-25 05:48:43.371097,7C444D,P28A,PIPER AIRCRAFT CORP,PA-28-181,2bde9f52021bcab075c1bb2f8e3120417a59a043569361eef3fd45fa875e0d5d,True,1
73627,28073,240926_ML.npy,2026-09-25,2026-09-25 05:48:45.984851,7C444D,P28A,PIPER AIRCRAFT CORP,PA-28-181,462bb7ce749140647cd026a580704fec4ff30e53f8bd100524623f90feee829e,True,3
73628,28074,240926_ML.npy,2026-09-25,2026-09-25 05:48:46.034732,7C444D,P28A,PIPER AIRCRAFT CORP,PA-28-181,b3cecfa4bd2b2caead6045dc7010033e8c1a2d5fc3f292b88373ba32b8f1d8ec,True,4
73629,28075,240926_ML.npy,2026-09-25,2026-09-25 05:48:46.920761,7C444D,P28A,PIPER AIRCRAFT CORP,PA-28-181,2425c5c9ee40741ee0012f77b07c1eafdee8c3f318f6214d0a5d08687ad08ca0,True,2
73630,28076,240926_ML.npy,2026-09-25,2026-09-25 05:48:47.438618,7C444D,P28A,PIPER AIRCRAFT CORP,PA-28-181,74cb89c5fe564b17b32cfbd016352270bbc8678dfc0016c19242910a27d77613,True,3
73631,28077,240926_ML.npy,2026-09-25,2026-09-25 05:48:47.892756,7C444D,P28A,PIPER AIRCRAFT CORP,PA-28-181,899819d8b802ae744d727083f187323708093c455fe49048fd9987d628e15002,True,3
73632,28078,240926_ML.npy,2026-09-25,2026-09-25 05:48:48.310736,7C444D,P28A,PIPER AIRCRAFT CORP,PA-28-181,2e92e9472406c60f34e9daafd622b71ac2857885271d8d6875f46dc08ed754dc,True,2
73633,28079,240926_ML.npy,2026-09-25,2026-09-25 05:48:48.498487,7C444D,P28A,PIPER AIRCRAFT CORP,PA-28-181,9d1bf03e471518c5f0c5a0e404944727edd4bd2877456d3cae6b60311f28826b,True,2
73634,28080,240926_ML.npy,2026-09-25,2026-09-25 05:48:49.092282,7C444D,P28A,PIPER AIRCRAFT CORP,PA-28-181,72b4e7f75e5a8264b2cfb4abef46e3dcbc94ef81e668200719c2f035cd7415a0,True,1
73635,28081,240926_ML.npy,2026-09-25,2026-09-25 05:48:49.421829,7C444D,P28A,PIPER AIRCRAFT CORP,PA-28-181,f89e824c8d6e92800c06476f0d0bdf369b326b35beb533576527d9f5238132be,True,2
73636,28082,240926_ML.npy,2026-09-25,2026-09-25 05:48:51.308244,7C444D,P28A,PIPER AIRCRAFT CORP,PA-28-181,22fa76420285c3a634639442dcde40db2603ce8458a37e691d0a249f418b5a84,True,5
73637,28083,240926_ML.npy,2026-09-25,2026-09-25 05:48:51.547559,7C444D,P28A,PIPER AIRCRAFT CORP,PA-28-181,d8ca3e90afb3bc1d4dca52ed572384b0662a75fc6da6c43081f935eb45116e9f,True,2
73638,28084,240926_ML.npy,2026-09-25,2026-09-25 05:48:53.103153,7C444D,P28A,PIPER AIRCRAFT CORP,PA-28-181,8abde092730377a9f5563b8fbda0574a87705d804ae5373b55297efc623b436f,True,3
73639,28085,240926_ML.npy,2026-09-25,2026-09-25 05:48:54.317013,7C444D,P28A,PIPER AIRCRAFT CORP,PA-28-181,a7db2dbbc1e346ada3b28e5bfb3ce195654eae68c9f39485dcd4f7bc5f47c463,True,1
73645,28091,240926_ML.npy,2026-09-25,2026-09-25 05:48:56.309010,7C444D,P28A,PIPER AIRCRAFT CORP,PA-28-181,7316eeabf083745c838069cfab9c3dfef2a35c29db6c683f28cd33030b3fe132,True,2
73646,28092,240926_ML.npy,2026-09-25,2026-09-25 05:48:56.666903,7C444D,P28A,PIPER AIRCRAFT CORP,PA-28-181,b35e395e7d3e42485d6ca734fc39d9a9d0c37f14f9d67efa8c8fc1d951a8ab96,True,3
73647,28093,240926_ML.npy,2026-09-25,2026-09-25 05:48:57.252713,7C444D,P28A,PIPER AIRCRAFT CORP,PA-28-181,8b09210bb7b11ff98fb53af6c6307c626513c3f6427afed3666550f81256ee59,True,2
73648,28094,240926_ML.npy,2026-09-25,2026-09-25 05:48:57.312402,7C444D,P28A,PIPER AIRCRAFT CORP,PA-28-181,14710bf4b5a5721a1c591c469a9772ca25dbd2c7501d308a0b54ddee0e78a2a7,True,3
73649,28095,240926_ML.npy,2026-09-25,2026-09-25 05:48:57.346794,7C4E44,DA40,DIAMOND AIRCRAFT INDUSTRIES INC.,DA 40,6793d5fb918cba35786e8520eebdd1173a2b80baa5649a1eb0166308f239b0e9,True,4
73651,28097,240926_ML.npy,2026-09-25,2026-09-25 05:48:57.696736,7C444D,P28A,PIPER AIRCRAFT CORP,PA-28-181,25c77dd7f2831002f90a7f0895131396459dcb9a0cb1b176f1f574261711b0f0,True,1
73653,28099,240926_ML.npy,2026-09-25,2026-09-25 05:48:58.250531,7C444D,P28A,PIPER AIRCRAFT CORP,PA-28-181,fc9b64071e4d6ecec32e5c1706d5a717ec0529803403f4c047d2facc4cb8c592,True,5
73658,28104,240926_ML.npy,2026-09-25,2026-09-25 05:49:00.852194,7C444D,P28A,PIPER AIRCRAFT CORP,PA-28-181,0a712d93c3b436632b6313eca8379ae14858b33e3b9968582f2fdcbbff01ea49,True,5
73663,28109,240926_ML.npy,2026-09-25,2026-09-25 05:49:03.643534,7C444D,P28A,PIPER AIRCRAFT CORP,PA-28-181,719e43a2bad7945d8f628508debb779292a32e6dbd10420a17dd020e212da5a2,True,2
73664,28110,240926_ML.npy,2026-09-25,2026-09-25 05:49:04.113493,7C444D,P28A,PIPER AIRCRAFT CORP,PA-28-181,2c21c13aa51e077a3a5387059fcd539d634b27dffe725538c3e42473b77c3c2a,True,4
73668,28114,240926_ML.npy,2026-09-25,2026-09-25 05:49:07.642493,7C444D,P28A,PIPER AIRCRAFT CORP,PA-28-181,f9ba7f40a0f3b0c7f32891dd0180e2776398ddb33239a2854ba4e94bc30d1345,True,5
73672,28118,240926_ML.npy,2026-09-25,2026-09-25 05:49:08.752238,7C444D,P28A,PIPER AIRCRAFT CORP,PA-28-181,8e008cb12ae31ae22ac5316083d293df6f826220adf1635e56dc7d1b4f64f6cf,True,5
73673,28119,240926_ML.npy,2026-09-25,2026-09-25 05:49:09.518572,7C444D,P28A,PIPER AIRCRAFT CORP,PA-28-181,bdbea92283397c39fbb177d0e95a1912f7416a11383c2ccf93c282201996d94c,True,2
73675,28121,240926_ML.npy,2026-09-25,2026-09-25 05:49:10.983727,7C444D,P28A,PIPER AIRCRAFT CORP,PA-28-181,2ee93a3f481238c718e8b04431c41e0787a4b467ffa923acff4cd6bb6cd6f949,True,3
73676,28122,240926_ML.npy,2026-09-25,2026-09-25 05:49:11.444003,7C444D,P28A,PIPER AIRCRAFT CORP,PA-28-181,b9dbe6221968aa4e0cebdc3efe39da4ed0e32d07cf07cc9e658acd9780ba1f22,True,2
73678,28124,240926_ML.npy,2026-09-25,2026-09-25 05:49:11.861568,7C444D,P28A,PIPER AIRCRAFT CORP,PA-28-181,72dc19d231b50a8a242f7da5b53114faad9eea21dfed7bedee61c3e7f63aee0c,True,2
73680,28126,240926_ML.npy,2026-09-25,2026-09-25 05:49:15.614803,7C444D,P28A,PIPER AIRCRAFT CORP,PA-28-181,0a712d93c3b436632b6313eca8379ae14858b33e3b9968582f2fdcbbff01ea49,True,1
73681,28127,240926_ML.npy,2026-09-25,2026-09-25 05:49:15.652479,7C4E44,DA40,DIAMOND AIRCRAFT INDUSTRIES INC.,DA 40,e7e77485bac18587ceb54832d97427436ea71bdb8c342698508da0fa416d2545,True,4
73684,28130,240926_ML.npy,2026-09-25,2026-09-25 05:49:16.324703,7C444D,P28A,PIPER AIRCRAFT CORP,PA-28-181,2be3ba1fc2e1b9a6d45443cc1a7f555560d61403020056501d6d928b42d5bd16,True,1
73685,28131,240926_ML.npy,2026-09-25,2026-09-25 05:49:16.679716,7C4E44,DA40,DIAMOND AIRCRAFT INDUSTRIES INC.,DA 40,727507d66b197d787c1a10c5068538e02910f3263139ead51844eb14ff57d623,True,2
73686,28132,240926_ML.npy,2026-09-25,2026-09-25 05:49:16.902729,7C444D,P28A,PIPER AIRCRAFT CORP,PA-28-181,307410e6ca0aa2dce9d4e028ccc89f03e13b56fafce5c62a3fc8d3c36ec33008,True,3
73688,28134,240926_ML.npy,2026-09-25,2026-09-25 05:49:17.513001,7C444D,P28A,PIPER AIRCRAFT CORP,PA-28-181,cf34d535585f97c106cc0f139079007a317c9c57d64e4dba7a661a243f98da3f,True,5
73689,28135,240926_ML.npy,2026-09-25,2026-09-25 05:49:18.450812,7C444D,P28A,PIPER AIRCRAFT CORP,PA-28-181,29e64fa99deb3d197b4dc94e118585b99f5c8817d1443f8fece42f5d22805895,True,3
73691,28137,240926_ML.npy,2026-09-25,2026-09-25 05:49:19.460450,7C444D,P28A,PIPER AIRCRAFT CORP,PA-28-181,37adcf19d3823a26dab5ba23efd560d93b0aa9ef65bf4bd74fbc48029e3cf58f,True,1
73694,28140,240926_ML.npy,2026-09-25,2026-09-25 05:49:23.011857,7C444D,P28A,PIPER AIRCRAFT CORP,PA-28-181,2463a377812422b5ef80bea87642fe1400feadf1217ef23675910bf4a73f493b,True,1
73695,28141,240926_ML.npy,2026-09-25,2026-09-25 05:49:23.963470,7C444D,P28A,PIPER AIRCRAFT CORP,PA-28-181,685e50ad8a0bdebe95ce4988bbd1a30887ecc270c92795e4f25d74a7ff456d15,True,2
73697,28143,240926_ML.npy,2026-09-25,2026-09-25 05:49:25.097125,7C4E44,DA40,DIAMOND AIRCRAFT INDUSTRIES INC.,DA 40,4253bca6ca7680363b8320ad14aa425df7969a4bd2d9f0452e7a51fb4f9fc935,True,1
73700,28146,240926_ML.npy,2026-09-25,2026-09-25 05:49:26.409224,7C444D,P28A,PIPER AIRCRAFT CORP,PA-28-181,d8ca3e90afb3bc1d4dca52ed572384b0662a75fc6da6c43081f935eb45116e9f,True,5
73701,28147,240926_ML.npy,2026-09-25,2026-09-25 05:49:27.849082,7C444D,P28A,PIPER AIRCRAFT CORP,PA-28-181,20b51e79df353bd45f7ce398afaf13f569ffe56e2b5ee3bcac0b80fec3db90fc,True,4
73703,28149,240926_ML.npy,2026-09-25,2026-09-25 05:49:29.268703,7C444D,P28A,PIPER AIRCRAFT CORP,PA-28-181,8b5d7b702ddecdc146e61861978560dfdc41607af8c170d82ec2c96331fb6f09,True,1
73708,28154,240926_ML.npy,2026-09-25,2026-09-25 05:49:31.220302,7C444D,P28A,PIPER AIRCRAFT CORP,PA-28-181,4dd857f3124a27ac50869473589ab260171407900aa4e3f2f7010cb326280089,True,2
73709,28155,240926_ML.npy,2026-09-25,2026-09-25 05:49:31.860143,7C444D,P28A,PIPER AIRCRAFT CORP,PA-28-181,e6318d1d3827a3524e31b558e3b47e0a58b4271e25617bbf9ae834d2db5a1ae3,True,3
73710,28156,240926_ML.npy,2026-09-25,2026-09-25 05:49:32.932166,7C444D,P28A,PIPER AIRCRAFT CORP,PA-28-181,7fcfad4d92b83d34c4ba3125791084ce880d3eae963516337ed121250760bd61,True,3
73711,28157,240926_ML.npy,2026-09-25,2026-09-25 05:49:33.563943,7C444D,P28A,PIPER AIRCRAFT CORP,PA-28-181,a4847cd542724e3c76329da2aacffbeda28ca768c1ccf7b548e58d30e287f9cc,True,3
73712,28158,240926_ML.npy,2026-09-25,2026-09-25 05:49:34.499648,7C4E44,DA40,DIAMOND AIRCRAFT INDUSTRIES INC.,DA 40,bad19086b7c22b4e8b497f3c6dfcd4ec2f19b4bbbf0d3f41f9b23d2e92788f13,True,5
73714,28160,240926_ML.npy,2026-09-25,2026-09-25 05:49:36.474958,7C444D,P28A,PIPER AIRCRAFT CORP,PA-28-181,86f6fa806ffbf5a11967f0475221fa29d68753c239b7085db9ef1be531da6c83,True,1
73715,28161,240926_ML.npy,2026-09-25,2026-09-25 05:49:37.053240,7C444D,P28A,PIPER AIRCRAFT CORP,PA-28-181,86f6fa806ffbf5a11967f0475221fa29d68753c239b7085db9ef1be531da6c83,True,5
73716,28162,240926_ML.npy,2026-09-25,2026-09-25 05:49:38.018852,7C444D,P28A,PIPER AIRCRAFT CORP,PA-28-181,17f0e22670cca8478fe7177392337ee38aa09ba1feed5d2d934294798c1414ce,True,4
73717,28163,240926_ML.npy,2026-09-25,2026-09-25 05:49:39.142664,7C444D,P28A,PIPER AIRCRAFT CORP,PA-28-181,3aaf450b250ca59733213bc4767cf6b55f628cb2cb6a706980daf4821f841cc9,True,2
73724,28170,240926_ML.npy,2026-09-25,2026-09-25 05:49:45.991574,7C444D,P28A,PIPER AIRCRAFT CORP,PA-28-181,3256f929e816e8e510574af7451a0f804b04d33869ad954aad219c1c09bd905b,True,2
73733,28179,240926_ML.npy,2026-09-25,2026-09-25 05:52:28.912921,7C7B5F,DA40,DIAMOND AIRCRAFT INDUSTRIES INC.,DA 40,ada4c9642c2ee1174d8dd9c2afc963e2bb6ff02539f44a92d57fddb6a7f07951,True,3
73736,28182,240926_ML.npy,2026-09-25,2026-09-25 05:52:33.790572,7C7B5F,DA40,DIAMOND AIRCRAFT INDUSTRIES INC.,DA 40,88c1e8e39f389d1525fd85a5543a618e852bb67c034ab4c9a473a38d175280f3,True,2
73737,28183,240926_ML.npy,2026-09-25,2026-09-25 05:52:33.956698,7C7B5F,DA40,DIAMOND AIRCRAFT INDUSTRIES INC.,DA 40,8b3a8ce4c9a662ed227ffbf52fe3e27faafc7cadb2f0aa5b69249db408cd61af,True,1
73746,28192,240926_ML.npy,2026-09-25,2026-09-25 05:52:40.836487,7C7B5F,DA40,DIAMOND AIRCRAFT INDUSTRIES INC.,DA 40,b18040fed47b3cfb8c753e6fc9c9ce770a545e8a5144d94980420d84d7842f37,True,1
73758,28204,240926_ML.npy,2026-09-25,2026-09-25 05:52:54.534119,7C7B5F,DA40,DIAMOND AIRCRAFT INDUSTRIES INC.,DA 40,7047c2ce34f8c812567ae46995cd4a361fba18f68c9f4cc4507dc5733fd18b92,True,3
73793,28239,240926_ML.npy,2026-09-25,2026-09-25 05:54:03.429052,7C4E44,DA40,DIAMOND AIRCRAFT INDUSTRIES INC.,DA 40,b7a678ff030e52dd796cbb4f584678c46430256ac4851ec681e7e7e9581533fe,True,2
73796,28242,240926_ML.npy,2026-09-25,2026-09-25 05:54:04.389946,7C4E44,DA40,DIAMOND AIRCRAFT INDUSTRIES INC.,DA 40,803a1035bf8a1d9a7e50096477c16a059c67a1e1fe0be0a331d95205da0e9f63,True,3
73801,28247,240926_ML.npy,2026-09-25,2026-09-25 05:55:13.448131,7C4E44,DA40,DIAMOND AIRCRAFT INDUSTRIES INC.,DA 40,725873d5851d89abe4d1b24922ad86f2183e707a1ea29741ba80a6b0b3041e52,True,1
73802,28248,240926_ML.npy,2026-09-25,2026-09-25 05:57:37.034521,7C7B5F,DA40,DIAMOND AIRCRAFT INDUSTRIES INC.,DA 40,1f54c83b065e289f80f33dcbc89f1b7f69efaf1adc03948394346f6ca3d9a061,True,2
73831,28277,240926_ML.npy,2026-09-25,2026-09-25 05:58:40.743625,7C4E44,DA40,DIAMOND AIRCRAFT INDUSTRIES INC.,DA 40,95ad7662719de84601ed169bb6f6a99197777ea680e60fecf5b0b4370ce41d3b,True,1
73833,28279,240926_ML.npy,2026-09-25,2026-09-25 05:58:42.700398,7C4E44,DA40,DIAMOND AIRCRAFT INDUSTRIES INC.,DA 40,b17fa4263e69ee76b362d64cb3b43dd0e2fabf6c8e635c3d46308147a9d3d4a6,True,4
73846,28292,240926_ML.npy,2026-09-25,2026-09-25 05:58:54.518393,7C4E44,DA40,DIAMOND AIRCRAFT INDUSTRIES INC.,DA 40,526652fa63a0f92389bf3e5c00d968c66306d11c27f826e0231dba82738a910d,True,4
73863,28309,240926_ML.npy,2026-09-25,2026-09-25 05:59:08.803197,7C4E44,DA40,DIAMOND AIRCRAFT INDUSTRIES INC.,DA 40,725873d5851d89abe4d1b24922ad86f2183e707a1ea29741ba80a6b0b3041e52,True,1
73864,28310,240926_ML.npy,2026-09-25,2026-09-25 05:59:10.393495,7C4E44,DA40,DIAMOND AIRCRAFT INDUSTRIES INC.,DA 40,19db3cb1e447e80cc78e2e3f56174cfef79264011627e13d0fa525367254d641,True,4
73865,28311,240926_ML.npy,2026-09-25,2026-09-25 05:59:11.846462,7C4E44,DA40,DIAMOND AIRCRAFT INDUSTRIES INC.,DA 40,b6ad7b1058fd870cb77fccbe14c2952116c28ee5f418be011007455d7d760ba4,True,3
73878,28324,240926_ML.npy,2026-09-25,2026-09-25 05:59:27.288890,7C4E44,DA40,DIAMOND AIRCRAFT INDUSTRIES INC.,DA 40,442813c41faec04a92481d63efc305f0caaa248ecaf2dd6b3ab900a8d1d5f993,True,2
73887,28333,240926_ML.npy,2026-09-25,2026-09-25 05:59:55.662762,7C41FD,DA40,DIAMOND AIRCRAFT INDUSTRIES INC.,DA 40,4102df88ad486f9209b269e3f587e0c55a88706f636bc66e4bae172fc3016ebc,True,2
73919,28365,240926_ML.npy,2026-09-25,2026-09-25 06:00:31.285665,7C41FD,DA40,DIAMOND AIRCRAFT INDUSTRIES INC.,DA 40,4953726349097961c86e25ee03f617be073f0ee85695637df4172aaee49c0724,True,1
73993,28439,240926_ML.npy,2026-09-25,2026-09-25 06:03:27.445741,7C7AF7,DA40,DIAMOND AIRCRAFT INDUSTRIES INC.,DA 40,1488c681fe4c9a3f17204fa45287278c654639584a7ff31216c59825fe4cffcd,True,3
73996,28442,240926_ML.npy,2026-09-25,2026-09-25 06:03:30.877587,7C7AF7,DA40,DIAMOND AIRCRAFT INDUSTRIES INC.,DA 40,52ddccb5fdd7b6b8936693438f31dc9aca1e45f84ff428b58d15f8bb118b6af3,True,3
74033,28479,240926_ML.npy,2026-09-25,2026-09-25 06:04:18.935683,7C4E44,DA40,DIAMOND AIRCRAFT INDUSTRIES INC.,DA 40,2afd44ce8d6fefc082ac60d45cb253f7112e5e4a4370097823a954e0cad6822a,True,1
74035,28481,240926_ML.npy,2026-09-25,2026-09-25 06:04:21.051864,7C4E44,DA40,DIAMOND AIRCRAFT INDUSTRIES INC.,DA 40,5964b42abc86145c996f5b8adb01ab57155e1b61d42ac7f58af9b879a337e2bc,True,4
74081,28527,240926_ML.npy,2026-09-25,2026-09-25 06:06:26.440301,7C582C,DA40,DIAMOND AIRCRAFT INDUSTRIES INC.,DA 40,80b1f69de7fb9dc6a949cab4df59f4a68034ae4ec61bfed09c9ae574b50f8e52,True,4
74085,28531,240926_ML.npy,2026-09-25,2026-09-25 06:06:27.475984,7C582C,DA40,DIAMOND AIRCRAFT INDUSTRIES INC.,DA 40,6f7fb3b575724ef90856a7f2916e590e557871b6b5ff42b0ff3d26ad8dd24ff0,True,4
74098,28544,240926_ML.npy,2026-09-25,2026-09-25 06:08:10.979669,7C7B5F,DA40,DIAMOND AIRCRAFT INDUSTRIES INC.,DA 40,f982596f25045335d6c480691593ab39ec7f365edc423cce1e7a49afc2851efa,True,1
74103,28549,240926_ML.npy,2026-09-25,2026-09-25 06:08:13.161851,7C7B5F,DA40,DIAMOND AIRCRAFT INDUSTRIES INC.,DA 40,a95b3bf38f04f4f4d61d4aef48f1f467f82a9d84a6ba75ee0c27716c8e2580ab,True,3
74107,28553,240926_ML.npy,2026-09-25,2026-09-25 06:08:26.013659,7C7B5F,DA40,DIAMOND AIRCRAFT INDUSTRIES INC.,DA 40,5b055e3dc33bee35d474292ef81d9a7ed3dcdbc1d9d81174f2d9fb1b10fe264b,True,5
74112,28558,240926_ML.npy,2026-09-25,2026-09-25 06:08:58.384919,7C4E44,DA40,DIAMOND AIRCRAFT INDUSTRIES INC.,DA 40,e60947249f64d622f0815e87e5ab198188d4eafd0f35ececbfc2fcb6769906f4,True,4
74124,28570,240926_ML.npy,2026-09-25,2026-09-25 06:09:07.353616,7C4E44,DA40,DIAMOND AIRCRAFT INDUSTRIES INC.,DA 40,725873d5851d89abe4d1b24922ad86f2183e707a1ea29741ba80a6b0b3041e52,True,2
74127,28573,240926_ML.npy,2026-09-25,2026-09-25 06:09:12.980300,7C4E44,DA40,DIAMOND AIRCRAFT INDUSTRIES INC.,DA 40,cc3387dd5685179bae59437d604f6211df2e3ba886c35882d3e557841e4b4b57,True,5
74141,28587,240926_ML.npy,2026-09-25,2026-09-25 06:09:27.254234,7C4E44,DA40,DIAMOND AIRCRAFT INDUSTRIES INC.,DA 40,30267fc69e2a97c3f76b4d5aa33f64a2937d9a555a3b6ac106ba0f96d3524b54,True,2
74147,28593,240926_ML.npy,2026-09-25,2026-09-25 06:09:31.113570,7C4E44,DA40,DIAMOND AIRCRAFT INDUSTRIES INC.,DA 40,ac4ccee308c3a26a153cce6dc22be92a962ee4acbe048a7675b1d12820e1d7d3,True,2
74149,28595,240926_ML.npy,2026-09-25,2026-09-25 06:09:32.165991,7C4E44,DA40,DIAMOND AIRCRAFT INDUSTRIES INC.,DA 40,85ab46570db3ec3ca46194646abe002702ff778f20a510f6c61bc6a151dc64ac,True,2
74166,28612,240926_ML.npy,2026-09-25,2026-09-25 06:09:50.070372,7C444D,P28A,PIPER AIRCRAFT CORP,PA-28-181,0a712d93c3b436632b6313eca8379ae14858b33e3b9968582f2fdcbbff01ea49,True,3
74170,28616,240926_ML.npy,2026-09-25,2026-09-25 06:09:51.334138,7C444D,P28A,PIPER AIRCRAFT CORP,PA-28-181,8fe2c4a732f3cee48cab6e3f0aa67457d2aadecff5cca2c0f195ea3ba5121d34,True,3
74174,28620,240926_ML.npy,2026-09-25,2026-09-25 06:09:53.769842,7C444D,P28A,PIPER AIRCRAFT CORP,PA-28-181,eae8d9a1836222f5aca828a272d6a4eaccf5e3df6128278a5f5ca1fb042ecbe8,True,3
74175,28621,240926_ML.npy,2026-09-25,2026-09-25 06:09:54.032069,7C7144,C172,CESSNA AIRCRAFT COMPANY,172N,0b186321044bc71d0b9aac6d30defad62359748865bd2dad64099670e67426a0,True,2
74176,28622,240926_ML.npy,2026-09-25,2026-09-25 06:09:54.035320,7C7144,C172,CESSNA AIRCRAFT COMPANY,172N,098626c7970568d92efe8304048de8499de26d34ed675d8108d1a40d57780527,True,1
74191,28637,240926_ML.npy,2026-09-25,2026-09-25 06:10:10.888003,7C7144,C172,CESSNA AIRCRAFT COMPANY,172N,15de40880f634c04774121a5c752a05805f8999014f0e703797f6c287fc39c2e,True,4
74194,28640,240926_ML.npy,2026-09-25,2026-09-25 06:10:12.679465,7C444D,P28A,PIPER AIRCRAFT CORP,PA-28-181,8b47d5c5f18a2c3ff4f41242c184b4429e84461f8201188f92432dc5bf3c3301,True,1
74195,28641,240926_ML.npy,2026-09-25,2026-09-25 06:10:13.183205,7C444D,P28A,PIPER AIRCRAFT CORP,PA-28-181,c73313d4c6b2cadcba8c857f60342f95b684a3d3640a72e7ec16a9b7983ffec1,True,2
74198,28644,240926_ML.npy,2026-09-25,2026-09-25 06:10:14.327120,7C444D,P28A,PIPER AIRCRAFT CORP,PA-28-181,7388e3be2bff3d2d9ab879a5d4963820858a4a8c51cc722193d5ad4f6dfb2f9f,True,4
74201,28647,240926_ML.npy,2026-09-25,2026-09-25 06:10:18.900146,7C444D,P28A,PIPER AIRCRAFT CORP,PA-28-181,42d467dce4af91c298997bd2cbb6debe07fd901514a90ad7f32be05e488700d1,True,2
74202,28648,240926_ML.npy,2026-09-25,2026-09-25 06:10:18.934194,7C444D,P28A,PIPER AIRCRAFT CORP,PA-28-181,ce25d2dc9588bffc70ebb9919c00391de6614b017d06a2efbd0f69c715b14373,True,4
74203,28649,240926_ML.npy,2026-09-25,2026-09-25 06:10:20.483748,7C444D,P28A,PIPER AIRCRAFT CORP,PA-28-181,0a712d93c3b436632b6313eca8379ae14858b33e3b9968582f2fdcbbff01ea49,True,1
74204,28650,240926_ML.npy,2026-09-25,2026-09-25 06:10:21.483314,7C444D,P28A,PIPER AIRCRAFT CORP,PA-28-181,5015aa7f648bdb2abb9b9143803abc57e42f6f989f58d36028043ad2332ddb30,True,3
74208,28654,240926_ML.npy,2026-09-25,2026-09-25 06:10:25.170714,7C444D,P28A,PIPER AIRCRAFT CORP,PA-28-181,6fdd1cba2679b80da9f61dbf88f48d4bcc3f981db42b821026e4cdb2eea091e7,True,2
74209,28655,240926_ML.npy,2026-09-25,2026-09-25 06:10:26.324659,7C444D,P28A,PIPER AIRCRAFT CORP,PA-28-181,178e76fd7909c6408b8a4fc107159c08ac24afeb2d1232ded8897d31b7b6890b,True,3
74210,28656,240926_ML.npy,2026-09-25,2026-09-25 06:10:26.582745,7C444D,P28A,PIPER AIRCRAFT CORP,PA-28-181,904f501698e6e0abdf1c65d2515fffc45c4c34f29c44e03767e7296f13a91a80,True,1
74211,28657,240926_ML.npy,2026-09-25,2026-09-25 06:10:28.161904,7C444D,P28A,PIPER AIRCRAFT CORP,PA-28-181,06c98620b675c9383b9b75893969cb62609fbdef830a72bb83e045766ef7bd65,True,4
74213,28659,240926_ML.npy,2026-09-25,2026-09-25 06:10:45.989296,7C7144,C172,CESSNA AIRCRAFT COMPANY,172N,692e5348f8685a1a1567577ca06512b81430d66787e8eab512cb04fd76c23eb0,True,2
74215,28661,240926_ML.npy,2026-09-25,2026-09-25 06:10:59.734445,7C582C,DA40,DIAMOND AIRCRAFT INDUSTRIES INC.,DA 40,8b68014df20e3f1369dcd377a88a337083e6c837ccd2c150cea16bb3d6e18e97,True,1
74217,28663,240926_ML.npy,2026-09-25,2026-09-25 06:11:04.420315,7C444D,P28A,PIPER AIRCRAFT CORP,PA-28-181,563392c6c69d77d9c9d1b44447e898b872dc9257c2e01a6ecfa36941a964d330,True,4
74219,28665,240926_ML.npy,2026-09-25,2026-09-25 06:11:08.027652,7C444D,P28A,PIPER AIRCRAFT CORP,PA-28-181,4096c9862f41d4e3918d85a939e6d0e726ea4cacad1c32b9113274fb09e4a0e9,True,4
74220,28666,240926_ML.npy,2026-09-25,2026-09-25 06:11:09.921010,7C444D,P28A,PIPER AIRCRAFT CORP,PA-28-181,24eaadb7b5900c9c3e5ffd67c1ad185e8a5354407049728c9293581fc89f6873,True,3
74224,28670,240926_ML.npy,2026-09-25,2026-09-25 06:11:19.766976,7C582C,DA40,DIAMOND AIRCRAFT INDUSTRIES INC.,DA 40,c72508406c2969be1833bbef3cad29e4b23b6a1948a7d9874909d5e67f5511aa,True,2
74226,28672,240926_ML.npy,2026-09-25,2026-09-25 06:11:22.220574,7C582C,DA40,DIAMOND AIRCRAFT INDUSTRIES INC.,DA 40,6ac857c06679eeb32a0fea107dfdaff5f3802c9d4d7c2bdf70bacb60215b4504,True,3
74230,28676,240926_ML.npy,2026-09-25,2026-09-25 06:11:28.327358,7C7144,C172,CESSNA AIRCRAFT COMPANY,172N,25ecffd02a618058de3b2945417e026c76c8237f5d9bff411fb8d6879bd15d24,True,3
74231,28677,240926_ML.npy,2026-09-25,2026-09-25 06:11:30.027612,7C582C,DA40,DIAMOND AIRCRAFT INDUSTRIES INC.,DA 40,0be269539cb22c79d83ee03566fb81f35ca8bb0a65b3ed158c1780283407a482,True,1
74238,28684,240926_ML.npy,2026-09-25,2026-09-25 06:14:01.906969,7C4E44,DA40,DIAMOND AIRCRAFT INDUSTRIES INC.,DA 40,ea5b44a3ab2a7fb9c38c309664f616cf33fc4196b05aef3b1b8745634516c563,True,4
74253,28699,240926_ML.npy,2026-09-25,2026-09-25 06:14:11.596101,7C4E44,DA40,DIAMOND AIRCRAFT INDUSTRIES INC.,DA 40,2f0db2d568e1b1141c3f0af4b06c0f8dd5a9a89a68ffffe4efa954b9dbf3edf4,True,3
74260,28706,240926_ML.npy,2026-09-25,2026-09-25 06:14:14.769431,7C4E44,DA40,DIAMOND AIRCRAFT INDUSTRIES INC.,DA 40,be5ba732eade72b68baf6067db7c22f5670d5a0ac3d7642cd2aec567a9687d13,True,3
74262,28708,240926_ML.npy,2026-09-25,2026-09-25 06:14:15.855958,7C4E44,DA40,DIAMOND AIRCRAFT INDUSTRIES INC.,DA 40,1ec1492a03772c0281c6e1c13ad37813884191741b14622c21033c58f6c5ad04,True,5
74269,28715,240926_ML.npy,2026-09-25,2026-09-25 06:14:25.561701,7C4E44,DA40,DIAMOND AIRCRAFT INDUSTRIES INC.,DA 40,725873d5851d89abe4d1b24922ad86f2183e707a1ea29741ba80a6b0b3041e52,True,3
74270,28716,240926_ML.npy,2026-09-25,2026-09-25 06:14:25.999145,7C4E44,DA40,DIAMOND AIRCRAFT INDUSTRIES INC.,DA 40,b6ad7b1058fd870cb77fccbe14c2952116c28ee5f418be011007455d7d760ba4,True,3
74284,28730,240926_ML.npy,2026-09-25,2026-09-25 06:14:42.504021,7C4E44,DA40,DIAMOND AIRCRAFT INDUSTRIES INC.,DA 40,9e66fac0c067e2782bed7b471d3f27e8eacc431bb901d67f5776cb49027988a5,True,1
74285,28731,240926_ML.npy,2026-09-25,2026-09-25 06:14:43.529750,7C4E44,DA40,DIAMOND AIRCRAFT INDUSTRIES INC.,DA 40,de18e7e67a149cd6a952230f3e97cfed97880a5f98f58372db52f5c86b0f5868,True,3
74288,28734,240926_ML.npy,2026-09-25,2026-09-25 06:14:44.074830,7C4E44,DA40,DIAMOND AIRCRAFT INDUSTRIES INC.,DA 40,4d858a12058ee2c9a568e9566d2d451e16f7a89d109c0621786266554024d128,True,2
74291,28737,240926_ML.npy,2026-09-25,2026-09-25 06:14:45.117427,7C4E44,DA40,DIAMOND AIRCRAFT INDUSTRIES INC.,DA 40,285345076076593095be711c37d15c762f354f8dfbcefad050ed0545e3e56969,True,4
74306,28752,240926_ML.npy,2026-09-25,2026-09-25 06:15:15.528829,7C4E44,DA40,DIAMOND AIRCRAFT INDUSTRIES INC.,DA 40,75a68d39536e446440d8a1f1d57b88985cc93afac337497991884b73d0e6b50d,True,5
74311,28757,240926_ML.npy,2026-09-25,2026-09-25 06:15:25.629361,7C7144,C172,CESSNA AIRCRAFT COMPANY,172N,6004970d1ba791c465e4d3c7bfb4a73873e4f599b32f4701832c19a78fdc35b9,True,1
74321,28767,240926_ML.npy,2026-09-25,2026-09-25 06:15:43.910902,7C7144,C172,CESSNA AIRCRAFT COMPANY,172N,6684cc73cfd7807d42c99e8da9e6fa805dad59a3bbe986d5cdda937228478297,True,2
74324,28770,240926_ML.npy,2026-09-25,2026-09-25 06:15:49.766718,7C7144,C172,CESSNA AIRCRAFT COMPANY,172N,25ecffd02a618058de3b2945417e026c76c8237f5d9bff411fb8d6879bd15d24,True,5
74326,28772,240926_ML.npy,2026-09-25,2026-09-25 06:15:59.949389,7C7144,C172,CESSNA AIRCRAFT COMPANY,172N,9d553fb46535832b9f969ee9d49f001755e061ee6d8efdf28ef9e3841ce64f9c,True,2
74336,28782,240926_ML.npy,2026-09-25,2026-09-25 06:16:10.152973,7C7144,C172,CESSNA AIRCRAFT COMPANY,172N,55a74f91f9fa8d96109390f54a595185066155f2d6b10a2517e541c5a57b7dbd,True,1
74341,28787,240926_ML.npy,2026-09-25,2026-09-25 06:16:16.256633,7C7144,C172,CESSNA AIRCRAFT COMPANY,172N,a2b98e8ba576c9ba0e61d8f0288703613fdf137720d4c8463feac5a13015e169,True,1
74360,28806,240926_ML.npy,2026-09-25,2026-09-25 06:16:38.883291,7C582C,DA40,DIAMOND AIRCRAFT INDUSTRIES INC.,DA 40,5ff2a7c3e6b3f17bbb4fd5252800b470b9af0eada57b55b9a7b7865349a854b1,True,1
74361,28807,240926_ML.npy,2026-09-25,2026-09-25 06:16:39.765268,7C582C,DA40,DIAMOND AIRCRAFT INDUSTRIES INC.,DA 40,589deb617d0d28f7a7492d40ddf1a66b5bf0f24585801b168d935c0f64e11140,True,5
74362,28808,240926_ML.npy,2026-09-25,2026-09-25 06:16:40.791700,7C582C,DA40,DIAMOND AIRCRAFT INDUSTRIES INC.,DA 40,9a460dfbbec0611300e3de3a645ef5401008267b523ed60ad734b81cfe84a493,True,4
74382,28828,240926_ML.npy,2026-09-25,2026-09-25 06:20:11.679988,7C7144,C172,CESSNA AIRCRAFT COMPANY,172N,a5ffdbd1eed24030d7ea5d4f57752abdf0fe09b0ed95ed9c35174b609129dcb1,True,4
74386,28832,240926_ML.npy,2026-09-25,2026-09-25 06:20:14.613749,7C7144,C172,CESSNA AIRCRAFT COMPANY,172N,8fad3b99fed7dad59c83ae631d78f7e67212a4c49055d25b794762ee13c6032e,True,1
74393,28839,240926_ML.npy,2026-09-25,2026-09-25 06:20:24.036133,7C7144,C172,CESSNA AIRCRAFT COMPANY,172N,13e3ac855331dd82a75ad928931945fd116902353b03d3f7e62edbcd594a4a07,True,4
74394,28840,240926_ML.npy,2026-09-25,2026-09-25 06:20:25.269410,7C7144,C172,CESSNA AIRCRAFT COMPANY,172N,13e3ac855331dd82a75ad928931945fd116902353b03d3f7e62edbcd594a4a07,True,4
74398,28844,240926_ML.npy,2026-09-25,2026-09-25 06:20:36.766748,7C7144,C172,CESSNA AIRCRAFT COMPANY,172N,44b4fadf5bc27f17ff2f969021acdd37de01a66b9a73267221b5f664b6e7da0d,True,4
74399,28845,240926_ML.npy,2026-09-25,2026-09-25 06:20:36.771417,7C7144,C172,CESSNA AIRCRAFT COMPANY,172N,074d8c6bb5bb16d901a91a577226f6c536cccfb6b432fe5b5701f325a9b61752,True,5
74406,28852,240926_ML.npy,2026-09-25,2026-09-25 06:20:45.768485,7C7144,C172,CESSNA AIRCRAFT COMPANY,172N,6684cc73cfd7807d42c99e8da9e6fa805dad59a3bbe986d5cdda937228478297,True,5
74408,28854,240926_ML.npy,2026-09-25,2026-09-25 06:20:51.835225,7C7144,C172,CESSNA AIRCRAFT COMPANY,172N,edb45713994822983fcf8c698a3f7290860d0bff5a204190ae6e43f58187089b,True,3
74415,28861,240926_ML.npy,2026-09-25,2026-09-25 06:21:21.686963,7C582C,DA40,DIAMOND AIRCRAFT INDUSTRIES INC.,DA 40,48e17891218fddf97ca0baab3f9b5ad43ac6c7d2f3509db99f3ab0d936ebca82,True,5
74423,28869,240926_ML.npy,2026-09-25,2026-09-25 06:21:27.403175,7C7144,C172,CESSNA AIRCRAFT COMPANY,172N,9d04a3249382bdd13d2b20e4b1502dc9ccb8e4e09f24f7541336ed28a2e16938,True,4
74432,28878,240926_ML.npy,2026-09-25,2026-09-25 06:21:34.664703,7C7144,C172,CESSNA AIRCRAFT COMPANY,172N,25ecffd02a618058de3b2945417e026c76c8237f5d9bff411fb8d6879bd15d24,True,4
74435,28881,240926_ML.npy,2026-09-25,2026-09-25 06:21:37.256121,7C7144,C172,CESSNA AIRCRAFT COMPANY,172N,c9aae887bad29e7cfbebe1da84457ebfbeee533a8ac413de73083d9cda9e1f8e,True,2
74439,28885,240926_ML.npy,2026-09-25,2026-09-25 06:21:40.371247,7C7144,C172,CESSNA AIRCRAFT COMPANY,172N,3b3a74834ae9cfa35fa5bd557e4cb36ed5b2c2e5175350cf87202fbe68f95b04,True,5
74450,28896,240926_ML.npy,2026-09-25,2026-09-25 06:21:56.140319,7C582C,DA40,DIAMOND AIRCRAFT INDUSTRIES INC.,DA 40,a617ba14d9817f9c8ab4fa00d87eb06341f1dc886281666f0c5d6f5e92d2c21b,True,3
74525,28971,240926_ML.npy,2026-09-25,2026-09-25 06:24:47.841746,7C7144,C172,CESSNA AIRCRAFT COMPANY,172N,226ab221b3075a24112da274e248423eee24adaf4a7377abff91f5715f5e2365,True,5
74547,28993,240926_ML.npy,2026-09-25,2026-09-25 06:25:12.748244,7C7144,C172,CESSNA AIRCRAFT COMPANY,172N,85c017c46f2b5257ca5513ce7ff55d4c303f268a1bae9e6fc398337296cb7863,True,4
74602,29048,240926_ML.npy,2026-09-25,2026-09-25 06:26:29.123526,7C7144,C172,CESSNA AIRCRAFT COMPANY,172N,5fd1c6508468223aa9b0253f2aabafa6881c264d4725718f970a9e5715a64980,True,1
74609,29055,240926_ML.npy,2026-09-25,2026-09-25 06:26:37.152929,7C7144,C172,CESSNA AIRCRAFT COMPANY,172N,3dcbb2be778e72218501756d33d77a7ac97b8309d6298f89caa74c2787d16bad,True,1
74612,29058,240926_ML.npy,2026-09-25,2026-09-25 06:26:46.113413,7C582C,DA40,DIAMOND AIRCRAFT INDUSTRIES INC.,DA 40,13efb007873e14d61b9a2008077e2b4b7c664bc9f7117fee070f487e3b3ace1b,True,5
74613,29059,240926_ML.npy,2026-09-25,2026-09-25 06:26:48.333130,7C7144,C172,CESSNA AIRCRAFT COMPANY,172N,1ae2a0069cd97c45ebac468fe22b33b9c2f4c72bbdb4efcbd8e97e21897bd800,True,4
74618,29064,240926_ML.npy,2026-09-25,2026-09-25 06:29:34.292036,7C7144,C172,CESSNA AIRCRAFT COMPANY,172N,5d98a8278653208b96d5f5057ba87476d6c9015b111a36ad5cd9b4b46cb4a1ad,True,3
74622,29068,240926_ML.npy,2026-09-25,2026-09-25 06:29:35.909107,7C7144,C172,CESSNA AIRCRAFT COMPANY,172N,2972368314eecd2bfbee7cf4fdd71179a12a497af53db6d7e7fad2c931600e12,True,4
74624,29070,240926_ML.npy,2026-09-25,2026-09-25 06:29:36.928765,7C7144,C172,CESSNA AIRCRAFT COMPANY,172N,0ea9ff611081f1e9bfc92c5628b5ffcbe4088c14e2ef3e816542ff7a6ab20d69,True,5
74628,29074,240926_ML.npy,2026-09-25,2026-09-25 06:29:40.451918,7C7144,C172,CESSNA AIRCRAFT COMPANY,172N,20705c3cf280e5f8574c50e896bb4dc220d0d271304bd878266eeaf3dd1d2cd8,True,5
74637,29083,240926_ML.npy,2026-09-25,2026-09-25 06:29:52.678013,7C7144,C172,CESSNA AIRCRAFT COMPANY,172N,5bc0db84c0744516eba1d93ca1cee768f9642f47494f3da0de5c7bd6895cac95,True,3
74638,29084,240926_ML.npy,2026-09-25,2026-09-25 06:29:58.834582,7C7144,C172,CESSNA AIRCRAFT COMPANY,172N,2e57fa3ee987faed8ad83c21550d4ef89df066a659c3f1b9b1f2c0ee9fb3b863,True,2
74644,29090,240926_ML.npy,2026-09-25,2026-09-25 06:30:40.038281,7C7144,C172,CESSNA AIRCRAFT COMPANY,172N,ce6af2aa6da6fbef97b550c90dc83b9f0ecd0ca258745e1c5eaeea33de7dda23,True,2
74661,29107,240926_ML.npy,2026-09-25,2026-09-25 06:34:21.642102,7C7144,C172,CESSNA AIRCRAFT COMPANY,172N,a45bf409ad34d55390ae28ec1f5fc912adf7a711784de555e1b207bc9ec9bc00,True,3
74668,29114,240926_ML.npy,2026-09-25,2026-09-25 06:34:32.330387,7C7144,C172,CESSNA AIRCRAFT COMPANY,172N,4f12e972b1d2ffaafcbbe7e42f495a9c787f07845ceaad578c4f60ed76bcff03,True,4
74674,29120,240926_ML.npy,2026-09-25,2026-09-25 06:34:36.708811,7C7144,C172,CESSNA AIRCRAFT COMPANY,172N,c8a377ca3ec1488021bcefde06b73e07acdd2f2a1db96af732f6706767a96b05,True,1
74680,29126,240926_ML.npy,2026-09-25,2026-09-25 06:34:51.659295,7C7144,C172,CESSNA AIRCRAFT COMPANY,172N,f2f2c5c249c2fdc1e00b2070814edaa15f7925c3d244ae50d54db6b8d6889cfe,True,5
74695,29141,240926_ML.npy,2026-09-25,2026-09-25 06:40:11.418588,7C7144,C172,CESSNA AIRCRAFT COMPANY,172N,5d83aeb661c95ed958a065c714257e29088338d3742afad64a40d478232cb746,True,4
74697,29143,240926_ML.npy,2026-09-25,2026-09-25 06:40:13.297925,7C7144,C172,CESSNA AIRCRAFT COMPANY,172N,25ecffd02a618058de3b2945417e026c76c8237f5d9bff411fb8d6879bd15d24,True,3
74706,29152,240926_ML.npy,2026-09-25,2026-09-25 06:40:21.941778,7C7144,C172,CESSNA AIRCRAFT COMPANY,172N,73583bf7af70bb7323666b0a97faf54083cd2fc3fb2a9456fd750b96b11e3eb1,True,2
74709,29155,240926_ML.npy,2026-09-25,2026-09-25 06:40:23.852957,7C7144,C172,CESSNA AIRCRAFT COMPANY,172N,20705c3cf280e5f8574c50e896bb4dc220d0d271304bd878266eeaf3dd1d2cd8,True,2
74712,29158,240926_ML.npy,2026-09-25,2026-09-25 06:40:28.763447,7C7144,C172,CESSNA AIRCRAFT COMPANY,172N,20705c3cf280e5f8574c50e896bb4dc220d0d271304bd878266eeaf3dd1d2cd8,True,3
74717,29163,240926_ML.npy,2026-09-25,2026-09-25 06:40:33.729589,7C7144,C172,CESSNA AIRCRAFT COMPANY,172N,43442cbdaea560445655a7120659d304267e7d7e5ce10647c0fc2cc88ebc2508,True,2
74719,29165,240926_ML.npy,2026-09-25,2026-09-25 06:40:34.275643,7C7144,C172,CESSNA AIRCRAFT COMPANY,172N,2e227de63e1f0f1c645c49e44dae59e26920780684854550f78329b89bc4afc0,True,1
74724,29170,240926_ML.npy,2026-09-25,2026-09-25 06:40:39.748718,7C7144,C172,CESSNA AIRCRAFT COMPANY,172N,25a1434374b392566ed64e531cf6dd799a56cdcfab74dc5dd9f0513399fe9da6,True,4
74748,29194,240926_ML.npy,2026-09-25,2026-09-25 06:41:19.710051,7C7144,C172,CESSNA AIRCRAFT COMPANY,172N,241356d7ce4e24f86d4e5c69bfcb99b2a0294c636c6fcf1842a3e254b172f5a7,True,4
74750,29196,240926_ML.npy,2026-09-25,2026-09-25 06:41:27.820292,7C7144,C172,CESSNA AIRCRAFT COMPANY,172N,dd057e00d54c266ed0958cb7c0bb847cee6b51e7a6593cf841ee278f6be1bf3f,True,2
74769,29215,240926_ML.npy,2026-09-25,2026-09-25 06:46:04.174525,7C7144,C172,CESSNA AIRCRAFT COMPANY,172N,2b908c98de1cae963bbe19db3f8df74ea7fffb12c399c0ea309a58372caf0fb5,True,1
74779,29225,240926_ML.npy,2026-09-25,2026-09-25 06:46:21.243908,7C7144,C172,CESSNA AIRCRAFT COMPANY,172N,51f97dc335c719d6279f1dc63b60d49caa05ddea4fca814206b157d6a3951e91,True,3
74794,29240,240926_ML.npy,2026-09-25,2026-09-25 06:46:34.835058,7C7144,C172,CESSNA AIRCRAFT COMPANY,172N,8b5d5ecf382d0886cc5a6c02641230aae2a4320c2cadd5c2931bf87acf257830,True,1
74819,29265,240926_ML.npy,2026-09-25,2026-09-25 06:48:00.289767,7C1687,DA40,DIAMOND AIRCRAFT INDUSTRIES INC.,DA 40,0cf572e4fa54025351cfe501efb7299b16c503448022786fce7735b5e7bfc265,True,1
74841,29287,240926_ML.npy,2026-09-25,2026-09-25 06:48:47.778887,7C79B4,DA42,DIAMOND AIRCRAFT INDUSTRIES,DA 42,215a51b6ee9f1f9afc4aaedbcf6fa6b2dfaa4f1410d5882200e6baebb5005733,True,2
74843,29289,240926_ML.npy,2026-09-25,2026-09-25 06:48:51.076492,7C79B4,DA42,DIAMOND AIRCRAFT INDUSTRIES,DA 42,80090aa521432a024b43a445cd0eaf0818535865c12d1414c4684a5754a3dab1,True,5
74846,29292,240926_ML.npy,2026-09-25,2026-09-25 06:48:51.328937,7C79B4,DA42,DIAMOND AIRCRAFT INDUSTRIES,DA 42,a481bfbde2a8fb256cd1bb758d3d40d2836eeb796bb5a8d626fd870c1161eba0,True,3
74848,29294,240926_ML.npy,2026-09-25,2026-09-25 06:48:55.080782,7C79B4,DA42,DIAMOND AIRCRAFT INDUSTRIES,DA 42,a481bfbde2a8fb256cd1bb758d3d40d2836eeb796bb5a8d626fd870c1161eba0,True,5
74850,29296,240926_ML.npy,2026-09-25,2026-09-25 06:48:58.369378,7C79B4,DA42,DIAMOND AIRCRAFT INDUSTRIES,DA 42,83103e2bc4d6c5edb584c6aa319f95fa7d0a25da2ed886390aeb4dd19a228976,True,5
74852,29298,240926_ML.npy,2026-09-25,2026-09-25 06:49:03.841609,7C79B4,DA42,DIAMOND AIRCRAFT INDUSTRIES,DA 42,a481bfbde2a8fb256cd1bb758d3d40d2836eeb796bb5a8d626fd870c1161eba0,True,5
74853,29299,240926_ML.npy,2026-09-25,2026-09-25 06:49:05.793123,7C79B4,DA42,DIAMOND AIRCRAFT INDUSTRIES,DA 42,8dcac9215e3a8e836db6349cf3113a384189062676d275ce9b53a68c656dc979,True,2
74854,29300,240926_ML.npy,2026-09-25,2026-09-25 06:49:07.558542,7C79B4,DA42,DIAMOND AIRCRAFT INDUSTRIES,DA 42,a481bfbde2a8fb256cd1bb758d3d40d2836eeb796bb5a8d626fd870c1161eba0,True,3
74855,29301,240926_ML.npy,2026-09-25,2026-09-25 06:49:09.111960,7C79B4,DA42,DIAMOND AIRCRAFT INDUSTRIES,DA 42,0cd241858b93a5ea746355c629fd6ea1e69e70ebd81f790a427578495d4bcd60,True,1
74856,29302,240926_ML.npy,2026-09-25,2026-09-25 06:49:10.009627,7C79B4,DA42,DIAMOND AIRCRAFT INDUSTRIES,DA 42,a481bfbde2a8fb256cd1bb758d3d40d2836eeb796bb5a8d626fd870c1161eba0,True,5
74859,29305,240926_ML.npy,2026-09-25,2026-09-25 06:49:12.429849,7C79B4,DA42,DIAMOND AIRCRAFT INDUSTRIES,DA 42,a481bfbde2a8fb256cd1bb758d3d40d2836eeb796bb5a8d626fd870c1161eba0,True,3
74860,29306,240926_ML.npy,2026-09-25,2026-09-25 06:49:15.232108,7C79B4,DA42,DIAMOND AIRCRAFT INDUSTRIES,DA 42,76316d9ce0c021b10e5954246027599631c4df22a0a0bc0004dacdcf4ec7b1ba,True,1
74862,29308,240926_ML.npy,2026-09-25,2026-09-25 06:49:15.789069,7C79B4,DA42,DIAMOND AIRCRAFT INDUSTRIES,DA 42,2ede495ad449794fef83ed8ae7edbe69dbf870ee9b69320368bd2f8445a87cfb,True,4
74869,29315,240926_ML.npy,2026-09-25,2026-09-25 06:49:28.547976,7C79B4,DA42,DIAMOND AIRCRAFT INDUSTRIES,DA 42,a481bfbde2a8fb256cd1bb758d3d40d2836eeb796bb5a8d626fd870c1161eba0,True,3
74870,29316,240926_ML.npy,2026-09-25,2026-09-25 06:49:29.831073,7C79B4,DA42,DIAMOND AIRCRAFT INDUSTRIES,DA 42,4f4bdf3e2ad31bef319516be4c9ffe4df7b9c51fca9ae9c098d5f82087e5dd4d,True,5
74871,29317,240926_ML.npy,2026-09-25,2026-09-25 06:49:46.331886,7C79B4,DA42,DIAMOND AIRCRAFT INDUSTRIES,DA 42,601bc0302ff4159ffaea22dfbc789fe009c0c971197c41cdc8299fa19425d67b,True,3
74872,29318,240926_ML.npy,2026-09-25,2026-09-25 06:49:47.804880,7C79B4,DA42,DIAMOND AIRCRAFT INDUSTRIES,DA 42,76316d9ce0c021b10e5954246027599631c4df22a0a0bc0004dacdcf4ec7b1ba,True,4
74900,29346,240926_ML.npy,2026-09-25,2026-09-25 06:50:42.623320,7C7B5F,DA40,DIAMOND AIRCRAFT INDUSTRIES INC.,DA 40,8b3a8ce4c9a662ed227ffbf52fe3e27faafc7cadb2f0aa5b69249db408cd61af,True,2
74901,29347,240926_ML.npy,2026-09-25,2026-09-25 06:50:46.175180,7C7B5F,DA40,DIAMOND AIRCRAFT INDUSTRIES INC.,DA 40,7e00079524ecac5e8e026884c80bc6b37d7a34b49a14a43b20c3ec45188fa57d,True,2
74919,29365,240926_ML.npy,2026-09-25,2026-09-25 06:53:35.237129,7C1687,DA40,DIAMOND AIRCRAFT INDUSTRIES INC.,DA 40,add9d7cb6f950f0b693362305b63a4d2e09bdb02f7051b5a24c517654c0d578a,True,4
74925,29371,240926_ML.npy,2026-09-25,2026-09-25 06:53:44.591192,7C1687,DA40,DIAMOND AIRCRAFT INDUSTRIES INC.,DA 40,d640ffedf97f014a5264aae3c0ec6676ef13620ea4437d415f21a38054a736fc,True,3
74967,29413,240926_ML.npy,2026-09-25,2026-09-25 06:55:57.680487,7C7B5F,DA40,DIAMOND AIRCRAFT INDUSTRIES INC.,DA 40,823d0df45905d9195feb86d079b2ccecfdf9ed0596cc0eefbcbd0b4546047746,True,5
74974,29420,240926_ML.npy,2026-09-25,2026-09-25 06:58:44.857671,7C1687,DA40,DIAMOND AIRCRAFT INDUSTRIES INC.,DA 40,3edc582bfa4addda6af2db36a5bd1e4a73616cfe07605d2a658d6f9ee8908ecd,True,3
74981,29427,240926_ML.npy,2026-09-25,2026-09-25 06:58:49.023918,7C1687,DA40,DIAMOND AIRCRAFT INDUSTRIES INC.,DA 40,e57f640b4957b6f718585d78153af27c9aee8068ee03e65bef9d70eec7693124,True,2
74991,29437,240926_ML.npy,2026-09-25,2026-09-25 06:59:04.226563,7C1687,DA40,DIAMOND AIRCRAFT INDUSTRIES INC.,DA 40,067a1c7c672f685bc4aec5f1ea77c49731cc535c092ddf678412c56a148572fc,True,3
75000,29446,240926_ML.npy,2026-09-25,2026-09-25 06:59:17.155726,7C1687,DA40,DIAMOND AIRCRAFT INDUSTRIES INC.,DA 40,8024d0a0d63b1596c3bd4866e36997f8e7ce6aacfb1e7ee69640707f5de20e2b,True,3
75013,29459,240926_ML.npy,2026-09-25,2026-09-25 07:04:22.313761,7C1687,DA40,DIAMOND AIRCRAFT INDUSTRIES INC.,DA 40,67d59b161efd0fa743433f104c148189478763d6e768ca33d0b8b6cdb0b8fc4c,True,3
75016,29462,240926_ML.npy,2026-09-25,2026-09-25 07:04:25.850039,7C1687,DA40,DIAMOND AIRCRAFT INDUSTRIES INC.,DA 40,6c7a4d83568a93c290d942845d32e32e0bde5d5df6fa705b80f2d19c5136215d,True,3
75018,29464,240926_ML.npy,2026-09-25,2026-09-25 07:04:27.361963,7C1687,DA40,DIAMOND AIRCRAFT INDUSTRIES INC.,DA 40,48efc3a99b8b6166d9db0b0fed1729565d421778981bccd20243b7723436bb5f,True,4
75035,29481,240926_ML.npy,2026-09-25,2026-09-25 07:04:58.862093,7C1687,DA40,DIAMOND AIRCRAFT INDUSTRIES INC.,DA 40,68c0fa1ab9b562e883861e511a3279ef40bdb6a3399d177bbe0424913e5229d9,True,3
75039,29485,240926_ML.npy,2026-09-25,2026-09-25 07:09:58.226556,7C1687,DA40,DIAMOND AIRCRAFT INDUSTRIES INC.,DA 40,ea87098ff53c876564a295da9edefc8b4ca50eff7fa0ae289d89cad54d58d514,True,4
75044,29490,240926_ML.npy,2026-09-25,2026-09-25 07:10:05.814102,7C1687,DA40,DIAMOND AIRCRAFT INDUSTRIES INC.,DA 40,d6a6bb8728859f6a085ad89534665875c2cce245f5147aa7f442b8d4522c6a8b,True,4
75057,29503,240926_ML.npy,2026-09-25,2026-09-25 07:10:16.937214,7C1687,DA40,DIAMOND AIRCRAFT INDUSTRIES INC.,DA 40,5fb013c64720dcaf8aea48a6ce22d6d2e0fb30953a312f423f5306a16017b2df,True,2
75065,29511,240926_ML.npy,2026-09-25,2026-09-25 07:10:29.580673,7C1687,DA40,DIAMOND AIRCRAFT INDUSTRIES INC.,DA 40,9bd648034adc63916ec1117df06b39f2ed80b24c939012cb5a378501189e2d27,True,4
75068,29514,240926_ML.npy,2026-09-25,2026-09-25 07:10:33.058467,7C1687,DA40,DIAMOND AIRCRAFT INDUSTRIES INC.,DA 40,da8ebebf6ecaa672d6ab419fa89a689f1ae4be42578fbaf620eb0a509d977eaf,True,5
75073,29519,240926_ML.npy,2026-09-25,2026-09-25 07:10:39.275930,7C1687,DA40,DIAMOND AIRCRAFT INDUSTRIES INC.,DA 40,e70f2bbd734cfefce66b40ab2d24ad2e9e8e4bbfd96499a1bca8c78674b6e068,True,5
75170,29616,240926_ML.npy,2026-09-25,2026-09-25 07:29:54.758843,7C1687,DA40,DIAMOND AIRCRAFT INDUSTRIES INC.,DA 40,5406d11728b667ef1bf32d1eda945af7fd40bc66bd76e3f76a6f3be3347c9dd6,True,3
75182,29628,240926_ML.npy,2026-09-25,2026-09-25 07:30:09.196014,7C1687,DA40,DIAMOND AIRCRAFT INDUSTRIES INC.,DA 40,540b1f9f4fb11d505fe2fda9142ed4e57e75dcc492be26cfc69c3727f7dee0e4,True,2
75187,29633,240926_ML.npy,2026-09-25,2026-09-25 07:30:15.802062,7C1687,DA40,DIAMOND AIRCRAFT INDUSTRIES INC.,DA 40,0fc7b9d6db4b90516f9abd67a2f8351580d0fea24facd7f760816f742880aa52,True,5
75188,29634,240926_ML.npy,2026-09-25,2026-09-25 07:30:16.927964,7C1687,DA40,DIAMOND AIRCRAFT INDUSTRIES INC.,DA 40,b3c81ffc1791499b20e34696dc191c1b99291e0f3a5caaf457556f407b26185c,True,2
75189,29635,240926_ML.npy,2026-09-25,2026-09-25 07:30:17.315919,7C1687,DA40,DIAMOND AIRCRAFT INDUSTRIES INC.,DA 40,d6fda2e53bca3c8bd406487187d9b6e99f44bfd78359202768902ed6b7a3c81c,True,2
75190,29636,240926_ML.npy,2026-09-25,2026-09-25 07:30:18.353973,7C1687,DA40,DIAMOND AIRCRAFT INDUSTRIES INC.,DA 40,9e5dc03618afd3d065f1dcf1cb972dff91ffadae1f36c2ccc21e8ecfefd91c1b,True,5
75203,29649,240926_ML.npy,2026-09-25,2026-09-25 07:31:41.506205,7C41FD,DA40,DIAMOND AIRCRAFT INDUSTRIES INC.,DA 40,ca3c431819122b2a9e842a54a6e771d97c78dfd9bf3576dcd5186f0cefafb50c,True,3
75222,29668,240926_ML.npy,2026-09-25,2026-09-25 07:32:09.103311,7C41FD,DA40,DIAMOND AIRCRAFT INDUSTRIES INC.,DA 40,68388d7a6d426a0532bd3267c6821b87ffc18e8a4e831e167354dc0af4552af8,True,3
75228,29674,240926_ML.npy,2026-09-25,2026-09-25 07:32:33.388272,7C41FD,DA40,DIAMOND AIRCRAFT INDUSTRIES INC.,DA 40,a869d565d7866ead71886a3c991273314248c3b35c6232fac48c66cf613731bf,True,5
75238,29684,240926_ML.npy,2026-09-25,2026-09-25 07:32:56.392542,7C79B4,DA42,DIAMOND AIRCRAFT INDUSTRIES,DA 42,87e2c17d1a22bfe7c2c9fcfc969e1975c71e87dbf03dccfbb648b924780842c6,True,2
75240,29686,240926_ML.npy,2026-09-25,2026-09-25 07:32:58.039277,7C79B4,DA42,DIAMOND AIRCRAFT INDUSTRIES,DA 42,5eb0f32c54261538f433527f80d56ecea6c60ae5533ebb4c9f6b88c27b13e988,True,5
75243,29689,240926_ML.npy,2026-09-25,2026-09-25 07:33:06.446676,7C79B4,DA42,DIAMOND AIRCRAFT INDUSTRIES,DA 42,9be2397fbbddba007c73fb6aaeb5c7b8cee1b2b1f396af4d80b83057461900dd,True,3
75244,29690,240926_ML.npy,2026-09-25,2026-09-25 07:33:07.419971,7C79B4,DA42,DIAMOND AIRCRAFT INDUSTRIES,DA 42,8bad2fd4938db5f2abc625904bee5216fbfa0c7a2b7bf923fbee6498da9a25b8,True,5
75245,29691,240926_ML.npy,2026-09-25,2026-09-25 07:33:11.197051,7C79B4,DA42,DIAMOND AIRCRAFT INDUSTRIES,DA 42,9c8e7c544b826c0a89b2b7f2ff4829404aba73b5c992f5880068bb74ab48ae01,True,2
75246,29692,240926_ML.npy,2026-09-25,2026-09-25 07:33:12.281293,7C79B4,DA42,DIAMOND AIRCRAFT INDUSTRIES,DA 42,c0b6ef310e7607b3ed7492c8424739fc766d5d060b9ebff871c9d0b574477c1e,True,5
75247,29693,240926_ML.npy,2026-09-25,2026-09-25 07:33:12.756644,7C79B4,DA42,DIAMOND AIRCRAFT INDUSTRIES,DA 42,e6563fc8a6771714d055881883bb10dabcbd2bb70fab116becc044008c374c25,True,1
75248,29694,240926_ML.npy,2026-09-25,2026-09-25 07:33:12.767590,7C79B4,DA42,DIAMOND AIRCRAFT INDUSTRIES,DA 42,2232ca9ee986cab715f5c02a843b8f8e91af9d70c18c5999f466a05dbd7d326d,True,4
75249,29695,240926_ML.npy,2026-09-25,2026-09-25 07:33:13.898168,7C79B4,DA42,DIAMOND AIRCRAFT INDUSTRIES,DA 42,2232ca9ee986cab715f5c02a843b8f8e91af9d70c18c5999f466a05dbd7d326d,True,5
75250,29696,240926_ML.npy,2026-09-25,2026-09-25 07:33:15.959469,7C79B4,DA42,DIAMOND AIRCRAFT INDUSTRIES,DA 42,b53bcb416d215264d55273e8114283fe8537d518fd836d19c5ac61f0571f2668,True,2
75251,29697,240926_ML.npy,2026-09-25,2026-09-25 07:33:15.963192,7C79B4,DA42,DIAMOND AIRCRAFT INDUSTRIES,DA 42,b6a538e593a0d75cfa5d810b8cfb434537a94a06c54d3e3614c8db80d0e2535a,True,1
75257,29703,240926_ML.npy,2026-09-25,2026-09-25 07:33:23.036232,7C79B4,DA42,DIAMOND AIRCRAFT INDUSTRIES,DA 42,8c1d1db6221b16875166b8365191f217b578c808ad990979ac04f11331294ce0,True,3
75259,29705,240926_ML.npy,2026-09-25,2026-09-25 07:33:25.172121,7C79B4,DA42,DIAMOND AIRCRAFT INDUSTRIES,DA 42,42a15aa584a9a573fdf98ed428a868f885c9c82ac7cc2bfcd4b84fa224e2f10b,True,3
75262,29708,240926_ML.npy,2026-09-25,2026-09-25 07:33:27.502432,7C79B4,DA42,DIAMOND AIRCRAFT INDUSTRIES,DA 42,1137b58095d38736259b8345f30b4dcdc40ad75ee3a48dc6de77244e9ab099ef,True,3
75264,29710,240926_ML.npy,2026-09-25,2026-09-25 07:33:29.553825,7C79B4,DA42,DIAMOND AIRCRAFT INDUSTRIES,DA 42,f1bed1b966d62356acef5ce9316765232c12e6088b0a0a26025a6df59e88f37e,True,2
75265,29711,240926_ML.npy,2026-09-25,2026-09-25 07:33:30.535951,7C79B4,DA42,DIAMOND AIRCRAFT INDUSTRIES,DA 42,3efc84c0f7ed07d00a2d10a1fe7408c558d32eb02c88e932027ad38c8b966bee,True,2
75266,29712,240926_ML.npy,2026-09-25,2026-09-25 07:33:30.543513,7C79B4,DA42,DIAMOND AIRCRAFT INDUSTRIES,DA 42,b8bad55a58dbf3ac46b20d15876dd3624da860c8505d8477aa61cee5fd384b4c,True,2
75267,29713,240926_ML.npy,2026-09-25,2026-09-25 07:33:31.016856,7C79B4,DA42,DIAMOND AIRCRAFT INDUSTRIES,DA 42,68ba0bdc61e0efc4dd6019c52c454aa9124a508f3ca812ca284b9bed252d3b0a,True,2
75270,29716,240926_ML.npy,2026-09-25,2026-09-25 07:33:35.960122,7C79B4,DA42,DIAMOND AIRCRAFT INDUSTRIES,DA 42,da582b38251233c22978fa6ccdddcb3a7198307dbb17e49ed435fc7a969127da,True,3
75272,29718,240926_ML.npy,2026-09-25,2026-09-25 07:33:38.208135,7C79B4,DA42,DIAMOND AIRCRAFT INDUSTRIES,DA 42,23a7d8534bee5645bdc5d1266b2793980f1cfc92c363c5c8c89444614f74da17,True,3
75273,29719,240926_ML.npy,2026-09-25,2026-09-25 07:33:38.211481,7C79B4,DA42,DIAMOND AIRCRAFT INDUSTRIES,DA 42,b557edc83b71addc85f5678a970d659e2707e30cf4779386ebf860bdbf6ed5d9,True,2
75275,29721,240926_ML.npy,2026-09-25,2026-09-25 07:33:38.817560,7C79B4,DA42,DIAMOND AIRCRAFT INDUSTRIES,DA 42,87e2c17d1a22bfe7c2c9fcfc969e1975c71e87dbf03dccfbb648b924780842c6,True,3
75278,29724,240926_ML.npy,2026-09-25,2026-09-25 07:33:40.295678,7C79B4,DA42,DIAMOND AIRCRAFT INDUSTRIES,DA 42,dd534987b65c6a487c5a6782927afc38d208b4fe8ad3dea89235d46d842e5ea2,True,3
75280,29726,240926_ML.npy,2026-09-25,2026-09-25 07:33:49.937829,7C79B4,DA42,DIAMOND AIRCRAFT INDUSTRIES,DA 42,76316d9ce0c021b10e5954246027599631c4df22a0a0bc0004dacdcf4ec7b1ba,True,2
75281,29727,240926_ML.npy,2026-09-25,2026-09-25 07:33:51.101969,7C79B4,DA42,DIAMOND AIRCRAFT INDUSTRIES,DA 42,cf952fe4a443e5a8bbfd8491e5c6a40f08882aaba20b6d7989d9b246d6a7f074,True,3
75284,29730,240926_ML.npy,2026-09-25,2026-09-25 07:33:54.217391,7C79B4,DA42,DIAMOND AIRCRAFT INDUSTRIES,DA 42,b9c5e2863fbd38708f45a94531bee9569a4b66eacde35a414772958f65b0ba0f,True,4
75285,29731,240926_ML.npy,2026-09-25,2026-09-25 07:34:25.909092,7C79B4,DA42,DIAMOND AIRCRAFT INDUSTRIES,DA 42,7518e0af5de9bfd98affb8e227bc79d7c043f2a73448169c549fdc521fd5204e,True,5
75286,29732,240926_ML.npy,2026-09-25,2026-09-25 07:34:25.914692,7C79B4,DA42,DIAMOND AIRCRAFT INDUSTRIES,DA 42,c5d9689ec472fe05c88398f9c787323878175249dbe2f1fdd8730f636ac68ef4,True,3
75287,29733,240926_ML.npy,2026-09-25,2026-09-25 07:34:30.261524,7C79B4,DA42,DIAMOND AIRCRAFT INDUSTRIES,DA 42,af1f4a73eb044feb7ee8fc341f312cc72cf5cfc7fd6ff4070c4312a70a443499,True,3
75290,29736,240926_ML.npy,2026-09-25,2026-09-25 07:34:35.226057,7C79B4,DA42,DIAMOND AIRCRAFT INDUSTRIES,DA 42,a481bfbde2a8fb256cd1bb758d3d40d2836eeb796bb5a8d626fd870c1161eba0,True,5
75292,29738,240926_ML.npy,2026-09-25,2026-09-25 07:34:40.704817,7C79B4,DA42,DIAMOND AIRCRAFT INDUSTRIES,DA 42,e4a4d450fcfca231396337e42a4262da7c52d1e67a316fcd2e1207b804fdac33,True,4
75294,29740,240926_ML.npy,2026-09-25,2026-09-25 07:34:43.731220,7C79B4,DA42,DIAMOND AIRCRAFT INDUSTRIES,DA 42,791a0764084fca5392e8a36b5924ea9d995473eb96dfaceac0a9e7516141391d,True,3
75295,29741,240926_ML.npy,2026-09-25,2026-09-25 07:34:43.737211,7C79B4,DA42,DIAMOND AIRCRAFT INDUSTRIES,DA 42,c7852ea7e8254dd0bec764ee69170948996ea97ccbe806210b9ccc3ad7ecf757,True,3
75306,29752,240926_ML.npy,2026-09-25,2026-09-25 07:35:04.675612,7C1687,DA40,DIAMOND AIRCRAFT INDUSTRIES INC.,DA 40,09c8f99722171612d15f94e168d171c2c2394229658a43dbd7e63f9530f35f22,True,3
75308,29754,240926_ML.npy,2026-09-25,2026-09-25 07:35:05.477236,7C1687,DA40,DIAMOND AIRCRAFT INDUSTRIES INC.,DA 40,c8867510c96e1be37769386cd62c910bddad429c988659de56b1e30e7f668a3d,True,5
75315,29761,240926_ML.npy,2026-09-25,2026-09-25 07:35:17.339108,7C79B4,DA42,DIAMOND AIRCRAFT INDUSTRIES,DA 42,f448439d92dd3ff18850de1197e42816adb8567a5302b40337433e4ebf4651a4,True,3
75317,29763,240926_ML.npy,2026-09-25,2026-09-25 07:35:17.716935,7C1687,DA40,DIAMOND AIRCRAFT INDUSTRIES INC.,DA 40,96a78b1855e40679ff807718d283375c81d691d06e8e66e9e9fd83885f0912ab,True,4
75320,29766,240926_ML.npy,2026-09-25,2026-09-25 07:35:21.554273,7C1687,DA40,DIAMOND AIRCRAFT INDUSTRIES INC.,DA 40,6d5d2c0201d286fb0cf1f83769deb522ad402162f6f3d363c3580c8912ead816,True,2
75324,29770,240926_ML.npy,2026-09-25,2026-09-25 07:35:30.585496,7C1687,DA40,DIAMOND AIRCRAFT INDUSTRIES INC.,DA 40,7b7cbd688c522fae004fef6045b081f0944c2d7e25648909b396e643f341a42c,True,4
75325,29771,240926_ML.npy,2026-09-25,2026-09-25 07:35:31.980073,7C1687,DA40,DIAMOND AIRCRAFT INDUSTRIES INC.,DA 40,a8d1762b971f218a0bfca3fbc9a69ca6b33db23311bc1fd2985d817941fa22b5,True,1
75333,29779,240926_ML.npy,2026-09-25,2026-09-25 07:35:42.721386,7C1687,DA40,DIAMOND AIRCRAFT INDUSTRIES INC.,DA 40,8c362709a86af83a64b7fe3126ddb50ed80bc1803038fed4113df6af440cec70,True,1
75335,29781,240926_ML.npy,2026-09-25,2026-09-25 07:35:47.375055,7C1687,DA40,DIAMOND AIRCRAFT INDUSTRIES INC.,DA 40,75a1f65243984367c31205fcb45bdb33e6c847860279010ae912dda95bf03d7f,True,4
75336,29782,240926_ML.npy,2026-09-25,2026-09-25 07:35:48.743162,7C1687,DA40,DIAMOND AIRCRAFT INDUSTRIES INC.,DA 40,4c899bfb716385402acb3688a862a9bf0ba0532d808bc80c0eea552c922a6ef7,True,2
75338,29784,240926_ML.npy,2026-09-25,2026-09-25 07:36:02.996000,7C79B4,DA42,DIAMOND AIRCRAFT INDUSTRIES,DA 42,6eb442734a5da0ce8f482312387745dc320c6ced102fd18e39a01758464b9ca1,True,5
75370,29816,240926_ML.npy,2026-09-25,2026-09-25 07:40:33.074364,7C1687,DA40,DIAMOND AIRCRAFT INDUSTRIES INC.,DA 40,e28b9cfd04594396ddc1661576227aedf4d25e48f5d41e72afc697a6a8983376,True,4
75380,29826,240926_ML.npy,2026-09-25,2026-09-25 07:40:42.124131,7C1687,DA40,DIAMOND AIRCRAFT INDUSTRIES INC.,DA 40,220f2ba246fff480eca6ecff8cef1250c55194022faecbc28c703ccdf3566d59,True,1
75385,29831,240926_ML.npy,2026-09-25,2026-09-25 07:40:53.515590,7C1687,DA40,DIAMOND AIRCRAFT INDUSTRIES INC.,DA 40,09409bf68c09b8d1c26da15d2576ca59f58fd4e385194040de33aca08753008a,True,1
75387,29833,240926_ML.npy,2026-09-25,2026-09-25 07:41:00.034942,7C1687,DA40,DIAMOND AIRCRAFT INDUSTRIES INC.,DA 40,b9824b054acf8b6e59804c62a1f0e402793fd3038d4fd349e401af5ffaa0ddc5,True,1
75412,29858,240926_ML.npy,2026-09-25,2026-09-25 07:45:26.637460,7C1687,DA40,DIAMOND AIRCRAFT INDUSTRIES INC.,DA 40,3e041e50aef27989447bdc3c5494eeaed5e83f6aae6dc3284ef92c2d3809ff73,True,5
75419,29865,240926_ML.npy,2026-09-25,2026-09-25 07:45:34.713529,7C1687,DA40,DIAMOND AIRCRAFT INDUSTRIES INC.,DA 40,4a136451567cace4fec7ada81a1670cbd5ac4d6e7ed79e4d6db63e25e4793d7f,True,2
75440,29886,240926_ML.npy,2026-09-25,2026-09-25 07:46:17.163132,7C1687,DA40,DIAMOND AIRCRAFT INDUSTRIES INC.,DA 40,8772d8d943ac7baf9064a07b3bdcc52f789f84eddc1bc66a1fef785534897c1a,True,2
75622,30068,240926_ML.npy,2026-09-25,2026-09-25 08:31:36.221274,7C41FD,DA40,DIAMOND AIRCRAFT INDUSTRIES INC.,DA 40,6e77cf5fd6e3f092f5dc98a73519c517fc3623b07bd67fb9b63a2e18be01c355,True,3
75627,30073,240926_ML.npy,2026-09-25,2026-09-25 08:31:44.422681,7C41FD,DA40,DIAMOND AIRCRAFT INDUSTRIES INC.,DA 40,e32204c3fb7fff1bc7b75fd09b7287a8a2f372145711f2ea8d449048910d0fa3,True,1
75651,30097,240926_ML.npy,2026-09-25,2026-09-25 08:32:19.200132,7C41FD,DA40,DIAMOND AIRCRAFT INDUSTRIES INC.,DA 40,6f6bb5b44caad6bf00873834f26531a3824c2c48f481254d6398c9edd5dfc9b7,True,1
75685,30131,240926_ML.npy,2026-09-25,2026-09-25 08:36:19.044494,7C41FD,DA40,DIAMOND AIRCRAFT INDUSTRIES INC.,DA 40,475373f2d03812a898757cfc3f7004c6b6072c018a955c8f96450b45be44ae85,True,4
75692,30138,240926_ML.npy,2026-09-25,2026-09-25 08:36:23.687192,7C41FD,DA40,DIAMOND AIRCRAFT INDUSTRIES INC.,DA 40,c3655e050e09dd5ff9c25b44cdc218b66b41a5058f02a1a04c9ce98362c366f0,True,1
75715,30161,240926_ML.npy,2026-09-25,2026-09-25 08:36:37.702851,7C41FD,DA40,DIAMOND AIRCRAFT INDUSTRIES INC.,DA 40,20d5458691c64f14c2b0f99a50516326bf3163847da2a6bd5aadc10f9b29d5fa,True,4
75734,30180,240926_ML.npy,2026-09-25,2026-09-25 08:36:46.461849,7C41FD,DA40,DIAMOND AIRCRAFT INDUSTRIES INC.,DA 40,31e3ff542ee48b2ec588c818c8dac10cb8b3a063d33d66515aa3db5b229b1a91,True,5
75754,30200,240926_ML.npy,2026-09-25,2026-09-25 08:37:02.033307,7C41FD,DA40,DIAMOND AIRCRAFT INDUSTRIES INC.,DA 40,da355aba836ec6359cb43f594f1fbee1341e34d7a27d782bcdbfd6db999adac2,True,2
75757,30203,240926_ML.npy,2026-09-25,2026-09-25 08:37:03.095045,7C41FD,DA40,DIAMOND AIRCRAFT INDUSTRIES INC.,DA 40,30a1e7f1906c7b47656c9b68d4d4b16f8f9837588b1185fe3d37769199706610,True,4
75772,30218,240926_ML.npy,2026-09-25,2026-09-25 08:37:42.291371,7C41FD,DA40,DIAMOND AIRCRAFT INDUSTRIES INC.,DA 40,6159296ffd791085525e28bb6a8d3899c51ee740c16338dd66ce818faa247899,True,2
75774,30220,240926_ML.npy,2026-09-25,2026-09-25 08:37:43.217780,7C41FD,DA40,DIAMOND AIRCRAFT INDUSTRIES INC.,DA 40,6159296ffd791085525e28bb6a8d3899c51ee740c16338dd66ce818faa247899,True,1
75775,30221,240926_ML.npy,2026-09-25,2026-09-25 08:37:59.975325,7C41FD,DA40,DIAMOND AIRCRAFT INDUSTRIES INC.,DA 40,272184d0d363493a6a882d6c8d129563d5cacd94bc33740b6ee1fddf987de1cb,True,2
75804,30250,240926_ML.npy,2026-09-25,2026-09-25 09:01:40.781986,7C7BD9,DA42,DIAMOND AIRCRAFT INDUSTRIES INC.,DA 42,d19393d677c98225b406a767728fae7f7e046473a81e1192d0fda8e5c8d570f4,True,3
75806,30252,240926_ML.npy,2026-09-25,2026-09-25 09:01:43.965534,7C7BD9,DA42,DIAMOND AIRCRAFT INDUSTRIES INC.,DA 42,616936a06203f9e13ea5b11ce502095d6ef21943ade07a9101bc9746f15c009a,True,5
75807,30253,240926_ML.npy,2026-09-25,2026-09-25 09:01:45.066034,7C7BD9,DA42,DIAMOND AIRCRAFT INDUSTRIES INC.,DA 42,e4dfee0ca656b8efa0ffb491c8f8034b124a7adbfb2c2d4f5de62438e80700fe,True,4
75808,30254,240926_ML.npy,2026-09-25,2026-09-25 09:01:45.070809,7C7BD9,DA42,DIAMOND AIRCRAFT INDUSTRIES INC.,DA 42,832686955ad2f0f63febc27ed5acf3f2726ea6c136e30bb4a4734c464ca952ea,True,2
75809,30255,240926_ML.npy,2026-09-25,2026-09-25 09:01:46.682454,7C7BD9,DA42,DIAMOND AIRCRAFT INDUSTRIES INC.,DA 42,c31ab4d0b9c25ef57c36cf156abd6a3e3bea8171dc32a2357643746213ffa5c6,True,4
75810,30256,240926_ML.npy,2026-09-25,2026-09-25 09:01:48.755025,7C7BD9,DA42,DIAMOND AIRCRAFT INDUSTRIES INC.,DA 42,d3c6292b32b9899e6aea6b9b8816bdfb7d8d1f334e75d8fbc81e53a8e2313037,True,1
75811,30257,240926_ML.npy,2026-09-25,2026-09-25 09:01:49.206844,7C7BD9,DA42,DIAMOND AIRCRAFT INDUSTRIES INC.,DA 42,d396fecc66d296c01640949b362d81ff877f6081ecc27556f84ee16ca3c96811,True,4
75812,30258,240926_ML.npy,2026-09-25,2026-09-25 09:01:49.210308,7C7BD9,DA42,DIAMOND AIRCRAFT INDUSTRIES INC.,DA 42,06a2765e9804fc87f3e0742420d81d2ffa097d2f3a6038f8ec690a7a63064fec,True,2
75813,30259,240926_ML.npy,2026-09-25,2026-09-25 09:01:52.279913,7C7BD9,DA42,DIAMOND AIRCRAFT INDUSTRIES INC.,DA 42,365c1060f4688580e0a5013ca655aad10afb23e7f4769f62103eda84ee78a7ac,True,1
75815,30261,240926_ML.npy,2026-09-25,2026-09-25 09:01:53.525077,7C7BD9,DA42,DIAMOND AIRCRAFT INDUSTRIES INC.,DA 42,405a902b48d199a48c23a5232b0adb41c9952381325f828d0743c6866778e368,True,2
75817,30263,240926_ML.npy,2026-09-25,2026-09-25 09:01:53.699238,7C7BD9,DA42,DIAMOND AIRCRAFT INDUSTRIES INC.,DA 42,ce0f3b72472ca6ba58abb2c897bb9856c200fe520e0d3fb372384e951d77eb56,True,2
75818,30264,240926_ML.npy,2026-09-25,2026-09-25 09:01:55.994329,7C7BD9,DA42,DIAMOND AIRCRAFT INDUSTRIES INC.,DA 42,ed05c86cf59ba621af4418ee7ca9fe020dd19e7c519e6a0ba23a13031f916d4f,True,2
75819,30265,240926_ML.npy,2026-09-25,2026-09-25 09:01:57.495026,7C7BD9,DA42,DIAMOND AIRCRAFT INDUSTRIES INC.,DA 42,6eb342a7ee760af320a7d2b0cbe24d41ae72892947f896637562e21ec760a660,True,4
75820,30266,240926_ML.npy,2026-09-25,2026-09-25 09:01:58.748329,7C7BD9,DA42,DIAMOND AIRCRAFT INDUSTRIES INC.,DA 42,6eb342a7ee760af320a7d2b0cbe24d41ae72892947f896637562e21ec760a660,True,5
75821,30267,240926_ML.npy,2026-09-25,2026-09-25 09:02:01.210956,7C7BD9,DA42,DIAMOND AIRCRAFT INDUSTRIES INC.,DA 42,6eb342a7ee760af320a7d2b0cbe24d41ae72892947f896637562e21ec760a660,True,2
75823,30269,240926_ML.npy,2026-09-25,2026-09-25 09:02:01.628633,7C7BD9,DA42,DIAMOND AIRCRAFT INDUSTRIES INC.,DA 42,b435185a23096eb13b89df92f2549e44a8bca666375e32828445c6f882afc297,True,4
75825,30271,240926_ML.npy,2026-09-25,2026-09-25 09:02:04.020913,7C7BD9,DA42,DIAMOND AIRCRAFT INDUSTRIES INC.,DA 42,539417d08a4480819f44d8cd95260670af51bee84edeb8be23de0b0770412533,True,3
75826,30272,240926_ML.npy,2026-09-25,2026-09-25 09:02:06.541605,7C7BD9,DA42,DIAMOND AIRCRAFT INDUSTRIES INC.,DA 42,704e3ef2b0c1d075735b7603cd594a04336f1904d3c3b0e8d877178c173d48d1,True,5
75827,30273,240926_ML.npy,2026-09-25,2026-09-25 09:02:08.517979,7C7BD9,DA42,DIAMOND AIRCRAFT INDUSTRIES INC.,DA 42,b6109e952a7db6286002d4126572876030be109e3f90b1dd331fce2e04a9124b,True,5
75830,30276,240926_ML.npy,2026-09-25,2026-09-25 09:02:16.692969,7C7BD9,DA42,DIAMOND AIRCRAFT INDUSTRIES INC.,DA 42,62032b65e542b4387016c19deadc4861b753243b2380c8c889a5fc5da7b40c28,True,2
75831,30277,240926_ML.npy,2026-09-25,2026-09-25 09:02:17.189659,7C7BD9,DA42,DIAMOND AIRCRAFT INDUSTRIES INC.,DA 42,bcbef558cde6ecde33a8a44ca8fb1dcfcdc5e7c49342b379bd9970e14e4d3e86,True,5
75833,30279,240926_ML.npy,2026-09-25,2026-09-25 09:02:17.216745,7C7BD9,DA42,DIAMOND AIRCRAFT INDUSTRIES INC.,DA 42,6eb342a7ee760af320a7d2b0cbe24d41ae72892947f896637562e21ec760a660,True,4
75834,30280,240926_ML.npy,2026-09-25,2026-09-25 09:02:18.186688,7C7BD9,DA42,DIAMOND AIRCRAFT INDUSTRIES INC.,DA 42,8f9a57227b082e880dafb3b78a693638912139925ee398be550852b5f117fe86,True,5
75835,30281,240926_ML.npy,2026-09-25,2026-09-25 09:02:19.658880,7C7BD9,DA42,DIAMOND AIRCRAFT INDUSTRIES INC.,DA 42,6eb342a7ee760af320a7d2b0cbe24d41ae72892947f896637562e21ec760a660,True,1
75837,30283,240926_ML.npy,2026-09-25,2026-09-25 09:02:21.153792,7C7BD9,DA42,DIAMOND AIRCRAFT INDUSTRIES INC.,DA 42,ed05c86cf59ba621af4418ee7ca9fe020dd19e7c519e6a0ba23a13031f916d4f,True,2
75838,30284,240926_ML.npy,2026-09-25,2026-09-25 09:02:21.270111,7C7BD9,DA42,DIAMOND AIRCRAFT INDUSTRIES INC.,DA 42,b6ce39eb3310492ffadf48dddd82b9c3f43cf09e8f71c5c23591ac516c64f625,True,1
75843,30289,240926_ML.npy,2026-09-25,2026-09-25 09:02:25.274089,7C7BD9,DA42,DIAMOND AIRCRAFT INDUSTRIES INC.,DA 42,da10cf649a7c5d4384e14805cdf8a8eb955c964c125b4f7cea2c02c9fe05ea9e,True,4
75846,30292,240926_ML.npy,2026-09-25,2026-09-25 09:02:37.317447,7C7BD9,DA42,DIAMOND AIRCRAFT INDUSTRIES INC.,DA 42,f647cdea4364d309eb46be7c706a54e9caf2804052140ccaf9d33f1966052a81,True,2
75847,30293,240926_ML.npy,2026-09-25,2026-09-25 09:02:57.519627,7C7BD9,DA42,DIAMOND AIRCRAFT INDUSTRIES INC.,DA 42,eff257b9cc62a52756801e8e9f091c38661ffa1a204191ec518f9519d6e5113a,True,4
75852,30298,240926_ML.npy,2026-09-25,2026-09-25 09:24:36.375691,7C79B4,DA42,DIAMOND AIRCRAFT INDUSTRIES,DA 42,a245d180a7db425b9053a5dd8e54381cb45378a35d39b9ccdc813c7d7c44aeb7,True,1
75853,30299,240926_ML.npy,2026-09-25,2026-09-25 09:24:37.930887,7C79B4,DA42,DIAMOND AIRCRAFT INDUSTRIES,DA 42,252ae9b8787eb88a75157f94e2f7f39a49b5814554f6de1c5412a7ac00395cf7,True,1
75856,30302,240926_ML.npy,2026-09-25,2026-09-25 09:24:40.404134,7C79B4,DA42,DIAMOND AIRCRAFT INDUSTRIES,DA 42,7eaa7e558a8a46b9a204b7a5d30384b781c4ed0b26d882b8c0ca89342fe07761,True,2
75857,30303,240926_ML.npy,2026-09-25,2026-09-25 09:24:41.422824,7C79B4,DA42,DIAMOND AIRCRAFT INDUSTRIES,DA 42,dfeded7baf5a5e4125e8540e99f3c18d0d34a97bb7e60d6e977150c78ca89189,True,5
75858,30304,240926_ML.npy,2026-09-25,2026-09-25 09:24:41.428696,7C79B4,DA42,DIAMOND AIRCRAFT INDUSTRIES,DA 42,d820200daafdbfc952b699a293437ad205b164c49e5a32f4393667aff14ef761,True,1
75859,30305,240926_ML.npy,2026-09-25,2026-09-25 09:24:42.412429,7C79B4,DA42,DIAMOND AIRCRAFT INDUSTRIES,DA 42,ec69a4ce6f783090e5d7982d89978fbc167230f61793785215962ca17e476967,True,2
75861,30307,240926_ML.npy,2026-09-25,2026-09-25 09:24:42.997736,7C79B4,DA42,DIAMOND AIRCRAFT INDUSTRIES,DA 42,eaf63791cf565268987a3303173bf91646aefabbfcad928df1fc31db9123a825,True,4
75862,30308,240926_ML.npy,2026-09-25,2026-09-25 09:24:43.198819,7C79B4,DA42,DIAMOND AIRCRAFT INDUSTRIES,DA 42,1a52621172ebc2fba6cf4183465c1e7b49afeda2bbe7f58595d01ace5211435c,True,3
75863,30309,240926_ML.npy,2026-09-25,2026-09-25 09:24:43.458493,7C79B4,DA42,DIAMOND AIRCRAFT INDUSTRIES,DA 42,1dcd57bba98a89fb0f915e3680ae331601bc7abbe0412d27acb385343d092cba,True,3
75864,30310,240926_ML.npy,2026-09-25,2026-09-25 09:24:45.655742,7C79B4,DA42,DIAMOND AIRCRAFT INDUSTRIES,DA 42,1a52621172ebc2fba6cf4183465c1e7b49afeda2bbe7f58595d01ace5211435c,True,5
75868,30314,240926_ML.npy,2026-09-25,2026-09-25 09:24:50.680032,7C79B4,DA42,DIAMOND AIRCRAFT INDUSTRIES,DA 42,1a52621172ebc2fba6cf4183465c1e7b49afeda2bbe7f58595d01ace5211435c,True,2
75871,30317,240926_ML.npy,2026-09-25,2026-09-25 09:24:52.847154,7C79B4,DA42,DIAMOND AIRCRAFT INDUSTRIES,DA 42,f89aa0aedbfb3bd0dd05a7618fec5d11b32650b676d6b758391426654f55ac4d,True,5
75873,30319,240926_ML.npy,2026-09-25,2026-09-25 09:24:55.266906,7C79B4,DA42,DIAMOND AIRCRAFT INDUSTRIES,DA 42,b682753b4c841d0934dc00197115b13d3b7b3e68ddb49bbe7d3f36fc573489fb,True,1
75874,30320,240926_ML.npy,2026-09-25,2026-09-25 09:24:55.707596,7C79B4,DA42,DIAMOND AIRCRAFT INDUSTRIES,DA 42,0931cc9b709213ee69ad3d201f5a7a4b3fc204ad10fc9410743006f0ad25ea6c,True,3
75875,30321,240926_ML.npy,2026-09-25,2026-09-25 09:24:55.714779,7C79B4,DA42,DIAMOND AIRCRAFT INDUSTRIES,DA 42,40eecac019009c2766291ceee4e35380a641eacac0f75f5b93249d7770dc7e97,True,1
75877,30323,240926_ML.npy,2026-09-25,2026-09-25 09:24:56.284541,7C79B4,DA42,DIAMOND AIRCRAFT INDUSTRIES,DA 42,d2fab613e7306ed18049c74f4f261847981f52b65ea383295b7cc2b372e26b90,True,1
75878,30324,240926_ML.npy,2026-09-25,2026-09-25 09:24:58.393001,7C79B4,DA42,DIAMOND AIRCRAFT INDUSTRIES,DA 42,78592a955530d8cfbec72dd37638cf2a229cb53e686eacad24a21fb9181ba373,True,3
75881,30327,240926_ML.npy,2026-09-25,2026-09-25 09:25:02.454574,7C79B4,DA42,DIAMOND AIRCRAFT INDUSTRIES,DA 42,717a2cb23037cd1bd535ae211d21bbf25c3aa0ff3e102121cadb90e918fbdbcd,True,3
75882,30328,240926_ML.npy,2026-09-25,2026-09-25 09:25:02.459395,7C79B4,DA42,DIAMOND AIRCRAFT INDUSTRIES,DA 42,9d6c1b3fb8f7e64490b4840d806907293849076bcd889f1006087019ee68e6ec,True,5
75884,30330,240926_ML.npy,2026-09-25,2026-09-25 09:25:03.551590,7C79B4,DA42,DIAMOND AIRCRAFT INDUSTRIES,DA 42,b2473f3bb29bae0f87032df6bbb956a685b580577977c361cb16401f8b2b66e8,True,3
75885,30331,240926_ML.npy,2026-09-25,2026-09-25 09:25:04.116804,7C79B4,DA42,DIAMOND AIRCRAFT INDUSTRIES,DA 42,1bfb7bbd2527e2949edb8db9caf65c540c833637c8a66071d779f1ec7a7b0bc4,True,3
75886,30332,240926_ML.npy,2026-09-25,2026-09-25 09:25:04.123124,7C79B4,DA42,DIAMOND AIRCRAFT INDUSTRIES,DA 42,5df6fe147dd828bc7221ec80cb484cf2c316e813c6611de157668d4cc184b42f,True,4
75887,30333,240926_ML.npy,2026-09-25,2026-09-25 09:25:05.934695,7C79B4,DA42,DIAMOND AIRCRAFT INDUSTRIES,DA 42,2fac64696403b6dbb22af1a68dc2f7999fff76bf28e5e57df609ce051b67b27d,True,4
75888,30334,240926_ML.npy,2026-09-25,2026-09-25 09:25:06.732644,7C79B4,DA42,DIAMOND AIRCRAFT INDUSTRIES,DA 42,1a52621172ebc2fba6cf4183465c1e7b49afeda2bbe7f58595d01ace5211435c,True,3
75890,30336,240926_ML.npy,2026-09-25,2026-09-25 09:25:07.409356,7C79B4,DA42,DIAMOND AIRCRAFT INDUSTRIES,DA 42,76aa90b9fc9999eafd2b9654779d5f08fb66a682f31333829219f1025ede1197,True,1
75891,30337,240926_ML.npy,2026-09-25,2026-09-25 09:25:09.459067,7C79B4,DA42,DIAMOND AIRCRAFT INDUSTRIES,DA 42,bc6fc5003885c68d6a5a79a266cf9d93cc38d8425f34ff82482504b9ca660554,True,5
75893,30339,240926_ML.npy,2026-09-25,2026-09-25 09:25:11.429184,7C79B4,DA42,DIAMOND AIRCRAFT INDUSTRIES,DA 42,c1201d9503c3213ac659b7fc7eb10bbe38bedafdbc78b24101580cd6f0355433,True,1
75894,30340,240926_ML.npy,2026-09-25,2026-09-25 09:25:11.434894,7C79B4,DA42,DIAMOND AIRCRAFT INDUSTRIES,DA 42,7eb74f04f62be629ea7b800781dd312403591b6d7bdbcc330dffbb963b69b282,True,3
75895,30341,240926_ML.npy,2026-09-25,2026-09-25 09:25:13.790339,7C79B4,DA42,DIAMOND AIRCRAFT INDUSTRIES,DA 42,7fa3ffef86773e647c6f098d6e7a3afd966e5d20dcbe5dbb72ecee87e9966fa5,True,4
75896,30342,240926_ML.npy,2026-09-25,2026-09-25 09:25:14.074446,7C79B4,DA42,DIAMOND AIRCRAFT INDUSTRIES,DA 42,76316d9ce0c021b10e5954246027599631c4df22a0a0bc0004dacdcf4ec7b1ba,True,1
75897,30343,240926_ML.npy,2026-09-25,2026-09-25 09:25:14.174527,7C79B4,DA42,DIAMOND AIRCRAFT INDUSTRIES,DA 42,1a52621172ebc2fba6cf4183465c1e7b49afeda2bbe7f58595d01ace5211435c,True,2
75898,30344,240926_ML.npy,2026-09-25,2026-09-25 09:25:14.340910,7C79B4,DA42,DIAMOND AIRCRAFT INDUSTRIES,DA 42,ed3cf0a56b48c5468f57869e99f8609d1d0538bf20fc2df43c69b1201a924401,True,1
75901,30347,240926_ML.npy,2026-09-25,2026-09-25 09:25:16.581260,7C79B4,DA42,DIAMOND AIRCRAFT INDUSTRIES,DA 42,683cf2a60e3bf1398ddcaa8d8da8dd442b9c1b138120ffd18d9ab1b8be7ec510,True,4
75904,30350,240926_ML.npy,2026-09-25,2026-09-25 09:25:19.234458,7C79B4,DA42,DIAMOND AIRCRAFT INDUSTRIES,DA 42,98d35753bc5e5aa1baa2552fa6559bf7d56dae2f1f72e93adf9d067750ba56c5,True,5
75905,30351,240926_ML.npy,2026-09-25,2026-09-25 09:25:23.616977,7C79B4,DA42,DIAMOND AIRCRAFT INDUSTRIES,DA 42,068a0ac11782b2a3c0fd6d56eb86b8387ba4d66e3d4211db17daa03670b57783,True,4
75907,30353,240926_ML.npy,2026-09-25,2026-09-25 09:25:24.594156,7C79B4,DA42,DIAMOND AIRCRAFT INDUSTRIES,DA 42,3ad1db00a92f0eeac20eca2972b3d3b2ba3be9aa445b9b2a906c762ded7c05c2,True,4
75909,30355,240926_ML.npy,2026-09-25,2026-09-25 09:25:25.269379,7C79B4,DA42,DIAMOND AIRCRAFT INDUSTRIES,DA 42,1a52621172ebc2fba6cf4183465c1e7b49afeda2bbe7f58595d01ace5211435c,True,1
75911,30357,240926_ML.npy,2026-09-25,2026-09-25 09:25:26.171620,7C79B4,DA42,DIAMOND AIRCRAFT INDUSTRIES,DA 42,47250142b462dddf5c377300fe5903370988cd39b15d458407e03b5277dbfde0,True,1
75912,30358,240926_ML.npy,2026-09-25,2026-09-25 09:25:27.144377,7C79B4,DA42,DIAMOND AIRCRAFT INDUSTRIES,DA 42,d36bec92c167632895c79f35120037cd12e36848a7aaf25a760eebe595e1449c,True,1
75914,30360,240926_ML.npy,2026-09-25,2026-09-25 09:25:29.452889,7C79B4,DA42,DIAMOND AIRCRAFT INDUSTRIES,DA 42,80090aa521432a024b43a445cd0eaf0818535865c12d1414c4684a5754a3dab1,True,4
75916,30362,240926_ML.npy,2026-09-25,2026-09-25 09:25:30.132877,7C79B4,DA42,DIAMOND AIRCRAFT INDUSTRIES,DA 42,b311a2aef8d027820f7e5e90a40410a6a2273834ad76501199ffa93ae0bb70b4,True,1
75917,30363,240926_ML.npy,2026-09-25,2026-09-25 09:25:33.739175,7C79B4,DA42,DIAMOND AIRCRAFT INDUSTRIES,DA 42,1dcd57bba98a89fb0f915e3680ae331601bc7abbe0412d27acb385343d092cba,True,5
75918,30364,240926_ML.npy,2026-09-25,2026-09-25 09:25:34.048034,7C79B4,DA42,DIAMOND AIRCRAFT INDUSTRIES,DA 42,1a52621172ebc2fba6cf4183465c1e7b49afeda2bbe7f58595d01ace5211435c,True,3
75919,30365,240926_ML.npy,2026-09-25,2026-09-25 09:25:34.501052,7C79B4,DA42,DIAMOND AIRCRAFT INDUSTRIES,DA 42,80090aa521432a024b43a445cd0eaf0818535865c12d1414c4684a5754a3dab1,True,4
75920,30366,240926_ML.npy,2026-09-25,2026-09-25 09:25:36.699674,7C79B4,DA42,DIAMOND AIRCRAFT INDUSTRIES,DA 42,76316d9ce0c021b10e5954246027599631c4df22a0a0bc0004dacdcf4ec7b1ba,True,2
75921,30367,240926_ML.npy,2026-09-25,2026-09-25 09:25:40.990293,7C79B4,DA42,DIAMOND AIRCRAFT INDUSTRIES,DA 42,dc2a731ec6a02cca4fd2224c93e531317a73fe4e3de94c33fb3843db1bac5284,True,4
75924,30370,240926_ML.npy,2026-09-25,2026-09-25 09:25:44.726597,7C79B4,DA42,DIAMOND AIRCRAFT INDUSTRIES,DA 42,80090aa521432a024b43a445cd0eaf0818535865c12d1414c4684a5754a3dab1,True,3
75927,30373,240926_ML.npy,2026-09-25,2026-09-25 09:25:48.165995,7C79B4,DA42,DIAMOND AIRCRAFT INDUSTRIES,DA 42,82eacd322c4c1b0e3d857542eed77caa2acdc8a8879e00820de0b801c681e6bc,True,1
75928,30374,240926_ML.npy,2026-09-25,2026-09-25 09:25:49.099774,7C79B4,DA42,DIAMOND AIRCRAFT INDUSTRIES,DA 42,1a52621172ebc2fba6cf4183465c1e7b49afeda2bbe7f58595d01ace5211435c,True,3
75930,30376,240926_ML.npy,2026-09-25,2026-09-25 09:25:55.625084,7C79B4,DA42,DIAMOND AIRCRAFT INDUSTRIES,DA 42,2236c748189991921713830d9446abf0d2c070e005ca9e24843048e76a626c54,True,4
75947,30393,240926_ML.npy,2026-09-25,2026-09-25 10:22:21.137965,7C7BD9,DA42,DIAMOND AIRCRAFT INDUSTRIES INC.,DA 42,cc0c03991e5cf1e4472c9fe028115699eaf910ca9e7a9213d78b7dfba23ed2e8,True,4
75950,30396,240926_ML.npy,2026-09-25,2026-09-25 10:22:21.693984,7C7BD9,DA42,DIAMOND AIRCRAFT INDUSTRIES INC.,DA 42,cc0c03991e5cf1e4472c9fe028115699eaf910ca9e7a9213d78b7dfba23ed2e8,True,5
75954,30400,240926_ML.npy,2026-09-25,2026-09-25 10:22:31.197716,7C7BD9,DA42,DIAMOND AIRCRAFT INDUSTRIES INC.,DA 42,827692aeed5c54b1d9143b47c0c3bf51b6e34d26835055a5a830524967455300,True,2
75955,30401,240926_ML.npy,2026-09-25,2026-09-25 10:22:33.716544,7C7BD9,DA42,DIAMOND AIRCRAFT INDUSTRIES INC.,DA 42,d408823b7860b0c12130502a9a94961b442e335e0641e5b164a2c96e32743c18,True,2
75956,30402,240926_ML.npy,2026-09-25,2026-09-25 10:22:41.207302,7C7BD9,DA42,DIAMOND AIRCRAFT INDUSTRIES INC.,DA 42,ee6f70aa5658a32a020fc48ab7992a3e69eedfe3efb4f93f17a3b6899baf1feb,True,1
75960,30406,240926_ML.npy,2026-09-25,2026-09-25 10:22:46.946855,7C7BD9,DA42,DIAMOND AIRCRAFT INDUSTRIES INC.,DA 42,8acf515b74eb5162b8e7fe76be997865d7582e5bddf51f60622ab6904f65d890,True,3
75962,30408,240926_ML.npy,2026-09-25,2026-09-25 10:22:51.698309,7C7BD9,DA42,DIAMOND AIRCRAFT INDUSTRIES INC.,DA 42,ed05c86cf59ba621af4418ee7ca9fe020dd19e7c519e6a0ba23a13031f916d4f,True,3
75963,30409,240926_ML.npy,2026-09-25,2026-09-25 10:22:51.845744,7C7BD9,DA42,DIAMOND AIRCRAFT INDUSTRIES INC.,DA 42,8acf515b74eb5162b8e7fe76be997865d7582e5bddf51f60622ab6904f65d890,True,2
75970,30416,240926_ML.npy,2026-09-25,2026-09-25 10:23:06.388276,7C7BD9,DA42,DIAMOND AIRCRAFT INDUSTRIES INC.,DA 42,8c2c66fd3d7def8e2cce5e66f59ec313f1d2eb07c1f73f259de33d4ba1129745,True,1
75974,30420,240926_ML.npy,2026-09-25,2026-09-25 10:23:09.045756,7C7BD9,DA42,DIAMOND AIRCRAFT INDUSTRIES INC.,DA 42,ed05c86cf59ba621af4418ee7ca9fe020dd19e7c519e6a0ba23a13031f916d4f,True,2
75975,30421,240926_ML.npy,2026-09-25,2026-09-25 10:23:11.480452,7C7BD9,DA42,DIAMOND AIRCRAFT INDUSTRIES INC.,DA 42,ed05c86cf59ba621af4418ee7ca9fe020dd19e7c519e6a0ba23a13031f916d4f,True,4
75976,30422,240926_ML.npy,2026-09-25,2026-09-25 10:23:12.019737,7C7BD9,DA42,DIAMOND AIRCRAFT INDUSTRIES INC.,DA 42,42436d4fee7421f72c1a2eebac7a25c246dc3efd82949627e0bd7a8e9bd6a2ba,True,2
75977,30423,240926_ML.npy,2026-09-25,2026-09-25 10:23:13.533324,7C7BD9,DA42,DIAMOND AIRCRAFT INDUSTRIES INC.,DA 42,129c32d0389d9298613ff71ed58d36671332b3bb4443e690f777bc7c92cc23f5,True,3
75978,30424,240926_ML.npy,2026-09-25,2026-09-25 10:23:13.536741,7C7BD9,DA42,DIAMOND AIRCRAFT INDUSTRIES INC.,DA 42,5fe2c5b89ef5909c9f29e1f2b1072751f943242c3a8358a01fc83ea09d5bc134,True,1
75980,30426,240926_ML.npy,2026-09-25,2026-09-25 10:23:15.458711,7C7BD9,DA42,DIAMOND AIRCRAFT INDUSTRIES INC.,DA 42,6ef8109aed366f52e10896803edbda21ac2f8f28313fff2a461eddd01fe62f7a,True,5
75981,30427,240926_ML.npy,2026-09-25,2026-09-25 10:23:16.609738,7C7BD9,DA42,DIAMOND AIRCRAFT INDUSTRIES INC.,DA 42,ed05c86cf59ba621af4418ee7ca9fe020dd19e7c519e6a0ba23a13031f916d4f,True,5
75983,30429,240926_ML.npy,2026-09-25,2026-09-25 10:23:16.731621,7C7BD9,DA42,DIAMOND AIRCRAFT INDUSTRIES INC.,DA 42,0147f1404944f4a8f9d43fd221604ff432c6860647483c803e64adbaf2052563,True,1
75984,30430,240926_ML.npy,2026-09-25,2026-09-25 10:23:17.850840,7C7BD9,DA42,DIAMOND AIRCRAFT INDUSTRIES INC.,DA 42,8acf515b74eb5162b8e7fe76be997865d7582e5bddf51f60622ab6904f65d890,True,5
75991,30437,240926_ML.npy,2026-09-25,2026-09-25 10:23:25.974094,7C7BD9,DA42,DIAMOND AIRCRAFT INDUSTRIES INC.,DA 42,4f1107c49dc3a81d1357d01ae1179236af36203246588cfef76f0c2dc2677171,True,1
75997,30443,240926_ML.npy,2026-09-25,2026-09-25 10:23:32.388579,7C7BD9,DA42,DIAMOND AIRCRAFT INDUSTRIES INC.,DA 42,b81c91f144c3885b737335f2cbce3afd6d73dd0008388468ae1470a6d4019f78,True,4
75998,30444,240926_ML.npy,2026-09-25,2026-09-25 10:23:34.398904,7C7BD9,DA42,DIAMOND AIRCRAFT INDUSTRIES INC.,DA 42,405a902b48d199a48c23a5232b0adb41c9952381325f828d0743c6866778e368,True,5
76001,30447,240926_ML.npy,2026-09-25,2026-09-25 10:23:35.925909,7C7BD9,DA42,DIAMOND AIRCRAFT INDUSTRIES INC.,DA 42,25491a951cef5fc19375c0812da6ac048f9269c660ff03977ccbc2a60277d218,True,5
76002,30448,240926_ML.npy,2026-09-25,2026-09-25 10:23:36.755028,7C7BD9,DA42,DIAMOND AIRCRAFT INDUSTRIES INC.,DA 42,8acf515b74eb5162b8e7fe76be997865d7582e5bddf51f60622ab6904f65d890,True,1
76005,30451,240926_ML.npy,2026-09-25,2026-09-25 10:23:43.025298,7C7BD9,DA42,DIAMOND AIRCRAFT INDUSTRIES INC.,DA 42,6252026f53a409178316b95186d790b5022cd42d43dbcbdb574292fdf8358d83,True,5
76006,30452,240926_ML.npy,2026-09-25,2026-09-25 10:23:44.206563,7C7BD9,DA42,DIAMOND AIRCRAFT INDUSTRIES INC.,DA 42,8acf515b74eb5162b8e7fe76be997865d7582e5bddf51f60622ab6904f65d890,True,4
76010,30456,240926_ML.npy,2026-09-25,2026-09-25 10:23:48.824423,7C7BD9,DA42,DIAMOND AIRCRAFT INDUSTRIES INC.,DA 42,5ad6067f38d59753028e3e11082f3a09312ce07ff8e3a6cb25cac998c6170b90,True,2
76011,30457,240926_ML.npy,2026-09-25,2026-09-25 10:23:48.830314,7C7BD9,DA42,DIAMOND AIRCRAFT INDUSTRIES INC.,DA 42,cf26d0c2e1dc226bf9386725845729b5d22ddb21f40ff848ea90c3e6971838d2,True,1
76014,30460,240926_ML.npy,2026-09-25,2026-09-25 10:23:51.871242,7C7BD9,DA42,DIAMOND AIRCRAFT INDUSTRIES INC.,DA 42,95c06e38e8f88d44070e4726ecf2be316863ffaa4ad16b435ce1aa6af1173cd0,True,2
76015,30461,240926_ML.npy,2026-09-25,2026-09-25 10:23:54.561296,7C7BD9,DA42,DIAMOND AIRCRAFT INDUSTRIES INC.,DA 42,405a902b48d199a48c23a5232b0adb41c9952381325f828d0743c6866778e368,True,2
76016,30462,240926_ML.npy,2026-09-25,2026-09-25 10:23:57.076190,7C7BD9,DA42,DIAMOND AIRCRAFT INDUSTRIES INC.,DA 42,0147f1404944f4a8f9d43fd221604ff432c6860647483c803e64adbaf2052563,True,3
76019,30465,240926_ML.npy,2026-09-25,2026-09-25 10:24:01.405137,7C7BD9,DA42,DIAMOND AIRCRAFT INDUSTRIES INC.,DA 42,0532a878322f008b7f2e92a1d08b44f2130a7d3347a9fb77b6163c3fd9c9ada9,True,2
76020,30466,240926_ML.npy,2026-09-25,2026-09-25 10:24:01.976162,7C7BD9,DA42,DIAMOND AIRCRAFT INDUSTRIES INC.,DA 42,0147f1404944f4a8f9d43fd221604ff432c6860647483c803e64adbaf2052563,True,5
76022,30468,240926_ML.npy,2026-09-25,2026-09-25 10:24:06.637442,7C7BD9,DA42,DIAMOND AIRCRAFT INDUSTRIES INC.,DA 42,8acf515b74eb5162b8e7fe76be997865d7582e5bddf51f60622ab6904f65d890,True,1
76023,30469,240926_ML.npy,2026-09-25,2026-09-25 10:24:09.148192,7C7BD9,DA42,DIAMOND AIRCRAFT INDUSTRIES INC.,DA 42,8acf515b74eb5162b8e7fe76be997865d7582e5bddf51f60622ab6904f65d890,True,3
76024,30470,240926_ML.npy,2026-09-25,2026-09-25 10:24:09.748723,7C7BD9,DA42,DIAMOND AIRCRAFT INDUSTRIES INC.,DA 42,405a902b48d199a48c23a5232b0adb41c9952381325f828d0743c6866778e368,True,4
76025,30471,240926_ML.npy,2026-09-25,2026-09-25 10:24:11.416663,7C7BD9,DA42,DIAMOND AIRCRAFT INDUSTRIES INC.,DA 42,ed05c86cf59ba621af4418ee7ca9fe020dd19e7c519e6a0ba23a13031f916d4f,True,3
76026,30472,240926_ML.npy,2026-09-25,2026-09-25 10:24:17.586006,7C7BD9,DA42,DIAMOND AIRCRAFT INDUSTRIES INC.,DA 42,b26bf6697dfb5481c146732843eab72d30f63bcbe71666b1617e146c7939adc4,True,1
76029,30475,240926_ML.npy,2026-09-25,2026-09-25 10:24:26.381982,7C7BD9,DA42,DIAMOND AIRCRAFT INDUSTRIES INC.,DA 42,ed05c86cf59ba621af4418ee7ca9fe020dd19e7c519e6a0ba23a13031f916d4f,True,4
76032,30478,240926_ML.npy,2026-09-25,2026-09-25 10:24:46.684684,7C7BD9,DA42,DIAMOND AIRCRAFT INDUSTRIES INC.,DA 42,204d5585ac82cc0f29d0a2417d01bab2c330ea6958a4889fb49da2ddf2db13a6,True,5
76037,30483,240926_ML.npy,2026-09-25,2026-09-25 10:24:55.553186,7C7BD9,DA42,DIAMOND AIRCRAFT INDUSTRIES INC.,DA 42,98bf66474775554136fcf17686ebebd246b073819b1e2d76784d0d833eb0905d,True,2
76039,30485,240926_ML.npy,2026-09-25,2026-09-25 10:24:56.287552,7C7BD9,DA42,DIAMOND AIRCRAFT INDUSTRIES INC.,DA 42,8acf515b74eb5162b8e7fe76be997865d7582e5bddf51f60622ab6904f65d890,True,4
76041,30487,240926_ML.npy,2026-09-25,2026-09-25 10:24:57.210428,7C7BD9,DA42,DIAMOND AIRCRAFT INDUSTRIES INC.,DA 42,a04f98ad9006f14b3551c8ee5e3049ca5264e4f4ab81cda2d32554d1cfe84095,True,5
76044,30490,240926_ML.npy,2026-09-25,2026-09-25 10:24:58.822381,7C7BD9,DA42,DIAMOND AIRCRAFT INDUSTRIES INC.,DA 42,8acf515b74eb5162b8e7fe76be997865d7582e5bddf51f60622ab6904f65d890,True,3
76045,30491,240926_ML.npy,2026-09-25,2026-09-25 10:25:01.323971,7C7BD9,DA42,DIAMOND AIRCRAFT INDUSTRIES INC.,DA 42,8acf515b74eb5162b8e7fe76be997865d7582e5bddf51f60622ab6904f65d890,True,2
76047,30493,240926_ML.npy,2026-09-25,2026-09-25 10:25:05.806644,7C7BD9,DA42,DIAMOND AIRCRAFT INDUSTRIES INC.,DA 42,286f14cc05a67cb712cf6144ee407efa29a04009519b6fc37a6cdd8f2554d0ed,True,5
76048,30494,240926_ML.npy,2026-09-25,2026-09-25 10:25:05.810492,7C7BD9,DA42,DIAMOND AIRCRAFT INDUSTRIES INC.,DA 42,5fc52289bc9b4b18c6566a01cbfba4ee289b1b78642d9d989354eecce690297b,True,4
76051,30497,240926_ML.npy,2026-09-25,2026-09-25 10:25:07.381215,7C7BD9,DA42,DIAMOND AIRCRAFT INDUSTRIES INC.,DA 42,f37ec55493d4876017ddd082c03a63ff4fd9868503049aee5cae9213dc8163ed,True,4
76052,30498,240926_ML.npy,2026-09-25,2026-09-25 10:25:07.815229,7C7BD9,DA42,DIAMOND AIRCRAFT INDUSTRIES INC.,DA 42,bc5d7a30118cd13559361c7d9ab6dc969a1b5012b78cc26fb83cefb23d5effa4,True,2
76053,30499,240926_ML.npy,2026-09-25,2026-09-25 10:25:07.819295,7C7BD9,DA42,DIAMOND AIRCRAFT INDUSTRIES INC.,DA 42,d5304ebadc5e7257ab4ab2f77177631d70c78fa4222c60a68a219748164ebabb,True,3
76056,30502,240926_ML.npy,2026-09-25,2026-09-25 10:25:10.919884,7C7BD9,DA42,DIAMOND AIRCRAFT INDUSTRIES INC.,DA 42,a8d9c0ee680b1c2169bbc9b36e5678621e985de822e0c7f3544f16081e08f71b,True,2
76057,30503,240926_ML.npy,2026-09-25,2026-09-25 10:25:11.343014,7C7BD9,DA42,DIAMOND AIRCRAFT INDUSTRIES INC.,DA 42,2885cef91b125fbca5f1c2da9cbf2f3a43a8368881d452a98572813cdb8d4039,True,4
76059,30505,240926_ML.npy,2026-09-25,2026-09-25 10:25:15.093267,7C7BD9,DA42,DIAMOND AIRCRAFT INDUSTRIES INC.,DA 42,94399ad3bdac7b8a82b99a704f969e616bdbf0d7e00e2380bb31546dd9c50047,True,2
76061,30507,240926_ML.npy,2026-09-25,2026-09-25 10:25:16.134463,7C7BD9,DA42,DIAMOND AIRCRAFT INDUSTRIES INC.,DA 42,8acf515b74eb5162b8e7fe76be997865d7582e5bddf51f60622ab6904f65d890,True,2
76063,30509,240926_ML.npy,2026-09-25,2026-09-25 10:25:19.949549,7C7BD9,DA42,DIAMOND AIRCRAFT INDUSTRIES INC.,DA 42,8acf515b74eb5162b8e7fe76be997865d7582e5bddf51f60622ab6904f65d890,True,4
76064,30510,240926_ML.npy,2026-09-25,2026-09-25 10:25:22.292516,7C7BD9,DA42,DIAMOND AIRCRAFT INDUSTRIES INC.,DA 42,0147f1404944f4a8f9d43fd221604ff432c6860647483c803e64adbaf2052563,True,2
76066,30512,240926_ML.npy,2026-09-25,2026-09-25 10:25:23.705661,7C7BD9,DA42,DIAMOND AIRCRAFT INDUSTRIES INC.,DA 42,8acf515b74eb5162b8e7fe76be997865d7582e5bddf51f60622ab6904f65d890,True,4
76067,30513,240926_ML.npy,2026-09-25,2026-09-25 10:25:24.153665,7C7BD9,DA42,DIAMOND AIRCRAFT INDUSTRIES INC.,DA 42,ed05c86cf59ba621af4418ee7ca9fe020dd19e7c519e6a0ba23a13031f916d4f,True,1
76068,30514,240926_ML.npy,2026-09-25,2026-09-25 10:25:25.775733,7C7BD9,DA42,DIAMOND AIRCRAFT INDUSTRIES INC.,DA 42,7438e247cbc5ec4d7655e28a14b2ad9380098d84be4746d6ef339b0069d663f7,True,3
76069,30515,240926_ML.npy,2026-09-25,2026-09-25 10:25:30.790460,7C7BD9,DA42,DIAMOND AIRCRAFT INDUSTRIES INC.,DA 42,bff5b16eee32ee3d7f4e687e87df9d478e6967a85378e777559673d6cd569b50,True,2
76070,30516,240926_ML.npy,2026-09-25,2026-09-25 10:25:32.406522,7C7BD9,DA42,DIAMOND AIRCRAFT INDUSTRIES INC.,DA 42,b406ce177069cd7f5383c53563f969ab6d3a1de4f75934da94a2cac08104c48a,True,2
76071,30517,240926_ML.npy,2026-09-25,2026-09-25 10:25:33.695946,7C7BD9,DA42,DIAMOND AIRCRAFT INDUSTRIES INC.,DA 42,b406ce177069cd7f5383c53563f969ab6d3a1de4f75934da94a2cac08104c48a,True,3
76073,30519,240926_ML.npy,2026-09-25,2026-09-25 10:25:35.210835,7C7BD9,DA42,DIAMOND AIRCRAFT INDUSTRIES INC.,DA 42,c1c8cfded107320dac88664f313eb97f44fd2e38a08f102882a098b8c151edbe,True,2
76076,30522,240926_ML.npy,2026-09-25,2026-09-25 10:25:36.847114,7C7BD9,DA42,DIAMOND AIRCRAFT INDUSTRIES INC.,DA 42,91959f9c4776f624039098f68b5215e8f9997f5513fca1a0e93507f2c3292b33,True,1
76077,30523,240926_ML.npy,2026-09-25,2026-09-25 10:25:37.479997,7C7BD9,DA42,DIAMOND AIRCRAFT INDUSTRIES INC.,DA 42,b406ce177069cd7f5383c53563f969ab6d3a1de4f75934da94a2cac08104c48a,True,2
76079,30525,240926_ML.npy,2026-09-25,2026-09-25 10:25:37.804940,7C7BD9,DA42,DIAMOND AIRCRAFT INDUSTRIES INC.,DA 42,2929c9555d8361c563698b0c4981b631ba2c7b782829ce1967478544b9be99c0,True,1
76080,30526,240926_ML.npy,2026-09-25,2026-09-25 10:25:40.929586,7C7BD9,DA42,DIAMOND AIRCRAFT INDUSTRIES INC.,DA 42,45b4083b7778ba6c1f6030fc981b8ad65d6508373073b93dc07578481b164b95,True,3
76083,30529,240926_ML.npy,2026-09-25,2026-09-25 10:25:43.736281,7C7BD9,DA42,DIAMOND AIRCRAFT INDUSTRIES INC.,DA 42,b406ce177069cd7f5383c53563f969ab6d3a1de4f75934da94a2cac08104c48a,True,4
76084,30530,240926_ML.npy,2026-09-25,2026-09-25 10:25:44.034399,7C7BD9,DA42,DIAMOND AIRCRAFT INDUSTRIES INC.,DA 42,ed05c86cf59ba621af4418ee7ca9fe020dd19e7c519e6a0ba23a13031f916d4f,True,1
76086,30532,240926_ML.npy,2026-09-25,2026-09-25 10:25:45.694766,7C7BD9,DA42,DIAMOND AIRCRAFT INDUSTRIES INC.,DA 42,4f4edb0ecfcdd7fdbad1bc2092440895359865e46d58d7ca28471b4e84adc2a4,True,4
76088,30534,240926_ML.npy,2026-09-25,2026-09-25 10:25:47.246790,7C7BD9,DA42,DIAMOND AIRCRAFT INDUSTRIES INC.,DA 42,6d9634952edc6b5d11a950c30b89b3555fef4e20e77a7c9e57c2d73e51c96cf0,True,4
76090,30536,240926_ML.npy,2026-09-25,2026-09-25 10:25:50.312421,7C7BD9,DA42,DIAMOND AIRCRAFT INDUSTRIES INC.,DA 42,8f1e7e671e48a0acba55f9018e001f60e193cd212902669501a1d7324fe107ec,True,2
76093,30539,240926_ML.npy,2026-09-25,2026-09-25 10:25:52.821677,7C7BD9,DA42,DIAMOND AIRCRAFT INDUSTRIES INC.,DA 42,86c2a4675da192cb56ad2a8777f6cfac4bbe2a2d8a8989637420437bae219088,True,4
76094,30540,240926_ML.npy,2026-09-25,2026-09-25 10:25:52.825125,7C7BD9,DA42,DIAMOND AIRCRAFT INDUSTRIES INC.,DA 42,efa7615b6c9d0e86d72bb2714a0d9ddaa184d9df94ec0de83b1e2c0c5d504b74,True,2
76095,30541,240926_ML.npy,2026-09-25,2026-09-25 10:25:54.825064,7C7BD9,DA42,DIAMOND AIRCRAFT INDUSTRIES INC.,DA 42,27015255dc76a00c681c63109fd9bd6980ab5a6f77fae4d383f2c4603a8cb5c3,True,5
76096,30542,240926_ML.npy,2026-09-25,2026-09-25 10:25:54.828579,7C7BD9,DA42,DIAMOND AIRCRAFT INDUSTRIES INC.,DA 42,0ec19b1acf90e05e5ca391657b8951b228400db070bd1281cea257a151570353,True,1
76098,30544,240926_ML.npy,2026-09-25,2026-09-25 10:25:58.895852,7C7BD9,DA42,DIAMOND AIRCRAFT INDUSTRIES INC.,DA 42,b406ce177069cd7f5383c53563f969ab6d3a1de4f75934da94a2cac08104c48a,True,1
76099,30545,240926_ML.npy,2026-09-25,2026-09-25 10:25:59.286923,7C7BD9,DA42,DIAMOND AIRCRAFT INDUSTRIES INC.,DA 42,3f5c4637aabd074f450cdb7c97e295227d36f9846070dbe32a415330ba483c88,True,4
76102,30548,240926_ML.npy,2026-09-25,2026-09-25 10:26:08.184505,7C7BD9,DA42,DIAMOND AIRCRAFT INDUSTRIES INC.,DA 42,de580f42c13a66f063a09979add67e7117f5bc291fb71ae9a3cf967eec5771f9,True,1
76103,30549,240926_ML.npy,2026-09-25,2026-09-25 10:26:08.838620,7C7BD9,DA42,DIAMOND AIRCRAFT INDUSTRIES INC.,DA 42,b406ce177069cd7f5383c53563f969ab6d3a1de4f75934da94a2cac08104c48a,True,5
76105,30551,240926_ML.npy,2026-09-25,2026-09-25 10:26:11.031894,7C7BD9,DA42,DIAMOND AIRCRAFT INDUSTRIES INC.,DA 42,4d1ce025cbfc40d2d2f31ba07105d89c0fbd1263217aa8911a6fafa3d82dd3aa,True,1
76107,30553,240926_ML.npy,2026-09-25,2026-09-25 10:26:52.480356,7C7BD9,DA42,DIAMOND AIRCRAFT INDUSTRIES INC.,DA 42,316fad6ca3d758cb85c6652cf0f6be2079026f0f7070ef034db6b9ae20e43eb8,True,4
76108,30554,240926_ML.npy,2026-09-25,2026-09-25 10:26:52.620418,7C7BD9,DA42,DIAMOND AIRCRAFT INDUSTRIES INC.,DA 42,b406ce177069cd7f5383c53563f969ab6d3a1de4f75934da94a2cac08104c48a,True,2
76109,30555,240926_ML.npy,2026-09-25,2026-09-25 10:26:54.539229,7C7BD9,DA42,DIAMOND AIRCRAFT INDUSTRIES INC.,DA 42,e0c922b910fa1067154f757465a9b03bd1836c07a9c65ad1aa01633db7b1d610,True,3
76110,30556,240926_ML.npy,2026-09-25,2026-09-25 10:26:54.543937,7C7BD9,DA42,DIAMOND AIRCRAFT INDUSTRIES INC.,DA 42,1e6439b36d39d16d0a09ad320423c756ecc0328f356f4766345201fd40c22103,True,2
76111,30557,240926_ML.npy,2026-09-25,2026-09-25 10:26:55.109717,7C7BD9,DA42,DIAMOND AIRCRAFT INDUSTRIES INC.,DA 42,f2a191656b15730180b1b4cdfc097ea2a6ae4670dc09deb73235f5a28863d730,True,3
76114,30560,240926_ML.npy,2026-09-25,2026-09-25 10:27:19.477279,7C7BD9,DA42,DIAMOND AIRCRAFT INDUSTRIES INC.,DA 42,2748d8bb294abe728a19a6f1ba8f9af7f8a5b79c7bc7f8820258bac056227c72,True,1
76115,30561,240926_ML.npy,2026-09-25,2026-09-25 10:27:19.908478,7C7BD9,DA42,DIAMOND AIRCRAFT INDUSTRIES INC.,DA 42,cb10928a966e1a304f6419549848fee7431065d6e34de44aada435c53e0f0d0f,True,3
76116,30562,240926_ML.npy,2026-09-25,2026-09-25 10:27:32.293105,7C7BD9,DA42,DIAMOND AIRCRAFT INDUSTRIES INC.,DA 42,8c461bec245ebc44b518cea36d410537ac70afc59d536cb9e6da3d69e0484c2a,True,5
76117,30563,240926_ML.npy,2026-09-25,2026-09-25 10:27:33.551442,7C7BD9,DA42,DIAMOND AIRCRAFT INDUSTRIES INC.,DA 42,523aec586263bb3205d6b83c4153574fcab8bcbdd0cc59fa624f88676c44f537,True,3
76118,30564,240926_ML.npy,2026-09-25,2026-09-25 10:27:33.555169,7C7BD9,DA42,DIAMOND AIRCRAFT INDUSTRIES INC.,DA 42,8c461bec245ebc44b518cea36d410537ac70afc59d536cb9e6da3d69e0484c2a,True,1
76120,30566,240926_ML.npy,2026-09-25,2026-09-25 10:27:36.191248,7C7BD9,DA42,DIAMOND AIRCRAFT INDUSTRIES INC.,DA 42,198432e8221cd881cd6002e47bf83f25e6c990bf00a39620ad8871ea67fdcaa4,True,5
76121,30567,240926_ML.npy,2026-09-25,2026-09-25 10:27:36.407191,7C7BD9,DA42,DIAMOND AIRCRAFT INDUSTRIES INC.,DA 42,b406ce177069cd7f5383c53563f969ab6d3a1de4f75934da94a2cac08104c48a,True,3
76122,30568,240926_ML.npy,2026-09-25,2026-09-25 10:27:43.280640,7C7BD9,DA42,DIAMOND AIRCRAFT INDUSTRIES INC.,DA 42,a7e9e6b38f6ce338a2dd6b18eb778061945534960d6a090ad62ff4998b1f3f9a,True,2
76124,30570,240926_ML.npy,2026-09-25,2026-09-25 10:28:27.911926,7C7BD9,DA42,DIAMOND AIRCRAFT INDUSTRIES INC.,DA 42,077b9605cad81db5cc914a4e0f19498f93821a0d88391016dd6e09ec67c7759e,True,5
76218,30664,240926_ML.npy,2026-09-25,2026-09-25 11:24:47.018846,7C7BD9,DA42,DIAMOND AIRCRAFT INDUSTRIES INC.,DA 42,6544e305a62a5a7e0164b0cf8e6ec4ead449b8956f611e1d5be8d0afdd53ce88,True,3
76219,30665,240926_ML.npy,2026-09-25,2026-09-25 11:24:47.021793,7C7BD9,DA42,DIAMOND AIRCRAFT INDUSTRIES INC.,DA 42,1297b4471e7e76b06ef5fa57b060ea6cf137829548fb8691b68defbefd651a53,True,1
76220,30666,240926_ML.npy,2026-09-25,2026-09-25 11:24:47.130372,7C7BD9,DA42,DIAMOND AIRCRAFT INDUSTRIES INC.,DA 42,405a902b48d199a48c23a5232b0adb41c9952381325f828d0743c6866778e368,True,1
76223,30669,240926_ML.npy,2026-09-25,2026-09-25 11:24:54.149260,7C7BD9,DA42,DIAMOND AIRCRAFT INDUSTRIES INC.,DA 42,ed05c86cf59ba621af4418ee7ca9fe020dd19e7c519e6a0ba23a13031f916d4f,True,2
76225,30671,240926_ML.npy,2026-09-25,2026-09-25 11:24:57.227431,7C7BD9,DA42,DIAMOND AIRCRAFT INDUSTRIES INC.,DA 42,127b9804af5cf5d0a265272a5d61f289b1af1af00df7fa1765d912f0107fe375,True,5
76226,30672,240926_ML.npy,2026-09-25,2026-09-25 11:24:59.111268,7C7BD9,DA42,DIAMOND AIRCRAFT INDUSTRIES INC.,DA 42,ed05c86cf59ba621af4418ee7ca9fe020dd19e7c519e6a0ba23a13031f916d4f,True,5
76227,30673,240926_ML.npy,2026-09-25,2026-09-25 11:25:01.212371,7C7BD9,DA42,DIAMOND AIRCRAFT INDUSTRIES INC.,DA 42,8acf515b74eb5162b8e7fe76be997865d7582e5bddf51f60622ab6904f65d890,True,3
76228,30674,240926_ML.npy,2026-09-25,2026-09-25 11:25:02.717530,7C7BD9,DA42,DIAMOND AIRCRAFT INDUSTRIES INC.,DA 42,297a706d3be3799c0d8e46cfcf59f2041cf5835524716f213fde08e8943ecb3e,True,4
76230,30676,240926_ML.npy,2026-09-25,2026-09-25 11:25:07.012895,7C7BD9,DA42,DIAMOND AIRCRAFT INDUSTRIES INC.,DA 42,1ff354db14fc2a4db88d48a3360e49c134e04995dd42c0a9a0cc1f26ada891d5,True,1
76231,30677,240926_ML.npy,2026-09-25,2026-09-25 11:25:07.449201,7C7BD9,DA42,DIAMOND AIRCRAFT INDUSTRIES INC.,DA 42,03876962aadc31bed711db597d080b32813340d0d1b603e72558e4ad68de793f,True,4
76232,30678,240926_ML.npy,2026-09-25,2026-09-25 11:25:11.505126,7C7BD9,DA42,DIAMOND AIRCRAFT INDUSTRIES INC.,DA 42,2621fda836c4c3e6bab9f27da8d8d629b0b4fe8befcc25757d47ae83a44c0222,True,1
76233,30679,240926_ML.npy,2026-09-25,2026-09-25 11:25:12.080044,7C7BD9,DA42,DIAMOND AIRCRAFT INDUSTRIES INC.,DA 42,214adbed8a394feea169b51165b4b2453d721a41b73eed33c383722be1e6e155,True,5
76238,30684,240926_ML.npy,2026-09-25,2026-09-25 11:25:16.823985,7C7BD9,DA42,DIAMOND AIRCRAFT INDUSTRIES INC.,DA 42,093f5506fdfb0a1fd6fb28051762aeaa1e928cec9282e1d74d730b9b902517fc,True,1
76239,30685,240926_ML.npy,2026-09-25,2026-09-25 11:25:18.224257,7C7BD9,DA42,DIAMOND AIRCRAFT INDUSTRIES INC.,DA 42,0d01399112021989342a4ad21c08e484fab1032a923e9dc089fa05ab85d42f08,True,5
76243,30689,240926_ML.npy,2026-09-25,2026-09-25 11:25:23.731883,7C7BD9,DA42,DIAMOND AIRCRAFT INDUSTRIES INC.,DA 42,fdbf85de7251233ca33b609630d39b2c06f5bd6e9ad1305db29d33d6dea6f261,True,5
76244,30690,240926_ML.npy,2026-09-25,2026-09-25 11:25:23.737864,7C7BD9,DA42,DIAMOND AIRCRAFT INDUSTRIES INC.,DA 42,9b872b39a56d63080af55615309178f8b01f99ec33fc516ff2eeaec2fc8f05d5,True,1
76245,30691,240926_ML.npy,2026-09-25,2026-09-25 11:25:24.618441,7C7BD9,DA42,DIAMOND AIRCRAFT INDUSTRIES INC.,DA 42,8acf515b74eb5162b8e7fe76be997865d7582e5bddf51f60622ab6904f65d890,True,1
76246,30692,240926_ML.npy,2026-09-25,2026-09-25 11:25:27.201260,7C7BD9,DA42,DIAMOND AIRCRAFT INDUSTRIES INC.,DA 42,5a6444aa92bfd2a18bed49ef7d8f3ade7494730029214c4d0f37e3ecb021bb3b,True,4
76248,30694,240926_ML.npy,2026-09-25,2026-09-25 11:25:32.485999,7C7BD9,DA42,DIAMOND AIRCRAFT INDUSTRIES INC.,DA 42,405a902b48d199a48c23a5232b0adb41c9952381325f828d0743c6866778e368,True,4
76250,30696,240926_ML.npy,2026-09-25,2026-09-25 11:25:54.536160,7C7BD9,DA42,DIAMOND AIRCRAFT INDUSTRIES INC.,DA 42,8acf515b74eb5162b8e7fe76be997865d7582e5bddf51f60622ab6904f65d890,True,3
76255,30701,240926_ML.npy,2026-09-25,2026-09-25 11:25:57.405623,7C7BD9,DA42,DIAMOND AIRCRAFT INDUSTRIES INC.,DA 42,405a902b48d199a48c23a5232b0adb41c9952381325f828d0743c6866778e368,True,5
76256,30702,240926_ML.npy,2026-09-25,2026-09-25 11:25:57.749634,7C7BD9,DA42,DIAMOND AIRCRAFT INDUSTRIES INC.,DA 42,f859be370e52e44ee97b72f86f14d85366429d4252f03b743daed2d2303b0a5f,True,5
76257,30703,240926_ML.npy,2026-09-25,2026-09-25 11:25:57.753190,7C7BD9,DA42,DIAMOND AIRCRAFT INDUSTRIES INC.,DA 42,b4b674b32987e2814b474f0c3799b843b32b74753c3c57b88abbcd0747dbf991,True,5
76259,30705,240926_ML.npy,2026-09-25,2026-09-25 11:25:58.758277,7C7BD9,DA42,DIAMOND AIRCRAFT INDUSTRIES INC.,DA 42,e86b0d6badc3dda735700cae40e7bdb499d1db17b7236473fb184feab5aceec2,True,4
76260,30706,240926_ML.npy,2026-09-25,2026-09-25 11:26:02.076706,7C7BD9,DA42,DIAMOND AIRCRAFT INDUSTRIES INC.,DA 42,8acf515b74eb5162b8e7fe76be997865d7582e5bddf51f60622ab6904f65d890,True,2
76261,30707,240926_ML.npy,2026-09-25,2026-09-25 11:26:03.285093,7C7BD9,DA42,DIAMOND AIRCRAFT INDUSTRIES INC.,DA 42,8acf515b74eb5162b8e7fe76be997865d7582e5bddf51f60622ab6904f65d890,True,4
76262,30708,240926_ML.npy,2026-09-25,2026-09-25 11:26:05.740195,7C7BD9,DA42,DIAMOND AIRCRAFT INDUSTRIES INC.,DA 42,db9d44b51f78398e821ad3daefc55a3fe572b7c219a81821a0dd8dca8a8a89ea,True,5
76263,30709,240926_ML.npy,2026-09-25,2026-09-25 11:26:05.744241,7C7BD9,DA42,DIAMOND AIRCRAFT INDUSTRIES INC.,DA 42,d989c0e4a615b336d9b430a8289c5ed180ad67a033faa5e38aff82e948e05540,True,3
76264,30710,240926_ML.npy,2026-09-25,2026-09-25 11:26:06.291818,7C7BD9,DA42,DIAMOND AIRCRAFT INDUSTRIES INC.,DA 42,cb2ea5a87e015537401ed14c2f048add9165f5d9266667ae8ae9822a10d6e428,True,4
76269,30715,240926_ML.npy,2026-09-25,2026-09-25 11:26:19.783447,7C7BD9,DA42,DIAMOND AIRCRAFT INDUSTRIES INC.,DA 42,8acf515b74eb5162b8e7fe76be997865d7582e5bddf51f60622ab6904f65d890,True,5
76270,30716,240926_ML.npy,2026-09-25,2026-09-25 11:26:23.525424,7C7BD9,DA42,DIAMOND AIRCRAFT INDUSTRIES INC.,DA 42,cc64b7913cfe9d8838f662cf7a886d3e0cc38fbb395f3b12cdf850fcba1a7cf8,True,5
76273,30719,240926_ML.npy,2026-09-25,2026-09-25 11:26:26.954500,7C7BD9,DA42,DIAMOND AIRCRAFT INDUSTRIES INC.,DA 42,356113bd255a56861d3f26989f0026d2eb09c64aa65b2ed4deda0fdc3cebae7d,True,3
76274,30720,240926_ML.npy,2026-09-25,2026-09-25 11:26:27.157517,7C7BD9,DA42,DIAMOND AIRCRAFT INDUSTRIES INC.,DA 42,8acf515b74eb5162b8e7fe76be997865d7582e5bddf51f60622ab6904f65d890,True,4
76278,30724,240926_ML.npy,2026-09-25,2026-09-25 11:26:32.862665,7C7BD9,DA42,DIAMOND AIRCRAFT INDUSTRIES INC.,DA 42,55469f40585a8b440a43cb8dfe173cc45bd55ab36737842dadfd4871dd19b24e,True,2
76282,30728,240926_ML.npy,2026-09-25,2026-09-25 11:26:33.801189,7C7BD9,DA42,DIAMOND AIRCRAFT INDUSTRIES INC.,DA 42,f0bc7c2a89af3bbd97c6223515d61c551651f2196e55db4cd8c5624ecd55ccca,True,5
76283,30729,240926_ML.npy,2026-09-25,2026-09-25 11:26:34.563504,7C7BD9,DA42,DIAMOND AIRCRAFT INDUSTRIES INC.,DA 42,ed05c86cf59ba621af4418ee7ca9fe020dd19e7c519e6a0ba23a13031f916d4f,True,5
76284,30730,240926_ML.npy,2026-09-25,2026-09-25 11:26:35.962036,7C7BD9,DA42,DIAMOND AIRCRAFT INDUSTRIES INC.,DA 42,8acf515b74eb5162b8e7fe76be997865d7582e5bddf51f60622ab6904f65d890,True,4
76285,30731,240926_ML.npy,2026-09-25,2026-09-25 11:26:38.282112,7C7BD9,DA42,DIAMOND AIRCRAFT INDUSTRIES INC.,DA 42,54753bb9d108540d6b5caa9340f764d82bd403fe4de046de8e71c634620bfe34,True,2
76286,30732,240926_ML.npy,2026-09-25,2026-09-25 11:26:38.287933,7C7BD9,DA42,DIAMOND AIRCRAFT INDUSTRIES INC.,DA 42,ac297325ccc396e96833b5a49d5ccd9eacda1a3a31a60d05b61ed90203e78602,True,5
76291,30737,240926_ML.npy,2026-09-25,2026-09-25 11:26:47.857483,7C7BD9,DA42,DIAMOND AIRCRAFT INDUSTRIES INC.,DA 42,c4b7b60069ddb918d86a1c88f7329f231f1ea4d4e12287a079dcfec5b533775b,True,1
76293,30739,240926_ML.npy,2026-09-25,2026-09-25 11:27:27.114317,7C7BD9,DA42,DIAMOND AIRCRAFT INDUSTRIES INC.,DA 42,9d7662065af23b7db9ca3701f00abe15642415ae41a655ee8a815356dc2a3065,True,3
76294,30740,240926_ML.npy,2026-09-25,2026-09-25 11:27:27.118124,7C7BD9,DA42,DIAMOND AIRCRAFT INDUSTRIES INC.,DA 42,b492f5a4357317b065480b2bfb60906fa98b5a3c39e6176d2a5d500693873965,True,3
76296,30742,240926_ML.npy,2026-09-25,2026-09-25 11:27:35.468686,7C7BD9,DA42,DIAMOND AIRCRAFT INDUSTRIES INC.,DA 42,4a496ddeb5fb3137dc5544307cd21707a8ac092c79a474b01ab447434a332a5c,True,1
76300,30746,240926_ML.npy,2026-09-25,2026-09-25 11:27:39.044813,7C7BD9,DA42,DIAMOND AIRCRAFT INDUSTRIES INC.,DA 42,6d12a1693267c5384623a1387a36c7b8a2bd83c80b3c894412873fc87a6ec891,True,5
76302,30748,240926_ML.npy,2026-09-25,2026-09-25 11:27:39.839376,7C7BD9,DA42,DIAMOND AIRCRAFT INDUSTRIES INC.,DA 42,8acf515b74eb5162b8e7fe76be997865d7582e5bddf51f60622ab6904f65d890,True,2
76303,30749,240926_ML.npy,2026-09-25,2026-09-25 11:27:40.476553,7C7BD9,DA42,DIAMOND AIRCRAFT INDUSTRIES INC.,DA 42,6e59ba588336a334e021117c179a7f9ea317042acba1e5af880eeb7b81dc07f6,True,2
76308,30754,240926_ML.npy,2026-09-25,2026-09-25 11:27:43.583872,7C7BD9,DA42,DIAMOND AIRCRAFT INDUSTRIES INC.,DA 42,218a2b0925d423b85aa12cc9e278c5b1b3ab96d3aea64fd1f367cc6ce490f923,True,5
76309,30755,240926_ML.npy,2026-09-25,2026-09-25 11:27:43.778918,7C7BD9,DA42,DIAMOND AIRCRAFT INDUSTRIES INC.,DA 42,cc64b7913cfe9d8838f662cf7a886d3e0cc38fbb395f3b12cdf850fcba1a7cf8,True,2
76312,30758,240926_ML.npy,2026-09-25,2026-09-25 11:27:51.043907,7C7BD9,DA42,DIAMOND AIRCRAFT INDUSTRIES INC.,DA 42,8acf515b74eb5162b8e7fe76be997865d7582e5bddf51f60622ab6904f65d890,True,3
76313,30759,240926_ML.npy,2026-09-25,2026-09-25 11:27:51.458298,7C7BD9,DA42,DIAMOND AIRCRAFT INDUSTRIES INC.,DA 42,99e6839797b35a9af9a487dc7fb11ba3ab25bbdb246d503a45efd6506f436a6e,True,4
76314,30760,240926_ML.npy,2026-09-25,2026-09-25 11:27:51.911940,7C7BD9,DA42,DIAMOND AIRCRAFT INDUSTRIES INC.,DA 42,001310f43e693af1abd2f38d2c92d863278710fefdddb5fe19a25c7dbe6fb5d2,True,1
76315,30761,240926_ML.npy,2026-09-25,2026-09-25 11:27:51.918285,7C7BD9,DA42,DIAMOND AIRCRAFT INDUSTRIES INC.,DA 42,94c682f2acddc022911be5c69d7214a4a222d3857ce025f8e3fca9a50462a946,True,3
76317,30763,240926_ML.npy,2026-09-25,2026-09-25 11:27:53.206265,7C7BD9,DA42,DIAMOND AIRCRAFT INDUSTRIES INC.,DA 42,65b4b1478476c8e12070b9ae2dc651e7eee05f3232e518a3f542f4c1fe064d44,True,2
76318,30764,240926_ML.npy,2026-09-25,2026-09-25 11:27:55.696042,7C7BD9,DA42,DIAMOND AIRCRAFT INDUSTRIES INC.,DA 42,e90f60ac6b5920e1f50acc61f8b636ee37434a00b29f283138928275eb57f94a,True,3
76320,30766,240926_ML.npy,2026-09-25,2026-09-25 11:27:57.205754,7C7BD9,DA42,DIAMOND AIRCRAFT INDUSTRIES INC.,DA 42,ed05c86cf59ba621af4418ee7ca9fe020dd19e7c519e6a0ba23a13031f916d4f,True,2
76321,30767,240926_ML.npy,2026-09-25,2026-09-25 11:27:58.860544,7C7BD9,DA42,DIAMOND AIRCRAFT INDUSTRIES INC.,DA 42,c5d25c011e622a1011fbcca2b315ef9b90d082193efecc7f440ca04b6b81d680,True,3
76324,30770,240926_ML.npy,2026-09-25,2026-09-25 11:27:59.891651,7C7BD9,DA42,DIAMOND AIRCRAFT INDUSTRIES INC.,DA 42,a5ec52d6708875e6b680f2b816c4255341e28d559df66268239e1c0d5038736a,True,4
76325,30771,240926_ML.npy,2026-09-25,2026-09-25 11:28:01.753173,7C7BD9,DA42,DIAMOND AIRCRAFT INDUSTRIES INC.,DA 42,f00371e3649df1ba89941fc9b86c755ac19bd23da694f6d5f08ba47bc71ba024,True,2
76327,30773,240926_ML.npy,2026-09-25,2026-09-25 11:28:02.140697,7C7BD9,DA42,DIAMOND AIRCRAFT INDUSTRIES INC.,DA 42,ed05c86cf59ba621af4418ee7ca9fe020dd19e7c519e6a0ba23a13031f916d4f,True,4
76328,30774,240926_ML.npy,2026-09-25,2026-09-25 11:28:04.499368,7C7BD9,DA42,DIAMOND AIRCRAFT INDUSTRIES INC.,DA 42,80d945a1222e1aa0a5f3e9a1e6c5f9078158b2bbc6e1739ebdbb28bfc3d5f90f,True,3
76329,30775,240926_ML.npy,2026-09-25,2026-09-25 11:28:04.505891,7C7BD9,DA42,DIAMOND AIRCRAFT INDUSTRIES INC.,DA 42,bf5a3e85c0467a2ca32183f66731494c7c5fd83d5dbb6a7c0c293029b9d1f443,True,5
76330,30776,240926_ML.npy,2026-09-25,2026-09-25 11:28:07.217162,7C7BD9,DA42,DIAMOND AIRCRAFT INDUSTRIES INC.,DA 42,ed05c86cf59ba621af4418ee7ca9fe020dd19e7c519e6a0ba23a13031f916d4f,True,5
76332,30778,240926_ML.npy,2026-09-25,2026-09-25 11:28:16.329495,7C7BD9,DA42,DIAMOND AIRCRAFT INDUSTRIES INC.,DA 42,0432e948b107078f99724ae2d9b97798f5927d24ee3ea5a64e526d4cf583e17e,True,5
76333,30779,240926_ML.npy,2026-09-25,2026-09-25 11:28:16.918743,7C7BD9,DA42,DIAMOND AIRCRAFT INDUSTRIES INC.,DA 42,aeeea24dd09bf6469122e055628425d3cabfa3c27293bedadeff70e6b48758bc,True,4
76334,30780,240926_ML.npy,2026-09-25,2026-09-25 11:28:19.714399,7C7BD9,DA42,DIAMOND AIRCRAFT INDUSTRIES INC.,DA 42,8acf515b74eb5162b8e7fe76be997865d7582e5bddf51f60622ab6904f65d890,True,4
76336,30782,240926_ML.npy,2026-09-25,2026-09-25 11:28:21.246380,7C7BD9,DA42,DIAMOND AIRCRAFT INDUSTRIES INC.,DA 42,d8ff4a1bb2615962188a31c99988f0950ccb786561d32254c631daf1f91e9273,True,3
76337,30783,240926_ML.npy,2026-09-25,2026-09-25 11:28:24.562233,7C7BD9,DA42,DIAMOND AIRCRAFT INDUSTRIES INC.,DA 42,24dab5235cbe86bb706f3f97a66915a874503a333c3947c8387a9ae00c38532b,True,2
76339,30785,240926_ML.npy,2026-09-25,2026-09-25 11:28:25.527124,7C7BD9,DA42,DIAMOND AIRCRAFT INDUSTRIES INC.,DA 42,aeeea24dd09bf6469122e055628425d3cabfa3c27293bedadeff70e6b48758bc,True,4
76340,30786,240926_ML.npy,2026-09-25,2026-09-25 11:28:26.553211,7C7BD9,DA42,DIAMOND AIRCRAFT INDUSTRIES INC.,DA 42,ba9ab53b39bde05d99a48a021c68783a0eb3a3ade2cfa498270135a8d9c2f75c,True,1
76341,30787,240926_ML.npy,2026-09-25,2026-09-25 11:28:26.557660,7C7BD9,DA42,DIAMOND AIRCRAFT INDUSTRIES INC.,DA 42,916b5f72cc0ea91a3252e3a9ae8d25f0768a26ce6012b2475b020a0b052e3075,True,5
76342,30788,240926_ML.npy,2026-09-25,2026-09-25 11:28:27.265060,7C7BD9,DA42,DIAMOND AIRCRAFT INDUSTRIES INC.,DA 42,8acf515b74eb5162b8e7fe76be997865d7582e5bddf51f60622ab6904f65d890,True,2
76343,30789,240926_ML.npy,2026-09-25,2026-09-25 11:28:28.656755,7C7BD9,DA42,DIAMOND AIRCRAFT INDUSTRIES INC.,DA 42,897cd66386ddf6d24978b139a5df2b647681232ba41cd6766658349e73abe1fc,True,1
76344,30790,240926_ML.npy,2026-09-25,2026-09-25 11:28:28.661471,7C7BD9,DA42,DIAMOND AIRCRAFT INDUSTRIES INC.,DA 42,53fbd678a0425d7d6e07067896b3f454727724e0caaea275ad92862e7dcf0ccc,True,3
76346,30792,240926_ML.npy,2026-09-25,2026-09-25 11:28:32.772769,7C7BD9,DA42,DIAMOND AIRCRAFT INDUSTRIES INC.,DA 42,71872a4e47e8a49d979949685969301ff5e233ff45a037f6fe6671d90b94b932,True,1
76347,30793,240926_ML.npy,2026-09-25,2026-09-25 11:28:32.776330,7C7BD9,DA42,DIAMOND AIRCRAFT INDUSTRIES INC.,DA 42,fb306174a472000882605034e6610d4c7a27cbe3721556e92cb2e6570518e281,True,4
76348,30794,240926_ML.npy,2026-09-25,2026-09-25 11:28:34.455465,7C7BD9,DA42,DIAMOND AIRCRAFT INDUSTRIES INC.,DA 42,ed05c86cf59ba621af4418ee7ca9fe020dd19e7c519e6a0ba23a13031f916d4f,True,3
76349,30795,240926_ML.npy,2026-09-25,2026-09-25 11:28:39.278151,7C7BD9,DA42,DIAMOND AIRCRAFT INDUSTRIES INC.,DA 42,c909ded7be68e8cf36fa4c9e5e74652760acaeffa23945bcd69545654392af6e,True,4
76354,30800,240926_ML.npy,2026-09-25,2026-09-25 11:28:49.053778,7C7BD9,DA42,DIAMOND AIRCRAFT INDUSTRIES INC.,DA 42,e7f675ab7ec8ffcc968a30f1bc30b2ba103ec5737e67649be7489b0438d7b760,True,2
76357,30803,240926_ML.npy,2026-09-25,2026-09-25 11:28:53.970630,7C7BD9,DA42,DIAMOND AIRCRAFT INDUSTRIES INC.,DA 42,6337ed449304ba37919ea5bb916cd828121f681db2ff92442f972871d4573d27,True,4
76358,30804,240926_ML.npy,2026-09-25,2026-09-25 11:28:58.450149,7C7BD9,DA42,DIAMOND AIRCRAFT INDUSTRIES INC.,DA 42,7e2813971e004ecb8c380bb157543ba08b6ab067823b255fafb9567cec1d3640,True,2
76361,30807,240926_ML.npy,2026-09-25,2026-09-25 11:29:07.719517,7C7BD9,DA42,DIAMOND AIRCRAFT INDUSTRIES INC.,DA 42,d678defb7655858a6a5d56a84a616716e80c18a409c6f22c236f34a790c0d40f,True,5
76363,30809,240926_ML.npy,2026-09-25,2026-09-25 11:29:09.229308,7C7BD9,DA42,DIAMOND AIRCRAFT INDUSTRIES INC.,DA 42,03ec5c7391bfe7ecd0cd037b853f2b2cca08a6337ff8b20ab2cd87de925ab9ae,True,2
76364,30810,240926_ML.npy,2026-09-25,2026-09-25 11:29:12.342477,7C7BD9,DA42,DIAMOND AIRCRAFT INDUSTRIES INC.,DA 42,bb83b1bd0e50318916b941de690dcabda11174f1d0446efdc75cae64105fa4f2,True,1
76366,30812,240926_ML.npy,2026-09-25,2026-09-25 11:29:17.986666,7C7BD9,DA42,DIAMOND AIRCRAFT INDUSTRIES INC.,DA 42,fac03910208a984270d40d56df6b07ee859766ab721b2b830864ad698806c542,True,5
76373,30819,240926_ML.npy,2026-09-25,2026-09-25 11:29:41.276700,7C7BD9,DA42,DIAMOND AIRCRAFT INDUSTRIES INC.,DA 42,78e239a106f5fee8250212ef14804e033f95b42cb1b0ef345cb7c1a57990da50,True,5
76376,30822,240926_ML.npy,2026-09-25,2026-09-25 11:29:44.268747,7C7BD9,DA42,DIAMOND AIRCRAFT INDUSTRIES INC.,DA 42,ed05c86cf59ba621af4418ee7ca9fe020dd19e7c519e6a0ba23a13031f916d4f,True,4
76378,30824,240926_ML.npy,2026-09-25,2026-09-25 11:29:49.950834,7C7BD9,DA42,DIAMOND AIRCRAFT INDUSTRIES INC.,DA 42,852e5dbc56260abecb12b4400108b432764e7dddbac86caedf7ab64d26dae3bd,True,1
76379,30825,240926_ML.npy,2026-09-25,2026-09-25 11:29:49.957759,7C7BD9,DA42,DIAMOND AIRCRAFT INDUSTRIES INC.,DA 42,f0a0d1d31c45b6e7c96d2c89ea8be1bc4ce067584ca3127b814efe6b04762dcf,True,1
76380,30826,240926_ML.npy,2026-09-25,2026-09-25 11:29:52.469084,7C7BD9,DA42,DIAMOND AIRCRAFT INDUSTRIES INC.,DA 42,f07fe097a4a065e4372b10f861179e642a02b145d36136299fdefc91f7827e7b,True,4
76381,30827,240926_ML.npy,2026-09-25,2026-09-25 11:29:55.001562,7C7BD9,DA42,DIAMOND AIRCRAFT INDUSTRIES INC.,DA 42,78e239a106f5fee8250212ef14804e033f95b42cb1b0ef345cb7c1a57990da50,True,4
76383,30829,240926_ML.npy,2026-09-25,2026-09-25 11:29:57.673774,7C7BD9,DA42,DIAMOND AIRCRAFT INDUSTRIES INC.,DA 42,17cbed97ed86678011e1dd6ab4baaeddbca52341f63c48047ea90543640781f9,True,4
76385,30831,240926_ML.npy,2026-09-25,2026-09-25 11:30:00.028821,7C7BD9,DA42,DIAMOND AIRCRAFT INDUSTRIES INC.,DA 42,78e239a106f5fee8250212ef14804e033f95b42cb1b0ef345cb7c1a57990da50,True,4
76387,30833,240926_ML.npy,2026-09-25,2026-09-25 11:30:07.206633,7C7BD9,DA42,DIAMOND AIRCRAFT INDUSTRIES INC.,DA 42,1c811124d88227140f17bb1d8ad411b76fa758337433b516091296be061ee3ea,True,1
76390,30836,240926_ML.npy,2026-09-25,2026-09-25 11:30:16.224600,7C7BD9,DA42,DIAMOND AIRCRAFT INDUSTRIES INC.,DA 42,78e239a106f5fee8250212ef14804e033f95b42cb1b0ef345cb7c1a57990da50,True,4
76392,30838,240926_ML.npy,2026-09-25,2026-09-25 11:30:20.714278,7C7BD9,DA42,DIAMOND AIRCRAFT INDUSTRIES INC.,DA 42,7b496f61f643299c1dac93742b98290078150d97fce7364acb5e6bbc53cb8fc6,True,1
76393,30839,240926_ML.npy,2026-09-25,2026-09-25 11:30:21.136536,7C7BD9,DA42,DIAMOND AIRCRAFT INDUSTRIES INC.,DA 42,78e239a106f5fee8250212ef14804e033f95b42cb1b0ef345cb7c1a57990da50,True,4
76394,30840,240926_ML.npy,2026-09-25,2026-09-25 11:30:23.006150,7C7BD9,DA42,DIAMOND AIRCRAFT INDUSTRIES INC.,DA 42,405a902b48d199a48c23a5232b0adb41c9952381325f828d0743c6866778e368,True,3
76395,30841,240926_ML.npy,2026-09-25,2026-09-25 11:30:25.162324,7C7BD9,DA42,DIAMOND AIRCRAFT INDUSTRIES INC.,DA 42,2496237b99c47c354d5da9f3d055b74c6a409ab6841aa113121065fc22540841,True,3
76396,30842,240926_ML.npy,2026-09-25,2026-09-25 11:30:25.165522,7C7BD9,DA42,DIAMOND AIRCRAFT INDUSTRIES INC.,DA 42,8404412d59c0c8c6f8d5f9de1503e5c44529a48cc08c67339dd475524080c324,True,5
76397,30843,240926_ML.npy,2026-09-25,2026-09-25 11:30:29.872630,7C7BD9,DA42,DIAMOND AIRCRAFT INDUSTRIES INC.,DA 42,78e239a106f5fee8250212ef14804e033f95b42cb1b0ef345cb7c1a57990da50,True,4
76398,30844,240926_ML.npy,2026-09-25,2026-09-25 11:30:33.160437,7C7BD9,DA42,DIAMOND AIRCRAFT INDUSTRIES INC.,DA 42,72dae5182c6bc6119854d338fac49c494daacb76aec2f9f134b0a7b76beeb058,True,5
76407,30853,240926_ML.npy,2026-09-25,2026-09-25 11:31:01.107539,7C7BD9,DA42,DIAMOND AIRCRAFT INDUSTRIES INC.,DA 42,30084043f18e5e7ea1d6824732c8b7368456be289b09f770ff09398bddef44ba,True,3
76408,30854,240926_ML.npy,2026-09-25,2026-09-25 11:31:01.660381,7C7BD9,DA42,DIAMOND AIRCRAFT INDUSTRIES INC.,DA 42,7049c73e5689e0624abc824a018c50da69ea7e9c8c222b478d33747a74b10841,True,3
76413,30859,240926_ML.npy,2026-09-25,2026-09-25 11:31:06.464338,7C7BD9,DA42,DIAMOND AIRCRAFT INDUSTRIES INC.,DA 42,02f9dd3ca9fa00fceb72a450266e470272b093ff915e94576119bf2900ea11e5,True,3
76414,30860,240926_ML.npy,2026-09-25,2026-09-25 11:31:07.011788,7C7BD9,DA42,DIAMOND AIRCRAFT INDUSTRIES INC.,DA 42,e931a772efb78cd5bf0c5470d49f8e635d838995c226fb8b010fef2523edf72c,True,1
76415,30861,240926_ML.npy,2026-09-25,2026-09-25 11:31:07.017843,7C7BD9,DA42,DIAMOND AIRCRAFT INDUSTRIES INC.,DA 42,012d6a88ac3b94cc6512e23c2e582f3c94587e3404dd308316fb7aee56498c23,True,1
76416,30862,240926_ML.npy,2026-09-25,2026-09-25 11:31:09.797883,7C7BD9,DA42,DIAMOND AIRCRAFT INDUSTRIES INC.,DA 42,78e239a106f5fee8250212ef14804e033f95b42cb1b0ef345cb7c1a57990da50,True,1
76417,30863,240926_ML.npy,2026-09-25,2026-09-25 11:31:10.860363,7C7BD9,DA42,DIAMOND AIRCRAFT INDUSTRIES INC.,DA 42,7d9f304b4208ec40b7949ef74687ab1eb13b3cd0bb0e82e565a5d9dfd69dfe09,True,3
76418,30864,240926_ML.npy,2026-09-25,2026-09-25 11:31:24.272922,7C7BD9,DA42,DIAMOND AIRCRAFT INDUSTRIES INC.,DA 42,6109a72ae1db6d26a5c7e4998c2b013eca30a23b727ad503ae46b500c8268534,True,4
76421,30867,240926_ML.npy,2026-09-25,2026-09-25 11:31:26.885083,7C7BD9,DA42,DIAMOND AIRCRAFT INDUSTRIES INC.,DA 42,13febc6857eb9d0b9181f9ca0381806b8c892024b308b53949d2718b43ceaedb,True,2
76422,30868,240926_ML.npy,2026-09-25,2026-09-25 11:31:29.322357,7C7BD9,DA42,DIAMOND AIRCRAFT INDUSTRIES INC.,DA 42,0aea8b291fd27569be9030c2d933bdea9b8c41e1bc41905df375d5c058cad6ae,True,2
76423,30869,240926_ML.npy,2026-09-25,2026-09-25 11:31:29.732599,7C7BD9,DA42,DIAMOND AIRCRAFT INDUSTRIES INC.,DA 42,22ec4adc036d45e473d71ffd0b282363d92e87fb6bd29bcdb118e429973628ec,True,3
76424,30870,240926_ML.npy,2026-09-25,2026-09-25 11:31:29.737040,7C7BD9,DA42,DIAMOND AIRCRAFT INDUSTRIES INC.,DA 42,ccb083e4a3394191b4998fe7e3c8c9b29b32fdba6d5a1dc525086dd96f924371,True,5
76427,30873,240926_ML.npy,2026-09-25,2026-09-25 11:31:36.042670,7C7BD9,DA42,DIAMOND AIRCRAFT INDUSTRIES INC.,DA 42,f7938442b9302e6690ba1e49dfb1555360eec9e4eab4807c90e7024c36db0ad5,True,4
76428,30874,240926_ML.npy,2026-09-25,2026-09-25 11:31:37.644629,7C7BD9,DA42,DIAMOND AIRCRAFT INDUSTRIES INC.,DA 42,cc64b7913cfe9d8838f662cf7a886d3e0cc38fbb395f3b12cdf850fcba1a7cf8,True,5
76431,30877,240926_ML.npy,2026-09-25,2026-09-25 11:31:38.876982,7C7BD9,DA42,DIAMOND AIRCRAFT INDUSTRIES INC.,DA 42,ed05c86cf59ba621af4418ee7ca9fe020dd19e7c519e6a0ba23a13031f916d4f,True,3
76432,30878,240926_ML.npy,2026-09-25,2026-09-25 11:31:39.319115,7C7BD9,DA42,DIAMOND AIRCRAFT INDUSTRIES INC.,DA 42,bcd3d91352602f022e06dc044162f9ef91b9f4cb839917b5c39f89456fb4f0b4,True,3
76433,30879,240926_ML.npy,2026-09-25,2026-09-25 11:31:39.759059,7C7BD9,DA42,DIAMOND AIRCRAFT INDUSTRIES INC.,DA 42,39aa4ec94400db53a4c2f6bdb90e79015a57673fa42100a91c0ad132c5768417,True,1
76434,30880,240926_ML.npy,2026-09-25,2026-09-25 11:31:39.765929,7C7BD9,DA42,DIAMOND AIRCRAFT INDUSTRIES INC.,DA 42,ef3820052c9ec51f7ae116e04871da4450088c132bb918a0028f04448eb03e1b,True,2
76436,30882,240926_ML.npy,2026-09-25,2026-09-25 11:31:49.313027,7C7BD9,DA42,DIAMOND AIRCRAFT INDUSTRIES INC.,DA 42,82cd5ab0b9f796cd50cef4946f155932e072a25744fa87896094ab9b05d72404,True,4
76437,30883,240926_ML.npy,2026-09-25,2026-09-25 11:31:49.574976,7C7BD9,DA42,DIAMOND AIRCRAFT INDUSTRIES INC.,DA 42,fb0cc7d870490d311722071d6cd89d6169d3e34d4f1e52af97d7a79777d18cb2,True,1
76439,30885,240926_ML.npy,2026-09-25,2026-09-25 11:31:52.486565,7C7BD9,DA42,DIAMOND AIRCRAFT INDUSTRIES INC.,DA 42,f9426773f95d2d6c9604696ebe3a84881b91331f7b1a0286a43e5fbeb18adeb2,True,4
76440,30886,240926_ML.npy,2026-09-25,2026-09-25 11:31:52.971984,7C7BD9,DA42,DIAMOND AIRCRAFT INDUSTRIES INC.,DA 42,c5a151124d5bf4223d6bc722510c22dcf2a925f19ae98c41288923638cfa89fb,True,2
76442,30888,240926_ML.npy,2026-09-25,2026-09-25 11:31:55.308444,7C7BD9,DA42,DIAMOND AIRCRAFT INDUSTRIES INC.,DA 42,5f42cace0015617a788e620a02c5248f30bf79a392db13671c4b98f052bc83e6,True,5
76443,30889,240926_ML.npy,2026-09-25,2026-09-25 11:31:56.805924,7C7BD9,DA42,DIAMOND AIRCRAFT INDUSTRIES INC.,DA 42,b3693d0e1232f6ab1e4de09d195fd4303418f510bacb3ad9cd3cdd8e73b551a1,True,1
76445,30891,240926_ML.npy,2026-09-25,2026-09-25 11:31:57.357920,7C7BD9,DA42,DIAMOND AIRCRAFT INDUSTRIES INC.,DA 42,0302f59f6289e5dee43b474c464553a8163b47f22a7e0090518ad1c74cdc683e,True,4
76449,30895,240926_ML.npy,2026-09-25,2026-09-25 11:44:16.749604,7C79B4,DA42,DIAMOND AIRCRAFT INDUSTRIES,DA 42,d7b77a67346ee4f98cad192a130906a00d34eb3b9f1b4db3e20c6be9b61881da,True,2
76450,30896,240926_ML.npy,2026-09-25,2026-09-25 11:44:33.934584,7C79B4,DA42,DIAMOND AIRCRAFT INDUSTRIES,DA 42,ffd86eb0fbc0494e11e42962d36d511539bd037efd1612a17f4ea94b808a62d7,True,5
76455,30901,240926_ML.npy,2026-09-25,2026-09-25 11:44:37.913516,7C79B4,DA42,DIAMOND AIRCRAFT INDUSTRIES,DA 42,6837a516437dfa23a46f942420223e36ec1be08affd6d56fc0ecee74efec2246,True,1
76456,30902,240926_ML.npy,2026-09-25,2026-09-25 11:44:41.247188,7C79B4,DA42,DIAMOND AIRCRAFT INDUSTRIES,DA 42,ebfc5d3f1ed36321248fdac4b7a4c3fc6d17972b9a3979126993fe130a379ecb,True,2
76459,30905,240926_ML.npy,2026-09-25,2026-09-25 11:44:43.159661,7C79B4,DA42,DIAMOND AIRCRAFT INDUSTRIES,DA 42,0a87d2446387e2f3bfe03b62a4255446140378280f275d0fb524fc1cbf0d135b,True,3
76460,30906,240926_ML.npy,2026-09-25,2026-09-25 11:44:43.164340,7C79B4,DA42,DIAMOND AIRCRAFT INDUSTRIES,DA 42,6ba61a5af7900501a0e6139850625dcd5d7b71242f68a667b1e25e4952cf70d1,True,1
76462,30908,240926_ML.npy,2026-09-25,2026-09-25 11:44:43.600517,7C79B4,DA42,DIAMOND AIRCRAFT INDUSTRIES,DA 42,f4ca27433d315174cfd8f2f723256a5fa88bf3c334d8f549ab2408cdb06cbc5f,True,4
76463,30909,240926_ML.npy,2026-09-25,2026-09-25 11:44:46.788045,7C79B4,DA42,DIAMOND AIRCRAFT INDUSTRIES,DA 42,544e94067ad10d567255588269e763ab09e13a145bfe923cf59345fd58e7fc46,True,3
76468,30914,240926_ML.npy,2026-09-25,2026-09-25 11:44:50.019187,7C79B4,DA42,DIAMOND AIRCRAFT INDUSTRIES,DA 42,20f5f8cb3e2a353786eefbae194b5d44240397d653a150f1c6820b6751d4c907,True,4
76472,30918,240926_ML.npy,2026-09-25,2026-09-25 11:44:59.643416,7C79B4,DA42,DIAMOND AIRCRAFT INDUSTRIES,DA 42,a6e9b73ef1eff324641866551c6be0252bbb314be4dd1e4237a4d917b0c30907,True,5
76473,30919,240926_ML.npy,2026-09-25,2026-09-25 11:45:05.904719,7C79B4,DA42,DIAMOND AIRCRAFT INDUSTRIES,DA 42,a6e9b73ef1eff324641866551c6be0252bbb314be4dd1e4237a4d917b0c30907,True,5
76474,30920,240926_ML.npy,2026-09-25,2026-09-25 11:45:06.902491,7C79B4,DA42,DIAMOND AIRCRAFT INDUSTRIES,DA 42,3ed4ce1c305898789e9f6f4486e3631ee20fb00b767f661101d74bf6515d0b60,True,3
76480,30926,240926_ML.npy,2026-09-25,2026-09-25 11:45:09.800493,7C79B4,DA42,DIAMOND AIRCRAFT INDUSTRIES,DA 42,e8dab7d553f5df5f314a8c539fce0bb4e97bc776b1340b2ef20ccfe82c2b3b7e,True,5
76481,30927,240926_ML.npy,2026-09-25,2026-09-25 11:45:10.791535,7C79B4,DA42,DIAMOND AIRCRAFT INDUSTRIES,DA 42,b3a70fb511d00c4bd8397889ef8824188fcef6051a1801ae7d7b92e29fd794b8,True,4
76482,30928,240926_ML.npy,2026-09-25,2026-09-25 11:45:10.950324,7C79B4,DA42,DIAMOND AIRCRAFT INDUSTRIES,DA 42,76316d9ce0c021b10e5954246027599631c4df22a0a0bc0004dacdcf4ec7b1ba,True,3
76483,30929,240926_ML.npy,2026-09-25,2026-09-25 11:45:13.435908,7C79B4,DA42,DIAMOND AIRCRAFT INDUSTRIES,DA 42,76316d9ce0c021b10e5954246027599631c4df22a0a0bc0004dacdcf4ec7b1ba,True,5
76484,30930,240926_ML.npy,2026-09-25,2026-09-25 11:45:13.616829,7C79B4,DA42,DIAMOND AIRCRAFT INDUSTRIES,DA 42,80090aa521432a024b43a445cd0eaf0818535865c12d1414c4684a5754a3dab1,True,2
76486,30932,240926_ML.npy,2026-09-25,2026-09-25 11:45:24.158522,7C79B4,DA42,DIAMOND AIRCRAFT INDUSTRIES,DA 42,d709f6726371296974f5e22c86bbac9c56008ff154a6aecd7c0a5a30e660ccf8,True,2
76492,30938,240926_ML.npy,2026-09-25,2026-09-25 11:45:29.519633,7C79B4,DA42,DIAMOND AIRCRAFT INDUSTRIES,DA 42,cbd56212bb3ec04d9e5cd38874d888716f340a28eb86044bc20f730e63295a2f,True,2
76494,30940,240926_ML.npy,2026-09-25,2026-09-25 11:45:30.552085,7C79B4,DA42,DIAMOND AIRCRAFT INDUSTRIES,DA 42,8c314e81d8d758d80a5e13883f21eaf55b48d3034262e212318055c8d19a0a6d,True,2
76495,30941,240926_ML.npy,2026-09-25,2026-09-25 11:45:34.569298,7C79B4,DA42,DIAMOND AIRCRAFT INDUSTRIES,DA 42,0c73b51cd886867cf890909ae299996e60c9dcae36b0b39d2db90bd8c33358ce,True,4
76497,30943,240926_ML.npy,2026-09-25,2026-09-25 11:45:35.556989,7C79B4,DA42,DIAMOND AIRCRAFT INDUSTRIES,DA 42,109c47185057d49150faed63ac81b6f0b550972c7eeaa58dd93c96081f14e71a,True,4
76500,30946,240926_ML.npy,2026-09-25,2026-09-25 11:45:39.082528,7C79B4,DA42,DIAMOND AIRCRAFT INDUSTRIES,DA 42,f4ca27433d315174cfd8f2f723256a5fa88bf3c334d8f549ab2408cdb06cbc5f,True,1
76501,30947,240926_ML.npy,2026-09-25,2026-09-25 11:45:40.975590,7C79B4,DA42,DIAMOND AIRCRAFT INDUSTRIES,DA 42,76316d9ce0c021b10e5954246027599631c4df22a0a0bc0004dacdcf4ec7b1ba,True,3
76502,30948,240926_ML.npy,2026-09-25,2026-09-25 11:45:44.563970,7C79B4,DA42,DIAMOND AIRCRAFT INDUSTRIES,DA 42,a5ad9c07dab524661fec3f381bcfe929b432a8460e92cc666ea801b9b69e2ea6,True,3
76503,30949,240926_ML.npy,2026-09-25,2026-09-25 11:45:45.008310,7C79B4,DA42,DIAMOND AIRCRAFT INDUSTRIES,DA 42,4da15ec1f9051b10f51f68c7618a88c25a95674090d7801c2c934f04af51b98b,True,5
76504,30950,240926_ML.npy,2026-09-25,2026-09-25 11:45:45.977827,7C79B4,DA42,DIAMOND AIRCRAFT INDUSTRIES,DA 42,76316d9ce0c021b10e5954246027599631c4df22a0a0bc0004dacdcf4ec7b1ba,True,4
76505,30951,240926_ML.npy,2026-09-25,2026-09-25 11:45:45.994394,7C79B4,DA42,DIAMOND AIRCRAFT INDUSTRIES,DA 42,a6e9b73ef1eff324641866551c6be0252bbb314be4dd1e4237a4d917b0c30907,True,4
76508,30954,240926_ML.npy,2026-09-25,2026-09-25 11:45:48.855035,7C79B4,DA42,DIAMOND AIRCRAFT INDUSTRIES,DA 42,4b95cb16fc579f14628c007051e47b6b642f9cb4eddd1b17fcde14ee4fe3000a,True,2
76509,30955,240926_ML.npy,2026-09-25,2026-09-25 11:45:49.425185,7C79B4,DA42,DIAMOND AIRCRAFT INDUSTRIES,DA 42,114689122d76cbf25ef72ee84fd255f4c4a7d29e0e6fb1f3105f3b09f5e38a79,True,4
76511,30957,240926_ML.npy,2026-09-25,2026-09-25 11:45:51.135714,7C79B4,DA42,DIAMOND AIRCRAFT INDUSTRIES,DA 42,76316d9ce0c021b10e5954246027599631c4df22a0a0bc0004dacdcf4ec7b1ba,True,3
76512,30958,240926_ML.npy,2026-09-25,2026-09-25 11:45:53.778407,7C79B4,DA42,DIAMOND AIRCRAFT INDUSTRIES,DA 42,80090aa521432a024b43a445cd0eaf0818535865c12d1414c4684a5754a3dab1,True,2
76514,30960,240926_ML.npy,2026-09-25,2026-09-25 11:45:58.216837,7C79B4,DA42,DIAMOND AIRCRAFT INDUSTRIES,DA 42,aa0e3bb5c01bc259996ce9b78b4c907b80d7e301c87c4951a986ffd8b7d4780a,True,1
76516,30962,240926_ML.npy,2026-09-25,2026-09-25 11:45:58.616369,7C79B4,DA42,DIAMOND AIRCRAFT INDUSTRIES,DA 42,ab86fbae5b0d71d4dfdecb60738a7eda65e6f70f742018d5abddbeb86853fdc5,True,4
76525,30971,240926_ML.npy,2026-09-25,2026-09-25 11:46:13.471954,7C79B4,DA42,DIAMOND AIRCRAFT INDUSTRIES,DA 42,76316d9ce0c021b10e5954246027599631c4df22a0a0bc0004dacdcf4ec7b1ba,True,4
76527,30973,240926_ML.npy,2026-09-25,2026-09-25 11:46:14.656821,7C79B4,DA42,DIAMOND AIRCRAFT INDUSTRIES,DA 42,a676b0a2ca75e467798db9201fc87c6102b07fd9a000bb38bea574328a5713f1,True,4
76528,30974,240926_ML.npy,2026-09-25,2026-09-25 11:46:18.537213,7C79B4,DA42,DIAMOND AIRCRAFT INDUSTRIES,DA 42,76316d9ce0c021b10e5954246027599631c4df22a0a0bc0004dacdcf4ec7b1ba,True,1
76529,30975,240926_ML.npy,2026-09-25,2026-09-25 11:46:19.692157,7C79B4,DA42,DIAMOND AIRCRAFT INDUSTRIES,DA 42,a6e9b73ef1eff324641866551c6be0252bbb314be4dd1e4237a4d917b0c30907,True,4
76530,30976,240926_ML.npy,2026-09-25,2026-09-25 11:46:20.963626,7C79B4,DA42,DIAMOND AIRCRAFT INDUSTRIES,DA 42,76316d9ce0c021b10e5954246027599631c4df22a0a0bc0004dacdcf4ec7b1ba,True,1
76532,30978,240926_ML.npy,2026-09-25,2026-09-25 11:46:23.626230,7C79B4,DA42,DIAMOND AIRCRAFT INDUSTRIES,DA 42,80090aa521432a024b43a445cd0eaf0818535865c12d1414c4684a5754a3dab1,True,2
76534,30980,240926_ML.npy,2026-09-25,2026-09-25 11:46:27.576745,7C79B4,DA42,DIAMOND AIRCRAFT INDUSTRIES,DA 42,e27037d1c3bd120f356db02f8bbd47d49ba6c5b5b0b001fd23f98904a55ca23a,True,3
76539,30985,240926_ML.npy,2026-09-25,2026-09-25 11:46:32.049427,7C79B4,DA42,DIAMOND AIRCRAFT INDUSTRIES,DA 42,296d49ff827a63940d0a341789584897e178fa33b64421670a7938207d1444cc,True,2
76541,30987,240926_ML.npy,2026-09-25,2026-09-25 11:46:34.384066,7C79B4,DA42,DIAMOND AIRCRAFT INDUSTRIES,DA 42,f4ca27433d315174cfd8f2f723256a5fa88bf3c334d8f549ab2408cdb06cbc5f,True,5
76542,30988,240926_ML.npy,2026-09-25,2026-09-25 11:46:39.152540,7C79B4,DA42,DIAMOND AIRCRAFT INDUSTRIES,DA 42,5b00fb9ec283b4962efc9188bcdd2d28464a5c13837d6605945a8925856b4001,True,2
76544,30990,240926_ML.npy,2026-09-25,2026-09-25 11:46:42.284269,7C79B4,DA42,DIAMOND AIRCRAFT INDUSTRIES,DA 42,04fcb6392dc306424abaed57a6695c65895b20181552b8342195c1e83749b79c,True,5
76545,30991,240926_ML.npy,2026-09-25,2026-09-25 11:46:43.225391,7C79B4,DA42,DIAMOND AIRCRAFT INDUSTRIES,DA 42,0917559ef3402986f1a2d3364e634e579a76b6eb76b897e36a3aa7afcfcf846e,True,2
76553,30999,240926_ML.npy,2026-09-25,2026-09-25 11:46:48.775407,7C79B4,DA42,DIAMOND AIRCRAFT INDUSTRIES,DA 42,e11d787014bb8667a3d2c0fce6381173a98486d4e8d9c7c901137f70a7af9361,True,5
76563,31009,240926_ML.npy,2026-09-25,2026-09-25 11:46:59.685185,7C79B4,DA42,DIAMOND AIRCRAFT INDUSTRIES,DA 42,939183865fe44f4e93fb57bfc79584c853279a8670a872f7e0d95119ca829932,True,4
76583,31029,240926_ML.npy,2026-09-25,2026-09-25 12:45:30.685045,7C7BD9,DA42,DIAMOND AIRCRAFT INDUSTRIES INC.,DA 42,99baf007206131da39703c0b40417386e42100a9ea1322f6bc0592162d110b62,True,1
76584,31030,240926_ML.npy,2026-09-25,2026-09-25 12:46:07.156264,7C7BD9,DA42,DIAMOND AIRCRAFT INDUSTRIES INC.,DA 42,ed05c86cf59ba621af4418ee7ca9fe020dd19e7c519e6a0ba23a13031f916d4f,True,4
76586,31032,240926_ML.npy,2026-09-25,2026-09-25 12:46:12.869050,7C7BD9,DA42,DIAMOND AIRCRAFT INDUSTRIES INC.,DA 42,1d802f78268743fde8b26e285df02d7b731ce48c3e0c01360af79c6882ca560d,True,5
76588,31034,240926_ML.npy,2026-09-25,2026-09-25 12:46:19.427079,7C7BD9,DA42,DIAMOND AIRCRAFT INDUSTRIES INC.,DA 42,4824693e841eb731cc5a1a3df14fea56ed9ad77188f71960c18975ebcbbc4645,True,4
76590,31036,240926_ML.npy,2026-09-25,2026-09-25 12:46:21.608109,7C7BD9,DA42,DIAMOND AIRCRAFT INDUSTRIES INC.,DA 42,cc64b7913cfe9d8838f662cf7a886d3e0cc38fbb395f3b12cdf850fcba1a7cf8,True,3
76591,31037,240926_ML.npy,2026-09-25,2026-09-25 12:46:22.243099,7C7BD9,DA42,DIAMOND AIRCRAFT INDUSTRIES INC.,DA 42,f988795f5dfb6ac328474ae19f1471009de5cabc56624a2b508ce0931c1508c6,True,5
76592,31038,240926_ML.npy,2026-09-25,2026-09-25 12:46:26.428966,7C7BD9,DA42,DIAMOND AIRCRAFT INDUSTRIES INC.,DA 42,cc64b7913cfe9d8838f662cf7a886d3e0cc38fbb395f3b12cdf850fcba1a7cf8,True,2
76595,31041,240926_ML.npy,2026-09-25,2026-09-25 12:46:34.301649,7C7BD9,DA42,DIAMOND AIRCRAFT INDUSTRIES INC.,DA 42,16c31eb5ff1e506fafb1fc30593169a4a6450d2ebdf016f164b38397dfe2fb1c,True,2
76596,31042,240926_ML.npy,2026-09-25,2026-09-25 12:46:34.311935,7C7BD9,DA42,DIAMOND AIRCRAFT INDUSTRIES INC.,DA 42,71695d3bfe31f10de34e10499b67bd3a434e0857404731becb486ebaeeb754f0,True,5
76597,31043,240926_ML.npy,2026-09-25,2026-09-25 12:46:35.396178,7C7BD9,DA42,DIAMOND AIRCRAFT INDUSTRIES INC.,DA 42,2655f31acc040b52feefc58c4adb264379aa32ca61c386af2b25a702e41434eb,True,5
76599,31045,240926_ML.npy,2026-09-25,2026-09-25 12:46:45.951841,7C7BD9,DA42,DIAMOND AIRCRAFT INDUSTRIES INC.,DA 42,1a972e5a993df8f53b93faeb7debfe212c4d7c37438058ee2ccaa2a5880df8bc,True,4
76605,31051,240926_ML.npy,2026-09-25,2026-09-25 12:46:53.916162,7C7BD9,DA42,DIAMOND AIRCRAFT INDUSTRIES INC.,DA 42,1305be5472d72af17002e02aad42b94305af13e8f6e2b5ab42ec042311ef4911,True,4
76607,31053,240926_ML.npy,2026-09-25,2026-09-25 12:46:54.353603,7C7BD9,DA42,DIAMOND AIRCRAFT INDUSTRIES INC.,DA 42,cf9dec77835432dfce981773a64c8a85410b8bd149d2d871539beb7847136f35,True,3
76609,31055,240926_ML.npy,2026-09-25,2026-09-25 12:47:00.357374,7C7BD9,DA42,DIAMOND AIRCRAFT INDUSTRIES INC.,DA 42,231e429556493e168cb9a481879d1d3843026820bf31248a0099f25339284379,True,5
76611,31057,240926_ML.npy,2026-09-25,2026-09-25 12:47:02.844691,7C7BD9,DA42,DIAMOND AIRCRAFT INDUSTRIES INC.,DA 42,8acf515b74eb5162b8e7fe76be997865d7582e5bddf51f60622ab6904f65d890,True,3
76613,31059,240926_ML.npy,2026-09-25,2026-09-25 12:47:12.322900,7C7BD9,DA42,DIAMOND AIRCRAFT INDUSTRIES INC.,DA 42,3a7a7a852b38603ad90c4605e8e2cf74dcfb1941716abd5adbb4aeae25614210,True,4
76615,31061,240926_ML.npy,2026-09-25,2026-09-25 12:47:15.191976,7C7BD9,DA42,DIAMOND AIRCRAFT INDUSTRIES INC.,DA 42,e5c484abc6c14f936de981e500638d3adbb0da214d4f4a4d2f8fa01977b4a483,True,3
76620,31066,240926_ML.npy,2026-09-25,2026-09-25 12:47:23.173166,7C7BD9,DA42,DIAMOND AIRCRAFT INDUSTRIES INC.,DA 42,444f3ef5e3a410cd9e41e20b52d86fdecc44867930a93fdc645bef366135268d,True,4
76621,31067,240926_ML.npy,2026-09-25,2026-09-25 12:47:23.372509,7C7BD9,DA42,DIAMOND AIRCRAFT INDUSTRIES INC.,DA 42,405a902b48d199a48c23a5232b0adb41c9952381325f828d0743c6866778e368,True,5
76624,31070,240926_ML.npy,2026-09-25,2026-09-25 12:47:25.376402,7C7BD9,DA42,DIAMOND AIRCRAFT INDUSTRIES INC.,DA 42,8acf515b74eb5162b8e7fe76be997865d7582e5bddf51f60622ab6904f65d890,True,5
76626,31072,240926_ML.npy,2026-09-25,2026-09-25 12:47:25.530845,7C7BD9,DA42,DIAMOND AIRCRAFT INDUSTRIES INC.,DA 42,f07fa67f2a37462dc9f4c6b4a1dfe9387e10769a213623f823faba1931105ea9,True,5
76627,31073,240926_ML.npy,2026-09-25,2026-09-25 12:47:26.110851,7C7BD9,DA42,DIAMOND AIRCRAFT INDUSTRIES INC.,DA 42,284f73fccc29a3aab174159d16e40756e671978fb328123a4ac2d3c27457fcad,True,1
76628,31074,240926_ML.npy,2026-09-25,2026-09-25 12:47:26.143187,7C7BD9,DA42,DIAMOND AIRCRAFT INDUSTRIES INC.,DA 42,cc64b7913cfe9d8838f662cf7a886d3e0cc38fbb395f3b12cdf850fcba1a7cf8,True,3
76629,31075,240926_ML.npy,2026-09-25,2026-09-25 12:47:27.067413,7C7BD9,DA42,DIAMOND AIRCRAFT INDUSTRIES INC.,DA 42,ed05c86cf59ba621af4418ee7ca9fe020dd19e7c519e6a0ba23a13031f916d4f,True,4
76630,31076,240926_ML.npy,2026-09-25,2026-09-25 12:47:27.850450,7C7BD9,DA42,DIAMOND AIRCRAFT INDUSTRIES INC.,DA 42,8acf515b74eb5162b8e7fe76be997865d7582e5bddf51f60622ab6904f65d890,True,2
76633,31079,240926_ML.npy,2026-09-25,2026-09-25 12:47:30.790601,7C7BD9,DA42,DIAMOND AIRCRAFT INDUSTRIES INC.,DA 42,da9b15d2dc0ceb9eeb033f68fad265588689e61e9718a9af932ac96268b5ab79,True,3
76634,31080,240926_ML.npy,2026-09-25,2026-09-25 12:47:30.796334,7C7BD9,DA42,DIAMOND AIRCRAFT INDUSTRIES INC.,DA 42,9b0e568f636d7a2333bcaef5c0bdf098094470cee594ea30ac4eff8514849a6d,True,3
76635,31081,240926_ML.npy,2026-09-25,2026-09-25 12:47:32.834428,7C7BD9,DA42,DIAMOND AIRCRAFT INDUSTRIES INC.,DA 42,b406ce177069cd7f5383c53563f969ab6d3a1de4f75934da94a2cac08104c48a,True,1
76637,31083,240926_ML.npy,2026-09-25,2026-09-25 12:47:38.429764,7C7BD9,DA42,DIAMOND AIRCRAFT INDUSTRIES INC.,DA 42,405a902b48d199a48c23a5232b0adb41c9952381325f828d0743c6866778e368,True,5
76639,31085,240926_ML.npy,2026-09-25,2026-09-25 12:47:45.104737,7C7BD9,DA42,DIAMOND AIRCRAFT INDUSTRIES INC.,DA 42,183c826e8f7be192472de180013cc7be83c53f8aa9540aa6f8069642f7d5bc4a,True,2
76640,31086,240926_ML.npy,2026-09-25,2026-09-25 12:47:45.107930,7C7BD9,DA42,DIAMOND AIRCRAFT INDUSTRIES INC.,DA 42,108048cd2bef18817804a74af37fb8ac19ce47855fb0b5407edda22859d8d9f9,True,3
76642,31088,240926_ML.npy,2026-09-25,2026-09-25 12:47:46.644950,7C7BD9,DA42,DIAMOND AIRCRAFT INDUSTRIES INC.,DA 42,96b2ce2d96872e5d17b36a588e83dbabe9eead9ceaab4c9c1ca061d591375c60,True,1
76643,31089,240926_ML.npy,2026-09-25,2026-09-25 12:47:46.649240,7C7BD9,DA42,DIAMOND AIRCRAFT INDUSTRIES INC.,DA 42,87a81969d0ce1e9d283af3bca1b30bf042299a1fbdb224e1af84389e8ed0dc1b,True,1
76644,31090,240926_ML.npy,2026-09-25,2026-09-25 12:47:47.021857,7C7BD9,DA42,DIAMOND AIRCRAFT INDUSTRIES INC.,DA 42,ed05c86cf59ba621af4418ee7ca9fe020dd19e7c519e6a0ba23a13031f916d4f,True,2
76645,31091,240926_ML.npy,2026-09-25,2026-09-25 12:47:47.691912,7C7BD9,DA42,DIAMOND AIRCRAFT INDUSTRIES INC.,DA 42,b406ce177069cd7f5383c53563f969ab6d3a1de4f75934da94a2cac08104c48a,True,4
76646,31092,240926_ML.npy,2026-09-25,2026-09-25 12:47:49.550776,7C7BD9,DA42,DIAMOND AIRCRAFT INDUSTRIES INC.,DA 42,ed05c86cf59ba621af4418ee7ca9fe020dd19e7c519e6a0ba23a13031f916d4f,True,4
76647,31093,240926_ML.npy,2026-09-25,2026-09-25 12:47:51.103068,7C7BD9,DA42,DIAMOND AIRCRAFT INDUSTRIES INC.,DA 42,9c2c49a82d4b207329f064cea5e0bc16081a044ac36c8e54d00c4117cfcdcc3a,True,5
76648,31094,240926_ML.npy,2026-09-25,2026-09-25 12:47:51.107645,7C7BD9,DA42,DIAMOND AIRCRAFT INDUSTRIES INC.,DA 42,4dd54131778100c03c469714f5604f3e55e1b1de6888c5542b85058f35048ff7,True,4
76649,31095,240926_ML.npy,2026-09-25,2026-09-25 12:47:53.588631,7C7BD9,DA42,DIAMOND AIRCRAFT INDUSTRIES INC.,DA 42,cfd84495db3c95ba6468cf7db234bb5c74b1043ad1da0312ec2d94248afeaa0b,True,2
76650,31096,240926_ML.npy,2026-09-25,2026-09-25 12:47:53.591838,7C7BD9,DA42,DIAMOND AIRCRAFT INDUSTRIES INC.,DA 42,dbee973a4a2ad307f6b538c674c7a66c9c040ebfbdfa2f57fbaac1b659bd46dd,True,5
76652,31098,240926_ML.npy,2026-09-25,2026-09-25 12:47:55.140146,7C7BD9,DA42,DIAMOND AIRCRAFT INDUSTRIES INC.,DA 42,b406ce177069cd7f5383c53563f969ab6d3a1de4f75934da94a2cac08104c48a,True,5
76657,31103,240926_ML.npy,2026-09-25,2026-09-25 12:48:11.235257,7C7BD9,DA42,DIAMOND AIRCRAFT INDUSTRIES INC.,DA 42,b406ce177069cd7f5383c53563f969ab6d3a1de4f75934da94a2cac08104c48a,True,4
76659,31105,240926_ML.npy,2026-09-25,2026-09-25 12:48:16.196837,7C7BD9,DA42,DIAMOND AIRCRAFT INDUSTRIES INC.,DA 42,34b3f43f8aa5b93583869cf891fd94364caf43aab01528173a3e43d27ded6cb2,True,4
76662,31108,240926_ML.npy,2026-09-25,2026-09-25 12:48:29.697152,7C7BD9,DA42,DIAMOND AIRCRAFT INDUSTRIES INC.,DA 42,1df93290acb0c9e265da3aefc7f006ffc96e813b67a6205e575de87680f1e564,True,1
76664,31110,240926_ML.npy,2026-09-25,2026-09-25 12:48:39.854303,7C7BD9,DA42,DIAMOND AIRCRAFT INDUSTRIES INC.,DA 42,b7d8bcee8e65d52716b4c27cb1b00b4fac25a5b72b2e0cf092e1b93ae64be775,True,1
76665,31111,240926_ML.npy,2026-09-25,2026-09-25 12:48:39.864689,7C7BD9,DA42,DIAMOND AIRCRAFT INDUSTRIES INC.,DA 42,b206666508d50501a67e23c54edff0c1e712cae456dfa957371572ba9bbb3c9c,True,3
76667,31113,240926_ML.npy,2026-09-25,2026-09-25 12:49:01.382039,7C7BD9,DA42,DIAMOND AIRCRAFT INDUSTRIES INC.,DA 42,b406ce177069cd7f5383c53563f969ab6d3a1de4f75934da94a2cac08104c48a,True,1
76670,31116,240926_ML.npy,2026-09-25,2026-09-25 12:49:03.823239,7C7BD9,DA42,DIAMOND AIRCRAFT INDUSTRIES INC.,DA 42,6b2b4fcae15df656845fcef354a2aea2e1490cfe39c0284bbc26c450b100f3c9,True,2
76671,31117,240926_ML.npy,2026-09-25,2026-09-25 12:49:03.826830,7C7BD9,DA42,DIAMOND AIRCRAFT INDUSTRIES INC.,DA 42,fcd46a19b8a3436c7b5f2073df36156188618f665abace899d3c3563c2cc6ace,True,4
76676,31122,240926_ML.npy,2026-09-25,2026-09-25 12:53:17.383227,7C79B4,DA42,DIAMOND AIRCRAFT INDUSTRIES,DA 42,d1dad4766f840ba3f4e1b77bc0709835b049f096d5f1beed75504e7e67bc01fb,True,1
76677,31123,240926_ML.npy,2026-09-25,2026-09-25 12:53:17.388218,7C79B4,DA42,DIAMOND AIRCRAFT INDUSTRIES,DA 42,69eb93126139adf20dd9936e4434ee1c6e9ba223eb78744b474f945812e5e13a,True,4
76679,31125,240926_ML.npy,2026-09-25,2026-09-25 12:53:17.952990,7C79B4,DA42,DIAMOND AIRCRAFT INDUSTRIES,DA 42,023a4db791416c8485266a187e59ebbe03225a0d4f52a63b612ce3195ec09641,True,4
76681,31127,240926_ML.npy,2026-09-25,2026-09-25 12:53:21.983455,7C79B4,DA42,DIAMOND AIRCRAFT INDUSTRIES,DA 42,76316d9ce0c021b10e5954246027599631c4df22a0a0bc0004dacdcf4ec7b1ba,True,3
76682,31128,240926_ML.npy,2026-09-25,2026-09-25 12:53:24.436825,7C79B4,DA42,DIAMOND AIRCRAFT INDUSTRIES,DA 42,34091a3895176e934ed78a12eeaa11730255fa66ef59a10b7f4e7eb7e85b2889,True,4
76684,31130,240926_ML.npy,2026-09-25,2026-09-25 12:53:28.974688,7C79B4,DA42,DIAMOND AIRCRAFT INDUSTRIES,DA 42,82a2601dccf8add896aff8507c3582b4c9f9914f852d9f0597f1383be0054eb7,True,1
76685,31131,240926_ML.npy,2026-09-25,2026-09-25 12:53:28.978640,7C79B4,DA42,DIAMOND AIRCRAFT INDUSTRIES,DA 42,f4a25d39f0e8b4be1d62438126e0ec1e9dc7098d20f193f9e6852185e9e3fbd0,True,1
76687,31133,240926_ML.npy,2026-09-25,2026-09-25 12:53:36.131602,7C79B4,DA42,DIAMOND AIRCRAFT INDUSTRIES,DA 42,3efd49cc03c8fee8f071cc1f61952a81c096a6a32a4c43f1b167a7500309fdce,True,5
76691,31137,240926_ML.npy,2026-09-25,2026-09-25 12:53:42.717566,7C79B4,DA42,DIAMOND AIRCRAFT INDUSTRIES,DA 42,538ec45d56967acfabb91cefebe6d52e7d87b5333f89c16f43ffa25ac7907b2f,True,3
76692,31138,240926_ML.npy,2026-09-25,2026-09-25 12:53:44.060589,7C79B4,DA42,DIAMOND AIRCRAFT INDUSTRIES,DA 42,76316d9ce0c021b10e5954246027599631c4df22a0a0bc0004dacdcf4ec7b1ba,True,2
76694,31140,240926_ML.npy,2026-09-25,2026-09-25 12:53:46.864001,7C79B4,DA42,DIAMOND AIRCRAFT INDUSTRIES,DA 42,967c01f3e75d8fae20d5b2ea8c4f9e29219e7547e725d04ad0eccae725711aa6,True,3
76695,31141,240926_ML.npy,2026-09-25,2026-09-25 12:53:47.416747,7C79B4,DA42,DIAMOND AIRCRAFT INDUSTRIES,DA 42,1d8aa32ccdf7112d9abe01f615fe8d400a21ccae2f819fc4f0c1727cada58e8a,True,2
76697,31143,240926_ML.npy,2026-09-25,2026-09-25 12:53:48.339224,7C79B4,DA42,DIAMOND AIRCRAFT INDUSTRIES,DA 42,5ab647e84abe65d84698611354ba846dd283d289bf7a060fb818bdc431b3db4a,True,4
76698,31144,240926_ML.npy,2026-09-25,2026-09-25 12:53:50.521324,7C79B4,DA42,DIAMOND AIRCRAFT INDUSTRIES,DA 42,8842397b4b81ac7894c8be9c5d7b792e9a883eff69847613e541e7c40c7ba7a6,True,5
76701,31147,240926_ML.npy,2026-09-25,2026-09-25 12:53:53.909848,7C79B4,DA42,DIAMOND AIRCRAFT INDUSTRIES,DA 42,ad36950e743ada432b036499cd8110120601294cbed8340a96cc6f51fc298dee,True,5
76706,31152,240926_ML.npy,2026-09-25,2026-09-25 12:54:03.311020,7C79B4,DA42,DIAMOND AIRCRAFT INDUSTRIES,DA 42,3efd49cc03c8fee8f071cc1f61952a81c096a6a32a4c43f1b167a7500309fdce,True,4
76707,31153,240926_ML.npy,2026-09-25,2026-09-25 12:54:04.130274,7C79B4,DA42,DIAMOND AIRCRAFT INDUSTRIES,DA 42,fbf171e4e7f922fa01d851ab6fa858f17934cfd958d23098b4526c1372429f58,True,3
76708,31154,240926_ML.npy,2026-09-25,2026-09-25 12:54:34.581834,7C79B4,DA42,DIAMOND AIRCRAFT INDUSTRIES,DA 42,39bdee9f90b6bd98b03349508b986744fb6748e703c8d6ef6cfea2b7fe8777f1,True,4
76709,31155,240926_ML.npy,2026-09-25,2026-09-25 12:54:34.585353,7C79B4,DA42,DIAMOND AIRCRAFT INDUSTRIES,DA 42,9aebc240ae769ebd68921d08ba055a0c2014082db0ec789843ad63078a0ee720,True,3
76710,31156,240926_ML.npy,2026-09-25,2026-09-25 12:54:41.494709,7C79B4,DA42,DIAMOND AIRCRAFT INDUSTRIES,DA 42,76316d9ce0c021b10e5954246027599631c4df22a0a0bc0004dacdcf4ec7b1ba,True,3
76711,31157,240926_ML.npy,2026-09-25,2026-09-25 12:55:23.329872,7C79B4,DA42,DIAMOND AIRCRAFT INDUSTRIES,DA 42,f385f3056019172be86813272dc23ea8c3ecc5d00a1ac20442f32b1fb0292628,True,1
76714,31160,240926_ML.npy,2026-09-25,2026-09-25 12:55:28.216833,7C79B4,DA42,DIAMOND AIRCRAFT INDUSTRIES,DA 42,7a8c37c124bab2e20fa65e041649411e86c636256d1c3e183580d36384e199ee,True,5
76717,31163,240926_ML.npy,2026-09-25,2026-09-25 12:55:34.397459,7C79B4,DA42,DIAMOND AIRCRAFT INDUSTRIES,DA 42,76316d9ce0c021b10e5954246027599631c4df22a0a0bc0004dacdcf4ec7b1ba,True,2
76718,31164,240926_ML.npy,2026-09-25,2026-09-25 12:55:34.852864,7C79B4,DA42,DIAMOND AIRCRAFT INDUSTRIES,DA 42,47384ee4102c1d9698ad30ed5c1dd6abb74aab5b7482ee74387e929770e53516,True,2
76719,31165,240926_ML.npy,2026-09-25,2026-09-25 12:55:34.860091,7C79B4,DA42,DIAMOND AIRCRAFT INDUSTRIES,DA 42,2fa0859388a73aca1a0f3001ab780754fa9e59f8a583b7d7ddfbaa3af45adc5a,True,2
76720,31166,240926_ML.npy,2026-09-25,2026-09-25 12:55:35.364963,7C79B4,DA42,DIAMOND AIRCRAFT INDUSTRIES,DA 42,360ae6c6a07139dcda5d10b7ddf65a8997dc571420676cf15ec2d49a970fd07f,True,3
76722,31168,240926_ML.npy,2026-09-25,2026-09-25 12:55:36.777060,7C79B4,DA42,DIAMOND AIRCRAFT INDUSTRIES,DA 42,545e0b41f906b5ba61f913f0d852ac6c59d473933b3bce849a7a67332320f611,True,4
76723,31169,240926_ML.npy,2026-09-25,2026-09-25 12:55:36.784203,7C79B4,DA42,DIAMOND AIRCRAFT INDUSTRIES,DA 42,526e3bfdc6a2d78a4364477231e5f24f3c44537e3d3da667fa7daf9db31baf07,True,3
76725,31171,240926_ML.npy,2026-09-25,2026-09-25 12:55:37.214432,7C79B4,DA42,DIAMOND AIRCRAFT INDUSTRIES,DA 42,526e3bfdc6a2d78a4364477231e5f24f3c44537e3d3da667fa7daf9db31baf07,True,1
76727,31173,240926_ML.npy,2026-09-25,2026-09-25 12:55:41.871771,7C79B4,DA42,DIAMOND AIRCRAFT INDUSTRIES,DA 42,76316d9ce0c021b10e5954246027599631c4df22a0a0bc0004dacdcf4ec7b1ba,True,2
76728,31174,240926_ML.npy,2026-09-25,2026-09-25 12:55:42.800790,7C79B4,DA42,DIAMOND AIRCRAFT INDUSTRIES,DA 42,5ab647e84abe65d84698611354ba846dd283d289bf7a060fb818bdc431b3db4a,True,5
76729,31175,240926_ML.npy,2026-09-25,2026-09-25 12:55:42.957320,7C79B4,DA42,DIAMOND AIRCRAFT INDUSTRIES,DA 42,8e87f51791ca33f5271cf6bba2cbeb1231cd5db713ab5b38058fa9e1edbb5b18,True,2
76731,31177,240926_ML.npy,2026-09-25,2026-09-25 12:55:43.854260,7C79B4,DA42,DIAMOND AIRCRAFT INDUSTRIES,DA 42,28c96bc1500afa427027f963acf901f8d85c1e9b71dd03c83d09dbc643ee5abc,True,4
76732,31178,240926_ML.npy,2026-09-25,2026-09-25 12:55:45.961216,7C79B4,DA42,DIAMOND AIRCRAFT INDUSTRIES,DA 42,3efd49cc03c8fee8f071cc1f61952a81c096a6a32a4c43f1b167a7500309fdce,True,4
76735,31181,240926_ML.npy,2026-09-25,2026-09-25 12:55:51.221646,7C79B4,DA42,DIAMOND AIRCRAFT INDUSTRIES,DA 42,a475d253c5e6ae627e841ebd2f98c37d77a3a6392c4e414891b71bd6b79677f6,True,5
76736,31182,240926_ML.npy,2026-09-25,2026-09-25 12:55:52.511252,7C79B4,DA42,DIAMOND AIRCRAFT INDUSTRIES,DA 42,ae1c25f0bd56a738d586bd08ff4f037d339932cf682fc957bdfb2103fe1991b8,True,3
76737,31183,240926_ML.npy,2026-09-25,2026-09-25 12:55:52.518274,7C79B4,DA42,DIAMOND AIRCRAFT INDUSTRIES,DA 42,1d7fe2acfb8292ea7978e387df36db905eacacc5bd56f2c32b87c68f846916a7,True,1
76738,31184,240926_ML.npy,2026-09-25,2026-09-25 12:55:53.086136,7C79B4,DA42,DIAMOND AIRCRAFT INDUSTRIES,DA 42,1cd4b60f43176b1962b44bc609ae85b1f6187d61014d12947055c95f318a513d,True,2
76739,31185,240926_ML.npy,2026-09-25,2026-09-25 12:55:56.032514,7C79B4,DA42,DIAMOND AIRCRAFT INDUSTRIES,DA 42,816f15f4294600b9787e6eb0edf94dea24847328c1feb52fee35f804477b72eb,True,2
76741,31187,240926_ML.npy,2026-09-25,2026-09-25 12:55:56.753597,7C79B4,DA42,DIAMOND AIRCRAFT INDUSTRIES,DA 42,76316d9ce0c021b10e5954246027599631c4df22a0a0bc0004dacdcf4ec7b1ba,True,3
76743,31189,240926_ML.npy,2026-09-25,2026-09-25 12:55:58.024170,7C79B4,DA42,DIAMOND AIRCRAFT INDUSTRIES,DA 42,5ab647e84abe65d84698611354ba846dd283d289bf7a060fb818bdc431b3db4a,True,5
76746,31192,240926_ML.npy,2026-09-25,2026-09-25 12:56:00.404029,7C79B4,DA42,DIAMOND AIRCRAFT INDUSTRIES,DA 42,4dd184740801e06e527d3a09063277bc3da3f0290bdcfd0dc9e8296c22a68d53,True,4
76749,31195,240926_ML.npy,2026-09-25,2026-09-25 12:56:03.298988,7C79B4,DA42,DIAMOND AIRCRAFT INDUSTRIES,DA 42,a984749a55ef701be780c0956c3b9d4aa1ba596d8adc7e923a5cf5cd2b78fc07,True,1
76751,31197,240926_ML.npy,2026-09-25,2026-09-25 12:56:03.885295,7C79B4,DA42,DIAMOND AIRCRAFT INDUSTRIES,DA 42,deeab68f01151e526d87f5dc5cca8515016d0856ad15590e8c6b3c46f94b980e,True,1
76752,31198,240926_ML.npy,2026-09-25,2026-09-25 12:56:06.701439,7C79B4,DA42,DIAMOND AIRCRAFT INDUSTRIES,DA 42,8bd067b8d623b763f908ef93d53b6030b4ef3dd1472401b84f611c2025b24b72,True,5
76753,31199,240926_ML.npy,2026-09-25,2026-09-25 12:56:07.652437,7C79B4,DA42,DIAMOND AIRCRAFT INDUSTRIES,DA 42,8d069ca7a2e7e314d537949231f82c81a7786fc54d4ddcc1273f293293de0190,True,2
76754,31200,240926_ML.npy,2026-09-25,2026-09-25 12:56:07.659687,7C79B4,DA42,DIAMOND AIRCRAFT INDUSTRIES,DA 42,8c796ff8aa57318e5537cedae21aadd0544f580ea23a029989d9d25495f63bdf,True,2
76755,31201,240926_ML.npy,2026-09-25,2026-09-25 12:56:08.029318,7C79B4,DA42,DIAMOND AIRCRAFT INDUSTRIES,DA 42,5ab647e84abe65d84698611354ba846dd283d289bf7a060fb818bdc431b3db4a,True,1
76756,31202,240926_ML.npy,2026-09-25,2026-09-25 12:56:09.172847,7C79B4,DA42,DIAMOND AIRCRAFT INDUSTRIES,DA 42,75bbe86e05ca32ed9b75999d645f31052e8c896fa8034e2a51932d5f7fda620c,True,4
76757,31203,240926_ML.npy,2026-09-25,2026-09-25 12:56:14.183161,7C79B4,DA42,DIAMOND AIRCRAFT INDUSTRIES,DA 42,7580c2de1997b20beed1ff12ba9c0669eedb3a2e429934a1e75d09cced6a0851,True,3
76760,31206,240926_ML.npy,2026-09-25,2026-09-25 12:56:15.161307,7C79B4,DA42,DIAMOND AIRCRAFT INDUSTRIES,DA 42,9a10405977a2835b545719cae4e89ee565b0ab73014f0f2cc8c49f195e31eeee,True,3
76761,31207,240926_ML.npy,2026-09-25,2026-09-25 12:56:16.034433,7C79B4,DA42,DIAMOND AIRCRAFT INDUSTRIES,DA 42,816f15f4294600b9787e6eb0edf94dea24847328c1feb52fee35f804477b72eb,True,2
76762,31208,240926_ML.npy,2026-09-25,2026-09-25 12:56:21.676639,7C79B4,DA42,DIAMOND AIRCRAFT INDUSTRIES,DA 42,98c1da02364bfbb172cc5ecb74f4cdcbd9ead3bf6e595061600351427671e797,True,2
76764,31210,240926_ML.npy,2026-09-25,2026-09-25 12:56:25.162368,7C79B4,DA42,DIAMOND AIRCRAFT INDUSTRIES,DA 42,1de92164c32cb6fa7b1852b11f616bf72d5f37527c31b7961f9ab13ce235890d,True,1
76854,31300,240926_ML.npy,2026-09-25,2026-09-25 14:32:32.249637,7C79B4,DA42,DIAMOND AIRCRAFT INDUSTRIES,DA 42,6a58d4d38290ee5c2ee5b5627e3b8dcd4212ef75025326debdbd590872ad4a8f,True,3
76855,31301,240926_ML.npy,2026-09-25,2026-09-25 14:32:32.256995,7C79B4,DA42,DIAMOND AIRCRAFT INDUSTRIES,DA 42,b988b4d3cabb6a3857a5bd399721d47b094d0606d85cf4e3470040b8a1041b1e,True,5
76856,31302,240926_ML.npy,2026-09-25,2026-09-25 14:32:49.367435,7C79B4,DA42,DIAMOND AIRCRAFT INDUSTRIES,DA 42,76316d9ce0c021b10e5954246027599631c4df22a0a0bc0004dacdcf4ec7b1ba,True,4
76861,31307,240926_ML.npy,2026-09-25,2026-09-25 14:32:56.297901,7C79B4,DA42,DIAMOND AIRCRAFT INDUSTRIES,DA 42,6081e64f2fe2e9ce4ac0e61a5327fde45f4ae0acc09d5fd129a09b93fa2e08b0,True,3
76862,31308,240926_ML.npy,2026-09-25,2026-09-25 14:32:56.302752,7C79B4,DA42,DIAMOND AIRCRAFT INDUSTRIES,DA 42,0a5d7b77102a735149d355c76102d8ee89fd7c7b764dc27ff912e840ad740bf7,True,3
76863,31309,240926_ML.npy,2026-09-25,2026-09-25 14:32:56.796947,7C79B4,DA42,DIAMOND AIRCRAFT INDUSTRIES,DA 42,44b287d62274ce34c71eb9a022b2749d1eed8fc783fb17244c364ce66b38b0ae,True,5
76864,31310,240926_ML.npy,2026-09-25,2026-09-25 14:32:58.029788,7C79B4,DA42,DIAMOND AIRCRAFT INDUSTRIES,DA 42,44b287d62274ce34c71eb9a022b2749d1eed8fc783fb17244c364ce66b38b0ae,True,1
76870,31316,240926_ML.npy,2026-09-25,2026-09-25 14:33:11.989297,7C79B4,DA42,DIAMOND AIRCRAFT INDUSTRIES,DA 42,9c1023d25d3e5ab1f57891b376ed2574e2745c90357b9d858f84a34698192498,True,3
76874,31320,240926_ML.npy,2026-09-25,2026-09-25 14:33:13.806439,7C79B4,DA42,DIAMOND AIRCRAFT INDUSTRIES,DA 42,80090aa521432a024b43a445cd0eaf0818535865c12d1414c4684a5754a3dab1,True,3
76875,31321,240926_ML.npy,2026-09-25,2026-09-25 14:33:15.441536,7C79B4,DA42,DIAMOND AIRCRAFT INDUSTRIES,DA 42,696e149d23cdf25cff6907913a14c5e0791d7851c0e58ab4006cdebc87e669fb,True,3
76876,31322,240926_ML.npy,2026-09-25,2026-09-25 14:33:17.539527,7C79B4,DA42,DIAMOND AIRCRAFT INDUSTRIES,DA 42,686d23ddcf9096afaa47eeaab548f7a25a8fb09eccfa7ac3c2d663df4fade28e,True,1
76877,31323,240926_ML.npy,2026-09-25,2026-09-25 14:33:17.545836,7C79B4,DA42,DIAMOND AIRCRAFT INDUSTRIES,DA 42,dd0724eb9716e9f14bd7b03ccacf192c7062cc8167df488833efbf0f4695b895,True,4
76878,31324,240926_ML.npy,2026-09-25,2026-09-25 14:33:18.451515,7C79B4,DA42,DIAMOND AIRCRAFT INDUSTRIES,DA 42,5ab647e84abe65d84698611354ba846dd283d289bf7a060fb818bdc431b3db4a,True,3
76879,31325,240926_ML.npy,2026-09-25,2026-09-25 14:33:20.337257,7C79B4,DA42,DIAMOND AIRCRAFT INDUSTRIES,DA 42,3117be7b0994d8ace815c7aca75382dd115f8bbcdb4806fea51253aff8e45e78,True,1
76880,31326,240926_ML.npy,2026-09-25,2026-09-25 14:33:20.340844,7C79B4,DA42,DIAMOND AIRCRAFT INDUSTRIES,DA 42,d9d4da2d581c2e568d04f49a1e0a05a930040001cb8f05c12d7eb35f3c82d217,True,5
76881,31327,240926_ML.npy,2026-09-25,2026-09-25 14:33:21.619997,7C79B4,DA42,DIAMOND AIRCRAFT INDUSTRIES,DA 42,76316d9ce0c021b10e5954246027599631c4df22a0a0bc0004dacdcf4ec7b1ba,True,5
76882,31328,240926_ML.npy,2026-09-25,2026-09-25 14:33:21.717613,7C79B4,DA42,DIAMOND AIRCRAFT INDUSTRIES,DA 42,5db1da8f353314ba91891529580431c5db6e9fdb6af48c374e840be27edc4404,True,2
76885,31331,240926_ML.npy,2026-09-25,2026-09-25 14:33:27.764202,7C79B4,DA42,DIAMOND AIRCRAFT INDUSTRIES,DA 42,d048b1e0d7ebb06619d4e719eab2795f77d96c4d64e85776fe84ea4e22db2079,True,3
76888,31334,240926_ML.npy,2026-09-25,2026-09-25 14:33:31.335312,7C79B4,DA42,DIAMOND AIRCRAFT INDUSTRIES,DA 42,d5ddc103f61d45f5ac8c48f4a0a1d85e0d3a8ce5d1997770ecf40a3162a5dda4,True,3
76890,31336,240926_ML.npy,2026-09-25,2026-09-25 14:33:35.403815,7C79B4,DA42,DIAMOND AIRCRAFT INDUSTRIES,DA 42,fb253a1df81e9c056b166fe7e9a74b254e2e1d6905db47261999c01ae38b3269,True,5
76891,31337,240926_ML.npy,2026-09-25,2026-09-25 14:33:36.506993,7C79B4,DA42,DIAMOND AIRCRAFT INDUSTRIES,DA 42,d048b1e0d7ebb06619d4e719eab2795f77d96c4d64e85776fe84ea4e22db2079,True,4
76892,31338,240926_ML.npy,2026-09-25,2026-09-25 14:33:38.954786,7C79B4,DA42,DIAMOND AIRCRAFT INDUSTRIES,DA 42,39c388d9aec5c40f286b3e4aa477f21d17ba70ba917d38e4d5e568d30605300c,True,2
76896,31342,240926_ML.npy,2026-09-25,2026-09-25 14:33:40.218975,7C79B4,DA42,DIAMOND AIRCRAFT INDUSTRIES,DA 42,d048b1e0d7ebb06619d4e719eab2795f77d96c4d64e85776fe84ea4e22db2079,True,1
76897,31343,240926_ML.npy,2026-09-25,2026-09-25 14:33:40.342630,7C79B4,DA42,DIAMOND AIRCRAFT INDUSTRIES,DA 42,fd2df44b9aa94da8fc8652423baf521973b3c09d63c38122ec0cd23f09f40207,True,5
76900,31346,240926_ML.npy,2026-09-25,2026-09-25 14:33:44.425646,7C79B4,DA42,DIAMOND AIRCRAFT INDUSTRIES,DA 42,cbd5a4632c5aff1d19575bffc50cd93e7d8a477ef7480fb74cbcec83f48741d4,True,3
76902,31348,240926_ML.npy,2026-09-25,2026-09-25 14:33:48.484101,7C79B4,DA42,DIAMOND AIRCRAFT INDUSTRIES,DA 42,5ab647e84abe65d84698611354ba846dd283d289bf7a060fb818bdc431b3db4a,True,4
76904,31350,240926_ML.npy,2026-09-25,2026-09-25 14:33:51.776181,7C79B4,DA42,DIAMOND AIRCRAFT INDUSTRIES,DA 42,6e1295256e5be11155acbad539de501c9da405c0b5d379219991cb98a2e3e82c,True,3
76908,31354,240926_ML.npy,2026-09-25,2026-09-25 14:33:56.546998,7C79B4,DA42,DIAMOND AIRCRAFT INDUSTRIES,DA 42,76316d9ce0c021b10e5954246027599631c4df22a0a0bc0004dacdcf4ec7b1ba,True,4
76909,31355,240926_ML.npy,2026-09-25,2026-09-25 14:34:00.490695,7C79B4,DA42,DIAMOND AIRCRAFT INDUSTRIES,DA 42,d048b1e0d7ebb06619d4e719eab2795f77d96c4d64e85776fe84ea4e22db2079,True,5
76911,31357,240926_ML.npy,2026-09-25,2026-09-25 14:34:04.498350,7C79B4,DA42,DIAMOND AIRCRAFT INDUSTRIES,DA 42,80090aa521432a024b43a445cd0eaf0818535865c12d1414c4684a5754a3dab1,True,3
76912,31358,240926_ML.npy,2026-09-25,2026-09-25 14:34:09.695458,7C79B4,DA42,DIAMOND AIRCRAFT INDUSTRIES,DA 42,80090aa521432a024b43a445cd0eaf0818535865c12d1414c4684a5754a3dab1,True,1
76915,31361,240926_ML.npy,2026-09-25,2026-09-25 14:34:17.086803,7C79B4,DA42,DIAMOND AIRCRAFT INDUSTRIES,DA 42,e8f5c5bfbf9071806025233d3f87c9a4b406d243cf4fc1b86fb4afdf30a34ca5,True,5
76917,31363,240926_ML.npy,2026-09-25,2026-09-25 14:34:19.688264,7C79B4,DA42,DIAMOND AIRCRAFT INDUSTRIES,DA 42,8502d0fc5568e46407c29e98df67746da0777f69b8749beb49a9c80575f6b469,True,2
76921,31367,240926_ML.npy,2026-09-25,2026-09-25 14:34:24.760224,7C79B4,DA42,DIAMOND AIRCRAFT INDUSTRIES,DA 42,f05af3eaa39757489e9879b4a8b6973237b6da0d2e79367138c07663fac40709,True,1
76922,31368,240926_ML.npy,2026-09-25,2026-09-25 14:34:26.822176,7C79B4,DA42,DIAMOND AIRCRAFT INDUSTRIES,DA 42,116a584117723f38a9ed7bfa63ddf7da33ecebfb78ab73aeb10b77980a7f93db,True,5
76924,31370,240926_ML.npy,2026-09-25,2026-09-25 14:34:27.710240,7C79B4,DA42,DIAMOND AIRCRAFT INDUSTRIES,DA 42,6eb7709fab4218f95588de27b2a8746f77c40049ac62a808ad8c781de8ddbcfd,True,2
76925,31371,240926_ML.npy,2026-09-25,2026-09-25 14:34:49.591537,7C79B4,DA42,DIAMOND AIRCRAFT INDUSTRIES,DA 42,76452eed0c3f9bc18ab62e6f27823eebaf9502ea550b2a1e631eb2e37aea793c,True,1
76926,31372,240926_ML.npy,2026-09-25,2026-09-25 14:34:53.117633,7C79B4,DA42,DIAMOND AIRCRAFT INDUSTRIES,DA 42,11a480c04846a5120d4205bf08aabe23a82dd031d47380a333948fa76981c0d6,True,3
76927,31373,240926_ML.npy,2026-09-25,2026-09-25 14:34:53.607533,7C79B4,DA42,DIAMOND AIRCRAFT INDUSTRIES,DA 42,9ecc48c00797d0f0ebe26ff5a3946b483366b8aaad7c41f7686b3c20a13432ac,True,4
76928,31374,240926_ML.npy,2026-09-25,2026-09-25 14:34:54.502078,7C79B4,DA42,DIAMOND AIRCRAFT INDUSTRIES,DA 42,be2487fcfc0f3426a0b0e2aae85b5a0ac48e0f463c06934b2f6b5388382094af,True,2
76931,31377,240926_ML.npy,2026-09-25,2026-09-25 14:34:56.528393,7C79B4,DA42,DIAMOND AIRCRAFT INDUSTRIES,DA 42,f315822778d58230f8e8582395976f95adfb73be601ba54476512fcad876e810,True,1
76982,31428,240926_ML.npy,2026-09-25,2026-09-25 21:48:43.012655,7C6693,DA40,DIAMOND AIRCRAFT INDUSTRIES INC.,DA 40,e4cec2d7c16835c3c01f1fa006f0f7d318ba843f3967f4985dcbdb3f39135a97,True,4
76985,31431,240926_ML.npy,2026-09-25,2026-09-25 21:48:46.330474,7C6693,DA40,DIAMOND AIRCRAFT INDUSTRIES INC.,DA 40,29bad1cf70e38953b1705cd9abd787dd379bd083af5cc094db36ecfd30adb5de,True,1
77004,31450,240926_ML.npy,2026-09-25,2026-09-25 22:19:22.364543,7C7B56,DA40,DIAMOND AIRCRAFT INDUSTRIES INC.,DA 40,e571c4f67ef74b461b840a9a9807bcdb11cda6c6e0d61e7544b71f6fb0b783de,True,2
77019,31465,240926_ML.npy,2026-09-25,2026-09-25 22:19:48.552684,7C7B56,DA40,DIAMOND AIRCRAFT INDUSTRIES INC.,DA 40,7b1edc85ce705f99d3be0ff06ef0b269ace7ebf7a001cc0c32c9ec01b66ae52b,True,3
77329,31775,240926_ML.npy,2026-09-25,2026-09-25 22:37:46.241533,7C168A,DA40,DIAMOND AIRCRAFT INDUSTRIES INC.,DA 40,bb3d3b038557a9253b8dce2fd72a760a87a86d474a2aa029967548176683940a,True,4
77448,31894,240926_ML.npy,2026-09-25,2026-09-25 22:43:15.844344,7C168A,DA40,DIAMOND AIRCRAFT INDUSTRIES INC.,DA 40,7a58ad66521a4c5d0e4c4456b70c1b6b746935a7eb389e16a6a68e6d057e1f95,True,5
77540,31986,240926_ML.npy,2026-09-25,2026-09-25 22:48:32.523666,7C168A,DA40,DIAMOND AIRCRAFT INDUSTRIES INC.,DA 40,924e38fe773572c6ca8a9ffddb7cf7d44056c8aaba388245c972ba62267ad439,True,5
77543,31989,240926_ML.npy,2026-09-25,2026-09-25 22:48:36.683023,7C168A,DA40,DIAMOND AIRCRAFT INDUSTRIES INC.,DA 40,5d7c8318c3e57fb4f8c6397fdbb3fdbf9450841b1ddd117228dd0132bdce2e03,True,3
77638,32084,240926_ML.npy,2026-09-25,2026-09-25 22:53:16.376311,7C168A,DA40,DIAMOND AIRCRAFT INDUSTRIES INC.,DA 40,e4a677e8a663071bd8db5001c1f20df8a81938aae3f04d0a299d8e142590b84c,True,5
77642,32088,240926_ML.npy,2026-09-25,2026-09-25 22:53:21.664358,7C168A,DA40,DIAMOND AIRCRAFT INDUSTRIES INC.,DA 40,7c746abd480452c59088f86cec00ff2c51296d4765141466743a52c6231afe9e,True,5
77654,32100,240926_ML.npy,2026-09-25,2026-09-25 22:53:34.773366,7C168A,DA40,DIAMOND AIRCRAFT INDUSTRIES INC.,DA 40,158b7e1e0245d29e4edc2cb6a408462d2578c331bde082fdfbca65a7c4f5a637,True,2
77657,32103,240926_ML.npy,2026-09-25,2026-09-25 22:53:47.482825,7C168A,DA40,DIAMOND AIRCRAFT INDUSTRIES INC.,DA 40,ca30b4514e8c8e449ef2f6b4109815ddf7a27ad2ac4a1060633dad449b7ead2c,True,2
77704,32150,240926_ML.npy,2026-09-25,2026-09-25 22:58:15.049221,7C168A,DA40,DIAMOND AIRCRAFT INDUSTRIES INC.,DA 40,1f12a57caec65e42e590d2729fff93af553b6b0bd44db80d3139bd931b97e8a1,True,2
77716,32162,240926_ML.npy,2026-09-25,2026-09-25 22:58:43.219567,7C168A,DA40,DIAMOND AIRCRAFT INDUSTRIES INC.,DA 40,9edc49be3e803f20527c41a328b0e03385d92905f08c54140b38e1c83e154ea2,True,2
77717,32163,240926_ML.npy,2026-09-25,2026-09-25 22:58:44.227485,7C168A,DA40,DIAMOND AIRCRAFT INDUSTRIES INC.,DA 40,f59303b0253689c2509121bbf7baeea400b43b628ad7183be9d70e01932236ea,True,1
77725,32171,240926_ML.npy,2026-09-25,2026-09-25 22:59:14.288548,7C1687,DA40,DIAMOND AIRCRAFT INDUSTRIES INC.,DA 40,603292ced811fb0058e1ffc6c41b10f4e515e813d01787f6ed0efc48de6e5c51,True,5
77733,32179,240926_ML.npy,2026-09-25,2026-09-25 22:59:37.534623,7C1687,DA40,DIAMOND AIRCRAFT INDUSTRIES INC.,DA 40,8567d60714930eccb10d194b08e47c93d2e455bdbbf2aebda965912e87b062aa,True,4
77738,32184,240926_ML.npy,2026-09-25,2026-09-25 22:59:41.662314,7C1687,DA40,DIAMOND AIRCRAFT INDUSTRIES INC.,DA 40,a2293767f2c820059ba4aa5651b57cbee29f1ebe710048c6a7b06059d51d5c9b,True,3
77741,32187,240926_ML.npy,2026-09-25,2026-09-25 22:59:47.715513,7C1687,DA40,DIAMOND AIRCRAFT INDUSTRIES INC.,DA 40,bc01a7a4e7f56ec289cf4c3795f31e9d980079791c8b281327c09b1b660240b7,True,1
77746,32192,240926_ML.npy,2026-09-25,2026-09-25 22:59:58.270819,7C1687,DA40,DIAMOND AIRCRAFT INDUSTRIES INC.,DA 40,c73a3f6fa29dabec7e2187d9e73282abd037a19dcf6cc2b9807ac16835b9a5b0,True,4
77758,32204,240926_ML.npy,2026-09-25,2026-09-25 23:01:05.152466,7C0074,C172,CESSNA AIRCRAFT COMPANY,172S,092bc38684b3fbeeca564930767a7fbdb17a9b813f07953c96e957a009420ade,True,3
77766,32212,240926_ML.npy,2026-09-25,2026-09-25 23:01:20.146454,7C0074,C172,CESSNA AIRCRAFT COMPANY,172S,a42781a182d9f9b3c5d82c314af099c4c5a4f781d916c10410f359ae09ca8139,True,3
77768,32214,240926_ML.npy,2026-09-25,2026-09-25 23:01:21.175859,7C0074,C172,CESSNA AIRCRAFT COMPANY,172S,ede697e5873f3e68e9ddc57a15cd4220f2c32010d1e692c3b3f89a65bf838ee3,True,4
77772,32218,240926_ML.npy,2026-09-25,2026-09-25 23:01:25.780177,7C0074,C172,CESSNA AIRCRAFT COMPANY,172S,3972b4ff523573780ef9f1db429c2eb1da0ba19496adc716bb03a36b6b5ab7c3,True,1
77790,32236,240926_ML.npy,2026-09-25,2026-09-25 23:01:41.717322,7C0074,C172,CESSNA AIRCRAFT COMPANY,172S,ee80facf563cfd5fe94830ca45721938658f24415ea9f5ea6025069d709120b9,True,3
77791,32237,240926_ML.npy,2026-09-25,2026-09-25 23:01:44.045451,7C0074,C172,CESSNA AIRCRAFT COMPANY,172S,04c5dd2508c50a6061a1a6bfd0eb1087b5fb8396bd26a3edddbd98bbe886a491,True,3
77807,32253,240926_ML.npy,2026-09-25,2026-09-25 23:02:05.017266,7C0074,C172,CESSNA AIRCRAFT COMPANY,172S,04c5dd2508c50a6061a1a6bfd0eb1087b5fb8396bd26a3edddbd98bbe886a491,True,3
77808,32254,240926_ML.npy,2026-09-25,2026-09-25 23:02:06.293622,7C0074,C172,CESSNA AIRCRAFT COMPANY,172S,8406bd52814ddc048fadf07470c6aab28f6d6bee9be4cd580fed24f966011180,True,4
77810,32256,240926_ML.npy,2026-09-25,2026-09-25 23:02:07.350466,7C0074,C172,CESSNA AIRCRAFT COMPANY,172S,024d839f9800d61b6a4adc9507920a506034577a4172f9a4714ad945f016aa9e,True,5
77815,32261,240926_ML.npy,2026-09-25,2026-09-25 23:02:22.266727,7C0074,C172,CESSNA AIRCRAFT COMPANY,172S,0a2a26a5a8c3247f6c1d0dd20ff0c686cadef6bad4cc2a626eba3a0841928f2d,True,2
77818,32264,240926_ML.npy,2026-09-25,2026-09-25 23:02:34.296063,7C0074,C172,CESSNA AIRCRAFT COMPANY,172S,6bb31820704f70a3c5c5285c8ec4ba5cc0cd59fb629715715f0f91fb9d132663,True,3
77821,32267,240926_ML.npy,2026-09-25,2026-09-25 23:02:50.801278,7C0074,C172,CESSNA AIRCRAFT COMPANY,172S,8d72cb8a88d454970be4f348474b5e31b023bfa2a5469746c79341e53260053a,True,1
77822,32268,240926_ML.npy,2026-09-25,2026-09-25 23:02:57.347621,7C0074,C172,CESSNA AIRCRAFT COMPANY,172S,84d30183f4427c77f1e4c05d728dd20cc5494f2b77da707ed09de2e6215e2e6c,True,1
77828,32274,240926_ML.npy,2026-09-25,2026-09-25 23:03:12.179745,7C0074,C172,CESSNA AIRCRAFT COMPANY,172S,19f679146821541b759879e8bac69c5f8e9da38719b1c8a606b81ffeaf38e8a5,True,2
77830,32276,240926_ML.npy,2026-09-25,2026-09-25 23:03:15.287966,7C0074,C172,CESSNA AIRCRAFT COMPANY,172S,04c5dd2508c50a6061a1a6bfd0eb1087b5fb8396bd26a3edddbd98bbe886a491,True,1
77833,32279,240926_ML.npy,2026-09-25,2026-09-25 23:03:18.732233,7C0074,C172,CESSNA AIRCRAFT COMPANY,172S,df655d0de7282a7fbed546fc1d3ed1acb625e234f5ca87b1feb0be1dce89bf98,True,5
77836,32282,240926_ML.npy,2026-09-25,2026-09-25 23:03:29.148339,7C0074,C172,CESSNA AIRCRAFT COMPANY,172S,b4a2e1215631ebd63717f4fb3f4fc11146329d0d6dc3a8aa2202b25775b41bf5,True,2
77837,32283,240926_ML.npy,2026-09-25,2026-09-25 23:03:34.568841,7C0074,C172,CESSNA AIRCRAFT COMPANY,172S,0a06a7071f933e66cd66613a341f3efb8673d647c85e77ab9f333af2c9a52095,True,3
77838,32284,240926_ML.npy,2026-09-25,2026-09-25 23:03:34.814617,7C0074,C172,CESSNA AIRCRAFT COMPANY,172S,3ce829d796f623bc10b62eec37b1757bce3174127e4aaa92e7bccd065065c308,True,1
77839,32285,240926_ML.npy,2026-09-25,2026-09-25 23:03:39.043314,7C0074,C172,CESSNA AIRCRAFT COMPANY,172S,04c5dd2508c50a6061a1a6bfd0eb1087b5fb8396bd26a3edddbd98bbe886a491,True,5
77842,32288,240926_ML.npy,2026-09-25,2026-09-25 23:03:40.067003,7C0074,C172,CESSNA AIRCRAFT COMPANY,172S,90b192862c51c8aa811a0a89d526e1b1a47a31e8d57e7279ffbf2068b91073f6,True,1
77843,32289,240926_ML.npy,2026-09-25,2026-09-25 23:03:42.166154,7C0074,C172,CESSNA AIRCRAFT COMPANY,172S,3ce829d796f623bc10b62eec37b1757bce3174127e4aaa92e7bccd065065c308,True,5
77844,32290,240926_ML.npy,2026-09-25,2026-09-25 23:03:45.518084,7C0074,C172,CESSNA AIRCRAFT COMPANY,172S,e2843a5c04a19e033105e37a047de1ad749380df0c4fd0cfbfa7101fe09ecb60,True,5
77845,32291,240926_ML.npy,2026-09-25,2026-09-25 23:03:46.416124,7C0074,C172,CESSNA AIRCRAFT COMPANY,172S,5374a18018bcbe7bdfc828a2b98579cf2e18d6f995c7eb37e60372008a19ed98,True,5
77846,32292,240926_ML.npy,2026-09-25,2026-09-25 23:03:46.486968,7C0074,C172,CESSNA AIRCRAFT COMPANY,172S,04c5dd2508c50a6061a1a6bfd0eb1087b5fb8396bd26a3edddbd98bbe886a491,True,4
77857,32303,240926_ML.npy,2026-09-25,2026-09-25 23:04:01.661170,7C168A,DA40,DIAMOND AIRCRAFT INDUSTRIES INC.,DA 40,d0195b59a2c5215ac1290abc150d4316c9ed0115e137666d3d10be9bb72ed43b,True,1
77858,32304,240926_ML.npy,2026-09-25,2026-09-25 23:04:02.129073,7C168A,DA40,DIAMOND AIRCRAFT INDUSTRIES INC.,DA 40,841125c780f31bb7e512e5a164c67585f9c980505dcc0b7d3d41846cc6d54d05,True,1
77860,32306,240926_ML.npy,2026-09-25,2026-09-25 23:04:04.056788,7C168A,DA40,DIAMOND AIRCRAFT INDUSTRIES INC.,DA 40,bd5e80276de8256157bf4ffaee28cc67ed67d4bb4e6c157d8c203835c559cc67,True,1
77864,32310,240926_ML.npy,2026-09-25,2026-09-25 23:04:07.716579,7C168A,DA40,DIAMOND AIRCRAFT INDUSTRIES INC.,DA 40,e6097dcc055f8776ed4ef4aa1d4cc304904ccde1476642f56c05705e3f3f0bed,True,3
77866,32312,240926_ML.npy,2026-09-25,2026-09-25 23:04:09.310809,7C168A,DA40,DIAMOND AIRCRAFT INDUSTRIES INC.,DA 40,161243c6443eb5452d9de68f0745b7be236a35249425d5f431faf71e5b922350,True,4
77878,32324,240926_ML.npy,2026-09-25,2026-09-25 23:04:24.365643,7C168A,DA40,DIAMOND AIRCRAFT INDUSTRIES INC.,DA 40,8d07709911b255d103364e32787cd8bbd51d239c3c27b362a5f49415b1c24929,True,3
77892,32338,240926_ML.npy,2026-09-25,2026-09-25 23:06:18.942252,7C0074,C172,CESSNA AIRCRAFT COMPANY,172S,155ff892eebc3095df83f7d974b6e0a741773b3c8dafdadabb88317c4ccc9699,True,3
77899,32345,240926_ML.npy,2026-09-25,2026-09-25 23:06:24.794954,7C0074,C172,CESSNA AIRCRAFT COMPANY,172S,e121f8755d00ff1a7b534d118d0af013bbd63b217eee4de8a5988a3a31c43fd0,True,3
77907,32353,240926_ML.npy,2026-09-25,2026-09-25 23:06:34.332857,7C0074,C172,CESSNA AIRCRAFT COMPANY,172S,3e59e47acb4c48618f9c4b7a710f22048ec01df485bd73aa68897385f2af974d,True,5
77909,32355,240926_ML.npy,2026-09-25,2026-09-25 23:06:35.525597,7C0074,C172,CESSNA AIRCRAFT COMPANY,172S,04c5dd2508c50a6061a1a6bfd0eb1087b5fb8396bd26a3edddbd98bbe886a491,True,2
77919,32365,240926_ML.npy,2026-09-25,2026-09-25 23:06:41.425278,7C79B4,DA42,DIAMOND AIRCRAFT INDUSTRIES,DA 42,cbabee424174790f6e10e7aeddb96fb966e0ae75e525139d4da06eee74d7434d,True,1
77922,32368,240926_ML.npy,2026-09-25,2026-09-25 23:06:42.431402,7C79B4,DA42,DIAMOND AIRCRAFT INDUSTRIES,DA 42,97b97ef6ab5a9d30dd2601167ce09920784d242f3f833a99a68db02453f7b774,True,3
77923,32369,240926_ML.npy,2026-09-25,2026-09-25 23:06:42.437189,7C79B4,DA42,DIAMOND AIRCRAFT INDUSTRIES,DA 42,4657089abb3f7b5cacb8768aaa4747917c237c040c4178a5b821d87d074e5a1b,True,2
77924,32370,240926_ML.npy,2026-09-25,2026-09-25 23:06:42.705653,7C79B4,DA42,DIAMOND AIRCRAFT INDUSTRIES,DA 42,80090aa521432a024b43a445cd0eaf0818535865c12d1414c4684a5754a3dab1,True,5
77927,32373,240926_ML.npy,2026-09-25,2026-09-25 23:06:46.059571,7C79B4,DA42,DIAMOND AIRCRAFT INDUSTRIES,DA 42,b0a627213b1e0dba1419beb7a1497e1a1349e59ba1d4fd42c13ad6cef3bfa18e,True,5
77928,32374,240926_ML.npy,2026-09-25,2026-09-25 23:06:46.130206,7C0074,C172,CESSNA AIRCRAFT COMPANY,172S,7f9e929ef3e56f3c5e50e9175fad33c66974eef6c5f987589253a43ae82e4a82,True,5
77933,32379,240926_ML.npy,2026-09-25,2026-09-25 23:06:49.589868,7C0074,C172,CESSNA AIRCRAFT COMPANY,172S,4ca61bbf72efc0a3ce449991b900057093c83ce0635c1478db0f11f4f7876d11,True,3
77934,32380,240926_ML.npy,2026-09-25,2026-09-25 23:06:51.222358,7C79B4,DA42,DIAMOND AIRCRAFT INDUSTRIES,DA 42,cb71c61710941e6c2e878fb829b125c8537c06d353eb7f4d503627b2106991a2,True,4
77935,32381,240926_ML.npy,2026-09-25,2026-09-25 23:06:51.225908,7C79B4,DA42,DIAMOND AIRCRAFT INDUSTRIES,DA 42,a9c6746876494f04e3628ca6bbe1b538ea5a8bfb6911fdf1957d727facc27dcd,True,2
77941,32387,240926_ML.npy,2026-09-25,2026-09-25 23:06:54.004721,7C0074,C172,CESSNA AIRCRAFT COMPANY,172S,5eb056a73202f026d233bda41cceca2eb4146c6141e311b9ca9f7fa3ee6ddbe4,True,4
77945,32391,240926_ML.npy,2026-09-25,2026-09-25 23:06:54.629417,7C79B4,DA42,DIAMOND AIRCRAFT INDUSTRIES,DA 42,33a5a5a8d980c515bc1207a26ca393610d2f2949f7fa85c0e8a6a7d8370fb864,True,2
77946,32392,240926_ML.npy,2026-09-25,2026-09-25 23:06:54.635261,7C79B4,DA42,DIAMOND AIRCRAFT INDUSTRIES,DA 42,d322905c339a8ff422cad0d46848e9af56f2e731b061b3bb54960cd732c85461,True,1
77949,32395,240926_ML.npy,2026-09-25,2026-09-25 23:06:56.791367,7C79B4,DA42,DIAMOND AIRCRAFT INDUSTRIES,DA 42,a92d420494237639d60d23b9a6ccf0ed6d8544b731a3de8d26e259b68e366a13,True,1
77951,32397,240926_ML.npy,2026-09-25,2026-09-25 23:06:57.656285,7C79B4,DA42,DIAMOND AIRCRAFT INDUSTRIES,DA 42,80090aa521432a024b43a445cd0eaf0818535865c12d1414c4684a5754a3dab1,True,1
77954,32400,240926_ML.npy,2026-09-25,2026-09-25 23:07:00.132005,7C79B4,DA42,DIAMOND AIRCRAFT INDUSTRIES,DA 42,e11200388066331e240a2f24ebbc310a73301d8d11fad01593debcb6838872d1,True,2
77959,32405,240926_ML.npy,2026-09-25,2026-09-25 23:07:03.778133,7C79B4,DA42,DIAMOND AIRCRAFT INDUSTRIES,DA 42,47f742c203571bc1e54c04643e79e48713f8f9c4ef6d47b6c91d41a9ca8775ea,True,1
77960,32406,240926_ML.npy,2026-09-25,2026-09-25 23:07:04.729480,7C79B4,DA42,DIAMOND AIRCRAFT INDUSTRIES,DA 42,b0a627213b1e0dba1419beb7a1497e1a1349e59ba1d4fd42c13ad6cef3bfa18e,True,5
77966,32412,240926_ML.npy,2026-09-25,2026-09-25 23:07:11.191669,7C79B4,DA42,DIAMOND AIRCRAFT INDUSTRIES,DA 42,2822aba501f9989bc1c408a916c722fce9a108e1428ae686fa7703eba3a7ed6b,True,3
77968,32414,240926_ML.npy,2026-09-25,2026-09-25 23:07:12.733493,7C79B4,DA42,DIAMOND AIRCRAFT INDUSTRIES,DA 42,80090aa521432a024b43a445cd0eaf0818535865c12d1414c4684a5754a3dab1,True,4
77971,32417,240926_ML.npy,2026-09-25,2026-09-25 23:07:13.193774,7C0074,C172,CESSNA AIRCRAFT COMPANY,172S,32724647d1fca3905951bdd5c542aa58016bb3f4f11e70486da752b5c6dd6c72,True,4
77973,32419,240926_ML.npy,2026-09-25,2026-09-25 23:07:15.400787,7C79B4,DA42,DIAMOND AIRCRAFT INDUSTRIES,DA 42,e11200388066331e240a2f24ebbc310a73301d8d11fad01593debcb6838872d1,True,2
77975,32421,240926_ML.npy,2026-09-25,2026-09-25 23:07:15.753668,7C79B4,DA42,DIAMOND AIRCRAFT INDUSTRIES,DA 42,7c5ea5c1d472b400df99eb3cb31a449a84601fd0ecdc8b7576fbab76d284a247,True,4
77976,32422,240926_ML.npy,2026-09-25,2026-09-25 23:07:16.203759,7C0074,C172,CESSNA AIRCRAFT COMPANY,172S,976503016d5c665f8473bf214ed2d2caffef23bfff0437fc180c3b57dd0def7a,True,4
77979,32425,240926_ML.npy,2026-09-25,2026-09-25 23:07:17.875412,7C79B4,DA42,DIAMOND AIRCRAFT INDUSTRIES,DA 42,2be22857c731ec8c610be7664b2eed4dc5d3b4c4e8d43d4a6906f6d1b11b8deb,True,5
77982,32428,240926_ML.npy,2026-09-25,2026-09-25 23:07:22.323421,7C79B4,DA42,DIAMOND AIRCRAFT INDUSTRIES,DA 42,76316d9ce0c021b10e5954246027599631c4df22a0a0bc0004dacdcf4ec7b1ba,True,5
77985,32431,240926_ML.npy,2026-09-25,2026-09-25 23:07:23.666664,7C79B4,DA42,DIAMOND AIRCRAFT INDUSTRIES,DA 42,b41130d7eb8a64c82e7f5db101bf7d065fe8ede3ebf4591df0c5d7f5a5661a57,True,3
77989,32435,240926_ML.npy,2026-09-25,2026-09-25 23:07:45.382990,7C0077,DA40,DIAMOND AIRCRAFT INDUSTRIES INC.,DA 40,0fab468b39ac782ea4953f0c63e1b018b36cf007774c408121b02f7da70669b1,True,1
78008,32454,240926_ML.npy,2026-09-25,2026-09-25 23:08:07.789576,7C0077,DA40,DIAMOND AIRCRAFT INDUSTRIES INC.,DA 40,2044b35413a9e1231d539a23979aec38c33b64eb1d9d4e928965473008b76cfe,True,3
78021,32467,240926_ML.npy,2026-09-25,2026-09-25 23:08:17.875079,7C0074,C172,CESSNA AIRCRAFT COMPANY,172S,85cbabcedab4b7c1beb9e0292e9c7a08b0f2cc764461e490a62eb692f79897ab,True,3
78025,32471,240926_ML.npy,2026-09-25,2026-09-25 23:08:22.824038,7C0074,C172,CESSNA AIRCRAFT COMPANY,172S,5bb2518c77a08adb3ea49521ca8421ea03609e5bb359ea2a9e11f5302be6946a,True,2
78031,32477,240926_ML.npy,2026-09-25,2026-09-25 23:08:39.520899,7C0074,C172,CESSNA AIRCRAFT COMPANY,172S,7069de4ce4e1073a9f682fef8ecd28e15f65c302daad21e16721907a1fd6d882,True,4
78037,32483,240926_ML.npy,2026-09-25,2026-09-25 23:08:42.181733,7C0074,C172,CESSNA AIRCRAFT COMPANY,172S,3ce829d796f623bc10b62eec37b1757bce3174127e4aaa92e7bccd065065c308,True,5
78038,32484,240926_ML.npy,2026-09-25,2026-09-25 23:08:43.064124,7C0074,C172,CESSNA AIRCRAFT COMPANY,172S,8406bd52814ddc048fadf07470c6aab28f6d6bee9be4cd580fed24f966011180,True,5
78039,32485,240926_ML.npy,2026-09-25,2026-09-25 23:08:43.938200,7C0074,C172,CESSNA AIRCRAFT COMPANY,172S,cf56b76099f3e5683844d8eb9df2a8a087d47e2c390ccda93cb1b09971302c59,True,1
78042,32488,240926_ML.npy,2026-09-25,2026-09-25 23:08:46.441106,7C0074,C172,CESSNA AIRCRAFT COMPANY,172S,24269f1a0181cbd5be7e99eabe04cd382a8b0a8f9397e0b4bd18108f0073ae46,True,4
78048,32494,240926_ML.npy,2026-09-25,2026-09-25 23:08:54.805261,7C0074,C172,CESSNA AIRCRAFT COMPANY,172S,7c976bf4069f6f0a50fd3d215370eb1dad88d0f133e2da0473c4ff3e7ba99139,True,3
78077,32523,240926_ML.npy,2026-09-25,2026-09-25 23:09:29.980317,7C168A,DA40,DIAMOND AIRCRAFT INDUSTRIES INC.,DA 40,4e400d67be057319e5cc6272ec89f74e853031932df7a522599d007ddc88e434,True,3
78078,32524,240926_ML.npy,2026-09-25,2026-09-25 23:09:31.576024,7C168A,DA40,DIAMOND AIRCRAFT INDUSTRIES INC.,DA 40,c87ababb931fc5f03ccb462409e7cc281324319a13cc127fe4b7c0e07bdd67e8,True,4
78087,32533,240926_ML.npy,2026-09-25,2026-09-25 23:11:06.983612,7C0074,C172,CESSNA AIRCRAFT COMPANY,172S,3ea40de3778d14977b283deff9ed6e1fb841ce24adda57529be5b7fe304635d5,True,5
78088,32534,240926_ML.npy,2026-09-25,2026-09-25 23:11:07.822926,7C0074,C172,CESSNA AIRCRAFT COMPANY,172S,9b5252e627baa37c7b8db692e9ec9174afac6d843e0a930d9a3255bbac896189,True,4
78108,32554,240926_ML.npy,2026-09-25,2026-09-25 23:11:33.624139,7C0074,C172,CESSNA AIRCRAFT COMPANY,172S,04c5dd2508c50a6061a1a6bfd0eb1087b5fb8396bd26a3edddbd98bbe886a491,True,1
78122,32568,240926_ML.npy,2026-09-25,2026-09-25 23:11:59.315053,7C0074,C172,CESSNA AIRCRAFT COMPANY,172S,3ce829d796f623bc10b62eec37b1757bce3174127e4aaa92e7bccd065065c308,True,5
78135,32581,240926_ML.npy,2026-09-25,2026-09-25 23:13:13.757401,7C0074,C172,CESSNA AIRCRAFT COMPANY,172S,3ce829d796f623bc10b62eec37b1757bce3174127e4aaa92e7bccd065065c308,True,1
78137,32583,240926_ML.npy,2026-09-25,2026-09-25 23:13:21.734288,7C0074,C172,CESSNA AIRCRAFT COMPANY,172S,99b8b83437caa7fec7d8737660482f0129c9e1f10f18b6420437aed49274aa19,True,5
78139,32585,240926_ML.npy,2026-09-25,2026-09-25 23:13:26.306631,7C0074,C172,CESSNA AIRCRAFT COMPANY,172S,c6f169346b413f1f7c8813bb7b74031f9d2dd149791c3127f3206f413ab887ac,True,2
78140,32586,240926_ML.npy,2026-09-25,2026-09-25 23:13:26.314823,7C0074,C172,CESSNA AIRCRAFT COMPANY,172S,0854d83f1758a07588c14d1bd55e7b754361cbac28637baca5f1d4815c7f8fdc,True,2
78141,32587,240926_ML.npy,2026-09-25,2026-09-25 23:13:26.681035,7C0074,C172,CESSNA AIRCRAFT COMPANY,172S,976503016d5c665f8473bf214ed2d2caffef23bfff0437fc180c3b57dd0def7a,True,4
78142,32588,240926_ML.npy,2026-09-25,2026-09-25 23:13:27.360116,7C0074,C172,CESSNA AIRCRAFT COMPANY,172S,04c5dd2508c50a6061a1a6bfd0eb1087b5fb8396bd26a3edddbd98bbe886a491,True,1
78148,32594,240926_ML.npy,2026-09-25,2026-09-25 23:13:43.643725,7C0074,C172,CESSNA AIRCRAFT COMPANY,172S,cdf7057fcf0d8cc2ba45374335e17e68dfc521eb2cc6253b5fac80a4a401be20,True,2
78155,32601,240926_ML.npy,2026-09-25,2026-09-25 23:14:11.227876,7C168A,DA40,DIAMOND AIRCRAFT INDUSTRIES INC.,DA 40,7aa594f6f647cd61e9270e0ee30f951e4c3e5bb745253ae5f3be18d6981b2f67,True,2
78164,32610,240926_ML.npy,2026-09-25,2026-09-25 23:14:37.362667,7C168A,DA40,DIAMOND AIRCRAFT INDUSTRIES INC.,DA 40,d3756f7c7af22a639675e6b3ca8dc9ebb00378a1043d3b4a1dd29bf6225e7e0d,True,2
78165,32611,240926_ML.npy,2026-09-25,2026-09-25 23:14:37.438700,7C168A,DA40,DIAMOND AIRCRAFT INDUSTRIES INC.,DA 40,7949c42e166c69490f494b2d3e7d2a833650eeb1b642a397abd43feb45959f40,True,2
78176,32622,240926_ML.npy,2026-09-25,2026-09-25 23:16:00.134014,7C0074,C172,CESSNA AIRCRAFT COMPANY,172S,39aca7c0e9d589fd11fed689df08ac5441aa3c959900bbcb6691a01f562a5953,True,5
78177,32623,240926_ML.npy,2026-09-25,2026-09-25 23:16:01.167148,7C0074,C172,CESSNA AIRCRAFT COMPANY,172S,89b13f80bd31f005a5ab3fa9ca8faed4201ca7d3bbe33deece7250f079b82202,True,3
78178,32624,240926_ML.npy,2026-09-25,2026-09-25 23:16:02.389535,7C0074,C172,CESSNA AIRCRAFT COMPANY,172S,04c5dd2508c50a6061a1a6bfd0eb1087b5fb8396bd26a3edddbd98bbe886a491,True,1
78180,32626,240926_ML.npy,2026-09-25,2026-09-25 23:16:04.672571,7C0074,C172,CESSNA AIRCRAFT COMPANY,172S,961250fa9559cf35c670142ead19afedbde2b60fc05a39fff1adb728b261a288,True,4
78185,32631,240926_ML.npy,2026-09-25,2026-09-25 23:16:10.140333,7C0074,C172,CESSNA AIRCRAFT COMPANY,172S,30692d39fd0ff9b1d15148fb06fa11edf1c440130a190c00cac04b5282f98044,True,3
78187,32633,240926_ML.npy,2026-09-25,2026-09-25 23:16:11.608013,7C168A,DA40,DIAMOND AIRCRAFT INDUSTRIES INC.,DA 40,27a9db43649b5bb10665964b5b55dc160374d9d2a161c30dcb775d39e647e118,True,2
78193,32639,240926_ML.npy,2026-09-25,2026-09-25 23:16:17.097608,7C0074,C172,CESSNA AIRCRAFT COMPANY,172S,4aec9bbaca15296caab46009df21fedff4d748be6e6fd884bd46ecef06ee38bd,True,4
78196,32642,240926_ML.npy,2026-09-25,2026-09-25 23:16:19.031939,7C0074,C172,CESSNA AIRCRAFT COMPANY,172S,124f5d5936a5651b06b5fa12a5f82e0c3817547774cf086c58d795941cd39cb5,True,2
78203,32649,240926_ML.npy,2026-09-25,2026-09-25 23:16:29.448117,7C0074,C172,CESSNA AIRCRAFT COMPANY,172S,afc0e6b57314f52181ce526d9018b6feeb1c1d000ef2caadd4467705fd69cf63,True,3
78215,32661,240926_ML.npy,2026-09-25,2026-09-25 23:16:39.810579,7C0074,C172,CESSNA AIRCRAFT COMPANY,172S,b1820a9c8bfbca8541d1e0d88bb6a0b879e92d02404c9fe951c65564a8ce1cf6,True,4
78229,32675,240926_ML.npy,2026-09-25,2026-09-25 23:17:45.420214,7C0074,C172,CESSNA AIRCRAFT COMPANY,172S,3d6af6325915a836c2685e5f183704c058b45243cd22344f655240f259243b0a,True,5
78237,32683,240926_ML.npy,2026-09-25,2026-09-25 23:17:53.138912,7C0074,C172,CESSNA AIRCRAFT COMPANY,172S,1d70567f89c9e79cc767bde639bf2730b605045fb02b850a626b0593e20b7dc5,True,4
78240,32686,240926_ML.npy,2026-09-25,2026-09-25 23:17:54.556706,7C0074,C172,CESSNA AIRCRAFT COMPANY,172S,856a775a9c7de0561415676e542c4de631c88e84658e79d38a2e5c7eb3a32746,True,1
78279,32725,240926_ML.npy,2026-09-25,2026-09-25 23:18:29.906005,7C0074,C172,CESSNA AIRCRAFT COMPANY,172S,27db0aeca3d078e2617aba18ff1e31d655a24521c4a37cff8ee0a23bfad5d00d,True,3
78313,32759,240926_ML.npy,2026-09-25,2026-09-25 23:20:36.430725,7C0074,C172,CESSNA AIRCRAFT COMPANY,172S,731c7155c05618e858b4a6105e508b7a003ced8283d56a3a5b99b6b16a88605b,True,1
78326,32772,240926_ML.npy,2026-09-25,2026-09-25 23:20:46.375483,7C0074,C172,CESSNA AIRCRAFT COMPANY,172S,d3de7bda68022e8b84f473c05c7a3f358d4eedd453093e09396222a11818d91d,True,3
78331,32777,240926_ML.npy,2026-09-25,2026-09-25 23:20:50.089741,7C7B65,DA40,DIAMOND AIRCRAFT INDUSTRIES INC.,DA 40,0a069c70e0b8fa61b4c2ba168ea836f6b62119565304f7891e8c6e2d000b6e8d,True,5
78332,32778,240926_ML.npy,2026-09-25,2026-09-25 23:20:51.175791,7C0074,C172,CESSNA AIRCRAFT COMPANY,172S,4c279429e1a88a7f5b15d79f7a53c9f51923e2b4a5942c017628797ec409c435,True,1
78334,32780,240926_ML.npy,2026-09-25,2026-09-25 23:20:51.876484,7C0074,C172,CESSNA AIRCRAFT COMPANY,172S,976503016d5c665f8473bf214ed2d2caffef23bfff0437fc180c3b57dd0def7a,True,4
78335,32781,240926_ML.npy,2026-09-25,2026-09-25 23:20:53.215048,7C0074,C172,CESSNA AIRCRAFT COMPANY,172S,04c5dd2508c50a6061a1a6bfd0eb1087b5fb8396bd26a3edddbd98bbe886a491,True,5
78338,32784,240926_ML.npy,2026-09-25,2026-09-25 23:20:53.623848,7C0074,C172,CESSNA AIRCRAFT COMPANY,172S,e0ba79c64fc1f8e53eb8d4d2f69b5f796fdea1f4a991c3a7c0da6e5473c3cbfd,True,1
78341,32787,240926_ML.npy,2026-09-25,2026-09-25 23:20:55.003375,7C7B65,DA40,DIAMOND AIRCRAFT INDUSTRIES INC.,DA 40,2d547b3c60bfd1c98eb82ae5cc159dca4e3f8bf6da5408d4f3be2607357ca1ff,True,2
78349,32795,240926_ML.npy,2026-09-25,2026-09-25 23:21:03.114368,7C0074,C172,CESSNA AIRCRAFT COMPANY,172S,04c5dd2508c50a6061a1a6bfd0eb1087b5fb8396bd26a3edddbd98bbe886a491,True,1
78351,32797,240926_ML.npy,2026-09-25,2026-09-25 23:21:04.821623,7C0074,C172,CESSNA AIRCRAFT COMPANY,172S,3ce829d796f623bc10b62eec37b1757bce3174127e4aaa92e7bccd065065c308,True,1
78356,32802,240926_ML.npy,2026-09-25,2026-09-25 23:21:07.330048,7C0074,C172,CESSNA AIRCRAFT COMPANY,172S,3ce829d796f623bc10b62eec37b1757bce3174127e4aaa92e7bccd065065c308,True,4
78375,32821,240926_ML.npy,2026-09-25,2026-09-25 23:21:17.497892,7C0074,C172,CESSNA AIRCRAFT COMPANY,172S,84064bda35b64208373d6f250622528c60f981d876b39665ec910341b1f3b2c2,True,5
78379,32825,240926_ML.npy,2026-09-25,2026-09-25 23:21:19.643108,7C0074,C172,CESSNA AIRCRAFT COMPANY,172S,e2444d41ffdd9ec3ae402627cf40f57f71a03b34faed63343be27620ffadb214,True,1
78383,32829,240926_ML.npy,2026-09-25,2026-09-25 23:21:24.951350,7C0074,C172,CESSNA AIRCRAFT COMPANY,172S,3bb3d5ba1685cd404738d398545e7c6db8ff28ff4d9b86042911eeb632e2162e,True,3
78385,32831,240926_ML.npy,2026-09-25,2026-09-25 23:21:25.481710,7C0074,C172,CESSNA AIRCRAFT COMPANY,172S,4abe11b844aa6f4510ae4a314ac768c5c9c5ee7cc8a31e35e083258e877c7ad3,True,1
78393,32839,240926_ML.npy,2026-09-25,2026-09-25 23:21:29.340110,7C0074,C172,CESSNA AIRCRAFT COMPANY,172S,04c5dd2508c50a6061a1a6bfd0eb1087b5fb8396bd26a3edddbd98bbe886a491,True,3
78394,32840,240926_ML.npy,2026-09-25,2026-09-25 23:21:30.187850,7C0074,C172,CESSNA AIRCRAFT COMPANY,172S,e4967da65b087fb071490f6ba0ada6eaf011d97ec51e234a847609fefa6de940,True,4
78400,32846,240926_ML.npy,2026-09-25,2026-09-25 23:21:33.383300,7C6C18,C172,CESSNA AIRCRAFT COMPANY,172S,f23f34945f6c81b2c4815a2326f75d606ed94a46b38b509ffed0eeee881567c9,True,3
78406,32852,240926_ML.npy,2026-09-25,2026-09-25 23:21:41.082130,7C6C18,C172,CESSNA AIRCRAFT COMPANY,172S,429ed2ae5ed27ec7a6968167b000918c475b56a0d1274b44ce9c6570b29d5820,True,1
78412,32858,240926_ML.npy,2026-09-25,2026-09-25 23:21:46.072895,7C6C18,C172,CESSNA AIRCRAFT COMPANY,172S,58c4fd3638417241e0fd8dd7a0c6060778e6d828a959b963f753e13ac4fb1bb9,True,5
78418,32864,240926_ML.npy,2026-09-25,2026-09-25 23:21:48.392429,7C0074,C172,CESSNA AIRCRAFT COMPANY,172S,201020771b17ee6f5db89a3e367085da12373fbb8475684c553425bd814e9dab,True,5
78426,32872,240926_ML.npy,2026-09-25,2026-09-25 23:21:53.532480,7C6C18,C172,CESSNA AIRCRAFT COMPANY,172S,f23f34945f6c81b2c4815a2326f75d606ed94a46b38b509ffed0eeee881567c9,True,3
78429,32875,240926_ML.npy,2026-09-25,2026-09-25 23:21:58.401952,7C6C18,C172,CESSNA AIRCRAFT COMPANY,172S,f23f34945f6c81b2c4815a2326f75d606ed94a46b38b509ffed0eeee881567c9,True,4
78430,32876,240926_ML.npy,2026-09-25,2026-09-25 23:21:59.201102,7C0074,C172,CESSNA AIRCRAFT COMPANY,172S,ed2ce04a366059d5c791f664e92652cd0039ca304e4f7cf23b13d9b1887bf05e,True,4
78435,32881,240926_ML.npy,2026-09-25,2026-09-25 23:22:04.011852,7C6C18,C172,CESSNA AIRCRAFT COMPANY,172S,ced22bd6f3d3c718115f85176f2267c23c3de577f4a940b4aeddde3feba8aa52,True,4
78443,32889,240926_ML.npy,2026-09-25,2026-09-25 23:22:16.695110,7C6C18,C172,CESSNA AIRCRAFT COMPANY,172S,203f99fc5ce3a09610df6060ca908e496d451043719572c6b25efbe7ae9cf6e2,True,4
78456,32902,240926_ML.npy,2026-09-25,2026-09-25 23:22:30.492595,7C0074,C172,CESSNA AIRCRAFT COMPANY,172S,51a39d6fc3ffee7dd0afe2c1d3fe5583146549ebb82f54b9de2e159186a3f16a,True,3
78459,32905,240926_ML.npy,2026-09-25,2026-09-25 23:22:33.305587,7C0074,C172,CESSNA AIRCRAFT COMPANY,172S,ceee94a1b37d4aaca547a119eb1b6ff7e76b23fd2a6f0f5abef0657c755ca84e,True,4
78462,32908,240926_ML.npy,2026-09-25,2026-09-25 23:22:48.885126,7C0074,C172,CESSNA AIRCRAFT COMPANY,172S,c1aefbf4e6370bbff59043313515fcba39cef78ac116c94ac80d60519af8e80d,True,1
78463,32909,240926_ML.npy,2026-09-25,2026-09-25 23:22:53.630237,7C6C18,C172,CESSNA AIRCRAFT COMPANY,172S,7914f14f2c61b83bbfff38b23c7f26fb941ad24c3e1522568937dfb7b42102fd,True,4
78468,32914,240926_ML.npy,2026-09-25,2026-09-25 23:22:57.014512,7C0074,C172,CESSNA AIRCRAFT COMPANY,172S,3478edc3a7c2105817dd2f6d0e780287f7d0719791ecd777d9e33d782df740ee,True,2
78470,32916,240926_ML.npy,2026-09-25,2026-09-25 23:22:59.089378,7C0074,C172,CESSNA AIRCRAFT COMPANY,172S,e5281055abe41f7516a8ce22481d432b36c2f9cd213e44928ecbd22404a9ff54,True,1
78471,32917,240926_ML.npy,2026-09-25,2026-09-25 23:23:01.203933,7C0074,C172,CESSNA AIRCRAFT COMPANY,172S,70d8f5fa2933f39c5e37ed61df82548a128804bfc546a42d840b878cf9a7d325,True,3
78501,32947,240926_ML.npy,2026-09-25,2026-09-25 23:23:51.941088,7C6C18,C172,CESSNA AIRCRAFT COMPANY,172S,0f949f5bbc17d1e0130edd59e30dc3904223f72489fd5d4a5eaf6dabcc131042,True,2
78508,32954,240926_ML.npy,2026-09-25,2026-09-25 23:23:55.471842,7C6C18,C172,CESSNA AIRCRAFT COMPANY,172S,7d8ff3360a5484a67f408a146d2e63b3e68f1b2621b3f8eea1b46f72297020b5,True,1
78518,32964,240926_ML.npy,2026-09-25,2026-09-25 23:24:47.146959,7C0074,C172,CESSNA AIRCRAFT COMPANY,172S,3dd7751010edc3ae33f925e2fff88625dee61359fa2bf5069bc1504db511120c,True,1
78519,32965,240926_ML.npy,2026-09-25,2026-09-25 23:24:47.150741,7C0074,C172,CESSNA AIRCRAFT COMPANY,172S,16770b6c3c6c76197ba89667cab4653a6c69ea89e100753249971e363933b84d,True,4
78520,32966,240926_ML.npy,2026-09-25,2026-09-25 23:24:48.266016,7C0074,C172,CESSNA AIRCRAFT COMPANY,172S,8a6a1d18af0f0705fc55aa648e294c259315013ab0b1316b1f4a24bce5f891dc,True,5
78526,32972,240926_ML.npy,2026-09-25,2026-09-25 23:24:56.192792,7C0074,C172,CESSNA AIRCRAFT COMPANY,172S,22b137b6345eec743d2d78398aea4eb9b192337b2d5ba1a97daa250adcd460a4,True,3
78527,32973,240926_ML.npy,2026-09-25,2026-09-25 23:24:56.197186,7C0074,C172,CESSNA AIRCRAFT COMPANY,172S,78c782d9db5c5a2e008e65fbe7abd1a3a9b2b2538d646a7a9b9f865043128ec4,True,1
78530,32976,240926_ML.npy,2026-09-25,2026-09-25 23:25:01.755154,7C0074,C172,CESSNA AIRCRAFT COMPANY,172S,6ccb3958fe3d6d958cc116d349ca0128962663c396413f1e95b06a79c57de8a0,True,1
78531,32977,240926_ML.npy,2026-09-25,2026-09-25 23:25:01.760268,7C0074,C172,CESSNA AIRCRAFT COMPANY,172S,8f58a886155b4d7e313f358825aeed8f0d0d47b0515a7494ab96b1030ed43ce9,True,5
78535,32981,240926_ML.npy,2026-09-25,2026-09-25 23:25:04.979658,7C0074,C172,CESSNA AIRCRAFT COMPANY,172S,1c9c57bfd06b5cbce5c5c6c4569a12a2724c6311b910178fe6b356b5e65b65bd,True,2
78540,32986,240926_ML.npy,2026-09-25,2026-09-25 23:25:08.834654,7C0074,C172,CESSNA AIRCRAFT COMPANY,172S,c9bcef23678ca1fef58e3ecbdfb2dc41597a838fb9c7c1b3ef969e17ab1fdbd8,True,2
78541,32987,240926_ML.npy,2026-09-25,2026-09-25 23:25:08.839590,7C0074,C172,CESSNA AIRCRAFT COMPANY,172S,b4e616340fa682d16baaf71f700863dd6852361bbf2d814bf46de5961f02d257,True,2
78545,32991,240926_ML.npy,2026-09-25,2026-09-25 23:25:17.285345,7C0074,C172,CESSNA AIRCRAFT COMPANY,172S,a3d5786f2e15bc5c91f0e70d1407d977cc022ffc670bf798ffb6598afd26e330,True,3
78547,32993,240926_ML.npy,2026-09-25,2026-09-25 23:25:21.722067,7C0074,C172,CESSNA AIRCRAFT COMPANY,172S,04c5dd2508c50a6061a1a6bfd0eb1087b5fb8396bd26a3edddbd98bbe886a491,True,4
78552,32998,240926_ML.npy,2026-09-25,2026-09-25 23:25:31.492778,7C0074,C172,CESSNA AIRCRAFT COMPANY,172S,3ce829d796f623bc10b62eec37b1757bce3174127e4aaa92e7bccd065065c308,True,4
78558,33004,240926_ML.npy,2026-09-25,2026-09-25 23:25:38.272963,7C0074,C172,CESSNA AIRCRAFT COMPANY,172S,cfc0968b53e5b2ea76492e7202be74dff28d76bba609c95d5632758da19f5b8d,True,4
78564,33010,240926_ML.npy,2026-09-25,2026-09-25 23:25:59.437035,7C0074,C172,CESSNA AIRCRAFT COMPANY,172S,463ecc66bd3e71a08a2e83a182ae0a4699aec7982915e81d0a74e279a82a71d1,True,4
78567,33013,240926_ML.npy,2026-09-25,2026-09-25 23:26:16.121651,7C0074,C172,CESSNA AIRCRAFT COMPANY,172S,3252fda0f73ccb2fc060268406984a8d0632689146a1d078b5b2c1527c3955f6,True,1
78571,33017,240926_ML.npy,2026-09-25,2026-09-25 23:26:29.553986,7C0074,C172,CESSNA AIRCRAFT COMPANY,172S,0dcbe1a2515938f6f19413a4300f110ec788e69cca03422a3b1efa53598784b1,True,2
78572,33018,240926_ML.npy,2026-09-25,2026-09-25 23:26:31.576179,7C0074,C172,CESSNA AIRCRAFT COMPANY,172S,3ce829d796f623bc10b62eec37b1757bce3174127e4aaa92e7bccd065065c308,True,1
78576,33022,240926_ML.npy,2026-09-25,2026-09-25 23:26:32.554909,7C0074,C172,CESSNA AIRCRAFT COMPANY,172S,226be651583bf0afed5bafe37c8b607b452e494bd575a2df1fff1554f1d79305,True,1
78577,33023,240926_ML.npy,2026-09-25,2026-09-25 23:26:33.123845,7C0074,C172,CESSNA AIRCRAFT COMPANY,172S,e090334af1f60a6b859e9bd686e97fe82de10fa2a8d43ad7cb8f4888c4f3e672,True,5
78579,33025,240926_ML.npy,2026-09-25,2026-09-25 23:26:33.552356,7C0074,C172,CESSNA AIRCRAFT COMPANY,172S,116dd008513c3556c78b370bbe7079bde4626aaa10dbcba7d642be39ac05371c,True,4
78580,33026,240926_ML.npy,2026-09-25,2026-09-25 23:26:34.103740,7C0074,C172,CESSNA AIRCRAFT COMPANY,172S,3ce829d796f623bc10b62eec37b1757bce3174127e4aaa92e7bccd065065c308,True,5
78584,33030,240926_ML.npy,2026-09-25,2026-09-25 23:26:34.610186,7C0074,C172,CESSNA AIRCRAFT COMPANY,172S,edde99c91226c067a0d6a6ba24b69c99c503ecc76c166b290eee8cf9ef130071,True,4
78596,33042,240926_ML.npy,2026-09-25,2026-09-25 23:26:41.636467,7C0074,C172,CESSNA AIRCRAFT COMPANY,172S,ed5c07b7b6acfb41f3d04d518b0d6cbf9d3c4524c67628d98f9036805c8ceabe,True,3
78609,33055,240926_ML.npy,2026-09-25,2026-09-25 23:26:52.271844,7C6C18,C172,CESSNA AIRCRAFT COMPANY,172S,203f99fc5ce3a09610df6060ca908e496d451043719572c6b25efbe7ae9cf6e2,True,2
78615,33061,240926_ML.npy,2026-09-25,2026-09-25 23:26:56.362394,7C6C18,C172,CESSNA AIRCRAFT COMPANY,172S,962002b25b1d89643b3ada597f9212152ad86c2ca30f6cd676f7e859e2921280,True,2
78617,33063,240926_ML.npy,2026-09-25,2026-09-25 23:26:59.472777,7C6C18,C172,CESSNA AIRCRAFT COMPANY,172S,f08b972a5ed26667dbe83e4e5db246ab8b4d9e655ff0a273365865484eced393,True,5
78622,33068,240926_ML.npy,2026-09-25,2026-09-25 23:27:03.699873,7C0074,C172,CESSNA AIRCRAFT COMPANY,172S,1a4e3464cf8e4e0e81586ac27b0d797539f291745e8b5bb1687a1d1a0b59a169,True,4
78627,33073,240926_ML.npy,2026-09-25,2026-09-25 23:27:06.009190,7C6C18,C172,CESSNA AIRCRAFT COMPANY,172S,ff0759fcff9445950ae14e5dd6464d007109036d8825e8f0a151ba7d623a1c42,True,4
78632,33078,240926_ML.npy,2026-09-25,2026-09-25 23:27:12.640275,7C6C18,C172,CESSNA AIRCRAFT COMPANY,172S,7e0b5802f7b7520542d5ea12fd00768ce3d3544de0cdb73ec31fce8f5fe076ff,True,2
78634,33080,240926_ML.npy,2026-09-25,2026-09-25 23:27:20.861762,7C6C18,C172,CESSNA AIRCRAFT COMPANY,172S,8272ac1e68cd74d6e981c1df95f3436bc5508490ee8927c631b8c470a59179d0,True,4
78637,33083,240926_ML.npy,2026-09-25,2026-09-25 23:27:35.933542,7C6C18,C172,CESSNA AIRCRAFT COMPANY,172S,3b6d115bd8616e2951074b751e8b399befa4dcdc942690ea3dba227e7f070a0e,True,3
78642,33088,240926_ML.npy,2026-09-25,2026-09-25 23:28:24.178758,7C6C18,C172,CESSNA AIRCRAFT COMPANY,172S,ae6bd696e6dd6aabeb32e4cd027cd9edeaa05b0997ae4eddaa263a746d63056a,True,4
78653,33099,240926_ML.npy,2026-09-25,2026-09-25 23:28:50.922559,7C6C18,C172,CESSNA AIRCRAFT COMPANY,172S,6ac85a259561e95102162ac4a6ae5d2d12f9ca31c2f6d07279875f550904552d,True,3
78663,33109,240926_ML.npy,2026-09-25,2026-09-25 23:29:20.132676,7C0074,C172,CESSNA AIRCRAFT COMPANY,172S,9306e85c9ed2852bba765c59fd297cdcb13007fee808c143c8108b466ac9e704,True,4
78667,33113,240926_ML.npy,2026-09-25,2026-09-25 23:29:21.582121,7C0074,C172,CESSNA AIRCRAFT COMPANY,172S,af765fe629dcf34bd144af1c27a2e32b6444702d1e3775a02037d7571fc2ffea,True,3
78672,33118,240926_ML.npy,2026-09-25,2026-09-25 23:29:25.882296,7C0074,C172,CESSNA AIRCRAFT COMPANY,172S,976503016d5c665f8473bf214ed2d2caffef23bfff0437fc180c3b57dd0def7a,True,3
78676,33122,240926_ML.npy,2026-09-25,2026-09-25 23:29:34.196960,7C0074,C172,CESSNA AIRCRAFT COMPANY,172S,797f31bee0b6fbfb43f50553cccb71eea69c80b1e8c61ffd08c03841e08f1b80,True,3
78679,33125,240926_ML.npy,2026-09-25,2026-09-25 23:29:38.455540,7C0074,C172,CESSNA AIRCRAFT COMPANY,172S,1cdc2c093c3452619c3dc0a654d84a547d196e2edc4b74e0e7e2ae789f12223d,True,3
78680,33126,240926_ML.npy,2026-09-25,2026-09-25 23:29:40.483332,7C0074,C172,CESSNA AIRCRAFT COMPANY,172S,f83f16421cdae434c543b8a804898858ab0fd1e2673302c1d393cef4c5560b64,True,4
78681,33127,240926_ML.npy,2026-09-25,2026-09-25 23:29:40.784013,7C0074,C172,CESSNA AIRCRAFT COMPANY,172S,3ce829d796f623bc10b62eec37b1757bce3174127e4aaa92e7bccd065065c308,True,4
78683,33129,240926_ML.npy,2026-09-25,2026-09-25 23:29:44.720198,7C0074,C172,CESSNA AIRCRAFT COMPANY,172S,064dec68ec908134ed21a0411d67c74e10015ecefc26dfc0766e048e2aa42d7a,True,3
78684,33130,240926_ML.npy,2026-09-25,2026-09-25 23:29:45.150596,7C0074,C172,CESSNA AIRCRAFT COMPANY,172S,98e483cc9a6b0789fec0f46ac5359a7272313b2e0a79c57e24b84cf03cfe6959,True,5
78686,33132,240926_ML.npy,2026-09-25,2026-09-25 23:29:45.953287,7C0074,C172,CESSNA AIRCRAFT COMPANY,172S,976503016d5c665f8473bf214ed2d2caffef23bfff0437fc180c3b57dd0def7a,True,3
78690,33136,240926_ML.npy,2026-09-25,2026-09-25 23:29:48.252707,7C0074,C172,CESSNA AIRCRAFT COMPANY,172S,3ce829d796f623bc10b62eec37b1757bce3174127e4aaa92e7bccd065065c308,True,4
78693,33139,240926_ML.npy,2026-09-25,2026-09-25 23:29:53.263104,7C0074,C172,CESSNA AIRCRAFT COMPANY,172S,49a3afae6b339273f6362910dd2e12e231c8948f69f13421a74b07484b7e3c60,True,4
78697,33143,240926_ML.npy,2026-09-25,2026-09-25 23:29:58.725228,7C0074,C172,CESSNA AIRCRAFT COMPANY,172S,7408175f3d90d673f8aa4f5237e6adbfe40a4a8471364b61dfc5b204ccbee3b9,True,5
78712,33158,240926_ML.npy,2026-09-25,2026-09-25 23:30:13.937499,7C0074,C172,CESSNA AIRCRAFT COMPANY,172S,04c5dd2508c50a6061a1a6bfd0eb1087b5fb8396bd26a3edddbd98bbe886a491,True,1
78716,33162,240926_ML.npy,2026-09-25,2026-09-25 23:30:28.991431,7C0074,C172,CESSNA AIRCRAFT COMPANY,172S,04c5dd2508c50a6061a1a6bfd0eb1087b5fb8396bd26a3edddbd98bbe886a491,True,5
78721,33167,240926_ML.npy,2026-09-25,2026-09-25 23:31:00.877767,7C0074,C172,CESSNA AIRCRAFT COMPANY,172S,c982296703ea0141d5109c305eaf2a7b0b8c776507db92bac548d0a8c4db5ce2,True,4
78722,33168,240926_ML.npy,2026-09-25,2026-09-25 23:31:00.881623,7C0074,C172,CESSNA AIRCRAFT COMPANY,172S,b97aef3198d402465f4e8c7e231f70d7a60d64cf2824ac6efcdf41f1aee54485,True,2
78725,33171,240926_ML.npy,2026-09-25,2026-09-25 23:31:04.221707,7C0074,C172,CESSNA AIRCRAFT COMPANY,172S,04c5dd2508c50a6061a1a6bfd0eb1087b5fb8396bd26a3edddbd98bbe886a491,True,5
78727,33173,240926_ML.npy,2026-09-25,2026-09-25 23:31:09.144121,7C0074,C172,CESSNA AIRCRAFT COMPANY,172S,04c5dd2508c50a6061a1a6bfd0eb1087b5fb8396bd26a3edddbd98bbe886a491,True,4
78729,33175,240926_ML.npy,2026-09-25,2026-09-25 23:31:13.873654,7C0074,C172,CESSNA AIRCRAFT COMPANY,172S,d52322f7b8b16c5e04209f06a55393df4ca57bfdaf7ffc2fd1f923c815a141ec,True,4
78730,33176,240926_ML.npy,2026-09-25,2026-09-25 23:31:20.361940,7C0074,C172,CESSNA AIRCRAFT COMPANY,172S,04c5dd2508c50a6061a1a6bfd0eb1087b5fb8396bd26a3edddbd98bbe886a491,True,5
78731,33177,240926_ML.npy,2026-09-25,2026-09-25 23:31:21.187602,7C0074,C172,CESSNA AIRCRAFT COMPANY,172S,3ce829d796f623bc10b62eec37b1757bce3174127e4aaa92e7bccd065065c308,True,2
78749,33195,240926_ML.npy,2026-09-25,2026-09-25 23:31:39.699502,7C0074,C172,CESSNA AIRCRAFT COMPANY,172S,976503016d5c665f8473bf214ed2d2caffef23bfff0437fc180c3b57dd0def7a,True,1
78752,33198,240926_ML.npy,2026-09-25,2026-09-25 23:31:41.137933,7C0074,C172,CESSNA AIRCRAFT COMPANY,172S,8406bd52814ddc048fadf07470c6aab28f6d6bee9be4cd580fed24f966011180,True,1
78759,33205,240926_ML.npy,2026-09-25,2026-09-25 23:32:14.112768,7C6C18,C172,CESSNA AIRCRAFT COMPANY,172S,58c4fd3638417241e0fd8dd7a0c6060778e6d828a959b963f753e13ac4fb1bb9,True,5
78764,33210,240926_ML.npy,2026-09-25,2026-09-25 23:32:18.870762,7C6C18,C172,CESSNA AIRCRAFT COMPANY,172S,6ebd4c9460b574976e2e4f0ee797dc0994039d163c55ae56685e6d0ece7a49bf,True,1
78768,33214,240926_ML.npy,2026-09-25,2026-09-25 23:32:23.852528,7C6C18,C172,CESSNA AIRCRAFT COMPANY,172S,93c6e8affc6d686593882f01701ac60232db5b74f61dccd21c8c2b4448831488,True,4
78773,33219,240926_ML.npy,2026-09-25,2026-09-25 23:32:28.027866,7C6C18,C172,CESSNA AIRCRAFT COMPANY,172S,58c4fd3638417241e0fd8dd7a0c6060778e6d828a959b963f753e13ac4fb1bb9,True,4
78785,33231,240926_ML.npy,2026-09-25,2026-09-25 23:32:41.256572,7C6C18,C172,CESSNA AIRCRAFT COMPANY,172S,203f99fc5ce3a09610df6060ca908e496d451043719572c6b25efbe7ae9cf6e2,True,5
78787,33233,240926_ML.npy,2026-09-25,2026-09-25 23:32:44.403827,7C6C18,C172,CESSNA AIRCRAFT COMPANY,172S,f65e5b458f0ff96690fe5de291edd8a2fd9b0ca27c9b33e1f081d1c2ede0932b,True,1
78788,33234,240926_ML.npy,2026-09-25,2026-09-25 23:32:44.408592,7C6C18,C172,CESSNA AIRCRAFT COMPANY,172S,d0583b6dc00da711825347a97a1aa8eb992ccb8d3786b648b133ad2dd5fbf7d2,True,2
78801,33247,240926_ML.npy,2026-09-25,2026-09-25 23:33:08.037075,7C6C18,C172,CESSNA AIRCRAFT COMPANY,172S,45932c36bb327b04d452376b36fcb0740d4ca21ef1bdfba2b9b2027226e9d66a,True,5
78808,33254,240926_ML.npy,2026-09-25,2026-09-25 23:33:53.134383,7C6C18,C172,CESSNA AIRCRAFT COMPANY,172S,5dadd6f0053ee5b041e0430092b677983cf9f269db5bb6645b6f8b1d9d91fc62,True,3
78810,33256,240926_ML.npy,2026-09-25,2026-09-25 23:33:58.698335,7C6C18,C172,CESSNA AIRCRAFT COMPANY,172S,203f99fc5ce3a09610df6060ca908e496d451043719572c6b25efbe7ae9cf6e2,True,2
78815,33261,240926_ML.npy,2026-09-25,2026-09-25 23:34:03.115664,7C6C18,C172,CESSNA AIRCRAFT COMPANY,172S,b0dc468e2b16ce3bf2bc19bb8aa27c3bfaad15031f9c269f8759a4befa5cc36f,True,3
78820,33266,240926_ML.npy,2026-09-25,2026-09-25 23:34:13.997980,7C6C18,C172,CESSNA AIRCRAFT COMPANY,172S,5b65592370c74fcf59ecc46a05a6dc7d91989453ec44648439d82f14baa7277b,True,2
78822,33268,240926_ML.npy,2026-09-25,2026-09-25 23:34:16.009874,7C6C18,C172,CESSNA AIRCRAFT COMPANY,172S,6986631b9ef1b243098114fbc3f0cfce6feda3ba85a0063303eeef035080a6f0,True,4
78823,33269,240926_ML.npy,2026-09-25,2026-09-25 23:34:16.016973,7C6C18,C172,CESSNA AIRCRAFT COMPANY,172S,19d47e0f12007e38b6c0e269f3434931da93e89c5981d7dbf6c12a51cc95a5f6,True,3
78824,33270,240926_ML.npy,2026-09-25,2026-09-25 23:34:17.432525,7C0074,C172,CESSNA AIRCRAFT COMPANY,172S,7b391689649a11768b97ad942f559d43f94298f5c41a527f8ecb508ebaa5b279,True,5
78826,33272,240926_ML.npy,2026-09-25,2026-09-25 23:34:18.140025,7C6C18,C172,CESSNA AIRCRAFT COMPANY,172S,abc797191f1bfd30a6df73bfbc65aab234eee80e42c9495ba126b63594a5069a,True,5
78828,33274,240926_ML.npy,2026-09-25,2026-09-25 23:34:19.862800,7C0074,C172,CESSNA AIRCRAFT COMPANY,172S,04c5dd2508c50a6061a1a6bfd0eb1087b5fb8396bd26a3edddbd98bbe886a491,True,2
78831,33277,240926_ML.npy,2026-09-25,2026-09-25 23:34:20.463938,7C0074,C172,CESSNA AIRCRAFT COMPANY,172S,a261c1471827facd48420c10041d6a147fc57cdb5952b5c79c9dce7200316dda,True,4
78834,33280,240926_ML.npy,2026-09-25,2026-09-25 23:34:21.431888,7C0074,C172,CESSNA AIRCRAFT COMPANY,172S,16356905fa219e99bcba67a59b0f33747c6fb2ebf81483ea6a13674bb6da90ec,True,3
78837,33283,240926_ML.npy,2026-09-25,2026-09-25 23:34:24.055118,7C0074,C172,CESSNA AIRCRAFT COMPANY,172S,bcce6fbff0122d6642e9a27d8c5018a7f065668e5a34858cb4e8031331f985bf,True,1
78841,33287,240926_ML.npy,2026-09-25,2026-09-25 23:34:24.530515,7C0074,C172,CESSNA AIRCRAFT COMPANY,172S,d3ce16d13979aad3a671f378c1d75c6902877023e5990421ff93cfb110b2cd16,True,1
78846,33292,240926_ML.npy,2026-09-25,2026-09-25 23:34:30.035701,7C6C18,C172,CESSNA AIRCRAFT COMPANY,172S,aca2a836e2bc971f6ef56ae22f9f426ad6dd639710ee38967431d55b951068b7,True,5
78851,33297,240926_ML.npy,2026-09-25,2026-09-25 23:34:35.798341,7C0074,C172,CESSNA AIRCRAFT COMPANY,172S,01b3cb696355eea3d18d191f551fe0c4653647277d7e5d217d055703d0df5776,True,4
78854,33300,240926_ML.npy,2026-09-25,2026-09-25 23:34:37.263521,7C0074,C172,CESSNA AIRCRAFT COMPANY,172S,8e6bc42d05e217b7621ae0c3cf400c2dd746ab9c6aab6ca79b26260af376bcea,True,4
78863,33309,240926_ML.npy,2026-09-25,2026-09-25 23:34:47.944388,7C0074,C172,CESSNA AIRCRAFT COMPANY,172S,40a1c0d40f0d29363bc46fffdd2b1b078ed7df0fbca9b64dc35a146045cbe384,True,3
78865,33311,240926_ML.npy,2026-09-25,2026-09-25 23:34:48.997530,7C0074,C172,CESSNA AIRCRAFT COMPANY,172S,db3a85e4b429581b2e41e2ab91f4d460ba9022a747c0e54aae1e21edb625519b,True,2
78872,33318,240926_ML.npy,2026-09-25,2026-09-25 23:34:57.677988,7C0074,C172,CESSNA AIRCRAFT COMPANY,172S,fc245e4b413500abbb90748af9e010cdb0450eda0a44031a2a39af226404d355,True,2
78875,33321,240926_ML.npy,2026-09-25,2026-09-25 23:34:58.275753,7C0074,C172,CESSNA AIRCRAFT COMPANY,172S,0d38e07d356138ae63bbe4455c0a242cede9974fae9c67caae8782d3cc68cd93,True,3
78876,33322,240926_ML.npy,2026-09-25,2026-09-25 23:34:58.693751,7C0074,C172,CESSNA AIRCRAFT COMPANY,172S,d391e767f1a6636788e03c763e0b8fe976ffa2fb60391996cd7b5f9aa3ff815c,True,5
78878,33324,240926_ML.npy,2026-09-25,2026-09-25 23:35:02.475172,7C0074,C172,CESSNA AIRCRAFT COMPANY,172S,5b41b1b537135caf93e461ecd387ff967af2bf8a9fad39fb152910d53dcd1463,True,2
78880,33326,240926_ML.npy,2026-09-25,2026-09-25 23:35:10.661546,7C0074,C172,CESSNA AIRCRAFT COMPANY,172S,d19b488eea82fe28ab60cd79593a93ba4e33dd98b3e43d7f82636e5c575d41db,True,5
78881,33327,240926_ML.npy,2026-09-25,2026-09-25 23:35:10.667803,7C0074,C172,CESSNA AIRCRAFT COMPANY,172S,23128a03eaa31a6323dca971b586ead4a2892340d91f950dd678d186617647f6,True,3
78884,33330,240926_ML.npy,2026-09-25,2026-09-25 23:35:11.517857,7C0074,C172,CESSNA AIRCRAFT COMPANY,172S,d739d7d017943261e8cc430a35eb25e00551fabdf68610e8e5dfe7c1f1808877,True,4
78885,33331,240926_ML.npy,2026-09-25,2026-09-25 23:35:11.894532,7C0074,C172,CESSNA AIRCRAFT COMPANY,172S,7f55c7e1b9ff9f772c3ecacc796c4b9eb878440605eef21c75eecbb27af6b064,True,1
78900,33346,240926_ML.npy,2026-09-25,2026-09-25 23:36:02.128743,7C0074,C172,CESSNA AIRCRAFT COMPANY,172S,8cdff5395f85f5828063970022e1922b28ab01d57227a28df6ab5a02833c97a2,True,3
78922,33368,240926_ML.npy,2026-09-25,2026-09-25 23:36:29.671544,7C0074,C172,CESSNA AIRCRAFT COMPANY,172S,7f55c7e1b9ff9f772c3ecacc796c4b9eb878440605eef21c75eecbb27af6b064,True,5
78923,33369,240926_ML.npy,2026-09-25,2026-09-25 23:36:31.546716,7C0074,C172,CESSNA AIRCRAFT COMPANY,172S,8406bd52814ddc048fadf07470c6aab28f6d6bee9be4cd580fed24f966011180,True,1
78924,33370,240926_ML.npy,2026-09-25,2026-09-25 23:36:31.862778,7C0074,C172,CESSNA AIRCRAFT COMPANY,172S,9e38d0210847aa6e5d0c78644f35b75b9d49e8a47ec3552f9e4a8e2818c75475,True,2
78925,33371,240926_ML.npy,2026-09-25,2026-09-25 23:36:31.866071,7C0074,C172,CESSNA AIRCRAFT COMPANY,172S,9b090a9a44ee37284cec0fe431672b216ad59fc3d5887b475cfe6be6937342b7,True,3
78928,33374,240926_ML.npy,2026-09-25,2026-09-25 23:36:36.297390,7C0074,C172,CESSNA AIRCRAFT COMPANY,172S,57cb682360a847dafe3fb3b1b1d9d146993f2798fc25e20411a26b68025c9235,True,2
78936,33382,240926_ML.npy,2026-09-25,2026-09-25 23:37:35.703100,7C6C18,C172,CESSNA AIRCRAFT COMPANY,172S,b550dc9e1466cbd90052dc49b24a6f00506d2ce9533cd14071f5fd76725a3fdf,True,3
78939,33385,240926_ML.npy,2026-09-25,2026-09-25 23:37:37.212620,7C6C18,C172,CESSNA AIRCRAFT COMPANY,172S,0f5016a828411f58b1141e1c15bcb5339ed75687eefcaaddf8ab2da05263bf75,True,2
78944,33390,240926_ML.npy,2026-09-25,2026-09-25 23:37:40.751284,7C6C18,C172,CESSNA AIRCRAFT COMPANY,172S,1bbf96e18c68512085b56e85569594153f8fc684aaa0106a54697eb83569fdd4,True,3
78947,33393,240926_ML.npy,2026-09-25,2026-09-25 23:37:47.179208,7C6C18,C172,CESSNA AIRCRAFT COMPANY,172S,82946bd2167b8faa6115694c9344534760a092294081b57e6df3cc7e62d2bfa8,True,4
78953,33399,240926_ML.npy,2026-09-25,2026-09-25 23:37:51.451356,7C6C18,C172,CESSNA AIRCRAFT COMPANY,172S,f86f956579e48d2174fa4dfeda73e0916feea4535eb29bf1c763ffe6283b1942,True,2
78956,33402,240926_ML.npy,2026-09-25,2026-09-25 23:37:53.736934,7C6C18,C172,CESSNA AIRCRAFT COMPANY,172S,3b86dabd1049b1bb06e1c5f4dcf93506446cfac49de38d960f9fd340f27471b9,True,5
78957,33403,240926_ML.npy,2026-09-25,2026-09-25 23:37:53.892610,7C6C18,C172,CESSNA AIRCRAFT COMPANY,172S,58c4fd3638417241e0fd8dd7a0c6060778e6d828a959b963f753e13ac4fb1bb9,True,5
78958,33404,240926_ML.npy,2026-09-25,2026-09-25 23:37:56.625407,7C6C18,C172,CESSNA AIRCRAFT COMPANY,172S,2d137289189a005c3a167581a8f928f68aed2f8c3f8085dec977d3d23bfc6b08,True,3
78963,33409,240926_ML.npy,2026-09-25,2026-09-25 23:38:03.363586,7C6C18,C172,CESSNA AIRCRAFT COMPANY,172S,6c4e57ca1aec7d165199620bbc8a4da0cc20d9b087c3263583cbef8658f52c8c,True,4
78964,33410,240926_ML.npy,2026-09-25,2026-09-25 23:38:03.369474,7C6C18,C172,CESSNA AIRCRAFT COMPANY,172S,c10ab14961c8c152244f5030f00fae538bc43d3a0ae016727b3f09aea16f93a7,True,1
78974,33420,240926_ML.npy,2026-09-25,2026-09-25 23:38:14.678452,7C6C18,C172,CESSNA AIRCRAFT COMPANY,172S,87a0eacc0742821309e77ba92bb30a72998edd7d8efea059215e9b25ba1697da,True,4
78975,33421,240926_ML.npy,2026-09-25,2026-09-25 23:38:14.685551,7C6C18,C172,CESSNA AIRCRAFT COMPANY,172S,e0504ea340c7551f50b243ba87db4fbc4a8413de8dd146998dec3f15024064ed,True,3
78976,33422,240926_ML.npy,2026-09-25,2026-09-25 23:38:38.603511,7C1687,DA40,DIAMOND AIRCRAFT INDUSTRIES INC.,DA 40,ab0b7e4b8d8bde9a9dc3ff83716e5ccb43123f42f1e8e31d08ca2b3391eb54f8,True,3
78981,33427,240926_ML.npy,2026-09-25,2026-09-25 23:39:03.689335,7C0074,C172,CESSNA AIRCRAFT COMPANY,172S,7f55c7e1b9ff9f772c3ecacc796c4b9eb878440605eef21c75eecbb27af6b064,True,2
78989,33435,240926_ML.npy,2026-09-25,2026-09-25 23:39:13.470077,7C6C18,C172,CESSNA AIRCRAFT COMPANY,172S,125fb8d10c9a6b464cb806afbe28b4bbcf38a294158582a54507aa13db14037b,True,1
79005,33451,240926_ML.npy,2026-09-25,2026-09-25 23:39:20.986540,7C6C18,C172,CESSNA AIRCRAFT COMPANY,172S,e2b8104fdfb15119d397ceaf89eba34f258ab1b29d8aee140668b7735a721651,True,1
79008,33454,240926_ML.npy,2026-09-25,2026-09-25 23:39:23.228934,7C0074,C172,CESSNA AIRCRAFT COMPANY,172S,0a60c13c7d0fd19eee4584388db7d9bf225e1d594023bb72d7de982d1dceb406,True,4
79021,33467,240926_ML.npy,2026-09-25,2026-09-25 23:39:33.020430,7C6C18,C172,CESSNA AIRCRAFT COMPANY,172S,139708ee11091e35b16705adf7281f4e659c9bd4c066cfc8a7bc6fe01bd8136c,True,5
79023,33469,240926_ML.npy,2026-09-25,2026-09-25 23:39:33.815953,7C6C18,C172,CESSNA AIRCRAFT COMPANY,172S,203f99fc5ce3a09610df6060ca908e496d451043719572c6b25efbe7ae9cf6e2,True,3
79025,33471,240926_ML.npy,2026-09-25,2026-09-25 23:39:36.317184,7C6C18,C172,CESSNA AIRCRAFT COMPANY,172S,203f99fc5ce3a09610df6060ca908e496d451043719572c6b25efbe7ae9cf6e2,True,2
79028,33474,240926_ML.npy,2026-09-25,2026-09-25 23:39:37.090802,7C6C18,C172,CESSNA AIRCRAFT COMPANY,172S,ed093f1abe2b2c97ce3c33549ce9ae80a70bb7d6ebe70b540a4b6beadcd117b3,True,5
79030,33476,240926_ML.npy,2026-09-25,2026-09-25 23:39:38.045956,7C6C18,C172,CESSNA AIRCRAFT COMPANY,172S,8892c14b304812870ce2974da021ffc90ccde4e0ec1e12d505049ebdae0433c0,True,1
79031,33477,240926_ML.npy,2026-09-25,2026-09-25 23:39:38.484609,7C6C18,C172,CESSNA AIRCRAFT COMPANY,172S,429ed2ae5ed27ec7a6968167b000918c475b56a0d1274b44ce9c6570b29d5820,True,1
79034,33480,240926_ML.npy,2026-09-25,2026-09-25 23:39:38.677291,7C6C18,C172,CESSNA AIRCRAFT COMPANY,172S,58c4fd3638417241e0fd8dd7a0c6060778e6d828a959b963f753e13ac4fb1bb9,True,4
79035,33481,240926_ML.npy,2026-09-25,2026-09-25 23:39:38.693794,7C0074,C172,CESSNA AIRCRAFT COMPANY,172S,7f55c7e1b9ff9f772c3ecacc796c4b9eb878440605eef21c75eecbb27af6b064,True,5
79039,33485,240926_ML.npy,2026-09-25,2026-09-25 23:39:40.789379,7C0074,C172,CESSNA AIRCRAFT COMPANY,172S,ec6a37b6d0112c9bccfef7d80d56e41f3c49f66d07f1c8605c4ea0ecb96a8b91,True,3
79040,33486,240926_ML.npy,2026-09-25,2026-09-25 23:39:41.840061,7C0074,C172,CESSNA AIRCRAFT COMPANY,172S,8eb7c66a2c3a8d704e3eb028497602d3d0670f6aecc510597b64b42d3b7154a6,True,3
79044,33490,240926_ML.npy,2026-09-25,2026-09-25 23:39:42.395563,7C0074,C172,CESSNA AIRCRAFT COMPANY,172S,03b72505a00e375060036e1097f8ef0348a00564a74f8eea537869d5af388362,True,5
79049,33495,240926_ML.npy,2026-09-25,2026-09-25 23:39:44.878166,7C0074,C172,CESSNA AIRCRAFT COMPANY,172S,7f55c7e1b9ff9f772c3ecacc796c4b9eb878440605eef21c75eecbb27af6b064,True,4
79051,33497,240926_ML.npy,2026-09-25,2026-09-25 23:39:45.069478,7C6C18,C172,CESSNA AIRCRAFT COMPANY,172S,dd9d85ac87315c6731a45a26b041c7e4cf0c3ff3a67a2db810422ec861196377,True,3
79056,33502,240926_ML.npy,2026-09-25,2026-09-25 23:39:54.740283,7C0074,C172,CESSNA AIRCRAFT COMPANY,172S,7f55c7e1b9ff9f772c3ecacc796c4b9eb878440605eef21c75eecbb27af6b064,True,5
79058,33504,240926_ML.npy,2026-09-25,2026-09-25 23:39:56.571540,7C0074,C172,CESSNA AIRCRAFT COMPANY,172S,2ea3c8e373c4f3cd95fb5fb4d16b978a93dad8c7c2b96f70c29613d4ad781272,True,3
79069,33515,240926_ML.npy,2026-09-25,2026-09-25 23:40:04.792895,7C0074,C172,CESSNA AIRCRAFT COMPANY,172S,e005d6f138cf62ac134bcef55ca2ec674f5af7c4573e4932c175ccef746bb6f4,True,3
79070,33516,240926_ML.npy,2026-09-25,2026-09-25 23:40:06.144378,7C0074,C172,CESSNA AIRCRAFT COMPANY,172S,7f55c7e1b9ff9f772c3ecacc796c4b9eb878440605eef21c75eecbb27af6b064,True,1
79076,33522,240926_ML.npy,2026-09-25,2026-09-25 23:40:34.839934,7C0074,C172,CESSNA AIRCRAFT COMPANY,172S,86175ba23b0373d300a57bed32b3edfb2cfd763d1d2079f9cf17762e4416d073,True,3
79077,33523,240926_ML.npy,2026-09-25,2026-09-25 23:40:54.107860,7C0074,C172,CESSNA AIRCRAFT COMPANY,172S,8eb7c66a2c3a8d704e3eb028497602d3d0670f6aecc510597b64b42d3b7154a6,True,2
79081,33527,240926_ML.npy,2026-09-25,2026-09-25 23:41:03.194444,7C0074,C172,CESSNA AIRCRAFT COMPANY,172S,1eab89dc981cdd0c27cc35c36458a9683440d8fb59d546b418242fbd057bf48f,True,4
79083,33529,240926_ML.npy,2026-09-25,2026-09-25 23:41:03.791831,7C0074,C172,CESSNA AIRCRAFT COMPANY,172S,f21802959d2ad2c083250df8a61c8ec6b1b783e3127a5156d048ca4e0b5d958e,True,4
79088,33534,240926_ML.npy,2026-09-25,2026-09-25 23:41:20.740357,7C0074,C172,CESSNA AIRCRAFT COMPANY,172S,7f55c7e1b9ff9f772c3ecacc796c4b9eb878440605eef21c75eecbb27af6b064,True,3
79102,33548,240926_ML.npy,2026-09-25,2026-09-25 23:41:36.862649,7C0074,C172,CESSNA AIRCRAFT COMPANY,172S,84b54ef29e894354f3efb4d76020b409456fb8fbbf2a384f448e96c068c10a17,True,2
79133,33579,240926_ML.npy,2026-09-25,2026-09-25 23:43:02.162722,7C6C18,C172,CESSNA AIRCRAFT COMPANY,172S,f23f34945f6c81b2c4815a2326f75d606ed94a46b38b509ffed0eeee881567c9,True,5
79137,33583,240926_ML.npy,2026-09-25,2026-09-25 23:43:08.747493,7C6C18,C172,CESSNA AIRCRAFT COMPANY,172S,504f22b70a4511ec132ef52239932458749e5a882efd50548c1a8a5119cccc0a,True,4
79144,33590,240926_ML.npy,2026-09-25,2026-09-25 23:43:15.933513,7C6C18,C172,CESSNA AIRCRAFT COMPANY,172S,768f0b17a212d223f97cbfa7d094334db2320c41c86b04ac91253e27898baba0,True,2
79152,33598,240926_ML.npy,2026-09-25,2026-09-25 23:43:24.932480,7C6C18,C172,CESSNA AIRCRAFT COMPANY,172S,f92a3aa79e56efa9875302be4227e4e750303e8a2cacd3b146a9c68a486d8bce,True,2
79155,33601,240926_ML.npy,2026-09-25,2026-09-25 23:43:32.317687,7C6C18,C172,CESSNA AIRCRAFT COMPANY,172S,30673636f6c588077904bb387cac0c19eb5d250fd5bc1824f6aa382bbfb63829,True,1
79158,33604,240926_ML.npy,2026-09-25,2026-09-25 23:43:48.971190,7C6C18,C172,CESSNA AIRCRAFT COMPANY,172S,aeef8efe235018870326dfe3bda978adbe2a78aa1284b44f0a2299559132e831,True,3
79166,33612,240926_ML.npy,2026-09-25,2026-09-25 23:43:55.388262,7C0074,C172,CESSNA AIRCRAFT COMPANY,172S,f816b2695cbfe4406d6188e8d04516b46786ad421f06efea723e366327ebc4eb,True,1
79174,33620,240926_ML.npy,2026-09-25,2026-09-25 23:44:09.444974,7C0074,C172,CESSNA AIRCRAFT COMPANY,172S,d5080b5b6c613385547996a51d25e01ec90fc5c5c113110eca818e395ea8a174,True,2
79179,33625,240926_ML.npy,2026-09-25,2026-09-25 23:44:16.185521,7C0074,C172,CESSNA AIRCRAFT COMPANY,172S,bda70af595c62481b603e4e71712411b665befd994eb76a5cac83506d3269899,True,5
79184,33630,240926_ML.npy,2026-09-25,2026-09-25 23:44:21.267790,7C0074,C172,CESSNA AIRCRAFT COMPANY,172S,b865c0057887a05aceddb8b1e7e6f85eb750be3328748b44563b35444040739a,True,1
79192,33638,240926_ML.npy,2026-09-25,2026-09-25 23:44:26.459697,7C6C18,C172,CESSNA AIRCRAFT COMPANY,172S,203f99fc5ce3a09610df6060ca908e496d451043719572c6b25efbe7ae9cf6e2,True,3
79197,33643,240926_ML.npy,2026-09-25,2026-09-25 23:44:30.432970,7C0074,C172,CESSNA AIRCRAFT COMPANY,172S,7f55c7e1b9ff9f772c3ecacc796c4b9eb878440605eef21c75eecbb27af6b064,True,5
79206,33652,240926_ML.npy,2026-09-25,2026-09-25 23:44:35.644554,7C6C18,C172,CESSNA AIRCRAFT COMPANY,172S,e818131afb94f8d496147d50f901f866e7efb129a215ed6116b0ba650f132477,True,4
79208,33654,240926_ML.npy,2026-09-25,2026-09-25 23:44:37.214338,7C0074,C172,CESSNA AIRCRAFT COMPANY,172S,03c5c4147233633d8f4be61caedeab8dcd1117945597ab9a3c0025ab9fdd1f58,True,2
79215,33661,240926_ML.npy,2026-09-25,2026-09-25 23:44:39.516735,7C6C18,C172,CESSNA AIRCRAFT COMPANY,172S,b52127bd403be67351b6b0d2230b7172fb9a04a2674b4e0a45d2d22dcdb68066,True,2
79217,33663,240926_ML.npy,2026-09-25,2026-09-25 23:44:41.104848,7C0074,C172,CESSNA AIRCRAFT COMPANY,172S,976503016d5c665f8473bf214ed2d2caffef23bfff0437fc180c3b57dd0def7a,True,5
79222,33668,240926_ML.npy,2026-09-25,2026-09-25 23:44:44.652002,7C0074,C172,CESSNA AIRCRAFT COMPANY,172S,348dda1ccd93cda52eecad17e4f8ca0b64ae6813c16b521a1a5fa46181697c2d,True,3
79226,33672,240926_ML.npy,2026-09-25,2026-09-25 23:44:47.182246,7C0074,C172,CESSNA AIRCRAFT COMPANY,172S,7f9a9ee44be2d9eed97aa8c66ecb091dbf4f209ffa673e076104855a62032bfb,True,3
79228,33674,240926_ML.npy,2026-09-25,2026-09-25 23:44:49.102570,7C0074,C172,CESSNA AIRCRAFT COMPANY,172S,9b46c5c9b59134e5c8af31e72cf523e0d7bb5b29affc79eaf1de87ea164fbbcf,True,5
79232,33678,240926_ML.npy,2026-09-25,2026-09-25 23:44:53.440948,7C0074,C172,CESSNA AIRCRAFT COMPANY,172S,f74f4ec768438b19a71c7344e865fbdb4a1d91f7a6cadec3f7317bd5984e1119,True,4
79238,33684,240926_ML.npy,2026-09-25,2026-09-25 23:44:57.313133,7C6C18,C172,CESSNA AIRCRAFT COMPANY,172S,9b1004ec36b4069e11c69e215f51c44fd52e813f1f333703d9d73628654b64d6,True,3
79241,33687,240926_ML.npy,2026-09-25,2026-09-25 23:44:59.359052,7C0074,C172,CESSNA AIRCRAFT COMPANY,172S,20f2b6009e04b95145c83d7c1d5c58f5183b3fee2dbab1329eef96acdd9f9b5d,True,4
79248,33694,240926_ML.npy,2026-09-25,2026-09-25 23:45:03.992332,7C6C18,C172,CESSNA AIRCRAFT COMPANY,172S,ce2b1db0814ebc09451dfc3fbe16879a3787eb8096fd89f856b1900204bb938e,True,1
79252,33698,240926_ML.npy,2026-09-25,2026-09-25 23:45:08.212884,7C6C18,C172,CESSNA AIRCRAFT COMPANY,172S,b36614e6483fa0778010c9218768119b242435f32a65f18717f0bf7e6031f0b7,True,1
79262,33708,240926_ML.npy,2026-09-25,2026-09-25 23:45:16.524742,7C6C18,C172,CESSNA AIRCRAFT COMPANY,172S,37fd7296a431856f5bc4937e6f9e8a9a2a51f535881114f86838ce9c60a2c611,True,3
79263,33709,240926_ML.npy,2026-09-25,2026-09-25 23:45:16.862041,7C0074,C172,CESSNA AIRCRAFT COMPANY,172S,b5733ca231b110991813b19bde77508f7cd5ec2176d58dfb1c3aefb2aaaca25c,True,1
79265,33711,240926_ML.npy,2026-09-25,2026-09-25 23:45:18.023121,7C6C18,C172,CESSNA AIRCRAFT COMPANY,172S,c407a09fd736d68f37f51084c57a3e260d836c3fcde3001bb8fdd6954ab96a40,True,4
79268,33714,240926_ML.npy,2026-09-25,2026-09-25 23:45:37.031920,7C0074,C172,CESSNA AIRCRAFT COMPANY,172S,5a2ce856034ae7b7fa6bfcbdc1966fcf0d3be5bde4532133f089b051b6737b45,True,1
79271,33717,240926_ML.npy,2026-09-25,2026-09-25 23:45:46.098977,7C0074,C172,CESSNA AIRCRAFT COMPANY,172S,976503016d5c665f8473bf214ed2d2caffef23bfff0437fc180c3b57dd0def7a,True,1
79272,33718,240926_ML.npy,2026-09-25,2026-09-25 23:45:46.685730,7C0074,C172,CESSNA AIRCRAFT COMPANY,172S,7f55c7e1b9ff9f772c3ecacc796c4b9eb878440605eef21c75eecbb27af6b064,True,1
79287,33733,240926_ML.npy,2026-09-25,2026-09-25 23:46:13.648288,7C582C,DA40,DIAMOND AIRCRAFT INDUSTRIES INC.,DA 40,271b83fdaa63deb961023937d007d047f1042c0b98f4eaaba98a48bc10f1778b,True,4
79303,33749,240926_ML.npy,2026-09-25,2026-09-25 23:46:25.395255,7C582C,DA40,DIAMOND AIRCRAFT INDUSTRIES INC.,DA 40,5104a47b07ee47ef8380c3cb75b1c522d2dbf65025fe45048a0966f135be9ff6,True,5
79304,33750,240926_ML.npy,2026-09-25,2026-09-25 23:46:25.648281,7C0074,C172,CESSNA AIRCRAFT COMPANY,172S,cab915adcf8052212d1374f291b17fc7a6d3f06243747ff8fae24a7b3c94508c,True,4
79350,33796,240926_ML.npy,2026-09-25,2026-09-25 23:48:17.947235,7C6C18,C172,CESSNA AIRCRAFT COMPANY,172S,23826f7256d3a682305806523468b265dfbb54475cfeb0fd4c9344fa1ca9e35b,True,2
79357,33803,240926_ML.npy,2026-09-25,2026-09-25 23:48:22.062698,7C6C18,C172,CESSNA AIRCRAFT COMPANY,172S,55add7f1313af0eb71583cb8a916005f95b21310af9aaa517f628754ab71e98f,True,1
79360,33806,240926_ML.npy,2026-09-25,2026-09-25 23:48:23.179319,7C6C18,C172,CESSNA AIRCRAFT COMPANY,172S,38e73fc5f4fd4e807d303a426ca4f209824f7226566973e5510373fb2fcbe562,True,5
79366,33812,240926_ML.npy,2026-09-25,2026-09-25 23:48:27.145861,7C6C18,C172,CESSNA AIRCRAFT COMPANY,172S,26878177662a2ff64f3d0493632d8f84cd99dc8d257d952441934780de36aa1d,True,5
79370,33816,240926_ML.npy,2026-09-25,2026-09-25 23:48:29.129684,7C6C18,C172,CESSNA AIRCRAFT COMPANY,172S,eeaf44785f0b40649c1511fc1f75035ae60e647574064aff30e67594a95ba249,True,4
79371,33817,240926_ML.npy,2026-09-25,2026-09-25 23:48:31.108529,7C6C18,C172,CESSNA AIRCRAFT COMPANY,172S,7282373f8dfb4c4b989a76ddb75186005860fda5a0a7f0c528d8c455e7c2bac9,True,1
79376,33822,240926_ML.npy,2026-09-25,2026-09-25 23:48:41.964504,7C0074,C172,CESSNA AIRCRAFT COMPANY,172S,9c3574401c9e81037ef616b5016e5538f88f56b7920920f1ade59ba84dc74f0f,True,2
79378,33824,240926_ML.npy,2026-09-25,2026-09-25 23:48:42.222002,7C6C18,C172,CESSNA AIRCRAFT COMPANY,172S,b3d1950e11ee00b013268fd4fc528204828ff22963c850188f7f49f5781dc33c,True,3
79393,33839,240926_ML.npy,2026-09-25,2026-09-25 23:48:50.423419,7C6C18,C172,CESSNA AIRCRAFT COMPANY,172S,aa806202284db3023deb9a6c7d302bab96a45e99c613409f0e40957f7c8376d1,True,3
79394,33840,240926_ML.npy,2026-09-25,2026-09-25 23:48:58.021213,7C0074,C172,CESSNA AIRCRAFT COMPANY,172S,7f55c7e1b9ff9f772c3ecacc796c4b9eb878440605eef21c75eecbb27af6b064,True,4
79422,33868,240926_ML.npy,2026-09-25,2026-09-25 23:49:24.680698,7C0074,C172,CESSNA AIRCRAFT COMPANY,172S,387cf6d477bf66408d49fe57cb59fe05757e5f02c90fe03749b186ac961e0504,True,4
79425,33871,240926_ML.npy,2026-09-25,2026-09-25 23:49:26.563888,7C0074,C172,CESSNA AIRCRAFT COMPANY,172S,7f55c7e1b9ff9f772c3ecacc796c4b9eb878440605eef21c75eecbb27af6b064,True,3
79431,33877,240926_ML.npy,2026-09-25,2026-09-25 23:49:35.393769,7C7144,C172,CESSNA AIRCRAFT COMPANY,172N,cad33c8c6cda169e7b720cdfc1deaace6a23e6a4228f83d2bc7688202759f5ec,True,4
79437,33883,240926_ML.npy,2026-09-25,2026-09-25 23:49:37.156160,7C0074,C172,CESSNA AIRCRAFT COMPANY,172S,976503016d5c665f8473bf214ed2d2caffef23bfff0437fc180c3b57dd0def7a,True,4
79439,33885,240926_ML.npy,2026-09-25,2026-09-25 23:49:39.416304,7C7144,C172,CESSNA AIRCRAFT COMPANY,172N,d07905f6d91590881f2ad99b45fa548c517ad984265f66c20d31e34241cf0499,True,2
79440,33886,240926_ML.npy,2026-09-25,2026-09-25 23:49:39.923325,7C7144,C172,CESSNA AIRCRAFT COMPANY,172N,a365fc50d0bf7bc320b3359e6dd5698173e35b39cc58bb57ac4591ae12b972b9,True,2
79442,33888,240926_ML.npy,2026-09-25,2026-09-25 23:49:40.082444,7C0074,C172,CESSNA AIRCRAFT COMPANY,172S,0b66fda18541e81d11165108b294b6c076a18a1fbf53917dabbe80753d25f1d6,True,2
79445,33891,240926_ML.npy,2026-09-25,2026-09-25 23:49:41.289189,7C0074,C172,CESSNA AIRCRAFT COMPANY,172S,8406bd52814ddc048fadf07470c6aab28f6d6bee9be4cd580fed24f966011180,True,3
79462,33908,240926_ML.npy,2026-09-25,2026-09-25 23:49:53.091336,7C7144,C172,CESSNA AIRCRAFT COMPANY,172N,6684cc73cfd7807d42c99e8da9e6fa805dad59a3bbe986d5cdda937228478297,True,5
79465,33911,240926_ML.npy,2026-09-25,2026-09-25 23:49:54.732515,7C7144,C172,CESSNA AIRCRAFT COMPANY,172N,42496be7baf1ba490e6dbdaef2135a43fae3753c8df9a7aab7f4ce05968a74ff,True,3
79467,33913,240926_ML.npy,2026-09-25,2026-09-25 23:49:55.292435,7C6C18,C172,CESSNA AIRCRAFT COMPANY,172S,572818c5818ba2b69a5012046384ab8c4170aa4b800845a141ccd8e374b33a53,True,5
79468,33914,240926_ML.npy,2026-09-25,2026-09-25 23:49:55.630148,7C7144,C172,CESSNA AIRCRAFT COMPANY,172N,6684cc73cfd7807d42c99e8da9e6fa805dad59a3bbe986d5cdda937228478297,True,2
79475,33921,240926_ML.npy,2026-09-25,2026-09-25 23:49:57.727494,7C6C18,C172,CESSNA AIRCRAFT COMPANY,172S,d3a2b1668eb5a2c043f5a154b0238cac4ea8f3e1f04bc7247441b2f6b965c9bf,True,5
79483,33929,240926_ML.npy,2026-09-25,2026-09-25 23:50:02.896569,7C6C18,C172,CESSNA AIRCRAFT COMPANY,172S,a76ce721f90fbc528209069771c342d61b8f12e366e7265cea81609c4f222a8c,True,3
79486,33932,240926_ML.npy,2026-09-25,2026-09-25 23:50:05.941594,7C7144,C172,CESSNA AIRCRAFT COMPANY,172N,1f2bed0f1ed2c733ef6b485100743bafc8d62b42f5fada6099df37d9222e4b4c,True,1
79487,33933,240926_ML.npy,2026-09-25,2026-09-25 23:50:07.924491,7C7144,C172,CESSNA AIRCRAFT COMPANY,172N,159ffffd4497ce049b67db69ba87a9cd1cb6666cbee9f52672e03fe1883202a7,True,5
79497,33943,240926_ML.npy,2026-09-25,2026-09-25 23:50:18.253987,7C6C18,C172,CESSNA AIRCRAFT COMPANY,172S,58c4fd3638417241e0fd8dd7a0c6060778e6d828a959b963f753e13ac4fb1bb9,True,2
79498,33944,240926_ML.npy,2026-09-25,2026-09-25 23:50:18.414801,7C7144,C172,CESSNA AIRCRAFT COMPANY,172N,6684cc73cfd7807d42c99e8da9e6fa805dad59a3bbe986d5cdda937228478297,True,1
79504,33950,240926_ML.npy,2026-09-25,2026-09-25 23:50:25.185431,7C7144,C172,CESSNA AIRCRAFT COMPANY,172N,d9835aa159d82f8884ae5b77590603e844f9278af689ac7291894e6d903a9133,True,1
79511,33957,240926_ML.npy,2026-09-25,2026-09-25 23:50:32.499966,7C7144,C172,CESSNA AIRCRAFT COMPANY,172N,138275fc8e4afed130c26a63b2ad9ba9f0d6d3aac0ece0b3fcbb8a458a95e527,True,3
79518,33964,240926_ML.npy,2026-09-25,2026-09-25 23:50:48.313987,7C0074,C172,CESSNA AIRCRAFT COMPANY,172S,17e79ced4fa666fa0cccc88b4a1c7a849064cc015a0bc03d2424f389cb885ac1,True,2
79520,33966,240926_ML.npy,2026-09-25,2026-09-25 23:50:52.742358,7C0074,C172,CESSNA AIRCRAFT COMPANY,172S,58004af440ee24771d78fe01bdf8ec05a33ecd40c06a17df0ebcacbc2561234d,True,2
79524,33970,240926_ML.npy,2026-09-25,2026-09-25 23:50:55.876724,7C0074,C172,CESSNA AIRCRAFT COMPANY,172S,f92a823f82e5664963e19cb390c33430beb1e6f5553b997e9febe306cc56e65b,True,5
79528,33974,240926_ML.npy,2026-09-25,2026-09-25 23:51:03.476487,7C0074,C172,CESSNA AIRCRAFT COMPANY,172S,8eb7c66a2c3a8d704e3eb028497602d3d0670f6aecc510597b64b42d3b7154a6,True,3
79533,33979,240926_ML.npy,2026-09-25,2026-09-25 23:51:08.885639,7C0074,C172,CESSNA AIRCRAFT COMPANY,172S,7f55c7e1b9ff9f772c3ecacc796c4b9eb878440605eef21c75eecbb27af6b064,True,5
79535,33981,240926_ML.npy,2026-09-25,2026-09-25 23:51:15.495050,7C0074,C172,CESSNA AIRCRAFT COMPANY,172S,1f76416b4e35fb26fdf57848177645f5259d08a262fccdcf43216db2589ecf11,True,2
79539,33985,240926_ML.npy,2026-09-25,2026-09-25 23:51:25.249435,7C0074,C172,CESSNA AIRCRAFT COMPANY,172S,8674e5ba9703ab25d8b8a9fb3762a18db71f82d78af0bf31979b3d09176098f7,True,1
79551,33997,240926_ML.npy,2026-09-25,2026-09-25 23:51:36.687755,7C0074,C172,CESSNA AIRCRAFT COMPANY,172S,976503016d5c665f8473bf214ed2d2caffef23bfff0437fc180c3b57dd0def7a,True,1
79557,34003,240926_ML.npy,2026-09-25,2026-09-25 23:51:40.953363,7C0074,C172,CESSNA AIRCRAFT COMPANY,172S,04c5dd2508c50a6061a1a6bfd0eb1087b5fb8396bd26a3edddbd98bbe886a491,True,3
79560,34006,240926_ML.npy,2026-09-25,2026-09-25 23:51:43.927874,7C0074,C172,CESSNA AIRCRAFT COMPANY,172S,ba9a0ff37f2d059b4a11faac592396f94cc6f6be12e49708d9e6effe5d6cee32,True,2
79567,34013,240926_ML.npy,2026-09-25,2026-09-25 23:51:55.621871,7C7144,C172,CESSNA AIRCRAFT COMPANY,172N,6684cc73cfd7807d42c99e8da9e6fa805dad59a3bbe986d5cdda937228478297,True,5
79573,34019,240926_ML.npy,2026-09-25,2026-09-25 23:52:15.782681,7C7144,C172,CESSNA AIRCRAFT COMPANY,172N,6684cc73cfd7807d42c99e8da9e6fa805dad59a3bbe986d5cdda937228478297,True,5
79575,34021,240926_ML.npy,2026-09-25,2026-09-25 23:52:16.610869,7C0077,DA40,DIAMOND AIRCRAFT INDUSTRIES INC.,DA 40,367107f2d333cdb0d6cd74a9de42333559d0ed36b5a1abea2b6c599869d2c3b8,True,1
79579,34025,240926_ML.npy,2026-09-25,2026-09-25 23:52:22.091531,7C0077,DA40,DIAMOND AIRCRAFT INDUSTRIES INC.,DA 40,124b453cdc1f1d4db860f06715aa6d9089804ca947b7ef8d1116595a4203328a,True,2
79590,34036,240926_ML.npy,2026-09-25,2026-09-25 23:52:32.741043,7C0077,DA40,DIAMOND AIRCRAFT INDUSTRIES INC.,DA 40,d97140d028ab37a26ecde97d26011eb7d00a9d1610e3196353fc56bdb73d5e6d,True,2
79595,34041,240926_ML.npy,2026-09-25,2026-09-25 23:52:36.476867,7C0077,DA40,DIAMOND AIRCRAFT INDUSTRIES INC.,DA 40,a01439e805852bd5eca2897b38fde9659f0b53606e7ba09746cf5f98977a2c15,True,3
79615,34061,240926_ML.npy,2026-09-25,2026-09-25 23:53:01.182411,7C0077,DA40,DIAMOND AIRCRAFT INDUSTRIES INC.,DA 40,a01439e805852bd5eca2897b38fde9659f0b53606e7ba09746cf5f98977a2c15,True,3
79618,34064,240926_ML.npy,2026-09-25,2026-09-25 23:53:07.591917,7C0077,DA40,DIAMOND AIRCRAFT INDUSTRIES INC.,DA 40,f7320f886c400d83cca085ae24c09c580b701001cac0d7359fdbd1ffe2062215,True,3
79627,34073,240926_ML.npy,2026-09-25,2026-09-25 23:55:28.804832,7C7144,C172,CESSNA AIRCRAFT COMPANY,172N,20705c3cf280e5f8574c50e896bb4dc220d0d271304bd878266eeaf3dd1d2cd8,True,1
79630,34076,240926_ML.npy,2026-09-25,2026-09-25 23:55:33.587489,7C7144,C172,CESSNA AIRCRAFT COMPANY,172N,c781855074a061b4b0fbc7a0f03e9f3a74f2ac5229759c6d07eedc3a0f1dafcb,True,5
79636,34082,240926_ML.npy,2026-09-25,2026-09-25 23:55:34.946734,7C7144,C172,CESSNA AIRCRAFT COMPANY,172N,f1b60c7b574d12da19efb96ccb643876d0abb669f6a5e42facd6a045486c2b34,True,2
79639,34085,240926_ML.npy,2026-09-25,2026-09-25 23:55:42.268591,7C7144,C172,CESSNA AIRCRAFT COMPANY,172N,e29370849841faffe58422d3c3695b257649868ec07c8401fc608eb6dfacede0,True,1
79642,34088,240926_ML.npy,2026-09-25,2026-09-25 23:55:49.493132,7C7144,C172,CESSNA AIRCRAFT COMPANY,172N,d25739c0348d91558257f903e89eac899ebceec3d92a30aec6b3f6944edf7b93,True,1
79660,34106,240926_ML.npy,2026-09-25,2026-09-25 23:56:51.169934,7C7144,C172,CESSNA AIRCRAFT COMPANY,172N,b0f871b2f2a697652c7058501b9ad6e09633c7b9697e9fca9502762f8bb1f611,True,1
79661,34107,240926_ML.npy,2026-09-25,2026-09-25 23:56:51.173449,7C7144,C172,CESSNA AIRCRAFT COMPANY,172N,2f19202307ff976635959168eb836285cf3a9829e063560433f86db79ee81974,True,1
79665,34111,240926_ML.npy,2026-09-25,2026-09-25 23:57:00.293662,7C7144,C172,CESSNA AIRCRAFT COMPANY,172N,2ac6786f7d44f8dbb9e6ed08a3e649b471b4c4eb22b798ed54baa31130fe6651,True,5
79667,34113,240926_ML.npy,2026-09-25,2026-09-25 23:57:07.129126,7C7144,C172,CESSNA AIRCRAFT COMPANY,172N,91d9ff74d80694b73176fd35094bd352fd9e3f675270e10108731a215ea38eef,True,1
79669,34115,240926_ML.npy,2026-09-25,2026-09-25 23:57:07.306906,7C7144,C172,CESSNA AIRCRAFT COMPANY,172N,25ecffd02a618058de3b2945417e026c76c8237f5d9bff411fb8d6879bd15d24,True,3
79673,34119,240926_ML.npy,2026-09-25,2026-09-25 23:57:22.180384,7C7144,C172,CESSNA AIRCRAFT COMPANY,172N,0775c9e514dd7848828bc25597a144645b0e5dc16222bf9932bb63a3ffe3e29c,True,4
79677,34123,240926_ML.npy,2026-09-25,2026-09-25 23:57:26.720511,7C7144,C172,CESSNA AIRCRAFT COMPANY,172N,63d100244a43bc0ae88d237a00098470cba41441a45fc7997a437047ad4910bd,True,3
79679,34125,240926_ML.npy,2026-09-25,2026-09-25 23:57:29.728022,7C7144,C172,CESSNA AIRCRAFT COMPANY,172N,83ad7be282c8673a576501ca0c0519ff735407f954c2f19af9c573aa84e168d0,True,2
79681,34127,240926_ML.npy,2026-09-25,2026-09-25 23:57:35.441171,7C7144,C172,CESSNA AIRCRAFT COMPANY,172N,16537f611c68bda43d32bf1cbd6a71abf2d9145ff92ef88a2b0c00c2d3247515,True,4
79688,34134,240926_ML.npy,2026-09-25,2026-09-25 23:57:45.268354,7C7144,C172,CESSNA AIRCRAFT COMPANY,172N,0d9d2d99598abf00f71c0ea67209d23ed0ae29e8d660d46c01256c7c695c0d0e,True,3
79711,34157,240926_ML.npy,2026-09-25,2026-09-25 23:59:15.791884,7C7144,C172,CESSNA AIRCRAFT COMPANY,172N,d8c25499a2878fdda052dddfc9d9b76d7363b6ec8e899e408f13bb01a49b08fd,True,4
79716,34162,240926_ML.npy,2026-09-25,2026-09-25 23:59:20.811325,7C7144,C172,CESSNA AIRCRAFT COMPANY,172N,a5a7d52ddc8203c8f8e594fae610d25057c30335b8067c858efc1e910969569b,True,5
79720,34166,240926_ML.npy,2026-09-25,2026-09-25 23:59:30.154310,7C7144,C172,CESSNA AIRCRAFT COMPANY,172N,215ae4158fe0407b276fd0678de5acb3957ae1d1c671bc895b1f6814873d6b9f,True,1
79722,34168,240926_ML.npy,2026-09-25,2026-09-25 23:59:30.655820,7C7144,C172,CESSNA AIRCRAFT COMPANY,172N,99c44a893854df332beacf767e38c2c70b82c06ffd4ee4dcc4cd89da1ed185ee,True,3
79726,34172,240926_ML.npy,2026-09-25,2026-09-25 23:59:38.213727,7C7144,C172,CESSNA AIRCRAFT COMPANY,172N,7ba92b23c0747c387b9f767e5052d5d9f9d4133d76e3d19dcbfc280f913c1944,True,2
79727,34173,240926_ML.npy,2026-09-25,2026-09-25 23:59:40.350340,7C7144,C172,CESSNA AIRCRAFT COMPANY,172N,160e5dec5b14f7e888c7cfcd32c7f6a51b05a1680df87105cfd673011e5ea9e8,True,2
79728,34174,240926_ML.npy,2026-09-25,2026-09-25 23:59:40.360062,7C7144,C172,CESSNA AIRCRAFT COMPANY,172N,9665bbc5557b8958a734eb078ecd45488bd368c3bbd46e01748d9f3729006b3b,True,1
79741,34187,240926_ML.npy,2026-09-25,2026-09-25 23:59:55.590064,7C7144,C172,CESSNA AIRCRAFT COMPANY,172N,6684cc73cfd7807d42c99e8da9e6fa805dad59a3bbe986d5cdda937228478297,True,2
79745,34191,240926_ML.npy,2026-09-25,2026-09-25 23:59:59.185554,7C7144,C172,CESSNA AIRCRAFT COMPANY,172N,4a96bc8ca3f07f519a23f1e85997876b550e58bb7da9270f6d009a93e2bf1e34,True,3
79758,34204,240926_ML.npy,2026-09-26,2026-09-26 00:00:10.397485,7C7144,C172,CESSNA AIRCRAFT COMPANY,172N,46bad1b91b7b354770f739c60cffdd09bc0dae0bc214d7801a8f33e2bda5a686,True,1
79765,34211,240926_ML.npy,2026-09-26,2026-09-26 00:00:20.855438,7C7144,C172,CESSNA AIRCRAFT COMPANY,172N,c09594d62933878ee2eea3bd2722d07fbc740c3c2a424d19581ea512943933d1,True,5
79766,34212,240926_ML.npy,2026-09-26,2026-09-26 00:00:20.860197,7C7144,C172,CESSNA AIRCRAFT COMPANY,172N,d419c3519d318901d32cb9b2d2ba04c983182dc3d34d51cba7b5a079fdaa5ef9,True,2
79774,34220,240926_ML.npy,2026-09-26,2026-09-26 00:01:44.146270,7C7144,C172,CESSNA AIRCRAFT COMPANY,172N,dfd8a68029da43fa759c1d3efcaaf2626cbf8eeaaca1e04e6a646cfff32c2c4b,True,3
79778,34224,240926_ML.npy,2026-09-26,2026-09-26 00:02:02.913091,7C7144,C172,CESSNA AIRCRAFT COMPANY,172N,e56d768381a39373299a3be8290ea74dd6cdcf943a231dc94d67bca32c39782a,True,3
79782,34228,240926_ML.npy,2026-09-26,2026-09-26 00:02:27.562004,7C7144,C172,CESSNA AIRCRAFT COMPANY,172N,9294810973f6351a011173a54ad7609f34f8060d4bacd85550ea2f16fbf3f8d8,True,3
79792,34238,240926_ML.npy,2026-09-26,2026-09-26 00:04:35.428669,7C7144,C172,CESSNA AIRCRAFT COMPANY,172N,b94265e31f0ac9eb8e9300e6ac6f3872133ddc2d4cdc6544ac8882ff85117216,True,2
79793,34239,240926_ML.npy,2026-09-26,2026-09-26 00:04:35.943852,7C7144,C172,CESSNA AIRCRAFT COMPANY,172N,b498b6524e508ebd73d98c1d385f396bbb6387cc14ec00ec27c67a80ae5a2d39,True,3
79796,34242,240926_ML.npy,2026-09-26,2026-09-26 00:04:36.826819,7C7144,C172,CESSNA AIRCRAFT COMPANY,172N,6e510ee962035ff8b9a717dcd8e1c6b08a44a8cf181575470876c67551637265,True,5
79797,34243,240926_ML.npy,2026-09-26,2026-09-26 00:04:36.831267,7C7144,C172,CESSNA AIRCRAFT COMPANY,172N,e9af46e7fad1c13e46976b5847e0b4d6f284957cc0f7dbeb55f30e0d6533283e,True,5
79799,34245,240926_ML.npy,2026-09-26,2026-09-26 00:04:38.742945,7C7144,C172,CESSNA AIRCRAFT COMPANY,172N,ba0c584871c361b433237b0c11de412c0ef03b712e787d0cde0e507ec35d0426,True,4
79801,34247,240926_ML.npy,2026-09-26,2026-09-26 00:04:40.193720,7C7144,C172,CESSNA AIRCRAFT COMPANY,172N,6684cc73cfd7807d42c99e8da9e6fa805dad59a3bbe986d5cdda937228478297,True,5
79808,34254,240926_ML.npy,2026-09-26,2026-09-26 00:04:47.840267,7C7144,C172,CESSNA AIRCRAFT COMPANY,172N,45abb9df203e1166c9589acf63dc12c54cf6a1e9cdada33c53fea2935463140b,True,4
79810,34256,240926_ML.npy,2026-09-26,2026-09-26 00:04:53.011887,7C7144,C172,CESSNA AIRCRAFT COMPANY,172N,961856807893d976b0c77a277d7e7839394b071d40bab28eaf4905644f15a377,True,4
79817,34263,240926_ML.npy,2026-09-26,2026-09-26 00:05:06.149340,7C7144,C172,CESSNA AIRCRAFT COMPANY,172N,608260c06463d8ef8c02a6ef76e6dedc4458aba7421a0480861d26b2b3d2e790,True,1
79820,34266,240926_ML.npy,2026-09-26,2026-09-26 00:05:10.134447,7C7144,C172,CESSNA AIRCRAFT COMPANY,172N,6684cc73cfd7807d42c99e8da9e6fa805dad59a3bbe986d5cdda937228478297,True,1
79823,34269,240926_ML.npy,2026-09-26,2026-09-26 00:05:17.512022,7C7144,C172,CESSNA AIRCRAFT COMPANY,172N,a91ff54a9ef7dbe8ba3afbaa70253c9c8097590261ca591e5ecbdf6f4a18af90,True,3
79836,34282,240926_ML.npy,2026-09-26,2026-09-26 00:05:28.729091,7C7144,C172,CESSNA AIRCRAFT COMPANY,172N,b45610ed0d93b435336b24f5637e278a714d887d1044c896f87f409155693e86,True,1
79842,34288,240926_ML.npy,2026-09-26,2026-09-26 00:05:39.231491,7C7144,C172,CESSNA AIRCRAFT COMPANY,172N,4f6bc7806ceabf65d093dbb694a20add7aacfcc3b28b91f27b5fd6def9c0dd77,True,4
79843,34289,240926_ML.npy,2026-09-26,2026-09-26 00:05:43.725722,7C7144,C172,CESSNA AIRCRAFT COMPANY,172N,a3424d515b3706bade70db19f31df56c4d71aeb46f0bb50b778bd73aa001d16c,True,3
79844,34290,240926_ML.npy,2026-09-26,2026-09-26 00:05:44.127909,7C7144,C172,CESSNA AIRCRAFT COMPANY,172N,fdb2fb0d307195c98c3fccbdfb08f02075bee7234c34b98b5240fdfc37d378ed,True,3
79845,34291,240926_ML.npy,2026-09-26,2026-09-26 00:05:45.083532,7C7144,C172,CESSNA AIRCRAFT COMPANY,172N,9ef0f0f493e7cc6259deac1b70a6b2108e86a04018d1a31535e4711bd87b9a20,True,2
79847,34293,240926_ML.npy,2026-09-26,2026-09-26 00:05:46.531922,7C7144,C172,CESSNA AIRCRAFT COMPANY,172N,8163c9199cda7ca0af9008d94a7bfffbfab203eb2a3f878be26e309fb2382e6e,True,5
79850,34296,240926_ML.npy,2026-09-26,2026-09-26 00:05:53.870795,7C7144,C172,CESSNA AIRCRAFT COMPANY,172N,4d9fe51ddea1d828d9a387d0c5c81a897d2626c81a7e6b8bc802bb4f7497dbeb,True,3
79853,34299,240926_ML.npy,2026-09-26,2026-09-26 00:06:25.111453,7C7144,C172,CESSNA AIRCRAFT COMPANY,172N,28a9622d577e1abe636b78e4d18a6555df73239a545be2b056cdd07214a691ab,True,2
79854,34300,240926_ML.npy,2026-09-26,2026-09-26 00:07:04.895647,7C7144,C172,CESSNA AIRCRAFT COMPANY,172N,d2e9f8e5659208cd769d4d7a7498aecec1146e39e5e54e85e606649b68614217,True,1
79872,34318,240926_ML.npy,2026-09-26,2026-09-26 00:10:19.983815,7C7144,C172,CESSNA AIRCRAFT COMPANY,172N,d876a2b587e193afe58f21cc394ab84ea39c06755167baf8eeb49c6efd865f02,True,5
79881,34327,240926_ML.npy,2026-09-26,2026-09-26 00:10:38.599197,7C7144,C172,CESSNA AIRCRAFT COMPANY,172N,b50e16dce899b37edff4c94442ef3a960554f88f697f35d138aea0e29a3beb14,True,3
79882,34328,240926_ML.npy,2026-09-26,2026-09-26 00:10:43.110408,7C7144,C172,CESSNA AIRCRAFT COMPANY,172N,4eb001fa7731b8aabea5a43156c15dca9724ff9fd840213899274209db928e3f,True,4
79883,34329,240926_ML.npy,2026-09-26,2026-09-26 00:10:43.113736,7C7144,C172,CESSNA AIRCRAFT COMPANY,172N,947c01e6437e489ff91cd9940ee57207a41cb6bb447ac5f9b8416d092d617172,True,3
79885,34331,240926_ML.npy,2026-09-26,2026-09-26 00:10:43.650965,7C7144,C172,CESSNA AIRCRAFT COMPANY,172N,88832a26d4174a35a17161ed710158e1e73f37a9846c6b71f03166db9795097a,True,4
79889,34335,240926_ML.npy,2026-09-26,2026-09-26 00:10:47.208162,7C7144,C172,CESSNA AIRCRAFT COMPANY,172N,26937b091a4c8bed922005c344aa9689409dfdb052b188fa0365b2e34e13c9e8,True,3
79896,34342,240926_ML.npy,2026-09-26,2026-09-26 00:10:53.042195,7C7144,C172,CESSNA AIRCRAFT COMPANY,172N,889b6ff4d3578a20a3f7b9bb56176149331784138d3a9765c2d1c18283b69de5,True,5
79898,34344,240926_ML.npy,2026-09-26,2026-09-26 00:10:55.550991,7C7144,C172,CESSNA AIRCRAFT COMPANY,172N,be6db4da48942aa6e694cdc01d7074ecaae636a4e484ddcdd46078cbc1dcf196,True,2
79899,34345,240926_ML.npy,2026-09-26,2026-09-26 00:10:57.580951,7C7144,C172,CESSNA AIRCRAFT COMPANY,172N,0aef2486ac958dd38b76d6ef25de177387c8970ae19b0a832de6afd6ed84d1c8,True,5
79902,34348,240926_ML.npy,2026-09-26,2026-09-26 00:11:01.096328,7C7144,C172,CESSNA AIRCRAFT COMPANY,172N,df513acbaed0f02b34581c418b5434c15d4f25b9a4777512df078e26b3d8e689,True,5
79910,34356,240926_ML.npy,2026-09-26,2026-09-26 00:11:22.001309,7C7144,C172,CESSNA AIRCRAFT COMPANY,172N,2d94d2097e78c4f4f26f775f795f95c5e18b465839b970cdb2f29c7707544774,True,2
79912,34358,240926_ML.npy,2026-09-26,2026-09-26 00:11:48.215298,7C7144,C172,CESSNA AIRCRAFT COMPANY,172N,61afb0404cffade1378bf60b805b104db4d26dd559b615161877f315100f2850,True,4
79921,34367,240926_ML.npy,2026-09-26,2026-09-26 00:12:50.952003,7C7CF7,C172,CESSNA AIRCRAFT COMPANY,172M,6f0f4a89ad4ce7a7b089a7ae208a1e0032d589bc44222f744bf7ee010ed039e0,True,4
79923,34369,240926_ML.npy,2026-09-26,2026-09-26 00:13:02.887431,7C7CF7,C172,CESSNA AIRCRAFT COMPANY,172M,1a64fcfeba73fa360b75d23e32d94c912fe6796f05d30fb4e4964275543dfa80,True,2
79927,34373,240926_ML.npy,2026-09-26,2026-09-26 00:13:59.361675,7C7CF7,C172,CESSNA AIRCRAFT COMPANY,172M,d743dac3dae21e58f4965821353fe8997dc0a544558bdafb5a4dcdf815ac5fb2,True,5
79931,34377,240926_ML.npy,2026-09-26,2026-09-26 00:14:07.886496,7C7CF7,C172,CESSNA AIRCRAFT COMPANY,172M,f04e20ec4890e82c16df86e0388e3d2af8f45ee62c099aba9e5eb4ff06ee01aa,True,2
79934,34380,240926_ML.npy,2026-09-26,2026-09-26 00:14:09.617177,7C7CF7,C172,CESSNA AIRCRAFT COMPANY,172M,63f87836783a9422e983f2a56d9cc496f1541e44aeb1fe6162f7423e74a66207,True,3
79935,34381,240926_ML.npy,2026-09-26,2026-09-26 00:14:09.633552,7C7CF7,C172,CESSNA AIRCRAFT COMPANY,172M,f946032273cd7479c728d941b38abbb0911a3f748dfecdd28e805b7280d80312,True,4
79940,34386,240926_ML.npy,2026-09-26,2026-09-26 00:14:22.558940,7C7CF7,C172,CESSNA AIRCRAFT COMPANY,172M,1858135cf2841b9b014c1141382beece0f4175fce58f86cc08520d99fe6581c6,True,3
79954,34400,240926_ML.npy,2026-09-26,2026-09-26 00:14:55.480840,7C7144,C172,CESSNA AIRCRAFT COMPANY,172N,f1628f31a3a7311860bb663c09dbc10b2360a6d85b91c5311da24b6eb186905f,True,5
79955,34401,240926_ML.npy,2026-09-26,2026-09-26 00:14:56.452327,7C7144,C172,CESSNA AIRCRAFT COMPANY,172N,719f1ef28dd9f1cb538ef9506fb5618972f8c33da4908a034e6ed550daaa012d,True,3
79962,34408,240926_ML.npy,2026-09-26,2026-09-26 00:15:17.284409,7C7144,C172,CESSNA AIRCRAFT COMPANY,172N,4e34a5575f8de4ba0c522565015210554a9ae4f08ccd60bd4b27d799eb26358e,True,4
79965,34411,240926_ML.npy,2026-09-26,2026-09-26 00:15:18.354951,7C7144,C172,CESSNA AIRCRAFT COMPANY,172N,33a291765383cb8d613edc13bb3c46e261bba03efe1eb7c48a0d91630c6bb4b6,True,5
79971,34417,240926_ML.npy,2026-09-26,2026-09-26 00:15:53.275713,7C7144,C172,CESSNA AIRCRAFT COMPANY,172N,0746769c74f5f133bb39cbb954f5b08fad6121677afcbf629d627948208f7b09,True,2
79972,34418,240926_ML.npy,2026-09-26,2026-09-26 00:15:56.640890,7C7144,C172,CESSNA AIRCRAFT COMPANY,172N,25f26ce4cb76109286a44b309c5a18cd710242b6c70091c37fdb1f6516f1f40c,True,2
79976,34422,240926_ML.npy,2026-09-26,2026-09-26 00:15:59.389368,7C7144,C172,CESSNA AIRCRAFT COMPANY,172N,20705c3cf280e5f8574c50e896bb4dc220d0d271304bd878266eeaf3dd1d2cd8,True,1
79992,34438,240926_ML.npy,2026-09-26,2026-09-26 00:16:31.050575,7C7144,C172,CESSNA AIRCRAFT COMPANY,172N,5a00881447aa1c13eeeb8a5bbc10e188672162e4f724703300903de9018ba79f,True,4
79993,34439,240926_ML.npy,2026-09-26,2026-09-26 00:16:31.054317,7C7144,C172,CESSNA AIRCRAFT COMPANY,172N,438bb6d637b552f278009115f09e71cea6d933f311196e0e0eddced87112f1b7,True,5
79994,34440,240926_ML.npy,2026-09-26,2026-09-26 00:16:32.102559,7C7144,C172,CESSNA AIRCRAFT COMPANY,172N,0301c964049158b15c871c49da69e8d23447c7498bca07cbf3c76f12d352d101,True,3
80001,34447,240926_ML.npy,2026-09-26,2026-09-26 00:16:40.785451,7C7144,C172,CESSNA AIRCRAFT COMPANY,172N,8c6e2061afdd5c6dd72f8bc12ab48ae1b3f428e30416560ed3bc6a9dbb3b2bad,True,5
80003,34449,240926_ML.npy,2026-09-26,2026-09-26 00:16:41.383139,7C7144,C172,CESSNA AIRCRAFT COMPANY,172N,1144e580bef5e4dfa0218d00b1e132abb1ff867f13c984755c51968a75b974b5,True,1
80007,34453,240926_ML.npy,2026-09-26,2026-09-26 00:16:48.238046,7C7144,C172,CESSNA AIRCRAFT COMPANY,172N,11d86e2c276bdea2dbb0666360326b4c712d859c8ca16c62bf03f42b56013715,True,4
80018,34464,240926_ML.npy,2026-09-26,2026-09-26 00:18:47.768252,7C7CF7,C172,CESSNA AIRCRAFT COMPANY,172M,f39d2c86efbb46912517aa37ae1f2b872cad7d15b58e11c7744ad45d8d06cb2f,True,1
80023,34469,240926_ML.npy,2026-09-26,2026-09-26 00:18:58.892291,7C7CF7,C172,CESSNA AIRCRAFT COMPANY,172M,7d88958b7787e8f8f8c55d9271707116428b26985193149dbd462f3f4c6a06f3,True,5
80027,34473,240926_ML.npy,2026-09-26,2026-09-26 00:19:04.139937,7C7CF7,C172,CESSNA AIRCRAFT COMPANY,172M,f04e20ec4890e82c16df86e0388e3d2af8f45ee62c099aba9e5eb4ff06ee01aa,True,4
80034,34480,240926_ML.npy,2026-09-26,2026-09-26 00:19:13.165064,7C7CF7,C172,CESSNA AIRCRAFT COMPANY,172M,346d24efd71fa106f351abaa66bd73cebe1c7b9f5c706207f0567c074f76cb5e,True,3
80038,34484,240926_ML.npy,2026-09-26,2026-09-26 00:19:49.638387,7C7144,C172,CESSNA AIRCRAFT COMPANY,172N,8d18f01779f9513cfceaad4097f351e0b9bb811ef089f2d7adbee9a4f7d24611,True,3
80052,34498,240926_ML.npy,2026-09-26,2026-09-26 00:20:14.747447,7C7144,C172,CESSNA AIRCRAFT COMPANY,172N,e6c843379f5f3510162c8874473cfb0ffb272b688238cacff48df9f02e707a6b,True,4
80055,34501,240926_ML.npy,2026-09-26,2026-09-26 00:20:19.484361,7C7CF7,C172,CESSNA AIRCRAFT COMPANY,172M,9128f21a22cabfa918c2770a43077aaf30e866d0e6534ff308144084ab91b30c,True,5
80057,34503,240926_ML.npy,2026-09-26,2026-09-26 00:20:22.723531,7C7144,C172,CESSNA AIRCRAFT COMPANY,172N,fb4b7e9c2477a12990f521a8dd6d77f52bde30eb93e206e2736c7da844f9147a,True,2
80067,34513,240926_ML.npy,2026-09-26,2026-09-26 00:21:07.808400,7C7144,C172,CESSNA AIRCRAFT COMPANY,172N,20705c3cf280e5f8574c50e896bb4dc220d0d271304bd878266eeaf3dd1d2cd8,True,1
80072,34518,240926_ML.npy,2026-09-26,2026-09-26 00:21:33.057004,7C7144,C172,CESSNA AIRCRAFT COMPANY,172N,8c14bead0f71cf87095206a5468f556d8914f1919ddc0e0fc3a73eae7e739b28,True,5
80082,34528,240926_ML.npy,2026-09-26,2026-09-26 00:21:59.578753,7C7144,C172,CESSNA AIRCRAFT COMPANY,172N,2ffd9f86dd28c6c7276153dabb0775a20ddc3c190c69ccb814e09a57a6658f82,True,3
80093,34539,240926_ML.npy,2026-09-26,2026-09-26 00:22:13.016910,7C7144,C172,CESSNA AIRCRAFT COMPANY,172N,7c984a571f2b6e10d20d8cfcdfd68a5370ef348dbace715a232266b095e1cdf0,True,5
80106,34552,240926_ML.npy,2026-09-26,2026-09-26 00:23:01.477245,7C79B4,DA42,DIAMOND AIRCRAFT INDUSTRIES,DA 42,bd33eed8a031357e08afe9e0f91655eee895f39146a84dfdfeb1811b272e0e36,True,3
80109,34555,240926_ML.npy,2026-09-26,2026-09-26 00:23:03.354314,7C7144,C172,CESSNA AIRCRAFT COMPANY,172N,7565595e7e7220732bfda608f9f9e8897bcb33bccbf8d6f61474456478bf5362,True,5
80112,34558,240926_ML.npy,2026-09-26,2026-09-26 00:23:24.164879,7C444D,P28A,PIPER AIRCRAFT CORP,PA-28-181,5c477e2f7b11331bc91604649967fcd9385affd02f37cf245f7dcb787a30689a,True,1
80115,34561,240926_ML.npy,2026-09-26,2026-09-26 00:23:27.867953,7C444D,P28A,PIPER AIRCRAFT CORP,PA-28-181,c18659e91504c85a0ed431a6fdde1d525ba5015d001c125d3f39671727f7c04e,True,4
80117,34563,240926_ML.npy,2026-09-26,2026-09-26 00:23:31.149236,7C444D,P28A,PIPER AIRCRAFT CORP,PA-28-181,ffd62018b3d35eb00492c898f9d0ba38b00ce27b1bd135154b998da8b76571ec,True,5
80118,34564,240926_ML.npy,2026-09-26,2026-09-26 00:23:35.940101,7C444D,P28A,PIPER AIRCRAFT CORP,PA-28-181,bde195e5d13a57ef26e5facd907feae93a3d8210691297fa31d07a4bc3078f4d,True,1
80121,34567,240926_ML.npy,2026-09-26,2026-09-26 00:23:37.753178,7C7144,C172,CESSNA AIRCRAFT COMPANY,172N,20705c3cf280e5f8574c50e896bb4dc220d0d271304bd878266eeaf3dd1d2cd8,True,4
80130,34576,240926_ML.npy,2026-09-26,2026-09-26 00:23:59.363403,7C444D,P28A,PIPER AIRCRAFT CORP,PA-28-181,0a712d93c3b436632b6313eca8379ae14858b33e3b9968582f2fdcbbff01ea49,True,4
80143,34589,240926_ML.npy,2026-09-26,2026-09-26 00:24:14.769095,7C7CF7,C172,CESSNA AIRCRAFT COMPANY,172M,9e8eefef5f05cf3768204e4b02be23eca8a33d90c3c36d3b614c6ee6e7694c08,True,4
80154,34600,240926_ML.npy,2026-09-26,2026-09-26 00:24:32.731664,7C7CF7,C172,CESSNA AIRCRAFT COMPANY,172M,d8e96277d0c535246ddcd5aef564babc3151a7390ff8eb70f1511d699495ac8e,True,5
80169,34615,240926_ML.npy,2026-09-26,2026-09-26 00:25:12.155821,7C7CF7,C172,CESSNA AIRCRAFT COMPANY,172M,6f0f4a89ad4ce7a7b089a7ae208a1e0032d589bc44222f744bf7ee010ed039e0,True,1
80171,34617,240926_ML.npy,2026-09-26,2026-09-26 00:25:12.187466,7C7CF7,C172,CESSNA AIRCRAFT COMPANY,172M,f04e20ec4890e82c16df86e0388e3d2af8f45ee62c099aba9e5eb4ff06ee01aa,True,2
80172,34618,240926_ML.npy,2026-09-26,2026-09-26 00:25:13.070078,7C7CF7,C172,CESSNA AIRCRAFT COMPANY,172M,f946032273cd7479c728d941b38abbb0911a3f748dfecdd28e805b7280d80312,True,4
80182,34628,240926_ML.npy,2026-09-26,2026-09-26 00:25:23.232484,7C7CF7,C172,CESSNA AIRCRAFT COMPANY,172M,f946032273cd7479c728d941b38abbb0911a3f748dfecdd28e805b7280d80312,True,3
80184,34630,240926_ML.npy,2026-09-26,2026-09-26 00:25:26.986614,7C7CF7,C172,CESSNA AIRCRAFT COMPANY,172M,38f3b1c075278d2c91f1bc145a0d9c05c56310d0548c81043312d09448a3cead,True,3
80185,34631,240926_ML.npy,2026-09-26,2026-09-26 00:25:26.990230,7C7CF7,C172,CESSNA AIRCRAFT COMPANY,172M,f5bd56b7426d723c0f403ed86569fd69be7591d42e2c76be1df59331fb661524,True,4
80186,34632,240926_ML.npy,2026-09-26,2026-09-26 00:25:27.267088,7C7CF7,C172,CESSNA AIRCRAFT COMPANY,172M,f04e20ec4890e82c16df86e0388e3d2af8f45ee62c099aba9e5eb4ff06ee01aa,True,1
80187,34633,240926_ML.npy,2026-09-26,2026-09-26 00:25:29.776273,7C7CF7,C172,CESSNA AIRCRAFT COMPANY,172M,f04e20ec4890e82c16df86e0388e3d2af8f45ee62c099aba9e5eb4ff06ee01aa,True,3
80194,34640,240926_ML.npy,2026-09-26,2026-09-26 00:25:41.946036,7C7CF7,C172,CESSNA AIRCRAFT COMPANY,172M,711f038001c2a46993861afdd4b8f1f0576bc04df8fbff797fec707b8bb4e1af,True,1
80195,34641,240926_ML.npy,2026-09-26,2026-09-26 00:25:45.350413,7C7CF7,C172,CESSNA AIRCRAFT COMPANY,172M,10907cde8f6f1f055a393866b6a2899beed9b6c461c947efb5db9143dcf65ec2,True,5
80196,34642,240926_ML.npy,2026-09-26,2026-09-26 00:25:46.815374,7C7CF7,C172,CESSNA AIRCRAFT COMPANY,172M,96622cc95170537094369f5a474a71e21a90d40dfa9ae5dacb630a3e15984529,True,3
80201,34647,240926_ML.npy,2026-09-26,2026-09-26 00:29:17.623309,7C7CF7,C172,CESSNA AIRCRAFT COMPANY,172M,fe9db30107fb9d4514ec3384c447e1d28eda866f489010c9e71e292747f42a58,True,2
80206,34652,240926_ML.npy,2026-09-26,2026-09-26 00:29:37.368703,7C7CF7,C172,CESSNA AIRCRAFT COMPANY,172M,1b917b3cfef596ef28b5b9e9b814b72fb81a89cf2ded5bb9ec2a8fdba5a67769,True,2
80220,34666,240926_ML.npy,2026-09-26,2026-09-26 00:30:40.012340,7C7CF7,C172,CESSNA AIRCRAFT COMPANY,172M,45118972c967e6a8ff748ae5636fe71864fe500dc6489ba3278ad3b070027eeb,True,3
80230,34676,240926_ML.npy,2026-09-26,2026-09-26 00:30:56.474057,7C7CF7,C172,CESSNA AIRCRAFT COMPANY,172M,fce433998e358fcce23d2b38812dd5372686078f759e197f4547ab6db387cf00,True,2
80233,34679,240926_ML.npy,2026-09-26,2026-09-26 00:34:35.490517,7C7CF7,C172,CESSNA AIRCRAFT COMPANY,172M,978615e8215b1f0716acbfd0b3d3da31ca7ccc9184dcf393cf34de4c396e3805,True,4
80236,34682,240926_ML.npy,2026-09-26,2026-09-26 00:36:07.866670,7C7CF7,C172,CESSNA AIRCRAFT COMPANY,172M,f946032273cd7479c728d941b38abbb0911a3f748dfecdd28e805b7280d80312,True,4
80245,34691,240926_ML.npy,2026-09-26,2026-09-26 00:36:23.161425,7C7CF7,C172,CESSNA AIRCRAFT COMPANY,172M,f946032273cd7479c728d941b38abbb0911a3f748dfecdd28e805b7280d80312,True,5
80248,34694,240926_ML.npy,2026-09-26,2026-09-26 00:36:33.906440,7C7CF7,C172,CESSNA AIRCRAFT COMPANY,172M,3bfe5e8f8382440bfac2c9164e9e992def02d1db15363f40ea9a80bb166afb89,True,5
80249,34695,240926_ML.npy,2026-09-26,2026-09-26 00:36:35.857526,7C7CF7,C172,CESSNA AIRCRAFT COMPANY,172M,149784438a111a6c4c47e3102971b088e14dd2c5c747745a7da03287004db472,True,2
80251,34697,240926_ML.npy,2026-09-26,2026-09-26 00:37:13.105469,7C7CF7,C172,CESSNA AIRCRAFT COMPANY,172M,6b1fc137cee342969e5283a968465ff0dd9a7c5d12b69f1c606fabe525dd0dee,True,1
80255,34701,240926_ML.npy,2026-09-26,2026-09-26 00:40:16.007596,7C7CF7,C172,CESSNA AIRCRAFT COMPANY,172M,17aefc574c900416e4b1e96dae487870dd1a63bb2d38325d27d464c2f2245116,True,4
80264,34710,240926_ML.npy,2026-09-26,2026-09-26 00:41:18.354589,7C7CF7,C172,CESSNA AIRCRAFT COMPANY,172M,80118d2e9b9f406c72fddc1fc6af041513ffc0712d8f9468315bc774f5553847,True,1
80267,34713,240926_ML.npy,2026-09-26,2026-09-26 00:41:21.369347,7C7CF7,C172,CESSNA AIRCRAFT COMPANY,172M,52893e372b4d3f0b67f874a38a9b03f25f0f0855aa52b7e201408e5526c9f8b0,True,2
80268,34714,240926_ML.npy,2026-09-26,2026-09-26 00:41:23.235541,7C7CF7,C172,CESSNA AIRCRAFT COMPANY,172M,601adb5e89155f4458cdbb1a42f98de8d257f02fbc6e6aea543d1e58e529694b,True,3
80269,34715,240926_ML.npy,2026-09-26,2026-09-26 00:41:24.998280,7C7CF7,C172,CESSNA AIRCRAFT COMPANY,172M,6f0f4a89ad4ce7a7b089a7ae208a1e0032d589bc44222f744bf7ee010ed039e0,True,1
80272,34718,240926_ML.npy,2026-09-26,2026-09-26 00:41:30.700576,7C7CF7,C172,CESSNA AIRCRAFT COMPANY,172M,16469054080ab3947285c3710a90f9f173cf44da25b4ac8a3d23a112c8350c5c,True,5
80273,34719,240926_ML.npy,2026-09-26,2026-09-26 00:41:31.129341,7C7CF7,C172,CESSNA AIRCRAFT COMPANY,172M,d1df685ef953870af20841935dcab909d4247996e002840cea4a2adf1d05e2ac,True,5
80276,34722,240926_ML.npy,2026-09-26,2026-09-26 00:41:36.147175,7C7CF7,C172,CESSNA AIRCRAFT COMPANY,172M,59a135e300add5601fac8213038f7c596f23dcad4ebf70fedbbd0a92be57dd3e,True,2
80279,34725,240926_ML.npy,2026-09-26,2026-09-26 00:41:37.130998,7C7CF7,C172,CESSNA AIRCRAFT COMPANY,172M,550ce0720600a02d64d4f1964b04c331af81b95f19054ffeb498bfb9a4daef22,True,2
80280,34726,240926_ML.npy,2026-09-26,2026-09-26 00:41:37.137712,7C7CF7,C172,CESSNA AIRCRAFT COMPANY,172M,49f423738a3eb6099a0fed39f90e53e72e183ffd5b952e03d8f1d4210eebea50,True,2
80284,34730,240926_ML.npy,2026-09-26,2026-09-26 00:42:08.165564,7C7CF7,C172,CESSNA AIRCRAFT COMPANY,172M,fdeadfcfd4c6e932d0570ec8539b07f5224aaab51868c04f4cb8fb47941a0235,True,1
80286,34732,240926_ML.npy,2026-09-26,2026-09-26 00:42:10.313256,7C7CF7,C172,CESSNA AIRCRAFT COMPANY,172M,f75cff069797046588ac4aa01a5ee96f847b9b7a188cab219e44866c06492eec,True,2
80289,34735,240926_ML.npy,2026-09-26,2026-09-26 00:42:21.323220,7C7CF7,C172,CESSNA AIRCRAFT COMPANY,172M,0160325ccc04eb425d074f9b4d8295962944dc71da9295b6acc0f5fa8b5e13ef,True,5
80293,34739,240926_ML.npy,2026-09-26,2026-09-26 00:43:22.143354,7C2E75,C172,CESSNA AIRCRAFT COMPANY,172N,a6633d897f8ef9cfde4cee0435370c37f756ea2c80fc611b27a4255f7425cddd,True,5
80294,34740,240926_ML.npy,2026-09-26,2026-09-26 00:43:22.432656,7C2E75,C172,CESSNA AIRCRAFT COMPANY,172N,537a411f6d666b5552508369672999737cfab429b0e5d0136716492142f23c12,True,4
80297,34743,240926_ML.npy,2026-09-26,2026-09-26 00:43:24.593618,7C2E75,C172,CESSNA AIRCRAFT COMPANY,172N,b054cac776aadf96e266ff73f9fefd138a62b1651361ab2f925a54ce147f915b,True,3
80304,34750,240926_ML.npy,2026-09-26,2026-09-26 00:44:04.689541,7C444D,P28A,PIPER AIRCRAFT CORP,PA-28-181,0a712d93c3b436632b6313eca8379ae14858b33e3b9968582f2fdcbbff01ea49,True,2
80305,34751,240926_ML.npy,2026-09-26,2026-09-26 00:44:44.175889,7C444D,P28A,PIPER AIRCRAFT CORP,PA-28-181,c5ca52dc78331746081f101295028b19bcd347f3613a911379ca89b64bba2dc9,True,1
80308,34754,240926_ML.npy,2026-09-26,2026-09-26 00:44:45.715453,7C444D,P28A,PIPER AIRCRAFT CORP,PA-28-181,540a396b939d0d632a82d0fe0a2ce1e1717361be0e03dff494e207405f98b003,True,1
80310,34756,240926_ML.npy,2026-09-26,2026-09-26 00:45:03.955668,7C7CF7,C172,CESSNA AIRCRAFT COMPANY,172M,1cea4e261689fbdb702f7676ddeb4f2a0a3a27ae07f8d5458e826267520c8449,True,1
80312,34758,240926_ML.npy,2026-09-26,2026-09-26 00:45:08.184432,7C7CF7,C172,CESSNA AIRCRAFT COMPANY,172M,5fbd29ba1836b51d90ccf83814591a882d0324ae685f96cd392d4157df202904,True,4
80319,34765,240926_ML.npy,2026-09-26,2026-09-26 00:46:20.651651,7C7CF7,C172,CESSNA AIRCRAFT COMPANY,172M,fa460dab705339b6e80712263a13d62d9831474fc277d8b9fad8552c5fca349e,True,4
80321,34767,240926_ML.npy,2026-09-26,2026-09-26 00:46:27.171224,7C7CF7,C172,CESSNA AIRCRAFT COMPANY,172M,9d767ba32c9e512def7341cede9710f605cec02071111ca91b4dc8b41ed08e24,True,5
80330,34776,240926_ML.npy,2026-09-26,2026-09-26 00:46:37.106746,7C7CF7,C172,CESSNA AIRCRAFT COMPANY,172M,adc6c83fee23f83a09024b6bce3bf2582e145cd122d50fb1509dcc274d4f6938,True,5
80332,34778,240926_ML.npy,2026-09-26,2026-09-26 00:46:39.367739,7C7CF7,C172,CESSNA AIRCRAFT COMPANY,172M,8b0511ee5f2bd906bf8338ef14c86fc935623d66e98f1944a921fc0cc9ea4339,True,1
80334,34780,240926_ML.npy,2026-09-26,2026-09-26 00:50:51.482981,7C7CF7,C172,CESSNA AIRCRAFT COMPANY,172M,f04e20ec4890e82c16df86e0388e3d2af8f45ee62c099aba9e5eb4ff06ee01aa,True,3
80338,34784,240926_ML.npy,2026-09-26,2026-09-26 00:51:51.076531,7C7CF7,C172,CESSNA AIRCRAFT COMPANY,172M,e9f3f4f8cfdd01410e1430e970212687059d45031316f7e4f976839ccc3a5bca,True,4
80350,34796,240926_ML.npy,2026-09-26,2026-09-26 00:52:17.653778,7C7CF7,C172,CESSNA AIRCRAFT COMPANY,172M,ec85432b6171c4a51b77e032e52cf9a7cf800a5f0360607254e80d4e91c9629d,True,5
80379,34825,240926_ML.npy,2026-09-26,2026-09-26 01:02:32.206548,7C0077,DA40,DIAMOND AIRCRAFT INDUSTRIES INC.,DA 40,1c77ecd5bbf9fa9223ae07c9cf0c4fca920e9bb0df73a3d2c9fee3065f10ea40,True,5
80418,34864,240926_ML.npy,2026-09-26,2026-09-26 01:10:20.503328,7C67D3,C172,CESSNA AIRCRAFT COMPANY,172S,1890f1e545f58fd152be7748d6f386b2400c1c145c9c6fd2454bd8bbbddd20d3,True,4
80419,34865,240926_ML.npy,2026-09-26,2026-09-26 01:10:20.507306,7C67D3,C172,CESSNA AIRCRAFT COMPANY,172S,7e12a566a5525cb8fd6b1fee57033899e2b9ac01f9678424dcd4c9a0a93d91b9,True,2
80423,34869,240926_ML.npy,2026-09-26,2026-09-26 01:10:30.263349,7C67D3,C172,CESSNA AIRCRAFT COMPANY,172S,3e11f27107c2f59d3608c2f22bc93d4a7ff21b737c2bfd43dd0e52e2480d7a2c,True,5
80425,34871,240926_ML.npy,2026-09-26,2026-09-26 01:11:34.652239,7C0D65,DA42,DIAMOND AIRCRAFT INDUSTRIES INC.,DA 42,d23cf281e7c7c65d8fbe4f0946a7a8fd9efba2df7a87939929d36aa624e42e04,True,1
80428,34874,240926_ML.npy,2026-09-26,2026-09-26 01:11:37.636411,7C0D65,DA42,DIAMOND AIRCRAFT INDUSTRIES INC.,DA 42,ddfb4d9359878a21016e27f38ac5fe115687c199f7583e94f1c8d9d3a56d804a,True,1
80430,34876,240926_ML.npy,2026-09-26,2026-09-26 01:11:41.356088,7C0D65,DA42,DIAMOND AIRCRAFT INDUSTRIES INC.,DA 42,eb29992d0e0821df76798b6e13e485e847e322ad5920f22ff9abe93a6c31e08a,True,2
80435,34881,240926_ML.npy,2026-09-26,2026-09-26 01:11:44.503246,7C0D65,DA42,DIAMOND AIRCRAFT INDUSTRIES INC.,DA 42,fb2ef4811d01401cb46c6ade681d3326159dc18f4d48693bd53b17a8046f21a3,True,4
80437,34883,240926_ML.npy,2026-09-26,2026-09-26 01:11:48.520061,7C0D65,DA42,DIAMOND AIRCRAFT INDUSTRIES INC.,DA 42,5172715c36f3614ac72a7bd3684608f95fbd5182725be1920b2c0155273242ff,True,5
80440,34886,240926_ML.npy,2026-09-26,2026-09-26 01:11:52.061369,7C0D65,DA42,DIAMOND AIRCRAFT INDUSTRIES INC.,DA 42,601cbbec45d1e32dbe33cfc0b904db397b5c0dcc936a889910d3d1de8b18d61e,True,5
80444,34890,240926_ML.npy,2026-09-26,2026-09-26 01:11:58.512026,7C0D65,DA42,DIAMOND AIRCRAFT INDUSTRIES INC.,DA 42,795c698e32173657eee3b50c8bf2c1de9bded168d4284ea5b94f83cc11a0085d,True,3
80445,34891,240926_ML.npy,2026-09-26,2026-09-26 01:11:58.519139,7C0D65,DA42,DIAMOND AIRCRAFT INDUSTRIES INC.,DA 42,83be495b0d0359b5694514ef65398a6c1318282ea22bee6e8a4fe4cccf5f6a26,True,5
80446,34892,240926_ML.npy,2026-09-26,2026-09-26 01:11:58.956795,7C0D65,DA42,DIAMOND AIRCRAFT INDUSTRIES INC.,DA 42,17bc4932ddb556373502e8509d6e5339342e1923e99aa54431bc49838633da22,True,3
80447,34893,240926_ML.npy,2026-09-26,2026-09-26 01:11:58.960727,7C0D65,DA42,DIAMOND AIRCRAFT INDUSTRIES INC.,DA 42,1db54db1c012cc309d8ed916b972418f06cb9473844dca6dde64741265999386,True,1
80452,34898,240926_ML.npy,2026-09-26,2026-09-26 01:12:06.194892,7C0D65,DA42,DIAMOND AIRCRAFT INDUSTRIES INC.,DA 42,6cbe5135f36b61942b47fcd55f0049194b966df7560f6a396fa7eeaa8b6ab050,True,4
80453,34899,240926_ML.npy,2026-09-26,2026-09-26 01:12:06.442923,7C0D65,DA42,DIAMOND AIRCRAFT INDUSTRIES INC.,DA 42,c9a57771eda3f07bc79cceb7090cc01b356316db054af9c41c8897ec2f082877,True,2
80454,34900,240926_ML.npy,2026-09-26,2026-09-26 01:12:06.855649,7C0D65,DA42,DIAMOND AIRCRAFT INDUSTRIES INC.,DA 42,e282c4e93c725b94d6e96b174e177c80410e3b7e2253ae291e69937e2fae20df,True,2
80455,34901,240926_ML.npy,2026-09-26,2026-09-26 01:12:06.859481,7C0D65,DA42,DIAMOND AIRCRAFT INDUSTRIES INC.,DA 42,ee391b4fdc13b2170117922c51aead9218b47551389acfc30172ac0e24d6e516,True,3
80456,34902,240926_ML.npy,2026-09-26,2026-09-26 01:12:08.505550,7C0D65,DA42,DIAMOND AIRCRAFT INDUSTRIES INC.,DA 42,1648c82f00c1f354595a2bc5267e4333b04ccf991281007e865a6fb9d011d99d,True,1
80458,34904,240926_ML.npy,2026-09-26,2026-09-26 01:12:14.503920,7C0D65,DA42,DIAMOND AIRCRAFT INDUSTRIES INC.,DA 42,5aec891b6d51445c01db1d8d79df80234181161a052d9a95ef1f79b0529527a4,True,2
80462,34908,240926_ML.npy,2026-09-26,2026-09-26 01:12:28.099458,7C0D65,DA42,DIAMOND AIRCRAFT INDUSTRIES INC.,DA 42,bb5d00cb8d16b0149b4a59ef0261261897f9c486f3e18eff7734beede44e2b61,True,5
80471,34917,240926_ML.npy,2026-09-26,2026-09-26 01:14:25.637076,7C1687,DA40,DIAMOND AIRCRAFT INDUSTRIES INC.,DA 40,2a61f6e5c2c876a6a7e1557636c744c1fce23c074ae86bc451a22cae5fcb62e7,True,5
80492,34938,240926_ML.npy,2026-09-26,2026-09-26 01:33:46.123515,7C79B4,DA42,DIAMOND AIRCRAFT INDUSTRIES,DA 42,42848d730ad29174ee2b9b010f4edb4142447d896d84233b2225e80ce8ad0d34,True,1
80498,34944,240926_ML.npy,2026-09-26,2026-09-26 01:33:53.372107,7C79B4,DA42,DIAMOND AIRCRAFT INDUSTRIES,DA 42,0c9345956c60d61a01b8227ffc95693e62831532dc856456cf47a9604ee03467,True,4
80501,34947,240926_ML.npy,2026-09-26,2026-09-26 01:33:56.814552,7C79B4,DA42,DIAMOND AIRCRAFT INDUSTRIES,DA 42,76316d9ce0c021b10e5954246027599631c4df22a0a0bc0004dacdcf4ec7b1ba,True,1
80502,34948,240926_ML.npy,2026-09-26,2026-09-26 01:33:56.868456,7C79B4,DA42,DIAMOND AIRCRAFT INDUSTRIES,DA 42,095b1438081fa5e3a9c7a42da7faa28c452f8a12a63c3defbd36277f022b78d7,True,5
80504,34950,240926_ML.npy,2026-09-26,2026-09-26 01:33:58.444006,7C7C31,DA40,DIAMOND AIRCRAFT INDUSTRIES INC.,DA 40,e55edb0ef86fccffea326aa6fdd227be9963f9132bc2e21df50ac47a745e4616,True,1
80508,34954,240926_ML.npy,2026-09-26,2026-09-26 01:34:02.506805,7C79B4,DA42,DIAMOND AIRCRAFT INDUSTRIES,DA 42,7fda5c029952faccd4c7232b3c4af31386545e6a882b924086529d5b781f0b05,True,3
80509,34955,240926_ML.npy,2026-09-26,2026-09-26 01:34:03.379706,7C79B4,DA42,DIAMOND AIRCRAFT INDUSTRIES,DA 42,9563bb5c66a110cb1bf28f4c6d45e70b6c60bce7a79357bb4bdecfeeaccc8793,True,3
80510,34956,240926_ML.npy,2026-09-26,2026-09-26 01:34:04.423223,7C79B4,DA42,DIAMOND AIRCRAFT INDUSTRIES,DA 42,91f6177defc067aa242349f5267ba099e2d93e575b5b3c210af27ff8957d2312,True,4
80511,34957,240926_ML.npy,2026-09-26,2026-09-26 01:34:05.768383,7C79B4,DA42,DIAMOND AIRCRAFT INDUSTRIES,DA 42,464f1090a7d27ae686e550df45dc49fde92b5b1a62e8923b1dcbeed997812e3c,True,4
80512,34958,240926_ML.npy,2026-09-26,2026-09-26 01:34:09.525494,7C79B4,DA42,DIAMOND AIRCRAFT INDUSTRIES,DA 42,464f1090a7d27ae686e550df45dc49fde92b5b1a62e8923b1dcbeed997812e3c,True,5
80513,34959,240926_ML.npy,2026-09-26,2026-09-26 01:34:09.920299,7C79B4,DA42,DIAMOND AIRCRAFT INDUSTRIES,DA 42,552f6dfef2d81d4299b1a699231d50c782e478f4976333cc075b3a17b5bb1062,True,1
80514,34960,240926_ML.npy,2026-09-26,2026-09-26 01:34:09.924994,7C79B4,DA42,DIAMOND AIRCRAFT INDUSTRIES,DA 42,0a33dd7d1196f41ce8827c805c28ec46d5206a77f0426cb0bd639ab89cf73dee,True,1
80515,34961,240926_ML.npy,2026-09-26,2026-09-26 01:34:10.172493,7C79B4,DA42,DIAMOND AIRCRAFT INDUSTRIES,DA 42,80090aa521432a024b43a445cd0eaf0818535865c12d1414c4684a5754a3dab1,True,4
80518,34964,240926_ML.npy,2026-09-26,2026-09-26 01:34:15.792407,7C79B4,DA42,DIAMOND AIRCRAFT INDUSTRIES,DA 42,464f1090a7d27ae686e550df45dc49fde92b5b1a62e8923b1dcbeed997812e3c,True,4
80519,34965,240926_ML.npy,2026-09-26,2026-09-26 01:34:18.797444,7C79B4,DA42,DIAMOND AIRCRAFT INDUSTRIES,DA 42,e300cbfff9cb32e9582add5537c00b104b378134e25ade006934a61a918ebdb7,True,4
80520,34966,240926_ML.npy,2026-09-26,2026-09-26 01:34:18.802499,7C79B4,DA42,DIAMOND AIRCRAFT INDUSTRIES,DA 42,9c941720a0827d86239cea035709a07d3cce060e10eaffef351412dda0a4c965,True,4
80521,34967,240926_ML.npy,2026-09-26,2026-09-26 01:34:19.378235,7C79B4,DA42,DIAMOND AIRCRAFT INDUSTRIES,DA 42,eae889f6728bc3be70e4f4942dad708ffd73e342c55aefef2bd9f3c69bbe00cc,True,1
80523,34969,240926_ML.npy,2026-09-26,2026-09-26 01:34:20.844809,7C79B4,DA42,DIAMOND AIRCRAFT INDUSTRIES,DA 42,464f1090a7d27ae686e550df45dc49fde92b5b1a62e8923b1dcbeed997812e3c,True,3
80528,34974,240926_ML.npy,2026-09-26,2026-09-26 01:34:31.020486,7C7C31,DA40,DIAMOND AIRCRAFT INDUSTRIES INC.,DA 40,7a05a11016707f48682aad24501a50a2a5a15aa5aa187c7dbcde435bcd050be6,True,5
80530,34976,240926_ML.npy,2026-09-26,2026-09-26 01:34:33.612038,7C79B4,DA42,DIAMOND AIRCRAFT INDUSTRIES,DA 42,0c875fd00fd59d9cfc5ba9b199f36153d9644445f0c735b089519f16f5c4ddc0,True,3
80533,34979,240926_ML.npy,2026-09-26,2026-09-26 01:34:42.038730,7C79B4,DA42,DIAMOND AIRCRAFT INDUSTRIES,DA 42,464f1090a7d27ae686e550df45dc49fde92b5b1a62e8923b1dcbeed997812e3c,True,4
80535,34981,240926_ML.npy,2026-09-26,2026-09-26 01:34:44.181057,7C79B4,DA42,DIAMOND AIRCRAFT INDUSTRIES,DA 42,91be8962a7b676dd530df2cfa0be4400d9ee51ca1f4bdecbba408f0d4653070f,True,4
80536,34982,240926_ML.npy,2026-09-26,2026-09-26 01:34:49.675580,7C79B4,DA42,DIAMOND AIRCRAFT INDUSTRIES,DA 42,94de4c26a016ea4aff73b0fd90e08797e1722dd90391761fae1377c7eef23378,True,5
80537,34983,240926_ML.npy,2026-09-26,2026-09-26 01:34:49.679567,7C79B4,DA42,DIAMOND AIRCRAFT INDUSTRIES,DA 42,fdada4a5bc6ec6ea896c20a4c1c8a5533c68f65604069f6603d8f68ed3d29c4f,True,3
80558,35004,240926_ML.npy,2026-09-26,2026-09-26 01:39:42.722378,7C168B,DA40,DIAMOND AIRCRAFT INDUSTRIES INC.,DA 40,f541a0217e4e93853b3c45bc80b5b623c89f25bb2151d409a2eb0f0d2d700247,True,4
80893,35339,240926_ML.npy,2026-09-26,2026-09-26 02:37:17.990538,7C7B60,DA40,DIAMOND AIRCRAFT INDUSTRIES INC.,DA 40,53686095ab74392d84825f331cc38723a8d498dee07df08420b036047d660010,True,4
80913,35359,240926_ML.npy,2026-09-26,2026-09-26 02:37:56.265860,7C7B60,DA40,DIAMOND AIRCRAFT INDUSTRIES INC.,DA 40,57d62e98aafaefe3f98db52559bf11783fc936c8e5a6213e6ebbe723e564a4f6,True,2
80928,35374,240926_ML.npy,2026-09-26,2026-09-26 02:38:44.577874,7C7B60,DA40,DIAMOND AIRCRAFT INDUSTRIES INC.,DA 40,c84837670e0c1ebb4493fbc9a336a3b76b97287f52067af335b349bec2dcfcbd,True,4
80934,35380,240926_ML.npy,2026-09-26,2026-09-26 02:39:12.258094,7C7B60,DA40,DIAMOND AIRCRAFT INDUSTRIES INC.,DA 40,dfeb6dfe210463c0473091cd7dbf10da27cf7e87a2c2a092a2459812d72f2bfa,True,5
80951,35397,240926_ML.npy,2026-09-26,2026-09-26 02:41:04.525347,7C7B60,DA40,DIAMOND AIRCRAFT INDUSTRIES INC.,DA 40,ce1e77e1e0aeaecc7dcf918d59afebe82023ef23145d6903574f633de4ddbb3a,True,1
80976,35422,240926_ML.npy,2026-09-26,2026-09-26 02:41:33.349682,7C7B60,DA40,DIAMOND AIRCRAFT INDUSTRIES INC.,DA 40,ce1e77e1e0aeaecc7dcf918d59afebe82023ef23145d6903574f633de4ddbb3a,True,4
80991,35437,240926_ML.npy,2026-09-26,2026-09-26 02:41:55.515711,7C7B60,DA40,DIAMOND AIRCRAFT INDUSTRIES INC.,DA 40,da782a926807b1442581f13a7508c478eb90a24c2860fd166f1cb524d56b0941,True,2
80997,35443,240926_ML.npy,2026-09-26,2026-09-26 02:42:26.379366,7C7B60,DA40,DIAMOND AIRCRAFT INDUSTRIES INC.,DA 40,69a168bca9802c9aaf857d83be598331a68f1de3af9e7bc1da3407a59e617f71,True,2
81016,35462,240926_ML.npy,2026-09-26,2026-09-26 02:45:55.099510,7C7B60,DA40,DIAMOND AIRCRAFT INDUSTRIES INC.,DA 40,84000d5669027a22e944e41ab33b98f243bb2fcb1d24948c0092697c3866c483,True,1
81058,35504,240926_ML.npy,2026-09-26,2026-09-26 02:46:36.894268,7C7B60,DA40,DIAMOND AIRCRAFT INDUSTRIES INC.,DA 40,8fa61e3e9fc520c12a50c7f3b17fee327d3eba3d67d70d68b28f359615e706e9,True,3
81080,35526,240926_ML.npy,2026-09-26,2026-09-26 02:50:21.631089,7C7B60,DA40,DIAMOND AIRCRAFT INDUSTRIES INC.,DA 40,84000d5669027a22e944e41ab33b98f243bb2fcb1d24948c0092697c3866c483,True,5
81095,35541,240926_ML.npy,2026-09-26,2026-09-26 02:50:49.248432,7C7B60,DA40,DIAMOND AIRCRAFT INDUSTRIES INC.,DA 40,0b8dca93056eef21c5050d9083baa7f253c0a8c9d7d2d15d0b58ad4b2b21acb0,True,3
81097,35543,240926_ML.npy,2026-09-26,2026-09-26 02:50:51.844283,7C7B60,DA40,DIAMOND AIRCRAFT INDUSTRIES INC.,DA 40,869fcbfa76b5a041755824209de7b8a169d3ee32e43aaeeb2b8a3b1b6b6c814a,True,2
81106,35552,240926_ML.npy,2026-09-26,2026-09-26 02:51:06.765205,7C7B60,DA40,DIAMOND AIRCRAFT INDUSTRIES INC.,DA 40,e4bbeb7ec8d95564a024d600a801e16ae9e5fc07b0c8e2076938016ce50c97ee,True,2
81112,35558,240926_ML.npy,2026-09-26,2026-09-26 02:51:14.628530,7C7B60,DA40,DIAMOND AIRCRAFT INDUSTRIES INC.,DA 40,528efafa3fa4949ae5cbaad70080e73b3148362722215f4b4f130ac09d08e9d3,True,1
81114,35560,240926_ML.npy,2026-09-26,2026-09-26 02:51:18.228336,7C7B60,DA40,DIAMOND AIRCRAFT INDUSTRIES INC.,DA 40,94d7219cc75d7241fa611612c879ebd14e42d0135a1a9317424d0e1cc56adb41,True,4
81115,35561,240926_ML.npy,2026-09-26,2026-09-26 02:51:18.262260,7C7B60,DA40,DIAMOND AIRCRAFT INDUSTRIES INC.,DA 40,030a1d7640483a3296f9b7d0cd6630cc5a443150b7375382763526c99afb63bf,True,2
81118,35564,240926_ML.npy,2026-09-26,2026-09-26 02:51:24.369362,7C7B60,DA40,DIAMOND AIRCRAFT INDUSTRIES INC.,DA 40,d881aa48a2692d26b0fbc33377d3b85e07828fbf9dfa4e9d55570a959c21192c,True,4
81139,35585,240926_ML.npy,2026-09-26,2026-09-26 02:53:00.186357,7C7B60,DA40,DIAMOND AIRCRAFT INDUSTRIES INC.,DA 40,063b55d9092e374c3fadb509577765e4435bfd063566eeb67acdb3796bf18409,True,2
81144,35590,240926_ML.npy,2026-09-26,2026-09-26 02:53:35.681326,7C7B60,DA40,DIAMOND AIRCRAFT INDUSTRIES INC.,DA 40,0e1378a944de25e63e035dee9ef44324974739536049662714f17205052aec13,True,1
81149,35595,240926_ML.npy,2026-09-26,2026-09-26 02:54:57.242787,7C7B60,DA40,DIAMOND AIRCRAFT INDUSTRIES INC.,DA 40,d607cff00a69ebcba59d5c3b67886751156a1e893318334697d322f9ff772af3,True,5
81151,35597,240926_ML.npy,2026-09-26,2026-09-26 02:55:01.526291,7C444D,P28A,PIPER AIRCRAFT CORP,PA-28-181,d8ca3e90afb3bc1d4dca52ed572384b0662a75fc6da6c43081f935eb45116e9f,True,1
81153,35599,240926_ML.npy,2026-09-26,2026-09-26 02:55:02.016159,7C444D,P28A,PIPER AIRCRAFT CORP,PA-28-181,047e562dd0880c06c982ddcb83a59911749d912014c24334ebee9a57176f1d0b,True,3
81155,35601,240926_ML.npy,2026-09-26,2026-09-26 02:55:02.776306,7C444D,P28A,PIPER AIRCRAFT CORP,PA-28-181,114cf5618f71286ef64e31b3915b2a348225b45850f6aee4a74ba38989d536f1,True,1
81156,35602,240926_ML.npy,2026-09-26,2026-09-26 02:55:03.026048,7C444D,P28A,PIPER AIRCRAFT CORP,PA-28-181,6442b597c02c57e8df8760935619bd316cc00f637fb4734b5db9fca1d05c6d0e,True,2
81157,35603,240926_ML.npy,2026-09-26,2026-09-26 02:55:03.849999,7C444D,P28A,PIPER AIRCRAFT CORP,PA-28-181,34526c431c8e909548402f83322a4d04f8766dc1d4d1338ff0e35fe9d61e2dd2,True,1
81158,35604,240926_ML.npy,2026-09-26,2026-09-26 02:55:04.021707,7C444D,P28A,PIPER AIRCRAFT CORP,PA-28-181,e580ef61fbf4495a13f77c4c9965750d2673f92ec286b55bcc8a9082ae15e28d,True,3
81164,35610,240926_ML.npy,2026-09-26,2026-09-26 02:55:08.953130,7C444D,P28A,PIPER AIRCRAFT CORP,PA-28-181,bb2344a754ca24c9f224abeb5e4321515dfc2b554e0755047df7e4d089addba7,True,1
81175,35621,240926_ML.npy,2026-09-26,2026-09-26 02:55:18.650741,7C444D,P28A,PIPER AIRCRAFT CORP,PA-28-181,5874798177d4732f51088d868d41eb603aacfcf4a445508986161430ddd15252,True,1
81176,35622,240926_ML.npy,2026-09-26,2026-09-26 02:55:19.048650,7C444D,P28A,PIPER AIRCRAFT CORP,PA-28-181,d8ca3e90afb3bc1d4dca52ed572384b0662a75fc6da6c43081f935eb45116e9f,True,5
81180,35626,240926_ML.npy,2026-09-26,2026-09-26 02:55:23.907718,7C444D,P28A,PIPER AIRCRAFT CORP,PA-28-181,4f6eb0801a90a7b192707d0f74a7ee44de5b9bb347b5422143ccff539d0a1967,True,5
81181,35627,240926_ML.npy,2026-09-26,2026-09-26 02:55:24.183661,7C444D,P28A,PIPER AIRCRAFT CORP,PA-28-181,d8ca3e90afb3bc1d4dca52ed572384b0662a75fc6da6c43081f935eb45116e9f,True,4
81187,35633,240926_ML.npy,2026-09-26,2026-09-26 02:55:31.428157,7C7B60,DA40,DIAMOND AIRCRAFT INDUSTRIES INC.,DA 40,85c864584b7636f816e884d88849d321c26ea1e2f97b923bc8f5b7e59022cc8a,True,4
81189,35635,240926_ML.npy,2026-09-26,2026-09-26 02:55:32.623849,7C444D,P28A,PIPER AIRCRAFT CORP,PA-28-181,0a712d93c3b436632b6313eca8379ae14858b33e3b9968582f2fdcbbff01ea49,True,3
81192,35638,240926_ML.npy,2026-09-26,2026-09-26 02:55:33.807814,7C444D,P28A,PIPER AIRCRAFT CORP,PA-28-181,6ca87fd1ac08aebb4e296b2e0fc190df1d56eff57c8eb3eb2f582a36207ea894,True,2
81193,35639,240926_ML.npy,2026-09-26,2026-09-26 02:55:34.005793,7C444D,P28A,PIPER AIRCRAFT CORP,PA-28-181,d8ca3e90afb3bc1d4dca52ed572384b0662a75fc6da6c43081f935eb45116e9f,True,1
81196,35642,240926_ML.npy,2026-09-26,2026-09-26 02:55:36.469298,7C444D,P28A,PIPER AIRCRAFT CORP,PA-28-181,d8ca3e90afb3bc1d4dca52ed572384b0662a75fc6da6c43081f935eb45116e9f,True,5
81199,35645,240926_ML.npy,2026-09-26,2026-09-26 02:55:37.524813,7C444D,P28A,PIPER AIRCRAFT CORP,PA-28-181,0a712d93c3b436632b6313eca8379ae14858b33e3b9968582f2fdcbbff01ea49,True,5
81200,35646,240926_ML.npy,2026-09-26,2026-09-26 02:55:38.457559,7C7B60,DA40,DIAMOND AIRCRAFT INDUSTRIES INC.,DA 40,ce1e77e1e0aeaecc7dcf918d59afebe82023ef23145d6903574f633de4ddbb3a,True,4
81202,35648,240926_ML.npy,2026-09-26,2026-09-26 02:55:38.821534,7C7B60,DA40,DIAMOND AIRCRAFT INDUSTRIES INC.,DA 40,8e4a885d3f84317b5ab6a4c636f83f48305c0247b142e934308659c0d2601f35,True,3
81210,35656,240926_ML.npy,2026-09-26,2026-09-26 02:56:19.838447,7C444D,P28A,PIPER AIRCRAFT CORP,PA-28-181,bdbea92283397c39fbb177d0e95a1912f7416a11383c2ccf93c282201996d94c,True,2
81211,35657,240926_ML.npy,2026-09-26,2026-09-26 02:56:23.125852,7C444D,P28A,PIPER AIRCRAFT CORP,PA-28-181,bfe241258ddb50eddf7c48107a00b4d6f6ce76d694c40bc7b65441b3f7592e05,True,1
81212,35658,240926_ML.npy,2026-09-26,2026-09-26 02:56:27.798850,7C444D,P28A,PIPER AIRCRAFT CORP,PA-28-181,bef41eacc0d8ca62dfc4405ba31a85df49f834cf8fd57000cd953cfbda77dfd1,True,2
81213,35659,240926_ML.npy,2026-09-26,2026-09-26 02:56:32.713834,7C444D,P28A,PIPER AIRCRAFT CORP,PA-28-181,ba6ee9f2ab6a3e06f992f82d777dfdada79515f694fb705284764a9de07d4a92,True,2
81214,35660,240926_ML.npy,2026-09-26,2026-09-26 02:56:33.169393,7C444D,P28A,PIPER AIRCRAFT CORP,PA-28-181,27078e90bd50283d1738654179242b355ad03376ec9e6371681d2899bc90ebcd,True,1
81215,35661,240926_ML.npy,2026-09-26,2026-09-26 02:56:37.052587,7C444D,P28A,PIPER AIRCRAFT CORP,PA-28-181,0a712d93c3b436632b6313eca8379ae14858b33e3b9968582f2fdcbbff01ea49,True,2
81216,35662,240926_ML.npy,2026-09-26,2026-09-26 02:56:38.742498,7C444D,P28A,PIPER AIRCRAFT CORP,PA-28-181,94eec08778c63eef11e6f745194278d84665cf5709bfe38c61d22e2498514d85,True,4
81217,35663,240926_ML.npy,2026-09-26,2026-09-26 02:56:41.571846,7C444D,P28A,PIPER AIRCRAFT CORP,PA-28-181,d9e6507168176d11085c616c09d5f6b8aeda8ccecfbaaa6fa2484f4e997a34f8,True,2
81218,35664,240926_ML.npy,2026-09-26,2026-09-26 02:56:43.455655,7C444D,P28A,PIPER AIRCRAFT CORP,PA-28-181,b1716ae8d326df3c9ebc15a6f8db0ae10114fc8716fba6e657104c723cb91d05,True,1
81219,35665,240926_ML.npy,2026-09-26,2026-09-26 02:56:44.551706,7C444D,P28A,PIPER AIRCRAFT CORP,PA-28-181,e8b85f1b045c466ab617945f2187f9f2a4c1864a119b36beb113858524ad2d3d,True,4
81220,35666,240926_ML.npy,2026-09-26,2026-09-26 02:56:49.556394,7C444D,P28A,PIPER AIRCRAFT CORP,PA-28-181,9fb129f8502d72b2401cd5a76a25c501ca91e9b2ba4f01290a75f7faa0797893,True,1
81221,35667,240926_ML.npy,2026-09-26,2026-09-26 02:56:49.586311,7C444D,P28A,PIPER AIRCRAFT CORP,PA-28-181,01da2bc8d0b9e8e8a2c57f5c22d202fe31d155d937e7951d1a1945796ef2f287,True,2
81223,35669,240926_ML.npy,2026-09-26,2026-09-26 02:56:50.114143,7C444D,P28A,PIPER AIRCRAFT CORP,PA-28-181,e51b3be64c027961ea886386e30a55edf01e093aa38777c5028772a45bdba7ae,True,5
81224,35670,240926_ML.npy,2026-09-26,2026-09-26 02:56:50.580090,7C444D,P28A,PIPER AIRCRAFT CORP,PA-28-181,96c8c6657d6a85919ab7761a61460b02c5b0014eb73d8f3ce6fa459f7a9d48dd,True,2
81225,35671,240926_ML.npy,2026-09-26,2026-09-26 02:56:53.675211,7C444D,P28A,PIPER AIRCRAFT CORP,PA-28-181,54380cc5112f47da08d14fba980deb91e94b69a07ea4c0958e85b85d00e91d59,True,1
81226,35672,240926_ML.npy,2026-09-26,2026-09-26 02:56:54.201415,7C444D,P28A,PIPER AIRCRAFT CORP,PA-28-181,c6e188cbab3e0c26b244f0dbd919dccdd6b5e2d3f1021e9f1e5cce7a1291d1ea,True,4
81227,35673,240926_ML.npy,2026-09-26,2026-09-26 02:56:56.349164,7C444D,P28A,PIPER AIRCRAFT CORP,PA-28-181,c865b941f78dbf6a37afc08ff77e6ad5aac87519869be555932805e088b1b65f,True,2
81228,35674,240926_ML.npy,2026-09-26,2026-09-26 02:56:56.432963,7C444D,P28A,PIPER AIRCRAFT CORP,PA-28-181,d8ca3e90afb3bc1d4dca52ed572384b0662a75fc6da6c43081f935eb45116e9f,True,2
81229,35675,240926_ML.npy,2026-09-26,2026-09-26 02:56:57.030540,7C444D,P28A,PIPER AIRCRAFT CORP,PA-28-181,14410bb595cd76e8b5dfa98646d6b087b425fa0e76b9993812ef7fcfa8ef5dfd,True,5
81230,35676,240926_ML.npy,2026-09-26,2026-09-26 02:56:57.690793,7C444D,P28A,PIPER AIRCRAFT CORP,PA-28-181,0a712d93c3b436632b6313eca8379ae14858b33e3b9968582f2fdcbbff01ea49,True,2
81231,35677,240926_ML.npy,2026-09-26,2026-09-26 02:56:58.040812,7C444D,P28A,PIPER AIRCRAFT CORP,PA-28-181,3727aad14511d7757f113137bc5dbc3ff07d47d092d025aee89808175ec0bc40,True,2
81232,35678,240926_ML.npy,2026-09-26,2026-09-26 02:56:58.984417,7C444D,P28A,PIPER AIRCRAFT CORP,PA-28-181,c59def48ff142b8d17d8a8b6e78b4bc2a84b5f755b70e7a6a125dec625c9eb1d,True,5
81234,35680,240926_ML.npy,2026-09-26,2026-09-26 02:57:00.141956,7C444D,P28A,PIPER AIRCRAFT CORP,PA-28-181,4e927d01af398af2990618ea2b87f7a3b3f79bbebe3f9c3f46be1e38bcdfb18c,True,1
81235,35681,240926_ML.npy,2026-09-26,2026-09-26 02:57:01.492022,7C444D,P28A,PIPER AIRCRAFT CORP,PA-28-181,a30900232050096681e10ac417f71b53a559985cb521b5c1bfb1af55874a314c,True,4
81236,35682,240926_ML.npy,2026-09-26,2026-09-26 02:57:02.369692,7C444D,P28A,PIPER AIRCRAFT CORP,PA-28-181,c61520a6b79a92a3c8c5361182a78cd8adfa195c8364b680c17a95e8c1e2a03c,True,5
81237,35683,240926_ML.npy,2026-09-26,2026-09-26 02:57:02.841720,7C444D,P28A,PIPER AIRCRAFT CORP,PA-28-181,0a712d93c3b436632b6313eca8379ae14858b33e3b9968582f2fdcbbff01ea49,True,4
81238,35684,240926_ML.npy,2026-09-26,2026-09-26 02:57:03.095765,7C444D,P28A,PIPER AIRCRAFT CORP,PA-28-181,8ca84289f371c0d3f0e33308ed7f50b8ac2730ebe5b16fef2817d834963333cb,True,4
81239,35685,240926_ML.npy,2026-09-26,2026-09-26 02:57:04.897555,7C444D,P28A,PIPER AIRCRAFT CORP,PA-28-181,bdbea92283397c39fbb177d0e95a1912f7416a11383c2ccf93c282201996d94c,True,2
81240,35686,240926_ML.npy,2026-09-26,2026-09-26 02:57:06.591038,7C444D,P28A,PIPER AIRCRAFT CORP,PA-28-181,b6500bd08e33d10a16362d326595a39b036165193e28698a35b7372e06971af9,True,5
81241,35687,240926_ML.npy,2026-09-26,2026-09-26 02:57:13.395602,7C444D,P28A,PIPER AIRCRAFT CORP,PA-28-181,09ecead7b49a404e5cfb65883408e17868243cf591322f87bd6f5d052ced028b,True,5
81242,35688,240926_ML.npy,2026-09-26,2026-09-26 02:57:19.070342,7C444D,P28A,PIPER AIRCRAFT CORP,PA-28-181,673692c276e1e23a471ddf13cc32a28196d8e519522e41bbcb9bf1798bde8478,True,5
81243,35689,240926_ML.npy,2026-09-26,2026-09-26 02:57:20.070367,7C444D,P28A,PIPER AIRCRAFT CORP,PA-28-181,a20d43a2725e80e927230cf7773b6745a81c022bec3a6119a2ed607b44745eb8,True,2
81244,35690,240926_ML.npy,2026-09-26,2026-09-26 02:57:20.991950,7C444D,P28A,PIPER AIRCRAFT CORP,PA-28-181,9f1394a689181767391bdb8db3ab350e8eeeb1e7e968d0b13ac947d4191ae921,True,2
81245,35691,240926_ML.npy,2026-09-26,2026-09-26 02:57:21.313589,7C444D,P28A,PIPER AIRCRAFT CORP,PA-28-181,d8ca3e90afb3bc1d4dca52ed572384b0662a75fc6da6c43081f935eb45116e9f,True,1
81246,35692,240926_ML.npy,2026-09-26,2026-09-26 02:57:23.163514,7C444D,P28A,PIPER AIRCRAFT CORP,PA-28-181,1f9b18257910f76c9076080994da1c28abbf5247e1dc83680f1a580253b1afc6,True,4
81247,35693,240926_ML.npy,2026-09-26,2026-09-26 02:57:24.127503,7C444D,P28A,PIPER AIRCRAFT CORP,PA-28-181,487ec83254e728c89fe1ac9dde6e9e7e4c45e9b8813aa02bd97eb6b2aadfc32d,True,4
81248,35694,240926_ML.npy,2026-09-26,2026-09-26 02:57:26.866914,7C444D,P28A,PIPER AIRCRAFT CORP,PA-28-181,e9b647d6ebd62ad4d855011bd490b14283594f79bf2e4fc2b0b46cd5d4d366ad,True,5
81249,35695,240926_ML.npy,2026-09-26,2026-09-26 02:57:28.872553,7C444D,P28A,PIPER AIRCRAFT CORP,PA-28-181,d8ca3e90afb3bc1d4dca52ed572384b0662a75fc6da6c43081f935eb45116e9f,True,2
81250,35696,240926_ML.npy,2026-09-26,2026-09-26 02:57:29.492662,7C444D,P28A,PIPER AIRCRAFT CORP,PA-28-181,7ef709fbf6a3676d843e36e389e06199d7149ef21d3d749284572b4849dd83df,True,2
81251,35697,240926_ML.npy,2026-09-26,2026-09-26 02:57:30.804092,7C444D,P28A,PIPER AIRCRAFT CORP,PA-28-181,34e84429518e081192ddbf33afaddb245a9c052328df5b15a164a8acf2f7eeeb,True,1
81252,35698,240926_ML.npy,2026-09-26,2026-09-26 02:57:31.383528,7C444D,P28A,PIPER AIRCRAFT CORP,PA-28-181,34e84429518e081192ddbf33afaddb245a9c052328df5b15a164a8acf2f7eeeb,True,2
81253,35699,240926_ML.npy,2026-09-26,2026-09-26 02:57:33.381757,7C444D,P28A,PIPER AIRCRAFT CORP,PA-28-181,7d8a66c1c9cd14347fdef51a10dea25d6e6421d9939a30e8fa5085a75831fbb0,True,4
81254,35700,240926_ML.npy,2026-09-26,2026-09-26 02:57:34.373380,7C444D,P28A,PIPER AIRCRAFT CORP,PA-28-181,9d93583c73f7bcd6e48db6a756ff3327437461939018e5ebf68f9933763acf02,True,2
81255,35701,240926_ML.npy,2026-09-26,2026-09-26 02:57:37.406879,7C444D,P28A,PIPER AIRCRAFT CORP,PA-28-181,c75fc32ca93b239d3eea061bc4dc6a38174fc53ac01dbdb5345107efcf4d03c1,True,4
81256,35702,240926_ML.npy,2026-09-26,2026-09-26 02:57:37.564877,7C444D,P28A,PIPER AIRCRAFT CORP,PA-28-181,0a712d93c3b436632b6313eca8379ae14858b33e3b9968582f2fdcbbff01ea49,True,1
81257,35703,240926_ML.npy,2026-09-26,2026-09-26 02:57:38.898508,7C444D,P28A,PIPER AIRCRAFT CORP,PA-28-181,2f1d7c90e4dee2ead3496cb6563537edcb56eae3a9377403699546a1565ed5de,True,3
81258,35704,240926_ML.npy,2026-09-26,2026-09-26 02:57:39.042076,7C444D,P28A,PIPER AIRCRAFT CORP,PA-28-181,ace2d614c59b3b77f19fb7d38ca3cf6b6a67006e2fa2db955a13ee3f458d2e49,True,2
81259,35705,240926_ML.npy,2026-09-26,2026-09-26 02:57:45.099019,7C444D,P28A,PIPER AIRCRAFT CORP,PA-28-181,bdbea92283397c39fbb177d0e95a1912f7416a11383c2ccf93c282201996d94c,True,4
81265,35711,240926_ML.npy,2026-09-26,2026-09-26 02:59:38.450431,7C7B60,DA40,DIAMOND AIRCRAFT INDUSTRIES INC.,DA 40,ce1e77e1e0aeaecc7dcf918d59afebe82023ef23145d6903574f633de4ddbb3a,True,5
81286,35732,240926_ML.npy,2026-09-26,2026-09-26 03:00:24.870866,7C444D,P28A,PIPER AIRCRAFT CORP,PA-28-181,a6be701ea5f1e8f0b22c491dd1d4ad60ac9fa5fc967d47348e8d1dd7d7011a51,True,5
81287,35733,240926_ML.npy,2026-09-26,2026-09-26 03:00:26.886609,7C444D,P28A,PIPER AIRCRAFT CORP,PA-28-181,e72226920393bbb9d94a86ab1040c0f845a3d2e2a0524c9a6ba63824d862ce65,True,5
81288,35734,240926_ML.npy,2026-09-26,2026-09-26 03:00:27.074278,7C444D,P28A,PIPER AIRCRAFT CORP,PA-28-181,1ac23b1ffe4e3c5bc6617f69007f0e1c624bc14c908e55a9b3bc6e49ddab9566,True,3
81291,35737,240926_ML.npy,2026-09-26,2026-09-26 03:00:47.880143,7C444D,P28A,PIPER AIRCRAFT CORP,PA-28-181,ad2d751e4b8be4385c9131a0ff5718720e558fa01a85298557be5f7c22505caf,True,2
81292,35738,240926_ML.npy,2026-09-26,2026-09-26 03:00:49.981730,7C444D,P28A,PIPER AIRCRAFT CORP,PA-28-181,236186ba7adbd9ea7b4a87f536bd5836da4d4e8004d5de5f30197fa672dc06bf,True,4
81293,35739,240926_ML.npy,2026-09-26,2026-09-26 03:00:52.546831,7C444D,P28A,PIPER AIRCRAFT CORP,PA-28-181,c73024e1d6b40aa55d2551034bb891688bbfe9f3d823f2274ca6199b8585c121,True,2
81294,35740,240926_ML.npy,2026-09-26,2026-09-26 03:01:45.956192,7C444D,P28A,PIPER AIRCRAFT CORP,PA-28-181,3650f56300765381a91463b965d67d0e9a5bd8037949b7f3cfc9dbc613aa0948,True,2
81295,35741,240926_ML.npy,2026-09-26,2026-09-26 03:01:46.008950,7C444D,P28A,PIPER AIRCRAFT CORP,PA-28-181,bc47abad18a996d8e3b974761549b373b6633c5d8c6d13c8db1319999389b063,True,2
81296,35742,240926_ML.npy,2026-09-26,2026-09-26 03:01:46.972017,7C444D,P28A,PIPER AIRCRAFT CORP,PA-28-181,cf5f41d9c52cfbdd671038816533fb514e39513664931c2d42afa9bbee4ec6f8,True,5
81297,35743,240926_ML.npy,2026-09-26,2026-09-26 03:01:47.627992,7C444D,P28A,PIPER AIRCRAFT CORP,PA-28-181,36648d67028a40fd91e76aedcdc60ffd8fdb1e5b292486b2d71b35248cf211e9,True,3
81298,35744,240926_ML.npy,2026-09-26,2026-09-26 03:01:50.643403,7C444D,P28A,PIPER AIRCRAFT CORP,PA-28-181,bdbea92283397c39fbb177d0e95a1912f7416a11383c2ccf93c282201996d94c,True,4
81299,35745,240926_ML.npy,2026-09-26,2026-09-26 03:01:51.098993,7C444D,P28A,PIPER AIRCRAFT CORP,PA-28-181,d8ca3e90afb3bc1d4dca52ed572384b0662a75fc6da6c43081f935eb45116e9f,True,5
81300,35746,240926_ML.npy,2026-09-26,2026-09-26 03:01:51.379401,7C444D,P28A,PIPER AIRCRAFT CORP,PA-28-181,298504fa5917a664578fa75598d79ae99c0c370735782bb11bbd824fd5f61860,True,4
81301,35747,240926_ML.npy,2026-09-26,2026-09-26 03:01:52.534976,7C444D,P28A,PIPER AIRCRAFT CORP,PA-28-181,5a792528aefcfed62c4f6175f86f2e24eb693a6f7946376096e3c362e994c09a,True,5
81302,35748,240926_ML.npy,2026-09-26,2026-09-26 03:01:56.342240,7C444D,P28A,PIPER AIRCRAFT CORP,PA-28-181,b2e79c9b40300aadfe2dcec91bea5710d0f4069b59816aaeef022fb32273787c,True,2
81303,35749,240926_ML.npy,2026-09-26,2026-09-26 03:01:56.608097,7C444D,P28A,PIPER AIRCRAFT CORP,PA-28-181,d9c8b5801081dc13f36201229cc07475f35eb995c9176022dc873a2158620e71,True,1
81304,35750,240926_ML.npy,2026-09-26,2026-09-26 03:01:59.851429,7C444D,P28A,PIPER AIRCRAFT CORP,PA-28-181,7e3c1af101a18df3e18b8ef7103baf8c253e169e3b6a5fd552cb0a71a5f748d1,True,1
81305,35751,240926_ML.npy,2026-09-26,2026-09-26 03:02:02.453098,7C444D,P28A,PIPER AIRCRAFT CORP,PA-28-181,02ca381ca5c94d1d419f9669ace91a7a4b313a3821fe31276891abf559e6a308,True,2
81306,35752,240926_ML.npy,2026-09-26,2026-09-26 03:02:03.952788,7C444D,P28A,PIPER AIRCRAFT CORP,PA-28-181,6c28c20f70bd28b79d1779bf3f26d6462009ee3f834fef161033119b00610ab5,True,5
81307,35753,240926_ML.npy,2026-09-26,2026-09-26 03:02:04.822597,7C444D,P28A,PIPER AIRCRAFT CORP,PA-28-181,67f83d92b6bc775706c65975d50ac36548a56359ec9def02c3e00d89e145c0a0,True,5
81308,35754,240926_ML.npy,2026-09-26,2026-09-26 03:02:05.993791,7C444D,P28A,PIPER AIRCRAFT CORP,PA-28-181,1eaec69d3c603401baa85ef919a46e52be487e57dccd87931a8df5838907f641,True,2
81309,35755,240926_ML.npy,2026-09-26,2026-09-26 03:02:07.444152,7C444D,P28A,PIPER AIRCRAFT CORP,PA-28-181,66c83d7bb7ff27e74d408761c51a69f0a4b6ac9dcd4798b3dcff80870ef81916,True,1
81310,35756,240926_ML.npy,2026-09-26,2026-09-26 03:02:07.955679,7C444D,P28A,PIPER AIRCRAFT CORP,PA-28-181,cba8cd6d1ec19a258a0d36b65500a8aaa64ab6683aaa8263483a5f818552462f,True,4
81311,35757,240926_ML.npy,2026-09-26,2026-09-26 03:02:09.221552,7C444D,P28A,PIPER AIRCRAFT CORP,PA-28-181,c660f0d7865c15fced2d8291bf1752d22f2202e3416e0082f907b37849ba7cc0,True,5
81312,35758,240926_ML.npy,2026-09-26,2026-09-26 03:02:10.575397,7C444D,P28A,PIPER AIRCRAFT CORP,PA-28-181,2f2e9df7197add9fd0b4dce2e9fcd9f21e9f6bca84f30cbd0c4f5bf57975010b,True,1
81313,35759,240926_ML.npy,2026-09-26,2026-09-26 03:02:11.057516,7C444D,P28A,PIPER AIRCRAFT CORP,PA-28-181,babde7c34a65b08b76262b1281e75287d25b9f15c06e128653bc120cf1564481,True,3
81314,35760,240926_ML.npy,2026-09-26,2026-09-26 03:02:11.157357,7C444D,P28A,PIPER AIRCRAFT CORP,PA-28-181,d8ca3e90afb3bc1d4dca52ed572384b0662a75fc6da6c43081f935eb45116e9f,True,1
81315,35761,240926_ML.npy,2026-09-26,2026-09-26 03:02:11.815268,7C444D,P28A,PIPER AIRCRAFT CORP,PA-28-181,931c436bfe51032cdf360e5c5035c472b276b31ca82575a67fcba959a3b1e7e6,True,5
81316,35762,240926_ML.npy,2026-09-26,2026-09-26 03:02:13.372790,7C444D,P28A,PIPER AIRCRAFT CORP,PA-28-181,58cece8ad8f0375beff0da3d455e268d1fe560236094aaee57df3ae0faf111fa,True,1
81317,35763,240926_ML.npy,2026-09-26,2026-09-26 03:02:17.129541,7C444D,P28A,PIPER AIRCRAFT CORP,PA-28-181,d60301911a479f8e7d1377c060f6a8f66214d0a9ac619642d766519548fae850,True,1
81318,35764,240926_ML.npy,2026-09-26,2026-09-26 03:02:17.323754,7C444D,P28A,PIPER AIRCRAFT CORP,PA-28-181,fc95bf06c9b51452691a97c4ea655a28410f7b3bcea7e8094332c426c21e64b6,True,1
81319,35765,240926_ML.npy,2026-09-26,2026-09-26 03:02:20.163434,7C444D,P28A,PIPER AIRCRAFT CORP,PA-28-181,d0aaa5330780c81cf050ceef382505c5bf74e54dca0c66fe03bf7bae8193a181,True,3
81320,35766,240926_ML.npy,2026-09-26,2026-09-26 03:02:23.856555,7C444D,P28A,PIPER AIRCRAFT CORP,PA-28-181,fef36eb6eeef072d2821dc6ba3155b61bb40488e2ed973f65ccc1e57eb93113e,True,4
81321,35767,240926_ML.npy,2026-09-26,2026-09-26 03:02:24.778683,7C444D,P28A,PIPER AIRCRAFT CORP,PA-28-181,b0249ffcc617e5975800d92a38804971a10e1fbb18c8d3e153201ab3c1d3c459,True,1
81322,35768,240926_ML.npy,2026-09-26,2026-09-26 03:02:25.196333,7C444D,P28A,PIPER AIRCRAFT CORP,PA-28-181,bdc9aefa5ab9168c295ffe94483bf22ca7759a00cb482f7ded247dab5bdbd4f3,True,3
81323,35769,240926_ML.npy,2026-09-26,2026-09-26 03:02:26.814093,7C444D,P28A,PIPER AIRCRAFT CORP,PA-28-181,e6d340c55af7ebe884caf818558460ec9d96ff06f257f7d167f9acf4be65722a,True,4
81324,35770,240926_ML.npy,2026-09-26,2026-09-26 03:02:31.991055,7C444D,P28A,PIPER AIRCRAFT CORP,PA-28-181,0a712d93c3b436632b6313eca8379ae14858b33e3b9968582f2fdcbbff01ea49,True,2
81325,35771,240926_ML.npy,2026-09-26,2026-09-26 03:02:32.680392,7C444D,P28A,PIPER AIRCRAFT CORP,PA-28-181,dad3d53f9a716e50498595deba429c664cbadfdd13164ca92b9e45bf778c7bb2,True,3
81326,35772,240926_ML.npy,2026-09-26,2026-09-26 03:02:43.484307,7C444D,P28A,PIPER AIRCRAFT CORP,PA-28-181,d8ca3e90afb3bc1d4dca52ed572384b0662a75fc6da6c43081f935eb45116e9f,True,2
81327,35773,240926_ML.npy,2026-09-26,2026-09-26 03:02:45.234083,7C444D,P28A,PIPER AIRCRAFT CORP,PA-28-181,bdbea92283397c39fbb177d0e95a1912f7416a11383c2ccf93c282201996d94c,True,3
81328,35774,240926_ML.npy,2026-09-26,2026-09-26 03:02:45.588161,7C444D,P28A,PIPER AIRCRAFT CORP,PA-28-181,3430f7372798403421c97d8fa30d2963e3a73cf1fbaae78ace3d623ffa193db9,True,4
81329,35775,240926_ML.npy,2026-09-26,2026-09-26 03:02:46.016177,7C444D,P28A,PIPER AIRCRAFT CORP,PA-28-181,d8ca3e90afb3bc1d4dca52ed572384b0662a75fc6da6c43081f935eb45116e9f,True,2
81330,35776,240926_ML.npy,2026-09-26,2026-09-26 03:02:46.357698,7C444D,P28A,PIPER AIRCRAFT CORP,PA-28-181,205a9f6c9d5904552286296b36cdfa7f45aacd173191683b8bbaae8808a34e1e,True,5
81331,35777,240926_ML.npy,2026-09-26,2026-09-26 03:02:49.389451,7C444D,P28A,PIPER AIRCRAFT CORP,PA-28-181,ac43e410915f2925da35754f636f3e5e5b67cc9282aed0bd0673ec101a8a16f3,True,5
81332,35778,240926_ML.npy,2026-09-26,2026-09-26 03:02:53.350599,7C444D,P28A,PIPER AIRCRAFT CORP,PA-28-181,d8ca3e90afb3bc1d4dca52ed572384b0662a75fc6da6c43081f935eb45116e9f,True,3
81333,35779,240926_ML.npy,2026-09-26,2026-09-26 03:02:56.072038,7C444D,P28A,PIPER AIRCRAFT CORP,PA-28-181,c9c8c724c126de7099aa7a565ee193aad1e4b554c1c83848d22d7ffc13a9eed2,True,5
81334,35780,240926_ML.npy,2026-09-26,2026-09-26 03:03:02.874346,7C444D,P28A,PIPER AIRCRAFT CORP,PA-28-181,c6026c0fa1d9686b285bf10d97d5959441777f4551bf0e5f4df84b0171c2c9bd,True,4
81335,35781,240926_ML.npy,2026-09-26,2026-09-26 03:03:03.402466,7C444D,P28A,PIPER AIRCRAFT CORP,PA-28-181,ad87ea0ad7c8b531c987b371149eddd516ce73b39da8bba82cc52e08dec8e955,True,2
81336,35782,240926_ML.npy,2026-09-26,2026-09-26 03:03:05.016224,7C444D,P28A,PIPER AIRCRAFT CORP,PA-28-181,bdbea92283397c39fbb177d0e95a1912f7416a11383c2ccf93c282201996d94c,True,1
81337,35783,240926_ML.npy,2026-09-26,2026-09-26 03:03:06.905401,7C444D,P28A,PIPER AIRCRAFT CORP,PA-28-181,35ca43be42621ce8df478e3535208ccb98fbe86927ca624b82186cef0d1d13e7,True,1
81338,35784,240926_ML.npy,2026-09-26,2026-09-26 03:03:12.524687,7C444D,P28A,PIPER AIRCRAFT CORP,PA-28-181,0a712d93c3b436632b6313eca8379ae14858b33e3b9968582f2fdcbbff01ea49,True,5
81339,35785,240926_ML.npy,2026-09-26,2026-09-26 03:03:13.004856,7C444D,P28A,PIPER AIRCRAFT CORP,PA-28-181,4b8acb83c3abe138605b01c36bf7dfc8b3a9a0c2def9f00fd8d7db675696400c,True,2
81340,35786,240926_ML.npy,2026-09-26,2026-09-26 03:03:15.054294,7C444D,P28A,PIPER AIRCRAFT CORP,PA-28-181,09b3727006f9105ee32c8c37ccb0c869920764a720d21400b257e98fabc75a68,True,5
81341,35787,240926_ML.npy,2026-09-26,2026-09-26 03:03:55.068176,7C444D,P28A,PIPER AIRCRAFT CORP,PA-28-181,a5d0beecf998f3a0ea98b5f1c3cc0cf3d6c117f6c9a14c08a8a09d749a199c03,True,1
81344,35790,240926_ML.npy,2026-09-26,2026-09-26 03:04:24.153649,7C7B60,DA40,DIAMOND AIRCRAFT INDUSTRIES INC.,DA 40,84000d5669027a22e944e41ab33b98f243bb2fcb1d24948c0092697c3866c483,True,5
81352,35798,240926_ML.npy,2026-09-26,2026-09-26 03:04:38.082422,7C7B60,DA40,DIAMOND AIRCRAFT INDUSTRIES INC.,DA 40,034398ff8f1007da08a0fe2c63fc26cbe86b40de9cf657aeb340c4b38c3df07d,True,3
81361,35807,240926_ML.npy,2026-09-26,2026-09-26 03:04:50.779442,7C7B60,DA40,DIAMOND AIRCRAFT INDUSTRIES INC.,DA 40,bf9a9e914265f7fb41711a9ba5ea9021f46539cbfa23dff6d581a778dde4abd2,True,4
81364,35810,240926_ML.npy,2026-09-26,2026-09-26 03:04:52.211402,7C7B60,DA40,DIAMOND AIRCRAFT INDUSTRIES INC.,DA 40,33e7e984d61128b6a374b0c9851ea7cc81f8462ca44989a0258c071e9d386f53,True,1
81366,35812,240926_ML.npy,2026-09-26,2026-09-26 03:05:41.698496,7C444D,P28A,PIPER AIRCRAFT CORP,PA-28-181,b07dadd66ce0b6a728c1acb504ddd169eb0f84a1cc06bafa412c322f0e333213,True,2
81367,35813,240926_ML.npy,2026-09-26,2026-09-26 03:06:00.972346,7C444D,P28A,PIPER AIRCRAFT CORP,PA-28-181,4723c744f3ff82288ef3d0f83cd4e9ddcb8330777ef508cdfd83195f5fe8f517,True,4
81368,35814,240926_ML.npy,2026-09-26,2026-09-26 03:06:02.208357,7C444D,P28A,PIPER AIRCRAFT CORP,PA-28-181,802295f59609404a6608aa4c070c0bbb69594e05e82cfe3e0b42cd8f9599eb8e,True,1
81369,35815,240926_ML.npy,2026-09-26,2026-09-26 03:06:06.925586,7C444D,P28A,PIPER AIRCRAFT CORP,PA-28-181,523fd1b37eeec2cfbbff7e91ec21e829f5e07a251c524b6f83f90ae3034212a2,True,4
81370,35816,240926_ML.npy,2026-09-26,2026-09-26 03:06:11.952243,7C444D,P28A,PIPER AIRCRAFT CORP,PA-28-181,12557d42a28d6adcdd4e4dd7fdca43d9eca3c500225e63243b6df6e164228932,True,2
81371,35817,240926_ML.npy,2026-09-26,2026-09-26 03:06:52.266196,7C444D,P28A,PIPER AIRCRAFT CORP,PA-28-181,0b1df0e6814c41c0622f1095786da6ee5d7f92465c8be06a1e415b60bd9fde94,True,4
81372,35818,240926_ML.npy,2026-09-26,2026-09-26 03:07:00.386855,7C444D,P28A,PIPER AIRCRAFT CORP,PA-28-181,9b91fa75758df9763051b7f3016980c5bf669ad99a5923291444f228b85808dd,True,4
81373,35819,240926_ML.npy,2026-09-26,2026-09-26 03:07:10.194902,7C444D,P28A,PIPER AIRCRAFT CORP,PA-28-181,792e8343442dc69fe01dc598a450920acbade167b686b9e856c96ed3ca96d954,True,3
81374,35820,240926_ML.npy,2026-09-26,2026-09-26 03:07:12.324549,7C444D,P28A,PIPER AIRCRAFT CORP,PA-28-181,33441dfc089bfc14a35555fa410b9a7023e5b5bbe71507aee8789b9efa8d0b22,True,4
81375,35821,240926_ML.npy,2026-09-26,2026-09-26 03:07:12.846845,7C444D,P28A,PIPER AIRCRAFT CORP,PA-28-181,7073320724cfe7209fd777c756efcb35548b8d29b01c70eea38ef5cdc9448521,True,4
81376,35822,240926_ML.npy,2026-09-26,2026-09-26 03:07:13.292755,7C444D,P28A,PIPER AIRCRAFT CORP,PA-28-181,ad4e4bd75d22a113b1e2948109bb30fcf73a4cebf398a00f682a7016faa23232,True,1
81377,35823,240926_ML.npy,2026-09-26,2026-09-26 03:07:13.704534,7C444D,P28A,PIPER AIRCRAFT CORP,PA-28-181,252fb0d70aa7a09b4d9db889af0724781174ed9d624dd796a3fd42f545f66d4c,True,1
81378,35824,240926_ML.npy,2026-09-26,2026-09-26 03:07:16.012194,7C444D,P28A,PIPER AIRCRAFT CORP,PA-28-181,a2e5c51054c59d566ce591505d63e24e7b5e363f7cd8d76dde7c4ac531121f2e,True,1
81379,35825,240926_ML.npy,2026-09-26,2026-09-26 03:07:16.890050,7C444D,P28A,PIPER AIRCRAFT CORP,PA-28-181,fd05da0dde4cc3cdc7e266b18ee541cb02bd69e90b7a8d432e7a168cf5d5951c,True,2
81380,35826,240926_ML.npy,2026-09-26,2026-09-26 03:07:17.954051,7C444D,P28A,PIPER AIRCRAFT CORP,PA-28-181,0a712d93c3b436632b6313eca8379ae14858b33e3b9968582f2fdcbbff01ea49,True,5
81381,35827,240926_ML.npy,2026-09-26,2026-09-26 03:07:24.722801,7C444D,P28A,PIPER AIRCRAFT CORP,PA-28-181,4f9b1a6a14fc637b419060be20a1fa7cab8f7964ec3bd94115050ffde9ee0ab7,True,2
81383,35829,240926_ML.npy,2026-09-26,2026-09-26 03:07:28.114212,7C444D,P28A,PIPER AIRCRAFT CORP,PA-28-181,0a712d93c3b436632b6313eca8379ae14858b33e3b9968582f2fdcbbff01ea49,True,5
81384,35830,240926_ML.npy,2026-09-26,2026-09-26 03:07:28.150266,7C444D,P28A,PIPER AIRCRAFT CORP,PA-28-181,5579ce1dd5781376727042aa3875e2958997e98e3e4f97c6aebd125c43078b26,True,3
81385,35831,240926_ML.npy,2026-09-26,2026-09-26 03:07:28.978315,7C444D,P28A,PIPER AIRCRAFT CORP,PA-28-181,0ac80099a9a7a92dd980092e5a0482f943dff93bb2146872137a360898baf217,True,2
81386,35832,240926_ML.npy,2026-09-26,2026-09-26 03:07:29.602062,7C444D,P28A,PIPER AIRCRAFT CORP,PA-28-181,bdbea92283397c39fbb177d0e95a1912f7416a11383c2ccf93c282201996d94c,True,5
81387,35833,240926_ML.npy,2026-09-26,2026-09-26 03:07:30.458012,7C444D,P28A,PIPER AIRCRAFT CORP,PA-28-181,de5836154a29b846c21ce9978b6e18705cf4b5228699c09aec724caf06e22581,True,3
81388,35834,240926_ML.npy,2026-09-26,2026-09-26 03:07:32.943502,7C444D,P28A,PIPER AIRCRAFT CORP,PA-28-181,40f66a21fcaf135f9561147fb9df7408d6a374ca211e7cb1ee6cd8897a40f33c,True,1
81389,35835,240926_ML.npy,2026-09-26,2026-09-26 03:07:33.303618,7C444D,P28A,PIPER AIRCRAFT CORP,PA-28-181,0a712d93c3b436632b6313eca8379ae14858b33e3b9968582f2fdcbbff01ea49,True,1
81390,35836,240926_ML.npy,2026-09-26,2026-09-26 03:07:33.853492,7C444D,P28A,PIPER AIRCRAFT CORP,PA-28-181,b408330470effa4c63cca1a2d1f6d0e90b1e23bae2a51a4b6e3ff684198f4c22,True,3
81391,35837,240926_ML.npy,2026-09-26,2026-09-26 03:07:35.950991,7C444D,P28A,PIPER AIRCRAFT CORP,PA-28-181,584bcbe2083eaaf0dd42170a7c0228da10ee6ff455ccae1fd9213bfe40f104a4,True,5
81392,35838,240926_ML.npy,2026-09-26,2026-09-26 03:07:38.198651,7C444D,P28A,PIPER AIRCRAFT CORP,PA-28-181,554803d9b75ec5d5af761a7db9112f50db86531faabd124c32de4e861d7b02f4,True,3
81393,35839,240926_ML.npy,2026-09-26,2026-09-26 03:07:38.768670,7C444D,P28A,PIPER AIRCRAFT CORP,PA-28-181,68a96caf727a9bae0c7f209caddff07fd59f38cbadd38ea15eef9d77739d592c,True,3
81394,35840,240926_ML.npy,2026-09-26,2026-09-26 03:07:40.990285,7C444D,P28A,PIPER AIRCRAFT CORP,PA-28-181,ba8397a291e2113695c178e1d0e287dcb545fdbc11786381ec78c0a204f08c16,True,1
81396,35842,240926_ML.npy,2026-09-26,2026-09-26 03:07:41.495135,7C444D,P28A,PIPER AIRCRAFT CORP,PA-28-181,6acd51c3262b459c18816e836bad7f2ed217253280e9dd47ad57a7c616d8492c,True,2
81397,35843,240926_ML.npy,2026-09-26,2026-09-26 03:07:42.030239,7C444D,P28A,PIPER AIRCRAFT CORP,PA-28-181,39f540042ff1dd8c697b3efad5dfa5cdf986bc076bcf233e660f8db5f1bc2f8d,True,2
81398,35844,240926_ML.npy,2026-09-26,2026-09-26 03:07:43.233867,7C444D,P28A,PIPER AIRCRAFT CORP,PA-28-181,0a712d93c3b436632b6313eca8379ae14858b33e3b9968582f2fdcbbff01ea49,True,1
81399,35845,240926_ML.npy,2026-09-26,2026-09-26 03:07:43.525228,7C444D,P28A,PIPER AIRCRAFT CORP,PA-28-181,633af27217fa5cec3501f3e35556b62c85e6a5ee4286ce1a9ab84a01c26bc580,True,2
81400,35846,240926_ML.npy,2026-09-26,2026-09-26 03:07:45.939490,7C444D,P28A,PIPER AIRCRAFT CORP,PA-28-181,d8ca3e90afb3bc1d4dca52ed572384b0662a75fc6da6c43081f935eb45116e9f,True,5
81401,35847,240926_ML.npy,2026-09-26,2026-09-26 03:07:46.297316,7C444D,P28A,PIPER AIRCRAFT CORP,PA-28-181,776791e346d56e77569f9522e82e798f61695eca6b3cdac766de1ac20135f233,True,4
81402,35848,240926_ML.npy,2026-09-26,2026-09-26 03:07:46.771534,7C444D,P28A,PIPER AIRCRAFT CORP,PA-28-181,ce5715fa2f856f6706d119d80d7203d7ed84e7b7484589f272277cf2d421dd64,True,2
81403,35849,240926_ML.npy,2026-09-26,2026-09-26 03:07:47.061238,7C444D,P28A,PIPER AIRCRAFT CORP,PA-28-181,3b1359b4aa17f0e783ba64bc96d2c254d7beed6da8a7dac55aa3a30f02db297e,True,2
81405,35851,240926_ML.npy,2026-09-26,2026-09-26 03:07:48.863054,7C444D,P28A,PIPER AIRCRAFT CORP,PA-28-181,dbff0fd9ac7c97d239810c983b5427d871b9246092d1021810938bc96527d5f8,True,4
81406,35852,240926_ML.npy,2026-09-26,2026-09-26 03:07:48.934978,7C444D,P28A,PIPER AIRCRAFT CORP,PA-28-181,8fabccca6deb050a6e496fd24474712727421cfb054130e7f07a1011c0908bda,True,5
81409,35855,240926_ML.npy,2026-09-26,2026-09-26 03:07:51.894643,7C444D,P28A,PIPER AIRCRAFT CORP,PA-28-181,9737900962228175cb151793c1d1e91e124dff0dd4d2b2418e16ea77fe628d52,True,5
81410,35856,240926_ML.npy,2026-09-26,2026-09-26 03:07:52.396047,7C444D,P28A,PIPER AIRCRAFT CORP,PA-28-181,5f841c73db9439ef4de133ba68608df6217800b0c2de74bd29452dedc64509d7,True,5
81411,35857,240926_ML.npy,2026-09-26,2026-09-26 03:07:52.856390,7C444D,P28A,PIPER AIRCRAFT CORP,PA-28-181,a3f3a5b87a18c6011b216d16a91510c93f87e1226ab8e7359c2785dc6ce38103,True,2
81412,35858,240926_ML.npy,2026-09-26,2026-09-26 03:07:52.961935,7C444D,P28A,PIPER AIRCRAFT CORP,PA-28-181,0a712d93c3b436632b6313eca8379ae14858b33e3b9968582f2fdcbbff01ea49,True,5
81413,35859,240926_ML.npy,2026-09-26,2026-09-26 03:07:53.646328,7C444D,P28A,PIPER AIRCRAFT CORP,PA-28-181,c777f0ac994b8e28293f70e1b852820a3c17686669f10f36ecb798f9baa0bf09,True,5
81414,35860,240926_ML.npy,2026-09-26,2026-09-26 03:08:07.018093,7C444D,P28A,PIPER AIRCRAFT CORP,PA-28-181,6e6cb1f40c8d5bdb9fa20c5a93412b92476959cb3fdae82f23e99fad668a3d09,True,1
81415,35861,240926_ML.npy,2026-09-26,2026-09-26 03:08:08.549393,7C444D,P28A,PIPER AIRCRAFT CORP,PA-28-181,f7fdde447d256ed069b02e3ecd7d7841ca4e7cb709fb5222a5a5d04fb57ccf48,True,1
81416,35862,240926_ML.npy,2026-09-26,2026-09-26 03:08:09.105864,7C444D,P28A,PIPER AIRCRAFT CORP,PA-28-181,5b50027ba70163cab4c0d97cd13776201353d7ccfdfb7f1f2190cc4c6f407627,True,5
81417,35863,240926_ML.npy,2026-09-26,2026-09-26 03:08:09.231376,7C444D,P28A,PIPER AIRCRAFT CORP,PA-28-181,7f3a0131195c78a8773a1db0aa6d50062f689116f5b942ac7931a85c7e07a8d6,True,1
81423,35869,240926_ML.npy,2026-09-26,2026-09-26 03:08:15.592701,7C444D,P28A,PIPER AIRCRAFT CORP,PA-28-181,d8ca3e90afb3bc1d4dca52ed572384b0662a75fc6da6c43081f935eb45116e9f,True,3
81424,35870,240926_ML.npy,2026-09-26,2026-09-26 03:08:16.288693,7C444D,P28A,PIPER AIRCRAFT CORP,PA-28-181,8c0c8dd4df2f761666917fe7c993b79eac288ccdf4c7cebb39ec54847e7285ac,True,5
81427,35873,240926_ML.npy,2026-09-26,2026-09-26 03:09:31.899991,7C444D,P28A,PIPER AIRCRAFT CORP,PA-28-181,fc3102b41d293858ca9be7559fc41d6f1d7595b6967115a17d35e60a4ea3ad75,True,5
81428,35874,240926_ML.npy,2026-09-26,2026-09-26 03:09:31.999996,7C444D,P28A,PIPER AIRCRAFT CORP,PA-28-181,5dd394097345b3327443fc2e5127bd00a2dca0746964ef83382e9dbfb596cde2,True,5
81429,35875,240926_ML.npy,2026-09-26,2026-09-26 03:09:39.425107,7C444D,P28A,PIPER AIRCRAFT CORP,PA-28-181,856aa54112878e72be223b9c8048de1d63fb5d744b775f264059c09923558759,True,5
81430,35876,240926_ML.npy,2026-09-26,2026-09-26 03:09:42.794258,7C444D,P28A,PIPER AIRCRAFT CORP,PA-28-181,02333566126df8725f8fb64fa3c04f717b0368aed65e60ef6e211f2d0dd47b1a,True,1
81431,35877,240926_ML.npy,2026-09-26,2026-09-26 03:09:42.807169,7C444D,P28A,PIPER AIRCRAFT CORP,PA-28-181,0a712d93c3b436632b6313eca8379ae14858b33e3b9968582f2fdcbbff01ea49,True,1
81432,35878,240926_ML.npy,2026-09-26,2026-09-26 03:09:44.823890,7C444D,P28A,PIPER AIRCRAFT CORP,PA-28-181,b63aa9d8ab7e984915461e0cc69b5a4a73043123bfbfe917b17a8c808ce951e9,True,1
81433,35879,240926_ML.npy,2026-09-26,2026-09-26 03:09:56.845854,7C444D,P28A,PIPER AIRCRAFT CORP,PA-28-181,a28b9766fef564114dde435f65b9658df1c6fb8db461247dc760ba7304307da9,True,3
81434,35880,240926_ML.npy,2026-09-26,2026-09-26 03:09:58.373509,7C444D,P28A,PIPER AIRCRAFT CORP,PA-28-181,4483fcacdd7dbbfefe412240ae6372f95c6eef91a07b5b3a05e401a2d96f1589,True,2
81435,35881,240926_ML.npy,2026-09-26,2026-09-26 03:09:59.455361,7C444D,P28A,PIPER AIRCRAFT CORP,PA-28-181,599281b27cdcf34d39c3b487aa26d35cf210e0b8a29e4f9cc1932244119044e2,True,2
81436,35882,240926_ML.npy,2026-09-26,2026-09-26 03:09:59.889272,7C444D,P28A,PIPER AIRCRAFT CORP,PA-28-181,d8ca3e90afb3bc1d4dca52ed572384b0662a75fc6da6c43081f935eb45116e9f,True,2
81437,35883,240926_ML.npy,2026-09-26,2026-09-26 03:10:01.158598,7C444D,P28A,PIPER AIRCRAFT CORP,PA-28-181,f1c9394d16aefe783ea5180f63226fe74b4e1faec52b1d8051e2157ee69fa9ff,True,1
81438,35884,240926_ML.npy,2026-09-26,2026-09-26 03:10:03.096694,7C444D,P28A,PIPER AIRCRAFT CORP,PA-28-181,0a712d93c3b436632b6313eca8379ae14858b33e3b9968582f2fdcbbff01ea49,True,2
81439,35885,240926_ML.npy,2026-09-26,2026-09-26 03:10:03.598736,7C444D,P28A,PIPER AIRCRAFT CORP,PA-28-181,e25e692d38f1057bf7df76537730b74fe3db60b2e8a6f32ef505d73d80c9ab16,True,1
81440,35886,240926_ML.npy,2026-09-26,2026-09-26 03:10:03.934635,7C444D,P28A,PIPER AIRCRAFT CORP,PA-28-181,ddb8d93b78359abfaba1889b8f3ead4e93b6e9d788211648a5e28d1f9b2cb700,True,1
81448,35894,240926_ML.npy,2026-09-26,2026-09-26 03:10:44.874947,7C2E75,C172,CESSNA AIRCRAFT COMPANY,172N,6a0213cd358fdd9c5fcca79437f36c29d56c27442cb1b244c1c47696a7675e69,True,5
81452,35898,240926_ML.npy,2026-09-26,2026-09-26 03:10:51.250418,7C444D,P28A,PIPER AIRCRAFT CORP,PA-28-181,6d4e7dd9d304bbd60fab8ec7fc6b1a9e938c4ac6a989c8fb061ea8af02603c31,True,5
81453,35899,240926_ML.npy,2026-09-26,2026-09-26 03:10:51.510577,7C444D,P28A,PIPER AIRCRAFT CORP,PA-28-181,df3e633fdbc303d08936b6de979b60abf21b178b837d8becc6e17f9bf9160ca9,True,5
81454,35900,240926_ML.npy,2026-09-26,2026-09-26 03:10:52.294487,7C444D,P28A,PIPER AIRCRAFT CORP,PA-28-181,c5c99320e62feedeb848a304e084e860eddbbdff362678e94834f4532e960080,True,4
81455,35901,240926_ML.npy,2026-09-26,2026-09-26 03:10:55.745690,7C444D,P28A,PIPER AIRCRAFT CORP,PA-28-181,fec549dca830775094333b52d288fe6caf02609ef2f30594729c5f764c6fa0e5,True,4
81456,35902,240926_ML.npy,2026-09-26,2026-09-26 03:10:58.145043,7C444D,P28A,PIPER AIRCRAFT CORP,PA-28-181,3e706e654408ad04a43e8788e1a64eb66a654fb0ba061d232945aaeb68377b93,True,3
81458,35904,240926_ML.npy,2026-09-26,2026-09-26 03:10:59.896596,7C444D,P28A,PIPER AIRCRAFT CORP,PA-28-181,c6a64a3e360a871e9eedc9d6f5efa8c2a1b0c8e0013646808c3305e0bf5ec917,True,3
81461,35907,240926_ML.npy,2026-09-26,2026-09-26 03:11:00.428599,7C444D,P28A,PIPER AIRCRAFT CORP,PA-28-181,5c323a5c86b79423d62293c5ccbf365961f69ddb24417e27f8dd04a55d9799fb,True,5
81462,35908,240926_ML.npy,2026-09-26,2026-09-26 03:11:01.024589,7C444D,P28A,PIPER AIRCRAFT CORP,PA-28-181,6e2c9194f141019335c28817d4ebc87b3d2f806d72568aad8044933806f97075,True,4
81463,35909,240926_ML.npy,2026-09-26,2026-09-26 03:11:03.450417,7C444D,P28A,PIPER AIRCRAFT CORP,PA-28-181,bdbea92283397c39fbb177d0e95a1912f7416a11383c2ccf93c282201996d94c,True,1
81464,35910,240926_ML.npy,2026-09-26,2026-09-26 03:11:11.023083,7C444D,P28A,PIPER AIRCRAFT CORP,PA-28-181,86311c72172e79df9f8f7b664a381a4e64ce2807b0140aafe866ef3dcb15ec05,True,1
81465,35911,240926_ML.npy,2026-09-26,2026-09-26 03:11:11.030122,7C444D,P28A,PIPER AIRCRAFT CORP,PA-28-181,563789eb41a97f0e16a6e2ac8b7b8499ab3a82abaaf174050ff7857bbb19998c,True,3
81466,35912,240926_ML.npy,2026-09-26,2026-09-26 03:11:11.447028,7C444D,P28A,PIPER AIRCRAFT CORP,PA-28-181,86311c72172e79df9f8f7b664a381a4e64ce2807b0140aafe866ef3dcb15ec05,True,5
81467,35913,240926_ML.npy,2026-09-26,2026-09-26 03:11:13.940325,7C444D,P28A,PIPER AIRCRAFT CORP,PA-28-181,b261b0ae1887598d58ec7507fe9d0275da5611cc6e3f454d43ca8662c5094d9d,True,1
81468,35914,240926_ML.npy,2026-09-26,2026-09-26 03:11:14.730174,7C444D,P28A,PIPER AIRCRAFT CORP,PA-28-181,464304cec7eb2c6276ffb8d7d31b9b81c27de279af913bf7ef3fbb78ba4845bf,True,5
81469,35915,240926_ML.npy,2026-09-26,2026-09-26 03:11:18.229420,7C444D,P28A,PIPER AIRCRAFT CORP,PA-28-181,0a712d93c3b436632b6313eca8379ae14858b33e3b9968582f2fdcbbff01ea49,True,1
81470,35916,240926_ML.npy,2026-09-26,2026-09-26 03:11:18.739662,7C444D,P28A,PIPER AIRCRAFT CORP,PA-28-181,bdbea92283397c39fbb177d0e95a1912f7416a11383c2ccf93c282201996d94c,True,2
81471,35917,240926_ML.npy,2026-09-26,2026-09-26 03:11:19.915406,7C444D,P28A,PIPER AIRCRAFT CORP,PA-28-181,bb98dbd6385f9ca554731d99734f1e103fc8b2ecc7aba6282a5c39b4eede881b,True,5
81472,35918,240926_ML.npy,2026-09-26,2026-09-26 03:11:20.905313,7C444D,P28A,PIPER AIRCRAFT CORP,PA-28-181,ca0f3a1f3d4da9fb8b05bcd15269281d8d5ace4d233e1963442f08e29956a2d7,True,1
81473,35919,240926_ML.npy,2026-09-26,2026-09-26 03:11:21.513558,7C444D,P28A,PIPER AIRCRAFT CORP,PA-28-181,ded18389296c5451f5dcb60734cb15512c119cd575be3ea0cb7e0ef271abec45,True,4
81474,35920,240926_ML.npy,2026-09-26,2026-09-26 03:11:21.941289,7C444D,P28A,PIPER AIRCRAFT CORP,PA-28-181,ee6f44d57dcf3f0ac79846104dbddca5661da14c6c2bf36548fec90d65b2c741,True,4
81475,35921,240926_ML.npy,2026-09-26,2026-09-26 03:11:22.407223,7C444D,P28A,PIPER AIRCRAFT CORP,PA-28-181,dec2aaca7eeeb671056bddedd2ee6dfd444cedb22fce670b7f79cb363ad19bce,True,3
81476,35922,240926_ML.npy,2026-09-26,2026-09-26 03:11:22.415556,7C444D,P28A,PIPER AIRCRAFT CORP,PA-28-181,3a1a6c610a882f39d94f8945463cab90229debe387795dee3559c8a5eeecd57c,True,1
81477,35923,240926_ML.npy,2026-09-26,2026-09-26 03:11:22.980957,7C444D,P28A,PIPER AIRCRAFT CORP,PA-28-181,719893e334c0673f51d862d699fa6f74f1d2a485c657f3a41cd3a75381787603,True,2
81478,35924,240926_ML.npy,2026-09-26,2026-09-26 03:11:28.861967,7C444D,P28A,PIPER AIRCRAFT CORP,PA-28-181,87a6d863fc8ea01c381b9b50e9f71206ae49280bb585df767ef8f58b6ab4169e,True,3
81479,35925,240926_ML.npy,2026-09-26,2026-09-26 03:11:30.119657,7C444D,P28A,PIPER AIRCRAFT CORP,PA-28-181,d8ca3e90afb3bc1d4dca52ed572384b0662a75fc6da6c43081f935eb45116e9f,True,3
81480,35926,240926_ML.npy,2026-09-26,2026-09-26 03:11:30.279467,7C444D,P28A,PIPER AIRCRAFT CORP,PA-28-181,e83c5e7882f21e537bd49d8e0d4f6ad4958061c814fbc0cc796a9d6f2d4a17a3,True,5
81481,35927,240926_ML.npy,2026-09-26,2026-09-26 03:11:30.893306,7C444D,P28A,PIPER AIRCRAFT CORP,PA-28-181,65dc5760ece5281fc495bd719a3244695ba8ab79672c4478169f72a3e3a1738e,True,4
81482,35928,240926_ML.npy,2026-09-26,2026-09-26 03:11:34.880907,7C444D,P28A,PIPER AIRCRAFT CORP,PA-28-181,8f0ac11fe9318434cbe68759872dda87e4865bca0260787c475bfde0a308e713,True,1
81483,35929,240926_ML.npy,2026-09-26,2026-09-26 03:11:35.396450,7C444D,P28A,PIPER AIRCRAFT CORP,PA-28-181,06e9cde6b73c60be7ac3457b9809a341fb4e539280d8f0b635b7ee088403be4e,True,2
81484,35930,240926_ML.npy,2026-09-26,2026-09-26 03:11:36.320178,7C444D,P28A,PIPER AIRCRAFT CORP,PA-28-181,8b00f1291ecd76e6d000047fd669af3755eba8f58f1f37a6d16bd085fa04efd4,True,2
81485,35931,240926_ML.npy,2026-09-26,2026-09-26 03:11:37.776547,7C444D,P28A,PIPER AIRCRAFT CORP,PA-28-181,ea63c68b2651bbb809a8fec346720902e88247c61c72bb34190eb2d5d455bf25,True,2
81486,35932,240926_ML.npy,2026-09-26,2026-09-26 03:11:40.136097,7C444D,P28A,PIPER AIRCRAFT CORP,PA-28-181,d8ca3e90afb3bc1d4dca52ed572384b0662a75fc6da6c43081f935eb45116e9f,True,3
81487,35933,240926_ML.npy,2026-09-26,2026-09-26 03:11:40.720272,7C444D,P28A,PIPER AIRCRAFT CORP,PA-28-181,815065caef054520562526efcf687ce6b921834be2827d2b37873b3f4872c921,True,1
81488,35934,240926_ML.npy,2026-09-26,2026-09-26 03:11:41.569959,7C444D,P28A,PIPER AIRCRAFT CORP,PA-28-181,ccd72390d9b435dd9f94e39f3d913f0688c1b5bb86a51c8445946126c07fe13c,True,1
81489,35935,240926_ML.npy,2026-09-26,2026-09-26 03:11:42.671675,7C444D,P28A,PIPER AIRCRAFT CORP,PA-28-181,d8ca3e90afb3bc1d4dca52ed572384b0662a75fc6da6c43081f935eb45116e9f,True,5
81490,35936,240926_ML.npy,2026-09-26,2026-09-26 03:11:43.131615,7C444D,P28A,PIPER AIRCRAFT CORP,PA-28-181,92f61e8a580dafeb8e5123eebb7b3f63751397e2e1c81f0cf32420f84e647be5,True,1
81491,35937,240926_ML.npy,2026-09-26,2026-09-26 03:11:45.223190,7C444D,P28A,PIPER AIRCRAFT CORP,PA-28-181,d8ca3e90afb3bc1d4dca52ed572384b0662a75fc6da6c43081f935eb45116e9f,True,2
81492,35938,240926_ML.npy,2026-09-26,2026-09-26 03:11:47.714775,7C444D,P28A,PIPER AIRCRAFT CORP,PA-28-181,d8ca3e90afb3bc1d4dca52ed572384b0662a75fc6da6c43081f935eb45116e9f,True,2
81493,35939,240926_ML.npy,2026-09-26,2026-09-26 03:11:50.632022,7C444D,P28A,PIPER AIRCRAFT CORP,PA-28-181,74c56b6facc43ab2632f8217cff8e98378aa23f420e3023f036351b97cde62fb,True,5
81494,35940,240926_ML.npy,2026-09-26,2026-09-26 03:11:53.367746,7C444D,P28A,PIPER AIRCRAFT CORP,PA-28-181,0a712d93c3b436632b6313eca8379ae14858b33e3b9968582f2fdcbbff01ea49,True,3
81495,35941,240926_ML.npy,2026-09-26,2026-09-26 03:11:56.091371,7C444D,P28A,PIPER AIRCRAFT CORP,PA-28-181,49a89b7f4019504977608615484409caad76627483ade20488c92ae9ad92f310,True,4
81496,35942,240926_ML.npy,2026-09-26,2026-09-26 03:11:56.529113,7C444D,P28A,PIPER AIRCRAFT CORP,PA-28-181,f20132e59ce4768a5dcd25ace97627d4f360a86364919e9a4472dcc95f2a65aa,True,5
81497,35943,240926_ML.npy,2026-09-26,2026-09-26 03:12:00.490430,7C444D,P28A,PIPER AIRCRAFT CORP,PA-28-181,4631f5cceb172ce7b219e2fd7bf5292c1c95387c457c08c3c86d668b7b4cd843,True,3
81498,35944,240926_ML.npy,2026-09-26,2026-09-26 03:12:00.826570,7C444D,P28A,PIPER AIRCRAFT CORP,PA-28-181,00eca869749091a4d5575938bfb652e91bdc68f0dfc159b8e8c72030583a6219,True,2
81499,35945,240926_ML.npy,2026-09-26,2026-09-26 03:12:02.864143,7C444D,P28A,PIPER AIRCRAFT CORP,PA-28-181,f4e0728eb11c7ce6b8ece17e91f84ab2e0fdb7b389cb6f1bb32015224691f53e,True,2
81500,35946,240926_ML.npy,2026-09-26,2026-09-26 03:12:03.375896,7C444D,P28A,PIPER AIRCRAFT CORP,PA-28-181,0a712d93c3b436632b6313eca8379ae14858b33e3b9968582f2fdcbbff01ea49,True,1
81501,35947,240926_ML.npy,2026-09-26,2026-09-26 03:12:06.345409,7C444D,P28A,PIPER AIRCRAFT CORP,PA-28-181,bf3a1cb9d1c7803b16cf1bf9decce8332cdb08d31b6609472ad6ccafc092c1f9,True,3
81502,35948,240926_ML.npy,2026-09-26,2026-09-26 03:12:07.433335,7C444D,P28A,PIPER AIRCRAFT CORP,PA-28-181,f263f07d20a1f4fa5a10ef6441153446b4c115c0a185182d9cb0f1f583b4aa6f,True,1
81503,35949,240926_ML.npy,2026-09-26,2026-09-26 03:12:08.330188,7C444D,P28A,PIPER AIRCRAFT CORP,PA-28-181,afa8ec6db10cf975096425d328de6728731b8c85b73e15115ad1f28b057b1d12,True,4
81504,35950,240926_ML.npy,2026-09-26,2026-09-26 03:12:08.805055,7C444D,P28A,PIPER AIRCRAFT CORP,PA-28-181,73a72e2ed54d5faf40b7ee239fea337541d09ab89689380ce129e06fce91ed6b,True,3
81505,35951,240926_ML.npy,2026-09-26,2026-09-26 03:12:08.854937,7C444D,P28A,PIPER AIRCRAFT CORP,PA-28-181,f4cc75573ca0e9641d761fd131c6406ebe6329ff0208b55d56cec3e92596f7c9,True,2
81506,35952,240926_ML.npy,2026-09-26,2026-09-26 03:12:10.054400,7C444D,P28A,PIPER AIRCRAFT CORP,PA-28-181,d8ca3e90afb3bc1d4dca52ed572384b0662a75fc6da6c43081f935eb45116e9f,True,1
81507,35953,240926_ML.npy,2026-09-26,2026-09-26 03:12:10.845107,7C444D,P28A,PIPER AIRCRAFT CORP,PA-28-181,e6a5234f34af07ceff5ec849d1b77271d10f7ddcdc10015d5b04e2b9bee152ec,True,4
81508,35954,240926_ML.npy,2026-09-26,2026-09-26 03:12:11.842488,7C444D,P28A,PIPER AIRCRAFT CORP,PA-28-181,134273aa97a609b4373c4071bfb6780c498da011f7f16d5cc5fa4d6e2971cce6,True,2
81509,35955,240926_ML.npy,2026-09-26,2026-09-26 03:12:12.652338,7C444D,P28A,PIPER AIRCRAFT CORP,PA-28-181,d8ca3e90afb3bc1d4dca52ed572384b0662a75fc6da6c43081f935eb45116e9f,True,3
81510,35956,240926_ML.npy,2026-09-26,2026-09-26 03:12:16.807647,7C444D,P28A,PIPER AIRCRAFT CORP,PA-28-181,12dab16ec9ae413df31d212badcf31c823cf9aafaa6efd0e0aaa24c4c811829a,True,5
81511,35957,240926_ML.npy,2026-09-26,2026-09-26 03:12:17.753369,7C444D,P28A,PIPER AIRCRAFT CORP,PA-28-181,d8ca3e90afb3bc1d4dca52ed572384b0662a75fc6da6c43081f935eb45116e9f,True,4
81512,35958,240926_ML.npy,2026-09-26,2026-09-26 03:12:20.786989,7C444D,P28A,PIPER AIRCRAFT CORP,PA-28-181,70129fdad34fc79cd7df1018a9f1bf3978032b0eafab1144185bf4f8199942d4,True,3
81513,35959,240926_ML.npy,2026-09-26,2026-09-26 03:12:27.717760,7C444D,P28A,PIPER AIRCRAFT CORP,PA-28-181,b8dbd7bb71431cccc034689f830f98ead413148060d1c2a64bb3fe61580aeabe,True,5
81514,35960,240926_ML.npy,2026-09-26,2026-09-26 03:14:04.368778,7C444D,P28A,PIPER AIRCRAFT CORP,PA-28-181,db9852853b50c0e353343ccef9c00db5ff91179c229427279b6160d0e53ddc64,True,5
81515,35961,240926_ML.npy,2026-09-26,2026-09-26 03:14:06.258015,7C444D,P28A,PIPER AIRCRAFT CORP,PA-28-181,82863eaf999b49f74d40ee9f43666f6585ac87a5317edefda1654061d8bc4845,True,2
81516,35962,240926_ML.npy,2026-09-26,2026-09-26 03:14:13.157009,7C444D,P28A,PIPER AIRCRAFT CORP,PA-28-181,d8ca3e90afb3bc1d4dca52ed572384b0662a75fc6da6c43081f935eb45116e9f,True,3
81517,35963,240926_ML.npy,2026-09-26,2026-09-26 03:14:13.656989,7C444D,P28A,PIPER AIRCRAFT CORP,PA-28-181,ddd5a29a9752e188377697abbe1e642a26ab638c01d9a2aa578cf58aecc05c92,True,3
81518,35964,240926_ML.npy,2026-09-26,2026-09-26 03:14:20.093705,7C444D,P28A,PIPER AIRCRAFT CORP,PA-28-181,b1fd5692feaa96e7d6f333391243fd838d18d5cf6d141905c4cb8bde179d5c37,True,5
81519,35965,240926_ML.npy,2026-09-26,2026-09-26 03:14:21.769584,7C444D,P28A,PIPER AIRCRAFT CORP,PA-28-181,dfa6b1afddbc4d2536fffa6e486e6b93282dc6359c849a2a61c1249bb6930c60,True,3
81520,35966,240926_ML.npy,2026-09-26,2026-09-26 03:14:22.167559,7C444D,P28A,PIPER AIRCRAFT CORP,PA-28-181,088139b7812d21e3d4b2f2018df2fb67a9f54afac3ec4db2ddf7bd3da597c67e,True,2
81521,35967,240926_ML.npy,2026-09-26,2026-09-26 03:14:24.852983,7C444D,P28A,PIPER AIRCRAFT CORP,PA-28-181,993a6e92601719a2b916bcb364192523d2c3f5d38df7a60408df3c240fb9f9f0,True,4
81522,35968,240926_ML.npy,2026-09-26,2026-09-26 03:14:25.118760,7C444D,P28A,PIPER AIRCRAFT CORP,PA-28-181,c33f7796f61ffb935c35a914528f93fc4fca900a4797dd6237d39930f47af015,True,4
81523,35969,240926_ML.npy,2026-09-26,2026-09-26 03:14:31.471572,7C444D,P28A,PIPER AIRCRAFT CORP,PA-28-181,d5a13db0b5e560b868b82846c2714df9f5f0f9c902600f70d83d2e53b6cbf300,True,5
81524,35970,240926_ML.npy,2026-09-26,2026-09-26 03:15:08.311055,7C444D,P28A,PIPER AIRCRAFT CORP,PA-28-181,0a712d93c3b436632b6313eca8379ae14858b33e3b9968582f2fdcbbff01ea49,True,3
81525,35971,240926_ML.npy,2026-09-26,2026-09-26 03:15:10.514633,7C444D,P28A,PIPER AIRCRAFT CORP,PA-28-181,fcf4583cf059ed6a56d6ab6ddc4f7e9b5e3232fb90c9973a1316caf6af2d28cc,True,3
81526,35972,240926_ML.npy,2026-09-26,2026-09-26 03:15:13.608065,7C444D,P28A,PIPER AIRCRAFT CORP,PA-28-181,3a7610835fd537b4ca93d922451b2f8376a1ebc1206a20341c59b9d42f998f53,True,3
81527,35973,240926_ML.npy,2026-09-26,2026-09-26 03:15:17.545399,7C444D,P28A,PIPER AIRCRAFT CORP,PA-28-181,e5ad900794cfcc951d50c13683bb73004c4f1d2580a0b1c6abe303c642fcb375,True,5
81528,35974,240926_ML.npy,2026-09-26,2026-09-26 03:15:18.661239,7C444D,P28A,PIPER AIRCRAFT CORP,PA-28-181,bdbea92283397c39fbb177d0e95a1912f7416a11383c2ccf93c282201996d94c,True,1
81529,35975,240926_ML.npy,2026-09-26,2026-09-26 03:15:18.667912,7C444D,P28A,PIPER AIRCRAFT CORP,PA-28-181,4ab7a4a8ca5cf02f0af418abb8059f86d3c28012cc277ec03ac2aaed6739165f,True,4
81530,35976,240926_ML.npy,2026-09-26,2026-09-26 03:15:20.178800,7C444D,P28A,PIPER AIRCRAFT CORP,PA-28-181,9a3a11b6e3cf67103d19443579a57c789956d278e94f2864b88abc09e3eaa84f,True,5
81531,35977,240926_ML.npy,2026-09-26,2026-09-26 03:15:22.402487,7C444D,P28A,PIPER AIRCRAFT CORP,PA-28-181,c1654ce2b368a778442e6695a24a5ed0763dcc25cbba67e91eb953a6e8e336cd,True,1
81532,35978,240926_ML.npy,2026-09-26,2026-09-26 03:15:25.348052,7C444D,P28A,PIPER AIRCRAFT CORP,PA-28-181,2f9c1e4b7eae7f6bc83b016d24ce53a335bfe4467748fb16894de8f8fba2cf46,True,1
81533,35979,240926_ML.npy,2026-09-26,2026-09-26 03:15:25.715446,7C444D,P28A,PIPER AIRCRAFT CORP,PA-28-181,3b2bd22e866a0cd844db4875f77dddf18e798d3723336036008b1ee8dc01f02a,True,5
81534,35980,240926_ML.npy,2026-09-26,2026-09-26 03:15:27.804036,7C444D,P28A,PIPER AIRCRAFT CORP,PA-28-181,bc6dfe4ecdf37a4ec829c563156418af2577e67c789d3ea2f78e38640d24eee4,True,1
81535,35981,240926_ML.npy,2026-09-26,2026-09-26 03:15:28.303440,7C444D,P28A,PIPER AIRCRAFT CORP,PA-28-181,d8ca3e90afb3bc1d4dca52ed572384b0662a75fc6da6c43081f935eb45116e9f,True,1
81536,35982,240926_ML.npy,2026-09-26,2026-09-26 03:15:29.911118,7C444D,P28A,PIPER AIRCRAFT CORP,PA-28-181,ee08cdfb5dffa901e5c7f444c105fceeda8fa369ab21032a76eb56a325df9ebd,True,1
81537,35983,240926_ML.npy,2026-09-26,2026-09-26 03:15:31.854632,7C444D,P28A,PIPER AIRCRAFT CORP,PA-28-181,725d5d0309f009a94155bd254e7373d38b4dc42ba3f07849440402bd4da7fb09,True,2
81538,35984,240926_ML.npy,2026-09-26,2026-09-26 03:15:33.460347,7C444D,P28A,PIPER AIRCRAFT CORP,PA-28-181,0a712d93c3b436632b6313eca8379ae14858b33e3b9968582f2fdcbbff01ea49,True,1
81539,35985,240926_ML.npy,2026-09-26,2026-09-26 03:15:38.889066,7C444D,P28A,PIPER AIRCRAFT CORP,PA-28-181,6761e10a8a655e591934368a7bedfd6ebec9a7f7a7aed1d47b1fe87f0d9220e9,True,1
81540,35986,240926_ML.npy,2026-09-26,2026-09-26 03:15:40.856686,7C444D,P28A,PIPER AIRCRAFT CORP,PA-28-181,d8ca3e90afb3bc1d4dca52ed572384b0662a75fc6da6c43081f935eb45116e9f,True,4
81541,35987,240926_ML.npy,2026-09-26,2026-09-26 03:15:41.493314,7C444D,P28A,PIPER AIRCRAFT CORP,PA-28-181,c34998882434326da637df732440ace2a1bc1e48dd408923d6cf822fc5ef5192,True,3
81542,35988,240926_ML.npy,2026-09-26,2026-09-26 03:15:42.452355,7C444D,P28A,PIPER AIRCRAFT CORP,PA-28-181,b038b56afd7b57a0f3e250661c902e2dcfb5e952aed7e5edc9ab09f8e5e2f38e,True,2
81543,35989,240926_ML.npy,2026-09-26,2026-09-26 03:15:44.183400,7C444D,P28A,PIPER AIRCRAFT CORP,PA-28-181,bdbea92283397c39fbb177d0e95a1912f7416a11383c2ccf93c282201996d94c,True,5
81544,35990,240926_ML.npy,2026-09-26,2026-09-26 03:15:45.085990,7C444D,P28A,PIPER AIRCRAFT CORP,PA-28-181,19e6893074b9017dcf47143a1a943d23a50048cb1d59f4bc03396149b8e2aa8f,True,2
81545,35991,240926_ML.npy,2026-09-26,2026-09-26 03:15:45.613753,7C444D,P28A,PIPER AIRCRAFT CORP,PA-28-181,c142513897b6a2eaaf442f4b6f35a78888118f31607d434ce8ddb7cb559d1cfd,True,1
81546,35992,240926_ML.npy,2026-09-26,2026-09-26 03:15:46.062096,7C444D,P28A,PIPER AIRCRAFT CORP,PA-28-181,14b0e38a94e00feec52d57e9e98a7ffe936b4909da37501b3b7188fb26b82049,True,3
81547,35993,240926_ML.npy,2026-09-26,2026-09-26 03:15:46.627884,7C444D,P28A,PIPER AIRCRAFT CORP,PA-28-181,57549fe333553553333efbf1ad5b630683ad5b0859d9669a3e782ec24a0b5a3c,True,4
81548,35994,240926_ML.npy,2026-09-26,2026-09-26 03:15:49.575638,7C444D,P28A,PIPER AIRCRAFT CORP,PA-28-181,5b1f64e08781af629332f571502c8fd935a2ccd8f8049c8c789a137a29259d3b,True,4
81549,35995,240926_ML.npy,2026-09-26,2026-09-26 03:15:51.547225,7C444D,P28A,PIPER AIRCRAFT CORP,PA-28-181,a6c81e76e2168f9bd32e189f6b91d849b56de4dadeded09fd081019664dcfac1,True,2
81550,35996,240926_ML.npy,2026-09-26,2026-09-26 03:15:53.294755,7C444D,P28A,PIPER AIRCRAFT CORP,PA-28-181,d8ca3e90afb3bc1d4dca52ed572384b0662a75fc6da6c43081f935eb45116e9f,True,1
81551,35997,240926_ML.npy,2026-09-26,2026-09-26 03:15:54.622604,7C444D,P28A,PIPER AIRCRAFT CORP,PA-28-181,f54832f3c242573986b0e77fae898862826200f592e1a854e5ba028487bcbf9f,True,4
81552,35998,240926_ML.npy,2026-09-26,2026-09-26 03:15:57.478124,7C444D,P28A,PIPER AIRCRAFT CORP,PA-28-181,2d4846f8c06656bf6f75c5570bd531dbb1f6da953e5956c07204363a82fd7d98,True,2
81553,35999,240926_ML.npy,2026-09-26,2026-09-26 03:16:42.401989,7C444D,P28A,PIPER AIRCRAFT CORP,PA-28-181,3cb1595d5bd2ee1bb3397047f169cb2e5f99a36130a675a7d55054206ba9f9d9,True,5
81555,36001,240926_ML.npy,2026-09-26,2026-09-26 03:17:04.041393,7C444D,P28A,PIPER AIRCRAFT CORP,PA-28-181,138a286e3d7de03b04949e46c7110acf18bd6475196f2750ded31383e4dbb649,True,1
81556,36002,240926_ML.npy,2026-09-26,2026-09-26 03:17:07.884999,7C444D,P28A,PIPER AIRCRAFT CORP,PA-28-181,b6652d8546430781917fd7b99a1ebc3089c443d431b49659655d916bcf4b0489,True,4
81557,36003,240926_ML.npy,2026-09-26,2026-09-26 03:17:29.591467,7C444D,P28A,PIPER AIRCRAFT CORP,PA-28-181,f2322f091ccc47d46e68b58502507fd799517fd8a4c1f38222382af8794b2e36,True,5
81558,36004,240926_ML.npy,2026-09-26,2026-09-26 03:17:33.374182,7C444D,P28A,PIPER AIRCRAFT CORP,PA-28-181,0a712d93c3b436632b6313eca8379ae14858b33e3b9968582f2fdcbbff01ea49,True,4
81561,36007,240926_ML.npy,2026-09-26,2026-09-26 03:18:28.779064,7C7BD9,DA42,DIAMOND AIRCRAFT INDUSTRIES INC.,DA 42,2adfb38ed14c3c7d179e14dfd92f96430e31b34148c87ba71b678d915630ceee,True,4
81562,36008,240926_ML.npy,2026-09-26,2026-09-26 03:18:30.716397,7C7BD9,DA42,DIAMOND AIRCRAFT INDUSTRIES INC.,DA 42,f93470e6feb7f68efba8905b9a8f096dd20ebb8ee1f461ae80a6c74ada49fa97,True,4
81563,36009,240926_ML.npy,2026-09-26,2026-09-26 03:18:30.720466,7C7BD9,DA42,DIAMOND AIRCRAFT INDUSTRIES INC.,DA 42,121e886de312a14e9eabb1aad3e3caf800db771d2a5f4892af5164b70c3a4846,True,1
81566,36012,240926_ML.npy,2026-09-26,2026-09-26 03:19:08.849176,7C7BD9,DA42,DIAMOND AIRCRAFT INDUSTRIES INC.,DA 42,9369d0d23da8172e1c83ce8474c1cb163a0505a20a8ec66e6786f103075ff11d,True,2
81567,36013,240926_ML.npy,2026-09-26,2026-09-26 03:19:20.010863,7C7BD9,DA42,DIAMOND AIRCRAFT INDUSTRIES INC.,DA 42,0b180bae0e32cd9099e0f2a9c889d9ea22083e65d574acc7363ec36cdd146f36,True,4
81571,36017,240926_ML.npy,2026-09-26,2026-09-26 03:19:26.646424,7C7BD9,DA42,DIAMOND AIRCRAFT INDUSTRIES INC.,DA 42,93401de9385597f2e44c94b33b1c46fd26780b974201bf085d1340441f35980b,True,3
81572,36018,240926_ML.npy,2026-09-26,2026-09-26 03:19:26.650461,7C7BD9,DA42,DIAMOND AIRCRAFT INDUSTRIES INC.,DA 42,e684a4c2b236613a8d305a8f274bf1e7b09ab03516328fe1780a4e231aef1460,True,3
81575,36021,240926_ML.npy,2026-09-26,2026-09-26 03:19:30.864691,7C7BD9,DA42,DIAMOND AIRCRAFT INDUSTRIES INC.,DA 42,64ff7ab101ca8000b93819ac41be3007cfb6400139848c763c8bb7158d7a546e,True,5
81577,36023,240926_ML.npy,2026-09-26,2026-09-26 03:19:34.364291,7C7BD9,DA42,DIAMOND AIRCRAFT INDUSTRIES INC.,DA 42,d767cd05e849e82d1b435f0c4db4418ac4973284860f7701593db6ea9f07c1f7,True,2
81578,36024,240926_ML.npy,2026-09-26,2026-09-26 03:19:34.517500,7C444D,P28A,PIPER AIRCRAFT CORP,PA-28-181,66cd1ec3a79ed372ff4e5ce7dc11bce77e1b64a7e513bbc785796e9b6105f19c,True,1
81579,36025,240926_ML.npy,2026-09-26,2026-09-26 03:19:35.735495,7C444D,P28A,PIPER AIRCRAFT CORP,PA-28-181,d283dcbec4ebbef1a0a592bb2bd6c61c0a52f97bade9ac9b768d83884ee13569,True,5
81583,36029,240926_ML.npy,2026-09-26,2026-09-26 03:19:40.622958,7C444D,P28A,PIPER AIRCRAFT CORP,PA-28-181,e914a78b532a6fc3642503f6858ca9d0e17c84949b26a3ce7d80cf965a3828f6,True,5
81584,36030,240926_ML.npy,2026-09-26,2026-09-26 03:19:40.954769,7C444D,P28A,PIPER AIRCRAFT CORP,PA-28-181,d8ca3e90afb3bc1d4dca52ed572384b0662a75fc6da6c43081f935eb45116e9f,True,4
81585,36031,240926_ML.npy,2026-09-26,2026-09-26 03:19:41.903297,7C7BD9,DA42,DIAMOND AIRCRAFT INDUSTRIES INC.,DA 42,e05d6c3896850267046e33949ab2d62e8e469e16e5505707426cdbf32acc23e9,True,3
81586,36032,240926_ML.npy,2026-09-26,2026-09-26 03:19:42.426494,7C7BD9,DA42,DIAMOND AIRCRAFT INDUSTRIES INC.,DA 42,5beb4e0335476e272c9afdb0453a166ea4a7347e61c79b34d97d2306ed4a6ebc,True,5
81587,36033,240926_ML.npy,2026-09-26,2026-09-26 03:19:45.128169,7C7BD9,DA42,DIAMOND AIRCRAFT INDUSTRIES INC.,DA 42,ed05c86cf59ba621af4418ee7ca9fe020dd19e7c519e6a0ba23a13031f916d4f,True,1
81589,36035,240926_ML.npy,2026-09-26,2026-09-26 03:19:47.415181,7C7BD9,DA42,DIAMOND AIRCRAFT INDUSTRIES INC.,DA 42,a583e69a6d8f5cf3711f4ac9bb0baf9b51e0810820c13a9a0bcb166643d8ea8e,True,3
81590,36036,240926_ML.npy,2026-09-26,2026-09-26 03:19:47.551537,7C7BD9,DA42,DIAMOND AIRCRAFT INDUSTRIES INC.,DA 42,ed05c86cf59ba621af4418ee7ca9fe020dd19e7c519e6a0ba23a13031f916d4f,True,3
81593,36039,240926_ML.npy,2026-09-26,2026-09-26 03:19:52.450450,7C7BD9,DA42,DIAMOND AIRCRAFT INDUSTRIES INC.,DA 42,ed05c86cf59ba621af4418ee7ca9fe020dd19e7c519e6a0ba23a13031f916d4f,True,1
81594,36040,240926_ML.npy,2026-09-26,2026-09-26 03:20:02.214904,7C444D,P28A,PIPER AIRCRAFT CORP,PA-28-181,37e9f1827711c1f25abb3490c973f7dd565242aae1c2a483aacdbc0c555aa72c,True,4
81595,36041,240926_ML.npy,2026-09-26,2026-09-26 03:20:42.071160,7C444D,P28A,PIPER AIRCRAFT CORP,PA-28-181,0645c9bcf59846dffc33f8e40892c1503c374beedbc67985870cbfbf70da7f4d,True,2
81596,36042,240926_ML.npy,2026-09-26,2026-09-26 03:20:47.648051,7C444D,P28A,PIPER AIRCRAFT CORP,PA-28-181,11ac64a49798a5026c1938d0d4418f2e82002074b00173b6d3f1812b3c3d8817,True,5
81597,36043,240926_ML.npy,2026-09-26,2026-09-26 03:20:50.577997,7C444D,P28A,PIPER AIRCRAFT CORP,PA-28-181,94f7c1e39213c64da2e7f3db373b9e358876a29bc50d92cb50dd3e777a2f22b4,True,4
81598,36044,240926_ML.npy,2026-09-26,2026-09-26 03:20:52.381026,7C444D,P28A,PIPER AIRCRAFT CORP,PA-28-181,79ba39a894d392a1273acc6d87c3269c892e57ed5e709bd0e6f3d9b18ea33138,True,5
81600,36046,240926_ML.npy,2026-09-26,2026-09-26 03:20:58.810045,7C444D,P28A,PIPER AIRCRAFT CORP,PA-28-181,724cfdee8782fc4b57dfd00a53836f60208d81363be70ab5ff0961b21281fe67,True,5
81601,36047,240926_ML.npy,2026-09-26,2026-09-26 03:21:00.345226,7C444D,P28A,PIPER AIRCRAFT CORP,PA-28-181,d8ca3e90afb3bc1d4dca52ed572384b0662a75fc6da6c43081f935eb45116e9f,True,2
81602,36048,240926_ML.npy,2026-09-26,2026-09-26 03:21:01.385535,7C444D,P28A,PIPER AIRCRAFT CORP,PA-28-181,04c33cf92aed734997b4bdc9296daa7e2bed9cfe6d16adcda669e53083a4fdf2,True,5
81603,36049,240926_ML.npy,2026-09-26,2026-09-26 03:21:04.498898,7C444D,P28A,PIPER AIRCRAFT CORP,PA-28-181,0a712d93c3b436632b6313eca8379ae14858b33e3b9968582f2fdcbbff01ea49,True,4
81604,36050,240926_ML.npy,2026-09-26,2026-09-26 03:21:05.154954,7C444D,P28A,PIPER AIRCRAFT CORP,PA-28-181,b89fc0d5f78483e4128af6c47735812bd523d8bab46de35a86d1463bf3a8d615,True,1
81605,36051,240926_ML.npy,2026-09-26,2026-09-26 03:21:08.320274,7C444D,P28A,PIPER AIRCRAFT CORP,PA-28-181,c9adec71c6d966a5c6dda5ff98f6bde3fc1c0d6437da6f6046dcadf69d49f654,True,2
81606,36052,240926_ML.npy,2026-09-26,2026-09-26 03:21:08.365994,7C444D,P28A,PIPER AIRCRAFT CORP,PA-28-181,73c81584ab754e9e343a064ed4b8c4f68f9215d4dffcaceada446bfe2ab9dc40,True,4
81607,36053,240926_ML.npy,2026-09-26,2026-09-26 03:21:10.201768,7C444D,P28A,PIPER AIRCRAFT CORP,PA-28-181,d8ca3e90afb3bc1d4dca52ed572384b0662a75fc6da6c43081f935eb45116e9f,True,4
81608,36054,240926_ML.npy,2026-09-26,2026-09-26 03:21:10.731853,7C444D,P28A,PIPER AIRCRAFT CORP,PA-28-181,5986eee920cfe9e65330c40508f4ccfdb44721e1097067f53bb81fc2439b9a37,True,3
81609,36055,240926_ML.npy,2026-09-26,2026-09-26 03:21:12.155027,7C444D,P28A,PIPER AIRCRAFT CORP,PA-28-181,b776989c107d3c89fc951f6055029a01e9c243e6a78fe15843c226533c9de372,True,3
81611,36057,240926_ML.npy,2026-09-26,2026-09-26 03:21:13.527239,7C444D,P28A,PIPER AIRCRAFT CORP,PA-28-181,ca9171db0783b3f4ec5293b9ec93e6ed4102d49e77a2bc476f75eb4bbad311b4,True,2
81612,36058,240926_ML.npy,2026-09-26,2026-09-26 03:21:14.429103,7C444D,P28A,PIPER AIRCRAFT CORP,PA-28-181,2821c20a98f845925d28ea9f9a0a7e66e59313d27612c8386f0404e17f74e477,True,3
81613,36059,240926_ML.npy,2026-09-26,2026-09-26 03:21:17.860392,7C444D,P28A,PIPER AIRCRAFT CORP,PA-28-181,d8ca3e90afb3bc1d4dca52ed572384b0662a75fc6da6c43081f935eb45116e9f,True,5
81614,36060,240926_ML.npy,2026-09-26,2026-09-26 03:21:18.850164,7C444D,P28A,PIPER AIRCRAFT CORP,PA-28-181,9ed7c6f0df296579e2dfd1626b0dd55b0118e8a846a7730375cca55055a75781,True,1
81615,36061,240926_ML.npy,2026-09-26,2026-09-26 03:21:19.552142,7C444D,P28A,PIPER AIRCRAFT CORP,PA-28-181,f1e2ab7297a7661e2b86182bff7d4709722c035bdb09ac593ec728afad26a436,True,2
81616,36062,240926_ML.npy,2026-09-26,2026-09-26 03:21:23.523624,7C444D,P28A,PIPER AIRCRAFT CORP,PA-28-181,2bee254a19c65c4f5c3373095def0837f7ceba7f93f15b86e87dfe6b3dfd6ac2,True,5
81617,36063,240926_ML.npy,2026-09-26,2026-09-26 03:21:23.615531,7C444D,P28A,PIPER AIRCRAFT CORP,PA-28-181,07df9fb32b71caa412684607ab59253f1be0bac9aaa8f1c508e5e86097e29ab5,True,2
81618,36064,240926_ML.npy,2026-09-26,2026-09-26 03:21:24.071296,7C444D,P28A,PIPER AIRCRAFT CORP,PA-28-181,3c9c4e9eefce3fecb1fb95b8ac1e0b769c8fd277d6469cbd19e65e2e1e4ecd99,True,5
81619,36065,240926_ML.npy,2026-09-26,2026-09-26 03:21:24.491451,7C444D,P28A,PIPER AIRCRAFT CORP,PA-28-181,0a712d93c3b436632b6313eca8379ae14858b33e3b9968582f2fdcbbff01ea49,True,5
81620,36066,240926_ML.npy,2026-09-26,2026-09-26 03:21:25.937030,7C444D,P28A,PIPER AIRCRAFT CORP,PA-28-181,c0fd9a656039965538d48664b2b6cf7682eb566c92da9087003f6083932f2836,True,5
81621,36067,240926_ML.npy,2026-09-26,2026-09-26 03:21:26.674734,7C444D,P28A,PIPER AIRCRAFT CORP,PA-28-181,c3b8ace226c4d40b129f9c8bf1180a7ce16ce800b343ca3149c6ba3957e62dc7,True,5
81622,36068,240926_ML.npy,2026-09-26,2026-09-26 03:21:27.514280,7C444D,P28A,PIPER AIRCRAFT CORP,PA-28-181,c0094f3f0a84e85b04f33269c0b83eac3464b9e0cec2fdf9890e21360538a3c7,True,4
81623,36069,240926_ML.npy,2026-09-26,2026-09-26 03:21:27.704676,7C444D,P28A,PIPER AIRCRAFT CORP,PA-28-181,d8ca3e90afb3bc1d4dca52ed572384b0662a75fc6da6c43081f935eb45116e9f,True,5
81624,36070,240926_ML.npy,2026-09-26,2026-09-26 03:21:30.278350,7C444D,P28A,PIPER AIRCRAFT CORP,PA-28-181,d8ca3e90afb3bc1d4dca52ed572384b0662a75fc6da6c43081f935eb45116e9f,True,5
81625,36071,240926_ML.npy,2026-09-26,2026-09-26 03:21:44.481594,7C444D,P28A,PIPER AIRCRAFT CORP,PA-28-181,bdbea92283397c39fbb177d0e95a1912f7416a11383c2ccf93c282201996d94c,True,2
81626,36072,240926_ML.npy,2026-09-26,2026-09-26 03:21:44.643513,7C444D,P28A,PIPER AIRCRAFT CORP,PA-28-181,661cd1957f9c666c09dbf21c35c2ef6feacd13c570401b53360fee8efacc19fc,True,5
81627,36073,240926_ML.npy,2026-09-26,2026-09-26 03:22:31.973959,7C444D,P28A,PIPER AIRCRAFT CORP,PA-28-181,ab34636542643833f5a49bad298f56bcdb9861a49f99c8caf5dff5507a836db0,True,4
81628,36074,240926_ML.npy,2026-09-26,2026-09-26 03:22:32.060477,7C444D,P28A,PIPER AIRCRAFT CORP,PA-28-181,433615089a21019ed5ea0b4bdbac68d2c915d5dc702b1a10272c4d08be2447c7,True,1
81629,36075,240926_ML.npy,2026-09-26,2026-09-26 03:22:40.585025,7C444D,P28A,PIPER AIRCRAFT CORP,PA-28-181,d8ca3e90afb3bc1d4dca52ed572384b0662a75fc6da6c43081f935eb45116e9f,True,1
81632,36078,240926_ML.npy,2026-09-26,2026-09-26 03:22:42.964010,7C1B2A,DA40,DIAMOND AIRCRAFT INDUSTRIES INC.,DA 40,5b800981bec486f699822ecbdb9c7dc51c9b6e373b08c9823cbd0ff9ed36fb97,True,4
81633,36079,240926_ML.npy,2026-09-26,2026-09-26 03:22:45.276564,7C1B2A,DA40,DIAMOND AIRCRAFT INDUSTRIES INC.,DA 40,55ccd08c76c2fd78618d578b12ae83365bfd66049ce80954e0af8efb6ff7727b,True,4
81638,36084,240926_ML.npy,2026-09-26,2026-09-26 03:23:34.046667,7C444D,P28A,PIPER AIRCRAFT CORP,PA-28-181,041357f1e1ed84e4287f6ee260ecbf6e83a9a7fae608afc99d47e23edb9e7294,True,1
81640,36086,240926_ML.npy,2026-09-26,2026-09-26 03:25:10.812625,7C444D,P28A,PIPER AIRCRAFT CORP,PA-28-181,bd5ac4f529ab099322b6b411657f0596e723a38bb9fcd1f143f8be30918c1db3,True,1
81641,36087,240926_ML.npy,2026-09-26,2026-09-26 03:25:11.164140,7C444D,P28A,PIPER AIRCRAFT CORP,PA-28-181,379b2ebf9924c8e6de578c6ff82809d4f6d352244322b4295daee15b7724b1a5,True,2
81642,36088,240926_ML.npy,2026-09-26,2026-09-26 03:25:12.189619,7C444D,P28A,PIPER AIRCRAFT CORP,PA-28-181,1fd61a2a976dfc554034ce9acf4819c11bc46401370cbce68d10e1382f5649cf,True,2
81643,36089,240926_ML.npy,2026-09-26,2026-09-26 03:25:12.811714,7C444D,P28A,PIPER AIRCRAFT CORP,PA-28-181,8455e95087f1486c788da230d302c861c6767da782d4a85d048499290765697b,True,3
81644,36090,240926_ML.npy,2026-09-26,2026-09-26 03:25:13.531872,7C444D,P28A,PIPER AIRCRAFT CORP,PA-28-181,d8ca3e90afb3bc1d4dca52ed572384b0662a75fc6da6c43081f935eb45116e9f,True,2
81645,36091,240926_ML.npy,2026-09-26,2026-09-26 03:25:13.547736,7C444D,P28A,PIPER AIRCRAFT CORP,PA-28-181,0a712d93c3b436632b6313eca8379ae14858b33e3b9968582f2fdcbbff01ea49,True,3
81646,36092,240926_ML.npy,2026-09-26,2026-09-26 03:25:16.308671,7C444D,P28A,PIPER AIRCRAFT CORP,PA-28-181,e51ee20aa08bfdb7abc1cd4342ceb9d3cbcf266cd6ab48565b2daf4c17b8154c,True,3
81647,36093,240926_ML.npy,2026-09-26,2026-09-26 03:25:20.114398,7C444D,P28A,PIPER AIRCRAFT CORP,PA-28-181,b92b21c3adb197c743335ce42e235c52451efc59951df2322bb3d586def3c903,True,5
81648,36094,240926_ML.npy,2026-09-26,2026-09-26 03:25:20.174096,7C444D,P28A,PIPER AIRCRAFT CORP,PA-28-181,1813c4399d30b24d6d62db8713a33d26a05e825434ee975625fa32dc30589894,True,5
81649,36095,240926_ML.npy,2026-09-26,2026-09-26 03:25:20.628209,7C444D,P28A,PIPER AIRCRAFT CORP,PA-28-181,212032bc1877d7f7315968671a875d53bbb7ab902d672026b936bc05accd19cc,True,1
81650,36096,240926_ML.npy,2026-09-26,2026-09-26 03:25:29.878279,7C444D,P28A,PIPER AIRCRAFT CORP,PA-28-181,01da20bceca1c65b279931bfd4179f85b7517151076be50a23b32e5aa663b4d7,True,4
81651,36097,240926_ML.npy,2026-09-26,2026-09-26 03:25:30.971614,7C444D,P28A,PIPER AIRCRAFT CORP,PA-28-181,bdbea92283397c39fbb177d0e95a1912f7416a11383c2ccf93c282201996d94c,True,1
81652,36098,240926_ML.npy,2026-09-26,2026-09-26 03:25:31.000373,7C444D,P28A,PIPER AIRCRAFT CORP,PA-28-181,ce5216f7515a6e54df22d7b6a5c2788da123240e7d5ca19666762c3aa860fb90,True,2
81653,36099,240926_ML.npy,2026-09-26,2026-09-26 03:25:31.078247,7C444D,P28A,PIPER AIRCRAFT CORP,PA-28-181,d8ca3e90afb3bc1d4dca52ed572384b0662a75fc6da6c43081f935eb45116e9f,True,4
81654,36100,240926_ML.npy,2026-09-26,2026-09-26 03:25:33.571779,7C444D,P28A,PIPER AIRCRAFT CORP,PA-28-181,d8ca3e90afb3bc1d4dca52ed572384b0662a75fc6da6c43081f935eb45116e9f,True,2
81655,36101,240926_ML.npy,2026-09-26,2026-09-26 03:25:33.788219,7C444D,P28A,PIPER AIRCRAFT CORP,PA-28-181,cd1d132b168209981f484c7945d63cea9f2e4eb28ecdb49d043bd6ccd00902fe,True,4
81656,36102,240926_ML.npy,2026-09-26,2026-09-26 03:25:37.379190,7C444D,P28A,PIPER AIRCRAFT CORP,PA-28-181,8d7a83ea8b8c8d36bf84aae146e44dafdc259d81b808ea746bde2728c0625bf3,True,5
81657,36103,240926_ML.npy,2026-09-26,2026-09-26 03:25:38.936295,7C444D,P28A,PIPER AIRCRAFT CORP,PA-28-181,3dffa28c18d42c10723bf0df95d62ad58ec8bb7b0eb39f295a945ba6c4361bf0,True,4
81658,36104,240926_ML.npy,2026-09-26,2026-09-26 03:25:41.994262,7C444D,P28A,PIPER AIRCRAFT CORP,PA-28-181,83b0bd006fc6368d01708dd7abf5fe91ecadb98170d63ed673278074ae2a2b46,True,1
81659,36105,240926_ML.npy,2026-09-26,2026-09-26 03:25:59.020953,7C444D,P28A,PIPER AIRCRAFT CORP,PA-28-181,d1dbd3d6f18e5d58ca2b2d15e9d726aaf893a3bc9313d89bc361bb657707c30b,True,2
81660,36106,240926_ML.npy,2026-09-26,2026-09-26 03:26:24.646169,7C444D,P28A,PIPER AIRCRAFT CORP,PA-28-181,ad1057360637e21385c171521d96c66eca6e080ada834e2e319e4df5fa9905bc,True,5
81661,36107,240926_ML.npy,2026-09-26,2026-09-26 03:26:25.695547,7C444D,P28A,PIPER AIRCRAFT CORP,PA-28-181,142c1b8f26d04f9477d14d8bdcbb2190d5645341b913ce21ce09db28300dd8de,True,2
81662,36108,240926_ML.npy,2026-09-26,2026-09-26 03:26:28.635341,7C444D,P28A,PIPER AIRCRAFT CORP,PA-28-181,6548557082439779c06676c4b0b4ac09cff2794df8e57d830a6a5a37ccc6ba48,True,1
81663,36109,240926_ML.npy,2026-09-26,2026-09-26 03:26:28.890823,7C444D,P28A,PIPER AIRCRAFT CORP,PA-28-181,0a712d93c3b436632b6313eca8379ae14858b33e3b9968582f2fdcbbff01ea49,True,2
81664,36110,240926_ML.npy,2026-09-26,2026-09-26 03:26:29.760686,7C444D,P28A,PIPER AIRCRAFT CORP,PA-28-181,d8e2485ccebdebc395ab3d31947680b7f9378d8d5c2bc19af593c6faa7a54df5,True,2
81665,36111,240926_ML.npy,2026-09-26,2026-09-26 03:26:30.779046,7C444D,P28A,PIPER AIRCRAFT CORP,PA-28-181,ca091f2179961ae20b976e8c77ffb7a2a607704719e73eeb0692b116573a23b1,True,2
81666,36112,240926_ML.npy,2026-09-26,2026-09-26 03:26:31.960630,7C444D,P28A,PIPER AIRCRAFT CORP,PA-28-181,2b30fd93d15aad21ed219f5973f6b86085bf90c2d7bd5223f095b193b5fd1b06,True,1
81667,36113,240926_ML.npy,2026-09-26,2026-09-26 03:26:33.874429,7C444D,P28A,PIPER AIRCRAFT CORP,PA-28-181,4594d21df42dc88de2c08c994f4a24dbb66a42bff44b2803ffa197d5bc693a18,True,1
81668,36114,240926_ML.npy,2026-09-26,2026-09-26 03:26:34.438153,7C444D,P28A,PIPER AIRCRAFT CORP,PA-28-181,4594d21df42dc88de2c08c994f4a24dbb66a42bff44b2803ffa197d5bc693a18,True,3
81669,36115,240926_ML.npy,2026-09-26,2026-09-26 03:26:35.095963,7C444D,P28A,PIPER AIRCRAFT CORP,PA-28-181,9cbfa957bd019f2d460fcb759deabcd5031e9b7a3f212d485c378ebfe540813e,True,3
81671,36117,240926_ML.npy,2026-09-26,2026-09-26 03:26:39.901305,7C444D,P28A,PIPER AIRCRAFT CORP,PA-28-181,992292ee5beb7a66739f622ce1e455f6bf08c76efeafd9226070ced372a40d40,True,1
81672,36118,240926_ML.npy,2026-09-26,2026-09-26 03:26:42.738574,7C444D,P28A,PIPER AIRCRAFT CORP,PA-28-181,d71a0e76f7411de2a9a478c08936df8d9329c839d83589951b4b8035850aa3a7,True,1
81673,36119,240926_ML.npy,2026-09-26,2026-09-26 03:26:43.722455,7C444D,P28A,PIPER AIRCRAFT CORP,PA-28-181,d8ca3e90afb3bc1d4dca52ed572384b0662a75fc6da6c43081f935eb45116e9f,True,5
81674,36120,240926_ML.npy,2026-09-26,2026-09-26 03:26:44.395874,7C444D,P28A,PIPER AIRCRAFT CORP,PA-28-181,cf43b9f1f5afdda18542ca59a365e733df9664d565bfb6b250302a5ca88a3c91,True,1
81675,36121,240926_ML.npy,2026-09-26,2026-09-26 03:26:45.444139,7C444D,P28A,PIPER AIRCRAFT CORP,PA-28-181,bdbea92283397c39fbb177d0e95a1912f7416a11383c2ccf93c282201996d94c,True,3
81676,36122,240926_ML.npy,2026-09-26,2026-09-26 03:26:46.143826,7C444D,P28A,PIPER AIRCRAFT CORP,PA-28-181,d8ca3e90afb3bc1d4dca52ed572384b0662a75fc6da6c43081f935eb45116e9f,True,4
81677,36123,240926_ML.npy,2026-09-26,2026-09-26 03:26:48.371523,7C444D,P28A,PIPER AIRCRAFT CORP,PA-28-181,ff8602e2ebcd3684520f6c78a1c3ea60f1139de86b685a1d28066d8ed0fd6e4f,True,5
81678,36124,240926_ML.npy,2026-09-26,2026-09-26 03:26:48.637255,7C444D,P28A,PIPER AIRCRAFT CORP,PA-28-181,d8ca3e90afb3bc1d4dca52ed572384b0662a75fc6da6c43081f935eb45116e9f,True,1
81679,36125,240926_ML.npy,2026-09-26,2026-09-26 03:26:48.962919,7C444D,P28A,PIPER AIRCRAFT CORP,PA-28-181,b109e0a2792234ee589520c32dfdb4c93d743e9c205fe8c690fde58625df3790,True,4
81680,36126,240926_ML.npy,2026-09-26,2026-09-26 03:26:49.529289,7C444D,P28A,PIPER AIRCRAFT CORP,PA-28-181,a2836561a155daf908d8c11371b9c99bc886a8002d1af07d3d7cb57c676ff8ff,True,1
81681,36127,240926_ML.npy,2026-09-26,2026-09-26 03:26:49.679383,7C444D,P28A,PIPER AIRCRAFT CORP,PA-28-181,e1e35fbf0a38cd1ef3a6aed15e60dec7c8bf3a13b8f7a8053a74e9dbcfdc8a50,True,1
81682,36128,240926_ML.npy,2026-09-26,2026-09-26 03:26:50.196816,7C444D,P28A,PIPER AIRCRAFT CORP,PA-28-181,7b95cec6d8189374d5aac2300dae52a7edbbeaa16018b05df65292087522970f,True,5
81683,36129,240926_ML.npy,2026-09-26,2026-09-26 03:26:51.146947,7C444D,P28A,PIPER AIRCRAFT CORP,PA-28-181,d8ca3e90afb3bc1d4dca52ed572384b0662a75fc6da6c43081f935eb45116e9f,True,5
81684,36130,240926_ML.npy,2026-09-26,2026-09-26 03:26:53.562031,7C444D,P28A,PIPER AIRCRAFT CORP,PA-28-181,b15019a5285d5e817863f5a36a6707f0753ca456b5b697e94b5817e770b67b75,True,1
81685,36131,240926_ML.npy,2026-09-26,2026-09-26 03:26:54.892282,7C444D,P28A,PIPER AIRCRAFT CORP,PA-28-181,4bd34f40e62b1f6255ef0571bb97979ed26e97e057aacc4969faedc889960cbc,True,5
81686,36132,240926_ML.npy,2026-09-26,2026-09-26 03:26:54.926263,7C444D,P28A,PIPER AIRCRAFT CORP,PA-28-181,452a96bd4d2d4b631ef0422a2d6defc906ef3fe6be453c5620163eea8c03108a,True,1
81687,36133,240926_ML.npy,2026-09-26,2026-09-26 03:27:02.924712,7C444D,P28A,PIPER AIRCRAFT CORP,PA-28-181,dff0ff5547e99580ce248566ec4da8cd5e7bf8ef7a38e80e87e02f1e0e34f92f,True,2
81688,36134,240926_ML.npy,2026-09-26,2026-09-26 03:27:06.262090,7C444D,P28A,PIPER AIRCRAFT CORP,PA-28-181,d8ca3e90afb3bc1d4dca52ed572384b0662a75fc6da6c43081f935eb45116e9f,True,4
81689,36135,240926_ML.npy,2026-09-26,2026-09-26 03:27:06.495638,7C444D,P28A,PIPER AIRCRAFT CORP,PA-28-181,be5566dc23b3d699a7ed2f15d63d79298fef645202bab0e1e9f99e8c40842822,True,1
81690,36136,240926_ML.npy,2026-09-26,2026-09-26 03:27:07.035445,7C444D,P28A,PIPER AIRCRAFT CORP,PA-28-181,be5566dc23b3d699a7ed2f15d63d79298fef645202bab0e1e9f99e8c40842822,True,1
81691,36137,240926_ML.npy,2026-09-26,2026-09-26 03:27:42.520661,7C444D,P28A,PIPER AIRCRAFT CORP,PA-28-181,32b4bd52b70d2f83110627861944eb232ccbc58311ebac77e879076df9f63fcc,True,3
81692,36138,240926_ML.npy,2026-09-26,2026-09-26 03:27:59.063902,7C444D,P28A,PIPER AIRCRAFT CORP,PA-28-181,3ff405d452f80d5afebc950446145a7bd4ebe52a6fbbd7640a5b55fd57cd4d08,True,1
81693,36139,240926_ML.npy,2026-09-26,2026-09-26 03:28:08.042045,7C67D3,C172,CESSNA AIRCRAFT COMPANY,172S,e53a0f2797b3463cfcfc9a02c34a184fcf5f532ac37542a2651258f4f0b02ca7,True,4
81694,36140,240926_ML.npy,2026-09-26,2026-09-26 03:28:10.253706,7C444D,P28A,PIPER AIRCRAFT CORP,PA-28-181,f65b7ec8cf04b338d911351e20ca9291f49d7ed3f5a981282116cba029b01ee0,True,2
81695,36141,240926_ML.npy,2026-09-26,2026-09-26 03:28:11.458871,7C67D3,C172,CESSNA AIRCRAFT COMPANY,172S,1194644b887fa914873aebea6bdb8a93dd9894353e9a7c79ae3ddd89cfc6fa64,True,5
81696,36142,240926_ML.npy,2026-09-26,2026-09-26 03:28:15.588969,7C444D,P28A,PIPER AIRCRAFT CORP,PA-28-181,e6917b649cf5039f91bdff22a2ede8e949a2c1cc5a007a30d2311443140c1503,True,2
81697,36143,240926_ML.npy,2026-09-26,2026-09-26 03:28:18.559736,7C67D3,C172,CESSNA AIRCRAFT COMPANY,172S,a3918f8244911b70523cab697cf063c8b7e4a68aa7f7b4b46a778f30f3bedd90,True,5
81698,36144,240926_ML.npy,2026-09-26,2026-09-26 03:28:18.563593,7C67D3,C172,CESSNA AIRCRAFT COMPANY,172S,c6bf8379537ef1eadffa04ce1eb68df0ccfb5148772c477271f2d5f4025bda38,True,5
81708,36154,240926_ML.npy,2026-09-26,2026-09-26 03:28:48.864316,7C444D,P28A,PIPER AIRCRAFT CORP,PA-28-181,f4c8b7619158978a4e765c3f710ff7b291234704bcea2eb2ce49a8d610d51672,True,5
81709,36155,240926_ML.npy,2026-09-26,2026-09-26 03:28:49.098618,7C444D,P28A,PIPER AIRCRAFT CORP,PA-28-181,9ac40e6a7b64521a39e2fd53c97eeaa03a5d4ea49b73ba81755deef1f57848ab,True,1
81711,36157,240926_ML.npy,2026-09-26,2026-09-26 03:29:08.790442,7C444D,P28A,PIPER AIRCRAFT CORP,PA-28-181,6dd03e179e0438b94656dc5021077955d873aeb4ea6cff9f923266d934eb9bae,True,1
81712,36158,240926_ML.npy,2026-09-26,2026-09-26 03:31:33.916447,7C444D,P28A,PIPER AIRCRAFT CORP,PA-28-181,a72c3036f3c313b3be34bd17ba69d2232038311530808a0af893478b0c55328a,True,5
81713,36159,240926_ML.npy,2026-09-26,2026-09-26 03:31:36.602186,7C444D,P28A,PIPER AIRCRAFT CORP,PA-28-181,435a14801be069c2eb342c26dd7a3983be0af9080babd10a3daa894d035bac19,True,3
81714,36160,240926_ML.npy,2026-09-26,2026-09-26 03:31:38.345595,7C444D,P28A,PIPER AIRCRAFT CORP,PA-28-181,0a712d93c3b436632b6313eca8379ae14858b33e3b9968582f2fdcbbff01ea49,True,3
81715,36161,240926_ML.npy,2026-09-26,2026-09-26 03:31:38.455241,7C444D,P28A,PIPER AIRCRAFT CORP,PA-28-181,93fb60e3ae1cb51d637054cea8f32f5b414dec147c0ab126560dc43d292987d4,True,2
81716,36162,240926_ML.npy,2026-09-26,2026-09-26 03:31:38.969394,7C444D,P28A,PIPER AIRCRAFT CORP,PA-28-181,8ac724b62920831f8cbd870a0ac860228b1bfc33e605464f42c202c153311776,True,5
81717,36163,240926_ML.npy,2026-09-26,2026-09-26 03:31:41.972922,7C444D,P28A,PIPER AIRCRAFT CORP,PA-28-181,98beab09cd7abe6c8729771814b865d4b0bd5b3511366082940d2a1ea96e3c26,True,3
81718,36164,240926_ML.npy,2026-09-26,2026-09-26 03:31:42.242984,7C444D,P28A,PIPER AIRCRAFT CORP,PA-28-181,d8ca3e90afb3bc1d4dca52ed572384b0662a75fc6da6c43081f935eb45116e9f,True,2
81719,36165,240926_ML.npy,2026-09-26,2026-09-26 03:31:42.251141,7C444D,P28A,PIPER AIRCRAFT CORP,PA-28-181,fb414e6ce92fa58731c1bd5535704c917aa0bdc6831f0525183ebde2768f2745,True,5
81720,36166,240926_ML.npy,2026-09-26,2026-09-26 03:31:42.408827,7C444D,P28A,PIPER AIRCRAFT CORP,PA-28-181,cd2ff6986a5029affb31c01590c05b1c7895e3d99f1d2c2b23d8d14e985e1bb9,True,4
81721,36167,240926_ML.npy,2026-09-26,2026-09-26 03:31:47.351408,7C444D,P28A,PIPER AIRCRAFT CORP,PA-28-181,3c822c44331232a0fa47466b570bb1ea2f1fd0f42cd5c44029efdc560100e71f,True,1
81722,36168,240926_ML.npy,2026-09-26,2026-09-26 03:31:47.825848,7C444D,P28A,PIPER AIRCRAFT CORP,PA-28-181,4fcc8665f64a60842e0825078fbc4be12714b5ae1fc13527b10d00c69d35feef,True,5
81723,36169,240926_ML.npy,2026-09-26,2026-09-26 03:31:50.419378,7C444D,P28A,PIPER AIRCRAFT CORP,PA-28-181,0a712d93c3b436632b6313eca8379ae14858b33e3b9968582f2fdcbbff01ea49,True,5
81724,36170,240926_ML.npy,2026-09-26,2026-09-26 03:31:54.394548,7C444D,P28A,PIPER AIRCRAFT CORP,PA-28-181,0a712d93c3b436632b6313eca8379ae14858b33e3b9968582f2fdcbbff01ea49,True,2
81725,36171,240926_ML.npy,2026-09-26,2026-09-26 03:31:54.714718,7C444D,P28A,PIPER AIRCRAFT CORP,PA-28-181,42325dab9a9af901a2021b0a24866d8cdf74477777414616e211bd8bfc540651,True,2
81726,36172,240926_ML.npy,2026-09-26,2026-09-26 03:31:55.811760,7C444D,P28A,PIPER AIRCRAFT CORP,PA-28-181,3816da39ca40cdf49de5f5493f1976b57a6878075ccc9e685efcd31d943794dc,True,3
81727,36173,240926_ML.npy,2026-09-26,2026-09-26 03:31:56.226404,7C444D,P28A,PIPER AIRCRAFT CORP,PA-28-181,8f412e5e930cd17a1505e658504b50d4d27325c078c14f5361e9678f8fbfedef,True,1
81728,36174,240926_ML.npy,2026-09-26,2026-09-26 03:31:56.538185,7C444D,P28A,PIPER AIRCRAFT CORP,PA-28-181,d8ca3e90afb3bc1d4dca52ed572384b0662a75fc6da6c43081f935eb45116e9f,True,5
81729,36175,240926_ML.npy,2026-09-26,2026-09-26 03:31:59.427169,7C444D,P28A,PIPER AIRCRAFT CORP,PA-28-181,bdbea92283397c39fbb177d0e95a1912f7416a11383c2ccf93c282201996d94c,True,2
81730,36176,240926_ML.npy,2026-09-26,2026-09-26 03:32:04.556694,7C444D,P28A,PIPER AIRCRAFT CORP,PA-28-181,d8ca3e90afb3bc1d4dca52ed572384b0662a75fc6da6c43081f935eb45116e9f,True,4
81731,36177,240926_ML.npy,2026-09-26,2026-09-26 03:32:08.260054,7C444D,P28A,PIPER AIRCRAFT CORP,PA-28-181,82b0ee7445ddbcda492d91094b0deeb6af67da4fe17e899f2fd763ee7ea4b765,True,1
81732,36178,240926_ML.npy,2026-09-26,2026-09-26 03:32:16.996070,7C444D,P28A,PIPER AIRCRAFT CORP,PA-28-181,d8ca3e90afb3bc1d4dca52ed572384b0662a75fc6da6c43081f935eb45116e9f,True,5
81733,36179,240926_ML.npy,2026-09-26,2026-09-26 03:32:18.305876,7C444D,P28A,PIPER AIRCRAFT CORP,PA-28-181,c8cf5dce1070a86cb937b412e10fcd887892371cba3261ee917c00b69a8fb963,True,4
81734,36180,240926_ML.npy,2026-09-26,2026-09-26 03:32:20.371375,7C444D,P28A,PIPER AIRCRAFT CORP,PA-28-181,0a712d93c3b436632b6313eca8379ae14858b33e3b9968582f2fdcbbff01ea49,True,5
81735,36181,240926_ML.npy,2026-09-26,2026-09-26 03:32:20.601123,7C444D,P28A,PIPER AIRCRAFT CORP,PA-28-181,8df52f1845a78503fe526997413e0adeb62349053b2db5250460e75dbbc2fb7d,True,3
81736,36182,240926_ML.npy,2026-09-26,2026-09-26 03:32:24.006821,7C444D,P28A,PIPER AIRCRAFT CORP,PA-28-181,f3a644dec5698155a419cb910d6ceed79ec266158fca70ade02fd6702911a1cc,True,2
81737,36183,240926_ML.npy,2026-09-26,2026-09-26 03:32:24.918684,7C444D,P28A,PIPER AIRCRAFT CORP,PA-28-181,79c65f7a5cf2a50a72ac0a235d7b71b5e57c65b08567effbd19795e784298c75,True,1
81738,36184,240926_ML.npy,2026-09-26,2026-09-26 03:32:43.510455,7C444D,P28A,PIPER AIRCRAFT CORP,PA-28-181,6901bf922db3b5ae4e45babff35a4c1f98ce14cebceec806a07aba0920f4e5ee,True,2
81739,36185,240926_ML.npy,2026-09-26,2026-09-26 03:32:48.919450,7C444D,P28A,PIPER AIRCRAFT CORP,PA-28-181,17d90db116f18660ef081ad715e1b03a8617c91d0b713b6bc9c9fc40ba04d9a8,True,3
81770,36216,240926_ML.npy,2026-09-26,2026-09-26 03:37:32.415073,7C0D65,DA42,DIAMOND AIRCRAFT INDUSTRIES INC.,DA 42,c79f07f3fdcaef201d5d06e18fbea7c6bf039c85aa7fb4efcdf028cec4fdc168,True,2
81802,36248,240926_ML.npy,2026-09-26,2026-09-26 04:03:41.927225,7C7AF8,DA40,DIAMOND AIRCRAFT INDUSTRIES INC.,DA 40,7132b664771961dac3b4b88e45d608f40a540aa0ba546236b092491c1807e7a5,True,1
81805,36251,240926_ML.npy,2026-09-26,2026-09-26 04:04:22.379169,7C67D3,C172,CESSNA AIRCRAFT COMPANY,172S,6a7ebd99afeb2843a7e130e4c4cbe16716d3ca7f8b1e52acc050b0bd895a557e,True,4
81831,36277,240926_ML.npy,2026-09-26,2026-09-26 04:05:43.782949,7C7AF8,DA40,DIAMOND AIRCRAFT INDUSTRIES INC.,DA 40,edb4e98345798f64db2ad751dd5a17208bb987b7d1c06882cf51becb218ac56f,True,3
81841,36287,240926_ML.npy,2026-09-26,2026-09-26 04:06:23.112040,7C7AF8,DA40,DIAMOND AIRCRAFT INDUSTRIES INC.,DA 40,d5a057062a69a74067231839206bf16d7e09ccdf9cf125c910e9a1704f74e06f,True,5
81850,36296,240926_ML.npy,2026-09-26,2026-09-26 04:07:08.263031,7C7AF8,DA40,DIAMOND AIRCRAFT INDUSTRIES INC.,DA 40,96c9717f3370b07951af94c98f47dafd9d22c01ce9cda2748e58f54c69546c9c,True,3
81853,36299,240926_ML.npy,2026-09-26,2026-09-26 04:07:10.423963,7C67D0,C172,CESSNA AIRCRAFT COMPANY,172S,f6eb0ed6dd02971d57e1fcc2f9f654acffca7a5ff9f80b504712eadfd794d75c,True,2
81857,36303,240926_ML.npy,2026-09-26,2026-09-26 04:07:17.105201,7C67D0,C172,CESSNA AIRCRAFT COMPANY,172S,4d25b0e5294cbf4e9b06e0536067bffbf82a8fb2a59141742d6013442e0a21dd,True,3
81867,36313,240926_ML.npy,2026-09-26,2026-09-26 04:07:32.483046,7C67D0,C172,CESSNA AIRCRAFT COMPANY,172S,9157fba690b1be53370d65e650fc54ff3d65267cda3cb45be70c6b03d0b0297f,True,2
81870,36316,240926_ML.npy,2026-09-26,2026-09-26 04:07:39.433477,7C67D0,C172,CESSNA AIRCRAFT COMPANY,172S,a199da4bf7b3745c49afb51a326b5812768dc0ca1503d2dcd4ae170e5c5c6486,True,4
81871,36317,240926_ML.npy,2026-09-26,2026-09-26 04:07:39.437134,7C67D0,C172,CESSNA AIRCRAFT COMPANY,172S,21de07bdc06edeee98b51c73fa37c241dfb05dab4770afeb682d94915ff51832,True,1
81872,36318,240926_ML.npy,2026-09-26,2026-09-26 04:07:44.581617,7C67D0,C172,CESSNA AIRCRAFT COMPANY,172S,6351ac4fbf86f6bb294cf426211af4c8526e369443071cf4bf7cbd3010ec4c10,True,2
81877,36323,240926_ML.npy,2026-09-26,2026-09-26 04:08:03.869756,7C67D0,C172,CESSNA AIRCRAFT COMPANY,172S,705c6511d1e9c3ea1c1762626cc736a17bb966587fa80121129fbda133b264bd,True,4
81882,36328,240926_ML.npy,2026-09-26,2026-09-26 04:08:13.666308,7C67D0,C172,CESSNA AIRCRAFT COMPANY,172S,6554555a24dc8579fdb73d835bae0a50e4280eedc9fab3a55174a0aef05011d8,True,2
81889,36335,240926_ML.npy,2026-09-26,2026-09-26 04:08:22.004877,7C67D0,C172,CESSNA AIRCRAFT COMPANY,172S,6ed9fae629f464f1c768ee6f3906832d2da96336965159338627b4ac711e2233,True,1
81893,36339,240926_ML.npy,2026-09-26,2026-09-26 04:08:25.146315,7C67D0,C172,CESSNA AIRCRAFT COMPANY,172S,7d365de1f07acad2787ae38fb5e33167896764e6391ad8d6d74c00842cccce1e,True,5
81901,36347,240926_ML.npy,2026-09-26,2026-09-26 04:08:33.510804,7C67D0,C172,CESSNA AIRCRAFT COMPANY,172S,c311076f85c33f6bd6c9316642ea0c95dbe857d2353d2b32bfd9fa7195cb7a09,True,5
81908,36354,240926_ML.npy,2026-09-26,2026-09-26 04:08:53.395662,7C67D0,C172,CESSNA AIRCRAFT COMPANY,172S,518d20ca2059b6d285b2d4ce6492c3b3ce859799a84f226343e592410465c5d8,True,1
81913,36359,240926_ML.npy,2026-09-26,2026-09-26 04:08:58.931229,7C67D0,C172,CESSNA AIRCRAFT COMPANY,172S,ebe1bdf93a7e6b05ae57c4ce22112bfcb5c9bccfe1c7a50b12c9ea2f11fe6e9e,True,2
81916,36362,240926_ML.npy,2026-09-26,2026-09-26 04:12:37.001878,7C67D0,C172,CESSNA AIRCRAFT COMPANY,172S,6ed9fae629f464f1c768ee6f3906832d2da96336965159338627b4ac711e2233,True,2
81962,36408,240926_ML.npy,2026-09-26,2026-09-26 04:13:37.168908,7C67D0,C172,CESSNA AIRCRAFT COMPANY,172S,6ed9fae629f464f1c768ee6f3906832d2da96336965159338627b4ac711e2233,True,5
81967,36413,240926_ML.npy,2026-09-26,2026-09-26 04:13:45.150899,7C67D0,C172,CESSNA AIRCRAFT COMPANY,172S,95832b6c59db4f23c319b6da1cc1bfb2e3c12305f7946f57fd63ade14dad67e4,True,3
81977,36423,240926_ML.npy,2026-09-26,2026-09-26 04:13:54.422683,7C67D0,C172,CESSNA AIRCRAFT COMPANY,172S,b49b555cbdce25ad115ce863040002dfc6ac31c55ffe741c4ff498a13b705a95,True,3
81981,36427,240926_ML.npy,2026-09-26,2026-09-26 04:13:58.498466,7C67D0,C172,CESSNA AIRCRAFT COMPANY,172S,742b26d109cc1658353b1f7271da3eef1e660eab3b08d73a646a5d123fa8ffc5,True,2
81994,36440,240926_ML.npy,2026-09-26,2026-09-26 04:14:09.185502,7C67D0,C172,CESSNA AIRCRAFT COMPANY,172S,9466fddc9a486b05aad8f9a0f9b2c2fb00871a372253a5be0632b301b8bb18d6,True,2
81998,36444,240926_ML.npy,2026-09-26,2026-09-26 04:14:12.179065,7C67D0,C172,CESSNA AIRCRAFT COMPANY,172S,c431cbd440ee0694850b6c52c7d12bac67a7c53c091aa3c43f9c2e08224de7da,True,5
82000,36446,240926_ML.npy,2026-09-26,2026-09-26 04:14:13.118879,7C67D0,C172,CESSNA AIRCRAFT COMPANY,172S,e34b7136d5153ffe1ffb15b7ca62f6c553c0c6e63218fa8db22c8ce60bd3891e,True,3
82003,36449,240926_ML.npy,2026-09-26,2026-09-26 04:14:14.587184,7C67D0,C172,CESSNA AIRCRAFT COMPANY,172S,adcd7a3728cd835214d9792377e1e02353e93212cdf69297575d444de0a042b9,True,1
82004,36450,240926_ML.npy,2026-09-26,2026-09-26 04:14:16.638184,7C67D0,C172,CESSNA AIRCRAFT COMPANY,172S,f0f9ea4b9db1611ff83d6294fe28a93228906c9b628cb50de3efcb2ace63dc07,True,2
82010,36456,240926_ML.npy,2026-09-26,2026-09-26 04:14:24.251819,7C67D0,C172,CESSNA AIRCRAFT COMPANY,172S,6c3934dea5989b3a554e8e01b7873d2c94e5b76fcf3e940316cb5e4c41df0d1a,True,3
82015,36461,240926_ML.npy,2026-09-26,2026-09-26 04:14:33.269138,7C67D0,C172,CESSNA AIRCRAFT COMPANY,172S,48e6d37794bbe29d1c0f12c8e9a01ca7e39eb0f3131869b578938212a2b9c369,True,3
82026,36472,240926_ML.npy,2026-09-26,2026-09-26 04:17:40.290579,7C67D0,C172,CESSNA AIRCRAFT COMPANY,172S,70235137a7473d20040db57d62fa6f7d701efab1b486334f21993aabebb6675e,True,2
82033,36479,240926_ML.npy,2026-09-26,2026-09-26 04:17:52.271399,7C67D0,C172,CESSNA AIRCRAFT COMPANY,172S,0cfc71598eb45881978e38a28c02ab0ee30cf8b38c8ab4890ad1362199fe0ad3,True,3
82036,36482,240926_ML.npy,2026-09-26,2026-09-26 04:17:58.094080,7C67D0,C172,CESSNA AIRCRAFT COMPANY,172S,6a8487f8f5747cb1f36eb1a39f3e8b4f4847d10f555b2013c19d5d7dddf67f1c,True,1
82039,36485,240926_ML.npy,2026-09-26,2026-09-26 04:18:03.318109,7C67D0,C172,CESSNA AIRCRAFT COMPANY,172S,f0f9ea4b9db1611ff83d6294fe28a93228906c9b628cb50de3efcb2ace63dc07,True,2
82043,36489,240926_ML.npy,2026-09-26,2026-09-26 04:18:33.206414,7C67D0,C172,CESSNA AIRCRAFT COMPANY,172S,1e9d9998c2ee3e13fe8ae365f4da9922b11038f6e44b8c6285f3060bde2e7cd7,True,2
82046,36492,240926_ML.npy,2026-09-26,2026-09-26 04:18:37.520194,7C67D0,C172,CESSNA AIRCRAFT COMPANY,172S,41837a0363c2201d4b21e98abe35e4ed712e2233eef34f54ba89aac6ac2972aa,True,1
82049,36495,240926_ML.npy,2026-09-26,2026-09-26 04:18:38.083855,7C67D0,C172,CESSNA AIRCRAFT COMPANY,172S,6351ac4fbf86f6bb294cf426211af4c8526e369443071cf4bf7cbd3010ec4c10,True,2
82050,36496,240926_ML.npy,2026-09-26,2026-09-26 04:18:38.538770,7C67D0,C172,CESSNA AIRCRAFT COMPANY,172S,57096b7c8c5fd5506272087b9d63d4fee0c14fec0a589ff805c7a629c50f5ece,True,4
82054,36500,240926_ML.npy,2026-09-26,2026-09-26 04:18:43.641151,7C67D0,C172,CESSNA AIRCRAFT COMPANY,172S,8833cf14344087e61e464d3519830a88f82c6a83e87df0dfd214272c18829118,True,5
82055,36501,240926_ML.npy,2026-09-26,2026-09-26 04:18:43.644948,7C67D0,C172,CESSNA AIRCRAFT COMPANY,172S,d5879b17bdfc52aa40907a3a077296af24ff2b58cc146bdc216c94d2b2eeea96,True,5
82056,36502,240926_ML.npy,2026-09-26,2026-09-26 04:18:48.150020,7C67D0,C172,CESSNA AIRCRAFT COMPANY,172S,a0143cdf1ca9c25b8b5e6e138a4210e99ebf39b486437187166cfcd83cb5b8c2,True,1
82074,36520,240926_ML.npy,2026-09-26,2026-09-26 04:19:03.620843,7C67D0,C172,CESSNA AIRCRAFT COMPANY,172S,6ed9fae629f464f1c768ee6f3906832d2da96336965159338627b4ac711e2233,True,5
82079,36525,240926_ML.npy,2026-09-26,2026-09-26 04:19:13.281414,7C67D0,C172,CESSNA AIRCRAFT COMPANY,172S,742b26d109cc1658353b1f7271da3eef1e660eab3b08d73a646a5d123fa8ffc5,True,1
82080,36526,240926_ML.npy,2026-09-26,2026-09-26 04:19:13.593703,7C67D0,C172,CESSNA AIRCRAFT COMPANY,172S,f0f9ea4b9db1611ff83d6294fe28a93228906c9b628cb50de3efcb2ace63dc07,True,2
82087,36533,240926_ML.npy,2026-09-26,2026-09-26 04:19:20.448094,7C67D0,C172,CESSNA AIRCRAFT COMPANY,172S,2407adb8b0aa61d07bc23cbbe4dc9756184e792b84fff20811692ca7001b4397,True,5
82120,36566,240926_ML.npy,2026-09-26,2026-09-26 04:22:35.581010,7C67D0,C172,CESSNA AIRCRAFT COMPANY,172S,e130724360f0a95b4f6ab80c20c2161706b162dfc80e9584624291cbada2683f,True,5
82124,36570,240926_ML.npy,2026-09-26,2026-09-26 04:22:41.130759,7C67D0,C172,CESSNA AIRCRAFT COMPANY,172S,be9a5316d20f82ee2ab4beb33f8ca4ccc6436e772d94a2893b4ec674107a33cc,True,2
82132,36578,240926_ML.npy,2026-09-26,2026-09-26 04:22:51.581469,7C67D0,C172,CESSNA AIRCRAFT COMPANY,172S,6351ac4fbf86f6bb294cf426211af4c8526e369443071cf4bf7cbd3010ec4c10,True,5
82140,36586,240926_ML.npy,2026-09-26,2026-09-26 04:23:16.939818,7C67D0,C172,CESSNA AIRCRAFT COMPANY,172S,19c1a7832d793e178c323f9970be55225dbfe41b4bea698d6194ecc43940d2ae,True,5
82143,36589,240926_ML.npy,2026-09-26,2026-09-26 04:23:28.929653,7C67D0,C172,CESSNA AIRCRAFT COMPANY,172S,f0f9ea4b9db1611ff83d6294fe28a93228906c9b628cb50de3efcb2ace63dc07,True,1
82145,36591,240926_ML.npy,2026-09-26,2026-09-26 04:23:32.318659,7C67D0,C172,CESSNA AIRCRAFT COMPANY,172S,b6b1bc9637bc1e1c5e3082d95d379d38db0015d6b87b983848069e313c67c14e,True,1
82146,36592,240926_ML.npy,2026-09-26,2026-09-26 04:23:32.688134,7C67D0,C172,CESSNA AIRCRAFT COMPANY,172S,6351ac4fbf86f6bb294cf426211af4c8526e369443071cf4bf7cbd3010ec4c10,True,4
82152,36598,240926_ML.npy,2026-09-26,2026-09-26 04:23:40.030287,7C67D0,C172,CESSNA AIRCRAFT COMPANY,172S,6351ac4fbf86f6bb294cf426211af4c8526e369443071cf4bf7cbd3010ec4c10,True,1
82160,36606,240926_ML.npy,2026-09-26,2026-09-26 04:23:52.846341,7C67D0,C172,CESSNA AIRCRAFT COMPANY,172S,fbb1161df561ee1de62cd94464ff156f0a4da65c65e4638a705098878f6f4585,True,2
82164,36610,240926_ML.npy,2026-09-26,2026-09-26 04:24:02.335126,7C67D0,C172,CESSNA AIRCRAFT COMPANY,172S,6351ac4fbf86f6bb294cf426211af4c8526e369443071cf4bf7cbd3010ec4c10,True,2
82171,36617,240926_ML.npy,2026-09-26,2026-09-26 04:24:18.747461,7C444D,P28A,PIPER AIRCRAFT CORP,PA-28-181,338aba8f0b57fa5371e688f7280ec3d7e0c6fc61dd32e3df93ae2068f034d75c,True,3
82172,36618,240926_ML.npy,2026-09-26,2026-09-26 04:24:19.527073,7C67D0,C172,CESSNA AIRCRAFT COMPANY,172S,9a05f09ed5fd1643339662c3458183df8a27a3dee88bc253918105659a4a64d9,True,4
82175,36621,240926_ML.npy,2026-09-26,2026-09-26 04:24:34.196923,7C7144,C172,CESSNA AIRCRAFT COMPANY,172N,b40ef2f7308ec2bc7e9177422e3e2d4ea63d9f7e668677e5dd95fb75b5e4cbee,True,3
82182,36628,240926_ML.npy,2026-09-26,2026-09-26 04:24:59.805391,7C444D,P28A,PIPER AIRCRAFT CORP,PA-28-181,df1be01ea03fe1316c93e31452f48b3040e95c2da9fe7fdbbe5c0268c8046e5f,True,2
82183,36629,240926_ML.npy,2026-09-26,2026-09-26 04:25:04.921781,7C444D,P28A,PIPER AIRCRAFT CORP,PA-28-181,82d3429d1e8e63afe773dcdaa7bf591f918a374ce0299719b12fdc3fd4e964e7,True,3
82194,36640,240926_ML.npy,2026-09-26,2026-09-26 04:27:30.515140,7C67D0,C172,CESSNA AIRCRAFT COMPANY,172S,fd617b1de14e532344a026e83777dd6c601d6bfef4c33ae18fa97e194c6e1101,True,5
82195,36641,240926_ML.npy,2026-09-26,2026-09-26 04:27:31.463617,7C67D0,C172,CESSNA AIRCRAFT COMPANY,172S,6351ac4fbf86f6bb294cf426211af4c8526e369443071cf4bf7cbd3010ec4c10,True,3
82202,36648,240926_ML.npy,2026-09-26,2026-09-26 04:27:54.047838,7C67D0,C172,CESSNA AIRCRAFT COMPANY,172S,4cac81670f705795a45666aa9bcd78d82f400243e43440210fce350e97a174c8,True,2
82204,36650,240926_ML.npy,2026-09-26,2026-09-26 04:27:56.565282,7C67D0,C172,CESSNA AIRCRAFT COMPANY,172S,f0f9ea4b9db1611ff83d6294fe28a93228906c9b628cb50de3efcb2ace63dc07,True,2
82214,36660,240926_ML.npy,2026-09-26,2026-09-26 04:28:31.610942,7C67D0,C172,CESSNA AIRCRAFT COMPANY,172S,6351ac4fbf86f6bb294cf426211af4c8526e369443071cf4bf7cbd3010ec4c10,True,5
82225,36671,240926_ML.npy,2026-09-26,2026-09-26 04:28:46.942177,7C67D0,C172,CESSNA AIRCRAFT COMPANY,172S,70602b04a8b494b2ef078f8b5a4055158edd3565e00f3abe78b277d7edd3538a,True,4
82230,36676,240926_ML.npy,2026-09-26,2026-09-26 04:28:48.982092,7C67D0,C172,CESSNA AIRCRAFT COMPANY,172S,6351ac4fbf86f6bb294cf426211af4c8526e369443071cf4bf7cbd3010ec4c10,True,2
82233,36679,240926_ML.npy,2026-09-26,2026-09-26 04:28:54.749204,7C67D0,C172,CESSNA AIRCRAFT COMPANY,172S,99c94a87a78cad4a44bbc4484593a049497e29ae52180fb52cedf1dad7081818,True,5
82239,36685,240926_ML.npy,2026-09-26,2026-09-26 04:29:05.471112,7C67D0,C172,CESSNA AIRCRAFT COMPANY,172S,9651714ae1235158e7ef34c9ea91a446fe5015b02aa1631975a3193b88dd9430,True,2
82246,36692,240926_ML.npy,2026-09-26,2026-09-26 04:29:09.000156,7C67D0,C172,CESSNA AIRCRAFT COMPANY,172S,6351ac4fbf86f6bb294cf426211af4c8526e369443071cf4bf7cbd3010ec4c10,True,1
82257,36703,240926_ML.npy,2026-09-26,2026-09-26 04:32:44.249079,7C67D0,C172,CESSNA AIRCRAFT COMPANY,172S,07041a0b2fc75918207dafeae42145d344841358a24b1c98161f2009ae82b251,True,4
82261,36707,240926_ML.npy,2026-09-26,2026-09-26 04:32:52.695382,7C67D0,C172,CESSNA AIRCRAFT COMPANY,172S,6ba2708c3e644bede221dd528f8c0c09686ecc7427efb5bebe596ef43c143be2,True,2
82262,36708,240926_ML.npy,2026-09-26,2026-09-26 04:32:53.178466,7C67D0,C172,CESSNA AIRCRAFT COMPANY,172S,e4f0e8dfc9d9ba3601d38b0b65942d14a89ababa90b5481525b60c1ce0369647,True,2
82264,36710,240926_ML.npy,2026-09-26,2026-09-26 04:32:53.268641,7C67D0,C172,CESSNA AIRCRAFT COMPANY,172S,f0f9ea4b9db1611ff83d6294fe28a93228906c9b628cb50de3efcb2ace63dc07,True,1
82278,36724,240926_ML.npy,2026-09-26,2026-09-26 04:34:00.254641,7C67D0,C172,CESSNA AIRCRAFT COMPANY,172S,f0f9ea4b9db1611ff83d6294fe28a93228906c9b628cb50de3efcb2ace63dc07,True,5
82281,36727,240926_ML.npy,2026-09-26,2026-09-26 04:34:04.041177,7C67D0,C172,CESSNA AIRCRAFT COMPANY,172S,03863582ec30678f960d271fa246794c9a024cff1d11fd642ab8503e61e11699,True,1
82283,36729,240926_ML.npy,2026-09-26,2026-09-26 04:34:06.477982,7C67D0,C172,CESSNA AIRCRAFT COMPANY,172S,6ed9fae629f464f1c768ee6f3906832d2da96336965159338627b4ac711e2233,True,4
82284,36730,240926_ML.npy,2026-09-26,2026-09-26 04:34:07.809712,7C67D0,C172,CESSNA AIRCRAFT COMPANY,172S,f0f9ea4b9db1611ff83d6294fe28a93228906c9b628cb50de3efcb2ace63dc07,True,5
82286,36732,240926_ML.npy,2026-09-26,2026-09-26 04:34:08.459955,7C67D0,C172,CESSNA AIRCRAFT COMPANY,172S,6351ac4fbf86f6bb294cf426211af4c8526e369443071cf4bf7cbd3010ec4c10,True,3
82295,36741,240926_ML.npy,2026-09-26,2026-09-26 04:34:25.962183,7C67D0,C172,CESSNA AIRCRAFT COMPANY,172S,6351ac4fbf86f6bb294cf426211af4c8526e369443071cf4bf7cbd3010ec4c10,True,2
82321,36767,240926_ML.npy,2026-09-26,2026-09-26 04:38:34.364949,7C67D0,C172,CESSNA AIRCRAFT COMPANY,172S,6351ac4fbf86f6bb294cf426211af4c8526e369443071cf4bf7cbd3010ec4c10,True,2
82336,36782,240926_ML.npy,2026-09-26,2026-09-26 04:39:19.849287,7C67D0,C172,CESSNA AIRCRAFT COMPANY,172S,e0e6a71b4a8c73cdc91dcda46f3aa2033322956207564f96649bddd2ba6328c9,True,5
82338,36784,240926_ML.npy,2026-09-26,2026-09-26 04:39:24.246698,7C67D0,C172,CESSNA AIRCRAFT COMPANY,172S,d61d78da162cff45f24ba35ee12731916e48cd8b30cd2bd763d68c3f03f3bbc1,True,1
82343,36789,240926_ML.npy,2026-09-26,2026-09-26 04:39:30.939013,7C67D0,C172,CESSNA AIRCRAFT COMPANY,172S,f0f9ea4b9db1611ff83d6294fe28a93228906c9b628cb50de3efcb2ace63dc07,True,5
82350,36796,240926_ML.npy,2026-09-26,2026-09-26 04:39:39.709411,7C67D0,C172,CESSNA AIRCRAFT COMPANY,172S,aa4d76a132f2bdac93020109850890d69773563019979a66b24e4cf2ab68f247,True,5
82358,36804,240926_ML.npy,2026-09-26,2026-09-26 04:39:51.128292,7C67D0,C172,CESSNA AIRCRAFT COMPANY,172S,90d45ec3725abebb46a5e223410851b456de909163d3bb430c3a79ae4602c506,True,5
82364,36810,240926_ML.npy,2026-09-26,2026-09-26 04:39:54.132103,7C67D0,C172,CESSNA AIRCRAFT COMPANY,172S,1154e65af7c54e0c62842d63c56625a2d18d8bafe89a06f3a6b38219ba4616ec,True,4
82369,36815,240926_ML.npy,2026-09-26,2026-09-26 04:40:03.459824,7C67D0,C172,CESSNA AIRCRAFT COMPANY,172S,f0f9ea4b9db1611ff83d6294fe28a93228906c9b628cb50de3efcb2ace63dc07,True,4
82379,36825,240926_ML.npy,2026-09-26,2026-09-26 04:42:34.191652,7C2E75,C172,CESSNA AIRCRAFT COMPANY,172N,ba8defdda737d07877b1fd3ebb0970e41cbbdc66dbc578a638f21f4bf6be69fb,True,4
82384,36830,240926_ML.npy,2026-09-26,2026-09-26 04:42:49.424398,7C2E75,C172,CESSNA AIRCRAFT COMPANY,172N,8d109b889c44c78061c9ef5d460b31fa62ae4a43d10bae8eecd9a0cf72d01709,True,3
82387,36833,240926_ML.npy,2026-09-26,2026-09-26 04:42:56.343893,7C2E75,C172,CESSNA AIRCRAFT COMPANY,172N,c155ba9a28f21254d04ae2e80b4bf1b052bf0ea729c13e448524ca57a2f37fb7,True,4
82398,36844,240926_ML.npy,2026-09-26,2026-09-26 04:43:06.297320,7C2E75,C172,CESSNA AIRCRAFT COMPANY,172N,1ac286837f33fea9c6856a2a52d46f13240530693832f7c0d7fa1613ce36e309,True,3
82400,36846,240926_ML.npy,2026-09-26,2026-09-26 04:43:06.892567,7C2E75,C172,CESSNA AIRCRAFT COMPANY,172N,ddbd443b4158e032d5c502d27040683cdd31823d2436597d72cfdfebe9b09343,True,5
82401,36847,240926_ML.npy,2026-09-26,2026-09-26 04:43:07.427762,7C2E75,C172,CESSNA AIRCRAFT COMPANY,172N,7b5d7272590661f39ae86807a50fdb4d9a3ae8386376f1fce7fdc217b2d03a94,True,5
82403,36849,240926_ML.npy,2026-09-26,2026-09-26 04:43:08.502706,7C2E75,C172,CESSNA AIRCRAFT COMPANY,172N,84ca900fe302f2e34e9bd89447ab5ccf39ce4c2d0a7718e26890a5273c83f2f5,True,5
82409,36855,240926_ML.npy,2026-09-26,2026-09-26 04:43:26.317392,7C2E75,C172,CESSNA AIRCRAFT COMPANY,172N,6bc90e0e2ce2ba570e1eeef4cff946625001bb27e947ac9dbe73b1841260ca10,True,5
82410,36856,240926_ML.npy,2026-09-26,2026-09-26 04:43:35.468886,7C2E75,C172,CESSNA AIRCRAFT COMPANY,172N,e77d923fadc7b53f5860bd5e35bde589d3cd33ac3d84da0be68345b20379b6a6,True,3
82411,36857,240926_ML.npy,2026-09-26,2026-09-26 04:43:35.475710,7C2E75,C172,CESSNA AIRCRAFT COMPANY,172N,26efa4c7479bd1e92df45286683acb16eb1f043c2368814bcc7ccd6b12e596c5,True,5
82412,36858,240926_ML.npy,2026-09-26,2026-09-26 04:43:37.366715,7C2E75,C172,CESSNA AIRCRAFT COMPANY,172N,2665d8317daac752029b807d4a7822d0451efa5a6d2a5802855184f62e7075e6,True,3
82413,36859,240926_ML.npy,2026-09-26,2026-09-26 04:43:37.371715,7C2E75,C172,CESSNA AIRCRAFT COMPANY,172N,674ca74086a3c7c1744237dfc6b5d66009acdf0021ef62e4c2912ec9b7d5bff3,True,1
82417,36863,240926_ML.npy,2026-09-26,2026-09-26 04:43:49.415530,7C2E75,C172,CESSNA AIRCRAFT COMPANY,172N,4dd125f46a0dbfe920699aff1a562788b14953b946544fc4d201b3eab5c6b293,True,1
82424,36870,240926_ML.npy,2026-09-26,2026-09-26 04:44:00.112572,7C2E75,C172,CESSNA AIRCRAFT COMPANY,172N,b59ba1becd9f3c8146ffbef0ac12f8b6a4e98e956148d9daa6436aaf06c87fe6,True,3
82429,36875,240926_ML.npy,2026-09-26,2026-09-26 04:44:08.036249,7C2E75,C172,CESSNA AIRCRAFT COMPANY,172N,34873bb17e7292d25b5a8754259dc86d7c8e9d92d1a9082d84f5dcde03c4f550,True,3
82431,36877,240926_ML.npy,2026-09-26,2026-09-26 04:44:08.790353,7C2E75,C172,CESSNA AIRCRAFT COMPANY,172N,6bc90e0e2ce2ba570e1eeef4cff946625001bb27e947ac9dbe73b1841260ca10,True,4
82433,36879,240926_ML.npy,2026-09-26,2026-09-26 04:44:09.851581,7C2E75,C172,CESSNA AIRCRAFT COMPANY,172N,b5aeab13a53153ff6608f6d531ab7129893637baf820bab0f6bcf5e64cdab071,True,4
82435,36881,240926_ML.npy,2026-09-26,2026-09-26 04:44:12.720655,7C2E75,C172,CESSNA AIRCRAFT COMPANY,172N,420448b2e2addfffc217823f1738ee8176665eb6c0b4b8e22ce4bf0e2a8ea5f7,True,2
82441,36887,240926_ML.npy,2026-09-26,2026-09-26 04:44:26.529201,7C2E75,C172,CESSNA AIRCRAFT COMPANY,172N,d7340f438c5087b621f3943d38893210c4ea05ab1b4003d34e6cdc96a3b51bff,True,5
82442,36888,240926_ML.npy,2026-09-26,2026-09-26 04:44:26.534104,7C2E75,C172,CESSNA AIRCRAFT COMPANY,172N,e22df2f642092eda1c80b8072630a13b03d979f8a2a8a77a108f60f7df7a634c,True,3
82443,36889,240926_ML.npy,2026-09-26,2026-09-26 04:46:45.492236,7C2E75,C172,CESSNA AIRCRAFT COMPANY,172N,8b874c2741e12cdab615f725c96afea07ad20e42adccf7dedd3dd6e6d25e930b,True,4
82444,36890,240926_ML.npy,2026-09-26,2026-09-26 04:46:46.494788,7C2E75,C172,CESSNA AIRCRAFT COMPANY,172N,e15eca2d70c026e77d62541602af8e5fe46ea74abad8c239f11a4ef595b483b5,True,2
82454,36900,240926_ML.npy,2026-09-26,2026-09-26 04:48:42.144547,7C2E75,C172,CESSNA AIRCRAFT COMPANY,172N,0f44a930f6b8b5e26d45c426385a70c5c6099c22135c0b7ccda8d19a478155e2,True,2
82455,36901,240926_ML.npy,2026-09-26,2026-09-26 04:48:42.149510,7C2E75,C172,CESSNA AIRCRAFT COMPANY,172N,0e89092eb8c8f1ebca1514b3105e86f5e72aa40b38d18ab41a9311fac1cac56a,True,3
82457,36903,240926_ML.npy,2026-09-26,2026-09-26 04:48:44.969224,7C2E75,C172,CESSNA AIRCRAFT COMPANY,172N,b8769ef6c1376544366833ec5f14bc394449f096c5e0637813e95bd1e6721d5c,True,4
82459,36905,240926_ML.npy,2026-09-26,2026-09-26 04:48:45.544243,7C2E75,C172,CESSNA AIRCRAFT COMPANY,172N,6bc90e0e2ce2ba570e1eeef4cff946625001bb27e947ac9dbe73b1841260ca10,True,4
82468,36914,240926_ML.npy,2026-09-26,2026-09-26 04:48:57.411750,7C2E75,C172,CESSNA AIRCRAFT COMPANY,172N,26c5165502118ebbb619dcbc2f3bc7487bd17900e45cc0db994cc3ff1d77ee6b,True,2
82474,36920,240926_ML.npy,2026-09-26,2026-09-26 04:49:10.900650,7C2E75,C172,CESSNA AIRCRAFT COMPANY,172N,195df54b08bbf288b610038a1849f7b22911c2abc5cf8b95df462a94833234d6,True,5
82478,36924,240926_ML.npy,2026-09-26,2026-09-26 04:49:25.979634,7C2E75,C172,CESSNA AIRCRAFT COMPANY,172N,0201b826ce9c0d9846ab4e488d9dbbb3e10c987aea7e4bac66de3f5abaf6cca6,True,4
82480,36926,240926_ML.npy,2026-09-26,2026-09-26 04:49:27.427374,7C2E75,C172,CESSNA AIRCRAFT COMPANY,172N,300c9c2b249437a02e51c5632da8424d1148f7f0fdc80e696a40448b0f173ee8,True,5
82486,36932,240926_ML.npy,2026-09-26,2026-09-26 04:49:31.370912,7C2E75,C172,CESSNA AIRCRAFT COMPANY,172N,bbf2851eff26a73f562d358ebeace2165ef582f2060b01e01721af09d10f85b4,True,1
82495,36941,240926_ML.npy,2026-09-26,2026-09-26 04:49:47.656180,7C2E75,C172,CESSNA AIRCRAFT COMPANY,172N,3538010d7ef584c9013c2683d875493d43f8cd25800441ffa30b407bbf67de98,True,2
82496,36942,240926_ML.npy,2026-09-26,2026-09-26 04:49:48.543034,7C2E75,C172,CESSNA AIRCRAFT COMPANY,172N,71e09916c7606aea5215015630e7c94760b2102228a5add812233e38fd9c2444,True,1
82497,36943,240926_ML.npy,2026-09-26,2026-09-26 04:49:48.547853,7C2E75,C172,CESSNA AIRCRAFT COMPANY,172N,9fc556e98623de7145f6b960b8815cedcbf87b22754fe58d6682edcf87c97f78,True,2
82511,36957,240926_ML.npy,2026-09-26,2026-09-26 04:50:01.432442,7C2E75,C172,CESSNA AIRCRAFT COMPANY,172N,b054cac776aadf96e266ff73f9fefd138a62b1651361ab2f925a54ce147f915b,True,3
82515,36961,240926_ML.npy,2026-09-26,2026-09-26 04:50:06.519990,7C2E75,C172,CESSNA AIRCRAFT COMPANY,172N,b054cac776aadf96e266ff73f9fefd138a62b1651361ab2f925a54ce147f915b,True,3
82522,36968,240926_ML.npy,2026-09-26,2026-09-26 04:50:46.469528,7C2E75,C172,CESSNA AIRCRAFT COMPANY,172N,7383c56e436a97b54f57713221518438b57ae7cf47160386f1dd455bee28910b,True,4
82526,36972,240926_ML.npy,2026-09-26,2026-09-26 04:51:55.250601,7C2E75,C172,CESSNA AIRCRAFT COMPANY,172N,78635c96ee7c9c5a8cc34f4a200dbc34b61cbe5516d24039372566c5c675d547,True,5
82531,36977,240926_ML.npy,2026-09-26,2026-09-26 04:52:03.049846,7C2E75,C172,CESSNA AIRCRAFT COMPANY,172N,06c5a7df6b4b6028757dc73da584f861a5c11d0147609cb3b3c4fcf3b05b6bf2,True,5
82537,36983,240926_ML.npy,2026-09-26,2026-09-26 04:53:31.595603,7C2E75,C172,CESSNA AIRCRAFT COMPANY,172N,e49ffe03d468083473289f90b78ef2d6c22ecf0a147b9f30eaba14a27dd7cf5e,True,3
82549,36995,240926_ML.npy,2026-09-26,2026-09-26 04:53:57.179458,7C2E75,C172,CESSNA AIRCRAFT COMPANY,172N,3a0956e1d2f70837dcf0c8220524e717c124833a5a0d7287a808e284076f6a13,True,4
82555,37001,240926_ML.npy,2026-09-26,2026-09-26 04:54:18.016077,7C2E75,C172,CESSNA AIRCRAFT COMPANY,172N,aa0f08a44ca7adcc6fbaac96582a6522c80efb177f177b8d9ccbc5b836be857f,True,3
82559,37005,240926_ML.npy,2026-09-26,2026-09-26 04:54:21.350405,7C2E75,C172,CESSNA AIRCRAFT COMPANY,172N,abe23e7fe46fb5866b83aaacf39a194603d7e9b3c7d1949a92c15eb7c90800cf,True,3
82561,37007,240926_ML.npy,2026-09-26,2026-09-26 04:54:23.943704,7C2E75,C172,CESSNA AIRCRAFT COMPANY,172N,b912d669b81bd0011452e2ea2c1ecbe3fbd08e1ad7ac42d049c07bdc1cc40748,True,5
82564,37010,240926_ML.npy,2026-09-26,2026-09-26 04:54:27.476343,7C2E75,C172,CESSNA AIRCRAFT COMPANY,172N,e6880aa2f24a0004c6c1a805059e52a26ff19b872612ef5a8b2023a43319f092,True,5
82567,37013,240926_ML.npy,2026-09-26,2026-09-26 04:54:28.990105,7C2E75,C172,CESSNA AIRCRAFT COMPANY,172N,a3269beee5b8d361be809cdc95305a0f693814d818a05c63ca99c12971ee56c5,True,3
82575,37021,240926_ML.npy,2026-09-26,2026-09-26 04:54:34.350450,7C2E75,C172,CESSNA AIRCRAFT COMPANY,172N,447cbead6505f37a195ce2960fcef4f90008497a218b6c774f787bba946a785a,True,2
82579,37025,240926_ML.npy,2026-09-26,2026-09-26 04:54:42.492709,7C2E75,C172,CESSNA AIRCRAFT COMPANY,172N,bf3cce3825559f8775ba4c7067637dc7cf751e6016b5ccd28c6053170e3c83be,True,1
82583,37029,240926_ML.npy,2026-09-26,2026-09-26 04:54:49.354935,7C2E75,C172,CESSNA AIRCRAFT COMPANY,172N,537a411f6d666b5552508369672999737cfab429b0e5d0136716492142f23c12,True,4
82585,37031,240926_ML.npy,2026-09-26,2026-09-26 04:54:49.855572,7C2E75,C172,CESSNA AIRCRAFT COMPANY,172N,5527cbdd999058d75751c24cc0f7bbb4bac63ffc5446e896b6784748c7392a70,True,3
82586,37032,240926_ML.npy,2026-09-26,2026-09-26 04:55:01.334227,7C2E75,C172,CESSNA AIRCRAFT COMPANY,172N,291bd63456b578b05f7656d33555f35d3af993919795f50730964c9874c6f7bd,True,4
82589,37035,240926_ML.npy,2026-09-26,2026-09-26 04:55:06.487320,7C2E75,C172,CESSNA AIRCRAFT COMPANY,172N,b99e14793a2f217ed01eb8ec3a56c269df3c6064aea52ecc54b2ddb740aa3f8b,True,3
82590,37036,240926_ML.npy,2026-09-26,2026-09-26 04:55:06.886725,7C2E75,C172,CESSNA AIRCRAFT COMPANY,172N,46d9c56f7e6c8c58f27d0d0081608ddc65ca94d1f1d622034b6ecf8fcbffcb1b,True,1
82601,37047,240926_ML.npy,2026-09-26,2026-09-26 04:56:55.071929,7C2E75,C172,CESSNA AIRCRAFT COMPANY,172N,6bc90e0e2ce2ba570e1eeef4cff946625001bb27e947ac9dbe73b1841260ca10,True,5
82609,37055,240926_ML.npy,2026-09-26,2026-09-26 04:59:12.146994,7C2E75,C172,CESSNA AIRCRAFT COMPANY,172N,b054cac776aadf96e266ff73f9fefd138a62b1651361ab2f925a54ce147f915b,True,4
82617,37063,240926_ML.npy,2026-09-26,2026-09-26 04:59:24.197928,7C2E75,C172,CESSNA AIRCRAFT COMPANY,172N,be6ed35c6f5550523e2a0332bab81858e87354f7f244c7c6ffc0a296215f37a8,True,2
82623,37069,240926_ML.npy,2026-09-26,2026-09-26 04:59:32.901056,7C2E75,C172,CESSNA AIRCRAFT COMPANY,172N,b65eeeaf19f70aac0b91b7076e548b8a32f4fd2ebf202462a894ba08202274bd,True,1
82631,37077,240926_ML.npy,2026-09-26,2026-09-26 04:59:47.755889,7C2E75,C172,CESSNA AIRCRAFT COMPANY,172N,d08399cd5b453cefbcdbcd1c10e9456e42c485a042d0e1a329658f11d4ebc656,True,2
82634,37080,240926_ML.npy,2026-09-26,2026-09-26 04:59:52.639380,7C2E75,C172,CESSNA AIRCRAFT COMPANY,172N,a777beb847d17af8bcd78f5438371079441a762150ff51d86d8bf20df2c404aa,True,4
82635,37081,240926_ML.npy,2026-09-26,2026-09-26 04:59:52.646160,7C2E75,C172,CESSNA AIRCRAFT COMPANY,172N,84931b45684663b0753cb1bc6e495d4f78728245b484218346cefc9f8a0acfdc,True,2
82646,37092,240926_ML.npy,2026-09-26,2026-09-26 05:00:09.885633,7C2E75,C172,CESSNA AIRCRAFT COMPANY,172N,049bd49e60dfb0d7ec608aeedea1c208dd43e0aa18099644620a48e2b05ee9ef,True,2
82647,37093,240926_ML.npy,2026-09-26,2026-09-26 05:00:11.329246,7C2E75,C172,CESSNA AIRCRAFT COMPANY,172N,f0faade132a8d3848be61bce4cbfbbdb996c186efd3ece9c00abb9b6f64a4619,True,5
82649,37095,240926_ML.npy,2026-09-26,2026-09-26 05:00:14.457971,7C2E75,C172,CESSNA AIRCRAFT COMPANY,172N,b44940d44e7aa66145374567f428ffa840fff7d800bbf4b1a94e020505e54299,True,1
82662,37108,240926_ML.npy,2026-09-26,2026-09-26 05:00:27.350724,7C2E75,C172,CESSNA AIRCRAFT COMPANY,172N,5173857ce6020cd2cf91b5e9fe601754472578aea0477dad8a0d3a053393c499,True,2
82668,37114,240926_ML.npy,2026-09-26,2026-09-26 05:00:40.700753,7C2E75,C172,CESSNA AIRCRAFT COMPANY,172N,f983dea2c930de141f0cfb3c83eb847195113b61c28d90051a7f073f0186a1e9,True,3
82673,37119,240926_ML.npy,2026-09-26,2026-09-26 05:00:46.115788,7C2E75,C172,CESSNA AIRCRAFT COMPANY,172N,6ff3f19bf5711c4a135b6d53fde28cc8c699030990e34a653a971a727a4e66c7,True,3
82704,37150,240926_ML.npy,2026-09-26,2026-09-26 05:02:55.356412,7C2E75,C172,CESSNA AIRCRAFT COMPANY,172N,e1ff96f4ee96a6c2653cfbc9860b0aea590f3e6d6d25b3d3c0efbc1848a05cfe,True,4
82707,37153,240926_ML.npy,2026-09-26,2026-09-26 05:04:25.689439,7C2E75,C172,CESSNA AIRCRAFT COMPANY,172N,a2a997ea53d48f7d9e0d0dc84a2dd204887eec5d42696447f3b4a97f67f6f909,True,1
82714,37160,240926_ML.npy,2026-09-26,2026-09-26 05:04:41.504021,7C2E75,C172,CESSNA AIRCRAFT COMPANY,172N,5ff4abbddaa40e85fdde3ece77ea599c53845d6d11fa00c21b549bc2da7cba6d,True,4
82720,37166,240926_ML.npy,2026-09-26,2026-09-26 05:04:48.183540,7C2E75,C172,CESSNA AIRCRAFT COMPANY,172N,1bf4b25882292ebf328f58816dbeb6e2ab2e1fab7ac0868b6292d091efb90be4,True,3
82723,37169,240926_ML.npy,2026-09-26,2026-09-26 05:04:50.659256,7C2E75,C172,CESSNA AIRCRAFT COMPANY,172N,fe9d0b2f063f0cd64eec6fb53c429c4783b3385bf31529a6936ba364a3921a2d,True,4
82726,37172,240926_ML.npy,2026-09-26,2026-09-26 05:04:52.183274,7C2E75,C172,CESSNA AIRCRAFT COMPANY,172N,c80bd134c7355dde7ac4be999cb528eee5f5245528d3c16f225c74c2e357b717,True,2
82733,37179,240926_ML.npy,2026-09-26,2026-09-26 05:05:06.189972,7C2E75,C172,CESSNA AIRCRAFT COMPANY,172N,b054cac776aadf96e266ff73f9fefd138a62b1651361ab2f925a54ce147f915b,True,4
82738,37184,240926_ML.npy,2026-09-26,2026-09-26 05:05:11.084965,7C2E75,C172,CESSNA AIRCRAFT COMPANY,172N,fe8818bde441a81fc25dcdb36f6caeea54b5704801a881b230161a6043331734,True,2
82748,37194,240926_ML.npy,2026-09-26,2026-09-26 05:05:27.796398,7C2E75,C172,CESSNA AIRCRAFT COMPANY,172N,b427e24d432e216b8da3460a07926d9d9480c6f65f0f86974afa72c4fcdc5a22,True,5
82753,37199,240926_ML.npy,2026-09-26,2026-09-26 05:05:35.075857,7C2E75,C172,CESSNA AIRCRAFT COMPANY,172N,6bc90e0e2ce2ba570e1eeef4cff946625001bb27e947ac9dbe73b1841260ca10,True,3
82762,37208,240926_ML.npy,2026-09-26,2026-09-26 05:05:46.159959,7C2E75,C172,CESSNA AIRCRAFT COMPANY,172N,62eb7813dc859aeecd4a8c34238f814c36fe8ef285085258820ccfaa4f5603e0,True,5
82766,37212,240926_ML.npy,2026-09-26,2026-09-26 05:05:50.654200,7C2E75,C172,CESSNA AIRCRAFT COMPANY,172N,4b4182376b23ade9b03305d2e021e7e36d73c3ce935aa6667ab64b160cdf353d,True,4
82767,37213,240926_ML.npy,2026-09-26,2026-09-26 05:05:50.658735,7C2E75,C172,CESSNA AIRCRAFT COMPANY,172N,4548c2469f83bb02f599f6503b6854778e2c7b561d6c36651c4120b67cf0d7de,True,3
82769,37215,240926_ML.npy,2026-09-26,2026-09-26 05:05:51.235575,7C2E75,C172,CESSNA AIRCRAFT COMPANY,172N,4548c2469f83bb02f599f6503b6854778e2c7b561d6c36651c4120b67cf0d7de,True,4
82770,37216,240926_ML.npy,2026-09-26,2026-09-26 05:05:52.303906,7C2E75,C172,CESSNA AIRCRAFT COMPANY,172N,796c26b98d57ea16cb575132cd42a6b8cf6646c6de79617d7b78f59fba317fe6,True,5
82772,37218,240926_ML.npy,2026-09-26,2026-09-26 05:05:55.472157,7C2E75,C172,CESSNA AIRCRAFT COMPANY,172N,f2beff92b4a6136ec25359ecffcf5e0660c885e8602918614b6e97e17d40f669,True,1
82784,37230,240926_ML.npy,2026-09-26,2026-09-26 05:06:07.534125,7C2E75,C172,CESSNA AIRCRAFT COMPANY,172N,6bc90e0e2ce2ba570e1eeef4cff946625001bb27e947ac9dbe73b1841260ca10,True,4
82787,37233,240926_ML.npy,2026-09-26,2026-09-26 05:06:14.511180,7C2E75,C172,CESSNA AIRCRAFT COMPANY,172N,97932718ed8b9f0442bbd58b3ba7ade2a4d74239c44c660b86bf01fef6ec777d,True,3
82788,37234,240926_ML.npy,2026-09-26,2026-09-26 05:06:15.042241,7C2E75,C172,CESSNA AIRCRAFT COMPANY,172N,1c004731f5109322b999ce29e99695e717926b27cfec5de2d112689ed6ac7020,True,5
82794,37240,240926_ML.npy,2026-09-26,2026-09-26 05:09:49.886752,7C2E75,C172,CESSNA AIRCRAFT COMPANY,172N,b054cac776aadf96e266ff73f9fefd138a62b1651361ab2f925a54ce147f915b,True,4
82795,37241,240926_ML.npy,2026-09-26,2026-09-26 05:09:49.962318,7C2E75,C172,CESSNA AIRCRAFT COMPANY,172N,883a87d760860df7ff3430a3aee99adf0b9ceb1730f0367ed1f1e1cb704634a9,True,1
82805,37251,240926_ML.npy,2026-09-26,2026-09-26 05:10:11.246149,7C2E75,C172,CESSNA AIRCRAFT COMPANY,172N,9cb9b7618d6cc7efd672df15d9f9d985b68324b5178e25fb103f4cd8113c002f,True,3
82811,37257,240926_ML.npy,2026-09-26,2026-09-26 05:10:25.652006,7C2E75,C172,CESSNA AIRCRAFT COMPANY,172N,2547630360a9600462c348e111f38765048e6d45c05446475a4396a0b866b66b,True,1
82833,37279,240926_ML.npy,2026-09-26,2026-09-26 05:10:59.721402,7C2E75,C172,CESSNA AIRCRAFT COMPANY,172N,6bc90e0e2ce2ba570e1eeef4cff946625001bb27e947ac9dbe73b1841260ca10,True,3
82835,37281,240926_ML.npy,2026-09-26,2026-09-26 05:11:02.370724,7C2E75,C172,CESSNA AIRCRAFT COMPANY,172N,b2e941c25e35a0148a182da275907da962c955e3b538f1c51adbec59eb837103,True,1
82842,37288,240926_ML.npy,2026-09-26,2026-09-26 05:11:13.340075,7C2E75,C172,CESSNA AIRCRAFT COMPANY,172N,64ce194ef4b28b4d8ebb914d67179acd203b37f13ed3bb586f16cf1d765aebad,True,4
82845,37291,240926_ML.npy,2026-09-26,2026-09-26 05:11:24.340226,7C2E75,C172,CESSNA AIRCRAFT COMPANY,172N,ae95eee252a668b4623227a627c33e50288c4ef4ab934a18c02923953d0a37e6,True,4
82849,37295,240926_ML.npy,2026-09-26,2026-09-26 05:11:53.344338,7C2E75,C172,CESSNA AIRCRAFT COMPANY,172N,fa6f632df66108540f018af32e9a16eadda581cee0902d4626882332bb24f4ee,True,2
82850,37296,240926_ML.npy,2026-09-26,2026-09-26 05:11:57.118101,7C2E75,C172,CESSNA AIRCRAFT COMPANY,172N,4069f832b982cab395786dea1c43eaae6c608945bcc3369d286d4d354869b438,True,2
82858,37304,240926_ML.npy,2026-09-26,2026-09-26 05:14:57.449439,7C2E75,C172,CESSNA AIRCRAFT COMPANY,172N,6bc90e0e2ce2ba570e1eeef4cff946625001bb27e947ac9dbe73b1841260ca10,True,2
82861,37307,240926_ML.npy,2026-09-26,2026-09-26 05:15:02.775072,7C2E75,C172,CESSNA AIRCRAFT COMPANY,172N,7ab52719ca9f42d84d8dff78e4e4a58b394f9b35626b66bcc5ca0e73aafa08c5,True,2
82867,37313,240926_ML.npy,2026-09-26,2026-09-26 05:15:22.026135,7C2E75,C172,CESSNA AIRCRAFT COMPANY,172N,96af7e7670ea53bcebee5272a63ee2c772ddc61a7807c37198670e5e8e024cd1,True,2
82877,37323,240926_ML.npy,2026-09-26,2026-09-26 05:15:30.090652,7C2E75,C172,CESSNA AIRCRAFT COMPANY,172N,9282dc6df7855379f63354d4983b8f7888b7d7b68d57cb99f713c1ec1e7682ed,True,5
82886,37332,240926_ML.npy,2026-09-26,2026-09-26 05:15:53.039597,7C2E75,C172,CESSNA AIRCRAFT COMPANY,172N,000b6842bafffdd8900f2966ce38e49ba06d9d3598c4924e8e9fb3ef885cbf50,True,1
82888,37334,240926_ML.npy,2026-09-26,2026-09-26 05:15:53.590386,7C2E75,C172,CESSNA AIRCRAFT COMPANY,172N,53dfcb2f1e6a45aea69df96847e41a1d0a54bb6b06fcb67460170bb341a5e674,True,4
82901,37347,240926_ML.npy,2026-09-26,2026-09-26 05:16:08.742917,7C2E75,C172,CESSNA AIRCRAFT COMPANY,172N,bba8660d9a01ff220f3c8f71d2272d1822d6ce3d5802ebfdf361dd5f88c52faf,True,2
82910,37356,240926_ML.npy,2026-09-26,2026-09-26 05:16:18.604786,7C2E75,C172,CESSNA AIRCRAFT COMPANY,172N,0f2539afd827ed0f266e0a2bde1964bc9e8515e65b659e284bd3c2ebc40bd0f9,True,4
82912,37358,240926_ML.npy,2026-09-26,2026-09-26 05:16:20.041783,7C2E75,C172,CESSNA AIRCRAFT COMPANY,172N,c9b126ae05b3bad3427632427136672f3f289a037c8eee4ff6b9503a99d938de,True,1
82920,37366,240926_ML.npy,2026-09-26,2026-09-26 05:16:30.661719,7C2E75,C172,CESSNA AIRCRAFT COMPANY,172N,3a167ba7526f4ba9456ee418486db59ca5f1f534f1e014f8d666a8d9834d1cbd,True,3
82927,37373,240926_ML.npy,2026-09-26,2026-09-26 05:18:04.108765,7C0077,DA40,DIAMOND AIRCRAFT INDUSTRIES INC.,DA 40,f8d5a68a2432a1f59a556863e32b5fcdfba879d566dc4e9425401609308e877c,True,1
82969,37415,240926_ML.npy,2026-09-26,2026-09-26 05:22:09.420631,7C2E75,C172,CESSNA AIRCRAFT COMPANY,172N,d5ffaedd614b2870b05c06ab52c9dab9832285f0f7e0292e7e40416302a5d2ab,True,1
82970,37416,240926_ML.npy,2026-09-26,2026-09-26 05:22:09.426574,7C2E75,C172,CESSNA AIRCRAFT COMPANY,172N,31b95cafa08c7730309c8e1fb0cae533a0378968b32dde53fce81fcb96558709,True,4
82973,37419,240926_ML.npy,2026-09-26,2026-09-26 05:22:17.072110,7C2E75,C172,CESSNA AIRCRAFT COMPANY,172N,6bc90e0e2ce2ba570e1eeef4cff946625001bb27e947ac9dbe73b1841260ca10,True,2
82976,37422,240926_ML.npy,2026-09-26,2026-09-26 05:22:24.229522,7C2E75,C172,CESSNA AIRCRAFT COMPANY,172N,8f7c14888eca1d1da19b8acfb3f4f998a44cfa11a5415d97036d5d297b7cf53a,True,1
82978,37424,240926_ML.npy,2026-09-26,2026-09-26 05:22:31.174257,7C2E75,C172,CESSNA AIRCRAFT COMPANY,172N,59277b645afa216f21a51139f99872028032d9cd994ac6288fb737bdecb1ce64,True,4
82980,37426,240926_ML.npy,2026-09-26,2026-09-26 05:22:34.606376,7C2E75,C172,CESSNA AIRCRAFT COMPANY,172N,6bc90e0e2ce2ba570e1eeef4cff946625001bb27e947ac9dbe73b1841260ca10,True,5
82983,37429,240926_ML.npy,2026-09-26,2026-09-26 05:22:35.066977,7C2E75,C172,CESSNA AIRCRAFT COMPANY,172N,bceccca163a321add8468bb86b30de668e28d2cb1c113679424c701cfaaff97a,True,5
82987,37433,240926_ML.npy,2026-09-26,2026-09-26 05:22:52.719708,7C2E75,C172,CESSNA AIRCRAFT COMPANY,172N,55cf25b99a2944433dffefaeece281d52afff6f36ed08adf90fe50565adecb15,True,5
82990,37436,240926_ML.npy,2026-09-26,2026-09-26 05:23:03.384868,7C2E75,C172,CESSNA AIRCRAFT COMPANY,172N,fa7e7f27c247e7abed9aec9fd86c6c166b61d5532edf79bd1a60e0e28f1a2e77,True,4
82994,37440,240926_ML.npy,2026-09-26,2026-09-26 05:23:05.843316,7C2E75,C172,CESSNA AIRCRAFT COMPANY,172N,c57710576fb6b78cefbe410ab9995de5df12a42ece5dbb452cd679feb51f93be,True,5
82998,37444,240926_ML.npy,2026-09-26,2026-09-26 05:23:12.397949,7C2E75,C172,CESSNA AIRCRAFT COMPANY,172N,87c26c9d53b50dcd6da4e803776d89a188e50f51623ffd08b13be8905939216f,True,3
83008,37454,240926_ML.npy,2026-09-26,2026-09-26 05:23:24.617115,7C2E75,C172,CESSNA AIRCRAFT COMPANY,172N,9abc28b2c077c6d6564f862690fcfa5f5609c6e313d50e832a6ee95e02586414,True,2
83017,37463,240926_ML.npy,2026-09-26,2026-09-26 05:23:37.027604,7C2E75,C172,CESSNA AIRCRAFT COMPANY,172N,6bc90e0e2ce2ba570e1eeef4cff946625001bb27e947ac9dbe73b1841260ca10,True,3
83020,37466,240926_ML.npy,2026-09-26,2026-09-26 05:23:37.506493,7C2E75,C172,CESSNA AIRCRAFT COMPANY,172N,f9be78f696216bd72774b359ed5c26222130bf5db2ec394c23957a99bf2be7ae,True,2
83024,37470,240926_ML.npy,2026-09-26,2026-09-26 05:23:39.526394,7C2E75,C172,CESSNA AIRCRAFT COMPANY,172N,6bc90e0e2ce2ba570e1eeef4cff946625001bb27e947ac9dbe73b1841260ca10,True,1
83029,37475,240926_ML.npy,2026-09-26,2026-09-26 05:23:43.334111,7C2E75,C172,CESSNA AIRCRAFT COMPANY,172N,df1320c9a291e34d621ef5692254056b7ce9527bb8d3546eda6ec94d76c5a08b,True,1
83032,37478,240926_ML.npy,2026-09-26,2026-09-26 05:23:48.253161,7C2E75,C172,CESSNA AIRCRAFT COMPANY,172N,ff43cf9f1683761c11fca75018c3ad990eee90e61166bd20424c3826c50e8ccb,True,3
83038,37484,240926_ML.npy,2026-09-26,2026-09-26 05:23:54.771580,7C2E75,C172,CESSNA AIRCRAFT COMPANY,172N,21a60076d1a504d688d09d5b6a7824b7088163d31c12f6b5f5bd770d1b094595,True,4
83039,37485,240926_ML.npy,2026-09-26,2026-09-26 05:23:54.777891,7C2E75,C172,CESSNA AIRCRAFT COMPANY,172N,b045bedee6bb47203c704e1db606d15fd42d5ec336b79025aa19419127be1e11,True,5
83044,37490,240926_ML.npy,2026-09-26,2026-09-26 05:24:49.183145,7C2E75,C172,CESSNA AIRCRAFT COMPANY,172N,b87f7c6cf3271b95c5a4a7837c6f1c34d6334b00d4dfd55382fd32a141864f4a,True,5
83053,37499,240926_ML.npy,2026-09-26,2026-09-26 05:26:19.348438,7C2E75,C172,CESSNA AIRCRAFT COMPANY,172N,21f6c75b49cf88a283925c42cf7d93e42aade49822453faec5b70fdf8cf1e85a,True,1
83057,37503,240926_ML.npy,2026-09-26,2026-09-26 05:45:17.386336,7C582C,DA40,DIAMOND AIRCRAFT INDUSTRIES INC.,DA 40,6ac857c06679eeb32a0fea107dfdaff5f3802c9d4d7c2bdf70bacb60215b4504,True,1
83072,37518,240926_ML.npy,2026-09-26,2026-09-26 05:48:39.134713,7C6693,DA40,DIAMOND AIRCRAFT INDUSTRIES INC.,DA 40,7f99fbe2a3b4a9ca973555ca818f17251086c5c1f57e0e06fec3e9cc899eab28,True,1
83083,37529,240926_ML.npy,2026-09-26,2026-09-26 05:49:24.424203,7C6693,DA40,DIAMOND AIRCRAFT INDUSTRIES INC.,DA 40,844e0eda80f2b9e2c9dcf0da0520d0124786e807d1d4c01e2daa5aba28c75d33,True,5
83089,37535,240926_ML.npy,2026-09-26,2026-09-26 05:49:35.887805,7C6693,DA40,DIAMOND AIRCRAFT INDUSTRIES INC.,DA 40,ab17b70579f62f7e91f5efdd29364c000aabc4ffb0e2e85b908db0ff0845dd0d,True,1
83115,37561,240926_ML.npy,2026-09-26,2026-09-26 05:53:53.478778,7C6693,DA40,DIAMOND AIRCRAFT INDUSTRIES INC.,DA 40,4dfa9a9c30419f8210086894f0ad8acfe084a93d94ee8c610148b159278c1fce,True,5
83134,37580,240926_ML.npy,2026-09-26,2026-09-26 05:54:18.229588,7C6693,DA40,DIAMOND AIRCRAFT INDUSTRIES INC.,DA 40,2ff90799b20e6de0549851e63fee348c2072087d5e6577308d76e09ba1737728,True,3
83144,37590,240926_ML.npy,2026-09-26,2026-09-26 05:54:40.778480,7C6693,DA40,DIAMOND AIRCRAFT INDUSTRIES INC.,DA 40,48bb1b8a4b479b940efbf9d14235c5a6719292cac6812f574bd5c0f6c57d61d6,True,5
83150,37596,240926_ML.npy,2026-09-26,2026-09-26 05:54:46.981675,7C6693,DA40,DIAMOND AIRCRAFT INDUSTRIES INC.,DA 40,7d6e71064d340c922e0d8e0930c55f6581aba390a43ed6b988f36ec12065a376,True,2
83151,37597,240926_ML.npy,2026-09-26,2026-09-26 05:57:31.308682,7C444D,P28A,PIPER AIRCRAFT CORP,PA-28-181,40e94b148252845601e223f1f7ca1d6a14993c4792e30644ec737da252efa37e,True,4
83152,37598,240926_ML.npy,2026-09-26,2026-09-26 05:57:31.408562,7C444D,P28A,PIPER AIRCRAFT CORP,PA-28-181,0cbcb039e051d75487d10ac56690cee100e709d283899433f9ddb5ecd293322d,True,4
83153,37599,240926_ML.npy,2026-09-26,2026-09-26 05:57:37.199372,7C444D,P28A,PIPER AIRCRAFT CORP,PA-28-181,fba2849a073a3018b8ade3f629fbee44f24f6fa25ae5eac07639b42733fbc8fd,True,5
83154,37600,240926_ML.npy,2026-09-26,2026-09-26 05:57:37.610842,7C444D,P28A,PIPER AIRCRAFT CORP,PA-28-181,36d362cd29f42710423d547581f9ebb226a4641b2705021231e9ac3c48ee079a,True,2
83155,37601,240926_ML.npy,2026-09-26,2026-09-26 05:57:37.890788,7C444D,P28A,PIPER AIRCRAFT CORP,PA-28-181,f389779807f2e93c677c06330ef0dc7dd4798438912ab4cd7dfa4ebe173b174b,True,5
83156,37602,240926_ML.npy,2026-09-26,2026-09-26 05:57:38.117924,7C444D,P28A,PIPER AIRCRAFT CORP,PA-28-181,f06ee57e72d494f342bcac69c83f54bb2b9bf84301d67fba953cf04bf51af7f2,True,4
83158,37604,240926_ML.npy,2026-09-26,2026-09-26 05:57:38.644978,7C444D,P28A,PIPER AIRCRAFT CORP,PA-28-181,48ff2d5e96a7744d5a38c01ea432c999e9eb956033b4aa17ca38a106f9fdba21,True,4
83160,37606,240926_ML.npy,2026-09-26,2026-09-26 05:57:43.213495,7C6693,DA40,DIAMOND AIRCRAFT INDUSTRIES INC.,DA 40,4796e6b10a2de935e8d03babbd69f145e05a30c35aec799b94f78c2c7c04d0ef,True,4
83161,37607,240926_ML.npy,2026-09-26,2026-09-26 05:57:50.366720,7C6693,DA40,DIAMOND AIRCRAFT INDUSTRIES INC.,DA 40,241b7d696be0ab3117af3da2e05a00bc2c9b9100d8426ce29b707ac10de42004,True,3
83164,37610,240926_ML.npy,2026-09-26,2026-09-26 05:57:52.322165,7C444D,P28A,PIPER AIRCRAFT CORP,PA-28-181,ae5407f32bf02edf89b473210f0a4233f67667580306de24b6dc214187c3b5be,True,2
83165,37611,240926_ML.npy,2026-09-26,2026-09-26 05:57:52.469373,7C444D,P28A,PIPER AIRCRAFT CORP,PA-28-181,a3f24b76ab26a212dff053fcec3629a5cf684e56341efc523368d534cf9222ac,True,4
83166,37612,240926_ML.npy,2026-09-26,2026-09-26 05:57:53.265078,7C444D,P28A,PIPER AIRCRAFT CORP,PA-28-181,f90d6bb9b5708f6af747d933dcf12c932b60a73ccb39a841e55773b8d5abb55e,True,2
83168,37614,240926_ML.npy,2026-09-26,2026-09-26 05:57:56.459884,7C6693,DA40,DIAMOND AIRCRAFT INDUSTRIES INC.,DA 40,e6103781786a82f7cb7b597e16c3ffe5938857202ff75bd9e89bbe438138e2c5,True,3
83170,37616,240926_ML.npy,2026-09-26,2026-09-26 05:57:58.603884,7C444D,P28A,PIPER AIRCRAFT CORP,PA-28-181,ed814df83552f91a119122ea3eef5a7cdfc9470898e5ac18e643300f45a24b01,True,1
83171,37617,240926_ML.npy,2026-09-26,2026-09-26 05:57:58.736251,7C444D,P28A,PIPER AIRCRAFT CORP,PA-28-181,0e589ba34cdef20975c7b40bbac07be7a7bafbb84cc611ede984be9ea29927d7,True,4
83172,37618,240926_ML.npy,2026-09-26,2026-09-26 05:57:59.616286,7C444D,P28A,PIPER AIRCRAFT CORP,PA-28-181,0e589ba34cdef20975c7b40bbac07be7a7bafbb84cc611ede984be9ea29927d7,True,2
83175,37621,240926_ML.npy,2026-09-26,2026-09-26 05:58:01.461789,7C444D,P28A,PIPER AIRCRAFT CORP,PA-28-181,d8ca3e90afb3bc1d4dca52ed572384b0662a75fc6da6c43081f935eb45116e9f,True,1
83176,37622,240926_ML.npy,2026-09-26,2026-09-26 05:58:01.523110,7C444D,P28A,PIPER AIRCRAFT CORP,PA-28-181,a0b4d2e61d21fc262abdca7ebe70708320f76c4b7bf1f56f9b02c8e3c7cf49a2,True,5
83184,37630,240926_ML.npy,2026-09-26,2026-09-26 05:58:07.782220,7C444D,P28A,PIPER AIRCRAFT CORP,PA-28-181,ca7a9c82503dd14099ad116691035e2b177826f677c6f2cbe198c7b14f37df8e,True,2
83187,37633,240926_ML.npy,2026-09-26,2026-09-26 05:58:09.095614,7C444D,P28A,PIPER AIRCRAFT CORP,PA-28-181,d8ca3e90afb3bc1d4dca52ed572384b0662a75fc6da6c43081f935eb45116e9f,True,4
83188,37634,240926_ML.npy,2026-09-26,2026-09-26 05:58:09.193211,7C444D,P28A,PIPER AIRCRAFT CORP,PA-28-181,aed37944e9dc73eb4997601b167e453cd5f66b611fbe9f5da88a767066c3c2a8,True,5
83191,37637,240926_ML.npy,2026-09-26,2026-09-26 05:58:14.670568,7C444D,P28A,PIPER AIRCRAFT CORP,PA-28-181,c89784528c64e0082069b331a0fe6509b6ffdcce867269a440d9fe943b4fc911,True,4
83193,37639,240926_ML.npy,2026-09-26,2026-09-26 05:58:17.017978,7C444D,P28A,PIPER AIRCRAFT CORP,PA-28-181,798560ff6d0e1164a231cd4b4255cf25459c47fa65949aaee9837beb03c815f9,True,2
83194,37640,240926_ML.npy,2026-09-26,2026-09-26 05:58:24.847823,7C444D,P28A,PIPER AIRCRAFT CORP,PA-28-181,bdbea92283397c39fbb177d0e95a1912f7416a11383c2ccf93c282201996d94c,True,5
83201,37647,240926_ML.npy,2026-09-26,2026-09-26 05:58:56.373200,7C6693,DA40,DIAMOND AIRCRAFT INDUSTRIES INC.,DA 40,6afa96e5c32bdca21dc779ecf72184bbc8cdbae6aaa04c2a2fe9b2ca0274bec3,True,5
83212,37658,240926_ML.npy,2026-09-26,2026-09-26 05:59:03.212710,7C6693,DA40,DIAMOND AIRCRAFT INDUSTRIES INC.,DA 40,3d63828dae909e615cf5df40ad5ba444510414cf22f8d9c6c4ccf7f1bda7b82f,True,1
83223,37669,240926_ML.npy,2026-09-26,2026-09-26 05:59:17.061133,7C6693,DA40,DIAMOND AIRCRAFT INDUSTRIES INC.,DA 40,87a15fc041431281abd91b55eab4bd1f29c16ff345ca6caab9bafb327acb524f,True,4
83273,37719,240926_ML.npy,2026-09-26,2026-09-26 06:02:53.714722,7C6693,DA40,DIAMOND AIRCRAFT INDUSTRIES INC.,DA 40,758cb339c8111cfa560b90d2fc895ef10badf72204e3cd7a93e8d86000fa3d42,True,5
83293,37739,240926_ML.npy,2026-09-26,2026-09-26 06:04:09.443827,7C6693,DA40,DIAMOND AIRCRAFT INDUSTRIES INC.,DA 40,e5b0ee68d4586643f1c2529538ae0ffaa7f7cd6f51efe1a5198abbff0bb3cd1a,True,3
83305,37751,240926_ML.npy,2026-09-26,2026-09-26 06:04:22.518562,7C6693,DA40,DIAMOND AIRCRAFT INDUSTRIES INC.,DA 40,4dfa9a9c30419f8210086894f0ad8acfe084a93d94ee8c610148b159278c1fce,True,1
83312,37758,240926_ML.npy,2026-09-26,2026-09-26 06:04:29.184302,7C6693,DA40,DIAMOND AIRCRAFT INDUSTRIES INC.,DA 40,d8038edb76cebdc7051e10e4e9b022ce5ef2bbb2350b8cbe6e17ced267d9d6c5,True,3
83358,37804,240926_ML.npy,2026-09-26,2026-09-26 06:08:56.758188,7C6693,DA40,DIAMOND AIRCRAFT INDUSTRIES INC.,DA 40,1001897e83a3e3c860c8bcf7d80e01526b9eb9a85aa5e569d0a8eab935cfa092,True,2
83451,37897,240926_ML.npy,2026-09-26,2026-09-26 06:12:49.542197,7C6693,DA40,DIAMOND AIRCRAFT INDUSTRIES INC.,DA 40,214d10bf02f6f1f09431372b194497b246450141e2891155eeb63646fd3bbd6d,True,2
83455,37901,240926_ML.npy,2026-09-26,2026-09-26 06:12:55.415938,7C6693,DA40,DIAMOND AIRCRAFT INDUSTRIES INC.,DA 40,738ad9e3303a222ca630b4b6153a94b0153a340b1b21c2bda5889461a3bbb282,True,4
83465,37911,240926_ML.npy,2026-09-26,2026-09-26 06:13:09.008576,7C6693,DA40,DIAMOND AIRCRAFT INDUSTRIES INC.,DA 40,ff07eaadb4dadfea01090a6e69afcbc1b67df6fc16ef424c60bfd27c4c2fa9ca,True,1
83466,37912,240926_ML.npy,2026-09-26,2026-09-26 06:13:10.204772,7C6693,DA40,DIAMOND AIRCRAFT INDUSTRIES INC.,DA 40,ca1737a436570fab63b996087a563ddfda8cb6e17d1170d0ff5bdc6625b68436,True,1
83528,37974,240926_ML.npy,2026-09-26,2026-09-26 06:16:46.842162,7C6693,DA40,DIAMOND AIRCRAFT INDUSTRIES INC.,DA 40,dcbf0f8a445eb0f75e739f86bd92b33c8874d1b8629a541294005207b68a8f0f,True,1
83534,37980,240926_ML.npy,2026-09-26,2026-09-26 06:17:47.204133,7C6693,DA40,DIAMOND AIRCRAFT INDUSTRIES INC.,DA 40,83cb4ab0471599f35592ee9b62e06c280fc43456fb9b4f5fe20ef7f8fcd7e51f,True,1
83543,37989,240926_ML.npy,2026-09-26,2026-09-26 06:18:02.343018,7C6693,DA40,DIAMOND AIRCRAFT INDUSTRIES INC.,DA 40,067733c609cabacf771d1963a0d5e3a152b8a2a2d1212fba3efb8dc8651b6be9,True,1
83546,37992,240926_ML.npy,2026-09-26,2026-09-26 06:18:05.850821,7C6693,DA40,DIAMOND AIRCRAFT INDUSTRIES INC.,DA 40,6a4d3f25dc24aebeb6d8d62dad22ed5bd2b652c8a87e516af083dee95d7670e6,True,1
83548,37994,240926_ML.npy,2026-09-26,2026-09-26 06:18:07.782985,7C6693,DA40,DIAMOND AIRCRAFT INDUSTRIES INC.,DA 40,785c811f1d4fe9014e63bc1ca3b8b5b803473286161c034e0632918e5808e338,True,3
83551,37997,240926_ML.npy,2026-09-26,2026-09-26 06:19:38.696912,7C444D,P28A,PIPER AIRCRAFT CORP,PA-28-181,78fbcb1ffb776d8a3c2666c3d483208c654eed418fc7af6761dde793f46d99d4,True,3
83552,37998,240926_ML.npy,2026-09-26,2026-09-26 06:19:43.957915,7C444D,P28A,PIPER AIRCRAFT CORP,PA-28-181,7faa64eb3cc87a1b67c10837961ab39a8f93bd14e0f98468930627104e6cf895,True,4
83553,37999,240926_ML.npy,2026-09-26,2026-09-26 06:19:44.439588,7C444D,P28A,PIPER AIRCRAFT CORP,PA-28-181,e77e83fd845d9d08a7b3d3cf666e5ba885dce00f6409a297bb9fabbc98ee9185,True,4
83561,38007,240926_ML.npy,2026-09-26,2026-09-26 06:20:12.835551,7C444D,P28A,PIPER AIRCRAFT CORP,PA-28-181,b8ebe7c59e473348a6aca4e22fa2cb6137cfa3beb5ba7ed3b47d81c265b3fe2a,True,1
83673,38119,240926_ML.npy,2026-09-26,2026-09-26 06:23:33.478000,7C6693,DA40,DIAMOND AIRCRAFT INDUSTRIES INC.,DA 40,5029ff26f9d08fa42d1e437910e7d874c99cfe8ebb561628111620a2154e4323,True,1
83674,38120,240926_ML.npy,2026-09-26,2026-09-26 06:23:37.035726,7C6693,DA40,DIAMOND AIRCRAFT INDUSTRIES INC.,DA 40,f05f562d40f1f0a52657b67ec523dce4b1e7f2a417f62a3b35233c394a61a6ea,True,4
83676,38122,240926_ML.npy,2026-09-26,2026-09-26 06:23:40.939706,7C6693,DA40,DIAMOND AIRCRAFT INDUSTRIES INC.,DA 40,aadc6e713b7bb6ddc4d3c33872d113b0a33cc37cef9106cad61689641c8d5582,True,1
83682,38128,240926_ML.npy,2026-09-26,2026-09-26 06:23:46.415358,7C6693,DA40,DIAMOND AIRCRAFT INDUSTRIES INC.,DA 40,2d85521749318f966efb9c3a1064dd3f190931c9f9fc8569644e2f703101d2c5,True,5
83686,38132,240926_ML.npy,2026-09-26,2026-09-26 06:24:03.952297,7C6693,DA40,DIAMOND AIRCRAFT INDUSTRIES INC.,DA 40,9da2df331c1e99edaac57fc84ae53617fd80536ba2365624bd47f53167760ead,True,2
83721,38167,240926_ML.npy,2026-09-26,2026-09-26 07:13:41.449675,7C0077,DA40,DIAMOND AIRCRAFT INDUSTRIES INC.,DA 40,814d67731b75a81efbd2ae52a1f52a83a0645a4f04b68461a864d9d65c61c5b8,True,5
83732,38178,240926_ML.npy,2026-09-26,2026-09-26 07:13:57.454439,7C0077,DA40,DIAMOND AIRCRAFT INDUSTRIES INC.,DA 40,4d28c38ab85a4eeb20729aded6a75ebaadd977d9d4552e4a2ec8064f1323b358,True,4
83739,38185,240926_ML.npy,2026-09-26,2026-09-26 07:17:41.616378,7C0077,DA40,DIAMOND AIRCRAFT INDUSTRIES INC.,DA 40,f7320f886c400d83cca085ae24c09c580b701001cac0d7359fdbd1ffe2062215,True,2
83741,38187,240926_ML.npy,2026-09-26,2026-09-26 07:17:46.751056,7C0077,DA40,DIAMOND AIRCRAFT INDUSTRIES INC.,DA 40,db0c40ef953ed5754ac9216f1753666b7d6a69b888bd0c3fde1bb4a83c4233ef,True,5
83773,38219,240926_ML.npy,2026-09-26,2026-09-26 07:21:53.774018,7C0077,DA40,DIAMOND AIRCRAFT INDUSTRIES INC.,DA 40,ae10d595f1a5171ca8dca6aafe8c0c0936d0db24ffa0791752da4c409135ad4f,True,2
83809,38255,240926_ML.npy,2026-09-26,2026-09-26 07:26:40.612843,7C0077,DA40,DIAMOND AIRCRAFT INDUSTRIES INC.,DA 40,b83e246852485105469d1261e3cf87d2a592ffd9fea0baa351fe5bd3e0a13f05,True,1
83815,38261,240926_ML.npy,2026-09-26,2026-09-26 07:27:29.586629,7C0077,DA40,DIAMOND AIRCRAFT INDUSTRIES INC.,DA 40,01ddc99b758a8d7c985389174c71ba1123ab6e874f9f30b98d8ee7642d766f7b,True,1
83825,38271,240926_ML.npy,2026-09-26,2026-09-26 07:27:40.976113,7C0077,DA40,DIAMOND AIRCRAFT INDUSTRIES INC.,DA 40,55aae521426ed8d8b9ccd3253d6f2ab2c49195ea380f14e5a8beb2064f18c3aa,True,3
83838,38284,240926_ML.npy,2026-09-26,2026-09-26 07:28:07.646069,7C0077,DA40,DIAMOND AIRCRAFT INDUSTRIES INC.,DA 40,730cdf92983e95e19f6af9459d7e4d39150557711d31751a09f863167ad3ad38,True,1
83843,38289,240926_ML.npy,2026-09-26,2026-09-26 07:32:28.707840,7C0077,DA40,DIAMOND AIRCRAFT INDUSTRIES INC.,DA 40,d7849708b02cb5def71e3fa7a0215334fcb969868f06872a0b99ae241851c296,True,4
83848,38294,240926_ML.npy,2026-09-26,2026-09-26 07:32:36.555210,7C0077,DA40,DIAMOND AIRCRAFT INDUSTRIES INC.,DA 40,1ce8c9e8791da59df03fffd6ffef816c641127f7d2e8317291d9946d0839f7eb,True,1
83858,38304,240926_ML.npy,2026-09-26,2026-09-26 07:32:49.277334,7C0077,DA40,DIAMOND AIRCRAFT INDUSTRIES INC.,DA 40,8a067b8c5392d65c6e772d05032f0f08e7e0e67257fbc1ebba3764d7b64d139f,True,1
83867,38313,240926_ML.npy,2026-09-26,2026-09-26 07:33:00.435953,7C0077,DA40,DIAMOND AIRCRAFT INDUSTRIES INC.,DA 40,88dba5c501a46dfc9a6f3a6cc802bdcb468a01abcd41af496b666f6211d9b90e,True,4
83874,38320,240926_ML.npy,2026-09-26,2026-09-26 07:36:27.838460,7C0077,DA40,DIAMOND AIRCRAFT INDUSTRIES INC.,DA 40,25867efa1170f6d8f6518360707d8f4707cec31e149962a7306619b7cf7dd58f,True,3
83903,38349,240926_ML.npy,2026-09-26,2026-09-26 07:42:04.621077,7C0077,DA40,DIAMOND AIRCRAFT INDUSTRIES INC.,DA 40,bc8ceee4a522749ec9175ff8d151d4c51042db33bf629a2e8528ab3f71f1f5e0,True,2
83911,38357,240926_ML.npy,2026-09-26,2026-09-26 07:42:15.649391,7C0077,DA40,DIAMOND AIRCRAFT INDUSTRIES INC.,DA 40,f7320f886c400d83cca085ae24c09c580b701001cac0d7359fdbd1ffe2062215,True,2
83913,38359,240926_ML.npy,2026-09-26,2026-09-26 07:42:18.562191,7C0077,DA40,DIAMOND AIRCRAFT INDUSTRIES INC.,DA 40,17525dcdee10a004b5cb8065c30e55604ab6283eef8e25e0204cbc8d0fa5ecb0,True,5
83914,38360,240926_ML.npy,2026-09-26,2026-09-26 07:42:18.566456,7C0077,DA40,DIAMOND AIRCRAFT INDUSTRIES INC.,DA 40,3f179eb7b8b43449824ab6632eab36f59ed6b3d3a6f2ab7612dfbd62dad29cd0,True,1
83927,38373,240926_ML.npy,2026-09-26,2026-09-26 07:42:32.382553,7C0077,DA40,DIAMOND AIRCRAFT INDUSTRIES INC.,DA 40,7d1d328a570441b9181e3823b276fb6910f91a595a5fb206a70bc3ad102e6815,True,4
83940,38386,240926_ML.npy,2026-09-26,2026-09-26 07:42:41.021463,7C0077,DA40,DIAMOND AIRCRAFT INDUSTRIES INC.,DA 40,36a43e279c0aacfcf970b0cd90938afaca28ab3b9112f608e6819bc6044a5f75,True,3
83948,38394,240926_ML.npy,2026-09-26,2026-09-26 07:45:19.652546,7C0077,DA40,DIAMOND AIRCRAFT INDUSTRIES INC.,DA 40,d97140d028ab37a26ecde97d26011eb7d00a9d1610e3196353fc56bdb73d5e6d,True,4
83961,38407,240926_ML.npy,2026-09-26,2026-09-26 07:46:26.227704,7C0077,DA40,DIAMOND AIRCRAFT INDUSTRIES INC.,DA 40,c0a66902ed63e3e6e030425796fedf11d58e5e2ec6eff9175787a78bc450167b,True,1
83965,38411,240926_ML.npy,2026-09-26,2026-09-26 07:46:35.092281,7C0077,DA40,DIAMOND AIRCRAFT INDUSTRIES INC.,DA 40,a32b3e1f3d2a54ff3fdbf44c6ecbcaf94ff9af4efd91acfbaff6f0343c9f290c,True,4
83971,38417,240926_ML.npy,2026-09-26,2026-09-26 07:46:43.456763,7C0077,DA40,DIAMOND AIRCRAFT INDUSTRIES INC.,DA 40,1f3ea2f154a36f43c59eb3d2b164eab42a05e65edf8077e195f96ffd2462dd9e,True,2
83975,38421,240926_ML.npy,2026-09-26,2026-09-26 07:46:46.585015,7C0077,DA40,DIAMOND AIRCRAFT INDUSTRIES INC.,DA 40,b3db4fb0e9edcb63a497d0264d98bfeecb2f985e8f381619ad17c157217a282b,True,4
83976,38422,240926_ML.npy,2026-09-26,2026-09-26 07:46:49.455091,7C0077,DA40,DIAMOND AIRCRAFT INDUSTRIES INC.,DA 40,c7c370a1afc853771d84a73e97dc17f0d62ca6ed29541a284c92b1e5993222e6,True,3
83989,38435,240926_ML.npy,2026-09-26,2026-09-26 07:51:25.123186,7C0077,DA40,DIAMOND AIRCRAFT INDUSTRIES INC.,DA 40,bc8ceee4a522749ec9175ff8d151d4c51042db33bf629a2e8528ab3f71f1f5e0,True,4
84000,38446,240926_ML.npy,2026-09-26,2026-09-26 07:51:35.902392,7C0077,DA40,DIAMOND AIRCRAFT INDUSTRIES INC.,DA 40,08a3f624da56930239ed3286172079c7c3d9056c249fa35b7080288b0ff79c3d,True,1
84078,38524,240926_ML.npy,2026-09-26,2026-09-26 09:10:31.548575,7C79B4,DA42,DIAMOND AIRCRAFT INDUSTRIES,DA 42,3f462b3ad5173360f211ebb17de3b01e10049d69904d5ccd0a4d036d4f634376,True,5
84079,38525,240926_ML.npy,2026-09-26,2026-09-26 09:10:31.787816,7C79B4,DA42,DIAMOND AIRCRAFT INDUSTRIES,DA 42,c34280cdfef66c91d0b2064ba15cab09185a68ca0b98bd368f3305136563a68e,True,5
84081,38527,240926_ML.npy,2026-09-26,2026-09-26 09:10:37.459714,7C79B4,DA42,DIAMOND AIRCRAFT INDUSTRIES,DA 42,0dc2a6bf277e3fdd10214831072351f69e0e4969f756fdbf878d67be411aff08,True,3
84082,38528,240926_ML.npy,2026-09-26,2026-09-26 09:10:38.471800,7C79B4,DA42,DIAMOND AIRCRAFT INDUSTRIES,DA 42,122d35121e09b84018802823ada1e5830da13a58b107e3f475345990e1ed4e50,True,4
84083,38529,240926_ML.npy,2026-09-26,2026-09-26 09:10:38.477418,7C79B4,DA42,DIAMOND AIRCRAFT INDUSTRIES,DA 42,ed18e081dccda7eec639a66b56d6b01a2df346c2cee562cd618cadfc933ddac8,True,4
84085,38531,240926_ML.npy,2026-09-26,2026-09-26 09:10:39.527724,7C79B4,DA42,DIAMOND AIRCRAFT INDUSTRIES,DA 42,0aeea71703c1c335b40aea96628840ca7cf5881b74db39ef6adb5a1e314606cc,True,3
84086,38532,240926_ML.npy,2026-09-26,2026-09-26 09:10:40.755743,7C79B4,DA42,DIAMOND AIRCRAFT INDUSTRIES,DA 42,5c852d23b6ef432d391c5df05179b455975691ba981b1180ae81bb8f08cd375f,True,5
84087,38533,240926_ML.npy,2026-09-26,2026-09-26 09:10:41.883627,7C79B4,DA42,DIAMOND AIRCRAFT INDUSTRIES,DA 42,301950dc605f657da71113d23cfc211c904eb84c88cfce8413589dc0c78a3890,True,3
84088,38534,240926_ML.npy,2026-09-26,2026-09-26 09:10:41.888235,7C79B4,DA42,DIAMOND AIRCRAFT INDUSTRIES,DA 42,f9a3693bc3a150c715811b400d487028b9dc826074a171728967ad4cfab2011a,True,1
84089,38535,240926_ML.npy,2026-09-26,2026-09-26 09:10:43.050327,7C79B4,DA42,DIAMOND AIRCRAFT INDUSTRIES,DA 42,aa8b928ee375a8738ce82f25223eb0235172c23b485febfe9d2b9ecf88861dfe,True,1
84091,38537,240926_ML.npy,2026-09-26,2026-09-26 09:10:45.535759,7C79B4,DA42,DIAMOND AIRCRAFT INDUSTRIES,DA 42,dabeb99e822eae8eb2be30588e7f4c69023c75da2f3331b04e3d8b2b81955c6a,True,5
84093,38539,240926_ML.npy,2026-09-26,2026-09-26 09:10:50.733083,7C79B4,DA42,DIAMOND AIRCRAFT INDUSTRIES,DA 42,5c852d23b6ef432d391c5df05179b455975691ba981b1180ae81bb8f08cd375f,True,2
84094,38540,240926_ML.npy,2026-09-26,2026-09-26 09:10:53.238077,7C79B4,DA42,DIAMOND AIRCRAFT INDUSTRIES,DA 42,5c852d23b6ef432d391c5df05179b455975691ba981b1180ae81bb8f08cd375f,True,2
84102,38548,240926_ML.npy,2026-09-26,2026-09-26 09:11:08.963997,7C79B4,DA42,DIAMOND AIRCRAFT INDUSTRIES,DA 42,e1788f8ee1804793c56cfb6f25bc194fb6254dac5c5a30c1642f35a62df84b67,True,1
84103,38549,240926_ML.npy,2026-09-26,2026-09-26 09:11:09.943056,7C79B4,DA42,DIAMOND AIRCRAFT INDUSTRIES,DA 42,b00f5f789ab25797be0836faada83ff78b756c56aa09c14aa1717a935a6a7934,True,2
84104,38550,240926_ML.npy,2026-09-26,2026-09-26 09:11:12.473510,7C79B4,DA42,DIAMOND AIRCRAFT INDUSTRIES,DA 42,719b64e6b4da08ceb84c547d6260f1b081fb05ad8417faf8a12f0907eb3dc351,True,3
84105,38551,240926_ML.npy,2026-09-26,2026-09-26 09:11:12.477099,7C79B4,DA42,DIAMOND AIRCRAFT INDUSTRIES,DA 42,e3776b9b8d4f35a20ad85ff32ed5d35a212d793058ef11b9b1779845528a3c0a,True,5
84106,38552,240926_ML.npy,2026-09-26,2026-09-26 09:11:14.308543,7C79B4,DA42,DIAMOND AIRCRAFT INDUSTRIES,DA 42,80090aa521432a024b43a445cd0eaf0818535865c12d1414c4684a5754a3dab1,True,3
84108,38554,240926_ML.npy,2026-09-26,2026-09-26 09:11:19.363828,7C79B4,DA42,DIAMOND AIRCRAFT INDUSTRIES,DA 42,80090aa521432a024b43a445cd0eaf0818535865c12d1414c4684a5754a3dab1,True,4
84109,38555,240926_ML.npy,2026-09-26,2026-09-26 09:11:22.585137,7C79B4,DA42,DIAMOND AIRCRAFT INDUSTRIES,DA 42,2072dea64e5d9e5aa6dfa7a365e1dcb81d9831e886e324ba1203bf1faf1fba04,True,5
84111,38557,240926_ML.npy,2026-09-26,2026-09-26 09:11:27.652882,7C79B4,DA42,DIAMOND AIRCRAFT INDUSTRIES,DA 42,0043ca8964c909cbad2d0a84f3c4728cc6925fe0e489c945438d6beb099e5683,True,2
84114,38560,240926_ML.npy,2026-09-26,2026-09-26 09:11:47.055189,7C79B4,DA42,DIAMOND AIRCRAFT INDUSTRIES,DA 42,de1379b9b0e73ee3018bb8feb9ef4020a6893c95984771fce4456fc2671b0e55,True,2
84115,38561,240926_ML.npy,2026-09-26,2026-09-26 09:11:47.061401,7C79B4,DA42,DIAMOND AIRCRAFT INDUSTRIES,DA 42,39d729a4e12e32e7bb3175f38160cc9af24d5a4b8db9b79bb3717e08e590f783,True,4
84116,38562,240926_ML.npy,2026-09-26,2026-09-26 09:11:49.379449,7C79B4,DA42,DIAMOND AIRCRAFT INDUSTRIES,DA 42,76316d9ce0c021b10e5954246027599631c4df22a0a0bc0004dacdcf4ec7b1ba,True,1
84118,38564,240926_ML.npy,2026-09-26,2026-09-26 09:11:51.168363,7C79B4,DA42,DIAMOND AIRCRAFT INDUSTRIES,DA 42,1864e97e5524f007ba1bec59512d98a882b9ff039f8949248fe19035e54b91f2,True,4
84119,38565,240926_ML.npy,2026-09-26,2026-09-26 09:11:51.173171,7C79B4,DA42,DIAMOND AIRCRAFT INDUSTRIES,DA 42,e2def6877ef6984f4e528478de2978428d51f479a13dfc99ff8144ae254486ae,True,2
84120,38566,240926_ML.npy,2026-09-26,2026-09-26 09:11:54.049538,7C79B4,DA42,DIAMOND AIRCRAFT INDUSTRIES,DA 42,5e79588b6af2f0c7c0b8949298aa5ba0339f118d73bd75b45f45139a021fe69a,True,2
84122,38568,240926_ML.npy,2026-09-26,2026-09-26 09:11:54.600984,7C79B4,DA42,DIAMOND AIRCRAFT INDUSTRIES,DA 42,56d031426d265cc849a5e9c9257c934487cd1503fa3b039ae6b24466e01916a9,True,3
84123,38569,240926_ML.npy,2026-09-26,2026-09-26 09:11:58.051519,7C79B4,DA42,DIAMOND AIRCRAFT INDUSTRIES,DA 42,7fb47d1c740e723caca83508b9adb466292067fb6d89cf9c942355f8f4b5b097,True,3
84126,38572,240926_ML.npy,2026-09-26,2026-09-26 09:12:01.826509,7C79B4,DA42,DIAMOND AIRCRAFT INDUSTRIES,DA 42,479252e1701b18d5f4dbe75f4fbad380643fa5d631b5dd8aa27aa3b7fafec5c8,True,1
84127,38573,240926_ML.npy,2026-09-26,2026-09-26 09:12:01.831386,7C79B4,DA42,DIAMOND AIRCRAFT INDUSTRIES,DA 42,9f852119d25bd911cc40fa67427eecb441e8f20ed01c2ab39d67f6fec8500668,True,3
84128,38574,240926_ML.npy,2026-09-26,2026-09-26 09:12:04.389044,7C79B4,DA42,DIAMOND AIRCRAFT INDUSTRIES,DA 42,76316d9ce0c021b10e5954246027599631c4df22a0a0bc0004dacdcf4ec7b1ba,True,5
84129,38575,240926_ML.npy,2026-09-26,2026-09-26 09:12:14.260726,7C79B4,DA42,DIAMOND AIRCRAFT INDUSTRIES,DA 42,76316d9ce0c021b10e5954246027599631c4df22a0a0bc0004dacdcf4ec7b1ba,True,2
84133,38579,240926_ML.npy,2026-09-26,2026-09-26 09:12:17.654157,7C79B4,DA42,DIAMOND AIRCRAFT INDUSTRIES,DA 42,392bc7c802e8a3666e20b47a1db98acb98ad583e9f3de2ce38dc132958c2a729,True,5
84134,38580,240926_ML.npy,2026-09-26,2026-09-26 09:12:20.716053,7C79B4,DA42,DIAMOND AIRCRAFT INDUSTRIES,DA 42,49dbd13ada390f23f416de494d29590347b22e1aac9a905c6cd7c46908ffeef3,True,3
84137,38583,240926_ML.npy,2026-09-26,2026-09-26 09:12:21.645841,7C79B4,DA42,DIAMOND AIRCRAFT INDUSTRIES,DA 42,62cf526a9ee4d6ac9ef574e50c3bcab1dab6106db23f9b3664cd4b0f0afdfad8,True,3
84138,38584,240926_ML.npy,2026-09-26,2026-09-26 09:12:21.652970,7C79B4,DA42,DIAMOND AIRCRAFT INDUSTRIES,DA 42,ec33e531c480077258d99288c25feb667ebaaa846ade8bb36eb44b0cf3650f8c,True,1
84139,38585,240926_ML.npy,2026-09-26,2026-09-26 09:12:24.151145,7C79B4,DA42,DIAMOND AIRCRAFT INDUSTRIES,DA 42,46c35466824bff1896586fcaa79d1a93841fc9539b14ab87a747fb60abdd0047,True,4
84141,38587,240926_ML.npy,2026-09-26,2026-09-26 09:12:24.713173,7C79B4,DA42,DIAMOND AIRCRAFT INDUSTRIES,DA 42,80090aa521432a024b43a445cd0eaf0818535865c12d1414c4684a5754a3dab1,True,3
84142,38588,240926_ML.npy,2026-09-26,2026-09-26 09:12:25.569322,7C79B4,DA42,DIAMOND AIRCRAFT INDUSTRIES,DA 42,5c852d23b6ef432d391c5df05179b455975691ba981b1180ae81bb8f08cd375f,True,5
84145,38591,240926_ML.npy,2026-09-26,2026-09-26 09:12:27.473071,7C79B4,DA42,DIAMOND AIRCRAFT INDUSTRIES,DA 42,69a6fb14da06c6a2ea9f8ef32411de0a89867edaa0ca6e1d5263743693c71618,True,1
84149,38595,240926_ML.npy,2026-09-26,2026-09-26 09:12:30.924985,7C79B4,DA42,DIAMOND AIRCRAFT INDUSTRIES,DA 42,d1beb1cbfa7a28d58504c0d6214c86a2621275a1a94a2234c11658444bf7b544,True,4
84150,38596,240926_ML.npy,2026-09-26,2026-09-26 09:12:31.422470,7C79B4,DA42,DIAMOND AIRCRAFT INDUSTRIES,DA 42,fbbeff6f781d6d7e65923e917f876476eb6f13b3f5370bb840fc285b695f76d4,True,1
84157,38603,240926_ML.npy,2026-09-26,2026-09-26 09:12:37.436241,7C79B4,DA42,DIAMOND AIRCRAFT INDUSTRIES,DA 42,079356f26ebb017ee91bf24c492323a5681e1012010b962f7e7d8cedc4fc7131,True,4
84159,38605,240926_ML.npy,2026-09-26,2026-09-26 09:12:39.914641,7C79B4,DA42,DIAMOND AIRCRAFT INDUSTRIES,DA 42,1b7ad2b803ffdc7e3442d49b0b7213d5d02a102e5b9130ed0eb60f692709945c,True,3
84166,38612,240926_ML.npy,2026-09-26,2026-09-26 09:12:56.684689,7C79B4,DA42,DIAMOND AIRCRAFT INDUSTRIES,DA 42,c34280cdfef66c91d0b2064ba15cab09185a68ca0b98bd368f3305136563a68e,True,4
84169,38615,240926_ML.npy,2026-09-26,2026-09-26 09:13:04.244502,7C79B4,DA42,DIAMOND AIRCRAFT INDUSTRIES,DA 42,b082189d5c631cc65517914826f2818084bc26965b3d53ca24bac37969834d02,True,2
84170,38616,240926_ML.npy,2026-09-26,2026-09-26 09:13:04.290562,7C79B4,DA42,DIAMOND AIRCRAFT INDUSTRIES,DA 42,76316d9ce0c021b10e5954246027599631c4df22a0a0bc0004dacdcf4ec7b1ba,True,2
84172,38618,240926_ML.npy,2026-09-26,2026-09-26 09:13:49.144437,7C79B4,DA42,DIAMOND AIRCRAFT INDUSTRIES,DA 42,2bdc8abbc152f5f001547989b301b55c903a1cc0e4b20aee07a15f85d21a3dd3,True,1
84241,38687,240926_ML.npy,2026-09-26,2026-09-26 10:35:15.827709,7C79B4,DA42,DIAMOND AIRCRAFT INDUSTRIES,DA 42,6c9184331c507dc594eeb4cc8e1db216a0c9036f8f1d24eb609eb635a6e13cdf,True,5
84243,38689,240926_ML.npy,2026-09-26,2026-09-26 10:35:27.240969,7C79B4,DA42,DIAMOND AIRCRAFT INDUSTRIES,DA 42,b873625d988704a400b1b3155b6dceb4e0ab3b694da2e4d58b89c2f981f5f17b,True,4
84244,38690,240926_ML.npy,2026-09-26,2026-09-26 10:35:33.889354,7C79B4,DA42,DIAMOND AIRCRAFT INDUSTRIES,DA 42,80090aa521432a024b43a445cd0eaf0818535865c12d1414c4684a5754a3dab1,True,5
84245,38691,240926_ML.npy,2026-09-26,2026-09-26 10:35:38.223324,7C79B4,DA42,DIAMOND AIRCRAFT INDUSTRIES,DA 42,200b1c05df652f9d58b94a7ddb87a26a295ec3135108979740e24c1400686add,True,3
84246,38692,240926_ML.npy,2026-09-26,2026-09-26 10:35:38.226288,7C79B4,DA42,DIAMOND AIRCRAFT INDUSTRIES,DA 42,398aea2aff3f46f9005f969c3e085bf53c0d0087fa98a6ef00ef96707c368899,True,1
84248,38694,240926_ML.npy,2026-09-26,2026-09-26 10:35:46.526916,7C79B4,DA42,DIAMOND AIRCRAFT INDUSTRIES,DA 42,1b27a1664edbe5199bf28954aec3b37ec00694dab0a5b69a06379b7a71f8ee3a,True,1
84249,38695,240926_ML.npy,2026-09-26,2026-09-26 10:35:48.530823,7C79B4,DA42,DIAMOND AIRCRAFT INDUSTRIES,DA 42,f7ae9e4306939f8100369315c905fdb429e105718403b4c4748ba4f9325c6348,True,5
84250,38696,240926_ML.npy,2026-09-26,2026-09-26 10:35:49.125543,7C79B4,DA42,DIAMOND AIRCRAFT INDUSTRIES,DA 42,80090aa521432a024b43a445cd0eaf0818535865c12d1414c4684a5754a3dab1,True,2
84253,38699,240926_ML.npy,2026-09-26,2026-09-26 10:35:52.885163,7C79B4,DA42,DIAMOND AIRCRAFT INDUSTRIES,DA 42,43f4b3dcf04280d09778c0235c0de61ffb24804b2fb4089828f0e686402c090e,True,1
84256,38702,240926_ML.npy,2026-09-26,2026-09-26 10:35:57.150561,7C79B4,DA42,DIAMOND AIRCRAFT INDUSTRIES,DA 42,76316d9ce0c021b10e5954246027599631c4df22a0a0bc0004dacdcf4ec7b1ba,True,3
84258,38704,240926_ML.npy,2026-09-26,2026-09-26 10:35:57.218502,7C79B4,DA42,DIAMOND AIRCRAFT INDUSTRIES,DA 42,d35173d3b1803927ad35ebc190e9934c7d65f130f0a8199058ad0ea739df2c1b,True,5
84260,38706,240926_ML.npy,2026-09-26,2026-09-26 10:36:04.841530,7C79B4,DA42,DIAMOND AIRCRAFT INDUSTRIES,DA 42,52950f1acd030d1f3b12f5db5b7caefaadabafa43f4d8e4cde8ff97ce6b4f799,True,1
84264,38710,240926_ML.npy,2026-09-26,2026-09-26 10:36:10.897481,7C79B4,DA42,DIAMOND AIRCRAFT INDUSTRIES,DA 42,c34280cdfef66c91d0b2064ba15cab09185a68ca0b98bd368f3305136563a68e,True,2
84266,38712,240926_ML.npy,2026-09-26,2026-09-26 10:36:11.758949,7C79B4,DA42,DIAMOND AIRCRAFT INDUSTRIES,DA 42,8d2d0963051d0edc7181ed6d248d2d90a3f2f57546f0df0bfb0eaa4b2e01f5e7,True,2
84268,38714,240926_ML.npy,2026-09-26,2026-09-26 10:36:16.065161,7C79B4,DA42,DIAMOND AIRCRAFT INDUSTRIES,DA 42,90bc61920d897080e632d7240302079cb4271a3006284ccf8a18a0d0fa295584,True,2
84269,38715,240926_ML.npy,2026-09-26,2026-09-26 10:36:17.276763,7C79B4,DA42,DIAMOND AIRCRAFT INDUSTRIES,DA 42,90bc61920d897080e632d7240302079cb4271a3006284ccf8a18a0d0fa295584,True,4
84270,38716,240926_ML.npy,2026-09-26,2026-09-26 10:36:17.675735,7C79B4,DA42,DIAMOND AIRCRAFT INDUSTRIES,DA 42,7d00bfd1ebcd951b47fddf5d4a10a114842405c6146f7cd41ca747740d6e1d75,True,4
84271,38717,240926_ML.npy,2026-09-26,2026-09-26 10:36:18.571834,7C79B4,DA42,DIAMOND AIRCRAFT INDUSTRIES,DA 42,90bc61920d897080e632d7240302079cb4271a3006284ccf8a18a0d0fa295584,True,4
84273,38719,240926_ML.npy,2026-09-26,2026-09-26 10:36:23.520010,7C79B4,DA42,DIAMOND AIRCRAFT INDUSTRIES,DA 42,62007b577ec3cf8302b10914a4280d609a54f2e51f2f571b9ea66a0cc7c5b728,True,5
84274,38720,240926_ML.npy,2026-09-26,2026-09-26 10:36:23.526702,7C79B4,DA42,DIAMOND AIRCRAFT INDUSTRIES,DA 42,872229bcf9879b0220f7e99d61affc39b98592bc527a6a6fe0bd8791c2d57dcb,True,4
84278,38724,240926_ML.npy,2026-09-26,2026-09-26 10:36:24.747421,7C79B4,DA42,DIAMOND AIRCRAFT INDUSTRIES,DA 42,09caf65a1552c4f10f00322ec248ba4c7d0c13cb95a7ae96a11213a7cba3eeee,True,2
84281,38727,240926_ML.npy,2026-09-26,2026-09-26 10:36:32.535240,7C79B4,DA42,DIAMOND AIRCRAFT INDUSTRIES,DA 42,36f2826b3b75571dc9da16b9ff7b2ee5e04f67aedf7e3aadb72f08f60238f398,True,5
84282,38728,240926_ML.npy,2026-09-26,2026-09-26 10:36:33.644015,7C79B4,DA42,DIAMOND AIRCRAFT INDUSTRIES,DA 42,3ffd70b294b896ca43aba004b8bc775de532b77d2b09302d606402bca15c10bf,True,5
84283,38729,240926_ML.npy,2026-09-26,2026-09-26 10:36:33.647871,7C79B4,DA42,DIAMOND AIRCRAFT INDUSTRIES,DA 42,db2a067d16a2bf77a0db9cd718d2773124361bb7912518616806178015af7722,True,2
84284,38730,240926_ML.npy,2026-09-26,2026-09-26 10:36:36.152290,7C79B4,DA42,DIAMOND AIRCRAFT INDUSTRIES,DA 42,f3b6823d8ec9ce816bd1b161a348e340838264a418bdf929474e4ae822dd3a24,True,3
84286,38732,240926_ML.npy,2026-09-26,2026-09-26 10:36:38.264317,7C79B4,DA42,DIAMOND AIRCRAFT INDUSTRIES,DA 42,9ff3668a293b168a476c9928b2f6de3a9572991f6844747327f21210d9c882c7,True,3
84293,38739,240926_ML.npy,2026-09-26,2026-09-26 10:36:43.845285,7C79B4,DA42,DIAMOND AIRCRAFT INDUSTRIES,DA 42,1a0e3e4bf0e6d4b4adc75eec971eceba04d751c09e67ddc38ea6a351edf00391,True,1
84298,38744,240926_ML.npy,2026-09-26,2026-09-26 10:36:48.857316,7C79B4,DA42,DIAMOND AIRCRAFT INDUSTRIES,DA 42,80090aa521432a024b43a445cd0eaf0818535865c12d1414c4684a5754a3dab1,True,2
84299,38745,240926_ML.npy,2026-09-26,2026-09-26 10:36:51.880247,7C79B4,DA42,DIAMOND AIRCRAFT INDUSTRIES,DA 42,76316d9ce0c021b10e5954246027599631c4df22a0a0bc0004dacdcf4ec7b1ba,True,3
84303,38749,240926_ML.npy,2026-09-26,2026-09-26 10:36:56.747352,7C79B4,DA42,DIAMOND AIRCRAFT INDUSTRIES,DA 42,76316d9ce0c021b10e5954246027599631c4df22a0a0bc0004dacdcf4ec7b1ba,True,4
84305,38751,240926_ML.npy,2026-09-26,2026-09-26 10:37:00.985246,7C79B4,DA42,DIAMOND AIRCRAFT INDUSTRIES,DA 42,40fb803b28113d56b7950a1abed3a91cf92d9a81d204c72ec53e0e72bf6d65b7,True,1
84306,38752,240926_ML.npy,2026-09-26,2026-09-26 10:37:01.007997,7C79B4,DA42,DIAMOND AIRCRAFT INDUSTRIES,DA 42,09caf65a1552c4f10f00322ec248ba4c7d0c13cb95a7ae96a11213a7cba3eeee,True,2
84307,38753,240926_ML.npy,2026-09-26,2026-09-26 10:37:01.560070,7C79B4,DA42,DIAMOND AIRCRAFT INDUSTRIES,DA 42,76316d9ce0c021b10e5954246027599631c4df22a0a0bc0004dacdcf4ec7b1ba,True,3
84308,38754,240926_ML.npy,2026-09-26,2026-09-26 10:37:06.628837,7C79B4,DA42,DIAMOND AIRCRAFT INDUSTRIES,DA 42,76316d9ce0c021b10e5954246027599631c4df22a0a0bc0004dacdcf4ec7b1ba,True,2
84309,38755,240926_ML.npy,2026-09-26,2026-09-26 10:37:07.262983,7C79B4,DA42,DIAMOND AIRCRAFT INDUSTRIES,DA 42,088cb8c1a0179cc071374b1f2422a3e508465099718700f99b2783d8f5891305,True,4
84312,38758,240926_ML.npy,2026-09-26,2026-09-26 10:37:48.120256,7C79B4,DA42,DIAMOND AIRCRAFT INDUSTRIES,DA 42,f406188dc895a0afcd123dd04fddabe77134f0339213fc7e496fa3f6cbacadcf,True,2
84315,38761,240926_ML.npy,2026-09-26,2026-09-26 10:37:56.150484,7C79B4,DA42,DIAMOND AIRCRAFT INDUSTRIES,DA 42,28172f6e1adec67700e1f1048139bb0cce1ec3455d7a4956530dfc0e39d355f6,True,4
84316,38762,240926_ML.npy,2026-09-26,2026-09-26 10:37:56.245371,7C79B4,DA42,DIAMOND AIRCRAFT INDUSTRIES,DA 42,09caf65a1552c4f10f00322ec248ba4c7d0c13cb95a7ae96a11213a7cba3eeee,True,2
84317,38763,240926_ML.npy,2026-09-26,2026-09-26 10:38:13.812929,7C79B4,DA42,DIAMOND AIRCRAFT INDUSTRIES,DA 42,09caf65a1552c4f10f00322ec248ba4c7d0c13cb95a7ae96a11213a7cba3eeee,True,2
84318,38764,240926_ML.npy,2026-09-26,2026-09-26 10:38:20.995866,7C79B4,DA42,DIAMOND AIRCRAFT INDUSTRIES,DA 42,9ff59355df6e05d8985a10ce584c85d25ccaca11f2f705bf0bcd6fb9c31cf06e,True,1
84319,38765,240926_ML.npy,2026-09-26,2026-09-26 10:38:29.551918,7C79B4,DA42,DIAMOND AIRCRAFT INDUSTRIES,DA 42,86f1b9246b933d3415700ddf39e6f3d0e08b5b55b212f876e6a004a3b82f5e52,True,3
84321,38767,240926_ML.npy,2026-09-26,2026-09-26 10:38:30.470750,7C79B4,DA42,DIAMOND AIRCRAFT INDUSTRIES,DA 42,be6519c8d4a9a50da6f1a21975f20790ed0c3aae085f1aed53d5ad6ecfb5a5ac,True,2
84322,38768,240926_ML.npy,2026-09-26,2026-09-26 10:38:30.630949,7C79B4,DA42,DIAMOND AIRCRAFT INDUSTRIES,DA 42,c34280cdfef66c91d0b2064ba15cab09185a68ca0b98bd368f3305136563a68e,True,3
84324,38770,240926_ML.npy,2026-09-26,2026-09-26 11:30:15.376846,7C79B4,DA42,DIAMOND AIRCRAFT INDUSTRIES,DA 42,28a0e8b5fd24dd990ae3ca534c9af1cde6aad5ac1e3a7b2d847d05d0af548164,True,4
84325,38771,240926_ML.npy,2026-09-26,2026-09-26 11:30:15.386555,7C79B4,DA42,DIAMOND AIRCRAFT INDUSTRIES,DA 42,7934185df7ebe76430c1c2079a891d08247e6f7cbdcd73e05a0c2e77d0dedcc2,True,1
84327,38773,240926_ML.npy,2026-09-26,2026-09-26 11:30:21.223649,7C79B4,DA42,DIAMOND AIRCRAFT INDUSTRIES,DA 42,1931d8fe87aec40861b8064bf4ede754c0641795d49cc1fac2a92f5d24ec051a,True,4
84329,38775,240926_ML.npy,2026-09-26,2026-09-26 11:30:24.777488,7C79B4,DA42,DIAMOND AIRCRAFT INDUSTRIES,DA 42,b873625d988704a400b1b3155b6dceb4e0ab3b694da2e4d58b89c2f981f5f17b,True,5
84330,38776,240926_ML.npy,2026-09-26,2026-09-26 11:30:25.360721,7C79B4,DA42,DIAMOND AIRCRAFT INDUSTRIES,DA 42,80090aa521432a024b43a445cd0eaf0818535865c12d1414c4684a5754a3dab1,True,1
84331,38777,240926_ML.npy,2026-09-26,2026-09-26 11:30:26.807188,7C79B4,DA42,DIAMOND AIRCRAFT INDUSTRIES,DA 42,7f0179bf0e8321783a6d3c4a2aceb6693768ed3bc3edd6903936eabedf1bc8c7,True,3
84333,38779,240926_ML.npy,2026-09-26,2026-09-26 11:30:27.299098,7C79B4,DA42,DIAMOND AIRCRAFT INDUSTRIES,DA 42,ac3bb5ea0ebe7b33787c7675e3fd7352176eb38d9f6ad9df93bc69ddcba1673e,True,5
84334,38780,240926_ML.npy,2026-09-26,2026-09-26 11:30:27.747943,7C79B4,DA42,DIAMOND AIRCRAFT INDUSTRIES,DA 42,05b4075a5d44aa56ff8cff9e463ac27d4692502bfe4b3b566c472ce8acb4867e,True,3
84340,38786,240926_ML.npy,2026-09-26,2026-09-26 11:30:33.859960,7C79B4,DA42,DIAMOND AIRCRAFT INDUSTRIES,DA 42,1de182c9f65544cff334d53d59ece6824d580d18a4965de52452ca06aad78abd,True,1
84341,38787,240926_ML.npy,2026-09-26,2026-09-26 11:30:35.512475,7C79B4,DA42,DIAMOND AIRCRAFT INDUSTRIES,DA 42,be16e980b138ab74f14cf1c993e29d2f16988f448508846b57afa570e4f85c79,True,1
84342,38788,240926_ML.npy,2026-09-26,2026-09-26 11:30:35.516042,7C79B4,DA42,DIAMOND AIRCRAFT INDUSTRIES,DA 42,8d284b5992e82ffaf506be3db988954ea65486797622e961bc9d6363e670b9b5,True,3
84343,38789,240926_ML.npy,2026-09-26,2026-09-26 11:30:38.211131,7C79B4,DA42,DIAMOND AIRCRAFT INDUSTRIES,DA 42,d5cf7dff51fa118c0e9f801a97579b5b9792f410419e4438e563e819ffdced3b,True,1
84344,38790,240926_ML.npy,2026-09-26,2026-09-26 11:30:38.504267,7C79B4,DA42,DIAMOND AIRCRAFT INDUSTRIES,DA 42,b873625d988704a400b1b3155b6dceb4e0ab3b694da2e4d58b89c2f981f5f17b,True,3
84346,38792,240926_ML.npy,2026-09-26,2026-09-26 11:30:40.169766,7C79B4,DA42,DIAMOND AIRCRAFT INDUSTRIES,DA 42,1f93d82b6c0d96b767f7c6e6586b4923b05c978d4dbf75a53d443cc9101bbed9,True,3
84348,38794,240926_ML.npy,2026-09-26,2026-09-26 11:30:42.560337,7C79B4,DA42,DIAMOND AIRCRAFT INDUSTRIES,DA 42,ed9b8c4734fca3e494dea2ef97152123696db8563df8e33fb0365e5414623706,True,4
84352,38798,240926_ML.npy,2026-09-26,2026-09-26 11:30:43.460564,7C79B4,DA42,DIAMOND AIRCRAFT INDUSTRIES,DA 42,b873625d988704a400b1b3155b6dceb4e0ab3b694da2e4d58b89c2f981f5f17b,True,5
84353,38799,240926_ML.npy,2026-09-26,2026-09-26 11:30:45.062927,7C79B4,DA42,DIAMOND AIRCRAFT INDUSTRIES,DA 42,76316d9ce0c021b10e5954246027599631c4df22a0a0bc0004dacdcf4ec7b1ba,True,5
84354,38800,240926_ML.npy,2026-09-26,2026-09-26 11:30:45.223720,7C79B4,DA42,DIAMOND AIRCRAFT INDUSTRIES,DA 42,80090aa521432a024b43a445cd0eaf0818535865c12d1414c4684a5754a3dab1,True,1
84355,38801,240926_ML.npy,2026-09-26,2026-09-26 11:30:48.167873,7C79B4,DA42,DIAMOND AIRCRAFT INDUSTRIES,DA 42,9cba7605f1df34affeb10e8c8d12d69c81718e614b2d1f8fa1588e53d927cbe5,True,3
84356,38802,240926_ML.npy,2026-09-26,2026-09-26 11:30:49.657070,7C79B4,DA42,DIAMOND AIRCRAFT INDUSTRIES,DA 42,b873625d988704a400b1b3155b6dceb4e0ab3b694da2e4d58b89c2f981f5f17b,True,5
84358,38804,240926_ML.npy,2026-09-26,2026-09-26 11:30:50.776853,7C79B4,DA42,DIAMOND AIRCRAFT INDUSTRIES,DA 42,a31fcc2c627e78607211dd872c90ce6592fbd34c62ec344bad17c2bc67d5bd51,True,1
84359,38805,240926_ML.npy,2026-09-26,2026-09-26 11:31:01.205467,7C79B4,DA42,DIAMOND AIRCRAFT INDUSTRIES,DA 42,86259686f66962b416f934354914aa5f063642433cb669a756ab85986f0a9e7e,True,5
84403,38849,240926_ML.npy,2026-09-26,2026-09-26 12:22:18.062619,7C79B4,DA42,DIAMOND AIRCRAFT INDUSTRIES,DA 42,761905be6e691d75262417edcfb540da05955957beb05193d34c915672db33f1,True,3
84460,38906,240926_ML.npy,2026-09-26,2026-09-26 12:52:58.249624,7C79B4,DA42,DIAMOND AIRCRAFT INDUSTRIES,DA 42,d1737c45e21bfb870de030ed1bc81420fa93b9c20f9ab239a0671076e46a218b,True,1
84461,38907,240926_ML.npy,2026-09-26,2026-09-26 12:52:58.256019,7C79B4,DA42,DIAMOND AIRCRAFT INDUSTRIES,DA 42,0e395f44c2bd1f3c04f6b6a7c799f9781f03fa85cdf6f23d701d3ad3bf3ef757,True,1
84462,38908,240926_ML.npy,2026-09-26,2026-09-26 12:52:59.303223,7C79B4,DA42,DIAMOND AIRCRAFT INDUSTRIES,DA 42,d8c7b95980b60588251f6af390ffb4405ac30b88a3479bc951f14f334eb0077e,True,1
84463,38909,240926_ML.npy,2026-09-26,2026-09-26 12:53:06.336185,7C79B4,DA42,DIAMOND AIRCRAFT INDUSTRIES,DA 42,a7dc7a5bf32b5ece59e57ca83aab43d6888c387c62f6de3fd2901dd231b8d865,True,3
84464,38910,240926_ML.npy,2026-09-26,2026-09-26 12:53:06.473025,7C79B4,DA42,DIAMOND AIRCRAFT INDUSTRIES,DA 42,70ecc10007136614fd068b92697df341b9bc33205dd2c92bc9cf6d9d67bd8f56,True,3
84465,38911,240926_ML.npy,2026-09-26,2026-09-26 12:53:06.925186,7C79B4,DA42,DIAMOND AIRCRAFT INDUSTRIES,DA 42,55f4a34b021204dfa92b085e0c9560b0d4f370e2909898024c6e6323611a6236,True,5
84467,38913,240926_ML.npy,2026-09-26,2026-09-26 12:53:07.707517,7C79B4,DA42,DIAMOND AIRCRAFT INDUSTRIES,DA 42,70ecc10007136614fd068b92697df341b9bc33205dd2c92bc9cf6d9d67bd8f56,True,5
84469,38915,240926_ML.npy,2026-09-26,2026-09-26 12:53:08.531965,7C79B4,DA42,DIAMOND AIRCRAFT INDUSTRIES,DA 42,04727c20525e0657d88cd7848a7a7828bc1f95a2e45ed8ee5ed9b5cc85768d6d,True,3
84472,38918,240926_ML.npy,2026-09-26,2026-09-26 12:53:22.777382,7C79B4,DA42,DIAMOND AIRCRAFT INDUSTRIES,DA 42,dc505293f4f1b8dce034329bdaf3c40fc40d808a0696b44a82771424825cb8fe,True,3
84473,38919,240926_ML.npy,2026-09-26,2026-09-26 12:53:23.127206,7C79B4,DA42,DIAMOND AIRCRAFT INDUSTRIES,DA 42,76316d9ce0c021b10e5954246027599631c4df22a0a0bc0004dacdcf4ec7b1ba,True,1
84474,38920,240926_ML.npy,2026-09-26,2026-09-26 12:53:23.376070,7C79B4,DA42,DIAMOND AIRCRAFT INDUSTRIES,DA 42,b833516f4aab4cf5b4b6a9539b87c6ca4e937df71abb6ccda31709ad219830ea,True,2
84477,38923,240926_ML.npy,2026-09-26,2026-09-26 12:53:27.237936,7C79B4,DA42,DIAMOND AIRCRAFT INDUSTRIES,DA 42,ec134da099fb0640e992f9614e6cddd43144654aa5e100bd9abebb078033aca7,True,3
84482,38928,240926_ML.npy,2026-09-26,2026-09-26 12:53:34.906011,7C79B4,DA42,DIAMOND AIRCRAFT INDUSTRIES,DA 42,5afa8102cc73fd52e017e53e329390d11efdc4a268e62e942b17e4a45255a3d1,True,3
84486,38932,240926_ML.npy,2026-09-26,2026-09-26 12:53:37.991405,7C79B4,DA42,DIAMOND AIRCRAFT INDUSTRIES,DA 42,c5e077ec66646608c839574af9f63d82294a0e498642e8ce55a04258e1fea2f1,True,1
84488,38934,240926_ML.npy,2026-09-26,2026-09-26 12:53:39.061002,7C79B4,DA42,DIAMOND AIRCRAFT INDUSTRIES,DA 42,49d5f673249b5e2023fb95f1b9fe779a3d3a480ac5d04685a2cbf6a8fe4385c1,True,5
84490,38936,240926_ML.npy,2026-09-26,2026-09-26 12:53:39.999267,7C79B4,DA42,DIAMOND AIRCRAFT INDUSTRIES,DA 42,cdbb0d3c2aab78ecfbc7c1b2ea7e61b3a24d3561d24fd50066858e365218356f,True,3
84491,38937,240926_ML.npy,2026-09-26,2026-09-26 12:53:40.006101,7C79B4,DA42,DIAMOND AIRCRAFT INDUSTRIES,DA 42,30d4d3bc29361637a438b592295177e564cc07fcbaf7aff9a236720a2cef41cf,True,5
84492,38938,240926_ML.npy,2026-09-26,2026-09-26 12:53:42.392309,7C79B4,DA42,DIAMOND AIRCRAFT INDUSTRIES,DA 42,5afa8102cc73fd52e017e53e329390d11efdc4a268e62e942b17e4a45255a3d1,True,2
84493,38939,240926_ML.npy,2026-09-26,2026-09-26 12:53:42.901048,7C79B4,DA42,DIAMOND AIRCRAFT INDUSTRIES,DA 42,113fe77c1f2ebcc248ea81bf1f9c25a93938cbf60f9275689134465ee6343d29,True,1
84494,38940,240926_ML.npy,2026-09-26,2026-09-26 12:53:42.912328,7C79B4,DA42,DIAMOND AIRCRAFT INDUSTRIES,DA 42,2cbb53c16cb1cecb431736acd893767f6b9ab9a13285e96bad8399cdd72f4c5b,True,5
84495,38941,240926_ML.npy,2026-09-26,2026-09-26 12:53:44.951548,7C79B4,DA42,DIAMOND AIRCRAFT INDUSTRIES,DA 42,06920240a231f3be6be14911f93a3c9c18ac1f6506b01c7051cfb2b716ad7430,True,1
84499,38945,240926_ML.npy,2026-09-26,2026-09-26 12:53:49.538144,7C79B4,DA42,DIAMOND AIRCRAFT INDUSTRIES,DA 42,dcdad7db015693f289a7212cdac91d8dae4d44066239f5493aa0d56b655b9a6b,True,3
84501,38947,240926_ML.npy,2026-09-26,2026-09-26 12:53:51.037532,7C79B4,DA42,DIAMOND AIRCRAFT INDUSTRIES,DA 42,5afa8102cc73fd52e017e53e329390d11efdc4a268e62e942b17e4a45255a3d1,True,3
84503,38949,240926_ML.npy,2026-09-26,2026-09-26 12:53:54.264769,7C79B4,DA42,DIAMOND AIRCRAFT INDUSTRIES,DA 42,d1c12325d2cd7802fb58c99f7685f393a3effa974ecb7e355865161e50278f1e,True,3
84504,38950,240926_ML.npy,2026-09-26,2026-09-26 12:53:56.674835,7C79B4,DA42,DIAMOND AIRCRAFT INDUSTRIES,DA 42,232e8d3e2d37cb31feb441e03fc29b05140e0c4aafccbb7e44c45b377605468b,True,2
84506,38952,240926_ML.npy,2026-09-26,2026-09-26 12:53:57.199926,7C79B4,DA42,DIAMOND AIRCRAFT INDUSTRIES,DA 42,1ffdf52096a98ac2f548c846910de44d79ce2fb606e743acf9a1f7521eb317ba,True,5
84507,38953,240926_ML.npy,2026-09-26,2026-09-26 12:53:57.205533,7C79B4,DA42,DIAMOND AIRCRAFT INDUSTRIES,DA 42,4bd9b0a52be6c6a0d4b6f0f4ccb98ed5eb2a59109e4abb33e89d6352e652cd77,True,1
84509,38955,240926_ML.npy,2026-09-26,2026-09-26 12:53:58.228686,7C79B4,DA42,DIAMOND AIRCRAFT INDUSTRIES,DA 42,b65ebb98d0fdabf7840398cba528cda14544ab89505fc3cdbd8a689e95a20042,True,5
84511,38957,240926_ML.npy,2026-09-26,2026-09-26 12:54:02.352420,7C79B4,DA42,DIAMOND AIRCRAFT INDUSTRIES,DA 42,f0923fa7346ddf0d1e0f41f62bca896b467d8dc6159e0bccc71ce6b9d5116b2c,True,2
84516,38962,240926_ML.npy,2026-09-26,2026-09-26 12:54:08.561041,7C79B4,DA42,DIAMOND AIRCRAFT INDUSTRIES,DA 42,5afa8102cc73fd52e017e53e329390d11efdc4a268e62e942b17e4a45255a3d1,True,1
84518,38964,240926_ML.npy,2026-09-26,2026-09-26 12:54:42.475619,7C79B4,DA42,DIAMOND AIRCRAFT INDUSTRIES,DA 42,74e47b806b8a7cf37a827d3851bc94abb3c14288b6c1ec0d8f159c17becaee12,True,5
84521,38967,240926_ML.npy,2026-09-26,2026-09-26 12:54:46.803781,7C79B4,DA42,DIAMOND AIRCRAFT INDUSTRIES,DA 42,3d9f7c6e2ce85baf13c39a89630d6e66dbb586e6dbfff32ce0539ab7e2c0a7e8,True,3
84522,38968,240926_ML.npy,2026-09-26,2026-09-26 12:54:47.245228,7C79B4,DA42,DIAMOND AIRCRAFT INDUSTRIES,DA 42,e1346312d945a395bba296a7eb157c1f37fec112b7f6e2f0b14a1da280905a75,True,3
84523,38969,240926_ML.npy,2026-09-26,2026-09-26 12:54:47.251368,7C79B4,DA42,DIAMOND AIRCRAFT INDUSTRIES,DA 42,0247e3085749fe88b2b3078b299e559397d8b3728ea78a696d68853e4572678f,True,4
84524,38970,240926_ML.npy,2026-09-26,2026-09-26 12:54:48.198094,7C79B4,DA42,DIAMOND AIRCRAFT INDUSTRIES,DA 42,3d880813b97aa4165220a78f112ac1cdaa8faa2a2ffb45ac45ad16a73c6db1b6,True,5
84564,39010,240926_ML.npy,2026-09-26,2026-09-26 21:45:04.869003,7C6693,DA40,DIAMOND AIRCRAFT INDUSTRIES INC.,DA 40,c01d97b5c6f54e09ece0a2df979cd8ef9d1042af00d4c928c6b13657b74e6cee,True,1
84570,39016,240926_ML.npy,2026-09-26,2026-09-26 21:46:27.670103,7C6693,DA40,DIAMOND AIRCRAFT INDUSTRIES INC.,DA 40,646c3bc87ec71206ee89719f0c004c6022514d1f867a1175a888452c21ad022e,True,5
84577,39023,240926_ML.npy,2026-09-26,2026-09-26 23:15:36.112561,7C444D,P28A,PIPER AIRCRAFT CORP,PA-28-181,ecf24cc41e76b4ee87815582d14097f45dc9d0eb29ab5e7c4128f0fa5d23b881,True,4
84578,39024,240926_ML.npy,2026-09-26,2026-09-26 23:15:56.034573,7C444D,P28A,PIPER AIRCRAFT CORP,PA-28-181,da57fdd3a7807203e5b73c89f5df46ba41f2b6d54c94eaf1fa6863263fd64c48,True,3
84579,39025,240926_ML.npy,2026-09-26,2026-09-26 23:15:58.334023,7C444D,P28A,PIPER AIRCRAFT CORP,PA-28-181,df0c54698c50d55b80b49ef7f9966745e766c0a74a9c415580f41e344087dad8,True,1
84580,39026,240926_ML.npy,2026-09-26,2026-09-26 23:16:01.877208,7C444D,P28A,PIPER AIRCRAFT CORP,PA-28-181,c99f927714e30d1c1a507caeeb043e10c06e7f3e28cede1337a2ae90b8e851ef,True,1
84581,39027,240926_ML.npy,2026-09-26,2026-09-26 23:16:06.126406,7C444D,P28A,PIPER AIRCRAFT CORP,PA-28-181,908b11253f3f2d1356c5d913e4f578dba99dc33aa4f9db48a5d1723dd18b9f9a,True,2
84582,39028,240926_ML.npy,2026-09-26,2026-09-26 23:16:11.511104,7C444D,P28A,PIPER AIRCRAFT CORP,PA-28-181,0a712d93c3b436632b6313eca8379ae14858b33e3b9968582f2fdcbbff01ea49,True,3
84583,39029,240926_ML.npy,2026-09-26,2026-09-26 23:16:15.576163,7C444D,P28A,PIPER AIRCRAFT CORP,PA-28-181,bdbea92283397c39fbb177d0e95a1912f7416a11383c2ccf93c282201996d94c,True,4
84584,39030,240926_ML.npy,2026-09-26,2026-09-26 23:16:15.686021,7C444D,P28A,PIPER AIRCRAFT CORP,PA-28-181,1b56620cfaf1c4872229a2de8cd420d9a349969775ad1f03f959ef8d2ac4c993,True,1
84585,39031,240926_ML.npy,2026-09-26,2026-09-26 23:16:18.093922,7C444D,P28A,PIPER AIRCRAFT CORP,PA-28-181,43c5f304fa09546d92d74c272a5912726940fe2c0d852f899143622e29d4aa25,True,5
84586,39032,240926_ML.npy,2026-09-26,2026-09-26 23:16:24.668901,7C444D,P28A,PIPER AIRCRAFT CORP,PA-28-181,343efc53b90b7ada4d2c8d2b1c7aad604db07b366151daaa4cc6626b5c177b1c,True,2
84587,39033,240926_ML.npy,2026-09-26,2026-09-26 23:16:44.506691,7C444D,P28A,PIPER AIRCRAFT CORP,PA-28-181,d8ca3e90afb3bc1d4dca52ed572384b0662a75fc6da6c43081f935eb45116e9f,True,5
84588,39034,240926_ML.npy,2026-09-26,2026-09-26 23:16:45.173274,7C444D,P28A,PIPER AIRCRAFT CORP,PA-28-181,96fc43e45fd50970e0edea7062d845fd45328efeb497837c073c635666ddf9ee,True,5
84589,39035,240926_ML.npy,2026-09-26,2026-09-26 23:16:49.217596,7C444D,P28A,PIPER AIRCRAFT CORP,PA-28-181,1b8ae86c281a457b4df9f6b7f7e4710b56d1c621dc4e1776904adfe60e4f04ae,True,5
84590,39036,240926_ML.npy,2026-09-26,2026-09-26 23:16:49.549046,7C444D,P28A,PIPER AIRCRAFT CORP,PA-28-181,56076d51bf26c1a8ed53976f89143fe3ef53135f0d801cf478c163ef6316cf11,True,1
84591,39037,240926_ML.npy,2026-09-26,2026-09-26 23:16:52.005031,7C444D,P28A,PIPER AIRCRAFT CORP,PA-28-181,d8ca3e90afb3bc1d4dca52ed572384b0662a75fc6da6c43081f935eb45116e9f,True,2
84592,39038,240926_ML.npy,2026-09-26,2026-09-26 23:16:55.775827,7C444D,P28A,PIPER AIRCRAFT CORP,PA-28-181,66a666b8d3b87876b4f785822f6e8428124d59be6ad339dbcebbf89abf4f065c,True,2
84593,39039,240926_ML.npy,2026-09-26,2026-09-26 23:16:55.880142,7C444D,P28A,PIPER AIRCRAFT CORP,PA-28-181,56b0fd46cbb16f9dd2b3bd8f03c04033bf560be90debfea91a04d16f9ad2b5cc,True,2
84594,39040,240926_ML.npy,2026-09-26,2026-09-26 23:16:57.337939,7C444D,P28A,PIPER AIRCRAFT CORP,PA-28-181,bad296a6ec6e5c07d701b60a92b71f6f3d36ee88da43f27fc35de971de77312a,True,3
84595,39041,240926_ML.npy,2026-09-26,2026-09-26 23:16:58.931142,7C444D,P28A,PIPER AIRCRAFT CORP,PA-28-181,b8056c81955e5602d6a103e433ec6d66caf708634e5b6eb6d34512899684805c,True,5
84596,39042,240926_ML.npy,2026-09-26,2026-09-26 23:16:59.843487,7C444D,P28A,PIPER AIRCRAFT CORP,PA-28-181,48faf17f0c3e0057ed6d73384de8f6a4bb32754db8d17898c4cd84f8516e2d45,True,1
84597,39043,240926_ML.npy,2026-09-26,2026-09-26 23:17:00.909240,7C444D,P28A,PIPER AIRCRAFT CORP,PA-28-181,71b320ff515dd73f54caa4f9d8fe20fa65c9c52d70871c5ea767ebf4d4b309ef,True,1
84598,39044,240926_ML.npy,2026-09-26,2026-09-26 23:17:02.344759,7C444D,P28A,PIPER AIRCRAFT CORP,PA-28-181,eb4d76b5403e63249ac9d070e515fc0e95112318335eab3701d8b0b0ade6a0b9,True,1
84599,39045,240926_ML.npy,2026-09-26,2026-09-26 23:17:02.764833,7C444D,P28A,PIPER AIRCRAFT CORP,PA-28-181,b41518a8b879f3e0cdf323a8bb4f7a866c68a7cf88150088f324c7b2d1939a65,True,4
84600,39046,240926_ML.npy,2026-09-26,2026-09-26 23:17:04.136347,7C444D,P28A,PIPER AIRCRAFT CORP,PA-28-181,9e8b1af809367adb5ef518c76ef42dfe0200c9dc1563d1a0ac64971c0ede1a5f,True,2
84601,39047,240926_ML.npy,2026-09-26,2026-09-26 23:17:04.402558,7C444D,P28A,PIPER AIRCRAFT CORP,PA-28-181,dd966b9aab8c780f18700e0d54ce1a443039f047c4f213081d1137f815fae0c6,True,3
84602,39048,240926_ML.npy,2026-09-26,2026-09-26 23:17:04.625362,7C444D,P28A,PIPER AIRCRAFT CORP,PA-28-181,3b1e48ada6b7d8f79e86544d1daa0b230d08c1e04b39415554cf7df5e495019b,True,3
84603,39049,240926_ML.npy,2026-09-26,2026-09-26 23:17:05.328337,7C444D,P28A,PIPER AIRCRAFT CORP,PA-28-181,37f46d62f462b3771e8f887f5824198b636c5367f9cce6392ab149f178bfcc58,True,4
84604,39050,240926_ML.npy,2026-09-26,2026-09-26 23:17:07.375369,7C444D,P28A,PIPER AIRCRAFT CORP,PA-28-181,e1cf91cb5e6df27b8dce26be669eb928e0b7cfe28f03a4b34c1112c02fdaeb5c,True,4
84605,39051,240926_ML.npy,2026-09-26,2026-09-26 23:17:09.981388,7C444D,P28A,PIPER AIRCRAFT CORP,PA-28-181,9f4dbc1b4ea3018afbeae5e26234d1de32df7c086091be23267ea9f0b270954c,True,1
84606,39052,240926_ML.npy,2026-09-26,2026-09-26 23:17:11.885075,7C444D,P28A,PIPER AIRCRAFT CORP,PA-28-181,ae958cf96a57a89f910a15fed6ded6cd5ce8d0840252191631a41454eb1b23f3,True,1
84607,39053,240926_ML.npy,2026-09-26,2026-09-26 23:17:12.300408,7C444D,P28A,PIPER AIRCRAFT CORP,PA-28-181,789c45df44211eee085ba2f618453ef41c5b03deb6f783daa294d4c7f3981181,True,5
84608,39054,240926_ML.npy,2026-09-26,2026-09-26 23:17:12.754788,7C444D,P28A,PIPER AIRCRAFT CORP,PA-28-181,f85bfc3228da5c7de0d6f3360f9d895749579c362ba9280cd054e039734a162c,True,2
84609,39055,240926_ML.npy,2026-09-26,2026-09-26 23:17:18.249669,7C444D,P28A,PIPER AIRCRAFT CORP,PA-28-181,ee9f7541691c9b2c46f772901cd465405b89f10248a179b26dc9eead5d9003ae,True,4
84610,39056,240926_ML.npy,2026-09-26,2026-09-26 23:17:22.246393,7C444D,P28A,PIPER AIRCRAFT CORP,PA-28-181,a4316accc880b9df312e3bb8e544cfa965e522716ef67e803fa02ac139c1972c,True,1
84611,39057,240926_ML.npy,2026-09-26,2026-09-26 23:17:23.268503,7C444D,P28A,PIPER AIRCRAFT CORP,PA-28-181,90a177ebbe859ed4fa74180ed8f12619153edb2b47eb5ac1ca6de92d07b290fc,True,4
84612,39058,240926_ML.npy,2026-09-26,2026-09-26 23:17:30.671581,7C444D,P28A,PIPER AIRCRAFT CORP,PA-28-181,1cce7c33f823453f354c64c1783baa831fa2cf3603b21cbc558529270883c899,True,1
84613,39059,240926_ML.npy,2026-09-26,2026-09-26 23:17:54.906314,7C444D,P28A,PIPER AIRCRAFT CORP,PA-28-181,a7241fae0379baf3d4b7cbd3425204a41bf11ac721b0f72834c207348ef14085,True,1
84614,39060,240926_ML.npy,2026-09-26,2026-09-26 23:17:58.849129,7C444D,P28A,PIPER AIRCRAFT CORP,PA-28-181,d29da550357e82204ded264d45646fed207adee4b14fd23899ddb86cc15777af,True,1
84615,39061,240926_ML.npy,2026-09-26,2026-09-26 23:17:59.656663,7C444D,P28A,PIPER AIRCRAFT CORP,PA-28-181,247342c5d5d3e24dafe8a2e52abe9c1fa3a99f869c5f13d9470aaadf343f0f6c,True,5
84616,39062,240926_ML.npy,2026-09-26,2026-09-26 23:18:06.425646,7C444D,P28A,PIPER AIRCRAFT CORP,PA-28-181,1bad66f07f5b24af7164b7128f429795cac26ddc55c136ed1788010295f896b4,True,4
84617,39063,240926_ML.npy,2026-09-26,2026-09-26 23:18:06.467637,7C444D,P28A,PIPER AIRCRAFT CORP,PA-28-181,d8ca3e90afb3bc1d4dca52ed572384b0662a75fc6da6c43081f935eb45116e9f,True,3
84618,39064,240926_ML.npy,2026-09-26,2026-09-26 23:18:11.716593,7C444D,P28A,PIPER AIRCRAFT CORP,PA-28-181,48372548978b6388bec43a996339b197299f5fb17d6d2508cc2d8745929ea04e,True,2
84619,39065,240926_ML.npy,2026-09-26,2026-09-26 23:18:16.887708,7C444D,P28A,PIPER AIRCRAFT CORP,PA-28-181,cdafd4aeb1b36f4b36ac926bdb3c8e1784b25bdda001f20dd00058d02ffbe2df,True,4
84620,39066,240926_ML.npy,2026-09-26,2026-09-26 23:18:36.585761,7C444D,P28A,PIPER AIRCRAFT CORP,PA-28-181,d565df591220809a9c773348e3bf21b187c34782b03de5f89bc86ab5482e45b8,True,4
84621,39067,240926_ML.npy,2026-09-26,2026-09-26 23:18:36.903912,7C444D,P28A,PIPER AIRCRAFT CORP,PA-28-181,c045361c5b6b4b683fdce63d21a9a79abfa1e518dc3d9b75d6c068e250c303fb,True,3
84622,39068,240926_ML.npy,2026-09-26,2026-09-26 23:18:39.014696,7C444D,P28A,PIPER AIRCRAFT CORP,PA-28-181,d8ca3e90afb3bc1d4dca52ed572384b0662a75fc6da6c43081f935eb45116e9f,True,1
84623,39069,240926_ML.npy,2026-09-26,2026-09-26 23:21:05.339193,7C444D,P28A,PIPER AIRCRAFT CORP,PA-28-181,1e0f777c95c9ec05eff394475c9eed3cf0c3afbc92635674848309c1bd6dc70f,True,3
84624,39070,240926_ML.npy,2026-09-26,2026-09-26 23:21:05.847227,7C444D,P28A,PIPER AIRCRAFT CORP,PA-28-181,0a712d93c3b436632b6313eca8379ae14858b33e3b9968582f2fdcbbff01ea49,True,5
84625,39071,240926_ML.npy,2026-09-26,2026-09-26 23:21:06.410928,7C444D,P28A,PIPER AIRCRAFT CORP,PA-28-181,a14990a595a43a4e001e6ab25ddb0167b731e874306f95d342eb5839c5d70fc0,True,4
84626,39072,240926_ML.npy,2026-09-26,2026-09-26 23:21:06.952908,7C444D,P28A,PIPER AIRCRAFT CORP,PA-28-181,08d83955102e99f5a955fbba1956bc830b7d92d0524e2aba54f5823f9a49d75e,True,5
84627,39073,240926_ML.npy,2026-09-26,2026-09-26 23:21:07.786589,7C444D,P28A,PIPER AIRCRAFT CORP,PA-28-181,f2a0aae481c0b7ee8440fe6f7cc18a0c64cf1c824ab03beb7cb8a8c698386bdb,True,4
84628,39074,240926_ML.npy,2026-09-26,2026-09-26 23:21:10.649540,7C444D,P28A,PIPER AIRCRAFT CORP,PA-28-181,a5d132efa3da9e180a59cba2d84d0cc0c8d56396d054cc135c1f6e031af13588,True,3
84629,39075,240926_ML.npy,2026-09-26,2026-09-26 23:21:11.769869,7C444D,P28A,PIPER AIRCRAFT CORP,PA-28-181,ba206ed8fba25048d66e57e443d6ae164cdb870bcbd517fd6072435b723c4c10,True,4
84630,39076,240926_ML.npy,2026-09-26,2026-09-26 23:21:12.187841,7C444D,P28A,PIPER AIRCRAFT CORP,PA-28-181,6d2bce084f5e9a67f530bbe0911c2a7b873580b75d6a9951576fdae566211613,True,5
84631,39077,240926_ML.npy,2026-09-26,2026-09-26 23:21:12.635837,7C444D,P28A,PIPER AIRCRAFT CORP,PA-28-181,cba63a62e93f02c99df9f92e5b6a3e758075fef7a2e96e892736cf46bc61f556,True,1
84632,39078,240926_ML.npy,2026-09-26,2026-09-26 23:21:13.801763,7C444D,P28A,PIPER AIRCRAFT CORP,PA-28-181,f6987d2f4867ac251a309391454fe892b2a679647eac91b71cb661a07b2c3e33,True,2
84633,39079,240926_ML.npy,2026-09-26,2026-09-26 23:21:14.273039,7C444D,P28A,PIPER AIRCRAFT CORP,PA-28-181,d8ca3e90afb3bc1d4dca52ed572384b0662a75fc6da6c43081f935eb45116e9f,True,3
84634,39080,240926_ML.npy,2026-09-26,2026-09-26 23:21:14.609761,7C444D,P28A,PIPER AIRCRAFT CORP,PA-28-181,ff470eb9bb8eb1db8617e6614347459e244d87040ebd31f73629e98518beda63,True,4
84635,39081,240926_ML.npy,2026-09-26,2026-09-26 23:21:14.795263,7C444D,P28A,PIPER AIRCRAFT CORP,PA-28-181,fdf22a684f1c849486bee7c2980c8a5246c591174450ef6f68cac7135ad083e9,True,2
84636,39082,240926_ML.npy,2026-09-26,2026-09-26 23:21:15.949369,7C444D,P28A,PIPER AIRCRAFT CORP,PA-28-181,0a712d93c3b436632b6313eca8379ae14858b33e3b9968582f2fdcbbff01ea49,True,2
84637,39083,240926_ML.npy,2026-09-26,2026-09-26 23:21:17.512754,7C444D,P28A,PIPER AIRCRAFT CORP,PA-28-181,63790247a1bc747ef7ec8a3b0626eec196389e09bf897ae1c990f192233467ec,True,2
84638,39084,240926_ML.npy,2026-09-26,2026-09-26 23:21:19.534428,7C444D,P28A,PIPER AIRCRAFT CORP,PA-28-181,06d2552af4922ff752a3af008c176234f30c6490a23cd39901fbab0869f91eb5,True,2
84639,39085,240926_ML.npy,2026-09-26,2026-09-26 23:21:21.073632,7C444D,P28A,PIPER AIRCRAFT CORP,PA-28-181,a6ea5b7c448578e83d16603a5c32242a67ababc494088afe8566852a80ef72e7,True,4
84640,39086,240926_ML.npy,2026-09-26,2026-09-26 23:21:21.281562,7C444D,P28A,PIPER AIRCRAFT CORP,PA-28-181,f191ce9681e4d3bd04ddbf03ef3eed4909bd29f8f30b17c969a8d2d70f88212a,True,5
84641,39087,240926_ML.npy,2026-09-26,2026-09-26 23:21:22.505846,7C444D,P28A,PIPER AIRCRAFT CORP,PA-28-181,514af3c97d9d09520759d8da6787cf6b44c94fdf6b27bdd1453c09e6c0afc42d,True,4
84642,39088,240926_ML.npy,2026-09-26,2026-09-26 23:21:24.066969,7C444D,P28A,PIPER AIRCRAFT CORP,PA-28-181,36c929119d76f132d892cc3f67db3dac395801b16789cff965621e9c94430b65,True,2
84643,39089,240926_ML.npy,2026-09-26,2026-09-26 23:21:24.437349,7C444D,P28A,PIPER AIRCRAFT CORP,PA-28-181,5e51b0a9c0bfd431bfa9093cbab3116fb9b6b3d0c51624924359b4a2d943bf77,True,2
84644,39090,240926_ML.npy,2026-09-26,2026-09-26 23:21:24.993193,7C444D,P28A,PIPER AIRCRAFT CORP,PA-28-181,50ededa611e4aedbb9011a4fd1c922aa35850da9c8d3faa4fe0e7342dd6b74c0,True,4
84645,39091,240926_ML.npy,2026-09-26,2026-09-26 23:21:25.972989,7C444D,P28A,PIPER AIRCRAFT CORP,PA-28-181,0a712d93c3b436632b6313eca8379ae14858b33e3b9968582f2fdcbbff01ea49,True,4
84646,39092,240926_ML.npy,2026-09-26,2026-09-26 23:21:26.510914,7C444D,P28A,PIPER AIRCRAFT CORP,PA-28-181,d5b4e9bd20483cd3b88b79cf4246c36181a62e4a525cdba8c64a96f29fdb1349,True,5
84647,39093,240926_ML.npy,2026-09-26,2026-09-26 23:21:27.616224,7C444D,P28A,PIPER AIRCRAFT CORP,PA-28-181,b81b7e9cef778ceeb04e7983532ab865b590365985f74f1e6a14184172089982,True,1
84648,39094,240926_ML.npy,2026-09-26,2026-09-26 23:21:28.202163,7C444D,P28A,PIPER AIRCRAFT CORP,PA-28-181,98b51b290140b33a1d047a78468826bdb02a5d5717bd7f14d62b3cbf8abaf4c6,True,4
84649,39095,240926_ML.npy,2026-09-26,2026-09-26 23:21:30.211995,7C444D,P28A,PIPER AIRCRAFT CORP,PA-28-181,8f99b623c051919216cfcfc8a91fe68cb689a919afd97ea089e5ad7550b53771,True,3
84650,39096,240926_ML.npy,2026-09-26,2026-09-26 23:21:31.636023,7C444D,P28A,PIPER AIRCRAFT CORP,PA-28-181,d8ca3e90afb3bc1d4dca52ed572384b0662a75fc6da6c43081f935eb45116e9f,True,2
84651,39097,240926_ML.npy,2026-09-26,2026-09-26 23:22:00.583981,7C444D,P28A,PIPER AIRCRAFT CORP,PA-28-181,979cb2e9808e44b8da939b99a73963011b489c7b25743a822b44e4bd7f6ef374,True,2
84652,39098,240926_ML.npy,2026-09-26,2026-09-26 23:22:06.024467,7C444D,P28A,PIPER AIRCRAFT CORP,PA-28-181,8d26558e40a0333d27bc48f1a59cda0159e30c557b59bc5b7611676f3cd97d50,True,3
84653,39099,240926_ML.npy,2026-09-26,2026-09-26 23:22:10.401921,7C444D,P28A,PIPER AIRCRAFT CORP,PA-28-181,257f28624a4daddaba562c7ed148706dcee7f16cb80979387ac712f3c1b1c71b,True,1
84654,39100,240926_ML.npy,2026-09-26,2026-09-26 23:22:14.350538,7C444D,P28A,PIPER AIRCRAFT CORP,PA-28-181,aed0c4c60004d5d19e059eb059c9481c0e1a64b4df0bf9cb66da2b3eeb444997,True,4
84655,39101,240926_ML.npy,2026-09-26,2026-09-26 23:22:15.356855,7C444D,P28A,PIPER AIRCRAFT CORP,PA-28-181,77b98859d6108d83c3019c495bc3339c687263aded52a30985e4fb0c900a091d,True,2
84656,39102,240926_ML.npy,2026-09-26,2026-09-26 23:22:18.697728,7C444D,P28A,PIPER AIRCRAFT CORP,PA-28-181,8a0c423f1c11bdcdace4bc433cdfb4089a8491aef825ca85d93312178d0e911c,True,3
84657,39103,240926_ML.npy,2026-09-26,2026-09-26 23:22:23.255463,7C444D,P28A,PIPER AIRCRAFT CORP,PA-28-181,951e24c34ad31631a200c92ae6a563df7e09a177f1d4c88d901252b44b31b3b8,True,4
84658,39104,240926_ML.npy,2026-09-26,2026-09-26 23:22:24.782966,7C444D,P28A,PIPER AIRCRAFT CORP,PA-28-181,fe3c676525f31e7163425f0bfe9a8e780e9ab20545aa7f9bfbbecf3f485b64f8,True,3
84659,39105,240926_ML.npy,2026-09-26,2026-09-26 23:22:25.720309,7C444D,P28A,PIPER AIRCRAFT CORP,PA-28-181,11151b5aa94135c7d8e7aac64aaeec829c4ee4044e999946332927a7e214e22e,True,4
84660,39106,240926_ML.npy,2026-09-26,2026-09-26 23:22:28.180098,7C444D,P28A,PIPER AIRCRAFT CORP,PA-28-181,77c8cbc23307c35617ec43756954fa3ddb764058219ac56cdfdaa81eb7906326,True,2
84661,39107,240926_ML.npy,2026-09-26,2026-09-26 23:22:33.903250,7C444D,P28A,PIPER AIRCRAFT CORP,PA-28-181,8ffbee1a9ba27709d16c9e0a7f7b0bc7a51c7e55702c14b067736ae71d21dae6,True,4
84662,39108,240926_ML.npy,2026-09-26,2026-09-26 23:22:34.927046,7C444D,P28A,PIPER AIRCRAFT CORP,PA-28-181,398a121fb3c7aa511234375c4a975ca21a5239f56245f4f6c0736739465a0ec2,True,4
84663,39109,240926_ML.npy,2026-09-26,2026-09-26 23:22:37.612393,7C444D,P28A,PIPER AIRCRAFT CORP,PA-28-181,64f1c306a7713ec83d02f21e57f4f487c31a677b4827d4f780dbc5afd6ad786f,True,5
84664,39110,240926_ML.npy,2026-09-26,2026-09-26 23:22:38.794273,7C444D,P28A,PIPER AIRCRAFT CORP,PA-28-181,5f3bc9dcf2cfcb2a59ae3f7535664469f168aca46a076b1a1755b21322c4cb44,True,3
84665,39111,240926_ML.npy,2026-09-26,2026-09-26 23:22:39.009477,7C444D,P28A,PIPER AIRCRAFT CORP,PA-28-181,69fa286130b67d6c64c6d6d9a10296be24bf0450b529218070d6f32997c931c6,True,4
84666,39112,240926_ML.npy,2026-09-26,2026-09-26 23:23:00.633657,7C444D,P28A,PIPER AIRCRAFT CORP,PA-28-181,f65a7829c854b41995ffd66bb4659be25a9a98085bfafcd4e03945d0cbb3c986,True,2
84667,39113,240926_ML.npy,2026-09-26,2026-09-26 23:23:04.863002,7C444D,P28A,PIPER AIRCRAFT CORP,PA-28-181,e7d76c7dc15e438d68c923a580699e783f3b9c99385c0a037d97c617b5484c88,True,4
84668,39114,240926_ML.npy,2026-09-26,2026-09-26 23:23:41.431049,7C444D,P28A,PIPER AIRCRAFT CORP,PA-28-181,d8ca3e90afb3bc1d4dca52ed572384b0662a75fc6da6c43081f935eb45116e9f,True,5
84669,39115,240926_ML.npy,2026-09-26,2026-09-26 23:23:47.188210,7C444D,P28A,PIPER AIRCRAFT CORP,PA-28-181,df5fe40573bc7d94756997bb4ce234971c8c969f48a038387d107a033fce13c0,True,2
84670,39116,240926_ML.npy,2026-09-26,2026-09-26 23:23:51.598889,7C444D,P28A,PIPER AIRCRAFT CORP,PA-28-181,f7134297528aff7929f8dbdafb2da99fc11782de1f67f73f619e7317e1ebbd30,True,5
84671,39117,240926_ML.npy,2026-09-26,2026-09-26 23:23:52.147156,7C444D,P28A,PIPER AIRCRAFT CORP,PA-28-181,5be30969c71aec7907466de7a339c9690e8dabbdbf69667553caf2945b918d8b,True,2
84672,39118,240926_ML.npy,2026-09-26,2026-09-26 23:24:16.876142,7C444D,P28A,PIPER AIRCRAFT CORP,PA-28-181,cb4da85433b6cd54e1efe0fcedbe02b7b6651421feedeb7b45a46a6c0e58a8d3,True,4
84687,39133,240926_ML.npy,2026-09-26,2026-09-26 23:26:10.072578,7C444D,P28A,PIPER AIRCRAFT CORP,PA-28-181,223542cf45e53b441c7c0a9a32b0670594f6ca2db7543bd29f640c79218085c2,True,4
84688,39134,240926_ML.npy,2026-09-26,2026-09-26 23:26:10.996733,7C444D,P28A,PIPER AIRCRAFT CORP,PA-28-181,6c6d00807638f85cb14c663cc6e520ece1efc697fac49f5fd69b916a53c9da7e,True,4
84696,39142,240926_ML.npy,2026-09-26,2026-09-26 23:26:13.754530,7C444D,P28A,PIPER AIRCRAFT CORP,PA-28-181,9c3122e0603cea189c91284d5d2aeba6527b5ff9614f0a3ed0cee51ca978f90b,True,5
84698,39144,240926_ML.npy,2026-09-26,2026-09-26 23:26:13.944410,7C444D,P28A,PIPER AIRCRAFT CORP,PA-28-181,d8ca3e90afb3bc1d4dca52ed572384b0662a75fc6da6c43081f935eb45116e9f,True,3
84699,39145,240926_ML.npy,2026-09-26,2026-09-26 23:26:14.726191,7C444D,P28A,PIPER AIRCRAFT CORP,PA-28-181,549f24fcb1463882338f5318ca808fc795c08417b13002851420450e37906910,True,3
84700,39146,240926_ML.npy,2026-09-26,2026-09-26 23:26:16.219941,7C444D,P28A,PIPER AIRCRAFT CORP,PA-28-181,4db76aaf1294aa718ad451f10ebf365e588e744aa64c51675b6d66cddbec9525,True,4
84701,39147,240926_ML.npy,2026-09-26,2026-09-26 23:26:17.289674,7C444D,P28A,PIPER AIRCRAFT CORP,PA-28-181,55678584c079bdcb73c4789d9692ab7d853b27cfc169590a962d66ec09ad56c8,True,3
84702,39148,240926_ML.npy,2026-09-26,2026-09-26 23:26:17.749205,7C444D,P28A,PIPER AIRCRAFT CORP,PA-28-181,4c966773afe309250cad4ff4ebe28d478793acf7b488f4d8507b2b39d029104f,True,4
84704,39150,240926_ML.npy,2026-09-26,2026-09-26 23:26:21.868834,7C444D,P28A,PIPER AIRCRAFT CORP,PA-28-181,267afa060d06b43c425a2a29b9d9d1d85acb99d2d2cfd5cf0a43eb0df89a505f,True,4
84706,39152,240926_ML.npy,2026-09-26,2026-09-26 23:26:32.946501,7C444D,P28A,PIPER AIRCRAFT CORP,PA-28-181,76a4fa9c7156f85f42e7289faa01c4de5ce0e3f7d8044ad4b4f6d6a31e3a8c54,True,2
84707,39153,240926_ML.npy,2026-09-26,2026-09-26 23:26:57.009190,7C444D,P28A,PIPER AIRCRAFT CORP,PA-28-181,d3f6e99221b8347ae2b0f8c446d9ae13ecfae5c1381c4b18ef0bea539601b127,True,3
84708,39154,240926_ML.npy,2026-09-26,2026-09-26 23:27:05.346118,7C444D,P28A,PIPER AIRCRAFT CORP,PA-28-181,fa7a0c005af3afdc5522440a086ad67aedd943f7e614aadd2bc29aba52d03be9,True,4
84709,39155,240926_ML.npy,2026-09-26,2026-09-26 23:27:05.899677,7C444D,P28A,PIPER AIRCRAFT CORP,PA-28-181,1dc8c609c4e309055eb640b0e00eb00c9a7f79ae887d16385c8c62616a8c427b,True,4
84710,39156,240926_ML.npy,2026-09-26,2026-09-26 23:27:08.379730,7C444D,P28A,PIPER AIRCRAFT CORP,PA-28-181,7717b78f83de722e2bfa9db17c425ed2a5a3fe980637b353a97c82c41fdaaa32,True,5
84711,39157,240926_ML.npy,2026-09-26,2026-09-26 23:27:11.366747,7C444D,P28A,PIPER AIRCRAFT CORP,PA-28-181,6aea55e7198d5c3c717a8d8bce876da5d4bd859bd1933a5d8e569f10c74ab64c,True,1
84712,39158,240926_ML.npy,2026-09-26,2026-09-26 23:27:11.756620,7C444D,P28A,PIPER AIRCRAFT CORP,PA-28-181,bdbea92283397c39fbb177d0e95a1912f7416a11383c2ccf93c282201996d94c,True,2
84713,39159,240926_ML.npy,2026-09-26,2026-09-26 23:27:12.998299,7C444D,P28A,PIPER AIRCRAFT CORP,PA-28-181,1833c814071e9ce9ad802e40790531a85ca7a8f16e4329479bb9cb10bc9737ac,True,1
84714,39160,240926_ML.npy,2026-09-26,2026-09-26 23:27:14.913995,7C444D,P28A,PIPER AIRCRAFT CORP,PA-28-181,2d79b3655ab8cfe96dc5bda4aaa8d2225e3d86976b5b6f1b8f1ae1e2681572f7,True,4
84715,39161,240926_ML.npy,2026-09-26,2026-09-26 23:27:16.393610,7C444D,P28A,PIPER AIRCRAFT CORP,PA-28-181,c9a133084eec530cc06fab72a5610135075408b5b20211298523acb9ba6c17b1,True,5
84716,39162,240926_ML.npy,2026-09-26,2026-09-26 23:27:18.925215,7C444D,P28A,PIPER AIRCRAFT CORP,PA-28-181,85e0a8e70a225860677e3ece7a76f58f695f72f3e7ccf238c2030a8e233f63d6,True,2
84717,39163,240926_ML.npy,2026-09-26,2026-09-26 23:27:21.182957,7C444D,P28A,PIPER AIRCRAFT CORP,PA-28-181,0c2fe59bc9f1c28ae493b5668104c90dd88b4929fa19753ca633d10beceb9bf5,True,3
84718,39164,240926_ML.npy,2026-09-26,2026-09-26 23:27:21.606522,7C444D,P28A,PIPER AIRCRAFT CORP,PA-28-181,31335c5bbaaeb81085102003f1333466e74e8882fb6306eb43a3b6c9325c3f21,True,3
84719,39165,240926_ML.npy,2026-09-26,2026-09-26 23:27:21.619278,7C444D,P28A,PIPER AIRCRAFT CORP,PA-28-181,b818dc7662000308db45d8bf15035e29f8aa2eb4cf9878f976837603bf4e679f,True,5
84720,39166,240926_ML.npy,2026-09-26,2026-09-26 23:27:22.074010,7C444D,P28A,PIPER AIRCRAFT CORP,PA-28-181,42ef727f04024525e8346f2e4e923a33bab615862b6041e5eea6d0b8cb443f6b,True,2
84721,39167,240926_ML.npy,2026-09-26,2026-09-26 23:27:23.638043,7C444D,P28A,PIPER AIRCRAFT CORP,PA-28-181,ff6439be4d7fd45d52a839f14c703a77f6a88f972cfaf253307092d4576e86e1,True,4
84722,39168,240926_ML.npy,2026-09-26,2026-09-26 23:27:26.527589,7C444D,P28A,PIPER AIRCRAFT CORP,PA-28-181,d8ca3e90afb3bc1d4dca52ed572384b0662a75fc6da6c43081f935eb45116e9f,True,2
84723,39169,240926_ML.npy,2026-09-26,2026-09-26 23:27:26.993417,7C444D,P28A,PIPER AIRCRAFT CORP,PA-28-181,bdbea92283397c39fbb177d0e95a1912f7416a11383c2ccf93c282201996d94c,True,1
84724,39170,240926_ML.npy,2026-09-26,2026-09-26 23:27:27.547430,7C444D,P28A,PIPER AIRCRAFT CORP,PA-28-181,3165f4df96d55b9607d658664dfd6d9383cd197827c86c09b44eb6baa7552da9,True,1
84725,39171,240926_ML.npy,2026-09-26,2026-09-26 23:27:27.894901,7C444D,P28A,PIPER AIRCRAFT CORP,PA-28-181,30799d515eb2167b92029710eaddfb236b17bd3f716cdc2803cb2ce4aca16ce8,True,3
84726,39172,240926_ML.npy,2026-09-26,2026-09-26 23:27:30.578247,7C444D,P28A,PIPER AIRCRAFT CORP,PA-28-181,228722034fc737111ba7120ee93dad18a20c8d0349ec6bb63ef3a3f5309b4010,True,5
84727,39173,240926_ML.npy,2026-09-26,2026-09-26 23:27:30.990804,7C444D,P28A,PIPER AIRCRAFT CORP,PA-28-181,58a7662da796168d1951aed7de7afd785b42c32e1a026badf409ccf8870d94ff,True,2
84728,39174,240926_ML.npy,2026-09-26,2026-09-26 23:27:34.252015,7C444D,P28A,PIPER AIRCRAFT CORP,PA-28-181,6721743a62fad915149ec3edf0efe977af95b36f503d5e7baf0bb7761ea05124,True,2
84729,39175,240926_ML.npy,2026-09-26,2026-09-26 23:27:37.069075,7C444D,P28A,PIPER AIRCRAFT CORP,PA-28-181,bdbea92283397c39fbb177d0e95a1912f7416a11383c2ccf93c282201996d94c,True,1
84730,39176,240926_ML.npy,2026-09-26,2026-09-26 23:27:38.417103,7C444D,P28A,PIPER AIRCRAFT CORP,PA-28-181,09334f29d90785f8c262079976488502460ed4b654208df272e0aa0418ec615e,True,2
84731,39177,240926_ML.npy,2026-09-26,2026-09-26 23:27:40.370482,7C444D,P28A,PIPER AIRCRAFT CORP,PA-28-181,bf1662cbebfab71e90e8dfc3401861eb9fe34b481e5a8f6839d491daaad87bc9,True,4
84732,39178,240926_ML.npy,2026-09-26,2026-09-26 23:27:43.918104,7C444D,P28A,PIPER AIRCRAFT CORP,PA-28-181,215e1b1d632a5d58405a86f5557d60c3ac607f96ea30c168cc87507d7522b102,True,5
84733,39179,240926_ML.npy,2026-09-26,2026-09-26 23:27:44.775886,7C444D,P28A,PIPER AIRCRAFT CORP,PA-28-181,2d5c5e6de0babe5593a544e7d39e1f850f22b7b1a5f49df0e4d36177a02966f8,True,3
84734,39180,240926_ML.npy,2026-09-26,2026-09-26 23:27:50.330692,7C444D,P28A,PIPER AIRCRAFT CORP,PA-28-181,287b52a2512450e5397827e97080ed785a6c1eb690cfe648b16e63274a0906bc,True,5
84735,39181,240926_ML.npy,2026-09-26,2026-09-26 23:27:50.648147,7C444D,P28A,PIPER AIRCRAFT CORP,PA-28-181,6bdacbc610d53ea9f8fd4cecca12a16aed7afec7dd788adad5f80c18c0b94d0f,True,1
84736,39182,240926_ML.npy,2026-09-26,2026-09-26 23:28:56.749375,7C444D,P28A,PIPER AIRCRAFT CORP,PA-28-181,bdbea92283397c39fbb177d0e95a1912f7416a11383c2ccf93c282201996d94c,True,4
84737,39183,240926_ML.npy,2026-09-26,2026-09-26 23:29:13.663797,7C444D,P28A,PIPER AIRCRAFT CORP,PA-28-181,d8ca3e90afb3bc1d4dca52ed572384b0662a75fc6da6c43081f935eb45116e9f,True,3
84738,39184,240926_ML.npy,2026-09-26,2026-09-26 23:29:16.805455,7C444D,P28A,PIPER AIRCRAFT CORP,PA-28-181,6d73ad5843b0f241141c092f47e9ac31e633ea680c8dd69045b32d84ceddb98b,True,4
84739,39185,240926_ML.npy,2026-09-26,2026-09-26 23:29:42.741565,7C444D,P28A,PIPER AIRCRAFT CORP,PA-28-181,7149e462ffa81293fd701b86109b9572bc93f9824390ff8607b2fd5420472d5b,True,1
84740,39186,240926_ML.npy,2026-09-26,2026-09-26 23:29:45.785291,7C444D,P28A,PIPER AIRCRAFT CORP,PA-28-181,73d381a7e151581534b36f9e17d404592ceba66cc9423f9a9de57ee19e05863e,True,4
84759,39205,240926_ML.npy,2026-09-27,2026-09-27 00:17:56.058516,7C7B56,DA40,DIAMOND AIRCRAFT INDUSTRIES INC.,DA 40,d87b425572ccc233b962df345b5c0587c09d69a310101771c368c84bba459e04,True,1
84777,39223,240926_ML.npy,2026-09-27,2026-09-27 00:19:08.526202,7C7B56,DA40,DIAMOND AIRCRAFT INDUSTRIES INC.,DA 40,e1a6807fcb5230ab259ea4743d356fa7c2c8a19ec48dd3300faabd4b426fb348,True,4
84782,39228,240926_ML.npy,2026-09-27,2026-09-27 00:19:15.393728,7C7B56,DA40,DIAMOND AIRCRAFT INDUSTRIES INC.,DA 40,2e0085c3dd5e01c18f9d6f2ae9a48c257d1a36ee3d4d379ffb5476aedac4ccbe,True,3
84787,39233,240926_ML.npy,2026-09-27,2026-09-27 00:19:23.275074,7C7B56,DA40,DIAMOND AIRCRAFT INDUSTRIES INC.,DA 40,89c614b203c36086f50171dda287958d59322a45577e8b9940a213e5974dfc45,True,2
84798,39244,240926_ML.npy,2026-09-27,2026-09-27 00:23:55.516943,7C7B56,DA40,DIAMOND AIRCRAFT INDUSTRIES INC.,DA 40,c3bf3526fb8eb0edbc683425e804be03943e463bab57ba013cc08b39f6d3287c,True,3
84809,39255,240926_ML.npy,2026-09-27,2026-09-27 00:24:12.578699,7C7B56,DA40,DIAMOND AIRCRAFT INDUSTRIES INC.,DA 40,b663b5f18f70e274f3399a23edb23e30313f71c8229da68d831792fc9cc4743e,True,5
84819,39265,240926_ML.npy,2026-09-27,2026-09-27 00:28:59.569259,7C7B56,DA40,DIAMOND AIRCRAFT INDUSTRIES INC.,DA 40,31de8f2454e2626cae278856f9c74826ae06e26f2c49a89d14d66c18e9cf37fb,True,2
84875,39321,240926_ML.npy,2026-09-27,2026-09-27 00:34:18.743811,7C7B56,DA40,DIAMOND AIRCRAFT INDUSTRIES INC.,DA 40,23f999c741782b86870f9a05901b362f2faa42e6ffb9f83726773c3dbd8fb7a1,True,3
84887,39333,240926_ML.npy,2026-09-27,2026-09-27 00:34:33.656369,7C7B56,DA40,DIAMOND AIRCRAFT INDUSTRIES INC.,DA 40,4cc5b43d796bbd8257e3654c3a0c81133ab28b598226a3cfdeb779fa63628655,True,3
84893,39339,240926_ML.npy,2026-09-27,2026-09-27 00:34:50.050743,7C7B56,DA40,DIAMOND AIRCRAFT INDUSTRIES INC.,DA 40,4871468df04915726db6b7fb1ecb02fd071f580c6c2b393ac43df8f55de2845e,True,4
84897,39343,240926_ML.npy,2026-09-27,2026-09-27 00:34:55.742430,7C7B56,DA40,DIAMOND AIRCRAFT INDUSTRIES INC.,DA 40,e1a82fa278050c53890917990ba41b4701439695852287e3e715c1e71b7383d6,True,4
84908,39354,240926_ML.npy,2026-09-27,2026-09-27 00:37:16.039768,7C1687,DA40,DIAMOND AIRCRAFT INDUSTRIES INC.,DA 40,24e14158ead5776272e98cf03b08a54d4dcabe45c3f5730f796586749780d281,True,2
84923,39369,240926_ML.npy,2026-09-27,2026-09-27 00:41:59.556753,7C7B56,DA40,DIAMOND AIRCRAFT INDUSTRIES INC.,DA 40,71d61a1ed80ec05df5dfe5ec64cc386865f6194471b1ecfb8fd1260958212dfe,True,5
84927,39373,240926_ML.npy,2026-09-27,2026-09-27 00:42:52.838735,7C7B56,DA40,DIAMOND AIRCRAFT INDUSTRIES INC.,DA 40,1ebc6bba4af861fa2ab10e78a2db3ee10158db3f4829880ca5d5274d8ab22eaf,True,5
84928,39374,240926_ML.npy,2026-09-27,2026-09-27 00:42:54.094074,7C7B56,DA40,DIAMOND AIRCRAFT INDUSTRIES INC.,DA 40,12c5aa41ca3cd05af064119078a09679e7ecb0fd227ed6d6c08208120ae51cc1,True,1
84932,39378,240926_ML.npy,2026-09-27,2026-09-27 00:43:00.945673,7C7B56,DA40,DIAMOND AIRCRAFT INDUSTRIES INC.,DA 40,4716de530976883fe8fe8f679604f3eff3621cf8fd3a2bafc3787256ea1286f5,True,5
84949,39395,240926_ML.npy,2026-09-27,2026-09-27 00:47:31.894028,7C7C2E,DA40,DIAMOND AIRCRAFT INDUSTRIES INC.,DA 40,0d1aadb2af6d98bd3531e29cd693eee49e839c719be88203f54a82030467b8d9,True,2
84999,39445,240926_ML.npy,2026-09-27,2026-09-27 01:47:32.719676,7C582C,DA40,DIAMOND AIRCRAFT INDUSTRIES INC.,DA 40,a7a775f02e9dd0d023e83fff4d45a6d8715ef9d467340d7d37731eb467d2c407,True,1
85009,39455,240926_ML.npy,2026-09-27,2026-09-27 01:47:45.978845,7C582C,DA40,DIAMOND AIRCRAFT INDUSTRIES INC.,DA 40,1366c871e04972b24e1c779b9099b930588f70e0f5a78ef37d7ae6fd12d808c0,True,4
85027,39473,240926_ML.npy,2026-09-27,2026-09-27 01:49:25.624483,7C67D0,C172,CESSNA AIRCRAFT COMPANY,172S,454f4a9720f14b034a3d744048f0b01f0ef0b1d0c1b2fac17bf4fa2d2bbe93a1,True,2
85034,39480,240926_ML.npy,2026-09-27,2026-09-27 01:49:36.956919,7C67D0,C172,CESSNA AIRCRAFT COMPANY,172S,72e9c75f5f3c697ced4df3da518b554109d4558335cc18ce607f06e18327ecad,True,1
85037,39483,240926_ML.npy,2026-09-27,2026-09-27 01:49:55.898752,7C67D0,C172,CESSNA AIRCRAFT COMPANY,172S,38cf75b03f4a7bda5f50ac70e3587160dff10c2b411f173bb8e66fdd371bca99,True,2
85038,39484,240926_ML.npy,2026-09-27,2026-09-27 01:49:59.737650,7C67D0,C172,CESSNA AIRCRAFT COMPANY,172S,f0f9ea4b9db1611ff83d6294fe28a93228906c9b628cb50de3efcb2ace63dc07,True,4
85051,39497,240926_ML.npy,2026-09-27,2026-09-27 01:50:40.625265,7C67D0,C172,CESSNA AIRCRAFT COMPANY,172S,f4549e8eda56393af4dd9de8d93030ea2fc15c43c641e3beac02a6788a09b249,True,4
85054,39500,240926_ML.npy,2026-09-27,2026-09-27 01:50:42.131709,7C67D0,C172,CESSNA AIRCRAFT COMPANY,172S,08474cdf3c5533ccdfc6f7730aa3589703f66a39f1807c0558d94bc6c326921c,True,4
85058,39504,240926_ML.npy,2026-09-27,2026-09-27 01:50:44.268425,7C67D0,C172,CESSNA AIRCRAFT COMPANY,172S,6001c928be173573cf7c3ed2e0ca05a22f7d9e2691913659f54091807b5047c5,True,1
85066,39512,240926_ML.npy,2026-09-27,2026-09-27 01:50:50.289945,7C67D0,C172,CESSNA AIRCRAFT COMPANY,172S,a1369a6feafd39d9a88b9aeff2892b86b203abb6c4915112da5a526c06c4049f,True,3
85071,39517,240926_ML.npy,2026-09-27,2026-09-27 01:50:53.076646,7C67D0,C172,CESSNA AIRCRAFT COMPANY,172S,d7e34470b78421eb8e33c4255539a8f559b8ce725b58a70a07c3fef15ba9290e,True,3
85076,39522,240926_ML.npy,2026-09-27,2026-09-27 01:51:02.725268,7C67D0,C172,CESSNA AIRCRAFT COMPANY,172S,5e5a56fcc2a8868412c9137155d4ce372d63d9b0dfa6c1bff4cd8cadfb9576e2,True,4
85079,39525,240926_ML.npy,2026-09-27,2026-09-27 01:51:05.234803,7C67D0,C172,CESSNA AIRCRAFT COMPANY,172S,1d11a5635d6cc76b7915bd68b3fc594a2fe46d65f48b26e7047f9e137f3758fc,True,4
85088,39534,240926_ML.npy,2026-09-27,2026-09-27 01:51:12.347717,7C67D0,C172,CESSNA AIRCRAFT COMPANY,172S,c9c42e1ffba6ba8544e6f32da209b29fafe10c1826c96c2b4831855870944848,True,1
85090,39536,240926_ML.npy,2026-09-27,2026-09-27 01:51:13.590478,7C67D0,C172,CESSNA AIRCRAFT COMPANY,172S,7fbd8b8035555a5dff928b776488253c2d0fdfb317c26752dd623bb19fa9595e,True,2
85092,39538,240926_ML.npy,2026-09-27,2026-09-27 01:51:16.911494,7C67D0,C172,CESSNA AIRCRAFT COMPANY,172S,f0f9ea4b9db1611ff83d6294fe28a93228906c9b628cb50de3efcb2ace63dc07,True,3
85095,39541,240926_ML.npy,2026-09-27,2026-09-27 01:51:18.899536,7C67D0,C172,CESSNA AIRCRAFT COMPANY,172S,c9f43e3e0c7247a04c0fcb110330df8957cd7b9ea83d6185ff32197f81e80ded,True,1
85104,39550,240926_ML.npy,2026-09-27,2026-09-27 01:52:32.313768,7C1697,DA40,DIAMOND AIRCRAFT INDUSTRIES INC.,DA 40,dfea40b7d41d9467520fce1cb27cee8a4f944eedc188f407f741d3b7cdcb859a,True,1
85110,39556,240926_ML.npy,2026-09-27,2026-09-27 01:53:27.891114,7C1697,DA40,DIAMOND AIRCRAFT INDUSTRIES INC.,DA 40,c7a60eae7b4228f30c2314b73dfd8894c48b0cb1f1d956feaa032a8ea4d10e38,True,3
85114,39560,240926_ML.npy,2026-09-27,2026-09-27 01:53:41.835796,7C1697,DA40,DIAMOND AIRCRAFT INDUSTRIES INC.,DA 40,64be83feee92d1a5ca4656bfce08906ca417fd1132666264c2c5a03b525b6867,True,5
85134,39580,240926_ML.npy,2026-09-27,2026-09-27 01:55:02.711584,7C67D0,C172,CESSNA AIRCRAFT COMPANY,172S,2bb875ec978b3523000d355820c0fa23bea37ca02c3d9a79922aebd7cc61e45a,True,4
85138,39584,240926_ML.npy,2026-09-27,2026-09-27 01:55:10.084124,7C67D0,C172,CESSNA AIRCRAFT COMPANY,172S,57761cea243ee98883bc8a946ec285a09886362b4dee10beac81077cbd184945,True,3
85143,39589,240926_ML.npy,2026-09-27,2026-09-27 01:55:15.149490,7C67D0,C172,CESSNA AIRCRAFT COMPANY,172S,f7b86583d668b26a5171881b4d6edfe26c4e62864d7672d49f715da6b08170dc,True,2
85146,39592,240926_ML.npy,2026-09-27,2026-09-27 01:55:19.488037,7C67D0,C172,CESSNA AIRCRAFT COMPANY,172S,3c4a8c24762cfe650bce8efadc960d28b265e3458ccf9e6fede9158f85a4cea5,True,4
85147,39593,240926_ML.npy,2026-09-27,2026-09-27 01:55:38.293161,7C2E75,C172,CESSNA AIRCRAFT COMPANY,172N,537a411f6d666b5552508369672999737cfab429b0e5d0136716492142f23c12,True,5
85152,39598,240926_ML.npy,2026-09-27,2026-09-27 01:55:42.783950,7C2E75,C172,CESSNA AIRCRAFT COMPANY,172N,cc32ef980c7f0ba98b6b17cdc26b2c71efa861c7a0eda37dc8ae0231752e4787,True,4
85154,39600,240926_ML.npy,2026-09-27,2026-09-27 01:55:43.307360,7C2E75,C172,CESSNA AIRCRAFT COMPANY,172N,ffb8306a08fbb1a38f470f0acc92ecbf7362e80c088435b17f78f1fa58848a7e,True,1
85155,39601,240926_ML.npy,2026-09-27,2026-09-27 01:55:43.611492,7C2E75,C172,CESSNA AIRCRAFT COMPANY,172N,6bc90e0e2ce2ba570e1eeef4cff946625001bb27e947ac9dbe73b1841260ca10,True,1
85158,39604,240926_ML.npy,2026-09-27,2026-09-27 01:55:48.838688,7C67D0,C172,CESSNA AIRCRAFT COMPANY,172S,880ac613614ec3827a9eba812e8333b47b72bfb8fe10fc3444eaceb5a6e98e3f,True,4
85160,39606,240926_ML.npy,2026-09-27,2026-09-27 01:55:49.022128,7C2E75,C172,CESSNA AIRCRAFT COMPANY,172N,f4b8163f3e691ed99063d3522695b897e24e6cde28747a2e17f15f32e769a169,True,5
85179,39625,240926_ML.npy,2026-09-27,2026-09-27 01:56:06.673399,7C67D0,C172,CESSNA AIRCRAFT COMPANY,172S,bb30f61733e7278061ca6c2d82f3524625b4c0bac7dfa1f0b85e045516aab911,True,3
85197,39643,240926_ML.npy,2026-09-27,2026-09-27 01:56:29.003165,7C67D0,C172,CESSNA AIRCRAFT COMPANY,172S,f0f9ea4b9db1611ff83d6294fe28a93228906c9b628cb50de3efcb2ace63dc07,True,2
85198,39644,240926_ML.npy,2026-09-27,2026-09-27 01:56:32.051426,7C67D0,C172,CESSNA AIRCRAFT COMPANY,172S,9f64bd937442aa4f8b8a6ecd5d83d11b1d363dd4391bb81e2d43bf80ad8a0a8d,True,3
85208,39654,240926_ML.npy,2026-09-27,2026-09-27 01:56:44.152049,7C67D0,C172,CESSNA AIRCRAFT COMPANY,172S,e833e78e60c1cb4797f8c9ab0a4681c95458b3c1796a8c49d6656f676bb55714,True,4
85213,39659,240926_ML.npy,2026-09-27,2026-09-27 01:56:46.639311,7C67D0,C172,CESSNA AIRCRAFT COMPANY,172S,742b26d109cc1658353b1f7271da3eef1e660eab3b08d73a646a5d123fa8ffc5,True,5
85214,39660,240926_ML.npy,2026-09-27,2026-09-27 01:56:47.709122,7C67D0,C172,CESSNA AIRCRAFT COMPANY,172S,e3e208cef0eba0f5a78174e3491a3397c3c9a12677dbcaebb5c5561b5c353ce3,True,1
85228,39674,240926_ML.npy,2026-09-27,2026-09-27 01:57:18.054496,7C2E75,C172,CESSNA AIRCRAFT COMPANY,172N,ac2dfe1416ff4cc555e6b2c96eb5fbd3e3e2788357359401e72698009491251b,True,1
85231,39677,240926_ML.npy,2026-09-27,2026-09-27 01:57:22.975414,7C2E75,C172,CESSNA AIRCRAFT COMPANY,172N,0ab2ec1fa9086b71b2a02da2d69f9d2006461123ecb2be164f3c3cf2fb55ff27,True,5
85233,39679,240926_ML.npy,2026-09-27,2026-09-27 01:57:23.701185,7C2E75,C172,CESSNA AIRCRAFT COMPANY,172N,537a411f6d666b5552508369672999737cfab429b0e5d0136716492142f23c12,True,1
85236,39682,240926_ML.npy,2026-09-27,2026-09-27 01:57:31.850872,7C2E75,C172,CESSNA AIRCRAFT COMPANY,172N,64c35f47906a682add61849cfc8d1c802826de6df1ca0fa4b9afa0dbb8bfee8b,True,2
85243,39689,240926_ML.npy,2026-09-27,2026-09-27 01:57:41.055632,7C2E75,C172,CESSNA AIRCRAFT COMPANY,172N,0aaa1dcbc0935d3df5c19ce433dff40d3b7fcdb658d790f6d292da916fd3b951,True,5
85248,39694,240926_ML.npy,2026-09-27,2026-09-27 02:00:06.102253,7C2E75,C172,CESSNA AIRCRAFT COMPANY,172N,82bb5f855f0e5d6eeeac461dcdb69214dcc6d6de4c37c03b227fe39e353ce4e5,True,2
85254,39700,240926_ML.npy,2026-09-27,2026-09-27 02:00:30.838620,7C79B4,DA42,DIAMOND AIRCRAFT INDUSTRIES,DA 42,eb96d817d2dda885602bd32831f7fa8e7a77b04b4e05d6b33e932a85b608753a,True,1
85257,39703,240926_ML.npy,2026-09-27,2026-09-27 02:00:31.824586,7C79B4,DA42,DIAMOND AIRCRAFT INDUSTRIES,DA 42,5464adf67d0c11c6dddece0131cbf901a24b338328f827d1f7abb126a968d4f7,True,3
85260,39706,240926_ML.npy,2026-09-27,2026-09-27 02:00:38.662707,7C67D0,C172,CESSNA AIRCRAFT COMPANY,172S,f0f9ea4b9db1611ff83d6294fe28a93228906c9b628cb50de3efcb2ace63dc07,True,3
85262,39708,240926_ML.npy,2026-09-27,2026-09-27 02:00:48.563570,7C79B4,DA42,DIAMOND AIRCRAFT INDUSTRIES,DA 42,60a517e3a8e831d2f67f68d55f89dae60c6c37439bef2b8738a6249cd800ae39,True,2
85264,39710,240926_ML.npy,2026-09-27,2026-09-27 02:00:51.294641,7C79B4,DA42,DIAMOND AIRCRAFT INDUSTRIES,DA 42,76316d9ce0c021b10e5954246027599631c4df22a0a0bc0004dacdcf4ec7b1ba,True,4
85268,39714,240926_ML.npy,2026-09-27,2026-09-27 02:00:58.687412,7C67D0,C172,CESSNA AIRCRAFT COMPANY,172S,f0f9ea4b9db1611ff83d6294fe28a93228906c9b628cb50de3efcb2ace63dc07,True,1
85273,39719,240926_ML.npy,2026-09-27,2026-09-27 02:01:04.029596,7C67D0,C172,CESSNA AIRCRAFT COMPANY,172S,fa42c14fa9ccf06133eb7a163c23c7087f4ee46652f89399fcc3ccb8505d75c5,True,5
85280,39726,240926_ML.npy,2026-09-27,2026-09-27 02:01:13.144909,7C67D0,C172,CESSNA AIRCRAFT COMPANY,172S,c9c42e1ffba6ba8544e6f32da209b29fafe10c1826c96c2b4831855870944848,True,3
85283,39729,240926_ML.npy,2026-09-27,2026-09-27 02:01:18.683638,7C67D0,C172,CESSNA AIRCRAFT COMPANY,172S,6ed9fae629f464f1c768ee6f3906832d2da96336965159338627b4ac711e2233,True,3
85294,39740,240926_ML.npy,2026-09-27,2026-09-27 02:01:30.799739,7C67D0,C172,CESSNA AIRCRAFT COMPANY,172S,af197dbbec2da2cd9b1dfa13ab6be6bddbf92566471ec9977fc7355379b11d22,True,3
85298,39744,240926_ML.npy,2026-09-27,2026-09-27 02:01:33.969874,7C67D0,C172,CESSNA AIRCRAFT COMPANY,172S,3c5681e8c06629396475f133322ae619e99927821839b2b92066c4f0d7b014d2,True,2
85316,39762,240926_ML.npy,2026-09-27,2026-09-27 02:01:55.643351,7C67D0,C172,CESSNA AIRCRAFT COMPANY,172S,c23678f5888d73884b5b2dd30a1ac832c1dcb60adf54dd98c98014f7bd45f8f8,True,5
85324,39770,240926_ML.npy,2026-09-27,2026-09-27 02:02:22.650108,7C2E75,C172,CESSNA AIRCRAFT COMPANY,172N,0c0df555e450ce45a0aee6ebdbe8863735d4c9123d7d7aa89a090302526666cf,True,3
85329,39775,240926_ML.npy,2026-09-27,2026-09-27 02:02:44.826502,7C2E75,C172,CESSNA AIRCRAFT COMPANY,172N,c006ce3e7b575e49074f550944a6d0dbb006abe58fbf549b4b733c06426027c9,True,3
85340,39786,240926_ML.npy,2026-09-27,2026-09-27 02:03:14.843838,7C2E75,C172,CESSNA AIRCRAFT COMPANY,172N,f8bfd14f03615a648c16bf61e4604f5bdf3cfa278100a2c860199315dd5f44d8,True,5
85347,39793,240926_ML.npy,2026-09-27,2026-09-27 02:03:26.714078,7C2E75,C172,CESSNA AIRCRAFT COMPANY,172N,96de4f24cb14fe2badb231ffd37d4e7e82176893aa7b2c74d03fc1fa1697ee39,True,5
85348,39794,240926_ML.npy,2026-09-27,2026-09-27 02:03:26.717899,7C2E75,C172,CESSNA AIRCRAFT COMPANY,172N,1a64070f781705f02e6abe0f6b9b036716dd2b813a532b78e8c119d45ae5b018,True,3
85350,39796,240926_ML.npy,2026-09-27,2026-09-27 02:03:30.748881,7C2E75,C172,CESSNA AIRCRAFT COMPANY,172N,6df0d09011d45bde76f5480dbab1c1f0471f3ff07a24f9a7944b5ee14ee3b256,True,5
85351,39797,240926_ML.npy,2026-09-27,2026-09-27 02:03:30.755895,7C2E75,C172,CESSNA AIRCRAFT COMPANY,172N,4f10e1cc7e9bf6c8b177301b54224c819bbeb0af29e2dd5c770666ba245d79d9,True,4
85355,39801,240926_ML.npy,2026-09-27,2026-09-27 02:03:38.293785,7C2E75,C172,CESSNA AIRCRAFT COMPANY,172N,746ca38de67c6786c5e7c88850d51b3e20a35a2e2d692677db01f80fb2a5ebdb,True,5
85360,39806,240926_ML.npy,2026-09-27,2026-09-27 02:03:49.484613,7C0077,DA40,DIAMOND AIRCRAFT INDUSTRIES INC.,DA 40,eb4cbe8bf13f2a01b22f7775cf2d325a1d369295ae279578c2b4fc57a4d42d68,True,5
85364,39810,240926_ML.npy,2026-09-27,2026-09-27 02:04:08.585640,7C2E75,C172,CESSNA AIRCRAFT COMPANY,172N,08074c0ba97432661118cb3bd92a7a0bef55998a0c10461816af7b5d8aa8e8e0,True,3
85367,39813,240926_ML.npy,2026-09-27,2026-09-27 02:04:10.589381,7C2E75,C172,CESSNA AIRCRAFT COMPANY,172N,2dd56e8e14ba825bd2b4fda75a745228b0d4150927911d0eae4f1923d6ec968c,True,4
85376,39822,240926_ML.npy,2026-09-27,2026-09-27 02:04:54.136771,7C67D0,C172,CESSNA AIRCRAFT COMPANY,172S,c9c42e1ffba6ba8544e6f32da209b29fafe10c1826c96c2b4831855870944848,True,5
85388,39834,240926_ML.npy,2026-09-27,2026-09-27 02:05:10.186519,7C2E75,C172,CESSNA AIRCRAFT COMPANY,172N,b054cac776aadf96e266ff73f9fefd138a62b1651361ab2f925a54ce147f915b,True,4
85392,39838,240926_ML.npy,2026-09-27,2026-09-27 02:05:20.366404,7C67D0,C172,CESSNA AIRCRAFT COMPANY,172S,c9c42e1ffba6ba8544e6f32da209b29fafe10c1826c96c2b4831855870944848,True,5
85393,39839,240926_ML.npy,2026-09-27,2026-09-27 02:05:24.358947,7C79B4,DA42,DIAMOND AIRCRAFT INDUSTRIES,DA 42,e2ea84ec2944bda463cac9cb7bc54e47463757c3b6c521dbaa833cc82b3f1fe8,True,5
85397,39843,240926_ML.npy,2026-09-27,2026-09-27 02:05:25.396331,7C67D0,C172,CESSNA AIRCRAFT COMPANY,172S,742b26d109cc1658353b1f7271da3eef1e660eab3b08d73a646a5d123fa8ffc5,True,4
85398,39844,240926_ML.npy,2026-09-27,2026-09-27 02:05:31.242080,7C79B4,DA42,DIAMOND AIRCRAFT INDUSTRIES,DA 42,9c6722c51f1db417a6eb289cd760ee6a3451a71633f50b2b3b48916a735f77ac,True,4
85400,39846,240926_ML.npy,2026-09-27,2026-09-27 02:05:31.880127,7C79B4,DA42,DIAMOND AIRCRAFT INDUSTRIES,DA 42,21844399e538ff874383a6f8d9e0a2af083d88589e154200a9bdf40cbaa13675,True,3
85408,39854,240926_ML.npy,2026-09-27,2026-09-27 02:05:57.106621,7C67D0,C172,CESSNA AIRCRAFT COMPANY,172S,4895530ee41ddd4eed77743341b788d44c17dfc8be8969adf410ee094f1db775,True,2
85412,39858,240926_ML.npy,2026-09-27,2026-09-27 02:06:02.395509,7C67D0,C172,CESSNA AIRCRAFT COMPANY,172S,c9acd9512ced2f9a52ba4e90390843bf29ca4196c82d728ae9fae9429e3e2099,True,5
85416,39862,240926_ML.npy,2026-09-27,2026-09-27 02:06:06.380709,7C67D0,C172,CESSNA AIRCRAFT COMPANY,172S,8dcc37c8549f0c4aebfa9052427fd9cc732141012182212a2f9c80c4dd1f1b14,True,3
85419,39865,240926_ML.npy,2026-09-27,2026-09-27 02:06:08.831139,7C67D0,C172,CESSNA AIRCRAFT COMPANY,172S,8fcbaf1c7cb54fc9b35ecb7ff32dd299bd999cac1fbe6dec842299624c158dda,True,4
85420,39866,240926_ML.npy,2026-09-27,2026-09-27 02:06:10.411365,7C67D0,C172,CESSNA AIRCRAFT COMPANY,172S,742b26d109cc1658353b1f7271da3eef1e660eab3b08d73a646a5d123fa8ffc5,True,2
85429,39875,240926_ML.npy,2026-09-27,2026-09-27 02:06:21.822279,7C67D0,C172,CESSNA AIRCRAFT COMPANY,172S,f0f9ea4b9db1611ff83d6294fe28a93228906c9b628cb50de3efcb2ace63dc07,True,3
85435,39881,240926_ML.npy,2026-09-27,2026-09-27 02:06:25.449617,7C67D0,C172,CESSNA AIRCRAFT COMPANY,172S,742b26d109cc1658353b1f7271da3eef1e660eab3b08d73a646a5d123fa8ffc5,True,1
85440,39886,240926_ML.npy,2026-09-27,2026-09-27 02:06:30.309165,7C67D0,C172,CESSNA AIRCRAFT COMPANY,172S,742b26d109cc1658353b1f7271da3eef1e660eab3b08d73a646a5d123fa8ffc5,True,4
85443,39889,240926_ML.npy,2026-09-27,2026-09-27 02:06:32.928816,7C7C3E,DA40,DIAMOND AIRCRAFT INDUSTRIES INC.,DA 40,e67288029ef73b2dc123c0e1f6a6a52f79a674b22d2685ac5c9d6785f3323d51,True,3
85445,39891,240926_ML.npy,2026-09-27,2026-09-27 02:06:34.954280,7C67D0,C172,CESSNA AIRCRAFT COMPANY,172S,c9c42e1ffba6ba8544e6f32da209b29fafe10c1826c96c2b4831855870944848,True,5
85456,39902,240926_ML.npy,2026-09-27,2026-09-27 02:07:33.264513,7C2E75,C172,CESSNA AIRCRAFT COMPANY,172N,d953f43c0a3791d3d2398a8b5825bcb56cc8dfd6639e67a5acab36a66379958f,True,2
85458,39904,240926_ML.npy,2026-09-27,2026-09-27 02:07:38.596632,7C2E75,C172,CESSNA AIRCRAFT COMPANY,172N,ec58f3698263f39d368b5521b1a68c3d76722d4fe7280669c3acb8f3bc06625c,True,3
85464,39910,240926_ML.npy,2026-09-27,2026-09-27 02:07:45.920377,7C79B4,DA42,DIAMOND AIRCRAFT INDUSTRIES,DA 42,21844399e538ff874383a6f8d9e0a2af083d88589e154200a9bdf40cbaa13675,True,3
85474,39920,240926_ML.npy,2026-09-27,2026-09-27 02:08:31.043424,7C2E75,C172,CESSNA AIRCRAFT COMPANY,172N,751e49b02367676fcdf59c59b2c3df0ef065a3fe2cd5b15919385f54d2279588,True,2
85486,39932,240926_ML.npy,2026-09-27,2026-09-27 02:09:26.271848,7C2E75,C172,CESSNA AIRCRAFT COMPANY,172N,86277972300cf30d65f2297d885f6a44b612a76cae22a9098f2459b20026b5c9,True,4
85487,39933,240926_ML.npy,2026-09-27,2026-09-27 02:09:26.275672,7C2E75,C172,CESSNA AIRCRAFT COMPANY,172N,61b42c1be79abebc578d6a33c931ea6a032618bff1cf958bb76abad25a641267,True,1
85488,39934,240926_ML.npy,2026-09-27,2026-09-27 02:09:28.347570,7C2E75,C172,CESSNA AIRCRAFT COMPANY,172N,901da78e64d4881a101503b8c1308b2aae9b6fc6b51166c0646a9c22e1c91152,True,5
85490,39936,240926_ML.npy,2026-09-27,2026-09-27 02:09:30.041556,7C2E75,C172,CESSNA AIRCRAFT COMPANY,172N,46b854ce15a093d184d55b8cf67e527d2d4a296b433ca37e9422964aba46aac4,True,1
85501,39947,240926_ML.npy,2026-09-27,2026-09-27 02:10:06.398978,7C67D0,C172,CESSNA AIRCRAFT COMPANY,172S,f0f9ea4b9db1611ff83d6294fe28a93228906c9b628cb50de3efcb2ace63dc07,True,2
85502,39948,240926_ML.npy,2026-09-27,2026-09-27 02:10:06.685798,7C67D0,C172,CESSNA AIRCRAFT COMPANY,172S,c9c42e1ffba6ba8544e6f32da209b29fafe10c1826c96c2b4831855870944848,True,5
85506,39952,240926_ML.npy,2026-09-27,2026-09-27 02:10:07.857024,7C67D0,C172,CESSNA AIRCRAFT COMPANY,172S,992da8775696c788bbf881934535609eef1c6cd3736d8fb7a7f1fa1c0df9402d,True,1
85509,39955,240926_ML.npy,2026-09-27,2026-09-27 02:10:13.179846,7C2E75,C172,CESSNA AIRCRAFT COMPANY,172N,6bc90e0e2ce2ba570e1eeef4cff946625001bb27e947ac9dbe73b1841260ca10,True,2
85517,39963,240926_ML.npy,2026-09-27,2026-09-27 02:10:26.840898,7C67D0,C172,CESSNA AIRCRAFT COMPANY,172S,dea01ee38bf03f2e1ecbe02d9ad17617523e15bc6d3c46134263f9d921c5f9bb,True,2
85522,39968,240926_ML.npy,2026-09-27,2026-09-27 02:10:29.086340,7C67D0,C172,CESSNA AIRCRAFT COMPANY,172S,22ddeba9d8fee04eef7d84ea23201490a9f11635fe8a2b83c9a9ed1e447b4736,True,1
85523,39969,240926_ML.npy,2026-09-27,2026-09-27 02:10:30.119548,7C67D0,C172,CESSNA AIRCRAFT COMPANY,172S,93bfb89aaec55693ad0ec2a311f2db3e881defbbbb83f1f30bf37361fa52d89e,True,4
85529,39975,240926_ML.npy,2026-09-27,2026-09-27 02:10:34.806356,7C79B4,DA42,DIAMOND AIRCRAFT INDUSTRIES,DA 42,dff8a60c1990a4544dfc3eaef05bd33cd466372a3cb0dac2530ca0bfaec1cc7c,True,5
85535,39981,240926_ML.npy,2026-09-27,2026-09-27 02:11:06.078572,7C67D0,C172,CESSNA AIRCRAFT COMPANY,172S,a4beefab9eec6793c5b7f259ab10c23a88c32baef62b0949a4f07ac4a4ce1f93,True,5
85542,39988,240926_ML.npy,2026-09-27,2026-09-27 02:11:16.791566,7C67D0,C172,CESSNA AIRCRAFT COMPANY,172S,ba45bc22ce51638292bbab86ad78ba78b6f4ba9773a9ac6b9b0e0c759a2aa8a1,True,5
85566,40012,240926_ML.npy,2026-09-27,2026-09-27 02:11:43.324475,7C67D0,C172,CESSNA AIRCRAFT COMPANY,172S,03f0f6a8c0bf3412ae57e9891724498d12f7a8038c51809596d1c699bf8c47d1,True,5
85571,40017,240926_ML.npy,2026-09-27,2026-09-27 02:12:28.231998,7C2E75,C172,CESSNA AIRCRAFT COMPANY,172N,889de3e6d5f6269f3c7e0d9ccbbbda9c0fda811869fc0a395d3bef2a0f1f03cd,True,5
85575,40021,240926_ML.npy,2026-09-27,2026-09-27 02:12:35.091614,7C2E75,C172,CESSNA AIRCRAFT COMPANY,172N,5df6f410076cc6086f64102d562d5957b114c8bfaa45af6ba24a2fdf22b8e24a,True,5
85576,40022,240926_ML.npy,2026-09-27,2026-09-27 02:12:35.729339,7C2E75,C172,CESSNA AIRCRAFT COMPANY,172N,6bc90e0e2ce2ba570e1eeef4cff946625001bb27e947ac9dbe73b1841260ca10,True,1
85578,40024,240926_ML.npy,2026-09-27,2026-09-27 02:12:45.310958,7C2E75,C172,CESSNA AIRCRAFT COMPANY,172N,ad00d2bfedb801cbb8eecb09c317594beed663b872caf27adbb1b1f7d28d0176,True,3
85581,40027,240926_ML.npy,2026-09-27,2026-09-27 02:12:52.914651,7C2E75,C172,CESSNA AIRCRAFT COMPANY,172N,fca613684764575c8bbe4daadde43e257cf541c3030f2c0b23b3e0dc3cdccceb,True,3
85582,40028,240926_ML.npy,2026-09-27,2026-09-27 02:13:02.925828,7C2E75,C172,CESSNA AIRCRAFT COMPANY,172N,0acc8b35d25fe11c5e88ba2107d6b2de633eff48c75604ab80c1cbf49b6b83ea,True,3
85585,40031,240926_ML.npy,2026-09-27,2026-09-27 02:13:30.625742,7C2E75,C172,CESSNA AIRCRAFT COMPANY,172N,b054cac776aadf96e266ff73f9fefd138a62b1651361ab2f925a54ce147f915b,True,2
85589,40035,240926_ML.npy,2026-09-27,2026-09-27 02:13:34.909211,7C2E75,C172,CESSNA AIRCRAFT COMPANY,172N,9d48e16a3523ceb6441e6e5479f2584c602aee9f88ecd0fcd0192b14211cff7c,True,2
85600,40046,240926_ML.npy,2026-09-27,2026-09-27 02:14:02.341451,7C2E75,C172,CESSNA AIRCRAFT COMPANY,172N,a113e596c292a4a32865b356cfea4cee3b5b2721e4a01ed8512d96896b273079,True,3
85602,40048,240926_ML.npy,2026-09-27,2026-09-27 02:14:08.300596,7C2E75,C172,CESSNA AIRCRAFT COMPANY,172N,6bc90e0e2ce2ba570e1eeef4cff946625001bb27e947ac9dbe73b1841260ca10,True,3
85608,40054,240926_ML.npy,2026-09-27,2026-09-27 02:15:09.244444,7C2E75,C172,CESSNA AIRCRAFT COMPANY,172N,89f793d1bf16f8e160c800d8415e19a2b00f44750630b60e83f62cf76591a601,True,5
85612,40058,240926_ML.npy,2026-09-27,2026-09-27 02:15:15.795862,7C2E75,C172,CESSNA AIRCRAFT COMPANY,172N,46f43c8921d85ffe2790f984af8739c9f56fd59a6f356c32a9e01c04da429b65,True,2
85615,40061,240926_ML.npy,2026-09-27,2026-09-27 02:15:29.948206,7C2E75,C172,CESSNA AIRCRAFT COMPANY,172N,35c3418bd5f27da9e24d71c277101409f45dfedf23cb2c7baa3ba4f271ff644d,True,2
85623,40069,240926_ML.npy,2026-09-27,2026-09-27 02:15:50.802515,7C67D0,C172,CESSNA AIRCRAFT COMPANY,172S,b318a0ee106f658746dbe98072cf610317111f9ed2b88a714ea69fe6f5ba48cd,True,1
85629,40075,240926_ML.npy,2026-09-27,2026-09-27 02:16:02.993087,7C67D0,C172,CESSNA AIRCRAFT COMPANY,172S,f0f9ea4b9db1611ff83d6294fe28a93228906c9b628cb50de3efcb2ace63dc07,True,2
85630,40076,240926_ML.npy,2026-09-27,2026-09-27 02:16:04.491333,7C67D0,C172,CESSNA AIRCRAFT COMPANY,172S,5cee1158150e4d6af0d4a5868f48709ce99f112aa25e1e31b6d21397eca10212,True,5
85634,40080,240926_ML.npy,2026-09-27,2026-09-27 02:16:14.306339,7C79B4,DA42,DIAMOND AIRCRAFT INDUSTRIES,DA 42,0ff4831799d977821eb4b8b7f7b5a91a42f29198119e05e7402f5d0ac3ee5d66,True,3
85656,40102,240926_ML.npy,2026-09-27,2026-09-27 02:17:08.270303,7C67D0,C172,CESSNA AIRCRAFT COMPANY,172S,f0f9ea4b9db1611ff83d6294fe28a93228906c9b628cb50de3efcb2ace63dc07,True,2
85661,40107,240926_ML.npy,2026-09-27,2026-09-27 02:17:25.477156,7C67D0,C172,CESSNA AIRCRAFT COMPANY,172S,6ed9fae629f464f1c768ee6f3906832d2da96336965159338627b4ac711e2233,True,5
85665,40111,240926_ML.npy,2026-09-27,2026-09-27 02:17:44.694983,7C2E75,C172,CESSNA AIRCRAFT COMPANY,172N,b054cac776aadf96e266ff73f9fefd138a62b1651361ab2f925a54ce147f915b,True,5
85668,40114,240926_ML.npy,2026-09-27,2026-09-27 02:18:01.112630,7C2E75,C172,CESSNA AIRCRAFT COMPANY,172N,6bc90e0e2ce2ba570e1eeef4cff946625001bb27e947ac9dbe73b1841260ca10,True,2
85675,40121,240926_ML.npy,2026-09-27,2026-09-27 02:18:07.415876,7C2E75,C172,CESSNA AIRCRAFT COMPANY,172N,537a411f6d666b5552508369672999737cfab429b0e5d0136716492142f23c12,True,1
85680,40126,240926_ML.npy,2026-09-27,2026-09-27 02:18:38.135413,7C2E75,C172,CESSNA AIRCRAFT COMPANY,172N,078df0ee601d00607b066a9d7d066316aebdcc22876d3f5b177379cac9a5dbe1,True,5
85690,40136,240926_ML.npy,2026-09-27,2026-09-27 02:18:53.154946,7C2E75,C172,CESSNA AIRCRAFT COMPANY,172N,a3d05c18e1c6de3f7354c45a88edcd88f5a0c1b0800ab485359a58b737c2408a,True,3
85698,40144,240926_ML.npy,2026-09-27,2026-09-27 02:19:12.600612,7C2E75,C172,CESSNA AIRCRAFT COMPANY,172N,1ac088d57ac9ddcb532192136c3072ced5ab39d2b450291ad36980c476a8b951,True,2
85699,40145,240926_ML.npy,2026-09-27,2026-09-27 02:19:17.015571,7C2E75,C172,CESSNA AIRCRAFT COMPANY,172N,ba3ce56d5ad9c06085fd1e422b5ba1468ad9c2e87304c68da1bdf8c766ef8913,True,5
85705,40151,240926_ML.npy,2026-09-27,2026-09-27 02:19:54.127513,7C2E75,C172,CESSNA AIRCRAFT COMPANY,172N,a7d4d242a8385cc50197b772545bf05f644a2511c4730e989d28b2e2b66cef06,True,2
85708,40154,240926_ML.npy,2026-09-27,2026-09-27 02:19:56.710018,7C2E75,C172,CESSNA AIRCRAFT COMPANY,172N,238ca8547876ac19b3bc6cd4095fd2a96ff74d0abb9e5baa8ac77b35d86f0a76,True,1
85709,40155,240926_ML.npy,2026-09-27,2026-09-27 02:20:04.635216,7C2E75,C172,CESSNA AIRCRAFT COMPANY,172N,d40155d74bd2e24a2c81022ae74cc36fe6667a3c280d0c674c3012f7cd9fc3c4,True,3
85710,40156,240926_ML.npy,2026-09-27,2026-09-27 02:20:05.121130,7C2E75,C172,CESSNA AIRCRAFT COMPANY,172N,ad8dde5ff5567b90c075b149a03865ecdeb66640b185c9a673e83239ef07abf5,True,4
85713,40159,240926_ML.npy,2026-09-27,2026-09-27 02:20:12.185182,7C2E75,C172,CESSNA AIRCRAFT COMPANY,172N,b9dc8c29e1c524ac369e1f24606e3cf05a9b4fd308b4004f930801252b55a644,True,3
85715,40161,240926_ML.npy,2026-09-27,2026-09-27 02:20:40.108845,7C2E75,C172,CESSNA AIRCRAFT COMPANY,172N,761109e2a9849d319cc6f5c53f94d4aa188f52db1a36a0e264c0450c887e9e0f,True,4
85718,40164,240926_ML.npy,2026-09-27,2026-09-27 02:20:58.885239,7C2E75,C172,CESSNA AIRCRAFT COMPANY,172N,ec579c6d3d99dfdd2326c589d602c0b924f5c48603b771cacab0068493fc1669,True,5
85725,40171,240926_ML.npy,2026-09-27,2026-09-27 02:21:11.930841,7C67D0,C172,CESSNA AIRCRAFT COMPANY,172S,4cf697aebfce14b9593ad802fea674fe69566ff65b658edd8a3f0974d118baf7,True,1
85726,40172,240926_ML.npy,2026-09-27,2026-09-27 02:21:13.306764,7C2E75,C172,CESSNA AIRCRAFT COMPANY,172N,7a9642fe488f1b68d67cdeb584c9fd1c892c7a76e55f3cf8e60d098475b2ad4f,True,2
85729,40175,240926_ML.npy,2026-09-27,2026-09-27 02:21:14.760977,7C2E75,C172,CESSNA AIRCRAFT COMPANY,172N,84466363b4972843a6043ab36b742922d0cc92f2ecf317668485f9c2b30ee9b3,True,1
85732,40178,240926_ML.npy,2026-09-27,2026-09-27 02:21:17.020310,7C79B4,DA42,DIAMOND AIRCRAFT INDUSTRIES,DA 42,d85323b71fe3897023368fd2d0cb7f97717ab5438be8c91608675039cc6196ee,True,1
85739,40185,240926_ML.npy,2026-09-27,2026-09-27 02:21:24.833207,7C67D0,C172,CESSNA AIRCRAFT COMPANY,172S,45b34d47b8818983ef3110f9d8454de828ef2a731f297dc57ad63a8e785b84db,True,2
85741,40187,240926_ML.npy,2026-09-27,2026-09-27 02:21:31.245923,7C79B4,DA42,DIAMOND AIRCRAFT INDUSTRIES,DA 42,fc49abf77a974b58efe7653b5fe2adbba78d9d6c057ae4af937b71931d16ba42,True,4
85743,40189,240926_ML.npy,2026-09-27,2026-09-27 02:21:32.843517,7C79B4,DA42,DIAMOND AIRCRAFT INDUSTRIES,DA 42,c69a2ba036223f47100396117b28b9330cdaed3c83916e7afe5b8013b9d4cacc,True,4
85748,40194,240926_ML.npy,2026-09-27,2026-09-27 02:22:01.891173,7C67D0,C172,CESSNA AIRCRAFT COMPANY,172S,00c991b4811a37f3a801bf5ebdd5c3c482b50fc0f30684d5320640bc8dca2458,True,5
85750,40196,240926_ML.npy,2026-09-27,2026-09-27 02:22:08.321053,7C67D0,C172,CESSNA AIRCRAFT COMPANY,172S,bf2fe3ff43117cd451b9aa620ae74b5c4cbf6bae953cfad870a1246ee47aa36d,True,3
85756,40202,240926_ML.npy,2026-09-27,2026-09-27 02:22:13.638951,7C67D0,C172,CESSNA AIRCRAFT COMPANY,172S,f0f9ea4b9db1611ff83d6294fe28a93228906c9b628cb50de3efcb2ace63dc07,True,1
85768,40214,240926_ML.npy,2026-09-27,2026-09-27 02:22:36.367139,7C67D0,C172,CESSNA AIRCRAFT COMPANY,172S,f0f9ea4b9db1611ff83d6294fe28a93228906c9b628cb50de3efcb2ace63dc07,True,5
85769,40215,240926_ML.npy,2026-09-27,2026-09-27 02:22:48.177401,7C2E75,C172,CESSNA AIRCRAFT COMPANY,172N,537a411f6d666b5552508369672999737cfab429b0e5d0136716492142f23c12,True,2
85773,40219,240926_ML.npy,2026-09-27,2026-09-27 02:23:11.204264,7C2E75,C172,CESSNA AIRCRAFT COMPANY,172N,126a99e39c6bb072e667618d9254c3f38ab85c9c2decaa67e411c89724787e31,True,3
85775,40221,240926_ML.npy,2026-09-27,2026-09-27 02:23:11.680698,7C2E75,C172,CESSNA AIRCRAFT COMPANY,172N,cf06d26d4ae115f3d62f99b4071cb52ea58a37db0d27023289059e7b51e514e7,True,4
85786,40232,240926_ML.npy,2026-09-27,2026-09-27 02:24:02.589831,7C2E75,C172,CESSNA AIRCRAFT COMPANY,172N,58a31783b92164fbdf2d0bf2ff5f1cdad3444468c365b44750d0ef743f6121a2,True,3
85787,40233,240926_ML.npy,2026-09-27,2026-09-27 02:24:07.968249,7C2E75,C172,CESSNA AIRCRAFT COMPANY,172N,9b3e3a9051136464725d003cd7edf026976bf425793b74ea84ddb67fb8fa3bc7,True,4
85789,40235,240926_ML.npy,2026-09-27,2026-09-27 02:24:11.456712,7C2E75,C172,CESSNA AIRCRAFT COMPANY,172N,9df67fb38d607a34248786f1f5ff69950ab9c4d6b1efd4fc6adbd4245793798d,True,3
85793,40239,240926_ML.npy,2026-09-27,2026-09-27 02:24:16.456545,7C79B4,DA42,DIAMOND AIRCRAFT INDUSTRIES,DA 42,7b77e9e6ee48da832388416c47d1ec4c7c4be0079bccab890bbad7aadfcc81c2,True,4
85803,40249,240926_ML.npy,2026-09-27,2026-09-27 02:24:32.243525,7C2E75,C172,CESSNA AIRCRAFT COMPANY,172N,6bc90e0e2ce2ba570e1eeef4cff946625001bb27e947ac9dbe73b1841260ca10,True,4
85807,40253,240926_ML.npy,2026-09-27,2026-09-27 02:25:06.256104,7C79B4,DA42,DIAMOND AIRCRAFT INDUSTRIES,DA 42,09caf65a1552c4f10f00322ec248ba4c7d0c13cb95a7ae96a11213a7cba3eeee,True,5
85811,40257,240926_ML.npy,2026-09-27,2026-09-27 02:25:23.494256,7C79B4,DA42,DIAMOND AIRCRAFT INDUSTRIES,DA 42,445e5c16f0d6c8e5d9a798e3a93761c17895be5aab4b84cedc087a099c3b4386,True,5
85815,40261,240926_ML.npy,2026-09-27,2026-09-27 02:26:21.806836,7C67D0,C172,CESSNA AIRCRAFT COMPANY,172S,b3ff39a23372e4d0713fbbe5078af14688aa1ccc4522151a41925d058683195c,True,2
85823,40269,240926_ML.npy,2026-09-27,2026-09-27 02:26:33.512589,7C2E75,C172,CESSNA AIRCRAFT COMPANY,172N,537a411f6d666b5552508369672999737cfab429b0e5d0136716492142f23c12,True,4
85826,40272,240926_ML.npy,2026-09-27,2026-09-27 02:26:34.625686,7C67D0,C172,CESSNA AIRCRAFT COMPANY,172S,5842d0639787e83b3e1eb760fdd7de5038995fbb5d7bf127b300218f84e32adf,True,3
85829,40275,240926_ML.npy,2026-09-27,2026-09-27 02:26:36.243012,7C67D0,C172,CESSNA AIRCRAFT COMPANY,172S,ada01e5a325136d26b9b49c9cae3e05898c5bdb09d8742ae6bbc9b66155e8151,True,1
85830,40276,240926_ML.npy,2026-09-27,2026-09-27 02:26:36.250042,7C67D0,C172,CESSNA AIRCRAFT COMPANY,172S,3348646e52e023d455cb905d87a4f0539b83fd390880a21c34bcd431d2ce8368,True,4
85832,40278,240926_ML.npy,2026-09-27,2026-09-27 02:26:37.706914,7C67D0,C172,CESSNA AIRCRAFT COMPANY,172S,219abcfd54e7c1df0068f0977e3c6a70fe6041c71a4caa0b8761d35a3fc6b83a,True,3
85838,40284,240926_ML.npy,2026-09-27,2026-09-27 02:26:47.368730,7C67D0,C172,CESSNA AIRCRAFT COMPANY,172S,73ad636e32760924426cd80a00adb48d7e76425a0bd2ec40dfa83d8702f3d61d,True,4
85843,40289,240926_ML.npy,2026-09-27,2026-09-27 02:27:18.219537,7C67D0,C172,CESSNA AIRCRAFT COMPANY,172S,f0f9ea4b9db1611ff83d6294fe28a93228906c9b628cb50de3efcb2ace63dc07,True,4
85846,40292,240926_ML.npy,2026-09-27,2026-09-27 02:27:24.377485,7C67D0,C172,CESSNA AIRCRAFT COMPANY,172S,3f7797ad58826bde9a9f2dbaa0efd14fd8284d24bc61f73549c89da373d53c6b,True,5
85850,40296,240926_ML.npy,2026-09-27,2026-09-27 02:27:27.320189,7C67D0,C172,CESSNA AIRCRAFT COMPANY,172S,e80081e9408e7392e5f9143a2d2edb4dfc4790c626c59f6cca2b494001d0a52e,True,5
85852,40298,240926_ML.npy,2026-09-27,2026-09-27 02:27:32.440496,7C67D0,C172,CESSNA AIRCRAFT COMPANY,172S,60ebd5bccb20e413b3f3bc422c5336bcd5b45ef0828a1e6af92e231481c97fbc,True,1
85855,40301,240926_ML.npy,2026-09-27,2026-09-27 02:27:35.973355,7C67D0,C172,CESSNA AIRCRAFT COMPANY,172S,0fdc86f25b18457378287959823bc2e851c7db68e712e20c00b076a979944b72,True,2
85857,40303,240926_ML.npy,2026-09-27,2026-09-27 02:27:38.334176,7C67D0,C172,CESSNA AIRCRAFT COMPANY,172S,ef3064720dea7af83ead0689df1298f47156ba0da40fb7f448b081f744f64b25,True,3
85868,40314,240926_ML.npy,2026-09-27,2026-09-27 02:27:51.533759,7C67D0,C172,CESSNA AIRCRAFT COMPANY,172S,5145c79a9f042bd44a8bfbab2b3a089b0fa883a475a56d8bfdb4ff60875baa61,True,3
85871,40317,240926_ML.npy,2026-09-27,2026-09-27 02:27:55.864092,7C67D0,C172,CESSNA AIRCRAFT COMPANY,172S,8abb88bc1392998dfe4502247fbfcda66dae2cd8da5b8df94e59e426fb4af52f,True,3
85873,40319,240926_ML.npy,2026-09-27,2026-09-27 02:27:57.992914,7C67D0,C172,CESSNA AIRCRAFT COMPANY,172S,033357f65771128b9c6f257c655590880f1641916d3d3acef6cb25da19b0eb65,True,5
85874,40320,240926_ML.npy,2026-09-27,2026-09-27 02:27:58.044980,7C67D0,C172,CESSNA AIRCRAFT COMPANY,172S,f0f9ea4b9db1611ff83d6294fe28a93228906c9b628cb50de3efcb2ace63dc07,True,1
85883,40329,240926_ML.npy,2026-09-27,2026-09-27 02:28:03.083989,7C67D0,C172,CESSNA AIRCRAFT COMPANY,172S,40ecf4115e70e2755dcdbae7b5b852dcf6195f858baa5659ef5af1a6cedb43a3,True,4
85889,40335,240926_ML.npy,2026-09-27,2026-09-27 02:28:25.804022,7C79B4,DA42,DIAMOND AIRCRAFT INDUSTRIES,DA 42,b172b71e9a3f8d9cca0d37d974391490d6fe27ddd64bfb4fb7efbddac0d49a2c,True,5
85893,40339,240926_ML.npy,2026-09-27,2026-09-27 02:28:43.732847,7C79B4,DA42,DIAMOND AIRCRAFT INDUSTRIES,DA 42,95c1d2d0846043f5947d4a2ca0b930916a5cf4ad3a789ddffc050e221c4e68d8,True,3
85905,40351,240926_ML.npy,2026-09-27,2026-09-27 02:29:06.833556,7C2E75,C172,CESSNA AIRCRAFT COMPANY,172N,b51d73b9ddbe70d92073edfcc673cdb8b1b61cfc09afb92f6eb9bad555ad8189,True,3
85907,40353,240926_ML.npy,2026-09-27,2026-09-27 02:29:15.143649,7C2E75,C172,CESSNA AIRCRAFT COMPANY,172N,e53a8882411a38dcad516abefecce37c4ef6544817eb942cfe63c9167ca8c1f6,True,2
85921,40367,240926_ML.npy,2026-09-27,2026-09-27 02:29:46.893021,7C2E75,C172,CESSNA AIRCRAFT COMPANY,172N,becb4cdc66cdd934ebee0f239df055e8d3d2af7087ec7dc989a7a0699634fa58,True,2
85922,40368,240926_ML.npy,2026-09-27,2026-09-27 02:29:48.485098,7C79B4,DA42,DIAMOND AIRCRAFT INDUSTRIES,DA 42,ba71bc8a72e44c50bac4bad63354f1f02d40dcb75e7ab0eaaeeb2b7d34021132,True,4
85925,40371,240926_ML.npy,2026-09-27,2026-09-27 02:29:51.440323,7C2E75,C172,CESSNA AIRCRAFT COMPANY,172N,e179c6ef8169ab81e55606c9be7d1e6e6adacaea38b9f7f81878511ddfc7eda4,True,4
85931,40377,240926_ML.npy,2026-09-27,2026-09-27 02:30:01.022523,7C79B4,DA42,DIAMOND AIRCRAFT INDUSTRIES,DA 42,80090aa521432a024b43a445cd0eaf0818535865c12d1414c4684a5754a3dab1,True,4
85932,40378,240926_ML.npy,2026-09-27,2026-09-27 02:30:01.094608,7C79B4,DA42,DIAMOND AIRCRAFT INDUSTRIES,DA 42,09caf65a1552c4f10f00322ec248ba4c7d0c13cb95a7ae96a11213a7cba3eeee,True,1
85934,40380,240926_ML.npy,2026-09-27,2026-09-27 02:30:02.001419,7C79B4,DA42,DIAMOND AIRCRAFT INDUSTRIES,DA 42,5bb08868cac970ae65d6e7d50cbc5e5b617b4461546d28c2d74721a295c02714,True,3
85945,40391,240926_ML.npy,2026-09-27,2026-09-27 02:30:11.939860,7C2E75,C172,CESSNA AIRCRAFT COMPANY,172N,3299a398183e7a9f949bfdf1beb0a5d9cff7ae4aff9873a01d966d3f45dfc731,True,4
85955,40401,240926_ML.npy,2026-09-27,2026-09-27 02:31:07.539770,7C2E75,C172,CESSNA AIRCRAFT COMPANY,172N,85712cdfe4cde8e659fad9a3963c7979f8b3e66172756907ea793d19d403eec4,True,4
85961,40407,240926_ML.npy,2026-09-27,2026-09-27 02:31:48.475025,7C2E75,C172,CESSNA AIRCRAFT COMPANY,172N,71d9d834c14d762373e7d360febd1d700264cc0fa4dcfb6f0051f26582f0a7dc,True,1
85966,40412,240926_ML.npy,2026-09-27,2026-09-27 02:34:05.797976,7C79B4,DA42,DIAMOND AIRCRAFT INDUSTRIES,DA 42,22aa6f1770bd05e08c278a754fc254b1585110d430da245da62a05708af892e4,True,3
85969,40415,240926_ML.npy,2026-09-27,2026-09-27 02:34:08.225909,7C79B4,DA42,DIAMOND AIRCRAFT INDUSTRIES,DA 42,09caf65a1552c4f10f00322ec248ba4c7d0c13cb95a7ae96a11213a7cba3eeee,True,1
85971,40417,240926_ML.npy,2026-09-27,2026-09-27 02:34:10.133157,7C79B4,DA42,DIAMOND AIRCRAFT INDUSTRIES,DA 42,8d4694e454bec24076480b26902a8e7aac403344f01c5c8f6dc9de2c98fb0f1f,True,4
85977,40423,240926_ML.npy,2026-09-27,2026-09-27 02:35:33.155662,7C79B4,DA42,DIAMOND AIRCRAFT INDUSTRIES,DA 42,5d6c2fa6c0f6c25395d84e3db3a0bcc23c9061e352779bb2b2259ead6867925a,True,3
85978,40424,240926_ML.npy,2026-09-27,2026-09-27 02:35:33.161923,7C79B4,DA42,DIAMOND AIRCRAFT INDUSTRIES,DA 42,5bada7d6860d56fc6196578c6df10a1df20a538cb336de5e93f77babd61ba6ea,True,3
85979,40425,240926_ML.npy,2026-09-27,2026-09-27 02:35:33.563591,7C79B4,DA42,DIAMOND AIRCRAFT INDUSTRIES,DA 42,a1d4706e7331428520a237892ad4a0653f3b8a6ddf8e76b99f1c26db2b3c8898,True,1
85982,40428,240926_ML.npy,2026-09-27,2026-09-27 02:35:37.555745,7C79B4,DA42,DIAMOND AIRCRAFT INDUSTRIES,DA 42,0827eb578b2cebd425d24941923b9f322dc0e2981d2cf2be93ebc6bb71ad1b2c,True,1
85985,40431,240926_ML.npy,2026-09-27,2026-09-27 02:36:12.103545,7C7CF7,C172,CESSNA AIRCRAFT COMPANY,172M,90162827e36fd85164a88861d0f2625c49d0fe4b1eeb33f39bb45209d7f7998e,True,2
85989,40435,240926_ML.npy,2026-09-27,2026-09-27 02:36:30.501865,7C7CF7,C172,CESSNA AIRCRAFT COMPANY,172M,218d0c5bd070147382ff79ab64410d4afa730ec043518fda0565a28c795a1833,True,2
85992,40438,240926_ML.npy,2026-09-27,2026-09-27 02:36:35.702386,7C7CF7,C172,CESSNA AIRCRAFT COMPANY,172M,4fac65187b93a6fdc9b1a1e95a5908131612f7776525a9715c83721637ddd61b,True,4
85994,40440,240926_ML.npy,2026-09-27,2026-09-27 02:36:55.468003,7C67D3,C172,CESSNA AIRCRAFT COMPANY,172S,0351f2163c398d194c884daefcd058f452e2447700b382804398db62ad507064,True,1
85997,40443,240926_ML.npy,2026-09-27,2026-09-27 02:37:18.122317,7C7CF7,C172,CESSNA AIRCRAFT COMPANY,172M,8f9fc4e78fc49cca3475acb82def9bab95c94ed1519c23ba2256eb541a460c2b,True,3
86014,40460,240926_ML.npy,2026-09-27,2026-09-27 02:42:39.957959,7C7144,C172,CESSNA AIRCRAFT COMPANY,172N,e0b933f546267922353908c48c5ff860e89233f275ab60839742948dd9a1f4c3,True,4
86015,40461,240926_ML.npy,2026-09-27,2026-09-27 02:42:40.463186,7C7144,C172,CESSNA AIRCRAFT COMPANY,172N,04fa472890b176ec6a1957a69e22f8f2bcfd56b2fe55b7e8591c2fc4091407dd,True,2
86017,40463,240926_ML.npy,2026-09-27,2026-09-27 02:42:42.052500,7C7144,C172,CESSNA AIRCRAFT COMPANY,172N,e0138f22419f8ae99ea27ccd37d86f7efa9718bf1263ce63f4f37b430fa1c36a,True,3
86038,40484,240926_ML.npy,2026-09-27,2026-09-27 02:43:22.612436,7C7CF7,C172,CESSNA AIRCRAFT COMPANY,172M,290959c88906b1ef31c0c539de7cd6780b50bd11ea53aefe8aecbb9e406a1110,True,3
86045,40491,240926_ML.npy,2026-09-27,2026-09-27 02:46:52.866837,7C7CF7,C172,CESSNA AIRCRAFT COMPANY,172M,94e3e73f834958819c14897171c25bba19ff816f5fd813dbd72934c03f2e138f,True,5
86051,40497,240926_ML.npy,2026-09-27,2026-09-27 02:47:35.187300,7C0077,DA40,DIAMOND AIRCRAFT INDUSTRIES INC.,DA 40,011fc6ba04e0b6186c6e79cdd6c54cbcb4b075ad5b5e81bd87c6b6233c11866f,True,5
86052,40498,240926_ML.npy,2026-09-27,2026-09-27 02:47:45.810952,7C7CF7,C172,CESSNA AIRCRAFT COMPANY,172M,f946032273cd7479c728d941b38abbb0911a3f748dfecdd28e805b7280d80312,True,2
86056,40502,240926_ML.npy,2026-09-27,2026-09-27 02:47:57.215564,7C7CF7,C172,CESSNA AIRCRAFT COMPANY,172M,f04e20ec4890e82c16df86e0388e3d2af8f45ee62c099aba9e5eb4ff06ee01aa,True,3
86060,40506,240926_ML.npy,2026-09-27,2026-09-27 02:48:03.511424,7C7CF7,C172,CESSNA AIRCRAFT COMPANY,172M,4a48261bb506c47f24d1285233ab83a59bfdc42508ec953fa2935f32f22a89d9,True,5
86063,40509,240926_ML.npy,2026-09-27,2026-09-27 02:48:09.651141,7C7CF7,C172,CESSNA AIRCRAFT COMPANY,172M,f04e20ec4890e82c16df86e0388e3d2af8f45ee62c099aba9e5eb4ff06ee01aa,True,1
86064,40510,240926_ML.npy,2026-09-27,2026-09-27 02:48:09.853709,7C7CF7,C172,CESSNA AIRCRAFT COMPANY,172M,9e706c0650625299dd2d68ca0b2861f1fbe84e23da1a348ea87151dc8826fa8a,True,5
86066,40512,240926_ML.npy,2026-09-27,2026-09-27 02:48:10.428578,7C7CF7,C172,CESSNA AIRCRAFT COMPANY,172M,d03537055a2010a19d6c6c16617d5bc385709158ce2801494cf09a6a503b4165,True,2
86068,40514,240926_ML.npy,2026-09-27,2026-09-27 02:48:15.581410,7C7CF7,C172,CESSNA AIRCRAFT COMPANY,172M,85bd5be787b6b14ab0de0e943c988110a7c8a60a6246a4a10654a1e0c0625768,True,2
86075,40521,240926_ML.npy,2026-09-27,2026-09-27 02:48:34.629641,7C7CF7,C172,CESSNA AIRCRAFT COMPANY,172M,33bc515df8c1912c7fe62e370db1e9ab2d918f85db9dd56439042f352ac7b1bd,True,4
86076,40522,240926_ML.npy,2026-09-27,2026-09-27 02:48:35.185265,7C7CF7,C172,CESSNA AIRCRAFT COMPANY,172M,31362240e05691cd7c9dc8c9ebfd3e90d79f6ca242472ec83f543115956ddea7,True,3
86099,40545,240926_ML.npy,2026-09-27,2026-09-27 02:53:29.025172,7C7CF7,C172,CESSNA AIRCRAFT COMPANY,172M,8e42b26d7972ddf2fc82c88f0d296fd5b8f81b4a6ce63a0f9b418b8846877d8c,True,2
86103,40549,240926_ML.npy,2026-09-27,2026-09-27 02:53:34.385307,7C7CF7,C172,CESSNA AIRCRAFT COMPANY,172M,6f0f4a89ad4ce7a7b089a7ae208a1e0032d589bc44222f744bf7ee010ed039e0,True,1
86109,40555,240926_ML.npy,2026-09-27,2026-09-27 02:53:41.216879,7C7CF7,C172,CESSNA AIRCRAFT COMPANY,172M,ba45bbb3cfb0497520dbd9dd03644167bc4725e1a760de66d5f204435c946011,True,4
86112,40558,240926_ML.npy,2026-09-27,2026-09-27 02:53:45.382269,7C7CF7,C172,CESSNA AIRCRAFT COMPANY,172M,f04e20ec4890e82c16df86e0388e3d2af8f45ee62c099aba9e5eb4ff06ee01aa,True,3
86114,40560,240926_ML.npy,2026-09-27,2026-09-27 02:53:47.006969,7C7CF7,C172,CESSNA AIRCRAFT COMPANY,172M,b20402ddc758c4997ad26eeb9ee1e97612439a9f95f29a68bced06e374d7ee14,True,3
86117,40563,240926_ML.npy,2026-09-27,2026-09-27 02:53:48.046565,7C7CF7,C172,CESSNA AIRCRAFT COMPANY,172M,29b069c0ea8c014ef36f529ce4f945f54b50d1b99658cf00e258778e38f7fe6b,True,3
86135,40581,240926_ML.npy,2026-09-27,2026-09-27 02:57:27.888335,7C7CF7,C172,CESSNA AIRCRAFT COMPANY,172M,c6fbf14018f4506b6dd8c77af082493f370e70eb35454c8633fc58ced2aa0996,True,2
86148,40594,240926_ML.npy,2026-09-27,2026-09-27 02:59:22.505334,7C7CF7,C172,CESSNA AIRCRAFT COMPANY,172M,2f3001c68c71ffb2344fded441d2ba8d5327059784fb72e5e334067cd6eae982,True,1
86150,40596,240926_ML.npy,2026-09-27,2026-09-27 02:59:24.992877,7C7CF7,C172,CESSNA AIRCRAFT COMPANY,172M,490ec033bf8eaab62206f0ce403c2353c8de1325d85e3c3ce7d4278ef31d613e,True,2
86153,40599,240926_ML.npy,2026-09-27,2026-09-27 02:59:27.516598,7C7CF7,C172,CESSNA AIRCRAFT COMPANY,172M,7fc3582992decd5eb12f0dd1ba18155d7369eb5465f9dd98c80818b133678ce7,True,4
86157,40603,240926_ML.npy,2026-09-27,2026-09-27 02:59:43.205261,7C7CF7,C172,CESSNA AIRCRAFT COMPANY,172M,6f0f4a89ad4ce7a7b089a7ae208a1e0032d589bc44222f744bf7ee010ed039e0,True,5
86171,40617,240926_ML.npy,2026-09-27,2026-09-27 03:00:24.297562,7C7B56,DA40,DIAMOND AIRCRAFT INDUSTRIES INC.,DA 40,613ae86993d33898def02b57d5e7b8230d1172937268c662a6bd5118c72ab0fd,True,1
86172,40618,240926_ML.npy,2026-09-27,2026-09-27 03:03:06.977348,7C444D,P28A,PIPER AIRCRAFT CORP,PA-28-181,ce7754623b048bcd724516596a4e43c149b9f10091ae978882ad92de08252e9c,True,4
86173,40619,240926_ML.npy,2026-09-27,2026-09-27 03:03:25.969449,7C444D,P28A,PIPER AIRCRAFT CORP,PA-28-181,0c115ef817c960eb3901c9b6a3166af7aca264c1e5932a4bef69c37000f0dc90,True,3
86174,40620,240926_ML.npy,2026-09-27,2026-09-27 03:03:27.169090,7C7CF7,C172,CESSNA AIRCRAFT COMPANY,172M,b6f109ca7b3a4a0c97b8070d4209b99f54b02594671d744440f881f3a6338625,True,5
86176,40622,240926_ML.npy,2026-09-27,2026-09-27 03:03:30.322572,7C444D,P28A,PIPER AIRCRAFT CORP,PA-28-181,ad74abe6561ed4e0ef82adcaccf6310178c7d1b0a27be957117abd81ae7ff518,True,4
86177,40623,240926_ML.npy,2026-09-27,2026-09-27 03:03:30.914532,7C444D,P28A,PIPER AIRCRAFT CORP,PA-28-181,ad74abe6561ed4e0ef82adcaccf6310178c7d1b0a27be957117abd81ae7ff518,True,3
86178,40624,240926_ML.npy,2026-09-27,2026-09-27 03:03:31.426607,7C444D,P28A,PIPER AIRCRAFT CORP,PA-28-181,b9809f45d54e8a36060a5b024a343984dbc0ef3819c965f2541797585f803738,True,4
86180,40626,240926_ML.npy,2026-09-27,2026-09-27 03:03:40.472621,7C444D,P28A,PIPER AIRCRAFT CORP,PA-28-181,08519986321a306e98b2aaabc04e4451fc4c30424c577548a4b3f2e39803e491,True,3
86184,40630,240926_ML.npy,2026-09-27,2026-09-27 03:03:47.660532,7C444D,P28A,PIPER AIRCRAFT CORP,PA-28-181,ccd2dc391cb1146b5e58470b6bc5439a6ed3ff22bc7380181ab6004598a0075a,True,3
86186,40632,240926_ML.npy,2026-09-27,2026-09-27 03:03:49.158882,7C444D,P28A,PIPER AIRCRAFT CORP,PA-28-181,28d8b14c1b673bad9228dd4771233ad0533a281545ae57806c1654f9bf5d2fd1,True,4
86188,40634,240926_ML.npy,2026-09-27,2026-09-27 03:03:50.478736,7C444D,P28A,PIPER AIRCRAFT CORP,PA-28-181,d8ca3e90afb3bc1d4dca52ed572384b0662a75fc6da6c43081f935eb45116e9f,True,4
86191,40637,240926_ML.npy,2026-09-27,2026-09-27 03:04:47.659196,7C7CF7,C172,CESSNA AIRCRAFT COMPANY,172M,9b500d2bbae033de0754a9fa384a1d071b75ed54ae3aa8e7b25088b80026b64a,True,5
86193,40639,240926_ML.npy,2026-09-27,2026-09-27 03:05:00.473179,7C7CF7,C172,CESSNA AIRCRAFT COMPANY,172M,8104229335c0847da3c6b36e1557febef8952214927e9686ffe6d2bbf0b95398,True,5
86201,40647,240926_ML.npy,2026-09-27,2026-09-27 03:05:16.192803,7C7CF7,C172,CESSNA AIRCRAFT COMPANY,172M,bc2d1308b3e77aca6b765b359cef799587b92a603c62a32a0fc3b2a1e2d2ebde,True,3
86205,40651,240926_ML.npy,2026-09-27,2026-09-27 03:05:20.885367,7C7CF7,C172,CESSNA AIRCRAFT COMPANY,172M,6799add0336aeceb2b39964b6a97b2ca94f4a49bf9d0827bd7a99f3a5af28c24,True,5
86206,40652,240926_ML.npy,2026-09-27,2026-09-27 03:05:20.889035,7C7CF7,C172,CESSNA AIRCRAFT COMPANY,172M,21767572385c62bb34a636c6a17f525c0fe4a8298582ad00448c234274cf6d22,True,5
86209,40655,240926_ML.npy,2026-09-27,2026-09-27 03:09:39.868960,7C7CF7,C172,CESSNA AIRCRAFT COMPANY,172M,af8e910a4492588b891d1b22c869e8e6b6192f825047ab5b0a4592fecf5b23e7,True,1
86210,40656,240926_ML.npy,2026-09-27,2026-09-27 03:09:41.828795,7C7CF7,C172,CESSNA AIRCRAFT COMPANY,172M,17cdab124804e7f33312221888aa3aaa525920623a5ab56f1529ed294460172a,True,5
86215,40661,240926_ML.npy,2026-09-27,2026-09-27 03:10:55.576006,7C7CF7,C172,CESSNA AIRCRAFT COMPANY,172M,153da7e1ead7801c78b8477e5a789f85ac507120d2db8bd682403e5c669edd9e,True,4
86216,40662,240926_ML.npy,2026-09-27,2026-09-27 03:11:02.194411,7C7CF7,C172,CESSNA AIRCRAFT COMPANY,172M,56998cbbb52eb8928e7d0d282709205f4a45aeab89302b5e9bdf08532009b353,True,4
86218,40664,240926_ML.npy,2026-09-27,2026-09-27 03:11:11.077273,7C7CF7,C172,CESSNA AIRCRAFT COMPANY,172M,a3e53a4a88118dddb1b5eb47d7b30919ecb2caabb32803c48f29c66f3ca4d4e1,True,2
86220,40666,240926_ML.npy,2026-09-27,2026-09-27 03:14:55.705200,7C7CF7,C172,CESSNA AIRCRAFT COMPANY,172M,5284de9677c7e15cb7b05bd10adf9ff2c1012244cdc0255145d19c7a6994be59,True,4
86221,40667,240926_ML.npy,2026-09-27,2026-09-27 03:15:20.757265,7C7CF7,C172,CESSNA AIRCRAFT COMPANY,172M,248455614e9004162ab9acfe6642265c0994131c744c36b502059990ec1da481,True,1
86224,40670,240926_ML.npy,2026-09-27,2026-09-27 03:15:24.959654,7C7CF7,C172,CESSNA AIRCRAFT COMPANY,172M,1f7f3a2cb2b8d048e0ea51f8bd12371a88b15888d2f67c13a7f238eb64df6cac,True,2
86225,40671,240926_ML.npy,2026-09-27,2026-09-27 03:15:25.408720,7C7CF7,C172,CESSNA AIRCRAFT COMPANY,172M,34daa2fb0d29ac17ecda29664b282b1a948a2da1a6a3cfd1c535392082de54f4,True,3
86232,40678,240926_ML.npy,2026-09-27,2026-09-27 03:16:37.023732,7C7CF7,C172,CESSNA AIRCRAFT COMPANY,172M,0c2b69559af5c4a73cf0a7f5ef06327fcf2715cde025f18b9964d3c918552937,True,3
86245,40691,240926_ML.npy,2026-09-27,2026-09-27 03:16:59.163495,7C7CF7,C172,CESSNA AIRCRAFT COMPANY,172M,f04e20ec4890e82c16df86e0388e3d2af8f45ee62c099aba9e5eb4ff06ee01aa,True,5
86258,40704,240926_ML.npy,2026-09-27,2026-09-27 03:42:35.525102,7C67D0,C172,CESSNA AIRCRAFT COMPANY,172S,96594b8da2de598acdc376ed31a27ded9257e886b56d12825a76c6e8d7531fd1,True,2
86263,40709,240926_ML.npy,2026-09-27,2026-09-27 03:43:54.453667,7C67D0,C172,CESSNA AIRCRAFT COMPANY,172S,0669dd590bc77f92917517fdbc635459bc553e5179b298283117c99f889ac188,True,3
86265,40711,240926_ML.npy,2026-09-27,2026-09-27 03:44:00.672085,7C67D0,C172,CESSNA AIRCRAFT COMPANY,172S,67cf14f1813e0cd9cb5c8b66f0f61263b9fa3d65b69aafbef047fc5234559def,True,1
86272,40718,240926_ML.npy,2026-09-27,2026-09-27 03:44:05.844478,7C67D0,C172,CESSNA AIRCRAFT COMPANY,172S,5ee5d481ace5f6f0c1e8cda2cbf9c6845a702c5f7dc4e011ecd96524afe9742e,True,1
86275,40721,240926_ML.npy,2026-09-27,2026-09-27 03:46:48.516375,7C7144,C172,CESSNA AIRCRAFT COMPANY,172N,acb15158ddff5824a1cf9d4bed54cf9cf64dfcbff736a10196ef3764a33942a4,True,2
86277,40723,240926_ML.npy,2026-09-27,2026-09-27 03:46:59.148218,7C7144,C172,CESSNA AIRCRAFT COMPANY,172N,6684cc73cfd7807d42c99e8da9e6fa805dad59a3bbe986d5cdda937228478297,True,4
86278,40724,240926_ML.npy,2026-09-27,2026-09-27 03:47:31.573148,7C7144,C172,CESSNA AIRCRAFT COMPANY,172N,01acf2fbc342a3fbcd7d1734564bf27ecd3ba77d7170ce9022312822c315d5df,True,5
86281,40727,240926_ML.npy,2026-09-27,2026-09-27 04:00:55.500906,7C0074,C172,CESSNA AIRCRAFT COMPANY,172S,842769d7256bcd45c2f6767ffad1f04b1a92e6d9ebc329bbef5485b7fe4f6f3d,True,3
86295,40741,240926_ML.npy,2026-09-27,2026-09-27 04:01:32.554204,7C0074,C172,CESSNA AIRCRAFT COMPANY,172S,3c6463786bbd75c994dbd5cf849ef933e41f6b7b0d3d326c836e3c23f880260d,True,4
86296,40742,240926_ML.npy,2026-09-27,2026-09-27 04:01:33.640081,7C0074,C172,CESSNA AIRCRAFT COMPANY,172S,3ce829d796f623bc10b62eec37b1757bce3174127e4aaa92e7bccd065065c308,True,2
86300,40746,240926_ML.npy,2026-09-27,2026-09-27 04:01:38.567072,7C0074,C172,CESSNA AIRCRAFT COMPANY,172S,3ce829d796f623bc10b62eec37b1757bce3174127e4aaa92e7bccd065065c308,True,5
86306,40752,240926_ML.npy,2026-09-27,2026-09-27 04:01:57.125318,7C0074,C172,CESSNA AIRCRAFT COMPANY,172S,df818c2c2c0b00e3d54010ac26a09d172ba54961e7daaf055350772c4b215762,True,3
86308,40754,240926_ML.npy,2026-09-27,2026-09-27 04:01:59.954862,7C0074,C172,CESSNA AIRCRAFT COMPANY,172S,47aca6411242a99755c9549064c83ebe42d922817efc44d6bfdd858cb23d60fc,True,1
86317,40763,240926_ML.npy,2026-09-27,2026-09-27 04:02:13.363788,7C0074,C172,CESSNA AIRCRAFT COMPANY,172S,bee084860af61f075d31ec72c0aab3ae0bd83b763ed32cdfeed1e9a5a8b3c74e,True,3
86320,40766,240926_ML.npy,2026-09-27,2026-09-27 04:02:31.111941,7C0074,C172,CESSNA AIRCRAFT COMPANY,172S,3ce829d796f623bc10b62eec37b1757bce3174127e4aaa92e7bccd065065c308,True,1
86321,40767,240926_ML.npy,2026-09-27,2026-09-27 04:06:35.554051,7C0074,C172,CESSNA AIRCRAFT COMPANY,172S,fc466597f1ff053adc0816ce3201703d690e8cd78ee440cc92ad4a4ac80ae664,True,3
86331,40777,240926_ML.npy,2026-09-27,2026-09-27 04:07:17.839264,7C0074,C172,CESSNA AIRCRAFT COMPANY,172S,3ce829d796f623bc10b62eec37b1757bce3174127e4aaa92e7bccd065065c308,True,3
86333,40779,240926_ML.npy,2026-09-27,2026-09-27 04:07:18.612270,7C0074,C172,CESSNA AIRCRAFT COMPANY,172S,54fa98658115f1c1f06976a4f99e8ba3163ae1bdff817c4380f4ae9560d4d7d5,True,2
86354,40800,240926_ML.npy,2026-09-27,2026-09-27 04:07:46.836929,7C0074,C172,CESSNA AIRCRAFT COMPANY,172S,bee084860af61f075d31ec72c0aab3ae0bd83b763ed32cdfeed1e9a5a8b3c74e,True,3
86355,40801,240926_ML.npy,2026-09-27,2026-09-27 04:07:50.328122,7C0074,C172,CESSNA AIRCRAFT COMPANY,172S,3ce829d796f623bc10b62eec37b1757bce3174127e4aaa92e7bccd065065c308,True,2
86359,40805,240926_ML.npy,2026-09-27,2026-09-27 04:07:52.672135,7C0074,C172,CESSNA AIRCRAFT COMPANY,172S,9d61c4739663840d2056f930fbc874326357a7756d7090eafa4fe80d937e1edf,True,4
86368,40814,240926_ML.npy,2026-09-27,2026-09-27 04:08:04.251601,7C0074,C172,CESSNA AIRCRAFT COMPANY,172S,bee084860af61f075d31ec72c0aab3ae0bd83b763ed32cdfeed1e9a5a8b3c74e,True,3
86369,40815,240926_ML.npy,2026-09-27,2026-09-27 04:08:06.255469,7C0074,C172,CESSNA AIRCRAFT COMPANY,172S,976503016d5c665f8473bf214ed2d2caffef23bfff0437fc180c3b57dd0def7a,True,2
86370,40816,240926_ML.npy,2026-09-27,2026-09-27 04:08:06.311600,7C0074,C172,CESSNA AIRCRAFT COMPANY,172S,45af57b6cfe6b9f457ec53a02d881da257d7f5eb57f2a1c1a397efc836b03532,True,5
86384,40830,240926_ML.npy,2026-09-27,2026-09-27 04:11:25.255272,7C0074,C172,CESSNA AIRCRAFT COMPANY,172S,00aa85a660f590a93aa16b203942d44879a3ecc4e86cd60cc1623771af20d6e0,True,2
86385,40831,240926_ML.npy,2026-09-27,2026-09-27 04:11:25.739107,7C0074,C172,CESSNA AIRCRAFT COMPANY,172S,a40291e911cf0a5df74a61cc85e3f98e765a3314536fd4eb57a69ebb51aee28f,True,4
86392,40838,240926_ML.npy,2026-09-27,2026-09-27 04:11:43.432371,7C0074,C172,CESSNA AIRCRAFT COMPANY,172S,f356d3cfbc8e94d1864cf8357dd662e7dab382e023529d77780dcd6b9781e0c0,True,5
86395,40841,240926_ML.npy,2026-09-27,2026-09-27 04:11:45.827162,7C0074,C172,CESSNA AIRCRAFT COMPANY,172S,ac80af09b0368f57179ebd1271feca58d85c0c161b6bdcf6ecf88691d16f14d3,True,2
86401,40847,240926_ML.npy,2026-09-27,2026-09-27 04:11:50.285087,7C0074,C172,CESSNA AIRCRAFT COMPANY,172S,ae3aad33df0bf3470fdf6effe5372710b7e674d02ed3171a73814ef487ff91e9,True,4
86402,40848,240926_ML.npy,2026-09-27,2026-09-27 04:11:51.473005,7C0074,C172,CESSNA AIRCRAFT COMPANY,172S,bee084860af61f075d31ec72c0aab3ae0bd83b763ed32cdfeed1e9a5a8b3c74e,True,3
86405,40851,240926_ML.npy,2026-09-27,2026-09-27 04:12:15.049902,7C0074,C172,CESSNA AIRCRAFT COMPANY,172S,4c64970cb2fbb57cd93fe4460f84cd790dfb79b7bf43ec0fb263b0c89cbdb517,True,1
86408,40854,240926_ML.npy,2026-09-27,2026-09-27 04:12:21.092404,7C0074,C172,CESSNA AIRCRAFT COMPANY,172S,ea57846ff3c7763f21834b73109a0aae63730ff1a24d33fb38b7f8d11db09d59,True,4
86412,40858,240926_ML.npy,2026-09-27,2026-09-27 04:12:23.055690,7C0074,C172,CESSNA AIRCRAFT COMPANY,172S,da4c9795b83339dd2b6ff16cb26dcaaa4c47cf79bab087446508310cb8123bc4,True,5
86420,40866,240926_ML.npy,2026-09-27,2026-09-27 04:12:47.193842,7C0074,C172,CESSNA AIRCRAFT COMPANY,172S,41595ed4604d3f822c1e78449b6746076c4cb9a846f10d5ec3d099c0e994a28f,True,2
86422,40868,240926_ML.npy,2026-09-27,2026-09-27 04:12:47.880478,7C0074,C172,CESSNA AIRCRAFT COMPANY,172S,bee084860af61f075d31ec72c0aab3ae0bd83b763ed32cdfeed1e9a5a8b3c74e,True,2
86424,40870,240926_ML.npy,2026-09-27,2026-09-27 04:13:00.618431,7C0074,C172,CESSNA AIRCRAFT COMPANY,172S,89da8ada9f0c8aae108270651ad43fb1169afac06fc2ba6c0abe3dd7430e4730,True,4
86430,40876,240926_ML.npy,2026-09-27,2026-09-27 04:13:28.132395,7C0074,C172,CESSNA AIRCRAFT COMPANY,172S,a84240881cb3a5a6be87e2da4f5936616542200a124279d6dcd5391b9861560d,True,5
86431,40877,240926_ML.npy,2026-09-27,2026-09-27 04:13:28.141657,7C0074,C172,CESSNA AIRCRAFT COMPANY,172S,4f9aae7f1b644800ef1b347a41f34f7d3b1fd0d9df3047a8dfb87d0ce45945af,True,5
86435,40881,240926_ML.npy,2026-09-27,2026-09-27 04:16:16.595883,7C0074,C172,CESSNA AIRCRAFT COMPANY,172S,ebae977b568c04638418dd4fd3c40eccf27e6a3e841e17c3b120316817663ec0,True,4
86438,40884,240926_ML.npy,2026-09-27,2026-09-27 04:16:17.591647,7C0074,C172,CESSNA AIRCRAFT COMPANY,172S,06a7c29066bd13ce91e0cde9053468bc4e9aaf10e574c26a6bd0c52b5ad37551,True,3
86449,40895,240926_ML.npy,2026-09-27,2026-09-27 04:16:37.780454,7C0074,C172,CESSNA AIRCRAFT COMPANY,172S,507b98c1e79b43d4be2bf9e93e0d10aea02f1b7f0aaf2adfe11f72e14cbbde25,True,2
86452,40898,240926_ML.npy,2026-09-27,2026-09-27 04:16:39.063071,7C0074,C172,CESSNA AIRCRAFT COMPANY,172S,6cbbf914e23e8d4b19f59551ead4e0062fefcb4b5f42e035bd6b02c50aa07247,True,2
86464,40910,240926_ML.npy,2026-09-27,2026-09-27 04:17:21.526784,7C0074,C172,CESSNA AIRCRAFT COMPANY,172S,9dea72003d4ad866ab9e017e77375bd599bd93aac23b5393a2269cd537fc94d8,True,2
86468,40914,240926_ML.npy,2026-09-27,2026-09-27 04:17:26.746207,7C0074,C172,CESSNA AIRCRAFT COMPANY,172S,976503016d5c665f8473bf214ed2d2caffef23bfff0437fc180c3b57dd0def7a,True,3
86474,40920,240926_ML.npy,2026-09-27,2026-09-27 04:17:30.550416,7C0074,C172,CESSNA AIRCRAFT COMPANY,172S,09f7777cb6c25bca22c173c0dd449be1edd4b79cff162091211d79823534c381,True,2
86476,40922,240926_ML.npy,2026-09-27,2026-09-27 04:17:30.989988,7C0074,C172,CESSNA AIRCRAFT COMPANY,172S,194a48561c65ae5776d747ee9c2223dde35626bfd220ae7ab40fc6e0b3eb4945,True,5
86486,40932,240926_ML.npy,2026-09-27,2026-09-27 04:17:47.869570,7C0074,C172,CESSNA AIRCRAFT COMPANY,172S,b4598e1a120e7f597be2a25434d79edabe83aaae7606e2c250cc7660b977df5a,True,2
86488,40934,240926_ML.npy,2026-09-27,2026-09-27 04:17:49.618037,7C0074,C172,CESSNA AIRCRAFT COMPANY,172S,bee084860af61f075d31ec72c0aab3ae0bd83b763ed32cdfeed1e9a5a8b3c74e,True,4
86504,40950,240926_ML.npy,2026-09-27,2026-09-27 04:19:23.489145,7C0077,DA40,DIAMOND AIRCRAFT INDUSTRIES INC.,DA 40,b1ab1e13659ba52f8523971a5dfb61f2722b01622bc30cc01d78447171b28bb2,True,1
86510,40956,240926_ML.npy,2026-09-27,2026-09-27 04:21:17.538619,7C0074,C172,CESSNA AIRCRAFT COMPANY,172S,3ce829d796f623bc10b62eec37b1757bce3174127e4aaa92e7bccd065065c308,True,2
86515,40961,240926_ML.npy,2026-09-27,2026-09-27 04:21:35.064623,7C0074,C172,CESSNA AIRCRAFT COMPANY,172S,dfd1762782650d5a13eb757d87b8bf6336bc02e2c8463c3d107e28808242c76f,True,1
86517,40963,240926_ML.npy,2026-09-27,2026-09-27 04:21:57.580868,7C0074,C172,CESSNA AIRCRAFT COMPANY,172S,bee084860af61f075d31ec72c0aab3ae0bd83b763ed32cdfeed1e9a5a8b3c74e,True,3
86519,40965,240926_ML.npy,2026-09-27,2026-09-27 04:22:04.137179,7C0074,C172,CESSNA AIRCRAFT COMPANY,172S,1830e1a971ac2dbcb3978236ee35a99dc316bc54eb8e2e3d2d5d26a26c29be3c,True,5
86521,40967,240926_ML.npy,2026-09-27,2026-09-27 04:22:05.714019,7C0074,C172,CESSNA AIRCRAFT COMPANY,172S,c3d3cc1101acfcb45892070d09a2fca3065baaa36f982fa04424ab15129f562a,True,4
86525,40971,240926_ML.npy,2026-09-27,2026-09-27 04:22:18.889201,7C0074,C172,CESSNA AIRCRAFT COMPANY,172S,8406bd52814ddc048fadf07470c6aab28f6d6bee9be4cd580fed24f966011180,True,3
86528,40974,240926_ML.npy,2026-09-27,2026-09-27 04:22:25.189663,7C0074,C172,CESSNA AIRCRAFT COMPANY,172S,3ce829d796f623bc10b62eec37b1757bce3174127e4aaa92e7bccd065065c308,True,4
86535,40981,240926_ML.npy,2026-09-27,2026-09-27 04:22:31.705772,7C0074,C172,CESSNA AIRCRAFT COMPANY,172S,67935dd8990bcb84f28c543e856eb12a5150e7d872805e7cd151f9f9274946fe,True,4
86539,40985,240926_ML.npy,2026-09-27,2026-09-27 04:22:33.722663,7C0074,C172,CESSNA AIRCRAFT COMPANY,172S,b6612611d65fc406c3befcaa9c8f81f72e6caa71b3b0dff1d6add6b08387d8e4,True,4
86541,40987,240926_ML.npy,2026-09-27,2026-09-27 04:22:34.179820,7C0074,C172,CESSNA AIRCRAFT COMPANY,172S,2ce26eb2e573731e4b46bc76f851c270d4307c8ec325c15791283fd146694b31,True,1
86543,40989,240926_ML.npy,2026-09-27,2026-09-27 04:22:35.783822,7C0074,C172,CESSNA AIRCRAFT COMPANY,172S,49e7edb5994cdab1d9da8f3dbc02e2340b4914d290d540e662acc974e7c7019e,True,2
86548,40994,240926_ML.npy,2026-09-27,2026-09-27 04:22:38.945655,7C0074,C172,CESSNA AIRCRAFT COMPANY,172S,2bbc3ea61f774f154aaf7ea6cd6aaf6170e1f1cd9739176ec65d6cb1e1811cf6,True,1
86549,40995,240926_ML.npy,2026-09-27,2026-09-27 04:22:38.949959,7C0074,C172,CESSNA AIRCRAFT COMPANY,172S,01bd0022c8fc3484f2509c0484ff7c8e98249f22ac922f2a1c98775b9943f262,True,3
86554,41000,240926_ML.npy,2026-09-27,2026-09-27 04:22:45.030892,7C0074,C172,CESSNA AIRCRAFT COMPANY,172S,3ce829d796f623bc10b62eec37b1757bce3174127e4aaa92e7bccd065065c308,True,5
86555,41001,240926_ML.npy,2026-09-27,2026-09-27 04:22:49.755608,7C0074,C172,CESSNA AIRCRAFT COMPANY,172S,69923481d97fce9c9552a28edbd433e38a3f9ffc681d10a565cda91c13aea606,True,1
86575,41021,240926_ML.npy,2026-09-27,2026-09-27 04:25:50.781930,7C0074,C172,CESSNA AIRCRAFT COMPANY,172S,344d7efb5d669013c18e88c00eaef746f33bd156c6fe708a7f02e9fac0b9aaf4,True,4
86586,41032,240926_ML.npy,2026-09-27,2026-09-27 04:26:45.708630,7C0074,C172,CESSNA AIRCRAFT COMPANY,172S,f157d5dac7d6084d6f305282281cac9feffc97be7533ec37bcbc36d20f646314,True,5
86590,41036,240926_ML.npy,2026-09-27,2026-09-27 04:26:54.371651,7C0074,C172,CESSNA AIRCRAFT COMPANY,172S,bee084860af61f075d31ec72c0aab3ae0bd83b763ed32cdfeed1e9a5a8b3c74e,True,1
86593,41039,240926_ML.npy,2026-09-27,2026-09-27 04:26:57.006802,7C0074,C172,CESSNA AIRCRAFT COMPANY,172S,bbb602f3768a18b383a2092156e4cef0f3fa646df3e04721f4b49938e5a7a36b,True,4
86596,41042,240926_ML.npy,2026-09-27,2026-09-27 04:27:03.190438,7C0074,C172,CESSNA AIRCRAFT COMPANY,172S,1b431188729f3fd89b1abf4ed7a730a6e7abf81349d62377d9188aa3db8c44c1,True,3
86607,41053,240926_ML.npy,2026-09-27,2026-09-27 04:27:15.185592,7C0074,C172,CESSNA AIRCRAFT COMPANY,172S,7605d27b054a5aa7503d021bab499e57230f9ca730c02fc878228b75724f8421,True,4
86612,41058,240926_ML.npy,2026-09-27,2026-09-27 04:27:19.369725,7C0074,C172,CESSNA AIRCRAFT COMPANY,172S,bee084860af61f075d31ec72c0aab3ae0bd83b763ed32cdfeed1e9a5a8b3c74e,True,1
86623,41069,240926_ML.npy,2026-09-27,2026-09-27 04:27:53.166502,7C0074,C172,CESSNA AIRCRAFT COMPANY,172S,101d114b82e236fe5f74bb0eb5de6b9f50b11a85445dbf3a97514bf38907d0fd,True,1
86627,41073,240926_ML.npy,2026-09-27,2026-09-27 04:27:56.613521,7C0074,C172,CESSNA AIRCRAFT COMPANY,172S,b0b0726fb8f393ce503f23d727f103755887202300850ff99b84db72eb25b9a8,True,3
86629,41075,240926_ML.npy,2026-09-27,2026-09-27 04:30:37.214794,7C0074,C172,CESSNA AIRCRAFT COMPANY,172S,3ce829d796f623bc10b62eec37b1757bce3174127e4aaa92e7bccd065065c308,True,5
86643,41089,240926_ML.npy,2026-09-27,2026-09-27 04:31:34.760188,7C0074,C172,CESSNA AIRCRAFT COMPANY,172S,1b4db13b5c295dfc2e7a1b8004482073c5857bf640602a445263ce4e4073d52c,True,3
86651,41097,240926_ML.npy,2026-09-27,2026-09-27 04:31:51.202393,7C0074,C172,CESSNA AIRCRAFT COMPANY,172S,8826dc6a1847320497fdb598adb6798005c91697fd0a9138c9be544205c63e45,True,1
86658,41104,240926_ML.npy,2026-09-27,2026-09-27 04:31:56.662644,7C0074,C172,CESSNA AIRCRAFT COMPANY,172S,bee084860af61f075d31ec72c0aab3ae0bd83b763ed32cdfeed1e9a5a8b3c74e,True,5
86667,41113,240926_ML.npy,2026-09-27,2026-09-27 04:32:08.449789,7C0074,C172,CESSNA AIRCRAFT COMPANY,172S,f0b86b06c7dfc3fb0452d67e8ce634b5225b8d67536243f11fd41227cf31c5bb,True,1
86673,41119,240926_ML.npy,2026-09-27,2026-09-27 04:32:34.536006,7C0074,C172,CESSNA AIRCRAFT COMPANY,172S,b33631261b7bb2e2122e12b7be950599f0f08c8b2ce5c57dc924ac3eb5190ae9,True,4
86681,41127,240926_ML.npy,2026-09-27,2026-09-27 04:35:00.092062,7C0074,C172,CESSNA AIRCRAFT COMPANY,172S,bee084860af61f075d31ec72c0aab3ae0bd83b763ed32cdfeed1e9a5a8b3c74e,True,4
86682,41128,240926_ML.npy,2026-09-27,2026-09-27 04:35:01.358778,7C0074,C172,CESSNA AIRCRAFT COMPANY,172S,bee084860af61f075d31ec72c0aab3ae0bd83b763ed32cdfeed1e9a5a8b3c74e,True,2
86685,41131,240926_ML.npy,2026-09-27,2026-09-27 04:35:07.625832,7C0074,C172,CESSNA AIRCRAFT COMPANY,172S,bee084860af61f075d31ec72c0aab3ae0bd83b763ed32cdfeed1e9a5a8b3c74e,True,4
86688,41134,240926_ML.npy,2026-09-27,2026-09-27 04:35:08.257707,7C0074,C172,CESSNA AIRCRAFT COMPANY,172S,c3b59c346d19f48e14884586ee590afff84fd96080482cbbf51012ae4f878873,True,5
86696,41142,240926_ML.npy,2026-09-27,2026-09-27 04:35:25.294114,7C0074,C172,CESSNA AIRCRAFT COMPANY,172S,3ce829d796f623bc10b62eec37b1757bce3174127e4aaa92e7bccd065065c308,True,4
86699,41145,240926_ML.npy,2026-09-27,2026-09-27 04:35:31.391378,7C0074,C172,CESSNA AIRCRAFT COMPANY,172S,8be80b1648eb56d5162925f5dafae9431aa89539b7e02ecacb27ae441b001469,True,3
86700,41146,240926_ML.npy,2026-09-27,2026-09-27 04:35:39.310971,7C7C41,DA40,DIAMOND AIRCRAFT INDUSTRIES INC.,DA 40,9e928e79cbbf2d33b1573192d55d2dca9dc8b4ce8ca5cf8a7aab8d6392877075,True,2
86702,41148,240926_ML.npy,2026-09-27,2026-09-27 04:35:39.545823,7C0074,C172,CESSNA AIRCRAFT COMPANY,172S,3adcce42e68bb3b2cde8ec73e7d74dafb99e51f45c5bd13f6d8585ef4a81b499,True,4
86706,41152,240926_ML.npy,2026-09-27,2026-09-27 04:35:43.450888,7C0074,C172,CESSNA AIRCRAFT COMPANY,172S,5dbe124062685653a8be58a1e3ccf3ce6fe30994258eaf665f3990e404f625e0,True,1
86708,41154,240926_ML.npy,2026-09-27,2026-09-27 04:35:48.657437,7C0074,C172,CESSNA AIRCRAFT COMPANY,172S,4b8c110983487552d2ca00a0c1f93c6e527b96bbd001c701e91b13afb1bf04ff,True,1
86710,41156,240926_ML.npy,2026-09-27,2026-09-27 04:35:50.847746,7C0074,C172,CESSNA AIRCRAFT COMPANY,172S,976503016d5c665f8473bf214ed2d2caffef23bfff0437fc180c3b57dd0def7a,True,2
86718,41164,240926_ML.npy,2026-09-27,2026-09-27 04:35:57.922805,7C0074,C172,CESSNA AIRCRAFT COMPANY,172S,54e65f4038c09e24f5629f8c1483183df70288183ae2dae41ae2a408738b3568,True,1
86721,41167,240926_ML.npy,2026-09-27,2026-09-27 04:36:03.964242,7C0074,C172,CESSNA AIRCRAFT COMPANY,172S,bee084860af61f075d31ec72c0aab3ae0bd83b763ed32cdfeed1e9a5a8b3c74e,True,1
86723,41169,240926_ML.npy,2026-09-27,2026-09-27 04:36:05.631166,7C0074,C172,CESSNA AIRCRAFT COMPANY,172S,6df3a9843bc41c336f341fb2ad1ec9aead703ea11c003f4dfbfc4bb517278502,True,2
86726,41172,240926_ML.npy,2026-09-27,2026-09-27 04:36:06.048301,7C0074,C172,CESSNA AIRCRAFT COMPANY,172S,b6c05eee77ed03c9857aa53636e8ab7a53c59deaa16177cc583c5ad348993d23,True,5
86727,41173,240926_ML.npy,2026-09-27,2026-09-27 04:36:06.500254,7C0074,C172,CESSNA AIRCRAFT COMPANY,172S,bee084860af61f075d31ec72c0aab3ae0bd83b763ed32cdfeed1e9a5a8b3c74e,True,5
86741,41187,240926_ML.npy,2026-09-27,2026-09-27 04:36:23.854676,7C0074,C172,CESSNA AIRCRAFT COMPANY,172S,b403eb8dba1490ac669c1dfe03f15f9ff37fb62d2a857414b797b1af60dbc04f,True,2
86744,41190,240926_ML.npy,2026-09-27,2026-09-27 04:36:25.843845,7C0074,C172,CESSNA AIRCRAFT COMPANY,172S,aab8def3f65b917a91c031b4eb89e8131f9287c214df1b758569e33948af03a4,True,4
86752,41198,240926_ML.npy,2026-09-27,2026-09-27 04:36:36.830253,7C0074,C172,CESSNA AIRCRAFT COMPANY,172S,995fc6c9ae7dc19bf3b775130598f632fda20af55090f55dc207023a8855cc3b,True,4
86758,41204,240926_ML.npy,2026-09-27,2026-09-27 04:36:53.931001,7C0074,C172,CESSNA AIRCRAFT COMPANY,172S,bee084860af61f075d31ec72c0aab3ae0bd83b763ed32cdfeed1e9a5a8b3c74e,True,5
86767,41213,240926_ML.npy,2026-09-27,2026-09-27 04:37:05.711276,7C0074,C172,CESSNA AIRCRAFT COMPANY,172S,8406bd52814ddc048fadf07470c6aab28f6d6bee9be4cd580fed24f966011180,True,5
86775,41221,240926_ML.npy,2026-09-27,2026-09-27 04:42:08.262720,7C6C18,C172,CESSNA AIRCRAFT COMPANY,172S,203f99fc5ce3a09610df6060ca908e496d451043719572c6b25efbe7ae9cf6e2,True,3
86776,41222,240926_ML.npy,2026-09-27,2026-09-27 04:42:09.357390,7C6C18,C172,CESSNA AIRCRAFT COMPANY,172S,6694a1cf13d7bb99d3785b492a04f4d798ee59b8bcbc70fd67e850961cd7ae83,True,4
86778,41224,240926_ML.npy,2026-09-27,2026-09-27 04:42:10.525221,7C6C18,C172,CESSNA AIRCRAFT COMPANY,172S,2ecdbb86dbecd1860a554d236b38ce070246d6cb2db7aabd5b53b146a4ac72f1,True,5
86783,41229,240926_ML.npy,2026-09-27,2026-09-27 04:42:26.306687,7C6C18,C172,CESSNA AIRCRAFT COMPANY,172S,3108089208062a4449de0435977589c6e5d08ce3bf94b9718704413f85227992,True,4
86785,41231,240926_ML.npy,2026-09-27,2026-09-27 04:42:46.306825,7C6C18,C172,CESSNA AIRCRAFT COMPANY,172S,ac8d86f2f27d348733dca2ef799baa6ea0cba8453028afbb987f2874577e9b53,True,5
86788,41234,240926_ML.npy,2026-09-27,2026-09-27 04:42:53.308773,7C6C18,C172,CESSNA AIRCRAFT COMPANY,172S,67509068f4641eee46ca4232951a75c2ef351fa1d112891bbd1511b17cf51961,True,2
86800,41246,240926_ML.npy,2026-09-27,2026-09-27 04:43:03.241612,7C6C18,C172,CESSNA AIRCRAFT COMPANY,172S,04cb44e125386db9353158773948105d6cbc6022d2a92bda707487114c0a8852,True,1
86801,41247,240926_ML.npy,2026-09-27,2026-09-27 04:43:04.224435,7C6C18,C172,CESSNA AIRCRAFT COMPANY,172S,3c4336fe2e3e456dd682921ad6d8e2d65b97d12cbd8971a458a1fdabb72d85ed,True,2
86809,41255,240926_ML.npy,2026-09-27,2026-09-27 04:43:16.805261,7C6C18,C172,CESSNA AIRCRAFT COMPANY,172S,97ad859877f35af2a2da9ac46f9db96014469be0a2225082937e5ab39bad0c81,True,2
86813,41259,240926_ML.npy,2026-09-27,2026-09-27 04:43:21.902220,7C6C18,C172,CESSNA AIRCRAFT COMPANY,172S,6694a1cf13d7bb99d3785b492a04f4d798ee59b8bcbc70fd67e850961cd7ae83,True,2
86832,41278,240926_ML.npy,2026-09-27,2026-09-27 04:46:40.714211,7C6C18,C172,CESSNA AIRCRAFT COMPANY,172S,f23f34945f6c81b2c4815a2326f75d606ed94a46b38b509ffed0eeee881567c9,True,3
86834,41280,240926_ML.npy,2026-09-27,2026-09-27 04:46:42.202580,7C6C18,C172,CESSNA AIRCRAFT COMPANY,172S,6694a1cf13d7bb99d3785b492a04f4d798ee59b8bcbc70fd67e850961cd7ae83,True,1
86835,41281,240926_ML.npy,2026-09-27,2026-09-27 04:46:43.506146,7C6C18,C172,CESSNA AIRCRAFT COMPANY,172S,203f99fc5ce3a09610df6060ca908e496d451043719572c6b25efbe7ae9cf6e2,True,1
86847,41293,240926_ML.npy,2026-09-27,2026-09-27 04:47:05.680238,7C6C18,C172,CESSNA AIRCRAFT COMPANY,172S,f00db9b5b8c2a66251cb866b769be9b90147732c35cb1dd9015ae869327f14c1,True,4
86852,41298,240926_ML.npy,2026-09-27,2026-09-27 04:47:29.087983,7C6C18,C172,CESSNA AIRCRAFT COMPANY,172S,c1b26e4d6130af875e220d588224534d8dc74cdee18be4a887354ba8097ab8b9,True,5
86854,41300,240926_ML.npy,2026-09-27,2026-09-27 04:47:31.129422,7C6C18,C172,CESSNA AIRCRAFT COMPANY,172S,7530ff89ffce48ad7e978f909f1b3cd280163afba08b7d88aa05e4a06b072e22,True,4
86863,41309,240926_ML.npy,2026-09-27,2026-09-27 04:47:39.489962,7C6C18,C172,CESSNA AIRCRAFT COMPANY,172S,cd61bf8210bc2ea7556ec73d82ab43a9df2231b643c5b31042e1774df0d5108b,True,2
86875,41321,240926_ML.npy,2026-09-27,2026-09-27 04:48:44.290510,7C6C18,C172,CESSNA AIRCRAFT COMPANY,172S,429ed2ae5ed27ec7a6968167b000918c475b56a0d1274b44ce9c6570b29d5820,True,5
86879,41325,240926_ML.npy,2026-09-27,2026-09-27 04:48:48.016264,7C6C18,C172,CESSNA AIRCRAFT COMPANY,172S,203f99fc5ce3a09610df6060ca908e496d451043719572c6b25efbe7ae9cf6e2,True,2
86886,41332,240926_ML.npy,2026-09-27,2026-09-27 04:51:33.007013,7C6C18,C172,CESSNA AIRCRAFT COMPANY,172S,203f99fc5ce3a09610df6060ca908e496d451043719572c6b25efbe7ae9cf6e2,True,2
86891,41337,240926_ML.npy,2026-09-27,2026-09-27 04:51:44.756542,7C6C18,C172,CESSNA AIRCRAFT COMPANY,172S,345cefa98b0b4070a7fb0946862d194a36a0c9c2cfcc01f0cf5d2d8b735b9ce4,True,2
86895,41341,240926_ML.npy,2026-09-27,2026-09-27 04:51:47.186507,7C6C18,C172,CESSNA AIRCRAFT COMPANY,172S,ab6127d2ed9f914efaae744041d603c9694d2fac7afa73e57db556e2172f2185,True,1
86896,41342,240926_ML.npy,2026-09-27,2026-09-27 04:51:47.770709,7C6C18,C172,CESSNA AIRCRAFT COMPANY,172S,6694a1cf13d7bb99d3785b492a04f4d798ee59b8bcbc70fd67e850961cd7ae83,True,1
86911,41357,240926_ML.npy,2026-09-27,2026-09-27 04:52:25.187468,7C6C18,C172,CESSNA AIRCRAFT COMPANY,172S,f23f34945f6c81b2c4815a2326f75d606ed94a46b38b509ffed0eeee881567c9,True,5
86918,41364,240926_ML.npy,2026-09-27,2026-09-27 04:52:30.308354,7C6C18,C172,CESSNA AIRCRAFT COMPANY,172S,ec56d0375711ca539fdf971dc8a21b8fc9c67fd3b09cd56ff7ab16c723662bbe,True,1
86926,41372,240926_ML.npy,2026-09-27,2026-09-27 04:52:36.484534,7C6C18,C172,CESSNA AIRCRAFT COMPANY,172S,1153cf9338e8da1fb59b9291dcaa1f773745e236d446fe8e4619517938e41afa,True,4
86938,41384,240926_ML.npy,2026-09-27,2026-09-27 04:52:49.916019,7C6C18,C172,CESSNA AIRCRAFT COMPANY,172S,3895cc79a50605bf8bdbfae478deaf061be4d6b983da83115bd3d78e442e1284,True,1
86940,41386,240926_ML.npy,2026-09-27,2026-09-27 04:52:49.952095,7C6C18,C172,CESSNA AIRCRAFT COMPANY,172S,429ed2ae5ed27ec7a6968167b000918c475b56a0d1274b44ce9c6570b29d5820,True,1
86942,41388,240926_ML.npy,2026-09-27,2026-09-27 04:52:52.731651,7C6C18,C172,CESSNA AIRCRAFT COMPANY,172S,1be6965b9da8e2b79e21dd33cd2d9f500a6f8ac5cfc9e9d90c11ec481631f954,True,2
86944,41390,240926_ML.npy,2026-09-27,2026-09-27 04:52:55.041948,7C6C18,C172,CESSNA AIRCRAFT COMPANY,172S,429ed2ae5ed27ec7a6968167b000918c475b56a0d1274b44ce9c6570b29d5820,True,3
86945,41391,240926_ML.npy,2026-09-27,2026-09-27 04:53:01.467496,7C6C18,C172,CESSNA AIRCRAFT COMPANY,172S,6694a1cf13d7bb99d3785b492a04f4d798ee59b8bcbc70fd67e850961cd7ae83,True,5
86948,41394,240926_ML.npy,2026-09-27,2026-09-27 04:56:01.550732,7C6C18,C172,CESSNA AIRCRAFT COMPANY,172S,6694a1cf13d7bb99d3785b492a04f4d798ee59b8bcbc70fd67e850961cd7ae83,True,4
86949,41395,240926_ML.npy,2026-09-27,2026-09-27 04:56:02.495416,7C6C18,C172,CESSNA AIRCRAFT COMPANY,172S,93f4c46790e00999dc2a7c3116acec73b4d0c7f00a3000bf193f48ea410d5250,True,2
86951,41397,240926_ML.npy,2026-09-27,2026-09-27 04:56:06.153010,7C6C18,C172,CESSNA AIRCRAFT COMPANY,172S,107a3a1d5b3d673ef48caa290640ce40aae5524bd62b104b3cffe129b8477899,True,1
86952,41398,240926_ML.npy,2026-09-27,2026-09-27 04:56:07.502333,7C6C18,C172,CESSNA AIRCRAFT COMPANY,172S,447f938e56857a8610d9aa57d13168538614110ab35a093d623f756a8ce68316,True,3
86963,41409,240926_ML.npy,2026-09-27,2026-09-27 04:56:20.091899,7C6C18,C172,CESSNA AIRCRAFT COMPANY,172S,b2a347e3d9f9876c6c39702e2a96861098c26cb34c19c863ae31e78a7bdfec28,True,4
86974,41420,240926_ML.npy,2026-09-27,2026-09-27 04:56:32.989672,7C6C18,C172,CESSNA AIRCRAFT COMPANY,172S,203f99fc5ce3a09610df6060ca908e496d451043719572c6b25efbe7ae9cf6e2,True,2
86975,41421,240926_ML.npy,2026-09-27,2026-09-27 04:56:34.605157,7C6C18,C172,CESSNA AIRCRAFT COMPANY,172S,f6407d1f0ca1d164977918f163d4a50d2b0d546d264457cddd7d85b94169f4da,True,4
86987,41433,240926_ML.npy,2026-09-27,2026-09-27 04:56:56.242113,7C6C18,C172,CESSNA AIRCRAFT COMPANY,172S,692f632baf53f8f8d2f13b338a8cc5f3d2a1fb677012e9219489373127ab6556,True,3
86988,41434,240926_ML.npy,2026-09-27,2026-09-27 04:56:59.305026,7C6C18,C172,CESSNA AIRCRAFT COMPANY,172S,f23f34945f6c81b2c4815a2326f75d606ed94a46b38b509ffed0eeee881567c9,True,5
86995,41441,240926_ML.npy,2026-09-27,2026-09-27 04:57:04.332850,7C6C18,C172,CESSNA AIRCRAFT COMPANY,172S,fb42a56bcf491b297f0b0e4328421fee2cf9409f41650230d49199995b2a7a82,True,1
87002,41448,240926_ML.npy,2026-09-27,2026-09-27 04:57:08.748121,7C6C18,C172,CESSNA AIRCRAFT COMPANY,172S,6694a1cf13d7bb99d3785b492a04f4d798ee59b8bcbc70fd67e850961cd7ae83,True,3
87006,41452,240926_ML.npy,2026-09-27,2026-09-27 04:57:11.255113,7C6C18,C172,CESSNA AIRCRAFT COMPANY,172S,6694a1cf13d7bb99d3785b492a04f4d798ee59b8bcbc70fd67e850961cd7ae83,True,1
87009,41455,240926_ML.npy,2026-09-27,2026-09-27 04:57:16.175860,7C6C18,C172,CESSNA AIRCRAFT COMPANY,172S,b0b182be776ae19e3b83442078e81aeb7051297ba3be16532ec0a0709ce437d8,True,2
87010,41456,240926_ML.npy,2026-09-27,2026-09-27 04:57:16.287474,7C6C18,C172,CESSNA AIRCRAFT COMPANY,172S,6694a1cf13d7bb99d3785b492a04f4d798ee59b8bcbc70fd67e850961cd7ae83,True,1
87014,41460,240926_ML.npy,2026-09-27,2026-09-27 04:57:20.539868,7C6C18,C172,CESSNA AIRCRAFT COMPANY,172S,429ed2ae5ed27ec7a6968167b000918c475b56a0d1274b44ce9c6570b29d5820,True,3
87015,41461,240926_ML.npy,2026-09-27,2026-09-27 04:57:20.803503,7C6C18,C172,CESSNA AIRCRAFT COMPANY,172S,a3b6fb2f5e07c45d9e5ae2e5d366fff5695b49c4fc31970ad9035205c19e28cd,True,2
87017,41463,240926_ML.npy,2026-09-27,2026-09-27 04:57:21.264817,7C6C18,C172,CESSNA AIRCRAFT COMPANY,172S,49a79c097bc62473ba90d8b4e544c13c422b9ee25ad2f103dff28bca6b2a90cd,True,4
87022,41468,240926_ML.npy,2026-09-27,2026-09-27 04:57:45.724182,7C6C18,C172,CESSNA AIRCRAFT COMPANY,172S,2f369eb84bf0b5796193770c3028318e517295779b92a3175330ef25832ad82e,True,5
87029,41475,240926_ML.npy,2026-09-27,2026-09-27 04:57:55.228524,7C6C18,C172,CESSNA AIRCRAFT COMPANY,172S,9756e51c8b380c49c276f3cea0706968d005e131f629e6692c6b4725c5612c52,True,4
87033,41479,240926_ML.npy,2026-09-27,2026-09-27 04:58:00.185637,7C6C18,C172,CESSNA AIRCRAFT COMPANY,172S,203f99fc5ce3a09610df6060ca908e496d451043719572c6b25efbe7ae9cf6e2,True,4
87040,41486,240926_ML.npy,2026-09-27,2026-09-27 05:00:57.776728,7C6C18,C172,CESSNA AIRCRAFT COMPANY,172S,3988b422674916625d8a4c66a9da9110d9df8b200e17a36e04d961629d0b3b04,True,1
87045,41491,240926_ML.npy,2026-09-27,2026-09-27 05:01:19.778895,7C6C18,C172,CESSNA AIRCRAFT COMPANY,172S,6694a1cf13d7bb99d3785b492a04f4d798ee59b8bcbc70fd67e850961cd7ae83,True,5
87051,41497,240926_ML.npy,2026-09-27,2026-09-27 05:01:25.132371,7C6C18,C172,CESSNA AIRCRAFT COMPANY,172S,390c8de4faf5064f82bacfc30d8a99a353322065bfd7d0012b7e089b01665873,True,5
87056,41502,240926_ML.npy,2026-09-27,2026-09-27 05:01:29.144438,7C6C18,C172,CESSNA AIRCRAFT COMPANY,172S,89123c1042f5199286f3ac77eb9001f7c0c94d0a7709ad0370f8e9323c27ef9e,True,2
87063,41509,240926_ML.npy,2026-09-27,2026-09-27 05:01:41.018803,7C6C18,C172,CESSNA AIRCRAFT COMPANY,172S,6694a1cf13d7bb99d3785b492a04f4d798ee59b8bcbc70fd67e850961cd7ae83,True,1
87064,41510,240926_ML.npy,2026-09-27,2026-09-27 05:01:41.415502,7C6C18,C172,CESSNA AIRCRAFT COMPANY,172S,2b64f648238a0077dd850924052d9b79a71af29771774ed115e77795b4f15af3,True,2
87073,41519,240926_ML.npy,2026-09-27,2026-09-27 05:01:51.221259,7C6C18,C172,CESSNA AIRCRAFT COMPANY,172S,44098bf5c3c6f36012fd7f421c84cf2c54d944ecf3640d54e5e53d2c0da4ec56,True,1
87075,41521,240926_ML.npy,2026-09-27,2026-09-27 05:01:52.084984,7C6C18,C172,CESSNA AIRCRAFT COMPANY,172S,6da7e30b0855ae2463645290d1b180684bf0d04a0cde233af2a1042b07e57a7b,True,3
87085,41531,240926_ML.npy,2026-09-27,2026-09-27 05:02:03.292935,7C6C18,C172,CESSNA AIRCRAFT COMPANY,172S,71729e21fe0ac6f9fb9bb460c9b649a74d8de980e8f0678086ed9402035fd989,True,5
87086,41532,240926_ML.npy,2026-09-27,2026-09-27 05:02:03.550108,7C6C18,C172,CESSNA AIRCRAFT COMPANY,172S,6694a1cf13d7bb99d3785b492a04f4d798ee59b8bcbc70fd67e850961cd7ae83,True,1
87090,41536,240926_ML.npy,2026-09-27,2026-09-27 05:02:13.182514,7C6C18,C172,CESSNA AIRCRAFT COMPANY,172S,203f99fc5ce3a09610df6060ca908e496d451043719572c6b25efbe7ae9cf6e2,True,4
87091,41537,240926_ML.npy,2026-09-27,2026-09-27 05:02:14.181914,7C6C18,C172,CESSNA AIRCRAFT COMPANY,172S,2da5651d98a06c33844880559b90cf32c17a3290f48bbb7e4c40dfeb7411f731,True,3
87093,41539,240926_ML.npy,2026-09-27,2026-09-27 05:02:20.578281,7C6C18,C172,CESSNA AIRCRAFT COMPANY,172S,a23157f94dc9c5e0e20bfe84ff1a3559eef3593b7848b9855a863674358fa517,True,2
87095,41541,240926_ML.npy,2026-09-27,2026-09-27 05:02:25.051247,7C6C18,C172,CESSNA AIRCRAFT COMPANY,172S,f0748f1f554718991480f88db03197a75ecb16d58c04f081de559f9e1bcd1ff2,True,1
87097,41543,240926_ML.npy,2026-09-27,2026-09-27 05:02:26.613407,7C6C18,C172,CESSNA AIRCRAFT COMPANY,172S,10ea065c54e9768ca7a1b7961cd6fbcd5e176eacde4c22827e3b2c57a005137a,True,1
87100,41546,240926_ML.npy,2026-09-27,2026-09-27 05:02:27.142924,7C6C18,C172,CESSNA AIRCRAFT COMPANY,172S,05d21cbf5063e98c9e7fa161560eabc62c0152d7c0a301fb851752a44473fcc8,True,1
87131,41577,240926_ML.npy,2026-09-27,2026-09-27 05:04:57.013368,7C7C31,DA40,DIAMOND AIRCRAFT INDUSTRIES INC.,DA 40,43ac2359cffa7635a00f7f7a64c29e56f241132a25cae3c66cd9d11d038c3ae2,True,5
87142,41588,240926_ML.npy,2026-09-27,2026-09-27 05:05:28.339216,7C0077,DA40,DIAMOND AIRCRAFT INDUSTRIES INC.,DA 40,fc14600342597994ec42b28038d36dff2c56e08db19953b670fac30b09fdc2e2,True,3
87143,41589,240926_ML.npy,2026-09-27,2026-09-27 05:05:31.365265,7C6C18,C172,CESSNA AIRCRAFT COMPANY,172S,9a92a673a6e5b4e07edecadbb24824e1011ae269807cc962577bd2a458db5aa8,True,1
87145,41591,240926_ML.npy,2026-09-27,2026-09-27 05:05:33.168015,7C6C18,C172,CESSNA AIRCRAFT COMPANY,172S,f23f34945f6c81b2c4815a2326f75d606ed94a46b38b509ffed0eeee881567c9,True,2
87149,41595,240926_ML.npy,2026-09-27,2026-09-27 05:05:50.699243,7C6C18,C172,CESSNA AIRCRAFT COMPANY,172S,256c5012f1f2bdc16c67ac0d6850b05f8dbe4b22560e83c66bf5825852ba83c1,True,1
87155,41601,240926_ML.npy,2026-09-27,2026-09-27 05:05:57.236682,7C6C18,C172,CESSNA AIRCRAFT COMPANY,172S,c447d21fbd65115a5915bf607f724caa2b911c3fceb8abd59d1fcc333f6150e6,True,2
87162,41608,240926_ML.npy,2026-09-27,2026-09-27 05:06:01.977520,7C6C18,C172,CESSNA AIRCRAFT COMPANY,172S,6694a1cf13d7bb99d3785b492a04f4d798ee59b8bcbc70fd67e850961cd7ae83,True,3
87165,41611,240926_ML.npy,2026-09-27,2026-09-27 05:06:10.192986,7C6C18,C172,CESSNA AIRCRAFT COMPANY,172S,203f99fc5ce3a09610df6060ca908e496d451043719572c6b25efbe7ae9cf6e2,True,1
87168,41614,240926_ML.npy,2026-09-27,2026-09-27 05:06:13.789413,7C6C18,C172,CESSNA AIRCRAFT COMPANY,172S,de718a9f85eed9c1cf023fe710be683ad95ae93e886dac8f009d9de7879f0257,True,4
87169,41615,240926_ML.npy,2026-09-27,2026-09-27 05:06:14.509622,7C6C18,C172,CESSNA AIRCRAFT COMPANY,172S,429ed2ae5ed27ec7a6968167b000918c475b56a0d1274b44ce9c6570b29d5820,True,1
87170,41616,240926_ML.npy,2026-09-27,2026-09-27 05:06:14.534950,7C6C18,C172,CESSNA AIRCRAFT COMPANY,172S,6694a1cf13d7bb99d3785b492a04f4d798ee59b8bcbc70fd67e850961cd7ae83,True,2
87171,41617,240926_ML.npy,2026-09-27,2026-09-27 05:06:14.809216,7C6C18,C172,CESSNA AIRCRAFT COMPANY,172S,b5bc9e9c05ae376231cafaae124483d502a12958febba78f4067e60ae9c9914e,True,2
87174,41620,240926_ML.npy,2026-09-27,2026-09-27 05:06:15.834308,7C6C18,C172,CESSNA AIRCRAFT COMPANY,172S,aee000f25eac34bf50aac1ebd3961e24acac954f9e0791ccf19308a1435373e6,True,4
87176,41622,240926_ML.npy,2026-09-27,2026-09-27 05:06:18.563478,7C6C18,C172,CESSNA AIRCRAFT COMPANY,172S,f23f34945f6c81b2c4815a2326f75d606ed94a46b38b509ffed0eeee881567c9,True,2
87181,41627,240926_ML.npy,2026-09-27,2026-09-27 05:06:26.275931,7C6C18,C172,CESSNA AIRCRAFT COMPANY,172S,4a49c84d43e9ee9f83ffca8d2a21c0a31f207e9cff39ab05898713fbd0dad164,True,4
87182,41628,240926_ML.npy,2026-09-27,2026-09-27 05:06:27.353128,7C6C18,C172,CESSNA AIRCRAFT COMPANY,172S,8aaf3bc2e4718511ec08276cf22b934e01444fdb618652236f9fd42e967ec71f,True,4
87187,41633,240926_ML.npy,2026-09-27,2026-09-27 05:06:32.706763,7C6C18,C172,CESSNA AIRCRAFT COMPANY,172S,203f99fc5ce3a09610df6060ca908e496d451043719572c6b25efbe7ae9cf6e2,True,1
87193,41639,240926_ML.npy,2026-09-27,2026-09-27 05:06:36.656958,7C6C18,C172,CESSNA AIRCRAFT COMPANY,172S,24296a30e3c6bb580b8a203fff11e68c977381805ee2029127745cf3376c9397,True,1
87195,41641,240926_ML.npy,2026-09-27,2026-09-27 05:06:42.104434,7C6C18,C172,CESSNA AIRCRAFT COMPANY,172S,1851f9f2bd8b20041e7eb96f8f836fbb21e6fa33e55c67a0678c543cd18e10ab,True,1
87197,41643,240926_ML.npy,2026-09-27,2026-09-27 05:06:44.248547,7C6C18,C172,CESSNA AIRCRAFT COMPANY,172S,429ed2ae5ed27ec7a6968167b000918c475b56a0d1274b44ce9c6570b29d5820,True,3
87203,41649,240926_ML.npy,2026-09-27,2026-09-27 05:06:58.926202,7C6C18,C172,CESSNA AIRCRAFT COMPANY,172S,f23f34945f6c81b2c4815a2326f75d606ed94a46b38b509ffed0eeee881567c9,True,1
87205,41651,240926_ML.npy,2026-09-27,2026-09-27 05:06:59.571906,7C6C18,C172,CESSNA AIRCRAFT COMPANY,172S,58a66ff2017837709fe8ae78111d9a7defa19770da4cca87bee01eff35244c63,True,5
87207,41653,240926_ML.npy,2026-09-27,2026-09-27 05:07:07.561655,7C6C18,C172,CESSNA AIRCRAFT COMPANY,172S,9321873f6b1c2391025ca4a6c7735fe87d96717e93cde582d2a0ae8a24a1ac32,True,3
87217,41663,240926_ML.npy,2026-09-27,2026-09-27 05:07:19.182715,7C6C18,C172,CESSNA AIRCRAFT COMPANY,172S,05005183d5f7a3b8c60e3cdbc937cc867b6c0698fa9c04c75af6c00fd00c862c,True,2
87218,41664,240926_ML.npy,2026-09-27,2026-09-27 05:07:21.135487,7C6C18,C172,CESSNA AIRCRAFT COMPANY,172S,39523b1a4fe9c01850da622003f5299a4dae159c8c6695908e3ae350fed76152,True,4
87232,41678,240926_ML.npy,2026-09-27,2026-09-27 05:09:39.503426,7C6C18,C172,CESSNA AIRCRAFT COMPANY,172S,eeaa754d810be87deb05048c95786f0c5751e64d04272bae4cd94b43bda4c421,True,5
87237,41683,240926_ML.npy,2026-09-27,2026-09-27 05:09:49.271185,7C6C18,C172,CESSNA AIRCRAFT COMPANY,172S,b68f21147d2bc88fd2b3603b92d9a4eab4fb64420e24487dbb7f2cf70006a1ba,True,1
87238,41684,240926_ML.npy,2026-09-27,2026-09-27 05:09:50.152844,7C6C18,C172,CESSNA AIRCRAFT COMPANY,172S,9f15f10eb5c5cb2202ad03b7259c606f3090745b696d74f9cb5237759e4827b4,True,4
87241,41687,240926_ML.npy,2026-09-27,2026-09-27 05:09:55.792099,7C6C18,C172,CESSNA AIRCRAFT COMPANY,172S,fe4bd48defc417775cab85a6b0c28cb33297ec52f89083fc51f3c85bf7382a3c,True,3
87243,41689,240926_ML.npy,2026-09-27,2026-09-27 05:09:56.377898,7C6C18,C172,CESSNA AIRCRAFT COMPANY,172S,3289492e55a53921eb182e580ef3fde72e69cb38a0b96da5e427e6045da7cebc,True,3
87255,41701,240926_ML.npy,2026-09-27,2026-09-27 05:10:07.092419,7C6C18,C172,CESSNA AIRCRAFT COMPANY,172S,f1f7e12d0b6ec1310ac57b17679eeafcd657edeab62db9abe46d8822a6e5fbfa,True,2
87256,41702,240926_ML.npy,2026-09-27,2026-09-27 05:10:07.095985,7C6C18,C172,CESSNA AIRCRAFT COMPANY,172S,d6f2a2923f557c5af7022c45da75ea2f74526ddacf7fcca0764110eb26b4183f,True,1
87266,41712,240926_ML.npy,2026-09-27,2026-09-27 05:10:11.190920,7C6C18,C172,CESSNA AIRCRAFT COMPANY,172S,09d07e150c9d93f6ff893208fa9358384256eb1cb68e965ff3a1909d5d14128c,True,1
87271,41717,240926_ML.npy,2026-09-27,2026-09-27 05:10:14.377737,7C6C18,C172,CESSNA AIRCRAFT COMPANY,172S,6694a1cf13d7bb99d3785b492a04f4d798ee59b8bcbc70fd67e850961cd7ae83,True,1
87281,41727,240926_ML.npy,2026-09-27,2026-09-27 05:10:33.109181,7C6C18,C172,CESSNA AIRCRAFT COMPANY,172S,228e748048649e4fec9706e7976c1b195196a5fda2e4f6cca30a50cba1fbeccb,True,4
87287,41733,240926_ML.npy,2026-09-27,2026-09-27 05:10:45.049995,7C6C18,C172,CESSNA AIRCRAFT COMPANY,172S,a056f517edf4f69abe1375d53e23e2980f3fa49cb5a769da1492611a8b2a30f9,True,1
87294,41740,240926_ML.npy,2026-09-27,2026-09-27 05:11:04.604292,7C6C18,C172,CESSNA AIRCRAFT COMPANY,172S,203f99fc5ce3a09610df6060ca908e496d451043719572c6b25efbe7ae9cf6e2,True,3
87295,41741,240926_ML.npy,2026-09-27,2026-09-27 05:11:13.790992,7C6C18,C172,CESSNA AIRCRAFT COMPANY,172S,de6b16d21c4034f9d7371b3ecbcbaa8b3d58978de3739e00b0b6c7f87a758f54,True,4
87299,41745,240926_ML.npy,2026-09-27,2026-09-27 05:13:07.821363,7C67D3,C172,CESSNA AIRCRAFT COMPANY,172S,4d8e0f6aeb3fb3dd443a3a040ba37edce956653b96b9bcb4e8b0d18e9a91c6b2,True,3
87313,41759,240926_ML.npy,2026-09-27,2026-09-27 05:14:04.099251,7C6C18,C172,CESSNA AIRCRAFT COMPANY,172S,f36e7e0f365876029f2a072e708cd9d39db393bff43a6454145ad5438d0ebc87,True,1
87316,41762,240926_ML.npy,2026-09-27,2026-09-27 05:14:11.250743,7C6C18,C172,CESSNA AIRCRAFT COMPANY,172S,49090592e328980454aa882568fae7334bf6b66d0b86e9300b6f1cd7ad924c23,True,2
87322,41768,240926_ML.npy,2026-09-27,2026-09-27 05:14:21.417895,7C6C18,C172,CESSNA AIRCRAFT COMPANY,172S,4eb1ee79296d4455f36b7e5b398416495ec4e21c1f56d1457511529ddc0429ee,True,5
87331,41777,240926_ML.npy,2026-09-27,2026-09-27 05:14:29.028419,7C6C18,C172,CESSNA AIRCRAFT COMPANY,172S,61640a10c62d5047df7f243220dbfad3cd9460ddf14e830a174fba90da3e3dde,True,3
87332,41778,240926_ML.npy,2026-09-27,2026-09-27 05:14:30.388277,7C6C18,C172,CESSNA AIRCRAFT COMPANY,172S,4846bff3d35e0631c954aa83927b1c1877b5b9ff219743b5bb4d0cc0706823d3,True,4
87334,41780,240926_ML.npy,2026-09-27,2026-09-27 05:14:31.608823,7C6C18,C172,CESSNA AIRCRAFT COMPANY,172S,61640a10c62d5047df7f243220dbfad3cd9460ddf14e830a174fba90da3e3dde,True,5
87343,41789,240926_ML.npy,2026-09-27,2026-09-27 05:14:48.845627,7C6C18,C172,CESSNA AIRCRAFT COMPANY,172S,8e15327060119f1e22c72cf980e9d87d4628ad1765e445a11dda846552808960,True,1
87346,41792,240926_ML.npy,2026-09-27,2026-09-27 05:14:52.629842,7C6C18,C172,CESSNA AIRCRAFT COMPANY,172S,16bd300e64c354d55044361a14ce195ab2e748350d52f12c36da97b7c219da27,True,1
87350,41796,240926_ML.npy,2026-09-27,2026-09-27 05:15:11.833020,7C6C18,C172,CESSNA AIRCRAFT COMPANY,172S,b7ab7cc9df193cd6cb8063cc5397cddb4b9e10e98e426d775f19bc7796063a81,True,2
87354,41800,240926_ML.npy,2026-09-27,2026-09-27 05:15:48.033960,7C6C18,C172,CESSNA AIRCRAFT COMPANY,172S,2b591044a16894d6ed036ac2e51c85032ce4fbcb3005f6a0bc1ec4a282dbdf80,True,2
87360,41806,240926_ML.npy,2026-09-27,2026-09-27 05:16:06.803643,7C444D,P28A,PIPER AIRCRAFT CORP,PA-28-181,d8ca3e90afb3bc1d4dca52ed572384b0662a75fc6da6c43081f935eb45116e9f,True,1
87361,41807,240926_ML.npy,2026-09-27,2026-09-27 05:16:13.487610,7C7CF7,C172,CESSNA AIRCRAFT COMPANY,172M,018d53de6bb2263e65e29711d9872df0a7c7b04df2a444d1754042be8fef4417,True,1
87365,41811,240926_ML.npy,2026-09-27,2026-09-27 05:16:53.679477,7C7CF7,C172,CESSNA AIRCRAFT COMPANY,172M,fab7c98a2754b81d05bede5e77b494accc84e8d61db6dcb7afb96028a5d8462c,True,4
87367,41813,240926_ML.npy,2026-09-27,2026-09-27 05:16:55.732781,7C7CF7,C172,CESSNA AIRCRAFT COMPANY,172M,031f6e3c68ced4909507de550fa186df380f89fc47527498570da96f806a6526,True,5
87368,41814,240926_ML.npy,2026-09-27,2026-09-27 05:16:58.913503,7C444D,P28A,PIPER AIRCRAFT CORP,PA-28-181,2e9544f1ed92b86fb681774ad16552745ff52e73453a71b740146a916a65a411,True,4
87370,41816,240926_ML.npy,2026-09-27,2026-09-27 05:17:40.449894,7C7CF7,C172,CESSNA AIRCRAFT COMPANY,172M,b7c4536f1acf65cdfd7ced4f72faab00c3968b9041d9cb52b09c2389e28ed61b,True,2
87478,41924,240926_ML.npy,2026-09-27,2026-09-27 05:39:13.642149,7C41FD,DA40,DIAMOND AIRCRAFT INDUSTRIES INC.,DA 40,272184d0d363493a6a882d6c8d129563d5cacd94bc33740b6ee1fddf987de1cb,True,1
87479,41925,240926_ML.npy,2026-09-27,2026-09-27 05:39:17.729132,7C41FD,DA40,DIAMOND AIRCRAFT INDUSTRIES INC.,DA 40,c3d86d908d4cf299a080946b1caf1eeb20d5b7345f50d9c53cef93df7b349000,True,4
87497,41943,240926_ML.npy,2026-09-27,2026-09-27 05:44:16.164181,7C41FD,DA40,DIAMOND AIRCRAFT INDUSTRIES INC.,DA 40,2d680b5c621ac478b47ba71da6269192dc3a8ea8d2ac621041c7edf2adcb0bb4,True,1
87498,41944,240926_ML.npy,2026-09-27,2026-09-27 05:44:18.659385,7C41FD,DA40,DIAMOND AIRCRAFT INDUSTRIES INC.,DA 40,b00ae11cac536980c5162ea91c111589f49a6e08719eb03274a6d5ef17f05828,True,1
87504,41950,240926_ML.npy,2026-09-27,2026-09-27 05:44:22.476944,7C41FD,DA40,DIAMOND AIRCRAFT INDUSTRIES INC.,DA 40,2680869a2cfb850dfa4648a77b68940148bfb7dea67341e33f0e7c4b043c0150,True,1
87506,41952,240926_ML.npy,2026-09-27,2026-09-27 05:44:29.045314,7C41FD,DA40,DIAMOND AIRCRAFT INDUSTRIES INC.,DA 40,6f5ee31fdd82f45104ceefc172be616f92a9513da43962a1334f675091d25660,True,5
87516,41962,240926_ML.npy,2026-09-27,2026-09-27 05:44:36.008732,7C41FD,DA40,DIAMOND AIRCRAFT INDUSTRIES INC.,DA 40,bac062824d25dd5ec2b0c16514e17f1d843c5b99973fb9e5e847bacf398b89f2,True,5
87525,41971,240926_ML.npy,2026-09-27,2026-09-27 05:49:23.273597,7C41FD,DA40,DIAMOND AIRCRAFT INDUSTRIES INC.,DA 40,bdb40a429ac7ac3abe891e1710462270b43a3e739d05b1e9ce82e0f6d3b3b40a,True,4
87537,41983,240926_ML.npy,2026-09-27,2026-09-27 05:49:29.328820,7C41FD,DA40,DIAMOND AIRCRAFT INDUSTRIES INC.,DA 40,3edbe499eabce13dfa3107fd4055e7e4c5c72f8754e0bcf2c2789fdc3d47c986,True,2
87558,42004,240926_ML.npy,2026-09-27,2026-09-27 05:53:15.892547,7C41FD,DA40,DIAMOND AIRCRAFT INDUSTRIES INC.,DA 40,272184d0d363493a6a882d6c8d129563d5cacd94bc33740b6ee1fddf987de1cb,True,1
87563,42009,240926_ML.npy,2026-09-27,2026-09-27 05:54:03.836066,7C41FD,DA40,DIAMOND AIRCRAFT INDUSTRIES INC.,DA 40,f0a6ec9aaf8a35dc4a295328cd2cf45576c4608d0e27a217086833da1779354a,True,1
87566,42012,240926_ML.npy,2026-09-27,2026-09-27 05:54:17.258947,7C41FD,DA40,DIAMOND AIRCRAFT INDUSTRIES INC.,DA 40,bd215a8d9f5eac592d3949af4a4d69c40dc30586882e8006800897db4e4bab93,True,2
87568,42014,240926_ML.npy,2026-09-27,2026-09-27 05:54:18.476773,7C41FD,DA40,DIAMOND AIRCRAFT INDUSTRIES INC.,DA 40,ca3c431819122b2a9e842a54a6e771d97c78dfd9bf3576dcd5186f0cefafb50c,True,4
87589,42035,240926_ML.npy,2026-09-27,2026-09-27 05:58:37.755198,7C41FD,DA40,DIAMOND AIRCRAFT INDUSTRIES INC.,DA 40,35ee8cac83ec5c54ccd972fa8e99da0f99d2b8daf68a757972017638ce273615,True,4
87600,42046,240926_ML.npy,2026-09-27,2026-09-27 05:58:48.415244,7C41FD,DA40,DIAMOND AIRCRAFT INDUSTRIES INC.,DA 40,6447a47d41d25a2ce4d75273361462c0028beebd0c02ba055c1425a26bc70055,True,1
87609,42055,240926_ML.npy,2026-09-27,2026-09-27 05:58:56.732207,7C41FD,DA40,DIAMOND AIRCRAFT INDUSTRIES INC.,DA 40,a1f572aa736fa3724ecebeda167dbb2c8a6947ed0fcf5bb39a62c633f9d94fed,True,2
87615,42061,240926_ML.npy,2026-09-27,2026-09-27 05:59:01.367488,7C41FD,DA40,DIAMOND AIRCRAFT INDUSTRIES INC.,DA 40,ed0b05172a7d90e9ca9092b127528d9468ccd6669888ac1eb6e19800679bf321,True,5
87638,42084,240926_ML.npy,2026-09-27,2026-09-27 06:03:34.633676,7C41FD,DA40,DIAMOND AIRCRAFT INDUSTRIES INC.,DA 40,bac062824d25dd5ec2b0c16514e17f1d843c5b99973fb9e5e847bacf398b89f2,True,4
87641,42087,240926_ML.npy,2026-09-27,2026-09-27 06:03:38.476540,7C41FD,DA40,DIAMOND AIRCRAFT INDUSTRIES INC.,DA 40,d997b5d666addd0be76c7b256aa22a95079a2fd133ee93114a8be05652458db8,True,4
87651,42097,240926_ML.npy,2026-09-27,2026-09-27 06:07:38.776445,7C41FD,DA40,DIAMOND AIRCRAFT INDUSTRIES INC.,DA 40,bac062824d25dd5ec2b0c16514e17f1d843c5b99973fb9e5e847bacf398b89f2,True,5
87660,42106,240926_ML.npy,2026-09-27,2026-09-27 06:07:46.195601,7C7B65,DA40,DIAMOND AIRCRAFT INDUSTRIES INC.,DA 40,e2a7be33e82d53dc71fcc9447173d712ab8112fa5db0b9970abe81f4a8753816,True,2
87662,42108,240926_ML.npy,2026-09-27,2026-09-27 06:07:46.802874,7C41FD,DA40,DIAMOND AIRCRAFT INDUSTRIES INC.,DA 40,b86d6c925e5bb33dd629af73083c481f6d7612fab853baf2a889e86a0bd71790,True,3
87670,42116,240926_ML.npy,2026-09-27,2026-09-27 06:07:56.864626,7C41FD,DA40,DIAMOND AIRCRAFT INDUSTRIES INC.,DA 40,7e1754e8dbc5ff9031ecb79c1dbbabc3c3b09e904df87e715052ed9d75a97c15,True,4
87691,42137,240926_ML.npy,2026-09-27,2026-09-27 06:08:27.345948,7C41FD,DA40,DIAMOND AIRCRAFT INDUSTRIES INC.,DA 40,b00ae11cac536980c5162ea91c111589f49a6e08719eb03274a6d5ef17f05828,True,2
87711,42157,240926_ML.npy,2026-09-27,2026-09-27 06:12:16.149342,7C41FD,DA40,DIAMOND AIRCRAFT INDUSTRIES INC.,DA 40,386ec3ce38a30f314dac6b43847af654068cc132444195c83617bca680b64b09,True,5
87774,42220,240926_ML.npy,2026-09-27,2026-09-27 06:55:00.258073,7C7AF7,DA40,DIAMOND AIRCRAFT INDUSTRIES INC.,DA 40,f9f6684d62a816439c76dc078be7ff7de85d925bc1de717730b90116d3f48c0a,True,4
87789,42235,240926_ML.npy,2026-09-27,2026-09-27 06:55:17.876815,7C7AF7,DA40,DIAMOND AIRCRAFT INDUSTRIES INC.,DA 40,c49e6d0784d110085971b9ffec878424ce24eb749ed6068dc672f480207fdc91,True,3
87795,42241,240926_ML.npy,2026-09-27,2026-09-27 06:56:04.077366,7C7AF7,DA40,DIAMOND AIRCRAFT INDUSTRIES INC.,DA 40,595870b341ada833afbc8a8266ae3c91a737de8fcbaf47a37c6ef33a031b942d,True,2
87797,42243,240926_ML.npy,2026-09-27,2026-09-27 06:56:24.196304,7C4E44,DA40,DIAMOND AIRCRAFT INDUSTRIES INC.,DA 40,01d0714eaf6627ef65acde65aa0d62ee1a076257ac2062788c8a63676aae8664,True,2
87835,42281,240926_ML.npy,2026-09-27,2026-09-27 07:00:03.545187,7C7AF7,DA40,DIAMOND AIRCRAFT INDUSTRIES INC.,DA 40,dc6f7095613cf28d469f5443ecf30490e1ce239f906e32433c8b55c2830b7fae,True,5
87851,42297,240926_ML.npy,2026-09-27,2026-09-27 07:16:26.918323,7C0077,DA40,DIAMOND AIRCRAFT INDUSTRIES INC.,DA 40,f7320f886c400d83cca085ae24c09c580b701001cac0d7359fdbd1ffe2062215,True,5
87861,42307,240926_ML.npy,2026-09-27,2026-09-27 07:17:12.694977,7C0077,DA40,DIAMOND AIRCRAFT INDUSTRIES INC.,DA 40,fe3b3d357b629015dbc532de4c7a17259076b9b7c7d41a2fe725a991c6ccc255,True,2
87865,42311,240926_ML.npy,2026-09-27,2026-09-27 07:17:18.063026,7C0077,DA40,DIAMOND AIRCRAFT INDUSTRIES INC.,DA 40,bc8ceee4a522749ec9175ff8d151d4c51042db33bf629a2e8528ab3f71f1f5e0,True,1
87866,42312,240926_ML.npy,2026-09-27,2026-09-27 07:17:21.767360,7C0077,DA40,DIAMOND AIRCRAFT INDUSTRIES INC.,DA 40,221eb9582685ebe06fbc58e72fab0b05868f600e7f843ec61079dd0af0727e16,True,1
87868,42314,240926_ML.npy,2026-09-27,2026-09-27 07:17:22.306273,7C0077,DA40,DIAMOND AIRCRAFT INDUSTRIES INC.,DA 40,3533e44ad4905eb6a46b0c411e926f729a9f2fd46b8b4e9c7030b5f39646698d,True,4
87872,42318,240926_ML.npy,2026-09-27,2026-09-27 07:17:36.719514,7C0077,DA40,DIAMOND AIRCRAFT INDUSTRIES INC.,DA 40,0803840b459b3aa95dca42b93bae863ca07941d3fc47ceaab08e240af46a5857,True,2
87873,42319,240926_ML.npy,2026-09-27,2026-09-27 07:17:36.724247,7C0077,DA40,DIAMOND AIRCRAFT INDUSTRIES INC.,DA 40,1f79d3e0271f9733b52f7881dcefe6d84f0010ab43718cdbc9800806d8e3acaf,True,1
87877,42323,240926_ML.npy,2026-09-27,2026-09-27 07:20:29.355450,7C67D3,C172,CESSNA AIRCRAFT COMPANY,172S,4d8e0f6aeb3fb3dd443a3a040ba37edce956653b96b9bcb4e8b0d18e9a91c6b2,True,4
87878,42324,240926_ML.npy,2026-09-27,2026-09-27 07:20:33.652960,7C67D3,C172,CESSNA AIRCRAFT COMPANY,172S,98859d8ea52d3abc13b89f0cfa5ce70c558330590022b9c06eec1825df9c2c73,True,2
87880,42326,240926_ML.npy,2026-09-27,2026-09-27 07:20:34.029408,7C67D3,C172,CESSNA AIRCRAFT COMPANY,172S,496f7ef7d6d9d3279b2d1cc8e469b024775b17efc69616d7e89184322dfe5b01,True,2
87882,42328,240926_ML.npy,2026-09-27,2026-09-27 07:20:37.042863,7C67D3,C172,CESSNA AIRCRAFT COMPANY,172S,3db839022ff4e9e3323b168281559d28d6edd24adc90d73a5c55e74d5b2f76cd,True,4
87890,42336,240926_ML.npy,2026-09-27,2026-09-27 07:20:51.813934,7C67D3,C172,CESSNA AIRCRAFT COMPANY,172S,56933e257dfcbae3e8d1697a3fbc9d681c30a423085ced138c92b3d42f71be88,True,4
87915,42361,240926_ML.npy,2026-09-27,2026-09-27 07:22:22.759933,7C0077,DA40,DIAMOND AIRCRAFT INDUSTRIES INC.,DA 40,8d8b4f64a6ba3072d6ede4cff55cd1e785a08f8af13c5c0b62195b98ce9ba540,True,2
87925,42371,240926_ML.npy,2026-09-27,2026-09-27 07:22:33.506284,7C0077,DA40,DIAMOND AIRCRAFT INDUSTRIES INC.,DA 40,6d52f16cc722fbc9acde479d16f6ec2e2b144bf1304a54ddafac6c9546c1ba71,True,4
87937,42383,240926_ML.npy,2026-09-27,2026-09-27 07:28:14.838444,7C0077,DA40,DIAMOND AIRCRAFT INDUSTRIES INC.,DA 40,7c2dbc05e0133ec05e0d1de4159c089cd12ca0d450b2a19966d3a0af07c21141,True,4
87939,42385,240926_ML.npy,2026-09-27,2026-09-27 07:28:16.706801,7C0077,DA40,DIAMOND AIRCRAFT INDUSTRIES INC.,DA 40,d01741815db2d19539e1449948483c58ae6d7bfa3ce6406c3874b89f16263b4d,True,5
87948,42394,240926_ML.npy,2026-09-27,2026-09-27 07:32:23.442401,7C0077,DA40,DIAMOND AIRCRAFT INDUSTRIES INC.,DA 40,99e9c2b87b53310b25c417e6b3862b6c53e564e443c3d88f92e91804059db3bb,True,4
87968,42414,240926_ML.npy,2026-09-27,2026-09-27 07:34:12.366193,7C0077,DA40,DIAMOND AIRCRAFT INDUSTRIES INC.,DA 40,f805553b52edbaf5572b731958bedafce14f80d941763a93801f00114af8fa18,True,3
87972,42418,240926_ML.npy,2026-09-27,2026-09-27 07:34:17.486138,7C0077,DA40,DIAMOND AIRCRAFT INDUSTRIES INC.,DA 40,e2cc6bed7fdb2ac3170f7349d8d9cc46b49e6d50dd10d85d23574ab7c3ed274c,True,4
87985,42431,240926_ML.npy,2026-09-27,2026-09-27 07:41:30.452961,7C41FD,DA40,DIAMOND AIRCRAFT INDUSTRIES INC.,DA 40,6b4a2a16199bc2a11930a56618e0f8624b126614304438877e50a4d530565a77,True,5
87996,42442,240926_ML.npy,2026-09-27,2026-09-27 07:42:06.855845,7C41FD,DA40,DIAMOND AIRCRAFT INDUSTRIES INC.,DA 40,34406538672f68f641a67ffc5c3512a09cb4f4f52cd389adad6e9342a33094ab,True,3
88002,42448,240926_ML.npy,2026-09-27,2026-09-27 07:42:14.878475,7C41FD,DA40,DIAMOND AIRCRAFT INDUSTRIES INC.,DA 40,73a05919b36097d43566700ad13f8e01911dc7c80adac5377cd983f4979b5134,True,3
88005,42451,240926_ML.npy,2026-09-27,2026-09-27 07:42:15.866783,7C41FD,DA40,DIAMOND AIRCRAFT INDUSTRIES INC.,DA 40,1ae28d58bafa9be15bbb8b1248cd90408ad422f28180d136f9dd92e9f6fd081e,True,3
88022,42468,240926_ML.npy,2026-09-27,2026-09-27 07:46:10.808777,7C41FD,DA40,DIAMOND AIRCRAFT INDUSTRIES INC.,DA 40,45fda3858c25d93742bbc42f07e4105fe246b899171ab28088467296e74d5be0,True,1
88028,42474,240926_ML.npy,2026-09-27,2026-09-27 07:46:16.351752,7C41FD,DA40,DIAMOND AIRCRAFT INDUSTRIES INC.,DA 40,2327e710a3fbfa93b1e7afa4e2167259efe17665bd8de781c945b11f03783c01,True,4
88033,42479,240926_ML.npy,2026-09-27,2026-09-27 07:46:50.658327,7C41FD,DA40,DIAMOND AIRCRAFT INDUSTRIES INC.,DA 40,45fda3858c25d93742bbc42f07e4105fe246b899171ab28088467296e74d5be0,True,2
88051,42497,240926_ML.npy,2026-09-27,2026-09-27 07:47:13.047624,7C41FD,DA40,DIAMOND AIRCRAFT INDUSTRIES INC.,DA 40,8d26389e49a1610cc11c7fcf6211f4530d998c344e57edbd9c62c6ecf511b53a,True,1
88067,42513,240926_ML.npy,2026-09-27,2026-09-27 07:51:30.150643,7C41FD,DA40,DIAMOND AIRCRAFT INDUSTRIES INC.,DA 40,ca3c431819122b2a9e842a54a6e771d97c78dfd9bf3576dcd5186f0cefafb50c,True,1
88071,42517,240926_ML.npy,2026-09-27,2026-09-27 07:51:33.926546,7C41FD,DA40,DIAMOND AIRCRAFT INDUSTRIES INC.,DA 40,6b4a2a16199bc2a11930a56618e0f8624b126614304438877e50a4d530565a77,True,5
88080,42526,240926_ML.npy,2026-09-27,2026-09-27 07:55:30.813267,7C67D3,C172,CESSNA AIRCRAFT COMPANY,172S,821d59573661c2ff8e8f099e6d2b2a5d92f9af9a58b09364fe8dcb6067dc752a,True,5
88093,42539,240926_ML.npy,2026-09-27,2026-09-27 07:56:14.025311,7C41FD,DA40,DIAMOND AIRCRAFT INDUSTRIES INC.,DA 40,741b8debdf486d335f901f1cf501f666a1bbc363d2f35afee1b70be9104eabb3,True,4
88140,42586,240926_ML.npy,2026-09-27,2026-09-27 08:06:03.688622,7C41FD,DA40,DIAMOND AIRCRAFT INDUSTRIES INC.,DA 40,7017f80e4d17f7e48c0e5c04ff60c86e4aa50d6dceca574aa13201b26079a297,True,5
88154,42600,240926_ML.npy,2026-09-27,2026-09-27 08:06:22.685978,7C41FD,DA40,DIAMOND AIRCRAFT INDUSTRIES INC.,DA 40,45fda3858c25d93742bbc42f07e4105fe246b899171ab28088467296e74d5be0,True,5
88196,42642,240926_ML.npy,2026-09-27,2026-09-27 08:10:04.905726,7C41FD,DA40,DIAMOND AIRCRAFT INDUSTRIES INC.,DA 40,6f5ee31fdd82f45104ceefc172be616f92a9513da43962a1334f675091d25660,True,5
88201,42647,240926_ML.npy,2026-09-27,2026-09-27 08:10:12.659672,7C41FD,DA40,DIAMOND AIRCRAFT INDUSTRIES INC.,DA 40,2c7d71e347157bff548ab00b6d56929df44548f4eba339e59650724df2836399,True,4
88207,42653,240926_ML.npy,2026-09-27,2026-09-27 08:10:24.043527,7C41FD,DA40,DIAMOND AIRCRAFT INDUSTRIES INC.,DA 40,42f2aabfba5c3113b28e27b11a8c5bd39e88c66ce84325f4ec6b74ea538cd012,True,5
88223,42669,240926_ML.npy,2026-09-27,2026-09-27 08:14:37.271602,7C41FD,DA40,DIAMOND AIRCRAFT INDUSTRIES INC.,DA 40,6b4a2a16199bc2a11930a56618e0f8624b126614304438877e50a4d530565a77,True,5
88236,42682,240926_ML.npy,2026-09-27,2026-09-27 08:14:51.164912,7C41FD,DA40,DIAMOND AIRCRAFT INDUSTRIES INC.,DA 40,b888b5e429f2959a5cc1fc58242c258b1a9cd5c52f95bded47441c995dd05def,True,1
88260,42706,240926_ML.npy,2026-09-27,2026-09-27 08:19:09.389175,7C41FD,DA40,DIAMOND AIRCRAFT INDUSTRIES INC.,DA 40,bc84355ce9f13ac8aea98b65625a94b9d353706e72ffccd4b8ac904815d7986f,True,2
88464,42910,240926_ML.npy,2026-09-27,2026-09-27 21:26:08.116904,7C7AF8,DA40,DIAMOND AIRCRAFT INDUSTRIES INC.,DA 40,fa703ba3d24cbbf65dbb845c08354219769f6bb6bb643b78209d7aabef076758,True,5
88517,42963,240926_ML.npy,2026-09-27,2026-09-27 21:56:35.137299,7C1B2A,DA40,DIAMOND AIRCRAFT INDUSTRIES INC.,DA 40,83e1908da9d0fcc82e17d6cf31457e7124ada77ee7c58105c9d1f6a2192f373c,True,2
88524,42970,240926_ML.npy,2026-09-27,2026-09-27 22:04:52.242070,7C67D3,C172,CESSNA AIRCRAFT COMPANY,172S,3e661adf51643a2c4f7f7578a4b4a1128467af3e486b80b1b1951f2b0fd75a40,True,1
88528,42974,240926_ML.npy,2026-09-27,2026-09-27 22:05:16.126061,7C67D3,C172,CESSNA AIRCRAFT COMPANY,172S,6433502eb8316c20800e7b2510cb03b1926998876d56e77d4db85c1e472099e3,True,1
88533,42979,240926_ML.npy,2026-09-27,2026-09-27 22:05:31.192952,7C67D3,C172,CESSNA AIRCRAFT COMPANY,172S,17c8c0e42a1e2843350e47a7f54b807ed0ae57a8cc4afef4b99a076a4eb8e17d,True,2
88535,42981,240926_ML.npy,2026-09-27,2026-09-27 22:05:41.193629,7C67D3,C172,CESSNA AIRCRAFT COMPANY,172S,4d8e0f6aeb3fb3dd443a3a040ba37edce956653b96b9bcb4e8b0d18e9a91c6b2,True,4
88546,42992,240926_ML.npy,2026-09-27,2026-09-27 22:12:16.395597,7C7B65,DA40,DIAMOND AIRCRAFT INDUSTRIES INC.,DA 40,01821b475afeb20cd6cc3fb4215c0e9386245904db42e252b98962b4c8eef4b4,True,5
88579,43025,240926_ML.npy,2026-09-27,2026-09-27 22:22:04.718275,7C7AF8,DA40,DIAMOND AIRCRAFT INDUSTRIES INC.,DA 40,bac788887f749f434c5b67038075fb995764c180d4ef58883a42be2c43b049d2,True,3
88639,43085,240926_ML.npy,2026-09-27,2026-09-27 22:56:47.681931,7C67D3,C172,CESSNA AIRCRAFT COMPANY,172S,d1cdea53b9eb5123339508db5dac0ef39c5919ce04f0f544e1d3a51e30d807d1,True,2
88649,43095,240926_ML.npy,2026-09-27,2026-09-27 22:56:59.534287,7C67D3,C172,CESSNA AIRCRAFT COMPANY,172S,d3af005afedad48c71e67a3ceb22b2bc90ecb167b377df244834340b04c0f833,True,2
88653,43099,240926_ML.npy,2026-09-27,2026-09-27 22:57:03.882967,7C67D3,C172,CESSNA AIRCRAFT COMPANY,172S,f34d2a2e0130f3aa39f362456637d610b35aa921f2893aa8195d84c09cbd3beb,True,5
88654,43100,240926_ML.npy,2026-09-27,2026-09-27 22:57:04.345686,7C67D3,C172,CESSNA AIRCRAFT COMPANY,172S,6eb47edae3cf217f12227e34861a5a84ddda4d8d03d195e21264d5090bcf2385,True,1
88658,43104,240926_ML.npy,2026-09-27,2026-09-27 22:57:08.810286,7C67D3,C172,CESSNA AIRCRAFT COMPANY,172S,10b69d72cf69466a9ccb278f984e54ab11ab5cb6983229bfbe584b958216b1fb,True,3
88661,43107,240926_ML.npy,2026-09-27,2026-09-27 22:57:14.985553,7C67D3,C172,CESSNA AIRCRAFT COMPANY,172S,d556e45fc3f56f8fafb68dd296e4ed2ad8fce77b9cc21d56d95346e49ebb0f28,True,2
88664,43110,240926_ML.npy,2026-09-27,2026-09-27 22:57:16.293044,7C67D3,C172,CESSNA AIRCRAFT COMPANY,172S,acdf443d5370397084d6e6eec1bdc15747e6a8b88b8a544116d9d381dc8b73d1,True,4
88675,43121,240926_ML.npy,2026-09-27,2026-09-27 23:00:02.173958,7C7B60,DA40,DIAMOND AIRCRAFT INDUSTRIES INC.,DA 40,d23d47bd3b9d978309e5722e6179695e26000ce17aa51429a601bd673d1e19bb,True,3
88676,43122,240926_ML.npy,2026-09-27,2026-09-27 23:00:04.527969,7C7B60,DA40,DIAMOND AIRCRAFT INDUSTRIES INC.,DA 40,7e0eeaa9f40547549c31ee0938b0a17b92dc77561444c1f9feb8ed32a4ebdbcd,True,2
88689,43135,240926_ML.npy,2026-09-27,2026-09-27 23:00:23.816103,7C7B60,DA40,DIAMOND AIRCRAFT INDUSTRIES INC.,DA 40,cbc3e10a22fcc429cb7a34eb3f2d59ef925581cc6a853e4bcc0289841a74e9b3,True,4
88714,43160,240926_ML.npy,2026-09-27,2026-09-27 23:14:49.987242,7C7B61,DA40,DIAMOND AIRCRAFT INDUSTRIES INC.,DA 40,1a567ff7ea6cf766264ac1d2811e4c01204442a1f3c683bf93317d4212b84fe2,True,1
88734,43180,240926_ML.npy,2026-09-27,2026-09-27 23:15:19.505867,7C7B61,DA40,DIAMOND AIRCRAFT INDUSTRIES INC.,DA 40,5bf8cd6740b1910685ebc1645c08aa6ebfe453087922b01d39bed7a7a87792fe,True,3
88753,43199,240926_ML.npy,2026-09-27,2026-09-27 23:16:39.704628,7C7AF0,DA40,DIAMOND AIRCRAFT INDUSTRIES INC.,DA 40,a20d65a179a505082e463132e36d73f39acda41faf612234b1b73288307a8a29,True,1
88759,43205,240926_ML.npy,2026-09-27,2026-09-27 23:16:49.188236,7C7AF0,DA40,DIAMOND AIRCRAFT INDUSTRIES INC.,DA 40,3c2ef563754c29499612cdb267bd3812d6f97630a73aec48918de72cefef8d02,True,5
88771,43217,240926_ML.npy,2026-09-27,2026-09-27 23:17:02.420691,7C7B56,DA40,DIAMOND AIRCRAFT INDUSTRIES INC.,DA 40,200b1a0f8bc7f310436890c13b3634e5a2446513452a74417a0b5d632312a6c7,True,5
88775,43221,240926_ML.npy,2026-09-27,2026-09-27 23:17:12.906459,7C7B56,DA40,DIAMOND AIRCRAFT INDUSTRIES INC.,DA 40,428aa765bd9fbba6e90b440d7a3bdb711e61445943061c578113745fdac7b387,True,4
88776,43222,240926_ML.npy,2026-09-27,2026-09-27 23:17:14.076236,7C7B56,DA40,DIAMOND AIRCRAFT INDUSTRIES INC.,DA 40,e8895befe2c9f615cbeeb4a5232c3f98ab6fe09688573dabe9abc6a678b89744,True,5
88794,43240,240926_ML.npy,2026-09-27,2026-09-27 23:17:39.812164,7C7B56,DA40,DIAMOND AIRCRAFT INDUSTRIES INC.,DA 40,1ebc6bba4af861fa2ab10e78a2db3ee10158db3f4829880ca5d5274d8ab22eaf,True,4
88857,43303,240926_ML.npy,2026-09-27,2026-09-27 23:21:34.120473,7C7AF0,DA40,DIAMOND AIRCRAFT INDUSTRIES INC.,DA 40,3fa00935bb7b0ca2645e22ced9dc13f82f03f128bb2e78f32a042b26902bfc61,True,4
88864,43310,240926_ML.npy,2026-09-27,2026-09-27 23:21:47.423597,7C7AF0,DA40,DIAMOND AIRCRAFT INDUSTRIES INC.,DA 40,5a056c723c937c720448a86ebb552ca259fce0dd6d461101ceee086b11d6ffce,True,2
88867,43313,240926_ML.npy,2026-09-27,2026-09-27 23:21:56.792964,7C7AF0,DA40,DIAMOND AIRCRAFT INDUSTRIES INC.,DA 40,e4a755da74294758b78a57481be2015583249aa73f55ce3385abc3ba834f630f,True,4
88886,43332,240926_ML.npy,2026-09-27,2026-09-27 23:22:09.603888,7C7AF0,DA40,DIAMOND AIRCRAFT INDUSTRIES INC.,DA 40,f4306244dbc85bebd7bd70112b436b8acd3ad09f8dfc42da39d59416c119a1c6,True,5
88894,43340,240926_ML.npy,2026-09-27,2026-09-27 23:25:23.904842,7C7AF0,DA40,DIAMOND AIRCRAFT INDUSTRIES INC.,DA 40,730fd5e576afbb890f42d74ad221ad7190c1fe799c3b5b85147017b348496c7a,True,1
88926,43372,240926_ML.npy,2026-09-27,2026-09-27 23:26:36.853904,7C582C,DA40,DIAMOND AIRCRAFT INDUSTRIES INC.,DA 40,a41c501aad5c0a12f3150ee5868ab7d2bc0ba37cccbffd8f93534c26aaf94f73,True,4
88941,43387,240926_ML.npy,2026-09-27,2026-09-27 23:27:19.919010,7C7AF0,DA40,DIAMOND AIRCRAFT INDUSTRIES INC.,DA 40,be4a1dfb95fcf7d7a538227cef71ee7534e551d1a02810286b206e7a3b4923fe,True,2
88944,43390,240926_ML.npy,2026-09-27,2026-09-27 23:27:26.320393,7C7AF0,DA40,DIAMOND AIRCRAFT INDUSTRIES INC.,DA 40,ac560fb61d6b499db3d1723fbad3b1f2473ca3117aadf7755ed735583eeb6a1b,True,5
88951,43397,240926_ML.npy,2026-09-27,2026-09-27 23:32:39.250982,7C7AF0,DA40,DIAMOND AIRCRAFT INDUSTRIES INC.,DA 40,cb6778f1e337ba0266a1ea319e17e5839c20cd66b430e85d44d8332fd31fc968,True,4
88971,43417,240926_ML.npy,2026-09-27,2026-09-27 23:33:16.334096,7C7AF0,DA40,DIAMOND AIRCRAFT INDUSTRIES INC.,DA 40,d90b0aa30140835131b6d2b6aa4283cd98b923af8923bca42f00b62857053eaa,True,5
89000,43446,240926_ML.npy,2026-09-27,2026-09-27 23:37:43.382278,7C67D3,C172,CESSNA AIRCRAFT COMPANY,172S,187ae7344681eb6514b890a8a4f0ec2f26b06a61ba9c5d1f211bc70635252938,True,3
89050,43496,240926_ML.npy,2026-09-27,2026-09-27 23:40:07.797891,7C1B2A,DA40,DIAMOND AIRCRAFT INDUSTRIES INC.,DA 40,47a92620bf6660ef7e9e765eb4cff0ba97ec57037ad418bc2172c9b7599b74a8,True,1
89054,43500,240926_ML.npy,2026-09-27,2026-09-27 23:40:13.728570,7C1B2A,DA40,DIAMOND AIRCRAFT INDUSTRIES INC.,DA 40,70f77023b055a88c036bca8525f9d6a5dd6674a39106334cbb10070e19701fa8,True,1
89073,43519,240926_ML.npy,2026-09-27,2026-09-27 23:40:34.442918,7C1B2A,DA40,DIAMOND AIRCRAFT INDUSTRIES INC.,DA 40,dca1dd92582931564b3541432bf1bd2acf719186be2a4329b5cc3420e745893f,True,3
89118,43564,240926_ML.npy,2026-09-27,2026-09-27 23:43:46.187661,7C7B5F,DA40,DIAMOND AIRCRAFT INDUSTRIES INC.,DA 40,dabd3d2581cde4b0a87b27a47f7fa427236c001e225ef690c0b6014b8d4a3ac7,True,3
89156,43602,240926_ML.npy,2026-09-27,2026-09-27 23:44:47.609352,7C1B2A,DA40,DIAMOND AIRCRAFT INDUSTRIES INC.,DA 40,b11901da66fb2ba841b41da151aaf89b805b63b1cedac01584751801df03f56e,True,4
89166,43612,240926_ML.npy,2026-09-27,2026-09-27 23:44:55.580667,7C1B2A,DA40,DIAMOND AIRCRAFT INDUSTRIES INC.,DA 40,7331f84c7f9586c6e4cd2f2620fb10d0031e2c5ed842af1de2a1e94a60dc630e,True,1
89194,43640,240926_ML.npy,2026-09-27,2026-09-27 23:45:11.838944,7C1B2A,DA40,DIAMOND AIRCRAFT INDUSTRIES INC.,DA 40,7d25b0e9976a7bd7dd697961c265e3004cd315e4a33fb9b15cd0d16368c5db7a,True,2
89198,43644,240926_ML.npy,2026-09-27,2026-09-27 23:45:18.662125,7C1B2A,DA40,DIAMOND AIRCRAFT INDUSTRIES INC.,DA 40,1a0ccd99f86df3177662a78650b9935a4c127de50e53bb5fc1963f7f40efd51f,True,5
89199,43645,240926_ML.npy,2026-09-27,2026-09-27 23:45:24.292104,7C1B2A,DA40,DIAMOND AIRCRAFT INDUSTRIES INC.,DA 40,7837e7fa4ead652afd606cabd081becd790f5e5b26319383cde849a88b1a1092,True,3
89201,43647,240926_ML.npy,2026-09-27,2026-09-27 23:45:24.713988,7C1B2A,DA40,DIAMOND AIRCRAFT INDUSTRIES INC.,DA 40,320eeeeaacaa6f697bf76e5c57a2a47630c7fac851bf9d59f74e57fe91b5a5d4,True,3
89224,43670,240926_ML.npy,2026-09-27,2026-09-27 23:47:19.746105,7C7B65,DA40,DIAMOND AIRCRAFT INDUSTRIES INC.,DA 40,da806265b6143da3606534ba41a28bf36d03494b6394074cd3f82c685eb05886,True,1
89233,43679,240926_ML.npy,2026-09-27,2026-09-27 23:47:28.278947,7C7B65,DA40,DIAMOND AIRCRAFT INDUSTRIES INC.,DA 40,01821b475afeb20cd6cc3fb4215c0e9386245904db42e252b98962b4c8eef4b4,True,5
89240,43686,240926_ML.npy,2026-09-27,2026-09-27 23:47:36.498490,7C7B65,DA40,DIAMOND AIRCRAFT INDUSTRIES INC.,DA 40,128153650bb9456293aec69bcb63ed4baf7ef586dce0a24321bf1eda726c2e16,True,3
89241,43687,240926_ML.npy,2026-09-27,2026-09-27 23:47:36.942006,7C7B65,DA40,DIAMOND AIRCRAFT INDUSTRIES INC.,DA 40,44cca16c23dad587d4ac6be0cda79e889d9672aa2ca59574646b7a78b774d2b4,True,4
89280,43726,240926_ML.npy,2026-09-27,2026-09-27 23:48:47.181656,7C4E44,DA40,DIAMOND AIRCRAFT INDUSTRIES INC.,DA 40,9f0c0a37255b0bbf0be7c7dd03e582f5f4de274ba2c18540fb196776797dbe05,True,3
89286,43732,240926_ML.npy,2026-09-27,2026-09-27 23:48:52.965440,7C4E44,DA40,DIAMOND AIRCRAFT INDUSTRIES INC.,DA 40,7c4eea3a6f6ef2595b84cea145116cc80805d72a44b8a4b20bc7bd6f954cc1e3,True,2
89291,43737,240926_ML.npy,2026-09-27,2026-09-27 23:48:57.872375,7C4E44,DA40,DIAMOND AIRCRAFT INDUSTRIES INC.,DA 40,3979bd1358bc0c18cbffd947682d41b80de47e7d2e187b3bf269135540d92b72,True,1
89296,43742,240926_ML.npy,2026-09-27,2026-09-27 23:49:10.173985,7C4E44,DA40,DIAMOND AIRCRAFT INDUSTRIES INC.,DA 40,725873d5851d89abe4d1b24922ad86f2183e707a1ea29741ba80a6b0b3041e52,True,1
89313,43759,240926_ML.npy,2026-09-27,2026-09-27 23:50:10.784138,7C168B,DA40,DIAMOND AIRCRAFT INDUSTRIES INC.,DA 40,395f55a85f9aa8964fe6047ed7a6205bd49558742aab9f4be277f572279d4240,True,5
89355,43801,240926_ML.npy,2026-09-27,2026-09-27 23:52:22.822764,7C168B,DA40,DIAMOND AIRCRAFT INDUSTRIES INC.,DA 40,c6b5e413523072e6461ba407692d84290c7b2dd57e64fc944ce1c6e77239cff4,True,5
89401,43847,240926_ML.npy,2026-09-27,2026-09-27 23:55:49.845051,7C7B60,DA40,DIAMOND AIRCRAFT INDUSTRIES INC.,DA 40,528efafa3fa4949ae5cbaad70080e73b3148362722215f4b4f130ac09d08e9d3,True,4
89432,43878,240926_ML.npy,2026-09-27,2026-09-27 23:56:47.194166,7C7B60,DA40,DIAMOND AIRCRAFT INDUSTRIES INC.,DA 40,ce07d91b020839e24cab0f2d057bac4314f70b92a52cf7b424c24fb1d4dca2ed,True,1
89435,43881,240926_ML.npy,2026-09-27,2026-09-27 23:56:50.900044,7C7B60,DA40,DIAMOND AIRCRAFT INDUSTRIES INC.,DA 40,b170847e097b4ebcd3b0864c41c991acc60c41844387cc46b3192d454bd65f90,True,3
89447,43893,240926_ML.npy,2026-09-27,2026-09-27 23:57:08.322511,7C7B60,DA40,DIAMOND AIRCRAFT INDUSTRIES INC.,DA 40,3fb8fa522389ca71fcfeddc1ab6cbe9abb6f549bf3f3c83d49b5d4176c5d9ce9,True,4
89450,43896,240926_ML.npy,2026-09-27,2026-09-27 23:57:16.256252,7C7B60,DA40,DIAMOND AIRCRAFT INDUSTRIES INC.,DA 40,100876c95371f096aa933a6fa3bb0a7658bae6dc693f50634fb0ecce9d48a7df,True,2
89455,43901,240926_ML.npy,2026-09-27,2026-09-27 23:57:19.948573,7C7B60,DA40,DIAMOND AIRCRAFT INDUSTRIES INC.,DA 40,d1752179c0187f9a3a4b8a8fb92573be4c50abab24ca133e6dac97cb8d5b1cde,True,2
89459,43905,240926_ML.npy,2026-09-27,2026-09-27 23:58:54.080976,7C7AF8,DA40,DIAMOND AIRCRAFT INDUSTRIES INC.,DA 40,2e99810fbb37c649e2b3f54541525ddedc016eee559086ee7e3f1981f834930a,True,5
89461,43907,240926_ML.npy,2026-09-27,2026-09-27 23:58:59.902814,7C7AF8,DA40,DIAMOND AIRCRAFT INDUSTRIES INC.,DA 40,f497bdc8c022c0a3fda36f7001b094ea5dd8f4f93816303a5fb380f3277e1b12,True,1
89466,43912,240926_ML.npy,2026-09-27,2026-09-27 23:59:16.887365,7C7AF8,DA40,DIAMOND AIRCRAFT INDUSTRIES INC.,DA 40,6a9426dc05cd937ca9226c21e4b16f86f2da5911460a6ae1da4acd0b4bf0ea23,True,2
89468,43914,240926_ML.npy,2026-09-27,2026-09-27 23:59:22.300405,7C7AF8,DA40,DIAMOND AIRCRAFT INDUSTRIES INC.,DA 40,127fb99b138be7cb74078105e21bf5049baf22ab355a87e99140635c1c3912b8,True,4
89469,43915,240926_ML.npy,2026-09-27,2026-09-27 23:59:22.904910,7C7AF8,DA40,DIAMOND AIRCRAFT INDUSTRIES INC.,DA 40,9cc33cdd455b26e7391111292486fe0e8f0964cc1f2c872ff08f8a1afe6f6fb9,True,5
89527,43973,240926_ML.npy,2026-09-28,2026-09-28 00:00:59.387644,7C7C31,DA40,DIAMOND AIRCRAFT INDUSTRIES INC.,DA 40,6b39926653b80769417ab22132d147684c05eb2d8212df4d9477523789fba265,True,1
89566,44012,240926_ML.npy,2026-09-28,2026-09-28 00:02:23.561920,7C7AF8,DA40,DIAMOND AIRCRAFT INDUSTRIES INC.,DA 40,2ba83bd438841fef50b98a5c620097885306c1c32cbff2e534af979f671d5ed4,True,4
89605,44051,240926_ML.npy,2026-09-28,2026-09-28 00:03:02.812296,7C7B61,DA40,DIAMOND AIRCRAFT INDUSTRIES INC.,DA 40,ca860784a6f5a8b1b0febd0cace845dd5b03431513e7f00709d4a68eebbd58b9,True,4
89607,44053,240926_ML.npy,2026-09-28,2026-09-28 00:03:04.348410,7C7B61,DA40,DIAMOND AIRCRAFT INDUSTRIES INC.,DA 40,5bf8cd6740b1910685ebc1645c08aa6ebfe453087922b01d39bed7a7a87792fe,True,3
89670,44116,240926_ML.npy,2026-09-28,2026-09-28 00:07:38.406251,7C7B61,DA40,DIAMOND AIRCRAFT INDUSTRIES INC.,DA 40,77dc58a2211fe3133a1cb4d0e311224f7a56e89e18248037c8433ac536cb77fc,True,5
89674,44120,240926_ML.npy,2026-09-28,2026-09-28 00:07:49.943860,7C7B61,DA40,DIAMOND AIRCRAFT INDUSTRIES INC.,DA 40,b5ca80515a27b69e51a7aa2e17b5f71241df443bd73e64da5bc101c86872fe11,True,2
89686,44132,240926_ML.npy,2026-09-28,2026-09-28 00:08:06.387438,7C7B61,DA40,DIAMOND AIRCRAFT INDUSTRIES INC.,DA 40,c67a49c19e8918334f00e737408bb2a9afc96e42a3be6cc32e29efefe6929476,True,3
89687,44133,240926_ML.npy,2026-09-28,2026-09-28 00:08:06.855370,7C7B61,DA40,DIAMOND AIRCRAFT INDUSTRIES INC.,DA 40,5bf8cd6740b1910685ebc1645c08aa6ebfe453087922b01d39bed7a7a87792fe,True,1
89699,44145,240926_ML.npy,2026-09-28,2026-09-28 00:09:07.543299,7C7AF8,DA40,DIAMOND AIRCRAFT INDUSTRIES INC.,DA 40,703c722687a93af4d4ed18fd0bbdbe3643d78009e1228eb6488933eaf9e15f3c,True,3
89703,44149,240926_ML.npy,2026-09-28,2026-09-28 00:09:15.517120,7C7AF8,DA40,DIAMOND AIRCRAFT INDUSTRIES INC.,DA 40,6ee234f9d45937c9759a2efdadc59958b425c74e325001e36465fae05ccf38b2,True,3
89712,44158,240926_ML.npy,2026-09-28,2026-09-28 00:09:19.970546,7C7AF8,DA40,DIAMOND AIRCRAFT INDUSTRIES INC.,DA 40,5091bfd63042d392cc11d262d4e1cb86c77f069e7d5e77b282265930162e19a5,True,2
89757,44203,240926_ML.npy,2026-09-28,2026-09-28 00:10:44.203569,7C7B61,DA40,DIAMOND AIRCRAFT INDUSTRIES INC.,DA 40,a9ba4b54516cfa96fdc3d97c265d8cb392b757905fcce88417ea0f7b65710df4,True,3
89796,44242,240926_ML.npy,2026-09-28,2026-09-28 00:12:33.336822,7C7B61,DA40,DIAMOND AIRCRAFT INDUSTRIES INC.,DA 40,1cd092a10fb0b15cd634054e681c66e2c6a07aac4928cc56d5d7cf3c9689563c,True,1
89812,44258,240926_ML.npy,2026-09-28,2026-09-28 00:13:11.187547,7C7B55,DA40,DIAMOND AIRCRAFT INDUSTRIES INC.,DA 40,830ec9667328a01315098dd5a26d41d02cf807db3c086164a405b6f0b5bb0c1c,True,1
89817,44263,240926_ML.npy,2026-09-28,2026-09-28 00:13:19.751068,7C7B61,DA40,DIAMOND AIRCRAFT INDUSTRIES INC.,DA 40,cd081547b9669982be1fb2761743005bceca93a66bbfd96651b65bd23e69316e,True,1
89819,44265,240926_ML.npy,2026-09-28,2026-09-28 00:13:25.905266,7C1697,DA40,DIAMOND AIRCRAFT INDUSTRIES INC.,DA 40,a81f09e1bce47e087876349bc56ee72be5a9aa49b5fd3b92022ca2848b1ccc25,True,5
89830,44276,240926_ML.npy,2026-09-28,2026-09-28 00:13:41.288500,7C1697,DA40,DIAMOND AIRCRAFT INDUSTRIES INC.,DA 40,dc1a411a7c1b00aefaafaad80b954876f3b48bb84ced56dd05c87d861213c474,True,4
89844,44290,240926_ML.npy,2026-09-28,2026-09-28 00:13:57.290663,7C1697,DA40,DIAMOND AIRCRAFT INDUSTRIES INC.,DA 40,e4a48ec6ffcfd16759b5291ccf8d015250cfcb56230a235e381aa7bcd83ca71a,True,3
89847,44293,240926_ML.npy,2026-09-28,2026-09-28 00:14:03.407356,7C1697,DA40,DIAMOND AIRCRAFT INDUSTRIES INC.,DA 40,a22f901b3ff313c3971a684858d5ab9ba1104a57e51b3a286386d89db872d6a2,True,5
89854,44300,240926_ML.npy,2026-09-28,2026-09-28 00:14:52.150245,7C7AF8,DA40,DIAMOND AIRCRAFT INDUSTRIES INC.,DA 40,be388cdebf3f918ad05636dcf8f93736b6403d77440bdfd22864783e5f7d611a,True,4
89856,44302,240926_ML.npy,2026-09-28,2026-09-28 00:14:53.256075,7C7AF8,DA40,DIAMOND AIRCRAFT INDUSTRIES INC.,DA 40,2808841669e7a97389db4869a0e9bb46e360ded820e88fca076226c29ef4dbde,True,2
89864,44310,240926_ML.npy,2026-09-28,2026-09-28 00:15:03.687558,7C7AF8,DA40,DIAMOND AIRCRAFT INDUSTRIES INC.,DA 40,b4d8b174433f52cda74b218989ec4eee02fdeef86e318edbcfe24273e011e029,True,1
89908,44354,240926_ML.npy,2026-09-28,2026-09-28 00:16:36.104846,7C7B64,DA40,DIAMOND AIRCRAFT INDUSTRIES INC.,DA 40,3302103ded77b6ecaa70745d47f43ba0873ade0de394e291e2311dafeb72d7f6,True,2
89911,44357,240926_ML.npy,2026-09-28,2026-09-28 00:16:44.085061,7C7B64,DA40,DIAMOND AIRCRAFT INDUSTRIES INC.,DA 40,650dadb1782d6960877e984a06da6c69f13e8422cf775c5d2009d518f6829bba,True,4
89922,44368,240926_ML.npy,2026-09-28,2026-09-28 00:16:58.414084,7C7B64,DA40,DIAMOND AIRCRAFT INDUSTRIES INC.,DA 40,3dae2a9c86e7c1c5c5652f1846a40cbba310e1b9d71f7a81667b2dd95d94b586,True,4
89923,44369,240926_ML.npy,2026-09-28,2026-09-28 00:16:58.647926,7C7B64,DA40,DIAMOND AIRCRAFT INDUSTRIES INC.,DA 40,ddb56bf42d6bff5ed87fa14c2e7d06cfcdc4264f879b48c3dfb82dbae4667b14,True,2
89931,44377,240926_ML.npy,2026-09-28,2026-09-28 00:17:42.511197,7C7B61,DA40,DIAMOND AIRCRAFT INDUSTRIES INC.,DA 40,15005a7cd6c543c694abbd73ffec76dc95754a44ad26e224531298e9d396d6d0,True,4
89934,44380,240926_ML.npy,2026-09-28,2026-09-28 00:17:48.793371,7C7B61,DA40,DIAMOND AIRCRAFT INDUSTRIES INC.,DA 40,68c489fa2c597367138312d93e1431466873ba75ff434f64a4ccc8c82d2b35da,True,5
89952,44398,240926_ML.npy,2026-09-28,2026-09-28 00:18:18.789388,7C7B61,DA40,DIAMOND AIRCRAFT INDUSTRIES INC.,DA 40,c4c7e749d1aa618e42c2416feec5bbeedba4124a8aedb3a88c418b4015c427f7,True,3
89966,44412,240926_ML.npy,2026-09-28,2026-09-28 00:19:46.660210,7C7AF8,DA40,DIAMOND AIRCRAFT INDUSTRIES INC.,DA 40,1217adcb94bf10d4fa4783183c5a650d3af77471b2fae3b1a520c8b3b7e05291,True,1
89972,44418,240926_ML.npy,2026-09-28,2026-09-28 00:20:13.047622,7C67D3,C172,CESSNA AIRCRAFT COMPANY,172S,33193487f348b6fb225035167a4f61ef6658f67357121e2261a44344b75d12f6,True,3
89980,44426,240926_ML.npy,2026-09-28,2026-09-28 00:20:28.761529,7C67D3,C172,CESSNA AIRCRAFT COMPANY,172S,57488ed838b8c2332b25cf8ae2d066878c506d33047dfeaec2efdc1b0e2b9036,True,3
89985,44431,240926_ML.npy,2026-09-28,2026-09-28 00:20:33.756444,7C67D3,C172,CESSNA AIRCRAFT COMPANY,172S,e6b89e88964c3e581dc29d8d59a18839b8c6c8c7d304f3c6689c9b0d5ff899a8,True,2
89987,44433,240926_ML.npy,2026-09-28,2026-09-28 00:20:36.118236,7C67D3,C172,CESSNA AIRCRAFT COMPANY,172S,4d8e0f6aeb3fb3dd443a3a040ba37edce956653b96b9bcb4e8b0d18e9a91c6b2,True,5
90000,44446,240926_ML.npy,2026-09-28,2026-09-28 00:20:46.710996,7C67D3,C172,CESSNA AIRCRAFT COMPANY,172S,999d46a0df363d72087e62bdd68ce73d6c94bd71d7e90bd54f4cdc989ce54945,True,5
90002,44448,240926_ML.npy,2026-09-28,2026-09-28 00:20:51.250627,7C67D3,C172,CESSNA AIRCRAFT COMPANY,172S,4d8e0f6aeb3fb3dd443a3a040ba37edce956653b96b9bcb4e8b0d18e9a91c6b2,True,5
90047,44493,240926_ML.npy,2026-09-28,2026-09-28 00:25:27.227054,7C7AF8,DA40,DIAMOND AIRCRAFT INDUSTRIES INC.,DA 40,67b66e9403507981f634ef6eff6979194346a96d680ef92a27324daffe88c3dd,True,2
90052,44498,240926_ML.npy,2026-09-28,2026-09-28 00:26:56.523833,7C7B61,DA40,DIAMOND AIRCRAFT INDUSTRIES INC.,DA 40,277b949ca7cc5a86b3edc773763501ddd447278c7d186d782bf95e9bbc758b33,True,3
90055,44501,240926_ML.npy,2026-09-28,2026-09-28 00:27:08.174961,7C7C41,DA40,DIAMOND AIRCRAFT INDUSTRIES INC.,DA 40,9bf6e0183764a7ac8519f62ee6daa7222b23e85e76e02b74d61814b6823fe1cf,True,3
90061,44507,240926_ML.npy,2026-09-28,2026-09-28 00:27:16.766529,7C7C41,DA40,DIAMOND AIRCRAFT INDUSTRIES INC.,DA 40,a2d00d342e87e839b1a231b319652c21baf652937ae388f1b23b186e85f52d7a,True,4
90095,44541,240926_ML.npy,2026-09-28,2026-09-28 00:28:45.068504,7C7B61,DA40,DIAMOND AIRCRAFT INDUSTRIES INC.,DA 40,c9422fdef74abe062238fb4d2fb5d0255eabdb2c08381f1c8ba780c583ef3f3c,True,3
90096,44542,240926_ML.npy,2026-09-28,2026-09-28 00:28:45.570402,7C7B61,DA40,DIAMOND AIRCRAFT INDUSTRIES INC.,DA 40,4f50acf27d4bd965dd5e097fa56f7f10d921404aa75a5c49b13023c55a15b12a,True,1
90127,44573,240926_ML.npy,2026-09-28,2026-09-28 00:29:29.710409,7C7B61,DA40,DIAMOND AIRCRAFT INDUSTRIES INC.,DA 40,c4c7e749d1aa618e42c2416feec5bbeedba4124a8aedb3a88c418b4015c427f7,True,4
90136,44582,240926_ML.npy,2026-09-28,2026-09-28 00:30:14.316229,7C7AF8,DA40,DIAMOND AIRCRAFT INDUSTRIES INC.,DA 40,4c9f13405142e659c4ff71e56128768b777af78ed1a07df94e70e68a1902198d,True,5
90140,44586,240926_ML.npy,2026-09-28,2026-09-28 00:30:34.475410,7C7AF8,DA40,DIAMOND AIRCRAFT INDUSTRIES INC.,DA 40,fbca562f451b092ecd34399705cb988df48191801fde6f40ab87c5860c8ca57f,True,3
90147,44593,240926_ML.npy,2026-09-28,2026-09-28 00:30:46.413008,7C7AF8,DA40,DIAMOND AIRCRAFT INDUSTRIES INC.,DA 40,94c23dd0f175182eaec53904b6713f0b30fe7236aae0b65fd99284f58db997da,True,4
90148,44594,240926_ML.npy,2026-09-28,2026-09-28 00:30:46.626301,7C7AF8,DA40,DIAMOND AIRCRAFT INDUSTRIES INC.,DA 40,396a8893fa21a355de2f1ae253af1de33e46f3af88a1dbc5f41c5903619049f6,True,3
90158,44604,240926_ML.npy,2026-09-28,2026-09-28 00:34:14.965950,7C7B61,DA40,DIAMOND AIRCRAFT INDUSTRIES INC.,DA 40,0895b6d977a65ffa688c3fda6f10b40a30fe318a3a55b67562fa0c7998fc57d1,True,1
90165,44611,240926_ML.npy,2026-09-28,2026-09-28 00:34:24.818979,7C7B61,DA40,DIAMOND AIRCRAFT INDUSTRIES INC.,DA 40,b5ca80515a27b69e51a7aa2e17b5f71241df443bd73e64da5bc101c86872fe11,True,5
90216,44662,240926_ML.npy,2026-09-28,2026-09-28 00:39:00.772600,7C7C2E,DA40,DIAMOND AIRCRAFT INDUSTRIES INC.,DA 40,aad543bad08bc11be34842000bda84912b008d2b141123c9ba8e487fbda882ff,True,3
90221,44667,240926_ML.npy,2026-09-28,2026-09-28 00:40:49.757463,7C0D65,DA42,DIAMOND AIRCRAFT INDUSTRIES INC.,DA 42,b25ea159c31bb1453773c0682d07d823de303e5b37992c43ea12b8ffe8f5abd4,True,5
90223,44669,240926_ML.npy,2026-09-28,2026-09-28 00:40:51.388181,7C0D65,DA42,DIAMOND AIRCRAFT INDUSTRIES INC.,DA 42,36f5dbf9a06f4fd7525b687af0aca23ba2e0674f331fe5dc0cd804ddb1438d8a,True,4
90228,44674,240926_ML.npy,2026-09-28,2026-09-28 00:41:09.223523,7C0D65,DA42,DIAMOND AIRCRAFT INDUSTRIES INC.,DA 42,d196b1e4c9b9cee3250fc3cc340e60cf74c1029801e68828927604239842cc9e,True,1
90230,44676,240926_ML.npy,2026-09-28,2026-09-28 00:41:09.752732,7C0D65,DA42,DIAMOND AIRCRAFT INDUSTRIES INC.,DA 42,7d48c3cbd2536219217f81a11a06d8aceae359d8eb1f9e01c143b5dee81446db,True,4
90233,44679,240926_ML.npy,2026-09-28,2026-09-28 00:41:11.744241,7C0D65,DA42,DIAMOND AIRCRAFT INDUSTRIES INC.,DA 42,f390a4fb839ae3e843fbc3d23d2f24f2fd5ef438a3a739e1c1d0d0a652f29c5b,True,1
90234,44680,240926_ML.npy,2026-09-28,2026-09-28 00:41:11.749951,7C0D65,DA42,DIAMOND AIRCRAFT INDUSTRIES INC.,DA 42,e7db68a396ca06fefd1c067b8119ff6e889cccd64824a6f7a25b8e9b49443dc5,True,2
90237,44683,240926_ML.npy,2026-09-28,2026-09-28 00:41:14.246757,7C0D65,DA42,DIAMOND AIRCRAFT INDUSTRIES INC.,DA 42,85b5bbe6fe416da25d88584ca18f986e2972ac00f3f2ce8a1492e7d6f66d1b6d,True,4
90238,44684,240926_ML.npy,2026-09-28,2026-09-28 00:41:15.023559,7C0D65,DA42,DIAMOND AIRCRAFT INDUSTRIES INC.,DA 42,04b686c1dec303818333a823dea86669591a2b34efd8efd724eb57585ffe13ec,True,1
90240,44686,240926_ML.npy,2026-09-28,2026-09-28 00:41:16.453939,7C0D65,DA42,DIAMOND AIRCRAFT INDUSTRIES INC.,DA 42,844b5c80c4fc5b5e144e23832f79171a3d6e331b410c406830777b7987d647a6,True,5
90241,44687,240926_ML.npy,2026-09-28,2026-09-28 00:44:20.192669,7C7C3E,DA40,DIAMOND AIRCRAFT INDUSTRIES INC.,DA 40,09f7d5be17921a837ad445845b582f25eaa92a1890610b298aa595d600626308,True,3
90293,44739,240926_ML.npy,2026-09-28,2026-09-28 00:53:00.730104,7C0077,DA40,DIAMOND AIRCRAFT INDUSTRIES INC.,DA 40,fd1a325bef305ca8652f6fba73e63bd1afe146d77f40cfb17edaf72790d2a1c6,True,4
90298,44744,240926_ML.npy,2026-09-28,2026-09-28 00:53:09.404161,7C0077,DA40,DIAMOND AIRCRAFT INDUSTRIES INC.,DA 40,2e16d6221198c41dd469ab95660e36dfb2052f37ff7838ad8a2a99bff6394327,True,2
90320,44766,240926_ML.npy,2026-09-28,2026-09-28 00:57:23.176918,7C7144,C172,CESSNA AIRCRAFT COMPANY,172N,7320115e69281133b0751718848e43959e2e8f39b0d8173f22d880e56a3197ed,True,5
90344,44790,240926_ML.npy,2026-09-28,2026-09-28 01:01:32.995195,7C0077,DA40,DIAMOND AIRCRAFT INDUSTRIES INC.,DA 40,f7320f886c400d83cca085ae24c09c580b701001cac0d7359fdbd1ffe2062215,True,2
90366,44812,240926_ML.npy,2026-09-28,2026-09-28 01:05:56.813748,7C0077,DA40,DIAMOND AIRCRAFT INDUSTRIES INC.,DA 40,f7320f886c400d83cca085ae24c09c580b701001cac0d7359fdbd1ffe2062215,True,5
90376,44822,240926_ML.npy,2026-09-28,2026-09-28 01:06:05.299352,7C0077,DA40,DIAMOND AIRCRAFT INDUSTRIES INC.,DA 40,d97140d028ab37a26ecde97d26011eb7d00a9d1610e3196353fc56bdb73d5e6d,True,4
90392,44838,240926_ML.npy,2026-09-28,2026-09-28 01:10:23.848343,7C0077,DA40,DIAMOND AIRCRAFT INDUSTRIES INC.,DA 40,b26b5c3044b4d2e649a3dd487ecb29a70dc1439a3de974c6e4d1b28b011ff76a,True,2
90410,44856,240926_ML.npy,2026-09-28,2026-09-28 01:15:00.028433,7C0077,DA40,DIAMOND AIRCRAFT INDUSTRIES INC.,DA 40,d97140d028ab37a26ecde97d26011eb7d00a9d1610e3196353fc56bdb73d5e6d,True,1
90415,44861,240926_ML.npy,2026-09-28,2026-09-28 01:15:37.660843,7C0077,DA40,DIAMOND AIRCRAFT INDUSTRIES INC.,DA 40,6379bd6558a5b655629c1dbeb37f2df4647926be0ab73801fd650286f2e897b4,True,3
90424,44870,240926_ML.npy,2026-09-28,2026-09-28 01:20:44.696398,7C0077,DA40,DIAMOND AIRCRAFT INDUSTRIES INC.,DA 40,96426b327b18aa02b19cea47f692aedd6e1bbc5893f3d64bb64a95db2f7fa92e,True,1
90432,44878,240926_ML.npy,2026-09-28,2026-09-28 01:21:00.178090,7C0077,DA40,DIAMOND AIRCRAFT INDUSTRIES INC.,DA 40,bf1cff1d7e0cb0b607756e025ffb0b9f2ca974f84fc206f0ea622329ef1800b4,True,3
90449,44895,240926_ML.npy,2026-09-28,2026-09-28 01:23:05.098989,7C7C39,DA40,DIAMOND AIRCRAFT INDUSTRIES INC.,DA 40,4f9c7f3007b603fb66196fba26806f30ffd68792c505d271063c159f57101560,True,4
90454,44900,240926_ML.npy,2026-09-28,2026-09-28 01:23:12.349226,7C7C39,DA40,DIAMOND AIRCRAFT INDUSTRIES INC.,DA 40,a6e7c75a66edef18d6d11f208a388525b79d9f7eec6538ff39eb7d4c75d31fab,True,4
90460,44906,240926_ML.npy,2026-09-28,2026-09-28 01:23:22.010044,7C7C39,DA40,DIAMOND AIRCRAFT INDUSTRIES INC.,DA 40,1f515edafd18e2ed2ee7c059418d59e0bcbc966aa24925ca3a57d32c16006e81,True,3
90461,44907,240926_ML.npy,2026-09-28,2026-09-28 01:23:22.289401,7C7C39,DA40,DIAMOND AIRCRAFT INDUSTRIES INC.,DA 40,4c96f4217fe49fbc564f337cf6728e41d58a3dfb31abd9960d8a642ca208dcff,True,1
90465,44911,240926_ML.npy,2026-09-28,2026-09-28 01:23:23.376965,7C7C39,DA40,DIAMOND AIRCRAFT INDUSTRIES INC.,DA 40,631a3c29cc03eb58700f89f0152e3f6a1e328477b3c05c046ec59b0eae56a383,True,5
90467,44913,240926_ML.npy,2026-09-28,2026-09-28 01:23:27.154354,7C7C39,DA40,DIAMOND AIRCRAFT INDUSTRIES INC.,DA 40,f720b7300811820807cea23a69b93ba6aa95ca26fa54ff42e013bf821ccbbc4e,True,5
90476,44922,240926_ML.npy,2026-09-28,2026-09-28 01:25:40.180693,7C0077,DA40,DIAMOND AIRCRAFT INDUSTRIES INC.,DA 40,7b9a79ed208bada7d6cc23ccd4613d67c898e0ff06a07cd61def1dd6de936fa6,True,3
90496,44942,240926_ML.npy,2026-09-28,2026-09-28 01:26:01.086694,7C0077,DA40,DIAMOND AIRCRAFT INDUSTRIES INC.,DA 40,e47dbf203917d5744a2b819caa62a317f91231dbe83648d7066dcb2d85b07735,True,3
90502,44948,240926_ML.npy,2026-09-28,2026-09-28 01:26:08.731518,7C0077,DA40,DIAMOND AIRCRAFT INDUSTRIES INC.,DA 40,f7134266e2306606b7f066d05762981575fd49de525838c0b291314ef3e33362,True,4
90526,44972,240926_ML.npy,2026-09-28,2026-09-28 01:27:31.935360,7C67D0,C172,CESSNA AIRCRAFT COMPANY,172S,7432cf6338e56a27477642ea6847cfaa7964360f64938f990039dd5cf20f39dc,True,5
90528,44974,240926_ML.npy,2026-09-28,2026-09-28 01:27:35.948185,7C7144,C172,CESSNA AIRCRAFT COMPANY,172N,9505829670ef5b9b78d2b97b852766ed7d6c0fee674c305e300dc2b2bb15257e,True,1
90533,44979,240926_ML.npy,2026-09-28,2026-09-28 01:27:39.233245,7C7144,C172,CESSNA AIRCRAFT COMPANY,172N,6684cc73cfd7807d42c99e8da9e6fa805dad59a3bbe986d5cdda937228478297,True,1
90541,44987,240926_ML.npy,2026-09-28,2026-09-28 01:27:49.098148,7C7144,C172,CESSNA AIRCRAFT COMPANY,172N,25ecffd02a618058de3b2945417e026c76c8237f5d9bff411fb8d6879bd15d24,True,4
90549,44995,240926_ML.npy,2026-09-28,2026-09-28 01:27:55.904236,7C67D0,C172,CESSNA AIRCRAFT COMPANY,172S,9dbc9cc98dc131874964aaf5b26fdc56880e6de9a64363c256af1262775e61be,True,2
90557,45003,240926_ML.npy,2026-09-28,2026-09-28 01:28:02.200002,7C7144,C172,CESSNA AIRCRAFT COMPANY,172N,ff79b2e474c21b1424362d6bcacc8a8dede38dce6ab8958ddc014a251f7348d0,True,4
90565,45011,240926_ML.npy,2026-09-28,2026-09-28 01:28:05.675137,7C67D0,C172,CESSNA AIRCRAFT COMPANY,172S,aaaed7d540ab8427167c73ad045fced1b8a28fb45e6706d7f3fd1f1b9cb129e1,True,1
90569,45015,240926_ML.npy,2026-09-28,2026-09-28 01:28:08.237991,7C67D0,C172,CESSNA AIRCRAFT COMPANY,172S,ab94d1c18a6049fabe69b2f6a6a93809aba0e45260dbc2b3ea5026b49b6fd447,True,4
90572,45018,240926_ML.npy,2026-09-28,2026-09-28 01:28:09.155391,7C67D0,C172,CESSNA AIRCRAFT COMPANY,172S,98063ca5c90b753ce0a553a0898c2315a2396fdb7b9ab510b05d82e80753fbe8,True,3
90578,45024,240926_ML.npy,2026-09-28,2026-09-28 01:28:10.805210,7C67D0,C172,CESSNA AIRCRAFT COMPANY,172S,771dfad489a4e96343fca7d444b8a6d3f7c6eddf9976358ff36215349ef8b4c5,True,5
90582,45028,240926_ML.npy,2026-09-28,2026-09-28 01:28:13.520506,7C67D0,C172,CESSNA AIRCRAFT COMPANY,172S,a9bc2d0b85e98f0cae4b6156901ceffdfcbe404016072de3b205a9032bd6bd0f,True,3
90588,45034,240926_ML.npy,2026-09-28,2026-09-28 01:28:21.533365,7C7144,C172,CESSNA AIRCRAFT COMPANY,172N,d3f35845335011c8c68ba75adcf54a46a82ae5f3789d25486ead3e5c15584acd,True,4
90591,45037,240926_ML.npy,2026-09-28,2026-09-28 01:28:23.626393,7C67D0,C172,CESSNA AIRCRAFT COMPANY,172S,6351ac4fbf86f6bb294cf426211af4c8526e369443071cf4bf7cbd3010ec4c10,True,2
90594,45040,240926_ML.npy,2026-09-28,2026-09-28 01:28:28.381615,7C7144,C172,CESSNA AIRCRAFT COMPANY,172N,86aafad32c07c8bcb021b80797d3c6b232c8fb5fc2c21d7c9f55edb37a7bcfa2,True,5
90596,45042,240926_ML.npy,2026-09-28,2026-09-28 01:28:30.388318,7C7144,C172,CESSNA AIRCRAFT COMPANY,172N,c6ed9007b1d9b5f8b266266fd06378cc41891f238e4e3d3c695e2d5212bd4110,True,3
90597,45043,240926_ML.npy,2026-09-28,2026-09-28 01:28:30.392448,7C7144,C172,CESSNA AIRCRAFT COMPANY,172N,8eff883d1a78880f151f049efd76c48e3c24a63e13e334861666e650b536bce3,True,2
90599,45045,240926_ML.npy,2026-09-28,2026-09-28 01:28:31.290100,7C7144,C172,CESSNA AIRCRAFT COMPANY,172N,f7d0e8c496918f9984eab07703bb365c13484912266bdd33bd0453b1d28455bc,True,4
90606,45052,240926_ML.npy,2026-09-28,2026-09-28 01:28:37.624145,7C7144,C172,CESSNA AIRCRAFT COMPANY,172N,5a4e55689bea283dcd095811881d06422284c358af4f85de3ae1b9db8416fdb2,True,1
90622,45068,240926_ML.npy,2026-09-28,2026-09-28 01:30:37.531307,7C0077,DA40,DIAMOND AIRCRAFT INDUSTRIES INC.,DA 40,1d1de0b277668f10bddd5aeb5e5882aa6b0cdd26f1b762ec55c90cab76965732,True,3
90629,45075,240926_ML.npy,2026-09-28,2026-09-28 01:30:42.386892,7C0077,DA40,DIAMOND AIRCRAFT INDUSTRIES INC.,DA 40,eaa1380752fa067a9bd362d08ac3847e2baa0e638b647cb0941b9f5e6ba5d732,True,1
90631,45077,240926_ML.npy,2026-09-28,2026-09-28 01:30:44.010304,7C0077,DA40,DIAMOND AIRCRAFT INDUSTRIES INC.,DA 40,efbde877df7bcb88cf7c4bfc96e2151e8060ea97889043890442d3057a02e60a,True,2
90637,45083,240926_ML.npy,2026-09-28,2026-09-28 01:30:47.751519,7C0077,DA40,DIAMOND AIRCRAFT INDUSTRIES INC.,DA 40,426e4f10877d5bf54d7e3e6744cbfb42391f5bfa7f5b52e79787a2168a60930a,True,2
90656,45102,240926_ML.npy,2026-09-28,2026-09-28 01:35:21.783982,7C168D,DA40,DIAMOND AIRCRAFT INDUSTRIES INC.,DA 40,1fc64fe085ef99f919cd51a37f3897d9838d77640274c2555489522fe3bc8e99,True,5
90660,45106,240926_ML.npy,2026-09-28,2026-09-28 01:35:23.941447,7C168D,DA40,DIAMOND AIRCRAFT INDUSTRIES INC.,DA 40,aa5ea98bfbec5f93f32296d9cc4132ad46cf25ffa89bf89b10d4a3ddeac93d54,True,5
90666,45112,240926_ML.npy,2026-09-28,2026-09-28 01:35:36.964980,7C168D,DA40,DIAMOND AIRCRAFT INDUSTRIES INC.,DA 40,5fee20c3c8d66df5faac7f49db7e84251fb1b3d9fa4c17896511c712d2f0d1a8,True,4
90675,45121,240926_ML.npy,2026-09-28,2026-09-28 01:36:04.939230,7C0077,DA40,DIAMOND AIRCRAFT INDUSTRIES INC.,DA 40,87e83f218e8a0664dc34d50202d922601dff141365ed4b028d66276122a087fd,True,2
90685,45131,240926_ML.npy,2026-09-28,2026-09-28 01:36:26.187574,7C0077,DA40,DIAMOND AIRCRAFT INDUSTRIES INC.,DA 40,24fff040185623f6f7f82c9a900d9fd697dcf0c7ba27caa4aeb5734713a4c090,True,3
90687,45133,240926_ML.npy,2026-09-28,2026-09-28 01:36:36.752420,7C0077,DA40,DIAMOND AIRCRAFT INDUSTRIES INC.,DA 40,1b846a3d236ff88347c3675b11ce74c9ee524830db6aa629635b4b1b6158066c,True,5
90691,45137,240926_ML.npy,2026-09-28,2026-09-28 01:36:59.601878,7C0074,C172,CESSNA AIRCRAFT COMPANY,172S,4c852f24c443c500d720d82ecac716146a5ace0b17db3c72cee07453edb683c8,True,1
90692,45138,240926_ML.npy,2026-09-28,2026-09-28 01:36:59.605506,7C0074,C172,CESSNA AIRCRAFT COMPANY,172S,5bc0785bd15da8108d6b1107986334786e2ce5dfa643e6180a5462c539747f07,True,5
90713,45159,240926_ML.npy,2026-09-28,2026-09-28 01:38:17.806459,7C0074,C172,CESSNA AIRCRAFT COMPANY,172S,aeef3a39d7990e3d0eab693fcb2eb0dd94bdb9c8be78b25e75029b7d0e47b88b,True,1
90719,45165,240926_ML.npy,2026-09-28,2026-09-28 01:39:15.493477,7C0074,C172,CESSNA AIRCRAFT COMPANY,172S,6e97ea651400c23de630b7019c4099b518bc23f710c28d45cce4c7f5a7bbee17,True,4
90724,45170,240926_ML.npy,2026-09-28,2026-09-28 01:39:19.571542,7C0074,C172,CESSNA AIRCRAFT COMPANY,172S,fd8bb8be19380a75adab9d169251ee932a7793fa3013c360ef23d941b8691ca3,True,5
90725,45171,240926_ML.npy,2026-09-28,2026-09-28 01:39:19.574523,7C0074,C172,CESSNA AIRCRAFT COMPANY,172S,44bd6dae5374c0eaade2da2df8dfd00017aae68a5c818d598157441eb7cd0c3e,True,2
90729,45175,240926_ML.npy,2026-09-28,2026-09-28 01:39:24.153359,7C0074,C172,CESSNA AIRCRAFT COMPANY,172S,ddf30b5f22711781cc0e658d61296b2149d8070e337a33e63bcdd312b79d247d,True,3
90731,45177,240926_ML.npy,2026-09-28,2026-09-28 01:39:24.501413,7C0074,C172,CESSNA AIRCRAFT COMPANY,172S,e50a40e34321ba14f18d15d010e3731c3190eb5c62a2fdf1c483ef5e9a241fcb,True,4
90740,45186,240926_ML.npy,2026-09-28,2026-09-28 01:39:34.725149,7C0074,C172,CESSNA AIRCRAFT COMPANY,172S,4b0403dd4ed92c45787a5698a729e38a7ee904e83faf9c87b2f7ac0972d11c76,True,3
90742,45188,240926_ML.npy,2026-09-28,2026-09-28 01:39:35.210174,7C0074,C172,CESSNA AIRCRAFT COMPANY,172S,3ce829d796f623bc10b62eec37b1757bce3174127e4aaa92e7bccd065065c308,True,3
90744,45190,240926_ML.npy,2026-09-28,2026-09-28 01:39:35.818927,7C0074,C172,CESSNA AIRCRAFT COMPANY,172S,e50a40e34321ba14f18d15d010e3731c3190eb5c62a2fdf1c483ef5e9a241fcb,True,5
90747,45193,240926_ML.npy,2026-09-28,2026-09-28 01:39:42.010693,7C0074,C172,CESSNA AIRCRAFT COMPANY,172S,4668feaf7b5a33b7a00fd415d717f501f102a065f540a7f78f6b09a983c036dd,True,1
90749,45195,240926_ML.npy,2026-09-28,2026-09-28 01:39:43.077761,7C0074,C172,CESSNA AIRCRAFT COMPANY,172S,d914bd0ddca80483c3c9a00d932654188548cce810b38a6e67b9f71693e275d9,True,4
90752,45198,240926_ML.npy,2026-09-28,2026-09-28 01:39:43.531706,7C0074,C172,CESSNA AIRCRAFT COMPANY,172S,6721e694f9b997b365ae35f40fb0edd6ea2ac413365f7664046cf6d5c16fab10,True,5
90754,45200,240926_ML.npy,2026-09-28,2026-09-28 01:39:45.976189,7C0074,C172,CESSNA AIRCRAFT COMPANY,172S,a8294909a6fcba63cff6e6c7a29c0cd6149234d9325c04aeba5d99599b9ba257,True,5
90756,45202,240926_ML.npy,2026-09-28,2026-09-28 01:41:05.444995,7C0077,DA40,DIAMOND AIRCRAFT INDUSTRIES INC.,DA 40,e67ececdbf42db0e7e673f4b616dd649326e920f3075c26ddc919daa805f9f35,True,4
90765,45211,240926_ML.npy,2026-09-28,2026-09-28 01:41:17.417760,7C0077,DA40,DIAMOND AIRCRAFT INDUSTRIES INC.,DA 40,1b846a3d236ff88347c3675b11ce74c9ee524830db6aa629635b4b1b6158066c,True,1
90775,45221,240926_ML.npy,2026-09-28,2026-09-28 01:41:31.957423,7C0077,DA40,DIAMOND AIRCRAFT INDUSTRIES INC.,DA 40,795ac6df212e704c1313584bd8cafa1b8005b2f77a43227ec56a98065f244878,True,5
90807,45253,240926_ML.npy,2026-09-28,2026-09-28 01:42:16.636456,7C7B65,DA40,DIAMOND AIRCRAFT INDUSTRIES INC.,DA 40,465e2b5633edc5b74903f8ccf9e38d103b696318da5de2b9d65608e7bc0b10f5,True,2
90813,45259,240926_ML.npy,2026-09-28,2026-09-28 01:42:27.948498,7C7B65,DA40,DIAMOND AIRCRAFT INDUSTRIES INC.,DA 40,9ccfa56a99a9b63fc3a2d113288f046d8ebd1f526cf37d894062c86eb4f7abfc,True,1
90815,45261,240926_ML.npy,2026-09-28,2026-09-28 01:42:34.126071,7C7B65,DA40,DIAMOND AIRCRAFT INDUSTRIES INC.,DA 40,50dfdfc24e2adb69d6d29843ed4d7d0cb17b7ec7cda969f5fbdaa2b5c035bf4f,True,5
90827,45273,240926_ML.npy,2026-09-28,2026-09-28 01:42:51.135013,7C7B65,DA40,DIAMOND AIRCRAFT INDUSTRIES INC.,DA 40,39df28e0f55e7ff822a635fdd78ca80b31939a293162906baf838c9f4f6459ec,True,3
90839,45285,240926_ML.npy,2026-09-28,2026-09-28 01:43:04.375097,7C7B65,DA40,DIAMOND AIRCRAFT INDUSTRIES INC.,DA 40,85ce029f4fefb629b1a6f4f55d8bfda0cdbf1650332432441cbe17685bf43101,True,2
90840,45286,240926_ML.npy,2026-09-28,2026-09-28 01:43:09.390776,7C7B65,DA40,DIAMOND AIRCRAFT INDUSTRIES INC.,DA 40,e4814007e8d3223fdd37a064e84ad8fcce42c23ca01574797107ead8627dc298,True,5
90845,45291,240926_ML.npy,2026-09-28,2026-09-28 01:43:28.157964,7C41FD,DA40,DIAMOND AIRCRAFT INDUSTRIES INC.,DA 40,6b4a2a16199bc2a11930a56618e0f8624b126614304438877e50a4d530565a77,True,4
90852,45298,240926_ML.npy,2026-09-28,2026-09-28 01:44:44.225232,7C41FD,DA40,DIAMOND AIRCRAFT INDUSTRIES INC.,DA 40,0bbba7ca1633f0fc81f9d9eda33ab226571e2bffc6706c49419b4e1153cac9bd,True,5
90865,45311,240926_ML.npy,2026-09-28,2026-09-28 01:45:06.967715,7C41FD,DA40,DIAMOND AIRCRAFT INDUSTRIES INC.,DA 40,a5cd2c0be5f531042c14846f02e275993d1a6980316ebe666236b7785aaf2166,True,1
90877,45323,240926_ML.npy,2026-09-28,2026-09-28 01:48:13.434234,7C444D,P28A,PIPER AIRCRAFT CORP,PA-28-181,a46a2ee728bd7f23f7ad159a3bf2937189086b4283872f22846262b5e9247946,True,2
90878,45324,240926_ML.npy,2026-09-28,2026-09-28 01:48:14.945930,7C444D,P28A,PIPER AIRCRAFT CORP,PA-28-181,789d449f42a4fea9fb1661ac337bfbb7e001ba19974e31b29820ff385a5aaae8,True,4
90879,45325,240926_ML.npy,2026-09-28,2026-09-28 01:48:15.417969,7C444D,P28A,PIPER AIRCRAFT CORP,PA-28-181,32a7039d4a6044d740c0c15d3bb2c6a5618c7c79b3d8c64d30c2e1582048e01b,True,4
90881,45327,240926_ML.npy,2026-09-28,2026-09-28 01:48:17.909490,7C444D,P28A,PIPER AIRCRAFT CORP,PA-28-181,0a712d93c3b436632b6313eca8379ae14858b33e3b9968582f2fdcbbff01ea49,True,3
90882,45328,240926_ML.npy,2026-09-28,2026-09-28 01:48:19.883215,7C444D,P28A,PIPER AIRCRAFT CORP,PA-28-181,bdbea92283397c39fbb177d0e95a1912f7416a11383c2ccf93c282201996d94c,True,3
90884,45330,240926_ML.npy,2026-09-28,2026-09-28 01:48:37.261980,7C444D,P28A,PIPER AIRCRAFT CORP,PA-28-181,ac78bea85570293b2dab9a308743f053ae81943dcdeaa1a7bc349b18ad9ea6b6,True,5
90885,45331,240926_ML.npy,2026-09-28,2026-09-28 01:48:45.208552,7C444D,P28A,PIPER AIRCRAFT CORP,PA-28-181,4df7f3ed75ec195a8e896f59917daaaf763f325883b7fea0faf0b3119e33be80,True,2
90886,45332,240926_ML.npy,2026-09-28,2026-09-28 01:48:45.628537,7C444D,P28A,PIPER AIRCRAFT CORP,PA-28-181,bff69a978db0d675b50a0a296980cb1db3e91437f284fccc9877773bb6ea3f03,True,3
90887,45333,240926_ML.npy,2026-09-28,2026-09-28 01:48:50.934298,7C41FD,DA40,DIAMOND AIRCRAFT INDUSTRIES INC.,DA 40,2327e710a3fbfa93b1e7afa4e2167259efe17665bd8de781c945b11f03783c01,True,5
90909,45355,240926_ML.npy,2026-09-28,2026-09-28 01:50:10.484599,7C41FD,DA40,DIAMOND AIRCRAFT INDUSTRIES INC.,DA 40,592cf82bfc43196bfb877fc27072c75fda50fe5b5a860cb7590fca54582f9433,True,4
90911,45357,240926_ML.npy,2026-09-28,2026-09-28 01:50:10.999086,7C41FD,DA40,DIAMOND AIRCRAFT INDUSTRIES INC.,DA 40,05beff9b5c197b8ae814071d9414a084c8e6aef949317685cdb37d270744e89c,True,1
90924,45370,240926_ML.npy,2026-09-28,2026-09-28 01:54:52.624069,7C41FD,DA40,DIAMOND AIRCRAFT INDUSTRIES INC.,DA 40,e5e41ed126f3e42b8921696ca205e2fd8fe188eb6a052a649e6f0ea8a8073bd8,True,4
90926,45372,240926_ML.npy,2026-09-28,2026-09-28 01:54:54.061053,7C41FD,DA40,DIAMOND AIRCRAFT INDUSTRIES INC.,DA 40,f2f83fd9c7bb1b27b36c4fbe7c837b9ed4b805572af6b5df71f126dc1d2870d8,True,2
90936,45382,240926_ML.npy,2026-09-28,2026-09-28 01:55:00.219058,7C41FD,DA40,DIAMOND AIRCRAFT INDUSTRIES INC.,DA 40,7e6faa2d081e3b7203e33c1f61b6deb100b275f6462c1039e9fbc063c7f7dbcb,True,5
90939,45385,240926_ML.npy,2026-09-28,2026-09-28 01:55:08.045011,7C41FD,DA40,DIAMOND AIRCRAFT INDUSTRIES INC.,DA 40,97157dd385e13ea6f9ca4cf401502826b52c2f255dd0bee86fe12d88359d1846,True,3
90943,45389,240926_ML.npy,2026-09-28,2026-09-28 01:55:16.764784,7C41FD,DA40,DIAMOND AIRCRAFT INDUSTRIES INC.,DA 40,272184d0d363493a6a882d6c8d129563d5cacd94bc33740b6ee1fddf987de1cb,True,4
90986,45432,240926_ML.npy,2026-09-28,2026-09-28 01:57:01.002544,7C582C,DA40,DIAMOND AIRCRAFT INDUSTRIES INC.,DA 40,5d0d2f5bd21548ca7b0e20a796cf486ab001417f36935dd2c13afc183551c7b5,True,1
90998,45444,240926_ML.npy,2026-09-28,2026-09-28 01:57:13.091506,7C582C,DA40,DIAMOND AIRCRAFT INDUSTRIES INC.,DA 40,a3365311c8119c355cd4eaec54bb06e7b78dab80b7a5809ce28f0c9f60662be6,True,1
91008,45454,240926_ML.npy,2026-09-28,2026-09-28 01:57:31.092713,7C582C,DA40,DIAMOND AIRCRAFT INDUSTRIES INC.,DA 40,e6f3353bcd79ac049a9c53a80c8a8e79a8c19bebd24422b439b4c4e1d83e3e6b,True,5
91012,45458,240926_ML.npy,2026-09-28,2026-09-28 01:57:35.996261,7C582C,DA40,DIAMOND AIRCRAFT INDUSTRIES INC.,DA 40,be832e5cdf5ce6e15fba0962d262363f77d439baef3772cbaae51aa61270d80b,True,2
91015,45461,240926_ML.npy,2026-09-28,2026-09-28 01:57:37.922198,7C582C,DA40,DIAMOND AIRCRAFT INDUSTRIES INC.,DA 40,07b6a60d7d43de7ac40b1d466bbef2cfa59d1c47d18d793979411aa5bbe49ed5,True,5
91018,45464,240926_ML.npy,2026-09-28,2026-09-28 01:57:39.583689,7C582C,DA40,DIAMOND AIRCRAFT INDUSTRIES INC.,DA 40,11e722a0f8aab015d1d698e6c59440e443c125171f03d942f39bdcb1c33abe87,True,1
91019,45465,240926_ML.npy,2026-09-28,2026-09-28 01:57:39.756151,7C582C,DA40,DIAMOND AIRCRAFT INDUSTRIES INC.,DA 40,7d8e448f26203ed8ec7293186af7acedd26c631c2506842dff446bdace0599c1,True,4
91033,45479,240926_ML.npy,2026-09-28,2026-09-28 01:58:00.805488,7C7C3E,DA40,DIAMOND AIRCRAFT INDUSTRIES INC.,DA 40,534b1a86dd1afe39a28340ac8ee471e58f6897222b439adc55b9b6f28054f97d,True,4
91045,45491,240926_ML.npy,2026-09-28,2026-09-28 01:58:39.764061,7C4E44,DA40,DIAMOND AIRCRAFT INDUSTRIES INC.,DA 40,725873d5851d89abe4d1b24922ad86f2183e707a1ea29741ba80a6b0b3041e52,True,5
91053,45499,240926_ML.npy,2026-09-28,2026-09-28 01:58:44.309676,7C4E44,DA40,DIAMOND AIRCRAFT INDUSTRIES INC.,DA 40,a70206adb7696a1aa66d05b53524c2eac7def8fc34ab44fd8d4d9ca4cd5897b7,True,4
91062,45508,240926_ML.npy,2026-09-28,2026-09-28 01:58:49.951113,7C4E44,DA40,DIAMOND AIRCRAFT INDUSTRIES INC.,DA 40,39b9de6acc59b4b095d9a51e7e0350b118ee6b0a5ad94db224cbd504c919ec85,True,3
91066,45512,240926_ML.npy,2026-09-28,2026-09-28 01:59:00.000379,7C4E44,DA40,DIAMOND AIRCRAFT INDUSTRIES INC.,DA 40,e357d8399208c54f815cc84c5634ee9a04b3afc33c2606ef929afa537538c959,True,5
91103,45549,240926_ML.npy,2026-09-28,2026-09-28 02:00:26.784004,7C41FD,DA40,DIAMOND AIRCRAFT INDUSTRIES INC.,DA 40,ced2ca095331314520e92840170557efc17163cd462346230b17e1a10fa561f4,True,1
91130,45576,240926_ML.npy,2026-09-28,2026-09-28 02:01:02.046828,7C7AF0,DA40,DIAMOND AIRCRAFT INDUSTRIES INC.,DA 40,431f8996688b70ec9058f1e728f0fe4b4a6130b4fecb2e873384daaaf5b92add,True,1
91133,45579,240926_ML.npy,2026-09-28,2026-09-28 02:01:04.025584,7C7C2E,DA40,DIAMOND AIRCRAFT INDUSTRIES INC.,DA 40,3f49eb4f1dbb3b2dd91068c0ef1a116da406fa4885431c9900cd489885c2afe5,True,3
91136,45582,240926_ML.npy,2026-09-28,2026-09-28 02:01:09.930114,7C7AF0,DA40,DIAMOND AIRCRAFT INDUSTRIES INC.,DA 40,02aba065c3c5dbf93c74bb7fb8dde6f06e1cc8d0e50fcbabe5ccd94204d7c182,True,3
91141,45587,240926_ML.npy,2026-09-28,2026-09-28 02:01:13.321874,7C7C2E,DA40,DIAMOND AIRCRAFT INDUSTRIES INC.,DA 40,2b49a770a7f4c840be544c656b2a2d6f2c3087a879f8e4b01aebf21eb31a30d7,True,1
91144,45590,240926_ML.npy,2026-09-28,2026-09-28 02:01:16.080060,7C7C2E,DA40,DIAMOND AIRCRAFT INDUSTRIES INC.,DA 40,17199b99218d13e07cbd2a09a9d133f118bdce757c1c07e66a8898790cadca42,True,1
91165,45611,240926_ML.npy,2026-09-28,2026-09-28 02:01:42.602263,7C7C2E,DA40,DIAMOND AIRCRAFT INDUSTRIES INC.,DA 40,4d5c4a8334b95c1157d5ae27342585762c5be0ec8f9f68925532fd75067b2902,True,5
91167,45613,240926_ML.npy,2026-09-28,2026-09-28 02:01:44.824990,7C7C2E,DA40,DIAMOND AIRCRAFT INDUSTRIES INC.,DA 40,aad543bad08bc11be34842000bda84912b008d2b141123c9ba8e487fbda882ff,True,1
91179,45625,240926_ML.npy,2026-09-28,2026-09-28 02:02:14.149475,7C7AF7,DA40,DIAMOND AIRCRAFT INDUSTRIES INC.,DA 40,fbdedd5cea31c3d560f888534882966ba56e706cc97a699bf850ff8a6027aa63,True,3
91199,45645,240926_ML.npy,2026-09-28,2026-09-28 02:02:37.120396,7C7AF7,DA40,DIAMOND AIRCRAFT INDUSTRIES INC.,DA 40,efbf19341c748b6761c9a845c61bfe4b0d185a11e59130ea41b0175fbce9bf5a,True,1
91203,45649,240926_ML.npy,2026-09-28,2026-09-28 02:02:44.778287,7C4E44,DA40,DIAMOND AIRCRAFT INDUSTRIES INC.,DA 40,2775d5684162ec3d234b7ebe22b62c1e5ff7da45857dfc195b02406979b2dc7d,True,1
91204,45650,240926_ML.npy,2026-09-28,2026-09-28 02:02:50.189384,7C7C3E,DA40,DIAMOND AIRCRAFT INDUSTRIES INC.,DA 40,48040d95447abb638fa47f2f867e681d637af9db9a64d7b02b44705413e07892,True,2
91215,45661,240926_ML.npy,2026-09-28,2026-09-28 02:03:05.535151,7C7C3E,DA40,DIAMOND AIRCRAFT INDUSTRIES INC.,DA 40,5a0f86df75e7264aad3ac922864c73a496a8d9efa4407701b9df217bb45e2a64,True,1
91218,45664,240926_ML.npy,2026-09-28,2026-09-28 02:03:06.758036,7C7C3E,DA40,DIAMOND AIRCRAFT INDUSTRIES INC.,DA 40,2c46818ad1a363232192ad833cb4c6d0bc65c4d4f844559031e883ef1ba524fa,True,3
91227,45673,240926_ML.npy,2026-09-28,2026-09-28 02:03:25.814207,7C41FD,DA40,DIAMOND AIRCRAFT INDUSTRIES INC.,DA 40,5ad2a785797bf7a5d090debe62c8d2a43c7e1af2a6dc6af9927e17a11a483650,True,5
91279,45725,240926_ML.npy,2026-09-28,2026-09-28 02:05:19.601276,7C41FD,DA40,DIAMOND AIRCRAFT INDUSTRIES INC.,DA 40,97157dd385e13ea6f9ca4cf401502826b52c2f255dd0bee86fe12d88359d1846,True,5
91300,45746,240926_ML.npy,2026-09-28,2026-09-28 02:05:57.900410,7C4E44,DA40,DIAMOND AIRCRAFT INDUSTRIES INC.,DA 40,74b1bf18049767710b211d7f1823cdd35509a67401d56f22bf63c11b6c11982c,True,2
91308,45754,240926_ML.npy,2026-09-28,2026-09-28 02:06:01.770785,7C4E44,DA40,DIAMOND AIRCRAFT INDUSTRIES INC.,DA 40,22fc0134e82bb6c710657c84e3b9954166f8eb785e35a8be193d408442d61bbb,True,4
91314,45760,240926_ML.npy,2026-09-28,2026-09-28 02:06:12.013066,7C4E44,DA40,DIAMOND AIRCRAFT INDUSTRIES INC.,DA 40,31e487a9195c17c6a4431f491d46daa79febfa920033153348bb6bcce12a8a50,True,2
91330,45776,240926_ML.npy,2026-09-28,2026-09-28 02:06:57.202791,7C7C2E,DA40,DIAMOND AIRCRAFT INDUSTRIES INC.,DA 40,e188bf024ae184d2e96e3b260956e580c2a1d0dd02bf62fae2ed5aedd2cb375e,True,5
91334,45780,240926_ML.npy,2026-09-28,2026-09-28 02:07:31.951864,7C7AF7,DA40,DIAMOND AIRCRAFT INDUSTRIES INC.,DA 40,6694a119411db43e2f41ecb69dd52805bd5137d21809352e4d00c87d0abd364e,True,5
91347,45793,240926_ML.npy,2026-09-28,2026-09-28 02:08:15.948947,7C7AF7,DA40,DIAMOND AIRCRAFT INDUSTRIES INC.,DA 40,66b194ffc8b32b2ac54598c1130407256789effceb8c29bf57f5ba5b868a69ae,True,4
91402,45848,240926_ML.npy,2026-09-28,2026-09-28 02:12:18.930355,7C7B56,DA40,DIAMOND AIRCRAFT INDUSTRIES INC.,DA 40,05ca050e61ecfdf0151d49b9598c7333578d632248f9929f42372e523ddd8192,True,2
91409,45855,240926_ML.npy,2026-09-28,2026-09-28 02:12:27.689273,7C7B56,DA40,DIAMOND AIRCRAFT INDUSTRIES INC.,DA 40,16ccdc48d26cf556a58ae97be1fa7912870b7bef2c9b1ac46f90fdd588b4cbe5,True,5
91415,45861,240926_ML.npy,2026-09-28,2026-09-28 02:12:30.899527,7C7B56,DA40,DIAMOND AIRCRAFT INDUSTRIES INC.,DA 40,2c4bd0ba1a392fe09eadb097553adb65af18a1eb5e0e839d10d1f42bb7dcd4ed,True,5
91418,45864,240926_ML.npy,2026-09-28,2026-09-28 02:12:35.415194,7C7B56,DA40,DIAMOND AIRCRAFT INDUSTRIES INC.,DA 40,d23132e7f3c1cb0707d17d123c7010d0ad318fcf6051a5beb6204b70d75f2301,True,4
91437,45883,240926_ML.npy,2026-09-28,2026-09-28 02:16:04.329216,7C7C2E,DA40,DIAMOND AIRCRAFT INDUSTRIES INC.,DA 40,aad543bad08bc11be34842000bda84912b008d2b141123c9ba8e487fbda882ff,True,5
91448,45894,240926_ML.npy,2026-09-28,2026-09-28 02:16:19.298640,7C7C2E,DA40,DIAMOND AIRCRAFT INDUSTRIES INC.,DA 40,bf512db758962a02d6699507ccc5371445cb2f7d6427911eb602751779980d40,True,5
91451,45897,240926_ML.npy,2026-09-28,2026-09-28 02:16:22.903252,7C7C2E,DA40,DIAMOND AIRCRAFT INDUSTRIES INC.,DA 40,e42cd6f0e7e99305f3c0fe4d3b9f25015841c4a3238d5c61889fe6a463b3607f,True,4
91452,45898,240926_ML.npy,2026-09-28,2026-09-28 02:16:22.907239,7C7C2E,DA40,DIAMOND AIRCRAFT INDUSTRIES INC.,DA 40,0dd7aad2df589e89ba3df484891feb3eb6ae1ffbb325339a184fb2cabc038e76,True,4
91471,45917,240926_ML.npy,2026-09-28,2026-09-28 02:18:18.365355,7C7AF7,DA40,DIAMOND AIRCRAFT INDUSTRIES INC.,DA 40,4747573dc323f5ef6ea0a9ca542dde9e2c6c4195c63f11be6135e6bd47d2397e,True,5
91475,45921,240926_ML.npy,2026-09-28,2026-09-28 02:18:35.014470,7C7AF7,DA40,DIAMOND AIRCRAFT INDUSTRIES INC.,DA 40,bdfa5cc6f2cf465c858a3c27eefec283f33b76d94ec45b1838ee8685612d6e5a,True,4
91512,45958,240926_ML.npy,2026-09-28,2026-09-28 02:22:07.645495,7C7CF7,C172,CESSNA AIRCRAFT COMPANY,172M,35c471ac2f2442ff6f0f0daea041ce03c7793b2f9c78691d7cd68ab6a58109c6,True,4
91540,45986,240926_ML.npy,2026-09-28,2026-09-28 02:23:21.764640,7C168B,DA40,DIAMOND AIRCRAFT INDUSTRIES INC.,DA 40,9dfffec37c533ecfffda455e9afc0324556de26a65158974f5b069c6b37e39fa,True,1
91542,45988,240926_ML.npy,2026-09-28,2026-09-28 02:23:37.877473,7C168B,DA40,DIAMOND AIRCRAFT INDUSTRIES INC.,DA 40,ee22f45c8026bdfb54c0e03dc70d97933a8eb0fb65859cec4314c827db6f6669,True,2
91554,46000,240926_ML.npy,2026-09-28,2026-09-28 02:24:22.703065,7C168B,DA40,DIAMOND AIRCRAFT INDUSTRIES INC.,DA 40,3b4240b566f512370d50eb99cc30a8fc56878f7df936b8dd29ef2853e2a4de08,True,3
91557,46003,240926_ML.npy,2026-09-28,2026-09-28 02:24:25.450915,7C168B,DA40,DIAMOND AIRCRAFT INDUSTRIES INC.,DA 40,389b257c90941fda53f3ef7c6b61425914e974e5cb123886ab1f72eecf1794a3,True,3
91558,46004,240926_ML.npy,2026-09-28,2026-09-28 02:24:28.000025,7C168B,DA40,DIAMOND AIRCRAFT INDUSTRIES INC.,DA 40,873afd01aa0061bb0446d3b51825f3ca9caddec1e662c9dd67a0eda85e10ee87,True,3
91559,46005,240926_ML.npy,2026-09-28,2026-09-28 02:24:30.082259,7C168B,DA40,DIAMOND AIRCRAFT INDUSTRIES INC.,DA 40,2ce99087f63ed12773abf893806a047e70421e3ca678db55bbb63e52f7e408dd,True,2
91573,46019,240926_ML.npy,2026-09-28,2026-09-28 02:27:29.106743,7C168D,DA40,DIAMOND AIRCRAFT INDUSTRIES INC.,DA 40,d585995c46927fa8170cc4622ac144036deea881c77f4898510f468e182f15c1,True,5
91587,46033,240926_ML.npy,2026-09-28,2026-09-28 02:27:54.620709,7C168D,DA40,DIAMOND AIRCRAFT INDUSTRIES INC.,DA 40,926ad37d3da1587bb70f9fb7e5fb30fec2ef079d63a18cc3f2f24f3c25aab9bc,True,1
91608,46054,240926_ML.npy,2026-09-28,2026-09-28 02:33:17.426410,7C168D,DA40,DIAMOND AIRCRAFT INDUSTRIES INC.,DA 40,072a0b0f5df46daade51c5e3f95190cc6e29cad91132885b00f44569db968451,True,1
91622,46068,240926_ML.npy,2026-09-28,2026-09-28 02:36:06.796824,7C7B61,DA40,DIAMOND AIRCRAFT INDUSTRIES INC.,DA 40,07bd6e87dc1e1fa8a843a061a38da8cd6a331a767db3c2793d2dbcc2a8e1acfe,True,4
91624,46070,240926_ML.npy,2026-09-28,2026-09-28 02:36:10.020636,7C7B61,DA40,DIAMOND AIRCRAFT INDUSTRIES INC.,DA 40,3473dc10e113b937a026f5550b001b0e7c28e6f3cdcd820bf523ad6328821f22,True,5
91626,46072,240926_ML.npy,2026-09-28,2026-09-28 02:36:15.446700,7C7B61,DA40,DIAMOND AIRCRAFT INDUSTRIES INC.,DA 40,ea88d8ec70b23513ca45f66ac9c38e38c5e2eb87dd020576cd6c6c08f7d01ed4,True,4
91638,46084,240926_ML.npy,2026-09-28,2026-09-28 02:36:45.881078,7C7B61,DA40,DIAMOND AIRCRAFT INDUSTRIES INC.,DA 40,f869c8d6af2e7d5a9309a04708425a0b73b1db79e572f8386c7fe517419a04a6,True,2
91654,46100,240926_ML.npy,2026-09-28,2026-09-28 02:38:26.122773,7C168D,DA40,DIAMOND AIRCRAFT INDUSTRIES INC.,DA 40,7c212a25be0fcd92f3c82ebf58d5da5555e5a4e7ea954ee10946ac9a468f5c87,True,5
91658,46104,240926_ML.npy,2026-09-28,2026-09-28 02:38:28.507138,7C168D,DA40,DIAMOND AIRCRAFT INDUSTRIES INC.,DA 40,bd6118ea8fbdece7b10d281317aa7c807c0a3a69150ca05871d17032a9a87672,True,4
91662,46108,240926_ML.npy,2026-09-28,2026-09-28 02:38:31.097426,7C168D,DA40,DIAMOND AIRCRAFT INDUSTRIES INC.,DA 40,18a7520720a629a819d5fc2d52166f0088149aa893f3f22c498182195f11198c,True,5
91669,46115,240926_ML.npy,2026-09-28,2026-09-28 02:38:53.611245,7C7B55,DA40,DIAMOND AIRCRAFT INDUSTRIES INC.,DA 40,5280f0e7278a6f3de491ae29fbb620f1226a18b8d7925e24e8bdf13064be8e4a,True,3
91682,46128,240926_ML.npy,2026-09-28,2026-09-28 02:39:12.449952,7C7B55,DA40,DIAMOND AIRCRAFT INDUSTRIES INC.,DA 40,7b9b155e07e617d263704a33a75544b85011e09d79b8e40955db62ad982778d4,True,4
91684,46130,240926_ML.npy,2026-09-28,2026-09-28 02:39:13.379771,7C7B55,DA40,DIAMOND AIRCRAFT INDUSTRIES INC.,DA 40,90a1ce630e84749bbfa7045a323ef1d96714246ddff058eb9862cd36fdf5a624,True,3
91711,46157,240926_ML.npy,2026-09-28,2026-09-28 02:41:56.947369,7C7C39,DA40,DIAMOND AIRCRAFT INDUSTRIES INC.,DA 40,3218c3db347a8d36e4da9d6b025837c9ff0ddf7a6655274b6bcc654bf14e3af5,True,2
91712,46158,240926_ML.npy,2026-09-28,2026-09-28 02:41:56.951158,7C7C39,DA40,DIAMOND AIRCRAFT INDUSTRIES INC.,DA 40,354e05d5938ef22fc41bd6b26912eb6e72bff35f6f1b8e25bab21c7c8eed6643,True,2
91714,46160,240926_ML.npy,2026-09-28,2026-09-28 02:41:57.486472,7C7C39,DA40,DIAMOND AIRCRAFT INDUSTRIES INC.,DA 40,c1c0b5463dcad39aa978885e30e4cc31ad4010cbf21cee1a631086debe8031f2,True,1
91716,46162,240926_ML.npy,2026-09-28,2026-09-28 02:42:45.933190,7C582C,DA40,DIAMOND AIRCRAFT INDUSTRIES INC.,DA 40,47ca97c6af73ef6690c26e6938e13d4e09c1e53ab5fe4cf0c84c7e936467df89,True,1
91720,46166,240926_ML.npy,2026-09-28,2026-09-28 02:42:51.111619,7C582C,DA40,DIAMOND AIRCRAFT INDUSTRIES INC.,DA 40,f5a0e542030483b018ba13f993ecb8022d39303745b30c0e2a8dcd9857d9e11d,True,4
91724,46170,240926_ML.npy,2026-09-28,2026-09-28 02:43:26.853262,7C168D,DA40,DIAMOND AIRCRAFT INDUSTRIES INC.,DA 40,77651933f0a86b9f4b4d0db1d8a69ae7803a13a323906d1b009dd835c9e1b9c3,True,4
91741,46187,240926_ML.npy,2026-09-28,2026-09-28 02:44:00.795696,7C168D,DA40,DIAMOND AIRCRAFT INDUSTRIES INC.,DA 40,ff8af473a8fa43227a91d6becac1a386e7272afbb64e2e8c2dbb4ad64320ec51,True,1
91743,46189,240926_ML.npy,2026-09-28,2026-09-28 02:44:12.363926,7C582C,DA40,DIAMOND AIRCRAFT INDUSTRIES INC.,DA 40,6d607a71262469589810a039e811263bbe313f4f84bb487b0c62e4bf762fa693,True,3
91760,46206,240926_ML.npy,2026-09-28,2026-09-28 02:44:48.157592,7C582C,DA40,DIAMOND AIRCRAFT INDUSTRIES INC.,DA 40,f7934abe3083680b935b7fdbc90f570d0e04ae910ea2f8c8b5eca2b202c21e3a,True,4
91775,46221,240926_ML.npy,2026-09-28,2026-09-28 02:49:02.049932,7C168D,DA40,DIAMOND AIRCRAFT INDUSTRIES INC.,DA 40,2c34a98a3bf93aa34ecda7eac5f32362f478ae82344f2d96fdad1c3e040de27e,True,2
91778,46224,240926_ML.npy,2026-09-28,2026-09-28 02:49:06.745134,7C168D,DA40,DIAMOND AIRCRAFT INDUSTRIES INC.,DA 40,f8b0e1f02f1ddf6243f5cf3a2e370e8450be4ce9f60df484655474cd6a2b9e70,True,4
91788,46234,240926_ML.npy,2026-09-28,2026-09-28 02:49:36.990431,7C582C,DA40,DIAMOND AIRCRAFT INDUSTRIES INC.,DA 40,944dd6a71fd007db99b165a6a63de6f89515c8586e28ec1c27dae217977b4a3c,True,5
91793,46239,240926_ML.npy,2026-09-28,2026-09-28 02:49:56.377153,7C582C,DA40,DIAMOND AIRCRAFT INDUSTRIES INC.,DA 40,c72508406c2969be1833bbef3cad29e4b23b6a1948a7d9874909d5e67f5511aa,True,1
91809,46255,240926_ML.npy,2026-09-28,2026-09-28 02:52:15.094876,7C7AF7,DA40,DIAMOND AIRCRAFT INDUSTRIES INC.,DA 40,48d0eb07a000e16382c840195a2702f06ca4380b79151900a6a77529c4b568f0,True,2
91811,46257,240926_ML.npy,2026-09-28,2026-09-28 02:52:18.071099,7C7AF7,DA40,DIAMOND AIRCRAFT INDUSTRIES INC.,DA 40,8c79750bc76f8531bbf37c30103896ae64b330eef74931d2fc2cfe5ca0274ed2,True,4
91820,46266,240926_ML.npy,2026-09-28,2026-09-28 02:52:31.436133,7C7AF7,DA40,DIAMOND AIRCRAFT INDUSTRIES INC.,DA 40,dc6f7095613cf28d469f5443ecf30490e1ce239f906e32433c8b55c2830b7fae,True,3
91832,46278,240926_ML.npy,2026-09-28,2026-09-28 02:52:48.952465,7C7AF7,DA40,DIAMOND AIRCRAFT INDUSTRIES INC.,DA 40,c49e6d0784d110085971b9ffec878424ce24eb749ed6068dc672f480207fdc91,True,2
91839,46285,240926_ML.npy,2026-09-28,2026-09-28 02:52:52.912605,7C7AF7,DA40,DIAMOND AIRCRAFT INDUSTRIES INC.,DA 40,551453e50cde321356fbf1a043660f16c1d6a9cb8ef07c3eddecd10eee73b5f3,True,1
91842,46288,240926_ML.npy,2026-09-28,2026-09-28 02:52:56.322031,7C7AF7,DA40,DIAMOND AIRCRAFT INDUSTRIES INC.,DA 40,5d8202b959b99842c6780eb2c71cbd1fd4a6b322b4b81a1e45615b9086360581,True,3
91855,46301,240926_ML.npy,2026-09-28,2026-09-28 02:54:06.549998,7C168D,DA40,DIAMOND AIRCRAFT INDUSTRIES INC.,DA 40,bdfd1a592aa8db2864941be6bc756167a1a91f630217bb4e04b51632cf1be84e,True,1
91863,46309,240926_ML.npy,2026-09-28,2026-09-28 02:54:18.060702,7C41FD,DA40,DIAMOND AIRCRAFT INDUSTRIES INC.,DA 40,b614e384f42b565745ec241a56b86e9ee012957b87ba0cb9f82e4dbb758eec72,True,4
91869,46315,240926_ML.npy,2026-09-28,2026-09-28 02:54:21.965067,7C41FD,DA40,DIAMOND AIRCRAFT INDUSTRIES INC.,DA 40,80393f88c55a07bc4eda1781862094bd4807bdf5fee7f64fb86946b6cfa64f3a,True,4
91881,46327,240926_ML.npy,2026-09-28,2026-09-28 02:55:02.080354,7C582C,DA40,DIAMOND AIRCRAFT INDUSTRIES INC.,DA 40,7626665d1d41851fc405ec6fecb0928bf8f0b1acd313cb06c9b0b5ed908d4ff8,True,2
91894,46340,240926_ML.npy,2026-09-28,2026-09-28 02:55:40.429549,7C582C,DA40,DIAMOND AIRCRAFT INDUSTRIES INC.,DA 40,904725ddb02ffb124a96e710edea82a3bb9a7888f8026add2f4fa5a67d919046,True,3
91951,46397,240926_ML.npy,2026-09-28,2026-09-28 02:56:46.818520,7C7B65,DA40,DIAMOND AIRCRAFT INDUSTRIES INC.,DA 40,6491a8f6cde1568b7c5b9f8d9ac5af08741e12e20069c9b8b26d2cbd6f7aadb9,True,1
91964,46410,240926_ML.npy,2026-09-28,2026-09-28 02:56:57.252073,7C7B65,DA40,DIAMOND AIRCRAFT INDUSTRIES INC.,DA 40,fb31ca011eeae7010c4406dc413081d415565367b37601f433395785893d8592,True,5
91965,46411,240926_ML.npy,2026-09-28,2026-09-28 02:56:57.468785,7C7B65,DA40,DIAMOND AIRCRAFT INDUSTRIES INC.,DA 40,ced2f23f7701d1649ec77018bca0d56c2aac096bc944c41efe00b0220c0cf208,True,4
91967,46413,240926_ML.npy,2026-09-28,2026-09-28 02:59:03.689941,7C168D,DA40,DIAMOND AIRCRAFT INDUSTRIES INC.,DA 40,6d213a358b339423b15d8e2bcc067d970b8bc1a219f0b9fbf30d8f615409f9d7,True,4
91972,46418,240926_ML.npy,2026-09-28,2026-09-28 02:59:16.921394,7C168D,DA40,DIAMOND AIRCRAFT INDUSTRIES INC.,DA 40,bf30ed440e56b7ca3afc734881bfd9493995ccc105c7a3e2f6ffa25986ea7fac,True,4
91973,46419,240926_ML.npy,2026-09-28,2026-09-28 02:59:23.387825,7C168D,DA40,DIAMOND AIRCRAFT INDUSTRIES INC.,DA 40,daadabf5df085777c9776ce02b4e67720fb87d6e2b64b222aa43ba2480005692,True,1
91975,46421,240926_ML.npy,2026-09-28,2026-09-28 02:59:32.138739,7C168D,DA40,DIAMOND AIRCRAFT INDUSTRIES INC.,DA 40,8f9023b7e9c41a388da4675bb413414e521fada8ab881879267ca8a080b78fc9,True,5
91986,46432,240926_ML.npy,2026-09-28,2026-09-28 02:59:46.049080,7C168D,DA40,DIAMOND AIRCRAFT INDUSTRIES INC.,DA 40,7c212a25be0fcd92f3c82ebf58d5da5555e5a4e7ea954ee10946ac9a468f5c87,True,1
91994,46440,240926_ML.npy,2026-09-28,2026-09-28 03:00:03.700789,7C7AF0,DA40,DIAMOND AIRCRAFT INDUSTRIES INC.,DA 40,0b8014ccbe9d846a2d625791961981d894466fd5910aebc8969b958e078afec0,True,5
92002,46448,240926_ML.npy,2026-09-28,2026-09-28 03:00:14.624024,7C7AF0,DA40,DIAMOND AIRCRAFT INDUSTRIES INC.,DA 40,59822f5992640f7696c4ba4d259be4187949c908753ff336a3b113f8a5e6b36c,True,3
92010,46456,240926_ML.npy,2026-09-28,2026-09-28 03:00:29.093073,7C582C,DA40,DIAMOND AIRCRAFT INDUSTRIES INC.,DA 40,fd8db18be5044e7099a7076b2f5c1f235d6785b4d72d71088824a9b745c27892,True,3
92012,46458,240926_ML.npy,2026-09-28,2026-09-28 03:00:35.499187,7C582C,DA40,DIAMOND AIRCRAFT INDUSTRIES INC.,DA 40,984d90c50e1a6a4e146d5550eb254e890132833bade9b48e0e210a87c6d6c8e9,True,3
92026,46472,240926_ML.npy,2026-09-28,2026-09-28 03:00:45.414676,7C7AF0,DA40,DIAMOND AIRCRAFT INDUSTRIES INC.,DA 40,00e7aa461579e4a715ec5177b30758412c648e1ef675b35d3e764c728ada3799,True,4
92071,46517,240926_ML.npy,2026-09-28,2026-09-28 03:01:41.239457,7C41FD,DA40,DIAMOND AIRCRAFT INDUSTRIES INC.,DA 40,97157dd385e13ea6f9ca4cf401502826b52c2f255dd0bee86fe12d88359d1846,True,1
92072,46518,240926_ML.npy,2026-09-28,2026-09-28 03:01:41.243005,7C0D65,DA42,DIAMOND AIRCRAFT INDUSTRIES INC.,DA 42,7c1fd4d8833df632430bf37f3dae6237f608f9b1a9e83d00bcaa53002576f95a,True,4
92075,46521,240926_ML.npy,2026-09-28,2026-09-28 03:01:41.872772,7C41FD,DA40,DIAMOND AIRCRAFT INDUSTRIES INC.,DA 40,7c0843c2a88f20a4a90b49da6cdc856152d9f1746ada6fc2a3a2b958afecb603,True,1
92085,46531,240926_ML.npy,2026-09-28,2026-09-28 03:01:54.621390,7C0D65,DA42,DIAMOND AIRCRAFT INDUSTRIES INC.,DA 42,6ac35534bbcf292edb9f81a8656737bf27ee657efa01d4764e9bc7fa8f379650,True,3
92086,46532,240926_ML.npy,2026-09-28,2026-09-28 03:01:54.871873,7C0D65,DA42,DIAMOND AIRCRAFT INDUSTRIES INC.,DA 42,1fdd5bd7cdac21b8c78ba2e1580e2f21ca85a0e097d3b1ce9c33ad7391591990,True,2
92087,46533,240926_ML.npy,2026-09-28,2026-09-28 03:01:57.158999,7C0D65,DA42,DIAMOND AIRCRAFT INDUSTRIES INC.,DA 42,e4702ca3b4f5a5422a74c86e41ba8ae765eb36cbfa59241c8cf5012dfd1d47ed,True,2
92090,46536,240926_ML.npy,2026-09-28,2026-09-28 03:01:59.771564,7C0D65,DA42,DIAMOND AIRCRAFT INDUSTRIES INC.,DA 42,ed677115340355a78689f7555ce580dec74c263f0e64aee45db1ff077036f900,True,4
92091,46537,240926_ML.npy,2026-09-28,2026-09-28 03:01:59.777311,7C0D65,DA42,DIAMOND AIRCRAFT INDUSTRIES INC.,DA 42,0ebaf35bdca6cd0c2c74be51775a61802e129c6a18887132468579374f5673da,True,3
92096,46542,240926_ML.npy,2026-09-28,2026-09-28 03:02:05.281648,7C0D65,DA42,DIAMOND AIRCRAFT INDUSTRIES INC.,DA 42,0ebaf35bdca6cd0c2c74be51775a61802e129c6a18887132468579374f5673da,True,1
92145,46591,240926_ML.npy,2026-09-28,2026-09-28 03:06:53.339258,7C41FD,DA40,DIAMOND AIRCRAFT INDUSTRIES INC.,DA 40,1db45e293487f6b6b9d4994fc6eeca50013c17202be6514788f5774e4c8c050c,True,5
92165,46611,240926_ML.npy,2026-09-28,2026-09-28 03:08:46.059086,7C582C,DA40,DIAMOND AIRCRAFT INDUSTRIES INC.,DA 40,c72508406c2969be1833bbef3cad29e4b23b6a1948a7d9874909d5e67f5511aa,True,5
92167,46613,240926_ML.npy,2026-09-28,2026-09-28 03:09:38.827182,7C0074,C172,CESSNA AIRCRAFT COMPANY,172S,8406bd52814ddc048fadf07470c6aab28f6d6bee9be4cd580fed24f966011180,True,3
92168,46614,240926_ML.npy,2026-09-28,2026-09-28 03:09:40.335367,7C0074,C172,CESSNA AIRCRAFT COMPANY,172S,07696e87e21757b480450dd2ef1d788787a92a582b4c3577d23c7400a8138e8d,True,5
92177,46623,240926_ML.npy,2026-09-28,2026-09-28 03:10:15.397267,7C0074,C172,CESSNA AIRCRAFT COMPANY,172S,5daf719213d3d56bd41487bdb0ee9ce240d625927692e472126fc931dffda8b8,True,2
92187,46633,240926_ML.npy,2026-09-28,2026-09-28 03:10:35.176445,7C0074,C172,CESSNA AIRCRAFT COMPANY,172S,c05319125b877ef1e74c80bcfc9e49f28f8368d39db70a97eea0d9c6bbc4aa87,True,5
92194,46640,240926_ML.npy,2026-09-28,2026-09-28 03:10:43.465196,7C0074,C172,CESSNA AIRCRAFT COMPANY,172S,fcd9c26723c977485a8bb974581d075659bd6a5e188cff73e5ad135f118a4717,True,3
92197,46643,240926_ML.npy,2026-09-28,2026-09-28 03:10:47.859536,7C0074,C172,CESSNA AIRCRAFT COMPANY,172S,3ce829d796f623bc10b62eec37b1757bce3174127e4aaa92e7bccd065065c308,True,5
92211,46657,240926_ML.npy,2026-09-28,2026-09-28 03:11:01.265013,7C0074,C172,CESSNA AIRCRAFT COMPANY,172S,3ec3a40e52a899e9a2780390ca859fec33c415ddb67367f0bfa702c274da3c8a,True,2
92219,46665,240926_ML.npy,2026-09-28,2026-09-28 03:11:05.335676,7C0074,C172,CESSNA AIRCRAFT COMPANY,172S,3e014b41d7c4a6452cf136d063598988be1c8fe607a67109526985781d02b93a,True,5
92229,46675,240926_ML.npy,2026-09-28,2026-09-28 03:11:11.973650,7C0074,C172,CESSNA AIRCRAFT COMPANY,172S,9c1f0ad9d5b9c53acfec1b1c11483034c5f0e7f8e577df355ac093983251e33a,True,1
92237,46683,240926_ML.npy,2026-09-28,2026-09-28 03:11:25.991057,7C0074,C172,CESSNA AIRCRAFT COMPANY,172S,0b4db06ebf895d27635b88c946a5d613a0a1b2a188bd41ccf99a69c9eb1b4b54,True,2
92243,46689,240926_ML.npy,2026-09-28,2026-09-28 03:11:32.564517,7C0074,C172,CESSNA AIRCRAFT COMPANY,172S,eafc49b711ec24dfa88e3ba584dbe348e9687fd3c49ae06d21c11fd4f34ea29d,True,3
92246,46692,240926_ML.npy,2026-09-28,2026-09-28 03:11:39.748176,7C0074,C172,CESSNA AIRCRAFT COMPANY,172S,83591773f90f4162259d7dc95a1682b74c1f5fb784f152c2a0da59985dc20875,True,2
92253,46699,240926_ML.npy,2026-09-28,2026-09-28 03:11:49.830592,7C41FD,DA40,DIAMOND AIRCRAFT INDUSTRIES INC.,DA 40,173974810db77b7cc24d0d38791c886f6876489a27682dcd9a522ba47882d535,True,3
92258,46704,240926_ML.npy,2026-09-28,2026-09-28 03:11:54.439658,7C0074,C172,CESSNA AIRCRAFT COMPANY,172S,51cb58da2c42c9f2c98c51276b805013cabf98331cb162672715e35ff3b7d364,True,4
92271,46717,240926_ML.npy,2026-09-28,2026-09-28 03:12:04.040430,7C41FD,DA40,DIAMOND AIRCRAFT INDUSTRIES INC.,DA 40,cfe4d61e48ca6b9c2d657b2e12ff4e6ce71ecc06f02766439084637de97f4f32,True,1
92289,46735,240926_ML.npy,2026-09-28,2026-09-28 03:13:00.900798,7C7B64,DA40,DIAMOND AIRCRAFT INDUSTRIES INC.,DA 40,644aacd0d9bb711a6e45390e105c8fd0bc34c1ef57015c4cd7e2bda18a8edbb2,True,4
92290,46736,240926_ML.npy,2026-09-28,2026-09-28 03:13:05.729856,7C7B64,DA40,DIAMOND AIRCRAFT INDUSTRIES INC.,DA 40,f12cfaac57dcbb7fd4f7ee2ec936de8edd0931d292eacb14f570e0579c6ed178,True,2
92293,46739,240926_ML.npy,2026-09-28,2026-09-28 03:13:08.880341,7C7B64,DA40,DIAMOND AIRCRAFT INDUSTRIES INC.,DA 40,f7d7c3d323a62c082542cf83b7b880df2874b1a60f37d90ca333aa9d8509e9c6,True,5
92299,46745,240926_ML.npy,2026-09-28,2026-09-28 03:13:18.526642,7C7C39,DA40,DIAMOND AIRCRAFT INDUSTRIES INC.,DA 40,b0aa6062b4c77dd2c778e84692d0cc7089ef484ab3fefc1f0ed868811d8e5383,True,1
92310,46756,240926_ML.npy,2026-09-28,2026-09-28 03:14:31.748678,7C0074,C172,CESSNA AIRCRAFT COMPANY,172S,1222b80d4c52e6e7f06fff7c885d0fe9fd1b610ff27c51711adf105ed81d4f4b,True,4
92311,46757,240926_ML.npy,2026-09-28,2026-09-28 03:14:40.724038,7C0074,C172,CESSNA AIRCRAFT COMPANY,172S,3ce829d796f623bc10b62eec37b1757bce3174127e4aaa92e7bccd065065c308,True,2
92315,46761,240926_ML.npy,2026-09-28,2026-09-28 03:15:04.465404,7C0074,C172,CESSNA AIRCRAFT COMPANY,172S,04c5dd2508c50a6061a1a6bfd0eb1087b5fb8396bd26a3edddbd98bbe886a491,True,1
92325,46771,240926_ML.npy,2026-09-28,2026-09-28 03:15:23.992081,7C0074,C172,CESSNA AIRCRAFT COMPANY,172S,0673d97abf1a5f7822963b4dbdfd7eb4fdc2921602f8e8af0d2cdc920a9b94e4,True,3
92343,46789,240926_ML.npy,2026-09-28,2026-09-28 03:16:35.235424,7C0074,C172,CESSNA AIRCRAFT COMPANY,172S,ff9bfeab27f9efdc20d3b4f89777223f2ea02b728d4524a3eed627e4b3b9aea6,True,4
92344,46790,240926_ML.npy,2026-09-28,2026-09-28 03:16:36.891444,7C41FD,DA40,DIAMOND AIRCRAFT INDUSTRIES INC.,DA 40,f9e9ec90dea00d19204237414dc18a3c8f82ef13f66b13cca44f6adcdfcdf8e3,True,3
92350,46796,240926_ML.npy,2026-09-28,2026-09-28 03:16:40.728998,7C0074,C172,CESSNA AIRCRAFT COMPANY,172S,d9aa11d16927cb2369feb42886dedda70ea8432cbbee31cc0981e131a0ce3389,True,1
92352,46798,240926_ML.npy,2026-09-28,2026-09-28 03:16:42.621939,7C0074,C172,CESSNA AIRCRAFT COMPANY,172S,d8b1e3a0234e4419accb173fefdd250b53945ce3149eec74e64c6fdb63b349f5,True,5
92358,46804,240926_ML.npy,2026-09-28,2026-09-28 03:16:51.552769,7C0074,C172,CESSNA AIRCRAFT COMPANY,172S,f5bb11f4af4c4e248bb36d033f5bfa3a2613a7ee365b3711cc500cf9cf580197,True,3
92360,46806,240926_ML.npy,2026-09-28,2026-09-28 03:16:55.264915,7C0074,C172,CESSNA AIRCRAFT COMPANY,172S,ed50db68ba402e1c890338624c3350052a7f345a729a700ee389d77f5d32b219,True,5
92368,46814,240926_ML.npy,2026-09-28,2026-09-28 03:17:03.463722,7C0074,C172,CESSNA AIRCRAFT COMPANY,172S,8d64b29631b3744a48502aaccc80f989ef1b473203d431ff4de04bd907458694,True,1
92381,46827,240926_ML.npy,2026-09-28,2026-09-28 03:17:12.766621,7C0074,C172,CESSNA AIRCRAFT COMPANY,172S,141fc04635993d05af8016ab6ec31a1163ad059b54dae99b5924808511f17de5,True,5
92383,46829,240926_ML.npy,2026-09-28,2026-09-28 03:17:16.797416,7C1B2A,DA40,DIAMOND AIRCRAFT INDUSTRIES INC.,DA 40,7b0b0d8c7474fb01f7d98d388e02f03bd415fa639950f750b6191a38e4c683ed,True,2
92386,46832,240926_ML.npy,2026-09-28,2026-09-28 03:17:17.794137,7C0074,C172,CESSNA AIRCRAFT COMPANY,172S,abe97e4109ef75e945860eba8359fde3dcad0f148e12641f0bd52bdee993dfaa,True,1
92390,46836,240926_ML.npy,2026-09-28,2026-09-28 03:17:22.113641,7C1B2A,DA40,DIAMOND AIRCRAFT INDUSTRIES INC.,DA 40,d9a499aee86c76fdc4710105575ef0cdf7805af53056baffc4f3b307e91c5e86,True,2
92392,46838,240926_ML.npy,2026-09-28,2026-09-28 03:17:22.772371,7C0074,C172,CESSNA AIRCRAFT COMPANY,172S,3ce829d796f623bc10b62eec37b1757bce3174127e4aaa92e7bccd065065c308,True,5
92394,46840,240926_ML.npy,2026-09-28,2026-09-28 03:17:24.104628,7C0074,C172,CESSNA AIRCRAFT COMPANY,172S,8efc077fe8443f444dbca7fc1fd7c089a05bcc2482309ea4324f76ceb8270a10,True,3
92397,46843,240926_ML.npy,2026-09-28,2026-09-28 03:17:25.242824,7C1B2A,DA40,DIAMOND AIRCRAFT INDUSTRIES INC.,DA 40,01a2584035997dc1f7891f5c3e23af0fb0dd7cb2c0df4f3d1789289fb18dcdf9,True,2
92400,46846,240926_ML.npy,2026-09-28,2026-09-28 03:17:26.088318,7C1B2A,DA40,DIAMOND AIRCRAFT INDUSTRIES INC.,DA 40,22a033862b4a8d2dce2a10eab043d6100c5507aec7146cdc76bed35c73242f88,True,3
92453,46899,240926_ML.npy,2026-09-28,2026-09-28 03:19:23.534877,7C7B64,DA40,DIAMOND AIRCRAFT INDUSTRIES INC.,DA 40,872a9d14c4a5fbb56d8b617ca171878740ccd0854d2aa507f2f4357c712aa5bf,True,1
92459,46905,240926_ML.npy,2026-09-28,2026-09-28 03:19:47.667362,7C7B64,DA40,DIAMOND AIRCRAFT INDUSTRIES INC.,DA 40,843671de4ee4f9bb1f68c6a13b2a5f5352a5d91fbb0cc5702199d9d311250dc6,True,4
92465,46911,240926_ML.npy,2026-09-28,2026-09-28 03:19:53.269005,7C7B64,DA40,DIAMOND AIRCRAFT INDUSTRIES INC.,DA 40,615df0ad0f6d5f25e8739f169f111041032f2381cfa54fd8b256076f44c6e12e,True,1
92476,46922,240926_ML.npy,2026-09-28,2026-09-28 03:20:05.834682,7C582C,DA40,DIAMOND AIRCRAFT INDUSTRIES INC.,DA 40,764a87f402b5bfe8176cae7759ac328a61dc45ba6450290abe5fb71973ead059,True,1
92478,46924,240926_ML.npy,2026-09-28,2026-09-28 03:20:09.028428,7C582C,DA40,DIAMOND AIRCRAFT INDUSTRIES INC.,DA 40,033aa8c776591f721bfc14b8f0603e42b5c224cba16fb6b447ccc302e2e9e00f,True,4
92479,46925,240926_ML.npy,2026-09-28,2026-09-28 03:20:10.105096,7C0074,C172,CESSNA AIRCRAFT COMPANY,172S,3ce829d796f623bc10b62eec37b1757bce3174127e4aaa92e7bccd065065c308,True,1
92483,46929,240926_ML.npy,2026-09-28,2026-09-28 03:20:25.237467,7C582C,DA40,DIAMOND AIRCRAFT INDUSTRIES INC.,DA 40,8d0a8618dbc028ea839defe24c67d1f9fac99525a717bb681d0b14d304007824,True,2
92511,46957,240926_ML.npy,2026-09-28,2026-09-28 03:23:22.654576,7C41FD,DA40,DIAMOND AIRCRAFT INDUSTRIES INC.,DA 40,bd53cc0bcbe89cbc9d441cb266f4049861000703259b191476855292cd982e03,True,1
92526,46972,240926_ML.npy,2026-09-28,2026-09-28 03:23:55.374657,7C41FD,DA40,DIAMOND AIRCRAFT INDUSTRIES INC.,DA 40,1d76092eb2fbfa3785b2f1b93e7e67e01b9dd18fa4669919ee6f3c5eae6dc365,True,1
92553,46999,240926_ML.npy,2026-09-28,2026-09-28 03:25:03.963823,7C7B64,DA40,DIAMOND AIRCRAFT INDUSTRIES INC.,DA 40,421f4ec9069385be03bd284b9d3aecac4caa7969a4039a901f477bea0a9fd0cb,True,5
92560,47006,240926_ML.npy,2026-09-28,2026-09-28 03:25:13.052871,7C7B64,DA40,DIAMOND AIRCRAFT INDUSTRIES INC.,DA 40,90e2f76452a4aa2bfe569439a91034dae4c18ae1b7079011d42bdbecbeb813d9,True,2
92563,47009,240926_ML.npy,2026-09-28,2026-09-28 03:25:17.536981,7C7B64,DA40,DIAMOND AIRCRAFT INDUSTRIES INC.,DA 40,0f1e77eb1b20db49ff362faa8f7a73ce6a2c0a600c1e4b097e21f90112028444,True,4
92566,47012,240926_ML.npy,2026-09-28,2026-09-28 03:25:24.316556,7C7B64,DA40,DIAMOND AIRCRAFT INDUSTRIES INC.,DA 40,e1bafab415d9ce21cdc79001a9e6caf9bcba8cefe180e013e256086d20f701e5,True,3
92590,47036,240926_ML.npy,2026-09-28,2026-09-28 03:27:36.396459,7C41FD,DA40,DIAMOND AIRCRAFT INDUSTRIES INC.,DA 40,37c10ad12077c38d2f350516a0fbe8efbad40d73250e6662c426a28e83543a65,True,3
92591,47037,240926_ML.npy,2026-09-28,2026-09-28 03:27:46.636730,7C41FD,DA40,DIAMOND AIRCRAFT INDUSTRIES INC.,DA 40,7beb70ca4e41b57849b9dfc14c8c5d12d38c1677093758d9c7e8f895ba30cd45,True,1
92612,47058,240926_ML.npy,2026-09-28,2026-09-28 03:29:11.015533,7C41FD,DA40,DIAMOND AIRCRAFT INDUSTRIES INC.,DA 40,183223e5ddb75ccfed7acfcc97c984375879e10608a82e1a8f1bda996323aad0,True,2
92631,47077,240926_ML.npy,2026-09-28,2026-09-28 03:30:24.056856,7C7B64,DA40,DIAMOND AIRCRAFT INDUSTRIES INC.,DA 40,65cb8b8e3e5d415fbdbd5a5483689fa393d58fb60b9d8066d02528698bdd0f4a,True,1
92640,47086,240926_ML.npy,2026-09-28,2026-09-28 03:31:18.742210,7C67D0,C172,CESSNA AIRCRAFT COMPANY,172S,dcc7fbb38458a0a64dc7bb7fa84419827bf587f315a5436858b7bddff8d4ede0,True,1
92647,47093,240926_ML.npy,2026-09-28,2026-09-28 03:32:12.303326,7C67D0,C172,CESSNA AIRCRAFT COMPANY,172S,38ff19cea6bc6c5d01dc9a65598251ded8c5a0984303ca34dfdbfdcabf1b417f,True,4
92657,47103,240926_ML.npy,2026-09-28,2026-09-28 03:32:48.507821,7C1687,DA40,DIAMOND AIRCRAFT INDUSTRIES INC.,DA 40,965cf144787111d4d0e1a6549035ce2409a2e9e047bc6ac5e3a1ef599c33ce37,True,1
92668,47114,240926_ML.npy,2026-09-28,2026-09-28 03:33:06.516367,7C1687,DA40,DIAMOND AIRCRAFT INDUSTRIES INC.,DA 40,476161316a7b5b43f2dfb5ef690e9d30cbda7450d05a374ff954da0ccbca6c3f,True,3
92692,47138,240926_ML.npy,2026-09-28,2026-09-28 03:35:04.668630,7C41FD,DA40,DIAMOND AIRCRAFT INDUSTRIES INC.,DA 40,e4e25209abb420a571fba28d700cf8a772eb96c13006616a6d257a2c0149380d,True,5
92693,47139,240926_ML.npy,2026-09-28,2026-09-28 03:35:05.776682,7C41FD,DA40,DIAMOND AIRCRAFT INDUSTRIES INC.,DA 40,1ccaba3c05a4da146bbfa1163272ae958e46858730f35d3bc7d4ecfbfae9bf14,True,2
92694,47140,240926_ML.npy,2026-09-28,2026-09-28 03:35:08.144700,7C7B64,DA40,DIAMOND AIRCRAFT INDUSTRIES INC.,DA 40,8fc26f989d442047144475d036adee7235327bd510becdeeded49fdac1b62fff,True,4
92713,47159,240926_ML.npy,2026-09-28,2026-09-28 03:36:15.869471,7C7B64,DA40,DIAMOND AIRCRAFT INDUSTRIES INC.,DA 40,5d5ca0a021d565251c400b326f7a22aeb7da7c79a7fc48272b5868317d92d4b9,True,5
92724,47170,240926_ML.npy,2026-09-28,2026-09-28 03:37:06.767109,7C7B5F,DA40,DIAMOND AIRCRAFT INDUSTRIES INC.,DA 40,0bda99144a5e9d0d605dc78262da90bc66b3556278bf9a921e6e278730fb65da,True,2
92733,47179,240926_ML.npy,2026-09-28,2026-09-28 03:37:25.462258,7C7B5F,DA40,DIAMOND AIRCRAFT INDUSTRIES INC.,DA 40,6420d6dfca1f3002ac37e2a0244c620d4d62092b6446614885ca22997c978f7c,True,2
92735,47181,240926_ML.npy,2026-09-28,2026-09-28 03:37:25.887653,7C7B5F,DA40,DIAMOND AIRCRAFT INDUSTRIES INC.,DA 40,b0402e8ca004b4ee44e5930fdfd2717a7b30c27637526539f3aa958a07795db5,True,1
92740,47186,240926_ML.npy,2026-09-28,2026-09-28 03:37:53.748289,7C41FD,DA40,DIAMOND AIRCRAFT INDUSTRIES INC.,DA 40,52fb90e61420af9129894c67d638b35efe05d344909826331fec502509050cae,True,5
92748,47194,240926_ML.npy,2026-09-28,2026-09-28 03:39:37.135071,7C41FD,DA40,DIAMOND AIRCRAFT INDUSTRIES INC.,DA 40,9468a14cb8b0ea35f1cb32d763bede25d2a53b16c83168abe12f46dfd77bbbe9,True,5
92753,47199,240926_ML.npy,2026-09-28,2026-09-28 03:39:46.646757,7C41FD,DA40,DIAMOND AIRCRAFT INDUSTRIES INC.,DA 40,ca3c431819122b2a9e842a54a6e771d97c78dfd9bf3576dcd5186f0cefafb50c,True,5
92769,47215,240926_ML.npy,2026-09-28,2026-09-28 03:40:22.227118,7C41FD,DA40,DIAMOND AIRCRAFT INDUSTRIES INC.,DA 40,cfcc6aa8a535acf9c5832d8d053cada9a567df3ef7eb52e0f90c174497ee7818,True,1
92793,47239,240926_ML.npy,2026-09-28,2026-09-28 03:41:40.917172,7C7B64,DA40,DIAMOND AIRCRAFT INDUSTRIES INC.,DA 40,355394cf54e334f6385e0fd427c3b6a734226e07779425eacc7cceca1acec0d3,True,1
92801,47247,240926_ML.npy,2026-09-28,2026-09-28 03:42:13.102041,7C2E75,C172,CESSNA AIRCRAFT COMPANY,172N,f911b3b646ac29cbba5a7657f990bc6e42cfbdb4459ed42f0f1dfc99eff00d12,True,3
92802,47248,240926_ML.npy,2026-09-28,2026-09-28 03:42:16.125897,7C2E75,C172,CESSNA AIRCRAFT COMPANY,172N,e3aba1ce903e9bfc4d7ca4dc9a297e011e8c4ccb8c11b2f4a9bb52fcfa9d0bbd,True,1
92803,47249,240926_ML.npy,2026-09-28,2026-09-28 03:42:18.730442,7C2E75,C172,CESSNA AIRCRAFT COMPANY,172N,9b31d96896a73362caba1c3109526f5782c4c4bd421d7606fe3d87f964d5f490,True,1
92805,47251,240926_ML.npy,2026-09-28,2026-09-28 03:42:22.640195,7C2E75,C172,CESSNA AIRCRAFT COMPANY,172N,10176f457b90dba1c58c71c92b1237d1a15daeab59c33e2e8fadcfa5c66153f7,True,4
92812,47258,240926_ML.npy,2026-09-28,2026-09-28 03:42:33.379934,7C2E75,C172,CESSNA AIRCRAFT COMPANY,172N,ecc3168ba96652b6077e3360074d8a207b44ae18f55d843053ef0230c84eae07,True,4
92816,47262,240926_ML.npy,2026-09-28,2026-09-28 03:42:37.616097,7C2E75,C172,CESSNA AIRCRAFT COMPANY,172N,6bc90e0e2ce2ba570e1eeef4cff946625001bb27e947ac9dbe73b1841260ca10,True,3
92822,47268,240926_ML.npy,2026-09-28,2026-09-28 03:42:48.189059,7C41FD,DA40,DIAMOND AIRCRAFT INDUSTRIES INC.,DA 40,85b292ed690265580cf654b84b57f4bc99faf088eb4acfb78fd1a8d64a2437ae,True,5
92825,47271,240926_ML.npy,2026-09-28,2026-09-28 03:42:50.060815,7C2E75,C172,CESSNA AIRCRAFT COMPANY,172N,6bc90e0e2ce2ba570e1eeef4cff946625001bb27e947ac9dbe73b1841260ca10,True,4
92827,47273,240926_ML.npy,2026-09-28,2026-09-28 03:42:50.820693,7C2E75,C172,CESSNA AIRCRAFT COMPANY,172N,400ad94ceac8dc473066f625456638830ddf0a39064468f31ea8ca1d09b5c77b,True,1
92828,47274,240926_ML.npy,2026-09-28,2026-09-28 03:42:51.224312,7C41FD,DA40,DIAMOND AIRCRAFT INDUSTRIES INC.,DA 40,0b60ff6b5140883e4997a012455180b871d138d931147488223e2b75fce7a31a,True,1
92830,47276,240926_ML.npy,2026-09-28,2026-09-28 03:42:51.744201,7C2E75,C172,CESSNA AIRCRAFT COMPANY,172N,537a411f6d666b5552508369672999737cfab429b0e5d0136716492142f23c12,True,3
92834,47280,240926_ML.npy,2026-09-28,2026-09-28 03:43:02.003125,7C2E75,C172,CESSNA AIRCRAFT COMPANY,172N,b054cac776aadf96e266ff73f9fefd138a62b1651361ab2f925a54ce147f915b,True,4
92837,47283,240926_ML.npy,2026-09-28,2026-09-28 03:43:09.177577,7C2E75,C172,CESSNA AIRCRAFT COMPANY,172N,906e9f1acc8aeda2d08902f89da0c96bb87cd61036638dede5a62bffe5392622,True,3
92844,47290,240926_ML.npy,2026-09-28,2026-09-28 03:43:15.308649,7C2E75,C172,CESSNA AIRCRAFT COMPANY,172N,b7a1814c79f28fc943328c0beaec343eab3afcdc4ce2b00d83be0ec1bbd31a7c,True,4
92847,47293,240926_ML.npy,2026-09-28,2026-09-28 03:44:51.327365,7C41FD,DA40,DIAMOND AIRCRAFT INDUSTRIES INC.,DA 40,718238951d5567f1d51f859db6bdc1d71d25d8d751b781791ae308dcd0c45479,True,3
92872,47318,240926_ML.npy,2026-09-28,2026-09-28 03:46:01.759401,7C7B64,DA40,DIAMOND AIRCRAFT INDUSTRIES INC.,DA 40,4c1c8aa62e469e3f1f6a8bcaf8db8ae225f7644b1f21f4cf3512766985f7be18,True,4
92874,47320,240926_ML.npy,2026-09-28,2026-09-28 03:46:05.055792,7C7B64,DA40,DIAMOND AIRCRAFT INDUSTRIES INC.,DA 40,151efe83d799f5bed96f0cb5fceade54481ae1252214029e24c6bf750c2a4aae,True,3
92878,47324,240926_ML.npy,2026-09-28,2026-09-28 03:46:24.712323,7C7B64,DA40,DIAMOND AIRCRAFT INDUSTRIES INC.,DA 40,d076cc9f5f4f5f781be3435ee0617ba2ab559b7ebd03c19798160ec3705a4d9b,True,5
92896,47342,240926_ML.npy,2026-09-28,2026-09-28 03:47:32.080819,7C7C39,DA40,DIAMOND AIRCRAFT INDUSTRIES INC.,DA 40,ee427e3f9e8e953ced210996fbf4376518de51cd5158a35145c3ca54ecdafcad,True,5
92906,47352,240926_ML.npy,2026-09-28,2026-09-28 03:47:43.821989,7C7C39,DA40,DIAMOND AIRCRAFT INDUSTRIES INC.,DA 40,39cda99957c3f9414aef389ee10c572c3830348c1b10dc39ba2821bbad42451b,True,5
92907,47353,240926_ML.npy,2026-09-28,2026-09-28 03:47:44.086915,7C41FD,DA40,DIAMOND AIRCRAFT INDUSTRIES INC.,DA 40,2307aacf961b28a48ac563235dc271fbe3451dd735a737c0a2ce09fb73314e0d,True,5
92918,47364,240926_ML.npy,2026-09-28,2026-09-28 03:47:56.301163,7C7C39,DA40,DIAMOND AIRCRAFT INDUSTRIES INC.,DA 40,e05cdac65da467facbb546eaf6ff0fdc041fc8bdf5c09782db2e4f8688e3ef42,True,1
92934,47380,240926_ML.npy,2026-09-28,2026-09-28 03:48:19.548906,7C7B64,DA40,DIAMOND AIRCRAFT INDUSTRIES INC.,DA 40,63565e4a5f447c9f49f35fcea8c0cf8a20522c06e887a0cd61bd244e4035ea0b,True,4
92940,47386,240926_ML.npy,2026-09-28,2026-09-28 03:49:37.320574,7C41FD,DA40,DIAMOND AIRCRAFT INDUSTRIES INC.,DA 40,46d2ebc9cc73c22ae3155f7a5db859369187a503130c4c53a58d0564f37af3c8,True,5
92949,47395,240926_ML.npy,2026-09-28,2026-09-28 03:50:00.347655,7C41FD,DA40,DIAMOND AIRCRAFT INDUSTRIES INC.,DA 40,7c5b19545042ac779b7f5d1eae7d66b44b0d38a4869b2aa5005baa2239d39dc5,True,5
92973,47419,240926_ML.npy,2026-09-28,2026-09-28 03:51:05.109646,7C7B64,DA40,DIAMOND AIRCRAFT INDUSTRIES INC.,DA 40,9ece2c004700cc772853123e77e40f69f91c99f04f1a994a0fe6fb7654e47f28,True,1
92978,47424,240926_ML.npy,2026-09-28,2026-09-28 03:51:15.007521,7C7B64,DA40,DIAMOND AIRCRAFT INDUSTRIES INC.,DA 40,576ed0c7fce94ecaa62e49ea06228e14828eebce1c3b50a2ce57a7d5914350bd,True,3
92989,47435,240926_ML.npy,2026-09-28,2026-09-28 03:52:05.858379,7C1697,DA40,DIAMOND AIRCRAFT INDUSTRIES INC.,DA 40,a09115d939bffd0e2b969a6de09e60287a1da5a2f9bf2b6738b3f62edf4114b7,True,5
93000,47446,240926_ML.npy,2026-09-28,2026-09-28 03:52:21.916358,7C1697,DA40,DIAMOND AIRCRAFT INDUSTRIES INC.,DA 40,341c4a7cb04690cbe2c86c28e4750adb988c91254f7ca5d80e2bbd5dbc9d7dee,True,4
93017,47463,240926_ML.npy,2026-09-28,2026-09-28 03:55:31.042967,7C7B64,DA40,DIAMOND AIRCRAFT INDUSTRIES INC.,DA 40,874a1a05cd5f701016d6e01da07ef7c3df2ed8dd0c708768188b9308f067cd6a,True,1
93031,47477,240926_ML.npy,2026-09-28,2026-09-28 03:55:49.571934,7C7B64,DA40,DIAMOND AIRCRAFT INDUSTRIES INC.,DA 40,13c3f952d72aa3498b653ba3ba5c4ac31b51b18d16e0082869276d951e5e5891,True,4
93033,47479,240926_ML.npy,2026-09-28,2026-09-28 03:55:51.647703,7C7B64,DA40,DIAMOND AIRCRAFT INDUSTRIES INC.,DA 40,b43702f389d0b7a63fddcc2a5266850bda050f3871eed82ef2246184b5d0cc14,True,5
93036,47482,240926_ML.npy,2026-09-28,2026-09-28 03:55:53.795071,7C7B64,DA40,DIAMOND AIRCRAFT INDUSTRIES INC.,DA 40,ee84e407f076cd408f9be201680358b2d7265851f926711bde1100fb2a003b0e,True,3
93037,47483,240926_ML.npy,2026-09-28,2026-09-28 03:55:57.991610,7C7B64,DA40,DIAMOND AIRCRAFT INDUSTRIES INC.,DA 40,592d5fb297a4d00ee006f7ced6ceea9d0687a04519760d15f855fc8d22f24257,True,4
93051,47497,240926_ML.npy,2026-09-28,2026-09-28 03:56:45.788974,7C1697,DA40,DIAMOND AIRCRAFT INDUSTRIES INC.,DA 40,f10bae23ac303f2a74f191731ec409b7af1af68ab27d7995e9623253de9f6f9e,True,1
93053,47499,240926_ML.npy,2026-09-28,2026-09-28 03:56:48.465358,7C1697,DA40,DIAMOND AIRCRAFT INDUSTRIES INC.,DA 40,d81a02fb9a097a158c7958fb5cda823e1afb5c1b472194e2136be6732425ad9e,True,4
93063,47509,240926_ML.npy,2026-09-28,2026-09-28 04:00:45.188429,7C7B64,DA40,DIAMOND AIRCRAFT INDUSTRIES INC.,DA 40,b6ca648634a80729d476e6c5f35ff73ed3ac06fa540edc01816cc00fd7dbde1e,True,2
93065,47511,240926_ML.npy,2026-09-28,2026-09-28 04:00:49.694717,7C7B64,DA40,DIAMOND AIRCRAFT INDUSTRIES INC.,DA 40,39ae87c502b6a1f00eb9e6135ef12d2badfbb573d8a774ddf356017bf11e36fb,True,4
93082,47528,240926_ML.npy,2026-09-28,2026-09-28 04:01:23.172038,7C1697,DA40,DIAMOND AIRCRAFT INDUSTRIES INC.,DA 40,384d291f97e68f6e19873f3fc2825de3107a998e10b9c3bb4d95dde4cfebbb9e,True,4
93102,47548,240926_ML.npy,2026-09-28,2026-09-28 04:02:59.497265,7C7B61,DA40,DIAMOND AIRCRAFT INDUSTRIES INC.,DA 40,b66b39b1b21f7c9d084c3a6712293c48d0d9a5dce50564f409f742629e81e6d0,True,3
93121,47567,240926_ML.npy,2026-09-28,2026-09-28 04:03:44.043523,7C0074,C172,CESSNA AIRCRAFT COMPANY,172S,976503016d5c665f8473bf214ed2d2caffef23bfff0437fc180c3b57dd0def7a,True,4
93128,47574,240926_ML.npy,2026-09-28,2026-09-28 04:04:03.911123,7C0074,C172,CESSNA AIRCRAFT COMPANY,172S,6ae1561d47e6196ea974bf56f8c10a94cf5910449300bd4680f466817a0439a9,True,3
93130,47576,240926_ML.npy,2026-09-28,2026-09-28 04:04:07.409250,7C0074,C172,CESSNA AIRCRAFT COMPANY,172S,3da2e5f3557a3b3472e6a3877e092113946f72a7cdd6224bef9913bc7322c17a,True,2
93134,47580,240926_ML.npy,2026-09-28,2026-09-28 04:04:19.050161,7C1697,DA40,DIAMOND AIRCRAFT INDUSTRIES INC.,DA 40,efcb550f96d5cab9310ebac55b533ed14468035f775f56f39660014c2da36ddb,True,5
93135,47581,240926_ML.npy,2026-09-28,2026-09-28 04:04:22.409428,7C0074,C172,CESSNA AIRCRAFT COMPANY,172S,8406bd52814ddc048fadf07470c6aab28f6d6bee9be4cd580fed24f966011180,True,5
93136,47582,240926_ML.npy,2026-09-28,2026-09-28 04:04:23.769558,7C1697,DA40,DIAMOND AIRCRAFT INDUSTRIES INC.,DA 40,abb3ff9af3f471e035e73f14bc77c357eb60868a5b105ec4331f0ffa00421ed8,True,2
93140,47586,240926_ML.npy,2026-09-28,2026-09-28 04:04:34.422936,7C0074,C172,CESSNA AIRCRAFT COMPANY,172S,06a5a31d4e970c3c76576a3509dd367e4aedc368debd30e43a11e33feacc705b,True,1
93145,47591,240926_ML.npy,2026-09-28,2026-09-28 04:04:39.549266,7C0074,C172,CESSNA AIRCRAFT COMPANY,172S,3ce829d796f623bc10b62eec37b1757bce3174127e4aaa92e7bccd065065c308,True,1
93158,47604,240926_ML.npy,2026-09-28,2026-09-28 04:04:57.047930,7C0074,C172,CESSNA AIRCRAFT COMPANY,172S,c4b5f56cb14341d1a6b273d91a456262ac7a25309bebff11990bb62357d60937,True,5
93162,47608,240926_ML.npy,2026-09-28,2026-09-28 04:04:59.526886,7C0074,C172,CESSNA AIRCRAFT COMPANY,172S,c9cccd44ebcef26a138ce5be7dfe41e607444807f46d57e93b13309b460b07be,True,5
93164,47610,240926_ML.npy,2026-09-28,2026-09-28 04:05:00.752550,7C7B61,DA40,DIAMOND AIRCRAFT INDUSTRIES INC.,DA 40,cfbc851021149309bb70dca50131c97be0754450901a38de0ae3a797d6433713,True,5
93174,47620,240926_ML.npy,2026-09-28,2026-09-28 04:05:21.918429,7C7B61,DA40,DIAMOND AIRCRAFT INDUSTRIES INC.,DA 40,c71b787d488ff1367a94e9d9d8b92d5904dd0f8399cef8c1f98110c7e4448cbf,True,3
93232,47678,240926_ML.npy,2026-09-28,2026-09-28 04:08:24.654265,7C444D,P28A,PIPER AIRCRAFT CORP,PA-28-181,d1bf87996239c559b640e2f156a7138ec60016b07537273482115b40325eedf1,True,4
93233,47679,240926_ML.npy,2026-09-28,2026-09-28 04:08:32.581268,7C444D,P28A,PIPER AIRCRAFT CORP,PA-28-181,457d3e9f44b0aecbb7b302dc57d813605920d7ddb96fc5a0958aba4dddd2536b,True,1
93235,47681,240926_ML.npy,2026-09-28,2026-09-28 04:08:36.154415,7C444D,P28A,PIPER AIRCRAFT CORP,PA-28-181,13764b9c885829d4f8d7e2dc42aed2f114f2923dbb0025304649937d519387fc,True,2
93236,47682,240926_ML.npy,2026-09-28,2026-09-28 04:08:39.683886,7C444D,P28A,PIPER AIRCRAFT CORP,PA-28-181,54cb449d50b54b44e9fd477f2115166a0915167f736dac44278b4c121fed303d,True,5
93237,47683,240926_ML.npy,2026-09-28,2026-09-28 04:08:39.727612,7C444D,P28A,PIPER AIRCRAFT CORP,PA-28-181,d1d59b7e8e3fdb29d8d61ccfcdbb461969fecc34f13bc15d1e4c27628a59a116,True,3
93238,47684,240926_ML.npy,2026-09-28,2026-09-28 04:08:41.503595,7C444D,P28A,PIPER AIRCRAFT CORP,PA-28-181,97119bfe6da6085a355e15bbf2d5db18fadd9ea9187af3a278f25e1c07e95e5c,True,5
93239,47685,240926_ML.npy,2026-09-28,2026-09-28 04:08:46.654427,7C444D,P28A,PIPER AIRCRAFT CORP,PA-28-181,4e051ff67c0ffb7817af7aff712113f3f30c45c7537ac44998522138a7460439,True,4
93240,47686,240926_ML.npy,2026-09-28,2026-09-28 04:08:50.595733,7C444D,P28A,PIPER AIRCRAFT CORP,PA-28-181,2929153cda1eead6da3613041e2f0e0a56a4d32a229bcb39381894d684b00dfb,True,3
93241,47687,240926_ML.npy,2026-09-28,2026-09-28 04:08:50.935697,7C444D,P28A,PIPER AIRCRAFT CORP,PA-28-181,ca64f0119ee7c875825d9d6575703bc7179d5061b9f92e52fa1693c86086f8ff,True,2
93242,47688,240926_ML.npy,2026-09-28,2026-09-28 04:08:51.079639,7C444D,P28A,PIPER AIRCRAFT CORP,PA-28-181,a7d2cbc2662278f4ec4a97309d4be947d636ec95ffef21ab6648513c6dcf1c0a,True,3
93243,47689,240926_ML.npy,2026-09-28,2026-09-28 04:08:52.135731,7C444D,P28A,PIPER AIRCRAFT CORP,PA-28-181,d8ca3e90afb3bc1d4dca52ed572384b0662a75fc6da6c43081f935eb45116e9f,True,5
93244,47690,240926_ML.npy,2026-09-28,2026-09-28 04:08:52.423439,7C444D,P28A,PIPER AIRCRAFT CORP,PA-28-181,0a712d93c3b436632b6313eca8379ae14858b33e3b9968582f2fdcbbff01ea49,True,5
93245,47691,240926_ML.npy,2026-09-28,2026-09-28 04:08:52.667200,7C444D,P28A,PIPER AIRCRAFT CORP,PA-28-181,3693794ffa86ba7329c2f9830d00d321c7aaa47c66f5423ffb09188c6a76f82e,True,1
93246,47692,240926_ML.npy,2026-09-28,2026-09-28 04:08:52.893735,7C444D,P28A,PIPER AIRCRAFT CORP,PA-28-181,bba808ce7a2aea6fd05e2cb761f62917be4ebcc0a8c027c3bafb2c9f829ab21c,True,3
93247,47693,240926_ML.npy,2026-09-28,2026-09-28 04:08:57.018468,7C444D,P28A,PIPER AIRCRAFT CORP,PA-28-181,b9abbc173550bff3381ea8cd514feb3f3056d5b9cd0fff307e3c240b33a9272a,True,3
93248,47694,240926_ML.npy,2026-09-28,2026-09-28 04:09:00.937339,7C444D,P28A,PIPER AIRCRAFT CORP,PA-28-181,7933e0f83c838de7abdb4bac9f6516985bfc8be40a246b2177380a1810781f47,True,1
93249,47695,240926_ML.npy,2026-09-28,2026-09-28 04:09:01.499704,7C444D,P28A,PIPER AIRCRAFT CORP,PA-28-181,7038c05464550833c486dc38e85e45b3f31f8086d4cb9d947c927561d11a53c0,True,5
93250,47696,240926_ML.npy,2026-09-28,2026-09-28 04:09:03.097434,7C444D,P28A,PIPER AIRCRAFT CORP,PA-28-181,279f8d2e3ae7efd05039b7ff2d298591f4686287726bd05539277c0dd5235aed,True,5
93252,47698,240926_ML.npy,2026-09-28,2026-09-28 04:09:04.037298,7C444D,P28A,PIPER AIRCRAFT CORP,PA-28-181,43baa0ccf171782b00f18be48c65e38a5ef9add76873492856f6375ba37113b0,True,3
93253,47699,240926_ML.npy,2026-09-28,2026-09-28 04:09:04.192859,7C444D,P28A,PIPER AIRCRAFT CORP,PA-28-181,28dbdd58bf0f1bbce9f0a5909152063de8022728406329b5902c5482f7e4a428,True,3
93254,47700,240926_ML.npy,2026-09-28,2026-09-28 04:09:04.933207,7C444D,P28A,PIPER AIRCRAFT CORP,PA-28-181,1d33f282fe041aaf8e8522e7d530593949d32abf450611cba914529ba6d31079,True,5
93255,47701,240926_ML.npy,2026-09-28,2026-09-28 04:09:05.369019,7C444D,P28A,PIPER AIRCRAFT CORP,PA-28-181,f00217b5d364b9555521567912df0ccfc39e5c01448afbd2011577118ca949b0,True,3
93256,47702,240926_ML.npy,2026-09-28,2026-09-28 04:09:10.410069,7C444D,P28A,PIPER AIRCRAFT CORP,PA-28-181,936097cd18dcce1fedb0ed0bfecb5bc6d47a351d2f09b87dd8de0e4c9cd8f3f4,True,1
93257,47703,240926_ML.npy,2026-09-28,2026-09-28 04:09:11.477965,7C444D,P28A,PIPER AIRCRAFT CORP,PA-28-181,2f1bc7803c1af9938b5ad610ddb2bec60e640e85f0a9d2e0979aa9ba7800ca84,True,5
93258,47704,240926_ML.npy,2026-09-28,2026-09-28 04:09:12.981529,7C444D,P28A,PIPER AIRCRAFT CORP,PA-28-181,8f9499d03423e6af3c7d41cfe7da600534ecb10a1bd93deb8c510d068f32f4fc,True,1
93259,47705,240926_ML.npy,2026-09-28,2026-09-28 04:09:13.347453,7C444D,P28A,PIPER AIRCRAFT CORP,PA-28-181,b79225e9f8440a539c9613f0fb32e6e1bdd67981fdef24be11013507b1e65695,True,3
93260,47706,240926_ML.npy,2026-09-28,2026-09-28 04:09:14.385386,7C444D,P28A,PIPER AIRCRAFT CORP,PA-28-181,1f1e28cce09ea82e448450cb260a3b68ee0a2684626b1b3018739212d56c9e63,True,3
93261,47707,240926_ML.npy,2026-09-28,2026-09-28 04:09:15.422692,7C444D,P28A,PIPER AIRCRAFT CORP,PA-28-181,3016043c02e2e7cc8eb848ac81d42d5e54ba4a8188ba2d69189552ec55b3fc39,True,2
93262,47708,240926_ML.npy,2026-09-28,2026-09-28 04:09:15.874998,7C444D,P28A,PIPER AIRCRAFT CORP,PA-28-181,d9611dbfcdc4631fba5fda2593a7718456b06695522ac58df44d2619e66e85a3,True,4
93263,47709,240926_ML.npy,2026-09-28,2026-09-28 04:09:16.012610,7C444D,P28A,PIPER AIRCRAFT CORP,PA-28-181,1a9638983eb05b798b2ce8235049597359596a5a5f012a28ca32b33d267a76f2,True,4
93264,47710,240926_ML.npy,2026-09-28,2026-09-28 04:09:16.954826,7C444D,P28A,PIPER AIRCRAFT CORP,PA-28-181,e40eecdb1f1be4a15973a3d518f9cd6fe311ad5a9170938348bf52956a8904d5,True,2
93265,47711,240926_ML.npy,2026-09-28,2026-09-28 04:09:17.942302,7C444D,P28A,PIPER AIRCRAFT CORP,PA-28-181,7a90275142d0c73eee91dc1b9438192677644fb3916332f0195fd19d35847818,True,5
93266,47712,240926_ML.npy,2026-09-28,2026-09-28 04:09:18.362003,7C444D,P28A,PIPER AIRCRAFT CORP,PA-28-181,a9e397420ace3c68c614d687db53b72ae308ca8d9a4c4abb58cf048ee0f9df0c,True,2
93267,47713,240926_ML.npy,2026-09-28,2026-09-28 04:09:19.436313,7C444D,P28A,PIPER AIRCRAFT CORP,PA-28-181,8bf18c853d7ff307ca95e6f54409fa4f11224d0cebef097f9ee9b24f54871732,True,1
93268,47714,240926_ML.npy,2026-09-28,2026-09-28 04:09:21.055978,7C444D,P28A,PIPER AIRCRAFT CORP,PA-28-181,5a77faa00d2cf56be27c864f8c6f4025ed7aa62acdb65b6f83b37cb404904e57,True,4
93269,47715,240926_ML.npy,2026-09-28,2026-09-28 04:09:24.619576,7C444D,P28A,PIPER AIRCRAFT CORP,PA-28-181,d8ca3e90afb3bc1d4dca52ed572384b0662a75fc6da6c43081f935eb45116e9f,True,1
93270,47716,240926_ML.npy,2026-09-28,2026-09-28 04:09:25.291380,7C444D,P28A,PIPER AIRCRAFT CORP,PA-28-181,e34d30d50afc2e8fb9dc33388c142ea6cf9057c468ec7f4a223e118957d41898,True,2
93271,47717,240926_ML.npy,2026-09-28,2026-09-28 04:09:27.900938,7C444D,P28A,PIPER AIRCRAFT CORP,PA-28-181,5f851607cd659add258e29624bd48cede327b8ea57c45a1318b30c7403c002d1,True,3
93272,47718,240926_ML.npy,2026-09-28,2026-09-28 04:09:28.368380,7C444D,P28A,PIPER AIRCRAFT CORP,PA-28-181,8fdbefcc71d6e5e33f58788e5d871f86f8ad6a65efda6762efc96c65523c4586,True,3
93273,47719,240926_ML.npy,2026-09-28,2026-09-28 04:09:29.280089,7C444D,P28A,PIPER AIRCRAFT CORP,PA-28-181,be8ecc92a2ad2ec3a790576cc1584ad5bc34c782ad436dd856925adba6dd50d3,True,5
93274,47720,240926_ML.npy,2026-09-28,2026-09-28 04:09:29.497754,7C444D,P28A,PIPER AIRCRAFT CORP,PA-28-181,3418d285f686d004c3f8a15857c09fc3cc6fb0bec3ab8b88f49081015c920b10,True,5
93275,47721,240926_ML.npy,2026-09-28,2026-09-28 04:09:31.166199,7C444D,P28A,PIPER AIRCRAFT CORP,PA-28-181,c70db59927820106cad20ede0f7ac8c1493f7351026d8c0cdcb7b7bb4a886f35,True,2
93276,47722,240926_ML.npy,2026-09-28,2026-09-28 04:09:32.112074,7C444D,P28A,PIPER AIRCRAFT CORP,PA-28-181,493c46ac71957d635c38ce913eadcdca280648e0f9ab6a43d851b6ba9a057627,True,1
93277,47723,240926_ML.npy,2026-09-28,2026-09-28 04:09:32.539878,7C444D,P28A,PIPER AIRCRAFT CORP,PA-28-181,b4ef7c49e702c669a33bea019e1e24026755ffcdc2e6486f59d45a40e17a60e8,True,5
93278,47724,240926_ML.npy,2026-09-28,2026-09-28 04:09:36.705368,7C444D,P28A,PIPER AIRCRAFT CORP,PA-28-181,8d44647a402941a0871e4ac384f07f3fd16b554e52f32b27fb2afe6783e07cf7,True,3
93279,47725,240926_ML.npy,2026-09-28,2026-09-28 04:09:38.238503,7C444D,P28A,PIPER AIRCRAFT CORP,PA-28-181,929239f02a6f93be3f9bcd2c2a80769429b672ada440b9bb3c8ae355851ea96c,True,4
93280,47726,240926_ML.npy,2026-09-28,2026-09-28 04:09:39.196737,7C444D,P28A,PIPER AIRCRAFT CORP,PA-28-181,a1f2dff1d3aa435e6c8272891d75678bb4257c7f387fe1e4162faf5beea74c25,True,1
93293,47739,240926_ML.npy,2026-09-28,2026-09-28 04:10:35.503061,7C7B61,DA40,DIAMOND AIRCRAFT INDUSTRIES INC.,DA 40,774809067f2286f4f5c37bd3faef994c881ff20291349797341e73ad36b3079a,True,4
93307,47753,240926_ML.npy,2026-09-28,2026-09-28 04:11:25.593160,7C1697,DA40,DIAMOND AIRCRAFT INDUSTRIES INC.,DA 40,77aa3afc2e1e324fdc51e799ca62b76ddc8b58b6fd7c4c1fd038b2a4ea2e336a,True,2
93316,47762,240926_ML.npy,2026-09-28,2026-09-28 04:11:50.886298,7C1697,DA40,DIAMOND AIRCRAFT INDUSTRIES INC.,DA 40,66f20aee55539aeb9844d681a294e374864988eabf4b4e15de48498e907e7e7e,True,2
93319,47765,240926_ML.npy,2026-09-28,2026-09-28 04:11:52.867089,7C2EA4,C172,CESSNA AIRCRAFT COMPANY,R172K,454e557955f676abb1414047ded94ef5958b0149b56dff2c2190e96fdb46101b,True,5
93323,47769,240926_ML.npy,2026-09-28,2026-09-28 04:11:59.438589,7C1697,DA40,DIAMOND AIRCRAFT INDUSTRIES INC.,DA 40,7d9d2d2ad5679dc2c8e4a838d88359d8fd556bf39c08d21b2bad7542cdf5ccd6,True,4
93330,47776,240926_ML.npy,2026-09-28,2026-09-28 04:12:28.213993,7C2EA4,C172,CESSNA AIRCRAFT COMPANY,R172K,f00877ab31eeb1de04c51b88d9a719b0503ac0f52b72becee2afeedfd2b16881,True,3
93338,47784,240926_ML.npy,2026-09-28,2026-09-28 04:12:49.333287,7C2EA4,C172,CESSNA AIRCRAFT COMPANY,R172K,dd866f926b8a0d228be795f395d183c01598990909e2b0a11306da5708958faf,True,2
93339,47785,240926_ML.npy,2026-09-28,2026-09-28 04:12:49.567771,7C2EA4,C172,CESSNA AIRCRAFT COMPANY,R172K,46eeae956094deba9a4b30149da60bb758b1526df30d2b2f8f71f6b755aed66a,True,3
93343,47789,240926_ML.npy,2026-09-28,2026-09-28 04:12:54.883516,7C2EA4,C172,CESSNA AIRCRAFT COMPANY,R172K,9d343de34c3ebec377b8e77d1138b0aab4466f96893ae1a5935fa27a51fc8a31,True,3
93353,47799,240926_ML.npy,2026-09-28,2026-09-28 04:13:00.605793,7C2EA4,C172,CESSNA AIRCRAFT COMPANY,R172K,a6d3b8687b6137a54ba53cac2f54af673957956636c6a5f793030abe8f077980,True,3
93357,47803,240926_ML.npy,2026-09-28,2026-09-28 04:13:57.428094,7C7B61,DA40,DIAMOND AIRCRAFT INDUSTRIES INC.,DA 40,c4c7e749d1aa618e42c2416feec5bbeedba4124a8aedb3a88c418b4015c427f7,True,4
93361,47807,240926_ML.npy,2026-09-28,2026-09-28 04:15:33.254096,7C7B61,DA40,DIAMOND AIRCRAFT INDUSTRIES INC.,DA 40,5e68ae7670b3af8c9ae0c66ead77f15392f4dacedde9f9bb65018720c8b12250,True,3
93364,47810,240926_ML.npy,2026-09-28,2026-09-28 04:15:59.060643,7C7B61,DA40,DIAMOND AIRCRAFT INDUSTRIES INC.,DA 40,37fb4dc967f187f755d95c311789068dae2812d4f953adf323fcfb0f114f458e,True,2
93367,47813,240926_ML.npy,2026-09-28,2026-09-28 04:16:00.161058,7C7B61,DA40,DIAMOND AIRCRAFT INDUSTRIES INC.,DA 40,53545efa466dddde959a5e673936503184718469cc7b8c0e324228437f2f41dd,True,4
93369,47815,240926_ML.npy,2026-09-28,2026-09-28 04:16:02.738931,7C7B61,DA40,DIAMOND AIRCRAFT INDUSTRIES INC.,DA 40,174770408cb2416a7ca3abb760fa55ac5f714c780a130c332cfda08eabe216e2,True,4
93373,47819,240926_ML.npy,2026-09-28,2026-09-28 04:16:10.806688,7C7B61,DA40,DIAMOND AIRCRAFT INDUSTRIES INC.,DA 40,5ec68a8bbde12eaf16e07af3e1fa5c5ef89717f14f27441176f0adb3945dce24,True,4
93375,47821,240926_ML.npy,2026-09-28,2026-09-28 04:16:12.044583,7C7B61,DA40,DIAMOND AIRCRAFT INDUSTRIES INC.,DA 40,d82a0dd03b654c2c53a702c002189ddecc13d29b86f279b99318a05e70d5978e,True,4
93390,47836,240926_ML.npy,2026-09-28,2026-09-28 04:17:12.004015,7C1697,DA40,DIAMOND AIRCRAFT INDUSTRIES INC.,DA 40,e67223fc1bc76082aba03ed03f24872f4cfba17f248ad5c560fefb94a87d5d4d,True,4
93449,47895,240926_ML.npy,2026-09-28,2026-09-28 04:20:55.707237,7C7CF7,C172,CESSNA AIRCRAFT COMPANY,172M,7d0cb3ebdad33878b6ff253f5fd88735facea212f81e457c7c9ea929434af66d,True,2
93451,47897,240926_ML.npy,2026-09-28,2026-09-28 04:20:56.642759,7C7CF7,C172,CESSNA AIRCRAFT COMPANY,172M,eab18546848546d02f3c69ef7280df6a3219383594aa2c6e63745d55e2453f95,True,5
93456,47902,240926_ML.npy,2026-09-28,2026-09-28 04:21:06.344524,7C7B61,DA40,DIAMOND AIRCRAFT INDUSTRIES INC.,DA 40,cdaa68560351b76671a74eb4aaf2a9d53044b8027e687ae1bb01e9af041cddce,True,1
93463,47909,240926_ML.npy,2026-09-28,2026-09-28 04:21:14.924176,7C7B61,DA40,DIAMOND AIRCRAFT INDUSTRIES INC.,DA 40,81000a54087711fc822b3479ad9a64b428f0ce9028892d90a7db4d1064ab5652,True,4
93467,47913,240926_ML.npy,2026-09-28,2026-09-28 04:21:20.963968,7C7B61,DA40,DIAMOND AIRCRAFT INDUSTRIES INC.,DA 40,20974c44b78baaadd2903dcde5091f46faf9cb0dcbe1f52caca0fa334ea37c99,True,5
93469,47915,240926_ML.npy,2026-09-28,2026-09-28 04:21:22.009511,7C7CF7,C172,CESSNA AIRCRAFT COMPANY,172M,29b996bfabff26d83951e14751f7cde6cdacc291547c406b08ba09c4685b9df9,True,5
93471,47917,240926_ML.npy,2026-09-28,2026-09-28 04:21:22.055502,7C7B61,DA40,DIAMOND AIRCRAFT INDUSTRIES INC.,DA 40,2197764798376ba1e7ef88bf20cdc2ab0f2634b1a57dbd45e9da8f0da4d83cf9,True,1
93474,47920,240926_ML.npy,2026-09-28,2026-09-28 04:21:23.480021,7C7CF7,C172,CESSNA AIRCRAFT COMPANY,172M,7990d8defa88f7aeadd7e16f69c8474f261296ef9f465c784622920446a054a6,True,3
93480,47926,240926_ML.npy,2026-09-28,2026-09-28 04:21:26.054699,7C7CF7,C172,CESSNA AIRCRAFT COMPANY,172M,bd3ada96a16ee7de7898836052161c4a05f22d6af651f2248c69dcec0b544361,True,4
93481,47927,240926_ML.npy,2026-09-28,2026-09-28 04:21:26.058769,7C7CF7,C172,CESSNA AIRCRAFT COMPANY,172M,508b00b4df6e44f6c618f79ccc527b0d3a80eed8138c518bb7f6f56c0d67795c,True,2
93482,47928,240926_ML.npy,2026-09-28,2026-09-28 04:21:27.591105,7C7CF7,C172,CESSNA AIRCRAFT COMPANY,172M,2c2c220e8a623fbe3a02be61fc73e09447c147ff39f9b2d9c7b7ad8b6d7c6404,True,3
93483,47929,240926_ML.npy,2026-09-28,2026-09-28 04:21:28.022737,7C7CF7,C172,CESSNA AIRCRAFT COMPANY,172M,f946032273cd7479c728d941b38abbb0911a3f748dfecdd28e805b7280d80312,True,3
93485,47931,240926_ML.npy,2026-09-28,2026-09-28 04:21:30.041049,7C7CF7,C172,CESSNA AIRCRAFT COMPANY,172M,b6c0f68f3120242d31d8dedd7c562ec383b0b49b441e66feac340b4d7509043e,True,4
93502,47948,240926_ML.npy,2026-09-28,2026-09-28 04:22:20.423843,7C1697,DA40,DIAMOND AIRCRAFT INDUSTRIES INC.,DA 40,7e1c2cb59a7ebf39b018a4b7b78b6a36deb4b7e98d56b1f888b04caf76e11b67,True,4
93518,47964,240926_ML.npy,2026-09-28,2026-09-28 04:22:46.648477,7C1697,DA40,DIAMOND AIRCRAFT INDUSTRIES INC.,DA 40,e267a535f4adba6ba305482bcdf9756eb0d613127ab10ffa3ec92d3efa4d047f,True,3
93535,47981,240926_ML.npy,2026-09-28,2026-09-28 04:22:59.468155,7C7C41,DA40,DIAMOND AIRCRAFT INDUSTRIES INC.,DA 40,d5b1cb43f4bec71766b27a321c12dc1a5b814d4b499d0933d32b20e8ecdd4531,True,4
93544,47990,240926_ML.npy,2026-09-28,2026-09-28 04:26:20.966995,7C7B61,DA40,DIAMOND AIRCRAFT INDUSTRIES INC.,DA 40,bc2cbc60c0869ff13e66bdefa29eec6c77a9919174219fb333d9503818676186,True,3
93557,48003,240926_ML.npy,2026-09-28,2026-09-28 04:26:45.156400,7C7B61,DA40,DIAMOND AIRCRAFT INDUSTRIES INC.,DA 40,d18742263094a4fc17686cf264b58b44d5e3bfd518272b900b9d9d5ea7047d66,True,1
93573,48019,240926_ML.npy,2026-09-28,2026-09-28 04:27:44.652243,7C1697,DA40,DIAMOND AIRCRAFT INDUSTRIES INC.,DA 40,b0b96a0fece6e8b0929902b5130215d9a2f91afee818ec442739712f2396fc0c,True,2
93582,48028,240926_ML.npy,2026-09-28,2026-09-28 04:28:11.224272,7C1697,DA40,DIAMOND AIRCRAFT INDUSTRIES INC.,DA 40,1c2c64a03b17b3f9e8aabdcdafe0be3e8ecaca18d015a19d27ef287eddf46c03,True,1
93586,48032,240926_ML.npy,2026-09-28,2026-09-28 04:28:26.716643,7C0D65,DA42,DIAMOND AIRCRAFT INDUSTRIES INC.,DA 42,758b2782604270d1d65c5dc2bd0f1137909698d703e3c4c4b77e205d77f74890,True,5
93588,48034,240926_ML.npy,2026-09-28,2026-09-28 04:28:38.653988,7C0D65,DA42,DIAMOND AIRCRAFT INDUSTRIES INC.,DA 42,885aa38e203571cbcbc29d001ec80c6cfc3e7dbd99b29606d92b7d8f975e2a20,True,1
93593,48039,240926_ML.npy,2026-09-28,2026-09-28 04:30:47.469162,7C0D65,DA42,DIAMOND AIRCRAFT INDUSTRIES INC.,DA 42,b8cd39a8c9959baaec4516682601a3757e36c80d02f0eafd90a7d72f56645d20,True,4
93595,48041,240926_ML.npy,2026-09-28,2026-09-28 04:30:52.564808,7C0D65,DA42,DIAMOND AIRCRAFT INDUSTRIES INC.,DA 42,a59c380cf4cda8198ce7dd59dba4749e4d3549b1bbd93bc38ddf923b7046fc60,True,2
93596,48042,240926_ML.npy,2026-09-28,2026-09-28 04:30:53.928432,7C0D65,DA42,DIAMOND AIRCRAFT INDUSTRIES INC.,DA 42,1b4dc0da3b14e95e9815411c920ce1e75e5d9ae7c0bc357e9111cd1e503d2c1d,True,4
93599,48045,240926_ML.npy,2026-09-28,2026-09-28 04:30:55.016427,7C0D65,DA42,DIAMOND AIRCRAFT INDUSTRIES INC.,DA 42,778af32a050df73d8f754e8f367ac60726a29f654666fc36f92ee49cdd5a7182,True,5
93600,48046,240926_ML.npy,2026-09-28,2026-09-28 04:30:55.022228,7C0D65,DA42,DIAMOND AIRCRAFT INDUSTRIES INC.,DA 42,dadd98ac74842307adcc48ea3cf426672826890e3c00e21f3f2e07bf308df6ff,True,3
93602,48048,240926_ML.npy,2026-09-28,2026-09-28 04:30:57.120999,7C0D65,DA42,DIAMOND AIRCRAFT INDUSTRIES INC.,DA 42,6761d26f53c3a94243884acd8803bc598bda36774e39d1ddbbb9c3836d2f1fc1,True,2
93603,48049,240926_ML.npy,2026-09-28,2026-09-28 04:30:57.124590,7C0D65,DA42,DIAMOND AIRCRAFT INDUSTRIES INC.,DA 42,7a79e8e3454f658354461ffc9bbb3a151384654dbd58fb4309fcf0a60bc9c314,True,5
93604,48050,240926_ML.npy,2026-09-28,2026-09-28 04:30:59.639376,7C0D65,DA42,DIAMOND AIRCRAFT INDUSTRIES INC.,DA 42,04b686c1dec303818333a823dea86669591a2b34efd8efd724eb57585ffe13ec,True,5
93606,48052,240926_ML.npy,2026-09-28,2026-09-28 04:31:03.187265,7C0D65,DA42,DIAMOND AIRCRAFT INDUSTRIES INC.,DA 42,885aa38e203571cbcbc29d001ec80c6cfc3e7dbd99b29606d92b7d8f975e2a20,True,1
93609,48055,240926_ML.npy,2026-09-28,2026-09-28 04:31:05.395061,7C0D65,DA42,DIAMOND AIRCRAFT INDUSTRIES INC.,DA 42,6cbe5135f36b61942b47fcd55f0049194b966df7560f6a396fa7eeaa8b6ab050,True,3
93611,48057,240926_ML.npy,2026-09-28,2026-09-28 04:31:06.157671,7C0D65,DA42,DIAMOND AIRCRAFT INDUSTRIES INC.,DA 42,d7500123ba91fe7cb16b6373a6eb737eb5e19fd84d4e97c9cdad69647b2dddee,True,2
93612,48058,240926_ML.npy,2026-09-28,2026-09-28 04:31:06.163997,7C0D65,DA42,DIAMOND AIRCRAFT INDUSTRIES INC.,DA 42,8b5c886031df9ba44d9ba003c51d712edecc5d9ee814a6e0ff3e5c92b6800bc0,True,3
93613,48059,240926_ML.npy,2026-09-28,2026-09-28 04:31:06.592740,7C0D65,DA42,DIAMOND AIRCRAFT INDUSTRIES INC.,DA 42,87b334cbc90395ddb7a94efbc379e568d97cec061af8a620b1cd9fcca08ca02b,True,2
93614,48060,240926_ML.npy,2026-09-28,2026-09-28 04:31:06.600205,7C0D65,DA42,DIAMOND AIRCRAFT INDUSTRIES INC.,DA 42,3ea6d02afd2607c00c13288154258f95887b225305821619f087719fd40e7c4a,True,2
93616,48062,240926_ML.npy,2026-09-28,2026-09-28 04:31:08.080421,7C0D65,DA42,DIAMOND AIRCRAFT INDUSTRIES INC.,DA 42,885aa38e203571cbcbc29d001ec80c6cfc3e7dbd99b29606d92b7d8f975e2a20,True,5
93619,48065,240926_ML.npy,2026-09-28,2026-09-28 04:31:10.325996,7C0D65,DA42,DIAMOND AIRCRAFT INDUSTRIES INC.,DA 42,6cbe5135f36b61942b47fcd55f0049194b966df7560f6a396fa7eeaa8b6ab050,True,1
93621,48067,240926_ML.npy,2026-09-28,2026-09-28 04:31:15.668710,7C0D65,DA42,DIAMOND AIRCRAFT INDUSTRIES INC.,DA 42,885aa38e203571cbcbc29d001ec80c6cfc3e7dbd99b29606d92b7d8f975e2a20,True,5
93626,48072,240926_ML.npy,2026-09-28,2026-09-28 04:31:34.219567,7C7B61,DA40,DIAMOND AIRCRAFT INDUSTRIES INC.,DA 40,edbe60bba2afad1cb8d22256bc3aef069cafb92c42a2208bfbc650e2f81a2f18,True,4
93629,48075,240926_ML.npy,2026-09-28,2026-09-28 04:31:45.005283,7C7B61,DA40,DIAMOND AIRCRAFT INDUSTRIES INC.,DA 40,9d6f8cf8c070d454e5bca7f1a2ce8bd5001ddc3f7799c826fd947b735d7d24e0,True,5
93639,48085,240926_ML.npy,2026-09-28,2026-09-28 04:31:58.280339,7C7B61,DA40,DIAMOND AIRCRAFT INDUSTRIES INC.,DA 40,b5ca80515a27b69e51a7aa2e17b5f71241df443bd73e64da5bc101c86872fe11,True,3
93677,48123,240926_ML.npy,2026-09-28,2026-09-28 04:33:51.233639,7C0D65,DA42,DIAMOND AIRCRAFT INDUSTRIES INC.,DA 42,f503dd4d3f12ec22a2fc3e78b7d1737343323ba70b4aea691799ecf2327be7be,True,2
93681,48127,240926_ML.npy,2026-09-28,2026-09-28 04:34:30.409979,7C0D65,DA42,DIAMOND AIRCRAFT INDUSTRIES INC.,DA 42,191d2c3dab7841a7cfcbe5e01a524b5e78e616e136fb18664c7b21a1e3166675,True,3
93683,48129,240926_ML.npy,2026-09-28,2026-09-28 04:34:45.355880,7C0D65,DA42,DIAMOND AIRCRAFT INDUSTRIES INC.,DA 42,6cbe5135f36b61942b47fcd55f0049194b966df7560f6a396fa7eeaa8b6ab050,True,4
93684,48130,240926_ML.npy,2026-09-28,2026-09-28 04:34:45.575578,7C0D65,DA42,DIAMOND AIRCRAFT INDUSTRIES INC.,DA 42,433e7d016e43a29c61cdfdc05002e2975cd1f5ee89d83e3e0655b6f92c60abf4,True,5
93685,48131,240926_ML.npy,2026-09-28,2026-09-28 04:34:48.198398,7C0D65,DA42,DIAMOND AIRCRAFT INDUSTRIES INC.,DA 42,9547a1743961096f243af462190f0531da5af7972324637d39d4b8eb0697c94f,True,2
93686,48132,240926_ML.npy,2026-09-28,2026-09-28 04:34:48.201927,7C0D65,DA42,DIAMOND AIRCRAFT INDUSTRIES INC.,DA 42,08293732feded86d906f3cdf61c2a8479e81f03bbc2f9f3c511537c2c8ee8408,True,3
93687,48133,240926_ML.npy,2026-09-28,2026-09-28 04:34:50.769251,7C0D65,DA42,DIAMOND AIRCRAFT INDUSTRIES INC.,DA 42,433e7d016e43a29c61cdfdc05002e2975cd1f5ee89d83e3e0655b6f92c60abf4,True,1
93688,48134,240926_ML.npy,2026-09-28,2026-09-28 04:34:51.152494,7C0D65,DA42,DIAMOND AIRCRAFT INDUSTRIES INC.,DA 42,916649f8771e6c389335ea015b684f68dcd160ec49bd03555ab5b1174fb1584c,True,5
93689,48135,240926_ML.npy,2026-09-28,2026-09-28 04:34:51.156075,7C0D65,DA42,DIAMOND AIRCRAFT INDUSTRIES INC.,DA 42,c3f29463ebf4fdabb76b1cc662e706f1364c5a565ac2c40403d8839a75cf9c1d,True,3
93694,48140,240926_ML.npy,2026-09-28,2026-09-28 04:35:07.396383,7C0D65,DA42,DIAMOND AIRCRAFT INDUSTRIES INC.,DA 42,c3554eab3ce3b883a4cabe4f51b77090273b759d73032d351f57900eb09008c5,True,1
93711,48157,240926_ML.npy,2026-09-28,2026-09-28 04:36:34.480804,7C7B61,DA40,DIAMOND AIRCRAFT INDUSTRIES INC.,DA 40,91757202416941afeed59a6f1b5f96406166c10d91e6773fb43d37346b5a91ed,True,5
93715,48161,240926_ML.npy,2026-09-28,2026-09-28 04:36:44.646921,7C0D65,DA42,DIAMOND AIRCRAFT INDUSTRIES INC.,DA 42,76ac2a747aebbdc5bcd0803f2dadd5e973d966d50e8af0727408aa549f0a75d6,True,3
93721,48167,240926_ML.npy,2026-09-28,2026-09-28 04:36:53.284224,7C0D65,DA42,DIAMOND AIRCRAFT INDUSTRIES INC.,DA 42,37226251d4239052a2e7fd3f86345238c11d94e14072f7633235b33ed6cb4023,True,4
93722,48168,240926_ML.npy,2026-09-28,2026-09-28 04:36:53.287555,7C0D65,DA42,DIAMOND AIRCRAFT INDUSTRIES INC.,DA 42,438f37fd945e6b0a23c30615ee8b53baa1dfbbd17a82023b50f93fd306dde196,True,1
93723,48169,240926_ML.npy,2026-09-28,2026-09-28 04:36:53.685603,7C7B61,DA40,DIAMOND AIRCRAFT INDUSTRIES INC.,DA 40,e1c500bc505e2dcffeec134778cafa72209910897009eaadedbb4e247c8bc593,True,3
93727,48173,240926_ML.npy,2026-09-28,2026-09-28 04:36:55.729844,7C0D65,DA42,DIAMOND AIRCRAFT INDUSTRIES INC.,DA 42,102b51341569f180e5d65a02ed388d7fb904c104b5796243c4c5fdd214a90794,True,2
93731,48177,240926_ML.npy,2026-09-28,2026-09-28 04:36:59.364216,7C0D65,DA42,DIAMOND AIRCRAFT INDUSTRIES INC.,DA 42,502ac888524d6255bfbf5b77be6c3523b554cb30a8976337f8a335ed86bb9b95,True,2
93734,48180,240926_ML.npy,2026-09-28,2026-09-28 04:37:04.575297,7C7B61,DA40,DIAMOND AIRCRAFT INDUSTRIES INC.,DA 40,9be105a15e8ddf3cceda92783fa145f3ff56798a41eab805afdeca6f509f516f,True,1
93740,48186,240926_ML.npy,2026-09-28,2026-09-28 04:37:12.163520,7C0D65,DA42,DIAMOND AIRCRAFT INDUSTRIES INC.,DA 42,5e5f5e22a2e0617dda9cb8a4a46eb257dafeec52eeb526dc2d284fc266971720,True,1
93741,48187,240926_ML.npy,2026-09-28,2026-09-28 04:37:12.845314,7C0D65,DA42,DIAMOND AIRCRAFT INDUSTRIES INC.,DA 42,6cbe5135f36b61942b47fcd55f0049194b966df7560f6a396fa7eeaa8b6ab050,True,2
93742,48188,240926_ML.npy,2026-09-28,2026-09-28 04:37:13.278889,7C0D65,DA42,DIAMOND AIRCRAFT INDUSTRIES INC.,DA 42,130645b65f92bba4b38c8e672083c1185bb41e0810c7ad671662ed15ff69c8e1,True,2
93744,48190,240926_ML.npy,2026-09-28,2026-09-28 04:37:14.738638,7C0D65,DA42,DIAMOND AIRCRAFT INDUSTRIES INC.,DA 42,52729c54f54ccb0c345dcc4f2a02b6a10a833279a466d20f944f066dad9f760e,True,5
93748,48194,240926_ML.npy,2026-09-28,2026-09-28 04:37:16.363625,7C0D65,DA42,DIAMOND AIRCRAFT INDUSTRIES INC.,DA 42,09f6c993fd4bb1dfdb95fa8e1f13fb8d01c27a1d9f9b8621ab17152193352ad4,True,3
93750,48196,240926_ML.npy,2026-09-28,2026-09-28 04:37:19.438499,7C0D65,DA42,DIAMOND AIRCRAFT INDUSTRIES INC.,DA 42,130645b65f92bba4b38c8e672083c1185bb41e0810c7ad671662ed15ff69c8e1,True,5
93751,48197,240926_ML.npy,2026-09-28,2026-09-28 04:37:19.600187,7C0D65,DA42,DIAMOND AIRCRAFT INDUSTRIES INC.,DA 42,ce8a8d131e76441e74e42a5095ddf61c3483a5d0b293126d2edbb962db28d53d,True,4
93752,48198,240926_ML.npy,2026-09-28,2026-09-28 04:37:19.603661,7C0D65,DA42,DIAMOND AIRCRAFT INDUSTRIES INC.,DA 42,5f8ff9702ef0565a3ab8ff6ff72ab08338526f9154f21b63a24583c29f53c11a,True,1
93753,48199,240926_ML.npy,2026-09-28,2026-09-28 04:37:20.165980,7C0D65,DA42,DIAMOND AIRCRAFT INDUSTRIES INC.,DA 42,0ac5fb0f292d362abb8d937f192d48a24f47886592583afd6c442f6f347782f1,True,5
93754,48200,240926_ML.npy,2026-09-28,2026-09-28 04:37:20.627838,7C0D65,DA42,DIAMOND AIRCRAFT INDUSTRIES INC.,DA 42,04b686c1dec303818333a823dea86669591a2b34efd8efd724eb57585ffe13ec,True,5
93755,48201,240926_ML.npy,2026-09-28,2026-09-28 04:37:21.745235,7C0D65,DA42,DIAMOND AIRCRAFT INDUSTRIES INC.,DA 42,39b70aa1967ea5747b221442650ec4bcf462cf19164812b57b3d72cdc6dc420d,True,1
93756,48202,240926_ML.npy,2026-09-28,2026-09-28 04:37:21.749268,7C0D65,DA42,DIAMOND AIRCRAFT INDUSTRIES INC.,DA 42,3c420b95ac14c519fd2c377224cbfabe0a6eeb08628fe8454419805bbc978574,True,1
93757,48203,240926_ML.npy,2026-09-28,2026-09-28 04:37:22.914770,7C0D65,DA42,DIAMOND AIRCRAFT INDUSTRIES INC.,DA 42,6cbe5135f36b61942b47fcd55f0049194b966df7560f6a396fa7eeaa8b6ab050,True,4
93758,48204,240926_ML.npy,2026-09-28,2026-09-28 04:37:24.045727,7C0D65,DA42,DIAMOND AIRCRAFT INDUSTRIES INC.,DA 42,6c05a854909903facd7b71a398fce0890e469b2a38bf38cc4c2aaa39a1d2d0f3,True,4
93763,48209,240926_ML.npy,2026-09-28,2026-09-28 04:37:53.110027,7C168B,DA40,DIAMOND AIRCRAFT INDUSTRIES INC.,DA 40,fb6c1e60f9fb4b2b53e3fe62241172022ae9f9e48eaa481e7f5fb9f9a734ccd3,True,3
93765,48211,240926_ML.npy,2026-09-28,2026-09-28 04:37:58.947596,7C0D65,DA42,DIAMOND AIRCRAFT INDUSTRIES INC.,DA 42,30d8156c48d42fb3513c0b1532b02ea014dc4d10de09fb9b4a1b2ea1ce337503,True,2
93766,48212,240926_ML.npy,2026-09-28,2026-09-28 04:37:58.951149,7C0D65,DA42,DIAMOND AIRCRAFT INDUSTRIES INC.,DA 42,44345ec64fa34af9e6acaca93af80948760d2055e503053e59ef192137377926,True,5
93767,48213,240926_ML.npy,2026-09-28,2026-09-28 04:37:59.415925,7C0D65,DA42,DIAMOND AIRCRAFT INDUSTRIES INC.,DA 42,130645b65f92bba4b38c8e672083c1185bb41e0810c7ad671662ed15ff69c8e1,True,4
93797,48243,240926_ML.npy,2026-09-28,2026-09-28 04:38:52.270509,7C7B65,DA40,DIAMOND AIRCRAFT INDUSTRIES INC.,DA 40,54154e24a20c01c74ae3e68ef6594d3661f4854018eb9bfa839ed309abce9546,True,1
93800,48246,240926_ML.npy,2026-09-28,2026-09-28 04:38:56.978387,7C7B65,DA40,DIAMOND AIRCRAFT INDUSTRIES INC.,DA 40,54977a28352f41f0794e5581cfd0712d3559389f236fffe3987e3a18d23a1ec3,True,1
93810,48256,240926_ML.npy,2026-09-28,2026-09-28 04:39:01.766286,7C7B65,DA40,DIAMOND AIRCRAFT INDUSTRIES INC.,DA 40,2eb42c5f992add668608bd8d4fe98d4e4bd7d5cc7f2c4e6cae54e751f6239ff1,True,4
93830,48276,240926_ML.npy,2026-09-28,2026-09-28 04:39:14.011538,7C7B65,DA40,DIAMOND AIRCRAFT INDUSTRIES INC.,DA 40,006eb5aa9c0aa1fa9ca746016055ad73f7582d41410bd025cbeed4ef8bfeab34,True,5
93837,48283,240926_ML.npy,2026-09-28,2026-09-28 04:39:20.221693,7C0D65,DA42,DIAMOND AIRCRAFT INDUSTRIES INC.,DA 42,130645b65f92bba4b38c8e672083c1185bb41e0810c7ad671662ed15ff69c8e1,True,4
93840,48286,240926_ML.npy,2026-09-28,2026-09-28 04:39:20.925219,7C0D65,DA42,DIAMOND AIRCRAFT INDUSTRIES INC.,DA 42,6cbe5135f36b61942b47fcd55f0049194b966df7560f6a396fa7eeaa8b6ab050,True,3
93844,48290,240926_ML.npy,2026-09-28,2026-09-28 04:39:22.515322,7C7B65,DA40,DIAMOND AIRCRAFT INDUSTRIES INC.,DA 40,113c91cbdf47055c4ffc8793148bc3613153061f7c61468ed0e0ccb52dbd6592,True,5
93855,48301,240926_ML.npy,2026-09-28,2026-09-28 04:39:32.619371,7C0D65,DA42,DIAMOND AIRCRAFT INDUSTRIES INC.,DA 42,6390260929b93d270cf552fe3b5d3d9fb1be8a28e70ef29043e0e88384e0252f,True,2
93857,48303,240926_ML.npy,2026-09-28,2026-09-28 04:39:33.166723,7C0D65,DA42,DIAMOND AIRCRAFT INDUSTRIES INC.,DA 42,038a24ad93a3ef50cff098840813c4ec77d3e2d07bf9edac8d3ab0e946bcf96e,True,4
93858,48304,240926_ML.npy,2026-09-28,2026-09-28 04:39:33.172132,7C0D65,DA42,DIAMOND AIRCRAFT INDUSTRIES INC.,DA 42,042c5dc97df7fa969fb82a2ce53ab61e1166421c3fd3fe2c95101a3f88f4fc1a,True,5
93870,48316,240926_ML.npy,2026-09-28,2026-09-28 04:39:49.023355,7C0D65,DA42,DIAMOND AIRCRAFT INDUSTRIES INC.,DA 42,130645b65f92bba4b38c8e672083c1185bb41e0810c7ad671662ed15ff69c8e1,True,2
93871,48317,240926_ML.npy,2026-09-28,2026-09-28 04:39:49.220704,7C0D65,DA42,DIAMOND AIRCRAFT INDUSTRIES INC.,DA 42,433e7d016e43a29c61cdfdc05002e2975cd1f5ee89d83e3e0655b6f92c60abf4,True,1
93873,48319,240926_ML.npy,2026-09-28,2026-09-28 04:39:50.656197,7C0D65,DA42,DIAMOND AIRCRAFT INDUSTRIES INC.,DA 42,fc466417449f915f3515253f645e5b2aa944a216ea943f0d18711b40b22c6fd8,True,2
93875,48321,240926_ML.npy,2026-09-28,2026-09-28 04:39:54.580430,7C7B65,DA40,DIAMOND AIRCRAFT INDUSTRIES INC.,DA 40,285bcacbd387d009accda9b28130657c2c4d852d783e6297d092d2436670a789,True,4
93877,48323,240926_ML.npy,2026-09-28,2026-09-28 04:40:40.059936,7C7BD9,DA42,DIAMOND AIRCRAFT INDUSTRIES INC.,DA 42,4e96142bd6a5ab4cebd826823e2171896d3277e732fb78b09740ef04a4b311b3,True,2
93878,48324,240926_ML.npy,2026-09-28,2026-09-28 04:40:40.064700,7C7BD9,DA42,DIAMOND AIRCRAFT INDUSTRIES INC.,DA 42,4e90735c90baf3d5a4ed8c751411f40a54ee5318af5be2509044f96f077bfa35,True,1
93879,48325,240926_ML.npy,2026-09-28,2026-09-28 04:40:44.208689,7C7BD9,DA42,DIAMOND AIRCRAFT INDUSTRIES INC.,DA 42,13b0f8847fb4de2f3285ab9425b16c7f19b4f6f60c35f336c27f32e320f7d5a5,True,2
93883,48329,240926_ML.npy,2026-09-28,2026-09-28 04:40:46.571230,7C7BD9,DA42,DIAMOND AIRCRAFT INDUSTRIES INC.,DA 42,405a902b48d199a48c23a5232b0adb41c9952381325f828d0743c6866778e368,True,2
93884,48330,240926_ML.npy,2026-09-28,2026-09-28 04:40:46.597298,7C7BD9,DA42,DIAMOND AIRCRAFT INDUSTRIES INC.,DA 42,38c150a2b810ab07267f6deef4a3a12c1aa45d170b25d67e93825ee387355170,True,3
93886,48332,240926_ML.npy,2026-09-28,2026-09-28 04:40:49.214380,7C7BD9,DA42,DIAMOND AIRCRAFT INDUSTRIES INC.,DA 42,2fc3a4c6b8248dafbc581d87ecfcee9e3133b3203d3512410421e19a10e7cb74,True,5
93890,48336,240926_ML.npy,2026-09-28,2026-09-28 04:40:52.720813,7C7BD9,DA42,DIAMOND AIRCRAFT INDUSTRIES INC.,DA 42,02b6a4c48ea912fa35fa45e0f32d6dc4af899358088e4e1989df571a1eb7bd85,True,4
93891,48337,240926_ML.npy,2026-09-28,2026-09-28 04:40:52.726925,7C7BD9,DA42,DIAMOND AIRCRAFT INDUSTRIES INC.,DA 42,5c7d1c2e8dda8dcfdc7582bf8398eeb0b5c7035e8b2b555a08cd45ab44877d40,True,5
93892,48338,240926_ML.npy,2026-09-28,2026-09-28 04:40:58.066786,7C7BD9,DA42,DIAMOND AIRCRAFT INDUSTRIES INC.,DA 42,18ae17afff4ccbbbe784e5a6c03df3c65b015bb54fe26dbc482da731c391bd0e,True,3
93893,48339,240926_ML.npy,2026-09-28,2026-09-28 04:41:00.124179,7C7BD9,DA42,DIAMOND AIRCRAFT INDUSTRIES INC.,DA 42,4ec60ab87c6a3ad5cb2daff3f9fedc1dac8c1d5dd2c32215f350b11d5f6be71e,True,5
93894,48340,240926_ML.npy,2026-09-28,2026-09-28 04:41:01.136702,7C7BD9,DA42,DIAMOND AIRCRAFT INDUSTRIES INC.,DA 42,1b4fb4f87a05cd54638a485ac6ec75f39b29ebde477d0172da372f41d02ec70f,True,3
93895,48341,240926_ML.npy,2026-09-28,2026-09-28 04:41:01.141027,7C7BD9,DA42,DIAMOND AIRCRAFT INDUSTRIES INC.,DA 42,096d7fd9dcf916be21844f6168b76f7cfddc8c96b7c476429841d17227223f91,True,1
93896,48342,240926_ML.npy,2026-09-28,2026-09-28 04:41:31.539144,7C7B65,DA40,DIAMOND AIRCRAFT INDUSTRIES INC.,DA 40,b5832f0939af3f720dd04f7b45a2b044d9cdfa6ce6bb6d3a3a2a17fe43f286f8,True,5
93900,48346,240926_ML.npy,2026-09-28,2026-09-28 04:41:36.944984,7C7B65,DA40,DIAMOND AIRCRAFT INDUSTRIES INC.,DA 40,1f2a73a1765b3f9ee63733c3cfd8b3baa3af4845b28c7afb9878c3931f8c8bb2,True,3
93909,48355,240926_ML.npy,2026-09-28,2026-09-28 04:42:05.144028,7C7B65,DA40,DIAMOND AIRCRAFT INDUSTRIES INC.,DA 40,e5f788e5335d38cf51caa3c6b919f8cc5ace1a80373251d167a6c461ef0883a1,True,2
93913,48359,240926_ML.npy,2026-09-28,2026-09-28 04:42:12.085719,7C0D65,DA42,DIAMOND AIRCRAFT INDUSTRIES INC.,DA 42,ce5c1d759996a0c1493a4fb0f1eeeb777a4f793f92746bace0951d6e508ff936,True,2
93914,48360,240926_ML.npy,2026-09-28,2026-09-28 04:42:13.018012,7C0D65,DA42,DIAMOND AIRCRAFT INDUSTRIES INC.,DA 42,32759bd03d095f60afcd31b78ff26caefdaf175a799a32b9b0dbda9011447870,True,1
93922,48368,240926_ML.npy,2026-09-28,2026-09-28 04:42:17.193348,7C0D65,DA42,DIAMOND AIRCRAFT INDUSTRIES INC.,DA 42,cac4ba19c7f2b5f4075783d806f57d1067d751cecc97e21e785f968c733e7627,True,2
93923,48369,240926_ML.npy,2026-09-28,2026-09-28 04:42:18.702534,7C0D65,DA42,DIAMOND AIRCRAFT INDUSTRIES INC.,DA 42,130645b65f92bba4b38c8e672083c1185bb41e0810c7ad671662ed15ff69c8e1,True,5
93926,48372,240926_ML.npy,2026-09-28,2026-09-28 04:42:23.484116,7C0D65,DA42,DIAMOND AIRCRAFT INDUSTRIES INC.,DA 42,938de77527131ac4334b560f71bcdd43f707215fe4e7e7580c21a19c1d661b04,True,5
93927,48373,240926_ML.npy,2026-09-28,2026-09-28 04:42:25.787916,7C0D65,DA42,DIAMOND AIRCRAFT INDUSTRIES INC.,DA 42,2a9ceb1bb72b22a0c11a552302569e48df8f0959cb35d3dfe480e731dc2c80c7,True,3
93929,48375,240926_ML.npy,2026-09-28,2026-09-28 04:42:29.649077,7C0D65,DA42,DIAMOND AIRCRAFT INDUSTRIES INC.,DA 42,9f16c3a740c399151ca471701ea518acafd43dfd7c76765deae8c8c517027156,True,4
93930,48376,240926_ML.npy,2026-09-28,2026-09-28 04:42:33.223078,7C0D65,DA42,DIAMOND AIRCRAFT INDUSTRIES INC.,DA 42,6cbe5135f36b61942b47fcd55f0049194b966df7560f6a396fa7eeaa8b6ab050,True,2
93932,48378,240926_ML.npy,2026-09-28,2026-09-28 04:42:33.766837,7C0D65,DA42,DIAMOND AIRCRAFT INDUSTRIES INC.,DA 42,4913af2a8cb29c02b8cabb735dce74638e34c786f9a570eac0303f73c7779965,True,3
93934,48380,240926_ML.npy,2026-09-28,2026-09-28 04:42:34.237974,7C0D65,DA42,DIAMOND AIRCRAFT INDUSTRIES INC.,DA 42,bf7cf7ce692bbd3ebdee256f050c05e91c1d7e9d0ea2d0437437bd04399b6417,True,4
93935,48381,240926_ML.npy,2026-09-28,2026-09-28 04:42:35.711737,7C0D65,DA42,DIAMOND AIRCRAFT INDUSTRIES INC.,DA 42,6cbe5135f36b61942b47fcd55f0049194b966df7560f6a396fa7eeaa8b6ab050,True,3
93936,48382,240926_ML.npy,2026-09-28,2026-09-28 04:42:39.293313,7C0D65,DA42,DIAMOND AIRCRAFT INDUSTRIES INC.,DA 42,673c0cc40cff8c45ca2525e1edb49b7e837c02c76ed55f7177f45c30fcfa4fa4,True,1
93939,48385,240926_ML.npy,2026-09-28,2026-09-28 04:42:42.211407,7C0D65,DA42,DIAMOND AIRCRAFT INDUSTRIES INC.,DA 42,ae134cc83a60c9f8aafabbe48a33ae1378497f9213cc9f459c49cf6d86a8dd15,True,1
93941,48387,240926_ML.npy,2026-09-28,2026-09-28 04:42:44.581433,7C0D65,DA42,DIAMOND AIRCRAFT INDUSTRIES INC.,DA 42,8f450794e8efe4a96de899ecb850f8908f19cba8679d17f00f44b2bc90b085c7,True,1
93942,48388,240926_ML.npy,2026-09-28,2026-09-28 04:42:44.783717,7C0D65,DA42,DIAMOND AIRCRAFT INDUSTRIES INC.,DA 42,433e7d016e43a29c61cdfdc05002e2975cd1f5ee89d83e3e0655b6f92c60abf4,True,3
93944,48390,240926_ML.npy,2026-09-28,2026-09-28 04:44:56.339754,7C0D65,DA42,DIAMOND AIRCRAFT INDUSTRIES INC.,DA 42,130645b65f92bba4b38c8e672083c1185bb41e0810c7ad671662ed15ff69c8e1,True,4
93947,48393,240926_ML.npy,2026-09-28,2026-09-28 04:45:33.449275,7C0D65,DA42,DIAMOND AIRCRAFT INDUSTRIES INC.,DA 42,73051ef2b42e604f3039a98c13f1e8adb10b7582b1b140ecadf0eb1300fd4902,True,5
93954,48400,240926_ML.npy,2026-09-28,2026-09-28 04:47:39.947939,7C0D65,DA42,DIAMOND AIRCRAFT INDUSTRIES INC.,DA 42,6cbe5135f36b61942b47fcd55f0049194b966df7560f6a396fa7eeaa8b6ab050,True,2
93955,48401,240926_ML.npy,2026-09-28,2026-09-28 04:47:42.169551,7C0D65,DA42,DIAMOND AIRCRAFT INDUSTRIES INC.,DA 42,130645b65f92bba4b38c8e672083c1185bb41e0810c7ad671662ed15ff69c8e1,True,5
93956,48402,240926_ML.npy,2026-09-28,2026-09-28 04:47:43.241458,7C0D65,DA42,DIAMOND AIRCRAFT INDUSTRIES INC.,DA 42,b83d0f496600b536be432038fab51ef046fba4e0e3b11d3bf2f074550e803d34,True,4
93960,48406,240926_ML.npy,2026-09-28,2026-09-28 04:47:45.567486,7C0D65,DA42,DIAMOND AIRCRAFT INDUSTRIES INC.,DA 42,29e6d5101e564742ceb5c6e7d590e9c7d8bab3242dc48aa3d143c8e5d7509a01,True,2
93961,48407,240926_ML.npy,2026-09-28,2026-09-28 04:47:45.954505,7C0D65,DA42,DIAMOND AIRCRAFT INDUSTRIES INC.,DA 42,130645b65f92bba4b38c8e672083c1185bb41e0810c7ad671662ed15ff69c8e1,True,4
93965,48411,240926_ML.npy,2026-09-28,2026-09-28 04:47:52.260760,7C0D65,DA42,DIAMOND AIRCRAFT INDUSTRIES INC.,DA 42,130645b65f92bba4b38c8e672083c1185bb41e0810c7ad671662ed15ff69c8e1,True,5
93968,48414,240926_ML.npy,2026-09-28,2026-09-28 04:47:55.995427,7C0D65,DA42,DIAMOND AIRCRAFT INDUSTRIES INC.,DA 42,01b119ca7059d9b7671fb95e8bcf6ec5d60c26b3a36f41a13f135c85fc47c688,True,3
93974,48420,240926_ML.npy,2026-09-28,2026-09-28 04:47:59.617913,7C7144,C172,CESSNA AIRCRAFT COMPANY,172N,04e9370ad4787d6741cb3ddd28ccaea5b464e2713b9832ec793dfcbd16c5cff7,True,3
93975,48421,240926_ML.npy,2026-09-28,2026-09-28 04:48:01.095164,7C0D65,DA42,DIAMOND AIRCRAFT INDUSTRIES INC.,DA 42,130645b65f92bba4b38c8e672083c1185bb41e0810c7ad671662ed15ff69c8e1,True,1
93976,48422,240926_ML.npy,2026-09-28,2026-09-28 04:48:01.403079,7C0D65,DA42,DIAMOND AIRCRAFT INDUSTRIES INC.,DA 42,ec4b34b42cb6cce1884f06bd4da1f5a104a1baeffdbbee769c9af96be3ed67e1,True,5
93979,48425,240926_ML.npy,2026-09-28,2026-09-28 04:48:01.935274,7C0D65,DA42,DIAMOND AIRCRAFT INDUSTRIES INC.,DA 42,4d97a153f8cef5d43f93fde6082e57552a9a6746a483476560c71cdafda5f03a,True,2
93982,48428,240926_ML.npy,2026-09-28,2026-09-28 04:48:03.965637,7C0D65,DA42,DIAMOND AIRCRAFT INDUSTRIES INC.,DA 42,f46c875f813d259aa9082a07fe2ecb5184f0e89959f046fc70791cd6c83e0a3d,True,2
93985,48431,240926_ML.npy,2026-09-28,2026-09-28 04:48:28.559742,7C7144,C172,CESSNA AIRCRAFT COMPANY,172N,20705c3cf280e5f8574c50e896bb4dc220d0d271304bd878266eeaf3dd1d2cd8,True,1
93986,48432,240926_ML.npy,2026-09-28,2026-09-28 04:48:30.820124,7C7144,C172,CESSNA AIRCRAFT COMPANY,172N,aa247601bf4fb0adc2a7dddd7a861ae36b12a4f0a9fc1552d3fc318e69188710,True,3
94000,48446,240926_ML.npy,2026-09-28,2026-09-28 04:49:09.703156,7C0074,C172,CESSNA AIRCRAFT COMPANY,172S,3ce829d796f623bc10b62eec37b1757bce3174127e4aaa92e7bccd065065c308,True,3
94007,48453,240926_ML.npy,2026-09-28,2026-09-28 04:49:20.346554,7C0074,C172,CESSNA AIRCRAFT COMPANY,172S,d113d2b76ac5f6c5ace93a078b61b057c0fe6f7f7ab0d6f016a9dece5e756a4d,True,1
94009,48455,240926_ML.npy,2026-09-28,2026-09-28 04:49:23.430001,7C0074,C172,CESSNA AIRCRAFT COMPANY,172S,cf0d9a1ce599fa0198306b981f6e643af8e871addab4ed69818acd05f7fa4ea0,True,2
94021,48467,240926_ML.npy,2026-09-28,2026-09-28 04:49:39.048988,7C0074,C172,CESSNA AIRCRAFT COMPANY,172S,75d9213af34b76e4a988e0cda8d60a376480b96b50abd7f0bfa2f1fdcbb30dc4,True,2
94029,48475,240926_ML.npy,2026-09-28,2026-09-28 04:51:02.400331,7C0D65,DA42,DIAMOND AIRCRAFT INDUSTRIES INC.,DA 42,d8a01f371449361aec29e62f7bc0fb02b4f60dfd7a29b6fd3964e6135468f9f6,True,4
94030,48476,240926_ML.npy,2026-09-28,2026-09-28 04:51:19.998504,7C0D65,DA42,DIAMOND AIRCRAFT INDUSTRIES INC.,DA 42,6cbe5135f36b61942b47fcd55f0049194b966df7560f6a396fa7eeaa8b6ab050,True,1
94033,48479,240926_ML.npy,2026-09-28,2026-09-28 04:51:40.633998,7C0D65,DA42,DIAMOND AIRCRAFT INDUSTRIES INC.,DA 42,da984a3eb8611e320900bf487801212195c1100e0bd0867d8f31d0b9674b30ea,True,5
94040,48486,240926_ML.npy,2026-09-28,2026-09-28 04:53:53.557597,7C0D65,DA42,DIAMOND AIRCRAFT INDUSTRIES INC.,DA 42,9d8c23787fc7044f564c4124f66fc5f38ee88e698a360373ae47f1608b598b7e,True,2
94044,48490,240926_ML.npy,2026-09-28,2026-09-28 04:54:01.049231,7C0D65,DA42,DIAMOND AIRCRAFT INDUSTRIES INC.,DA 42,b6209e5cd944b0058a0ffe2106ebb90e3ddb9b56b3dcc4eb51fac416175f295d,True,1
94047,48493,240926_ML.npy,2026-09-28,2026-09-28 04:54:06.187378,7C0D65,DA42,DIAMOND AIRCRAFT INDUSTRIES INC.,DA 42,9431031b914fa7fd1a0fe9ae6a11895e74a533e0b63f3b499a58c3db83b37c1c,True,3
94048,48494,240926_ML.npy,2026-09-28,2026-09-28 04:54:06.191085,7C0D65,DA42,DIAMOND AIRCRAFT INDUSTRIES INC.,DA 42,27b99562d7c87284a4957749986de67b60b21c389778e38b7ce29d1a32df2853,True,2
94049,48495,240926_ML.npy,2026-09-28,2026-09-28 04:54:07.274558,7C0D65,DA42,DIAMOND AIRCRAFT INDUSTRIES INC.,DA 42,130645b65f92bba4b38c8e672083c1185bb41e0810c7ad671662ed15ff69c8e1,True,1
94050,48496,240926_ML.npy,2026-09-28,2026-09-28 04:54:08.625351,7C0D65,DA42,DIAMOND AIRCRAFT INDUSTRIES INC.,DA 42,f26ae5768485f632a1b67e9f44fe5121c4e68764b1b26c5686679545d98fc760,True,1
94052,48498,240926_ML.npy,2026-09-28,2026-09-28 04:54:10.607927,7C0D65,DA42,DIAMOND AIRCRAFT INDUSTRIES INC.,DA 42,a76f38a92ac273c45a0c412740fbdcf750239136f23a9d56fea1ee15dad8e1d8,True,4
94053,48499,240926_ML.npy,2026-09-28,2026-09-28 04:54:10.612678,7C0D65,DA42,DIAMOND AIRCRAFT INDUSTRIES INC.,DA 42,0951706abe4b2903b4db2ee959b17ec82974e0fe3b31508f563fb32e7033b344,True,1
94054,48500,240926_ML.npy,2026-09-28,2026-09-28 04:54:12.703445,7C0D65,DA42,DIAMOND AIRCRAFT INDUSTRIES INC.,DA 42,804e2e9b16c7cfdd6628545c98629128d144f56b6283b1a03ca53a8ce5c7e884,True,4
94057,48503,240926_ML.npy,2026-09-28,2026-09-28 04:54:13.448026,7C0D65,DA42,DIAMOND AIRCRAFT INDUSTRIES INC.,DA 42,130645b65f92bba4b38c8e672083c1185bb41e0810c7ad671662ed15ff69c8e1,True,1
94058,48504,240926_ML.npy,2026-09-28,2026-09-28 04:54:15.053733,7C0D65,DA42,DIAMOND AIRCRAFT INDUSTRIES INC.,DA 42,07f19bcacdb249690b39cdbc40480b4b5ab990cf032f5d780211541cf3fb037e,True,4
94060,48506,240926_ML.npy,2026-09-28,2026-09-28 04:54:15.105422,7C0D65,DA42,DIAMOND AIRCRAFT INDUSTRIES INC.,DA 42,6cbe5135f36b61942b47fcd55f0049194b966df7560f6a396fa7eeaa8b6ab050,True,2
94062,48508,240926_ML.npy,2026-09-28,2026-09-28 04:54:16.763513,7C0074,C172,CESSNA AIRCRAFT COMPANY,172S,e636c498aa60c47ed4d507acddeae3d38bb5150ab3ff113ddd8bd495b5b01350,True,4
94069,48515,240926_ML.npy,2026-09-28,2026-09-28 04:54:20.477692,7C0D65,DA42,DIAMOND AIRCRAFT INDUSTRIES INC.,DA 42,a1d731db3dfbc290cb32de947e3f530ca08e16eca75924a5aa689ab189b8ae73,True,5
94077,48523,240926_ML.npy,2026-09-28,2026-09-28 04:54:23.787523,7C0D65,DA42,DIAMOND AIRCRAFT INDUSTRIES INC.,DA 42,3d611cc8cbca02239436d07f0cc365d6d8efb112b2b0209e407e794d328e7d7e,True,4
94078,48524,240926_ML.npy,2026-09-28,2026-09-28 04:54:23.794279,7C0D65,DA42,DIAMOND AIRCRAFT INDUSTRIES INC.,DA 42,40d099ec5a0b9e0ddfc5855b9efd1705866649fe4dccd230a9a888233a8890e3,True,4
94084,48530,240926_ML.npy,2026-09-28,2026-09-28 04:54:32.862664,7C0074,C172,CESSNA AIRCRAFT COMPANY,172S,6d0d7f062ca3e182b2e5edd37df1457cdc68c23e3844e9288aaf37cfacb0ef39,True,5
94096,48542,240926_ML.npy,2026-09-28,2026-09-28 04:54:44.883299,7C0074,C172,CESSNA AIRCRAFT COMPANY,172S,0bfe3307f56b16c8c106d9acaf9030fcaa18246ede987c19152dbc4c3d319fc3,True,5
94102,48548,240926_ML.npy,2026-09-28,2026-09-28 04:56:59.772958,7C0074,C172,CESSNA AIRCRAFT COMPANY,172S,b045bbbdd435e5f210a45a37e258f323a9768e19595b979f1c9256da62b77c26,True,4
94122,48568,240926_ML.npy,2026-09-28,2026-09-28 04:59:28.440340,7C4E44,DA40,DIAMOND AIRCRAFT INDUSTRIES INC.,DA 40,121fc91891921fa4c3aeccac2595fb9be2576f4fac98344b006fda586bc4219c,True,1
94123,48569,240926_ML.npy,2026-09-28,2026-09-28 04:59:28.912388,7C4E44,DA40,DIAMOND AIRCRAFT INDUSTRIES INC.,DA 40,372d117cfc57b6ffb829192527eef7816d5292f1d9f218226a0f12fd22087415,True,5
94128,48574,240926_ML.npy,2026-09-28,2026-09-28 04:59:40.454898,7C4E44,DA40,DIAMOND AIRCRAFT INDUSTRIES INC.,DA 40,f35ce6fe0ac12fa6f73ffcdd55bcfc7f9c38ed84ca9f01533942acb9764cec97,True,3
94143,48589,240926_ML.npy,2026-09-28,2026-09-28 05:00:01.835087,7C0074,C172,CESSNA AIRCRAFT COMPANY,172S,0b944dd43401a73972981a15282fceb65ad6ffa860e434d393549ac79359ebf2,True,3
94146,48592,240926_ML.npy,2026-09-28,2026-09-28 05:00:09.605354,7C0074,C172,CESSNA AIRCRAFT COMPANY,172S,0962e0f1128f8cd085f1188240e001002c8352bcb0590e7b7021a2d2d9da5802,True,2
94153,48599,240926_ML.npy,2026-09-28,2026-09-28 05:00:20.398921,7C0074,C172,CESSNA AIRCRAFT COMPANY,172S,d93a7ec0e7bc64c534afcde1d0f35a5cc09b07a9ee81c29cd4f4a09130dc44fb,True,1
94163,48609,240926_ML.npy,2026-09-28,2026-09-28 05:00:28.407765,7C0074,C172,CESSNA AIRCRAFT COMPANY,172S,a5a6b116b1f63d88c1d9a9a6746a748359bca99717815bdecc55227b771beb66,True,5
94166,48612,240926_ML.npy,2026-09-28,2026-09-28 05:00:30.281301,7C0074,C172,CESSNA AIRCRAFT COMPANY,172S,27903884f122067be996e76e153b1b50c9bf54a70bfdea74cf03bfdfdf52ead9,True,5
94179,48625,240926_ML.npy,2026-09-28,2026-09-28 05:03:16.548285,7C7AF7,DA40,DIAMOND AIRCRAFT INDUSTRIES INC.,DA 40,0e4fad105762c9a4c0f5998a6dbee63ba26176d376ba20f3a67637e0cabe0287,True,1
94192,48638,240926_ML.npy,2026-09-28,2026-09-28 05:04:00.359564,7C7AF7,DA40,DIAMOND AIRCRAFT INDUSTRIES INC.,DA 40,f9e5b6fc1255fadf4bd7fab5fc6265cda49b4d674849ad2d35a0fe66d8f201a9,True,4
94193,48639,240926_ML.npy,2026-09-28,2026-09-28 05:04:01.719261,7C0074,C172,CESSNA AIRCRAFT COMPANY,172S,a5a6b116b1f63d88c1d9a9a6746a748359bca99717815bdecc55227b771beb66,True,5
94196,48642,240926_ML.npy,2026-09-28,2026-09-28 05:04:10.038883,7C7AF7,DA40,DIAMOND AIRCRAFT INDUSTRIES INC.,DA 40,e76c25501c533e79f9883306aa1e1a5c6291d7791627b5ea41171142e53aaaa5,True,3
94210,48656,240926_ML.npy,2026-09-28,2026-09-28 05:04:55.583346,7C0074,C172,CESSNA AIRCRAFT COMPANY,172S,5ad06174c5a7135ceef7ffc2446ea4fb10a8fbff276e881d36e71526e05efe84,True,3
94215,48661,240926_ML.npy,2026-09-28,2026-09-28 05:05:02.826749,7C7B5E,DA40,DIAMOND AIRCRAFT INDUSTRIES INC.,DA 40,556ebfc3a04653933c26feae5d723e48ce10e0d87856f5a35a71ff3bf4e97007,True,3
94232,48678,240926_ML.npy,2026-09-28,2026-09-28 05:05:13.753715,7C0074,C172,CESSNA AIRCRAFT COMPANY,172S,269d6776375965016443eeef8ca986a3e3d8823baa0a03aae6eda041b382e561,True,5
94234,48680,240926_ML.npy,2026-09-28,2026-09-28 05:05:13.973535,7C7B5E,DA40,DIAMOND AIRCRAFT INDUSTRIES INC.,DA 40,b1d0ac5fdbc9aaa56e01724ec06f07013cd747a2aea8935d1622eb911bce4e4e,True,5
94240,48686,240926_ML.npy,2026-09-28,2026-09-28 05:05:18.725461,7C0074,C172,CESSNA AIRCRAFT COMPANY,172S,20da533c56e765f9c6a1be486271643f2f6d511453a4fd9fb0db1530a62463b1,True,3
94256,48702,240926_ML.npy,2026-09-28,2026-09-28 05:05:27.889231,7C0074,C172,CESSNA AIRCRAFT COMPANY,172S,a5a6b116b1f63d88c1d9a9a6746a748359bca99717815bdecc55227b771beb66,True,1
94257,48703,240926_ML.npy,2026-09-28,2026-09-28 05:05:29.152371,7C0074,C172,CESSNA AIRCRAFT COMPANY,172S,a5a6b116b1f63d88c1d9a9a6746a748359bca99717815bdecc55227b771beb66,True,5
94262,48708,240926_ML.npy,2026-09-28,2026-09-28 05:05:30.525732,7C0074,C172,CESSNA AIRCRAFT COMPANY,172S,315b3256299aa665edc7ebd8bfa7f48d8c74de99c1be62284c61302316375ae9,True,5
94297,48743,240926_ML.npy,2026-09-28,2026-09-28 05:09:51.445258,7C0074,C172,CESSNA AIRCRAFT COMPANY,172S,5ea87fac2bd080570cffdd634e08b10c9a4fa9fe4870f5ee8f6991a5160dd5fc,True,5
94301,48747,240926_ML.npy,2026-09-28,2026-09-28 05:09:56.489465,7C0074,C172,CESSNA AIRCRAFT COMPANY,172S,cc1bb13b19d4594f5f3e87a1e7e04b1925ecda652c5ac1775d4152a60a6ef5a7,True,3
94307,48753,240926_ML.npy,2026-09-28,2026-09-28 05:10:04.014839,7C0074,C172,CESSNA AIRCRAFT COMPANY,172S,a5a6b116b1f63d88c1d9a9a6746a748359bca99717815bdecc55227b771beb66,True,1
94308,48754,240926_ML.npy,2026-09-28,2026-09-28 05:10:05.453765,7C0074,C172,CESSNA AIRCRAFT COMPANY,172S,e62c25719e33534f4590311e1b484d3af1a00aa273cb680d570fd1789d91e32c,True,2
94313,48759,240926_ML.npy,2026-09-28,2026-09-28 05:10:09.458954,7C0074,C172,CESSNA AIRCRAFT COMPANY,172S,f00ab7a33076d85809ef69f2cffad49d31c74b1f334b0064bf0416c0a44bd2e9,True,2
94318,48764,240926_ML.npy,2026-09-28,2026-09-28 05:10:21.320695,7C0074,C172,CESSNA AIRCRAFT COMPANY,172S,8406bd52814ddc048fadf07470c6aab28f6d6bee9be4cd580fed24f966011180,True,5
94319,48765,240926_ML.npy,2026-09-28,2026-09-28 05:10:22.214408,7C0074,C172,CESSNA AIRCRAFT COMPANY,172S,976503016d5c665f8473bf214ed2d2caffef23bfff0437fc180c3b57dd0def7a,True,1
94320,48766,240926_ML.npy,2026-09-28,2026-09-28 05:10:23.030385,7C0074,C172,CESSNA AIRCRAFT COMPANY,172S,d468d0f91e09b3ddde7d50b93c73fcd5e269d112a7c061b66507547dcf5e3bee,True,1
94339,48785,240926_ML.npy,2026-09-28,2026-09-28 05:10:42.374126,7C7C39,DA40,DIAMOND AIRCRAFT INDUSTRIES INC.,DA 40,9608426d86451fef2b994177f494802e23c63486b9f70f32a522c9fbe8a382fc,True,5
94343,48789,240926_ML.npy,2026-09-28,2026-09-28 05:13:42.404776,7C0074,C172,CESSNA AIRCRAFT COMPANY,172S,a5a6b116b1f63d88c1d9a9a6746a748359bca99717815bdecc55227b771beb66,True,1
94344,48790,240926_ML.npy,2026-09-28,2026-09-28 05:14:10.837748,7C0074,C172,CESSNA AIRCRAFT COMPANY,172S,caa3ca9226c34a98091e2f9b2169de6f9758c2f690d5a214fca9a4663a09551a,True,4
94347,48793,240926_ML.npy,2026-09-28,2026-09-28 05:14:26.650170,7C0074,C172,CESSNA AIRCRAFT COMPANY,172S,95a224e5ad2a26eb0d2894e91fa3f74f994b830130e8e5e69f12b59897f2a560,True,3
94348,48794,240926_ML.npy,2026-09-28,2026-09-28 05:14:29.234611,7C0074,C172,CESSNA AIRCRAFT COMPANY,172S,5fbc438a402de66868706346c24d5a0216412dc7840c8abb32c8dbe0074afd12,True,4
94349,48795,240926_ML.npy,2026-09-28,2026-09-28 05:14:32.453062,7C0074,C172,CESSNA AIRCRAFT COMPANY,172S,8406bd52814ddc048fadf07470c6aab28f6d6bee9be4cd580fed24f966011180,True,3
94355,48801,240926_ML.npy,2026-09-28,2026-09-28 05:14:44.250452,7C0074,C172,CESSNA AIRCRAFT COMPANY,172S,25c9724bedf0412821b410b0755816e80b7dfc74193221a507b7d94e73d06e38,True,3
94357,48803,240926_ML.npy,2026-09-28,2026-09-28 05:14:46.701372,7C0074,C172,CESSNA AIRCRAFT COMPANY,172S,f6becd3981caad2ae68f90db2b4d6901aa7956813ab841723930f9b9444f3c3b,True,3
94360,48806,240926_ML.npy,2026-09-28,2026-09-28 05:14:52.280563,7C0074,C172,CESSNA AIRCRAFT COMPANY,172S,7282a9bf55ba6c881d1f5221d90008565867073e8cc16a9bc0fc63da36ddf458,True,1
94361,48807,240926_ML.npy,2026-09-28,2026-09-28 05:14:53.691806,7C0074,C172,CESSNA AIRCRAFT COMPANY,172S,da8149eb9bac9f6d8342745a4d9fd84f3c26a324e2db9deb241263a540219f4a,True,1
94364,48810,240926_ML.npy,2026-09-28,2026-09-28 05:15:00.504683,7C0074,C172,CESSNA AIRCRAFT COMPANY,172S,0fcd60cdac056640782be8f8700af65e527f0ecaa5a28dd43c0050aadfb941c1,True,1
94389,48835,240926_ML.npy,2026-09-28,2026-09-28 05:17:36.190231,7C7B60,DA40,DIAMOND AIRCRAFT INDUSTRIES INC.,DA 40,bec2f7c937f4c0bc6af98b5ac24222921b347dc3d353c1cd76ac616b34eac57f,True,4
94395,48841,240926_ML.npy,2026-09-28,2026-09-28 05:17:46.078980,7C7B60,DA40,DIAMOND AIRCRAFT INDUSTRIES INC.,DA 40,211d9b8c2db9b3971ebfa1b283022eaa654c38ea9a323a79332cb68ad84f08d8,True,3
94413,48859,240926_ML.npy,2026-09-28,2026-09-28 05:22:38.733027,7C7C2E,DA40,DIAMOND AIRCRAFT INDUSTRIES INC.,DA 40,e1c04e87fd62c2441358a9bb8779d12491e3235d0d682fee9f58d14e170f14d5,True,3
94417,48863,240926_ML.npy,2026-09-28,2026-09-28 05:22:48.509435,7C7C2E,DA40,DIAMOND AIRCRAFT INDUSTRIES INC.,DA 40,0d5e564b780e9e63f19b98527377673299482f75bff5d029161c3a5fb2aa3fa0,True,2
94418,48864,240926_ML.npy,2026-09-28,2026-09-28 05:22:48.513132,7C7C2E,DA40,DIAMOND AIRCRAFT INDUSTRIES INC.,DA 40,67d885c9668fbf3e4c0ea7614eadd4e38df44d40f6ac51e2977c7201674a07db,True,2
94427,48873,240926_ML.npy,2026-09-28,2026-09-28 05:28:10.021426,7C41FD,DA40,DIAMOND AIRCRAFT INDUSTRIES INC.,DA 40,272184d0d363493a6a882d6c8d129563d5cacd94bc33740b6ee1fddf987de1cb,True,3
94437,48883,240926_ML.npy,2026-09-28,2026-09-28 05:28:24.392843,7C41FD,DA40,DIAMOND AIRCRAFT INDUSTRIES INC.,DA 40,7c4694029ee26c812e6a0088ea0414c3c265be986f27149665b8430671007743,True,3
94446,48892,240926_ML.npy,2026-09-28,2026-09-28 05:28:33.022341,7C41FD,DA40,DIAMOND AIRCRAFT INDUSTRIES INC.,DA 40,da1cfdbc69318335ffc35de48b212998eca3379937e5bbfd1b449c3b7627c79b,True,3
94451,48897,240926_ML.npy,2026-09-28,2026-09-28 05:28:39.336824,7C41FD,DA40,DIAMOND AIRCRAFT INDUSTRIES INC.,DA 40,d5cf821de1621c734e57975487f8b72d8f1b23093bb47bc347e7a3cc72441b90,True,1
94454,48900,240926_ML.npy,2026-09-28,2026-09-28 05:30:15.603120,7C7B61,DA40,DIAMOND AIRCRAFT INDUSTRIES INC.,DA 40,6058a89dac0c7d0f46bcdd592f2a94f21a70a27e20e553142e8323458223dd7b,True,4
94478,48924,240926_ML.npy,2026-09-28,2026-09-28 05:31:59.549755,7C7B61,DA40,DIAMOND AIRCRAFT INDUSTRIES INC.,DA 40,2c38a974354858d9f4a1858f7c406cfe791b5c053c6709e31a1269fa0e9cb207,True,2
94484,48930,240926_ML.npy,2026-09-28,2026-09-28 05:32:29.785367,7C7C3E,DA40,DIAMOND AIRCRAFT INDUSTRIES INC.,DA 40,70f29232ab9ced358894e435dc23176704a7070678ea88844d32885c27bd1b98,True,3
94486,48932,240926_ML.npy,2026-09-28,2026-09-28 05:32:30.196420,7C7C3E,DA40,DIAMOND AIRCRAFT INDUSTRIES INC.,DA 40,fa4590e0935b2747ba692683f48377915f09c07bbe51eec54a54c459f26f3688,True,3
94493,48939,240926_ML.npy,2026-09-28,2026-09-28 05:32:43.286741,7C7C3E,DA40,DIAMOND AIRCRAFT INDUSTRIES INC.,DA 40,c4006d63ae04d06e0e217732c821a789e999240779a7d27eeb65ced7b9d425d9,True,1
94516,48962,240926_ML.npy,2026-09-28,2026-09-28 05:33:53.948253,7C41FD,DA40,DIAMOND AIRCRAFT INDUSTRIES INC.,DA 40,0c7c1d8ae733714f4548f0997a3df28f13c607e4cd64c7318cde2ee24de2c898,True,1
94546,48992,240926_ML.npy,2026-09-28,2026-09-28 05:36:53.605310,7C7B61,DA40,DIAMOND AIRCRAFT INDUSTRIES INC.,DA 40,d442dcfd893a6c7b29c22fdd3087c5bf112d5b7fbaefa2ccb5ea191f8397af56,True,2
94555,49001,240926_ML.npy,2026-09-28,2026-09-28 05:37:02.470494,7C7B61,DA40,DIAMOND AIRCRAFT INDUSTRIES INC.,DA 40,35ab2d584614a854e2095be7c8eb8242b41d891113182c03b25bf5e749e55844,True,1
94569,49015,240926_ML.npy,2026-09-28,2026-09-28 05:37:32.220452,7C7C3E,DA40,DIAMOND AIRCRAFT INDUSTRIES INC.,DA 40,b5818647f253e5b1a2bebd04f5994775de795e34316df5b4a42fd8ed0caf57b3,True,3
94654,49100,240926_ML.npy,2026-09-28,2026-09-28 05:41:58.051193,7C7144,C172,CESSNA AIRCRAFT COMPANY,172N,20705c3cf280e5f8574c50e896bb4dc220d0d271304bd878266eeaf3dd1d2cd8,True,4
94657,49103,240926_ML.npy,2026-09-28,2026-09-28 05:42:14.455146,7C7B61,DA40,DIAMOND AIRCRAFT INDUSTRIES INC.,DA 40,ff12b88d01b6fbd07cb84b256f045db87cff82e8601eeb821462408cd9a850a6,True,2
94663,49109,240926_ML.npy,2026-09-28,2026-09-28 05:42:16.792527,7C7B61,DA40,DIAMOND AIRCRAFT INDUSTRIES INC.,DA 40,421db15df9ad04d80d53154c531b31972aff477ae4a90467e4fe115651a6eeac,True,3
94675,49121,240926_ML.npy,2026-09-28,2026-09-28 05:42:31.367173,7C7144,C172,CESSNA AIRCRAFT COMPANY,172N,b5eb49be15f9b356f1775d9ba228a55150fb1802a251528a945da5ddee68355b,True,5
94681,49127,240926_ML.npy,2026-09-28,2026-09-28 05:42:44.420010,7C7144,C172,CESSNA AIRCRAFT COMPANY,172N,25ecffd02a618058de3b2945417e026c76c8237f5d9bff411fb8d6879bd15d24,True,3
94683,49129,240926_ML.npy,2026-09-28,2026-09-28 05:42:46.221057,7C7144,C172,CESSNA AIRCRAFT COMPANY,172N,0b5bb8ca4a83da1c85e2a5598e7c655e0e874dd5254d00287b08e8bb557a6e1a,True,2
94690,49136,240926_ML.npy,2026-09-28,2026-09-28 05:42:55.439551,7C7144,C172,CESSNA AIRCRAFT COMPANY,172N,c017fdc67932e4140f5ac9e113a67e30cb0733b33a710eb4b75d98ea9bda070d,True,5
94694,49140,240926_ML.npy,2026-09-28,2026-09-28 05:42:56.718519,7C7144,C172,CESSNA AIRCRAFT COMPANY,172N,c017fdc67932e4140f5ac9e113a67e30cb0733b33a710eb4b75d98ea9bda070d,True,1
94717,49163,240926_ML.npy,2026-09-28,2026-09-28 05:43:32.682824,7C7C39,DA40,DIAMOND AIRCRAFT INDUSTRIES INC.,DA 40,bc2850c9d346546bd94a3232144791641af08ae88ec759e6a317e998ac392d8c,True,5
94747,49193,240926_ML.npy,2026-09-28,2026-09-28 05:45:40.216649,7C7C39,DA40,DIAMOND AIRCRAFT INDUSTRIES INC.,DA 40,da96a629c4b5324227fbb071adf3d412e861070074515b594e2d3192939d5725,True,2
94757,49203,240926_ML.npy,2026-09-28,2026-09-28 05:46:10.066077,7C7B5F,DA40,DIAMOND AIRCRAFT INDUSTRIES INC.,DA 40,8b3a8ce4c9a662ed227ffbf52fe3e27faafc7cadb2f0aa5b69249db408cd61af,True,4
94781,49227,240926_ML.npy,2026-09-28,2026-09-28 05:46:51.693920,7C7B61,DA40,DIAMOND AIRCRAFT INDUSTRIES INC.,DA 40,b5ca80515a27b69e51a7aa2e17b5f71241df443bd73e64da5bc101c86872fe11,True,5
94795,49241,240926_ML.npy,2026-09-28,2026-09-28 05:47:00.451425,7C7B5F,DA40,DIAMOND AIRCRAFT INDUSTRIES INC.,DA 40,25e7bf014d9759e3da34f0a65bd381721bf900f1584ebb4205c5ba8facb8df30,True,3
94797,49243,240926_ML.npy,2026-09-28,2026-09-28 05:47:00.892025,7C7B5F,DA40,DIAMOND AIRCRAFT INDUSTRIES INC.,DA 40,d485a1cdefcedac35750e75689202aad8efd477c82ea36383c4955dcd79a75a0,True,4
94822,49268,240926_ML.npy,2026-09-28,2026-09-28 05:47:22.175367,7C2E75,C172,CESSNA AIRCRAFT COMPANY,172N,b054cac776aadf96e266ff73f9fefd138a62b1651361ab2f925a54ce147f915b,True,2
94823,49269,240926_ML.npy,2026-09-28,2026-09-28 05:47:22.249878,7C7B5F,DA40,DIAMOND AIRCRAFT INDUSTRIES INC.,DA 40,953caf55f69bbdf924d91121cef04d8ecb8a8661d2b05d796d9dfdffe40c7362,True,2
94835,49281,240926_ML.npy,2026-09-28,2026-09-28 05:47:29.686125,7C7B61,DA40,DIAMOND AIRCRAFT INDUSTRIES INC.,DA 40,8dc349d3c9da8fd37ad42643ab4bfb0b0028be1c771e3e9b76196d1feb1294af,True,5
94837,49283,240926_ML.npy,2026-09-28,2026-09-28 05:47:29.835071,7C2E75,C172,CESSNA AIRCRAFT COMPANY,172N,c65d8d13d345d3f34e550d116e00fe95da1147ae56900fde716fd12fe5d06de5,True,5
94838,49284,240926_ML.npy,2026-09-28,2026-09-28 05:47:30.043522,7C7B61,DA40,DIAMOND AIRCRAFT INDUSTRIES INC.,DA 40,5bf8cd6740b1910685ebc1645c08aa6ebfe453087922b01d39bed7a7a87792fe,True,4
94844,49290,240926_ML.npy,2026-09-28,2026-09-28 05:47:39.130016,7C2E75,C172,CESSNA AIRCRAFT COMPANY,172N,c32e0a53b38381b8fb60ea23872f77fbb5f38fa8c631eb8e73e23a96e09470ce,True,5
94852,49298,240926_ML.npy,2026-09-28,2026-09-28 05:48:10.751413,7C1697,DA40,DIAMOND AIRCRAFT INDUSTRIES INC.,DA 40,72d0ee8081a58ab79bbe0ce82255d96899edf8f7c0ce4ce84eaa939dc40a78a9,True,2
94867,49313,240926_ML.npy,2026-09-28,2026-09-28 05:50:20.168355,7C7B5F,DA40,DIAMOND AIRCRAFT INDUSTRIES INC.,DA 40,af6ec352885b5b068b04e421fd67e8669e415375e5f144335dfc86c8b89ff252,True,3
94870,49316,240926_ML.npy,2026-09-28,2026-09-28 05:50:23.468256,7C7B5F,DA40,DIAMOND AIRCRAFT INDUSTRIES INC.,DA 40,d4c43412d919d249824ccde3d32158322280ef44eb3e30e028fe09180c4a6ff1,True,3
94877,49323,240926_ML.npy,2026-09-28,2026-09-28 05:50:36.968126,7C7B5F,DA40,DIAMOND AIRCRAFT INDUSTRIES INC.,DA 40,74804c892cc3bdb44e1cc4c0fb904df3cb44b055f4083a5b3c735681076a065e,True,1
94882,49328,240926_ML.npy,2026-09-28,2026-09-28 05:50:43.120104,7C7B5F,DA40,DIAMOND AIRCRAFT INDUSTRIES INC.,DA 40,8b3a8ce4c9a662ed227ffbf52fe3e27faafc7cadb2f0aa5b69249db408cd61af,True,3
94884,49330,240926_ML.npy,2026-09-28,2026-09-28 05:50:44.750051,7C7B5F,DA40,DIAMOND AIRCRAFT INDUSTRIES INC.,DA 40,ac0fd42aedf8c81847c6cc984c2885ca7a1fc7d792423a2d9e9d672eaffb10c7,True,4
94937,49383,240926_ML.npy,2026-09-28,2026-09-28 05:51:26.260351,7C7C39,DA40,DIAMOND AIRCRAFT INDUSTRIES INC.,DA 40,c6a7d1c5531e45c8d1d49454b450e2318bc292289c2d9ea6acd3663f10d4556b,True,4
94939,49385,240926_ML.npy,2026-09-28,2026-09-28 05:51:27.636170,7C7C39,DA40,DIAMOND AIRCRAFT INDUSTRIES INC.,DA 40,ae9a8365638292253c3bbe81ac7292b00ec6d7f664610ada7a0cc9df61d8178e,True,2
94945,49391,240926_ML.npy,2026-09-28,2026-09-28 05:51:42.360221,7C0D65,DA42,DIAMOND AIRCRAFT INDUSTRIES INC.,DA 42,433e7d016e43a29c61cdfdc05002e2975cd1f5ee89d83e3e0655b6f92c60abf4,True,4
94960,49406,240926_ML.npy,2026-09-28,2026-09-28 05:52:09.986380,7C0D65,DA42,DIAMOND AIRCRAFT INDUSTRIES INC.,DA 42,b210872026537ac7e1d603a7f5acc37279524bd921848b1041a4049fac4040a0,True,2
94989,49435,240926_ML.npy,2026-09-28,2026-09-28 05:53:08.794037,7C7B61,DA40,DIAMOND AIRCRAFT INDUSTRIES INC.,DA 40,edf205267a9a5a88cde39dbc302e5cd8c7d4352d86d0c06fc724be20142514ca,True,2
94994,49440,240926_ML.npy,2026-09-28,2026-09-28 05:53:27.769494,7C0D65,DA42,DIAMOND AIRCRAFT INDUSTRIES INC.,DA 42,d558625843d0a879536e43811f7fdf6a74fe6245b22e622ef92015cdbd265396,True,3
95000,49446,240926_ML.npy,2026-09-28,2026-09-28 05:53:35.072352,7C0D65,DA42,DIAMOND AIRCRAFT INDUSTRIES INC.,DA 42,130645b65f92bba4b38c8e672083c1185bb41e0810c7ad671662ed15ff69c8e1,True,5
95004,49450,240926_ML.npy,2026-09-28,2026-09-28 05:53:41.299459,7C0D65,DA42,DIAMOND AIRCRAFT INDUSTRIES INC.,DA 42,130645b65f92bba4b38c8e672083c1185bb41e0810c7ad671662ed15ff69c8e1,True,2
95005,49451,240926_ML.npy,2026-09-28,2026-09-28 05:53:42.945781,7C0D65,DA42,DIAMOND AIRCRAFT INDUSTRIES INC.,DA 42,9bc12b10fbc1fdb3ef3cfa6de070a2eb8b4a290cff63b90302f365b131bf1411,True,5
95007,49453,240926_ML.npy,2026-09-28,2026-09-28 05:53:43.482696,7C0D65,DA42,DIAMOND AIRCRAFT INDUSTRIES INC.,DA 42,ed963a76be72ff5c3c8af90b58bad28d2c1f5fa515452ec274a5afa544634085,True,1
95011,49457,240926_ML.npy,2026-09-28,2026-09-28 05:53:46.324338,7C0D65,DA42,DIAMOND AIRCRAFT INDUSTRIES INC.,DA 42,130645b65f92bba4b38c8e672083c1185bb41e0810c7ad671662ed15ff69c8e1,True,3
95015,49461,240926_ML.npy,2026-09-28,2026-09-28 05:53:49.820945,7C0D65,DA42,DIAMOND AIRCRAFT INDUSTRIES INC.,DA 42,a1b6b315e40c37069b2608c04d5e7b14c6994e3b4e8aee8895d22c13a6b2b684,True,1
95017,49463,240926_ML.npy,2026-09-28,2026-09-28 05:53:50.223818,7C0D65,DA42,DIAMOND AIRCRAFT INDUSTRIES INC.,DA 42,717354ecde279d5a659cde4a2222ed940fb801d237987c968af238794dcd72ae,True,5
95018,49464,240926_ML.npy,2026-09-28,2026-09-28 05:53:50.227371,7C0D65,DA42,DIAMOND AIRCRAFT INDUSTRIES INC.,DA 42,7ac173568a50fce0d6cbbb2dc09cb850c69e1af81179bafe8ac29b5355fa00c2,True,1
95019,49465,240926_ML.npy,2026-09-28,2026-09-28 05:53:51.256201,7C0D65,DA42,DIAMOND AIRCRAFT INDUSTRIES INC.,DA 42,f36ad5172ed237d5b2d5c34401e0b48debaf0e88daa2dc1ec32ab8c3193213d8,True,4
95020,49466,240926_ML.npy,2026-09-28,2026-09-28 05:53:51.260241,7C0D65,DA42,DIAMOND AIRCRAFT INDUSTRIES INC.,DA 42,f29369fa43250f319cdabbb282f30d56ec570ec9452756682331913022873787,True,4
95021,49467,240926_ML.npy,2026-09-28,2026-09-28 05:53:51.441372,7C0D65,DA42,DIAMOND AIRCRAFT INDUSTRIES INC.,DA 42,433e7d016e43a29c61cdfdc05002e2975cd1f5ee89d83e3e0655b6f92c60abf4,True,2
95023,49469,240926_ML.npy,2026-09-28,2026-09-28 05:53:51.836346,7C0D65,DA42,DIAMOND AIRCRAFT INDUSTRIES INC.,DA 42,8e90179b737bda01322ad9e6aaa836b2b42021d4bc0b49d15b3828fd0aee8c81,True,5
95026,49472,240926_ML.npy,2026-09-28,2026-09-28 05:53:55.243392,7C0D65,DA42,DIAMOND AIRCRAFT INDUSTRIES INC.,DA 42,cf691137b4b6886635fbb9f67cf545f7a847c2d86f940b8cd01ce8b39e165c87,True,3
95028,49474,240926_ML.npy,2026-09-28,2026-09-28 05:53:56.186547,7C7B5F,DA40,DIAMOND AIRCRAFT INDUSTRIES INC.,DA 40,8b3a8ce4c9a662ed227ffbf52fe3e27faafc7cadb2f0aa5b69249db408cd61af,True,3
95029,49475,240926_ML.npy,2026-09-28,2026-09-28 05:53:56.327666,7C0D65,DA42,DIAMOND AIRCRAFT INDUSTRIES INC.,DA 42,3a3041382d89a7b18b21aaf74cbef84afddfc63808f7d4e3f557ec80cf0cbc2b,True,4
95030,49476,240926_ML.npy,2026-09-28,2026-09-28 05:53:58.444110,7C0D65,DA42,DIAMOND AIRCRAFT INDUSTRIES INC.,DA 42,b253f83cd70e9025f30c4f80751c19b2e66f07070adcb3eb40ea15e03f493749,True,2
95056,49502,240926_ML.npy,2026-09-28,2026-09-28 05:54:50.195172,7C7B5F,DA40,DIAMOND AIRCRAFT INDUSTRIES INC.,DA 40,310e37a7ad9a1c57932593ce4e2082791559810f944c94fcd9d23b0e194f6f02,True,3
95065,49511,240926_ML.npy,2026-09-28,2026-09-28 05:55:04.930922,7C7B5F,DA40,DIAMOND AIRCRAFT INDUSTRIES INC.,DA 40,9e1cae0b6798fdf921c091709012a3def7eca81088dae6ebcb2419602c10da7a,True,3
95081,49527,240926_ML.npy,2026-09-28,2026-09-28 05:55:23.812567,7C7B5F,DA40,DIAMOND AIRCRAFT INDUSTRIES INC.,DA 40,753b7fb08d619562b838df768840768eb6a60abd8913db2e3853b4e7ef1aa181,True,2
95087,49533,240926_ML.npy,2026-09-28,2026-09-28 05:56:33.661198,7C0D65,DA42,DIAMOND AIRCRAFT INDUSTRIES INC.,DA 42,cbf351a3fa438129684f785a29a7a10805326a6cf9ac64d811774cd644ab824c,True,1
95091,49537,240926_ML.npy,2026-09-28,2026-09-28 05:56:43.883736,7C0D65,DA42,DIAMOND AIRCRAFT INDUSTRIES INC.,DA 42,b9115a15c763c8e7960b788c65a229c395d80a80ce4a992dd8548fdceb91c300,True,1
95093,49539,240926_ML.npy,2026-09-28,2026-09-28 05:56:47.146037,7C7C39,DA40,DIAMOND AIRCRAFT INDUSTRIES INC.,DA 40,f922560370083bbeeff45e7d6bb9eac13e3aec4fad593c21a2400f379a784bd4,True,5
95099,49545,240926_ML.npy,2026-09-28,2026-09-28 05:57:04.840927,7C0D65,DA42,DIAMOND AIRCRAFT INDUSTRIES INC.,DA 42,6cbe5135f36b61942b47fcd55f0049194b966df7560f6a396fa7eeaa8b6ab050,True,3
95107,49553,240926_ML.npy,2026-09-28,2026-09-28 05:57:25.046323,7C0D65,DA42,DIAMOND AIRCRAFT INDUSTRIES INC.,DA 42,84fc1ac1e164737e8f56ed9fcae35f94ff6f44c68d185a4ce604a8d76d46c75c,True,2
95112,49558,240926_ML.npy,2026-09-28,2026-09-28 05:57:31.197221,7C7C39,DA40,DIAMOND AIRCRAFT INDUSTRIES INC.,DA 40,6cfc96d023b7daa7b9ba3bba0f106a731a8efc797e284d3e3fbfe8e1fc385b36,True,3
95120,49566,240926_ML.npy,2026-09-28,2026-09-28 05:57:49.851229,7C7B61,DA40,DIAMOND AIRCRAFT INDUSTRIES INC.,DA 40,2dc7baf5016ab54fd403af0b6ff15ca5fb16b68ebe38474db34db9210885864e,True,1
95140,49586,240926_ML.npy,2026-09-28,2026-09-28 05:58:39.318466,7C7B61,DA40,DIAMOND AIRCRAFT INDUSTRIES INC.,DA 40,5286ffb6be11be74da77438fe03ad33b84d3b138f2d81c6a1b1c46689c4be2e7,True,3
95143,49589,240926_ML.npy,2026-09-28,2026-09-28 05:59:02.319649,7C0D65,DA42,DIAMOND AIRCRAFT INDUSTRIES INC.,DA 42,c14b4758398fd1e27b707d32c6226a32e84b15da51d8827a7a4d293e3aedd315,True,1
95145,49591,240926_ML.npy,2026-09-28,2026-09-28 05:59:06.819828,7C0D65,DA42,DIAMOND AIRCRAFT INDUSTRIES INC.,DA 42,f3c832fc08f9842434c82db49440d6bd574e0f46cf548dd85829f4245e3ec14b,True,2
95146,49592,240926_ML.npy,2026-09-28,2026-09-28 05:59:07.224300,7C0D65,DA42,DIAMOND AIRCRAFT INDUSTRIES INC.,DA 42,e5f983fd3eeecae33dbb00433adda732c440ad4ba855473d4f0cb180ec7b6d04,True,4
95148,49594,240926_ML.npy,2026-09-28,2026-09-28 05:59:08.131791,7C0D65,DA42,DIAMOND AIRCRAFT INDUSTRIES INC.,DA 42,130645b65f92bba4b38c8e672083c1185bb41e0810c7ad671662ed15ff69c8e1,True,5
95152,49598,240926_ML.npy,2026-09-28,2026-09-28 05:59:10.607679,7C0D65,DA42,DIAMOND AIRCRAFT INDUSTRIES INC.,DA 42,04b686c1dec303818333a823dea86669591a2b34efd8efd724eb57585ffe13ec,True,1
95153,49599,240926_ML.npy,2026-09-28,2026-09-28 05:59:10.653705,7C0D65,DA42,DIAMOND AIRCRAFT INDUSTRIES INC.,DA 42,be4450c1002d1c8132dbd66e43cdb255b39b2d633bcacedde5c143544d865189,True,2
95156,49602,240926_ML.npy,2026-09-28,2026-09-28 05:59:15.885214,7C0D65,DA42,DIAMOND AIRCRAFT INDUSTRIES INC.,DA 42,367e40aedbe67f60f628d099841d523c9f67e6c862ef91a10b121dc3fe5f4fed,True,3
95158,49604,240926_ML.npy,2026-09-28,2026-09-28 05:59:17.909472,7C0D65,DA42,DIAMOND AIRCRAFT INDUSTRIES INC.,DA 42,afa0ada7f837f0399e9bd1a1e43ca067f533ef0830da8e114f85f79e6ff43301,True,4
95162,49608,240926_ML.npy,2026-09-28,2026-09-28 05:59:25.370097,7C0D65,DA42,DIAMOND AIRCRAFT INDUSTRIES INC.,DA 42,04b686c1dec303818333a823dea86669591a2b34efd8efd724eb57585ffe13ec,True,3
95163,49609,240926_ML.npy,2026-09-28,2026-09-28 05:59:26.297571,7C0D65,DA42,DIAMOND AIRCRAFT INDUSTRIES INC.,DA 42,433e7d016e43a29c61cdfdc05002e2975cd1f5ee89d83e3e0655b6f92c60abf4,True,2
95164,49610,240926_ML.npy,2026-09-28,2026-09-28 05:59:27.836905,7C0D65,DA42,DIAMOND AIRCRAFT INDUSTRIES INC.,DA 42,6cbe5135f36b61942b47fcd55f0049194b966df7560f6a396fa7eeaa8b6ab050,True,4
95177,49623,240926_ML.npy,2026-09-28,2026-09-28 06:00:08.418643,7C7B5F,DA40,DIAMOND AIRCRAFT INDUSTRIES INC.,DA 40,c3799d798406dd05311aa85531623b664ad288f880f88d9f0cdbb37de21e1b9f,True,2
95192,49638,240926_ML.npy,2026-09-28,2026-09-28 06:01:03.130709,7C7B61,DA40,DIAMOND AIRCRAFT INDUSTRIES INC.,DA 40,7d5de82b248df02fba9e60265dbbba77b56dde0c938ab0feaa836db89a4005da,True,5
95228,49674,240926_ML.npy,2026-09-28,2026-09-28 06:02:00.402227,7C7B56,DA40,DIAMOND AIRCRAFT INDUSTRIES INC.,DA 40,494b994af38a7f1dce2837722cf681798bcf05fe577521443badfd6927603fe5,True,1
95236,49682,240926_ML.npy,2026-09-28,2026-09-28 06:02:15.806698,7C7B61,DA40,DIAMOND AIRCRAFT INDUSTRIES INC.,DA 40,3101383e84cf62e9f91d9c56d48a451798abd4bac340ae528bdf9aa81b4594de,True,4
95238,49684,240926_ML.npy,2026-09-28,2026-09-28 06:02:16.274419,7C7B61,DA40,DIAMOND AIRCRAFT INDUSTRIES INC.,DA 40,2a334eeb81419c47eb5c58521b26ead35682c0843c1d54598428e7c5a3b65f56,True,5
95258,49704,240926_ML.npy,2026-09-28,2026-09-28 06:02:47.224591,7C7B61,DA40,DIAMOND AIRCRAFT INDUSTRIES INC.,DA 40,adc9c8ca9b498a3e799142c1b7f7b50ddbf894f34da325a56d2f0921500b26a1,True,3
95259,49705,240926_ML.npy,2026-09-28,2026-09-28 06:02:47.373720,7C0D65,DA42,DIAMOND AIRCRAFT INDUSTRIES INC.,DA 42,130645b65f92bba4b38c8e672083c1185bb41e0810c7ad671662ed15ff69c8e1,True,3
95268,49714,240926_ML.npy,2026-09-28,2026-09-28 06:02:53.582186,7C0D65,DA42,DIAMOND AIRCRAFT INDUSTRIES INC.,DA 42,0b3f4641650d13e3dd2154aa9952b0676a4ed1581d29380971badb4ddd9102cc,True,4
95269,49715,240926_ML.npy,2026-09-28,2026-09-28 06:03:12.323817,7C0D65,DA42,DIAMOND AIRCRAFT INDUSTRIES INC.,DA 42,130645b65f92bba4b38c8e672083c1185bb41e0810c7ad671662ed15ff69c8e1,True,3
95271,49717,240926_ML.npy,2026-09-28,2026-09-28 06:03:13.037921,7C0D65,DA42,DIAMOND AIRCRAFT INDUSTRIES INC.,DA 42,8b86cc41afa0d78305c63763757db82a7c23336148333d0f1f4e7e0158fd244b,True,2
95272,49718,240926_ML.npy,2026-09-28,2026-09-28 06:03:21.442956,7C0D65,DA42,DIAMOND AIRCRAFT INDUSTRIES INC.,DA 42,e453e3f5f0a3b31eb273cbba70b1413d4ae422cd8af30d2beaee77f98f4f6f01,True,3
95273,49719,240926_ML.npy,2026-09-28,2026-09-28 06:03:21.450005,7C0D65,DA42,DIAMOND AIRCRAFT INDUSTRIES INC.,DA 42,ded077b12c3903f0a1eff944e97e18dbd4510151656349d7d9405d63f8d9302b,True,2
95275,49721,240926_ML.npy,2026-09-28,2026-09-28 06:03:22.014865,7C0D65,DA42,DIAMOND AIRCRAFT INDUSTRIES INC.,DA 42,f919c32d65e6f09d27292c709ea4c036e5a7f2b6d4c24f5d320cf386d4566551,True,2
95278,49724,240926_ML.npy,2026-09-28,2026-09-28 06:03:29.809908,7C0D65,DA42,DIAMOND AIRCRAFT INDUSTRIES INC.,DA 42,4a914ab1789892c9e81a3800e1d645bcd06eede46f5358730757c7ab5c4b656d,True,3
95279,49725,240926_ML.npy,2026-09-28,2026-09-28 06:03:30.949278,7C0D65,DA42,DIAMOND AIRCRAFT INDUSTRIES INC.,DA 42,130645b65f92bba4b38c8e672083c1185bb41e0810c7ad671662ed15ff69c8e1,True,1
95280,49726,240926_ML.npy,2026-09-28,2026-09-28 06:03:32.521283,7C0D65,DA42,DIAMOND AIRCRAFT INDUSTRIES INC.,DA 42,6024154ebee6abf67fd11d3c05c68259664ec9e07850fd768bc758617b67c3ce,True,1
95281,49727,240926_ML.npy,2026-09-28,2026-09-28 06:03:32.529019,7C0D65,DA42,DIAMOND AIRCRAFT INDUSTRIES INC.,DA 42,3e29c64a3a6bf666589c2dc635e6ef0cda473df95499489bad33c9d29a66bffd,True,3
95282,49728,240926_ML.npy,2026-09-28,2026-09-28 06:04:04.206853,7C0077,DA40,DIAMOND AIRCRAFT INDUSTRIES INC.,DA 40,7e2fc5d67c307079c7dc8b2d6f57e0e48bcf600f392999a38d8f93d2754dadec,True,4
95283,49729,240926_ML.npy,2026-09-28,2026-09-28 06:04:06.343503,7C0077,DA40,DIAMOND AIRCRAFT INDUSTRIES INC.,DA 40,94c86e6a99c8c713c88e4f871b1165bab991e674837b489c41fd8f3d90168ba5,True,3
95309,49755,240926_ML.npy,2026-09-28,2026-09-28 06:04:39.189467,7C0077,DA40,DIAMOND AIRCRAFT INDUSTRIES INC.,DA 40,5c063ca7cc4ad5ad1399bc2e47d326632f5f30e47634804bfcb551179f9e3e1a,True,5
95312,49758,240926_ML.npy,2026-09-28,2026-09-28 06:04:44.164128,7C0077,DA40,DIAMOND AIRCRAFT INDUSTRIES INC.,DA 40,f8003b68ed16bd426bcaae025c27161878b0eeca044fcce086744e61191777dc,True,3
95318,49764,240926_ML.npy,2026-09-28,2026-09-28 06:05:10.108275,7C7B5F,DA40,DIAMOND AIRCRAFT INDUSTRIES INC.,DA 40,23f83e587f481f0015f50cb85c07cdc7c36d8538d9f8995d73515f716ff8ad68,True,4
95321,49767,240926_ML.npy,2026-09-28,2026-09-28 06:05:13.921523,7C0D65,DA42,DIAMOND AIRCRAFT INDUSTRIES INC.,DA 42,c600edca88b1aa71ca4eb83ecf3670bc28417bce9d1f94dbea3e627318405fde,True,2
95323,49769,240926_ML.npy,2026-09-28,2026-09-28 06:05:14.349960,7C0D65,DA42,DIAMOND AIRCRAFT INDUSTRIES INC.,DA 42,130645b65f92bba4b38c8e672083c1185bb41e0810c7ad671662ed15ff69c8e1,True,5
95325,49771,240926_ML.npy,2026-09-28,2026-09-28 06:05:16.875798,7C0D65,DA42,DIAMOND AIRCRAFT INDUSTRIES INC.,DA 42,130645b65f92bba4b38c8e672083c1185bb41e0810c7ad671662ed15ff69c8e1,True,4
95326,49772,240926_ML.npy,2026-09-28,2026-09-28 06:05:17.645865,7C0D65,DA42,DIAMOND AIRCRAFT INDUSTRIES INC.,DA 42,d916ad78744b66a5b4f82e15a7f6860224aa3daf7f1235857a73db5954528bf7,True,3
95327,49773,240926_ML.npy,2026-09-28,2026-09-28 06:05:17.648962,7C0D65,DA42,DIAMOND AIRCRAFT INDUSTRIES INC.,DA 42,de59d99b25c05150d366d0c0d14d0e27bc431500300ecf7c4206120ee5caef13,True,4
95328,49774,240926_ML.npy,2026-09-28,2026-09-28 06:05:20.014101,7C0D65,DA42,DIAMOND AIRCRAFT INDUSTRIES INC.,DA 42,04b686c1dec303818333a823dea86669591a2b34efd8efd724eb57585ffe13ec,True,1
95331,49777,240926_ML.npy,2026-09-28,2026-09-28 06:05:21.848588,7C0D65,DA42,DIAMOND AIRCRAFT INDUSTRIES INC.,DA 42,157311efd0a644abe281c54313646750ac2c29cade5c18fbafd8982ba4e42a96,True,2
95333,49779,240926_ML.npy,2026-09-28,2026-09-28 06:05:23.078373,7C7B5F,DA40,DIAMOND AIRCRAFT INDUSTRIES INC.,DA 40,f745d97427905c879b5b39b7cd3074d1ff3d034f9ef65cdaf07d04e2a924edaf,True,1
95337,49783,240926_ML.npy,2026-09-28,2026-09-28 06:05:25.008193,7C7B5F,DA40,DIAMOND AIRCRAFT INDUSTRIES INC.,DA 40,8b3a8ce4c9a662ed227ffbf52fe3e27faafc7cadb2f0aa5b69249db408cd61af,True,2
95348,49794,240926_ML.npy,2026-09-28,2026-09-28 06:05:32.670182,7C7B5F,DA40,DIAMOND AIRCRAFT INDUSTRIES INC.,DA 40,9e1cae0b6798fdf921c091709012a3def7eca81088dae6ebcb2419602c10da7a,True,5
95350,49796,240926_ML.npy,2026-09-28,2026-09-28 06:05:33.744503,7C0D65,DA42,DIAMOND AIRCRAFT INDUSTRIES INC.,DA 42,e21aa9bade373ee61465709c33a373bafb6e9f7432fc986caf8db5e4d21d3309,True,5
95352,49798,240926_ML.npy,2026-09-28,2026-09-28 06:05:34.824763,7C0D65,DA42,DIAMOND AIRCRAFT INDUSTRIES INC.,DA 42,7c3252fd6ae36652f0561e60924fee42d8a7a3de69651b06a7a24b4cd6e4571a,True,2
95355,49801,240926_ML.npy,2026-09-28,2026-09-28 06:05:39.317824,7C0D65,DA42,DIAMOND AIRCRAFT INDUSTRIES INC.,DA 42,9fb6e4ca62a9d2d76e970c2e243b6538e690c4b3268d0e077893a14c0332d26b,True,1
95360,49806,240926_ML.npy,2026-09-28,2026-09-28 06:05:40.823668,7C0D65,DA42,DIAMOND AIRCRAFT INDUSTRIES INC.,DA 42,6cbe5135f36b61942b47fcd55f0049194b966df7560f6a396fa7eeaa8b6ab050,True,4
95414,49860,240926_ML.npy,2026-09-28,2026-09-28 06:08:17.545925,7C0D65,DA42,DIAMOND AIRCRAFT INDUSTRIES INC.,DA 42,64980ac4de5c53ce61f832659db5d5293fb9a606fb46ed0a2d7d334ba1f9a811,True,4
95415,49861,240926_ML.npy,2026-09-28,2026-09-28 06:08:19.547326,7C0D65,DA42,DIAMOND AIRCRAFT INDUSTRIES INC.,DA 42,8e7e775188d73ee0d6604a7ace56eda91eab5907927ffe2f653ad3b7e1b43259,True,3
95416,49862,240926_ML.npy,2026-09-28,2026-09-28 06:08:23.948775,7C0D65,DA42,DIAMOND AIRCRAFT INDUSTRIES INC.,DA 42,04b686c1dec303818333a823dea86669591a2b34efd8efd724eb57585ffe13ec,True,1
95417,49863,240926_ML.npy,2026-09-28,2026-09-28 06:08:24.002148,7C0D65,DA42,DIAMOND AIRCRAFT INDUSTRIES INC.,DA 42,0333668c3e17b487f8a01ac587be5bdfaed6eb0eb15e100762575a0744761ae8,True,2
95418,49864,240926_ML.npy,2026-09-28,2026-09-28 06:08:26.620959,7C0D65,DA42,DIAMOND AIRCRAFT INDUSTRIES INC.,DA 42,262f4bfd8bed6677a142b8ee98bb45955c2c25f171b349ec0270196703c0b0eb,True,5
95419,49865,240926_ML.npy,2026-09-28,2026-09-28 06:08:26.624924,7C0D65,DA42,DIAMOND AIRCRAFT INDUSTRIES INC.,DA 42,7133b21e294b06dff67edcd15d02d3e1705f4167b8aac47ccdd0820b408ad284,True,1
95420,49866,240926_ML.npy,2026-09-28,2026-09-28 06:08:26.924315,7C0D65,DA42,DIAMOND AIRCRAFT INDUSTRIES INC.,DA 42,433e7d016e43a29c61cdfdc05002e2975cd1f5ee89d83e3e0655b6f92c60abf4,True,4
95424,49870,240926_ML.npy,2026-09-28,2026-09-28 06:08:56.629070,7C0D65,DA42,DIAMOND AIRCRAFT INDUSTRIES INC.,DA 42,433e7d016e43a29c61cdfdc05002e2975cd1f5ee89d83e3e0655b6f92c60abf4,True,2
95425,49871,240926_ML.npy,2026-09-28,2026-09-28 06:08:58.369281,7C0D65,DA42,DIAMOND AIRCRAFT INDUSTRIES INC.,DA 42,5f799a354bce8fa441e727244f9c53213e036ace51985849dba300fb16ab24a1,True,1
95426,49872,240926_ML.npy,2026-09-28,2026-09-28 06:08:59.530748,7C0D65,DA42,DIAMOND AIRCRAFT INDUSTRIES INC.,DA 42,2a72049fcd54b603dfc351a6e05256808e12a5b642a307ef37ef131a2457601b,True,3
95435,49881,240926_ML.npy,2026-09-28,2026-09-28 06:09:08.376646,7C0D65,DA42,DIAMOND AIRCRAFT INDUSTRIES INC.,DA 42,422eb3ea55074e3ee17145157e83fe680694f473bc5f180265d7dc5d809ab04a,True,4
95480,49926,240926_ML.npy,2026-09-28,2026-09-28 06:10:21.039363,7C7B5F,DA40,DIAMOND AIRCRAFT INDUSTRIES INC.,DA 40,5b40362224acbc5de76f4bf1786c86a495a93d7e9f8e4638c46c268f4e427645,True,5
95481,49927,240926_ML.npy,2026-09-28,2026-09-28 06:10:21.563804,7C7B5F,DA40,DIAMOND AIRCRAFT INDUSTRIES INC.,DA 40,8c12ce698305c9bfdd012e7fa950d4eef59f889d153c65be3d8e80b93ce1f7f5,True,5
95484,49930,240926_ML.npy,2026-09-28,2026-09-28 06:10:28.273529,7C0D65,DA42,DIAMOND AIRCRAFT INDUSTRIES INC.,DA 42,2d96ec990211db7eab4454027fdaf01ef557d419df9132911916e534c44eac6f,True,4
95486,49932,240926_ML.npy,2026-09-28,2026-09-28 06:10:28.841278,7C0D65,DA42,DIAMOND AIRCRAFT INDUSTRIES INC.,DA 42,6dbeb96dfe5e26e9b4f75f1443ee1a5dbc0732ff603e384cd8d73c27a6369768,True,4
95487,49933,240926_ML.npy,2026-09-28,2026-09-28 06:10:28.851278,7C0D65,DA42,DIAMOND AIRCRAFT INDUSTRIES INC.,DA 42,a7d5316d7195dee93c03a049b81c74baf5707b22ddcdc1aadb250f8a36505d64,True,1
95489,49935,240926_ML.npy,2026-09-28,2026-09-28 06:10:34.899588,7C0D65,DA42,DIAMOND AIRCRAFT INDUSTRIES INC.,DA 42,363a429ea5b36fc5bf38016274e4c6615b327abf0da0736017bdf3db877b7b21,True,5
95501,49947,240926_ML.npy,2026-09-28,2026-09-28 06:10:41.986673,7C7B5F,DA40,DIAMOND AIRCRAFT INDUSTRIES INC.,DA 40,f79a96a1542a457c44728de0589e410d7c074f997db2a3e52e42ad5b17f8b1d1,True,2
95507,49953,240926_ML.npy,2026-09-28,2026-09-28 06:10:43.764459,7C0D65,DA42,DIAMOND AIRCRAFT INDUSTRIES INC.,DA 42,f08330c6e28e6e7282dc7f6e6b385e27fe4350bda4b3af8e58e7ccf33852b27e,True,3
95508,49954,240926_ML.npy,2026-09-28,2026-09-28 06:10:43.768692,7C0D65,DA42,DIAMOND AIRCRAFT INDUSTRIES INC.,DA 42,d6fae48cc1fc7c4e9c9308f24d9bb05cb0e7ec3a0c52e1415b88b4c860dd7314,True,1
95509,49955,240926_ML.npy,2026-09-28,2026-09-28 06:10:44.249557,7C0D65,DA42,DIAMOND AIRCRAFT INDUSTRIES INC.,DA 42,e50ce6cd95cc6ce4b331dea95865e13d173b723e4893f4cfa5a10cdc2ce63cb4,True,3
95514,49960,240926_ML.npy,2026-09-28,2026-09-28 06:10:46.577433,7C0D65,DA42,DIAMOND AIRCRAFT INDUSTRIES INC.,DA 42,433e7d016e43a29c61cdfdc05002e2975cd1f5ee89d83e3e0655b6f92c60abf4,True,4
95516,49962,240926_ML.npy,2026-09-28,2026-09-28 06:10:48.007947,7C0D65,DA42,DIAMOND AIRCRAFT INDUSTRIES INC.,DA 42,ef8a24141a70115a953e0f34b05b815af7697005e418be95691b55f9812203e6,True,3
95517,49963,240926_ML.npy,2026-09-28,2026-09-28 06:10:48.011510,7C0D65,DA42,DIAMOND AIRCRAFT INDUSTRIES INC.,DA 42,da043cbc28aea8cbf8e4b5fc48a098fe4c6dde0a0cc9765ebfb379e22a3e27ce,True,4
95521,49967,240926_ML.npy,2026-09-28,2026-09-28 06:10:49.599162,7C0D65,DA42,DIAMOND AIRCRAFT INDUSTRIES INC.,DA 42,95eaa31146b13385f311524bb048099f8804a4fd7a5d3963e75c1977ee934958,True,3
95524,49970,240926_ML.npy,2026-09-28,2026-09-28 06:10:51.217655,7C0D65,DA42,DIAMOND AIRCRAFT INDUSTRIES INC.,DA 42,8f3d3bfadc84e83d08068c5558881bf15538dcfa97d64c0a03d3bd77bfa2887c,True,2
95526,49972,240926_ML.npy,2026-09-28,2026-09-28 06:10:51.802974,7C0D65,DA42,DIAMOND AIRCRAFT INDUSTRIES INC.,DA 42,7a23aef99e299b152d4b2558845797d2459293064a1bcd8c89e541db5da53d21,True,3
95528,49974,240926_ML.npy,2026-09-28,2026-09-28 06:10:52.288412,7C0D65,DA42,DIAMOND AIRCRAFT INDUSTRIES INC.,DA 42,09b848176bcc63f7ae7c0547f146e15ead58e144dcb58a4ab0756d042397fbcd,True,1
95536,49982,240926_ML.npy,2026-09-28,2026-09-28 06:10:56.296760,7C0D65,DA42,DIAMOND AIRCRAFT INDUSTRIES INC.,DA 42,e956b72cad47edbe3334841d8eb7f7c57beacdb25fab10c3b67299386577e73d,True,2
95537,49983,240926_ML.npy,2026-09-28,2026-09-28 06:10:56.300696,7C0D65,DA42,DIAMOND AIRCRAFT INDUSTRIES INC.,DA 42,0a83d3da0ab19f7ce6160315e6038e061ed93927851ee875d46f73605ade18c2,True,1
95539,49985,240926_ML.npy,2026-09-28,2026-09-28 06:10:58.911777,7C0D65,DA42,DIAMOND AIRCRAFT INDUSTRIES INC.,DA 42,f06e7a816b94e6f5146937677f7547da8e3ec5aaceb15d767f8359272d336b2e,True,2
95541,49987,240926_ML.npy,2026-09-28,2026-09-28 06:10:59.880437,7C0D65,DA42,DIAMOND AIRCRAFT INDUSTRIES INC.,DA 42,5446d7c8eada055c55faaff653077b070c17aecdff5716b88a7dd0d385dbc2a5,True,1
95542,49988,240926_ML.npy,2026-09-28,2026-09-28 06:11:00.154444,7C0D65,DA42,DIAMOND AIRCRAFT INDUSTRIES INC.,DA 42,6cbe5135f36b61942b47fcd55f0049194b966df7560f6a396fa7eeaa8b6ab050,True,2
95544,49990,240926_ML.npy,2026-09-28,2026-09-28 06:11:02.732523,7C0D65,DA42,DIAMOND AIRCRAFT INDUSTRIES INC.,DA 42,6cbe5135f36b61942b47fcd55f0049194b966df7560f6a396fa7eeaa8b6ab050,True,1
95545,49991,240926_ML.npy,2026-09-28,2026-09-28 06:11:02.956828,7C0D65,DA42,DIAMOND AIRCRAFT INDUSTRIES INC.,DA 42,29eab37aff5a94618b63d74b86d782d3b647cdba859f32ec3540c7c83c0b771d,True,1
95571,19,280926_ML.npy,2026-09-28,2026-09-28 07:13:00.477992,7C7AF0,DA40,DIAMOND AIRCRAFT INDUSTRIES INC.,DA 40,553ce7d078a8e07518ea0b23d3aadd547c2a1d1dbf6ff1dd0eb3208d23cb8fe3,True,2
95575,23,280926_ML.npy,2026-09-28,2026-09-28 07:13:07.409663,7C7AF0,DA40,DIAMOND AIRCRAFT INDUSTRIES INC.,DA 40,cb0dc915baf3df58b788c30123418a11f9b213a8e6455a62f05462e713181964,True,4
95576,24,280926_ML.npy,2026-09-28,2026-09-28 07:13:07.666047,7C7AF0,DA40,DIAMOND AIRCRAFT INDUSTRIES INC.,DA 40,2d35e1a30d64566ea2e8469a459f5ee8bbb266ae68046af293957fb6bbde1e6e,True,4
95587,35,280926_ML.npy,2026-09-28,2026-09-28 07:13:21.631269,7C7AF0,DA40,DIAMOND AIRCRAFT INDUSTRIES INC.,DA 40,ed98ec64e112c548361fbf52f74dfc955b322ac1d3d91f23a889249994511a23,True,5
95591,39,280926_ML.npy,2026-09-28,2026-09-28 07:13:25.714359,7C7AF0,DA40,DIAMOND AIRCRAFT INDUSTRIES INC.,DA 40,411079254bb8588b387eada969a88a3d491051887eff50faf7a0c482b8cd007d,True,3
95628,76,280926_ML.npy,2026-09-28,2026-09-28 07:15:33.987419,7C6693,DA40,DIAMOND AIRCRAFT INDUSTRIES INC.,DA 40,30844f96b8c6447ae4040b43de65f7994b94c32badbd56d9db7a4cde6c32bad5,True,2
95631,79,280926_ML.npy,2026-09-28,2026-09-28 07:15:37.767181,7C7C2E,DA40,DIAMOND AIRCRAFT INDUSTRIES INC.,DA 40,cfaaf11495ef0e5f4ce33f9b051d5fe83db2aa08e006677b77f1ac603e73be24,True,5
95637,85,280926_ML.npy,2026-09-28,2026-09-28 07:15:50.249217,7C7C2E,DA40,DIAMOND AIRCRAFT INDUSTRIES INC.,DA 40,96dec3acab2ceac13d7a1116a5e09ac9ea28db79a549835dfeac093c503be078,True,5
95639,87,280926_ML.npy,2026-09-28,2026-09-28 07:15:52.903413,7C7C2E,DA40,DIAMOND AIRCRAFT INDUSTRIES INC.,DA 40,cfaaf11495ef0e5f4ce33f9b051d5fe83db2aa08e006677b77f1ac603e73be24,True,3
95641,89,280926_ML.npy,2026-09-28,2026-09-28 07:15:54.731136,7C7C2E,DA40,DIAMOND AIRCRAFT INDUSTRIES INC.,DA 40,dda4f95f4507d285b615678753fffc284ea6c0133b863ec5413cf8358ef73e37,True,2
95654,102,280926_ML.npy,2026-09-28,2026-09-28 07:16:05.865044,7C7C2E,DA40,DIAMOND AIRCRAFT INDUSTRIES INC.,DA 40,a186020ffa26793a77f5fc0a2880ba216962b2d5c097b8096c7b6b812da21baa,True,1
95659,107,280926_ML.npy,2026-09-28,2026-09-28 07:17:31.216171,7C7B64,DA40,DIAMOND AIRCRAFT INDUSTRIES INC.,DA 40,9ae2eda0b5bf60dcd899941e6b50264283e4457bc1c2453a3192f76c3821b4ca,True,2
95666,114,280926_ML.npy,2026-09-28,2026-09-28 07:17:57.364882,7C7B64,DA40,DIAMOND AIRCRAFT INDUSTRIES INC.,DA 40,d50541182fb668779cc1edd404ee19ea389903e9ac3d1445cb6831e7c56a198c,True,4
95668,116,280926_ML.npy,2026-09-28,2026-09-28 07:18:07.458114,7C7B64,DA40,DIAMOND AIRCRAFT INDUSTRIES INC.,DA 40,78695f08af34408d22d94556ec434bd765dc3280e92e29e779af49d9942debb4,True,3
95679,127,280926_ML.npy,2026-09-28,2026-09-28 07:19:51.795683,7C6693,DA40,DIAMOND AIRCRAFT INDUSTRIES INC.,DA 40,54e8ec31a9ae004cadbeee6a253180f1f757bdde3d9067fae29ec26f732d91ca,True,3
95683,131,280926_ML.npy,2026-09-28,2026-09-28 07:20:08.503851,7C6693,DA40,DIAMOND AIRCRAFT INDUSTRIES INC.,DA 40,7b67d6613581801c858dc38790183fa5e99d7ef3bcb194594e1ed3291770cc36,True,2
95694,142,280926_ML.npy,2026-09-28,2026-09-28 07:20:23.785061,7C6693,DA40,DIAMOND AIRCRAFT INDUSTRIES INC.,DA 40,eb070e328525f44c342661444b757d79f21146663edceccd26f6e56705a4cd53,True,1
95770,218,280926_ML.npy,2026-09-28,2026-09-28 07:30:30.662935,7C41FD,DA40,DIAMOND AIRCRAFT INDUSTRIES INC.,DA 40,d0fa2ba95b2eb2784adcf0f85cd7b9c951d8e79b32eb6d36cc90281aec0d52df,True,5
95783,231,280926_ML.npy,2026-09-28,2026-09-28 07:30:40.716010,7C41FD,DA40,DIAMOND AIRCRAFT INDUSTRIES INC.,DA 40,c6bd3e62a8e51dc57f5d64cba68a128064e7fd97ea016ccd7fe0b0fc51c3c09a,True,3
95790,238,280926_ML.npy,2026-09-28,2026-09-28 07:30:46.359338,7C41FD,DA40,DIAMOND AIRCRAFT INDUSTRIES INC.,DA 40,f6d50fbb038595c4e0761169d48b3f7d1c288dce06e4e01659718c46bebb3eb4,True,1
95802,250,280926_ML.npy,2026-09-28,2026-09-28 07:31:02.308402,7C1697,DA40,DIAMOND AIRCRAFT INDUSTRIES INC.,DA 40,efba4c438c82fe246f6ee8fd90bd8fa7b5944dd346303368f88a728131654e7d,True,4
95803,251,280926_ML.npy,2026-09-28,2026-09-28 07:31:10.446425,7C1697,DA40,DIAMOND AIRCRAFT INDUSTRIES INC.,DA 40,62d2b0113c73a0c463cae92807c67f289518bb639e8fedaca32908eaf2b92bbe,True,3
95821,269,280926_ML.npy,2026-09-28,2026-09-28 07:32:05.845671,7C1697,DA40,DIAMOND AIRCRAFT INDUSTRIES INC.,DA 40,c1e1cd2f851ce8412400857258555c5751f74650d3724d7e6c2ec3a2912d6894,True,2
95832,280,280926_ML.npy,2026-09-28,2026-09-28 07:32:27.406723,7C1697,DA40,DIAMOND AIRCRAFT INDUSTRIES INC.,DA 40,efcb550f96d5cab9310ebac55b533ed14468035f775f56f39660014c2da36ddb,True,2
95857,305,280926_ML.npy,2026-09-28,2026-09-28 07:40:01.943926,7CAE4D,DA40,Unknown,Diamond Star DA40 NG,97aeb3e9201d9a1f0d05065f98349d4cc4bd6aac66adc8753c615239c078cf85,True,2
95870,318,280926_ML.npy,2026-09-28,2026-09-28 07:42:11.951017,7CAE4D,DA40,Unknown,Diamond Star DA40 NG,24e050afbd27a4a4732a400e98a906b40c32c8851ff9bd98307cd12204d89d73,True,5
95882,330,280926_ML.npy,2026-09-28,2026-09-28 07:42:41.289710,7CAE4D,DA40,Unknown,Diamond Star DA40 NG,ab410366a16b1b67b4ecfa0d2e994a28573505c1190371087b7eb6b91f48977a,True,5
95893,341,280926_ML.npy,2026-09-28,2026-09-28 07:55:30.711074,7C4E44,DA40,DIAMOND AIRCRAFT INDUSTRIES INC.,DA 40,9da08e4575e1acdf7421d10622045ad81ffac57cc01d0e4d86df5fe187e63188,True,1
95920,368,280926_ML.npy,2026-09-28,2026-09-28 08:00:31.656923,7C7C41,DA40,DIAMOND AIRCRAFT INDUSTRIES INC.,DA 40,8013e7d3659ba7bb79309cb517d3190a2d1fe50c30d2cb065c10a5fbc368a865,True,1
95929,377,280926_ML.npy,2026-09-28,2026-09-28 08:00:43.661850,7C7C41,DA40,DIAMOND AIRCRAFT INDUSTRIES INC.,DA 40,2c0f216bcc31e790816221c9f3ac057aaa73fe9b8521ea5a60fa7f6af5215b92,True,5
95945,393,280926_ML.npy,2026-09-28,2026-09-28 08:01:01.229094,7C7C41,DA40,DIAMOND AIRCRAFT INDUSTRIES INC.,DA 40,2181ac6141b2ecb087a102e5cb610367277c6de833b712ab0a2a21d070c4f228,True,2
95946,394,280926_ML.npy,2026-09-28,2026-09-28 08:01:01.232612,7C7C41,DA40,DIAMOND AIRCRAFT INDUSTRIES INC.,DA 40,1775100e72271018cee4b15610be336fb986780a7c30b45f951e1e293408ac92,True,3
95965,413,280926_ML.npy,2026-09-28,2026-09-28 08:01:25.189574,7C7C41,DA40,DIAMOND AIRCRAFT INDUSTRIES INC.,DA 40,a5ff206442cdee5ddf3010f90bd4b6fc087d14288188ba42d42ac86979ca791a,True,1
95966,414,280926_ML.npy,2026-09-28,2026-09-28 08:01:25.289684,7C7C41,DA40,DIAMOND AIRCRAFT INDUSTRIES INC.,DA 40,b96a1ad3fe2b4c7646c5b919a81afee9d4946893aa6b341235c5a9a077d20689,True,3
95972,420,280926_ML.npy,2026-09-28,2026-09-28 08:01:30.023890,7C7B5E,DA40,DIAMOND AIRCRAFT INDUSTRIES INC.,DA 40,e25e81f69b8c2b40fe7cf8c9007fd1b6fc3ebc8c665a65573ecc605b152077fa,True,3
95989,437,280926_ML.npy,2026-09-28,2026-09-28 08:01:52.644901,7C7B5E,DA40,DIAMOND AIRCRAFT INDUSTRIES INC.,DA 40,f0cf9667f220c831d5a88a8657a0acb004803ff4b9d21c0d49659557bfd765b6,True,1
96000,448,280926_ML.npy,2026-09-28,2026-09-28 08:06:32.512272,7C2E75,C172,CESSNA AIRCRAFT COMPANY,172N,446aa4975d14901f3aef5b9f954ed8cbba54fbeb55230c959cb8ee9391322d91,True,3
96001,449,280926_ML.npy,2026-09-28,2026-09-28 08:06:38.650569,7C2E75,C172,CESSNA AIRCRAFT COMPANY,172N,0140356d2b839b7a2718f7c50c79eaa25ee594d1cddb76e059d20a303ac5b2b4,True,1
96002,450,280926_ML.npy,2026-09-28,2026-09-28 08:06:46.713219,7C2E75,C172,CESSNA AIRCRAFT COMPANY,172N,1dc8320da59b1674158e116c7e6e99c6d99b7d022ca757ffcbe1da78732db864,True,1
96003,451,280926_ML.npy,2026-09-28,2026-09-28 08:06:48.697535,7C2E75,C172,CESSNA AIRCRAFT COMPANY,172N,4a006c394f9b8206a7fa33c23afc7b4116f768d808b37ffb1e80a8a44e3e205e,True,4
96008,456,280926_ML.npy,2026-09-28,2026-09-28 08:06:51.594891,7C2E75,C172,CESSNA AIRCRAFT COMPANY,172N,400c2d8cc32cf9ce41474a44d27682334c469e09e8f20c2de9f76de242afb992,True,5
96015,463,280926_ML.npy,2026-09-28,2026-09-28 08:07:13.609054,7C2E75,C172,CESSNA AIRCRAFT COMPANY,172N,d254794c38b93418538e04eca236509290bc20d6e6f6da151da8377be0aa38b6,True,3
96018,466,280926_ML.npy,2026-09-28,2026-09-28 08:07:21.622691,7C2E75,C172,CESSNA AIRCRAFT COMPANY,172N,93c460815a8d9d3020c3c27b8d0a01cdf29bc1133edd778750974436ea098916,True,1
96052,500,280926_ML.npy,2026-09-28,2026-09-28 08:28:44.111470,7C0077,DA40,DIAMOND AIRCRAFT INDUSTRIES INC.,DA 40,a37636a5bf184ad02a1ff87305ae0a7e92f40b35091f572913dad574ee9f7bef,True,1
96057,505,280926_ML.npy,2026-09-28,2026-09-28 08:28:52.115299,7C0077,DA40,DIAMOND AIRCRAFT INDUSTRIES INC.,DA 40,8089e62e3c99566f9b5b5fe2b2ac6dc7b54522ba8d4ab881510b958da44b7d47,True,1
96059,507,280926_ML.npy,2026-09-28,2026-09-28 08:28:54.574068,7C0077,DA40,DIAMOND AIRCRAFT INDUSTRIES INC.,DA 40,44815a91434e058734a26789c8b9a74d8fdca2446634e1c9fadc459c3f95fb37,True,5
96061,509,280926_ML.npy,2026-09-28,2026-09-28 08:28:55.139712,7C0077,DA40,DIAMOND AIRCRAFT INDUSTRIES INC.,DA 40,44815a91434e058734a26789c8b9a74d8fdca2446634e1c9fadc459c3f95fb37,True,1
96077,525,280926_ML.npy,2026-09-28,2026-09-28 08:30:43.597101,7C7C3E,DA40,DIAMOND AIRCRAFT INDUSTRIES INC.,DA 40,b3962d908c3d4e29878e7c619a2897dac339c375df4c69240234926984b6e96a,True,1
96096,544,280926_ML.npy,2026-09-28,2026-09-28 08:31:12.966019,7C7C3E,DA40,DIAMOND AIRCRAFT INDUSTRIES INC.,DA 40,05ebf4af2c3678b2409b995b3863b91ca8a15f340423b4a9a750ac7e097d3544,True,1
96104,552,280926_ML.npy,2026-09-28,2026-09-28 08:32:04.645626,7C0077,DA40,DIAMOND AIRCRAFT INDUSTRIES INC.,DA 40,c91befa2798f9fe7b55ac2b11661993535138a39133c57cd9029bf4447f6dd7d,True,3
96106,554,280926_ML.npy,2026-09-28,2026-09-28 08:32:10.195248,7C0077,DA40,DIAMOND AIRCRAFT INDUSTRIES INC.,DA 40,db621578a50bb9b3e00a095f55002e45f955c7ddac23f6117eb41a72b3420a1b,True,2
96121,569,280926_ML.npy,2026-09-28,2026-09-28 08:34:21.057395,7C0077,DA40,DIAMOND AIRCRAFT INDUSTRIES INC.,DA 40,3632290de6b151cef7babb3e6cb1c6674a6415e75e71c3704b63773bbbe5f620,True,3
96128,576,280926_ML.npy,2026-09-28,2026-09-28 08:34:24.598743,7C0077,DA40,DIAMOND AIRCRAFT INDUSTRIES INC.,DA 40,d4788cefb3aa20baa55bd0c6a15821fc345927423bedec293ad44c1fd65db03a,True,1
96151,599,280926_ML.npy,2026-09-28,2026-09-28 08:34:37.577123,7C7C3E,DA40,DIAMOND AIRCRAFT INDUSTRIES INC.,DA 40,48040d95447abb638fa47f2f867e681d637af9db9a64d7b02b44705413e07892,True,2
96157,605,280926_ML.npy,2026-09-28,2026-09-28 08:34:44.610250,7C0077,DA40,DIAMOND AIRCRAFT INDUSTRIES INC.,DA 40,50b0e95eae048431678edbe542268276c109d9f85e19efd06dd36e847097f4b7,True,3
96165,613,280926_ML.npy,2026-09-28,2026-09-28 08:35:44.415879,7C7C3E,DA40,DIAMOND AIRCRAFT INDUSTRIES INC.,DA 40,00a8bef24ca5bd72116a6af4488c07a2eae4373809b2de1eddc736579d1985c6,True,4
96176,624,280926_ML.npy,2026-09-28,2026-09-28 08:36:40.911673,7C7C3E,DA40,DIAMOND AIRCRAFT INDUSTRIES INC.,DA 40,b5818647f253e5b1a2bebd04f5994775de795e34316df5b4a42fd8ed0caf57b3,True,3
96186,634,280926_ML.npy,2026-09-28,2026-09-28 08:36:49.223333,7C7C3E,DA40,DIAMOND AIRCRAFT INDUSTRIES INC.,DA 40,6d1fd606ead15568a3f9d4a7da20ffc4aa20439b24cab8783f8ad9ee7a191e34,True,4
96188,636,280926_ML.npy,2026-09-28,2026-09-28 08:36:51.903654,7C7C3E,DA40,DIAMOND AIRCRAFT INDUSTRIES INC.,DA 40,267df23ef1c528bbea3d0a5de70d23e8712daeea738a9b676bb09934708ac085,True,4
96189,637,280926_ML.npy,2026-09-28,2026-09-28 08:36:52.336323,7C7C3E,DA40,DIAMOND AIRCRAFT INDUSTRIES INC.,DA 40,b5818647f253e5b1a2bebd04f5994775de795e34316df5b4a42fd8ed0caf57b3,True,3
96190,638,280926_ML.npy,2026-09-28,2026-09-28 08:36:54.376258,7C7C3E,DA40,DIAMOND AIRCRAFT INDUSTRIES INC.,DA 40,6d1fd606ead15568a3f9d4a7da20ffc4aa20439b24cab8783f8ad9ee7a191e34,True,2
96196,644,280926_ML.npy,2026-09-28,2026-09-28 08:37:31.624770,7C0077,DA40,DIAMOND AIRCRAFT INDUSTRIES INC.,DA 40,d97140d028ab37a26ecde97d26011eb7d00a9d1610e3196353fc56bdb73d5e6d,True,5
96218,666,280926_ML.npy,2026-09-28,2026-09-28 08:39:38.178818,7C7C3E,DA40,DIAMOND AIRCRAFT INDUSTRIES INC.,DA 40,587b265ad88ddc2583ae888e9699f0f38980d091dcbac57926f34387bfb6d5fd,True,3
96219,667,280926_ML.npy,2026-09-28,2026-09-28 08:39:38.530687,7C0077,DA40,DIAMOND AIRCRAFT INDUSTRIES INC.,DA 40,d97140d028ab37a26ecde97d26011eb7d00a9d1610e3196353fc56bdb73d5e6d,True,3
96243,691,280926_ML.npy,2026-09-28,2026-09-28 08:40:07.198410,7C7C3E,DA40,DIAMOND AIRCRAFT INDUSTRIES INC.,DA 40,48040d95447abb638fa47f2f867e681d637af9db9a64d7b02b44705413e07892,True,5
96244,692,280926_ML.npy,2026-09-28,2026-09-28 08:40:07.512224,7C0077,DA40,DIAMOND AIRCRAFT INDUSTRIES INC.,DA 40,36a939881e35fe4082a5c9dc6dbc3d17d469b70827b4b1a1b952cc57c714a39a,True,2
96246,694,280926_ML.npy,2026-09-28,2026-09-28 08:40:09.078696,7C0077,DA40,DIAMOND AIRCRAFT INDUSTRIES INC.,DA 40,809517c431809763530921bb632c21c32c1b66f842eceba5298beb70dfd6794b,True,4
96249,697,280926_ML.npy,2026-09-28,2026-09-28 08:40:10.016351,7C0077,DA40,DIAMOND AIRCRAFT INDUSTRIES INC.,DA 40,92265a96d0ad6f7673df8acfc235f5639b1b37a23f102e2b2d80a4b1fb973c8c,True,4
96274,722,280926_ML.npy,2026-09-28,2026-09-28 08:41:39.171676,7C7C3E,DA40,DIAMOND AIRCRAFT INDUSTRIES INC.,DA 40,a54f821d6cd3c5006e7b6489bc8f20cc21b1de3284f0c1debd67e728c9b6129b,True,5
96279,727,280926_ML.npy,2026-09-28,2026-09-28 08:41:55.267835,7C7C3E,DA40,DIAMOND AIRCRAFT INDUSTRIES INC.,DA 40,bf2714a7b097d2022dd134e27d28f3f8518aeb58811cd6c92c54fff67f797afe,True,3
96289,737,280926_ML.npy,2026-09-28,2026-09-28 08:42:03.767235,7C7C3E,DA40,DIAMOND AIRCRAFT INDUSTRIES INC.,DA 40,6d1fd606ead15568a3f9d4a7da20ffc4aa20439b24cab8783f8ad9ee7a191e34,True,2
96306,754,280926_ML.npy,2026-09-28,2026-09-28 08:42:31.659439,7C7C3E,DA40,DIAMOND AIRCRAFT INDUSTRIES INC.,DA 40,b5818647f253e5b1a2bebd04f5994775de795e34316df5b4a42fd8ed0caf57b3,True,4
96331,779,280926_ML.npy,2026-09-28,2026-09-28 08:45:53.427649,7C7C3E,DA40,DIAMOND AIRCRAFT INDUSTRIES INC.,DA 40,f524223cc45a8057edbabf0f9e2b1481abce321898c735c728850cc95a786249,True,2
96334,782,280926_ML.npy,2026-09-28,2026-09-28 08:46:03.194240,7C7C3E,DA40,DIAMOND AIRCRAFT INDUSTRIES INC.,DA 40,b5818647f253e5b1a2bebd04f5994775de795e34316df5b4a42fd8ed0caf57b3,True,3
96337,785,280926_ML.npy,2026-09-28,2026-09-28 08:47:27.820658,7C7C3E,DA40,DIAMOND AIRCRAFT INDUSTRIES INC.,DA 40,1aa4f99ed1209d103310d9974c852cd9a076c952cc8a5c3928f197acd494192c,True,5
96359,807,280926_ML.npy,2026-09-28,2026-09-28 08:47:51.441193,7C7C3E,DA40,DIAMOND AIRCRAFT INDUSTRIES INC.,DA 40,b5818647f253e5b1a2bebd04f5994775de795e34316df5b4a42fd8ed0caf57b3,True,3
96368,816,280926_ML.npy,2026-09-28,2026-09-28 08:47:56.109726,7C7C3E,DA40,DIAMOND AIRCRAFT INDUSTRIES INC.,DA 40,470518789c220dc62a55684a140c3302f1be0046b189ee6c88db848ef7a3fe50,True,5
96395,843,280926_ML.npy,2026-09-28,2026-09-28 08:49:38.649260,7C7C3E,DA40,DIAMOND AIRCRAFT INDUSTRIES INC.,DA 40,714686c36fdf09352cb4e754b9b703ea25136dee17f98e5431809b5ff6f0b8f1,True,2
96404,852,280926_ML.npy,2026-09-28,2026-09-28 08:51:38.838812,7C7C3E,DA40,DIAMOND AIRCRAFT INDUSTRIES INC.,DA 40,b5818647f253e5b1a2bebd04f5994775de795e34316df5b4a42fd8ed0caf57b3,True,5
96411,859,280926_ML.npy,2026-09-28,2026-09-28 08:51:49.329695,7C7C3E,DA40,DIAMOND AIRCRAFT INDUSTRIES INC.,DA 40,6d1fd606ead15568a3f9d4a7da20ffc4aa20439b24cab8783f8ad9ee7a191e34,True,3
96412,860,280926_ML.npy,2026-09-28,2026-09-28 08:51:50.101355,7C7C3E,DA40,DIAMOND AIRCRAFT INDUSTRIES INC.,DA 40,b5818647f253e5b1a2bebd04f5994775de795e34316df5b4a42fd8ed0caf57b3,True,2
96427,875,280926_ML.npy,2026-09-28,2026-09-28 08:52:19.613204,7C7C3E,DA40,DIAMOND AIRCRAFT INDUSTRIES INC.,DA 40,3acad75de1f0f782f28c82f5a9be32abbe85197ddc5928d52a04b09e6054a6d1,True,5
96487,935,280926_ML.npy,2026-09-28,2026-09-28 09:23:55.679775,7C7BD9,DA42,DIAMOND AIRCRAFT INDUSTRIES INC.,DA 42,be207c1ca870e9de86eed2cab5c9e42cb1c4194a9bb6812f78c76fa78dbac192,True,1
96490,938,280926_ML.npy,2026-09-28,2026-09-28 09:23:56.772938,7C7BD9,DA42,DIAMOND AIRCRAFT INDUSTRIES INC.,DA 42,bc8f1d62dda9471e6ad7cddad5c5de00c4ee5fe2674c32e97d13f1ede73b1d36,True,3
96491,939,280926_ML.npy,2026-09-28,2026-09-28 09:23:59.389127,7C7BD9,DA42,DIAMOND AIRCRAFT INDUSTRIES INC.,DA 42,405a902b48d199a48c23a5232b0adb41c9952381325f828d0743c6866778e368,True,2
96492,940,280926_ML.npy,2026-09-28,2026-09-28 09:24:03.037733,7C7BD9,DA42,DIAMOND AIRCRAFT INDUSTRIES INC.,DA 42,9a90724b98173c2f933943116d0920c0c46c36a3099bd77340780393dd1fb8dd,True,1
96494,942,280926_ML.npy,2026-09-28,2026-09-28 09:24:03.470480,7C7BD9,DA42,DIAMOND AIRCRAFT INDUSTRIES INC.,DA 42,ed05c86cf59ba621af4418ee7ca9fe020dd19e7c519e6a0ba23a13031f916d4f,True,4
96501,949,280926_ML.npy,2026-09-28,2026-09-28 09:24:15.013951,7C7BD9,DA42,DIAMOND AIRCRAFT INDUSTRIES INC.,DA 42,1f2a72a89841cb8e1d97918933e4a70164872ccd730dd28f54cf21e4177e94ab,True,1
96502,950,280926_ML.npy,2026-09-28,2026-09-28 09:24:15.023008,7C7BD9,DA42,DIAMOND AIRCRAFT INDUSTRIES INC.,DA 42,f32e0820b0feb8ec03194067e2bee186007f921134957d2eec47d040ed95dd68,True,1
96503,951,280926_ML.npy,2026-09-28,2026-09-28 09:24:57.059578,7C7BD9,DA42,DIAMOND AIRCRAFT INDUSTRIES INC.,DA 42,2483b795fba06b9fbc16b7590be98ae43ef364e03d6e9af3c355aba460fb9e8e,True,2
96504,952,280926_ML.npy,2026-09-28,2026-09-28 09:25:00.453639,7C7BD9,DA42,DIAMOND AIRCRAFT INDUSTRIES INC.,DA 42,00cac4fc2e079f7a5fed735646dda99d125ea5db9574d42b49b8daaeed87a051,True,2
96505,953,280926_ML.npy,2026-09-28,2026-09-28 09:25:02.859655,7C7BD9,DA42,DIAMOND AIRCRAFT INDUSTRIES INC.,DA 42,ddda8014965d06b5f7f73e648ce2956942ce0d16db3012ab7ce000befb183f2f,True,5
96506,954,280926_ML.npy,2026-09-28,2026-09-28 09:25:02.865294,7C7BD9,DA42,DIAMOND AIRCRAFT INDUSTRIES INC.,DA 42,9fe408f0b6c4ac755783cca663948ef1a717affbe64ee122b69e850b8bff5c9c,True,2
96509,957,280926_ML.npy,2026-09-28,2026-09-28 09:25:10.261204,7C7BD9,DA42,DIAMOND AIRCRAFT INDUSTRIES INC.,DA 42,ed05c86cf59ba621af4418ee7ca9fe020dd19e7c519e6a0ba23a13031f916d4f,True,5
96512,960,280926_ML.npy,2026-09-28,2026-09-28 09:25:13.218506,7C7BD9,DA42,DIAMOND AIRCRAFT INDUSTRIES INC.,DA 42,72b9583ac1c4de04358fdcb69f5c210ae8ef3a245a49e38e5e6d61e0283afee9,True,4
96513,961,280926_ML.npy,2026-09-28,2026-09-28 09:25:13.772394,7C7BD9,DA42,DIAMOND AIRCRAFT INDUSTRIES INC.,DA 42,b5fe6e24deff223432ef522bb7f51ca6a8b2bd06ffc5101d0c164c6380b54393,True,2
96514,962,280926_ML.npy,2026-09-28,2026-09-28 09:25:13.776975,7C7BD9,DA42,DIAMOND AIRCRAFT INDUSTRIES INC.,DA 42,46b8e27f63a7f382f272713198307e3dbe952c1dbf77f124ed65a475cb2afdff,True,5
96517,965,280926_ML.npy,2026-09-28,2026-09-28 09:25:15.455900,7C7BD9,DA42,DIAMOND AIRCRAFT INDUSTRIES INC.,DA 42,abd6ae584451d231bdf11071d522a7833fb272580ab05ac16ebfde0a3f85e01f,True,5
96519,967,280926_ML.npy,2026-09-28,2026-09-28 09:25:18.685996,7C7BD9,DA42,DIAMOND AIRCRAFT INDUSTRIES INC.,DA 42,405a902b48d199a48c23a5232b0adb41c9952381325f828d0743c6866778e368,True,1
96521,969,280926_ML.npy,2026-09-28,2026-09-28 09:25:21.173102,7C7BD9,DA42,DIAMOND AIRCRAFT INDUSTRIES INC.,DA 42,7b84d484ead8e80023e07a1b9a0f5ae769d99dc84a975009861b50b7c7eef6e6,True,3
96522,970,280926_ML.npy,2026-09-28,2026-09-28 09:25:21.177952,7C7BD9,DA42,DIAMOND AIRCRAFT INDUSTRIES INC.,DA 42,e74f3554d7d5e2d3cf68255e903a81e5e25c50f13f6d72f5f67b0f8b014916fd,True,4
96523,971,280926_ML.npy,2026-09-28,2026-09-28 09:25:22.763369,7C7BD9,DA42,DIAMOND AIRCRAFT INDUSTRIES INC.,DA 42,ed05c86cf59ba621af4418ee7ca9fe020dd19e7c519e6a0ba23a13031f916d4f,True,5
96525,973,280926_ML.npy,2026-09-28,2026-09-28 09:25:27.874607,7C7BD9,DA42,DIAMOND AIRCRAFT INDUSTRIES INC.,DA 42,11b6d712eeb9f7374b5ec60b32bd009e7957dd75535e4d4a353dcc8b34cf2287,True,2
96527,975,280926_ML.npy,2026-09-28,2026-09-28 09:25:28.466171,7C7BD9,DA42,DIAMOND AIRCRAFT INDUSTRIES INC.,DA 42,680b53b46eafb3fd15df69acd80c803d66d3eed69147da493f1833bd5fbcde64,True,4
96534,982,280926_ML.npy,2026-09-28,2026-09-28 09:25:41.107941,7C7BD9,DA42,DIAMOND AIRCRAFT INDUSTRIES INC.,DA 42,03a5c5d137aa2d95324340c8af788cc29c2a310f2eea40a8fa1f3af8c7e04cf5,True,4
96536,984,280926_ML.npy,2026-09-28,2026-09-28 09:25:46.251104,7C7BD9,DA42,DIAMOND AIRCRAFT INDUSTRIES INC.,DA 42,ea07ef85edbd7a0e436d13ac160f84a839af115b8ab4163fb8b48a918c011618,True,5
96537,985,280926_ML.npy,2026-09-28,2026-09-28 09:25:47.977983,7C7BD9,DA42,DIAMOND AIRCRAFT INDUSTRIES INC.,DA 42,ed05c86cf59ba621af4418ee7ca9fe020dd19e7c519e6a0ba23a13031f916d4f,True,5
96538,986,280926_ML.npy,2026-09-28,2026-09-28 09:25:48.181123,7C7BD9,DA42,DIAMOND AIRCRAFT INDUSTRIES INC.,DA 42,4b1ccc599b2034dbe2653c17701fef9d42c697e8f320bfc7cc5eb05928b2cc9f,True,3
96539,987,280926_ML.npy,2026-09-28,2026-09-28 09:25:48.186608,7C7BD9,DA42,DIAMOND AIRCRAFT INDUSTRIES INC.,DA 42,4d010354b84be8db4fc9feb407b3d9e75fb2e4cfd113a8149b237437f5919e78,True,2
96543,991,280926_ML.npy,2026-09-28,2026-09-28 09:25:51.122701,7C7BD9,DA42,DIAMOND AIRCRAFT INDUSTRIES INC.,DA 42,09ac9d054a29299106dbe7d3b29b110875ae96f8220ac4b53cfaf35d30e241b6,True,3
96544,992,280926_ML.npy,2026-09-28,2026-09-28 09:25:52.201057,7C7BD9,DA42,DIAMOND AIRCRAFT INDUSTRIES INC.,DA 42,200e8c88bf1c1b912a5d3dc253bc16a360f4574159b0144c7bc3594cfd560ae6,True,2
96545,993,280926_ML.npy,2026-09-28,2026-09-28 09:25:52.207263,7C7BD9,DA42,DIAMOND AIRCRAFT INDUSTRIES INC.,DA 42,8d8d9225cea4ed69ae3f8a58a16b31c1571e9ec6f99c8993f9f7856aa1f41f04,True,2
96546,994,280926_ML.npy,2026-09-28,2026-09-28 09:25:52.759740,7C7BD9,DA42,DIAMOND AIRCRAFT INDUSTRIES INC.,DA 42,d73ac54024c4269b4aedda7d0435955eea1c3d0ef34c1b7e6a075c399817df51,True,1
96549,997,280926_ML.npy,2026-09-28,2026-09-28 09:25:53.616061,7C7BD9,DA42,DIAMOND AIRCRAFT INDUSTRIES INC.,DA 42,2ab7960f7e4ec32751ea27d4ce99dee98f5b08d0cf92c8c33ad879f04a8efc92,True,5
96551,999,280926_ML.npy,2026-09-28,2026-09-28 09:25:57.921897,7C7BD9,DA42,DIAMOND AIRCRAFT INDUSTRIES INC.,DA 42,2a09cb51d90ad5d32cff881992dbea5e54adac5a54b6ecc03fd628b899f3b283,True,2
96552,1000,280926_ML.npy,2026-09-28,2026-09-28 09:25:58.033977,7C7BD9,DA42,DIAMOND AIRCRAFT INDUSTRIES INC.,DA 42,ed05c86cf59ba621af4418ee7ca9fe020dd19e7c519e6a0ba23a13031f916d4f,True,2
96553,1001,280926_ML.npy,2026-09-28,2026-09-28 09:25:58.259371,7C7BD9,DA42,DIAMOND AIRCRAFT INDUSTRIES INC.,DA 42,72b9583ac1c4de04358fdcb69f5c210ae8ef3a245a49e38e5e6d61e0283afee9,True,5
96554,1002,280926_ML.npy,2026-09-28,2026-09-28 09:26:00.533891,7C7BD9,DA42,DIAMOND AIRCRAFT INDUSTRIES INC.,DA 42,82d78852b9ce33db3131f7e43914d3625695b5d7867d92db8df9f574f6566c29,True,2
96555,1003,280926_ML.npy,2026-09-28,2026-09-28 09:26:00.544562,7C7BD9,DA42,DIAMOND AIRCRAFT INDUSTRIES INC.,DA 42,8a3057b3e479cd808aa9e2c3d390296da83641dc46fb7a6e840f18c0d9154cb8,True,5
96557,1005,280926_ML.npy,2026-09-28,2026-09-28 09:26:04.924655,7C7BD9,DA42,DIAMOND AIRCRAFT INDUSTRIES INC.,DA 42,43d48119b98ee767200cbee237f2897aa01bab94414e4a97bcbb8ec38401210e,True,3
96558,1006,280926_ML.npy,2026-09-28,2026-09-28 09:26:05.730162,7C7BD9,DA42,DIAMOND AIRCRAFT INDUSTRIES INC.,DA 42,72b9583ac1c4de04358fdcb69f5c210ae8ef3a245a49e38e5e6d61e0283afee9,True,3
96561,1009,280926_ML.npy,2026-09-28,2026-09-28 09:26:08.219261,7C7BD9,DA42,DIAMOND AIRCRAFT INDUSTRIES INC.,DA 42,72b9583ac1c4de04358fdcb69f5c210ae8ef3a245a49e38e5e6d61e0283afee9,True,5
96567,1015,280926_ML.npy,2026-09-28,2026-09-28 09:26:14.659046,7C7BD9,DA42,DIAMOND AIRCRAFT INDUSTRIES INC.,DA 42,0c1e2ebde25080e7a6b1a3d38138412eb9032f8c14c756d753b644a37fc1a020,True,1
96568,1016,280926_ML.npy,2026-09-28,2026-09-28 09:26:17.961292,7C7BD9,DA42,DIAMOND AIRCRAFT INDUSTRIES INC.,DA 42,ed05c86cf59ba621af4418ee7ca9fe020dd19e7c519e6a0ba23a13031f916d4f,True,4
96569,1017,280926_ML.npy,2026-09-28,2026-09-28 09:26:20.409185,7C7BD9,DA42,DIAMOND AIRCRAFT INDUSTRIES INC.,DA 42,ed05c86cf59ba621af4418ee7ca9fe020dd19e7c519e6a0ba23a13031f916d4f,True,4
96570,1018,280926_ML.npy,2026-09-28,2026-09-28 09:26:30.850361,7C7BD9,DA42,DIAMOND AIRCRAFT INDUSTRIES INC.,DA 42,31ab1fa407ee25f6768e0ba0ceb3981e23f8e8d520690533862df6983ba8e15d,True,4
96571,1019,280926_ML.npy,2026-09-28,2026-09-28 09:26:32.169067,7C7BD9,DA42,DIAMOND AIRCRAFT INDUSTRIES INC.,DA 42,72b9583ac1c4de04358fdcb69f5c210ae8ef3a245a49e38e5e6d61e0283afee9,True,2
96572,1020,280926_ML.npy,2026-09-28,2026-09-28 09:26:33.277304,7C7BD9,DA42,DIAMOND AIRCRAFT INDUSTRIES INC.,DA 42,99a2479a183331b5aa4f1ec99eddf007ba1021da40b757f46fbab28608792571,True,1
96573,1021,280926_ML.npy,2026-09-28,2026-09-28 09:26:33.281747,7C7BD9,DA42,DIAMOND AIRCRAFT INDUSTRIES INC.,DA 42,f8ef7046c870aa8e998c3eaea130f3a7d3a36b90f79a555941e28d25db41cc8c,True,1
96574,1022,280926_ML.npy,2026-09-28,2026-09-28 09:26:43.040265,7C7BD9,DA42,DIAMOND AIRCRAFT INDUSTRIES INC.,DA 42,4162dd11dc1cf9212471442101c9114fa4ca75c6b9b2bf690d6a9f74cf2925f3,True,2
96581,1029,280926_ML.npy,2026-09-28,2026-09-28 09:28:13.273545,7C7BD9,DA42,DIAMOND AIRCRAFT INDUSTRIES INC.,DA 42,72b9583ac1c4de04358fdcb69f5c210ae8ef3a245a49e38e5e6d61e0283afee9,True,5
96582,1030,280926_ML.npy,2026-09-28,2026-09-28 09:28:14.001913,7C7BD9,DA42,DIAMOND AIRCRAFT INDUSTRIES INC.,DA 42,93962871962cbff092b4720ce56c38bf69cd66c14ea0206db23d4ac96f125f90,True,1
96658,1106,280926_ML.npy,2026-09-28,2026-09-28 09:43:19.883889,7C0D65,DA42,DIAMOND AIRCRAFT INDUSTRIES INC.,DA 42,cc44da8b455ed0dc8225faa1d37c96b9bbfd7be9ba10ecd321abdb5fabe027a9,True,5
96659,1107,280926_ML.npy,2026-09-28,2026-09-28 09:43:20.478494,7C0D65,DA42,DIAMOND AIRCRAFT INDUSTRIES INC.,DA 42,a62e3bfd13d4499a1d8a27ab047729f8b2996327af6adddd00b0aa762f4da679,True,3
96664,1112,280926_ML.npy,2026-09-28,2026-09-28 09:43:26.137667,7C0D65,DA42,DIAMOND AIRCRAFT INDUSTRIES INC.,DA 42,04b686c1dec303818333a823dea86669591a2b34efd8efd724eb57585ffe13ec,True,2
96665,1113,280926_ML.npy,2026-09-28,2026-09-28 09:43:27.016165,7C0D65,DA42,DIAMOND AIRCRAFT INDUSTRIES INC.,DA 42,88a14669c6caf1c9bd90946e3192c5745b659cb22a228152b496278bbc33a1d1,True,2
96667,1115,280926_ML.npy,2026-09-28,2026-09-28 09:43:27.320906,7C0D65,DA42,DIAMOND AIRCRAFT INDUSTRIES INC.,DA 42,b72a2c3f71049a63cc1581ae5f1a49f819bd7b8f3351f28808ec44c114e71ced,True,2
96668,1116,280926_ML.npy,2026-09-28,2026-09-28 09:43:27.605060,7C0D65,DA42,DIAMOND AIRCRAFT INDUSTRIES INC.,DA 42,9b8da89975087006e2c6e32670d3263d95bc0eb023cef8db2d795469ac8bd3c6,True,5
96671,1119,280926_ML.npy,2026-09-28,2026-09-28 09:43:28.672127,7C0D65,DA42,DIAMOND AIRCRAFT INDUSTRIES INC.,DA 42,be4c3bb1a69eafb9be8c1379023ace625b49e85e475ca50ce9b390d30af4a4c1,True,3
96672,1120,280926_ML.npy,2026-09-28,2026-09-28 09:43:28.676849,7C0D65,DA42,DIAMOND AIRCRAFT INDUSTRIES INC.,DA 42,56c8ad4a8811b8a73bf042edb84eb6bca102c734d4decabc4526c68523cfc3c9,True,3
96673,1121,280926_ML.npy,2026-09-28,2026-09-28 09:43:30.410703,7C0D65,DA42,DIAMOND AIRCRAFT INDUSTRIES INC.,DA 42,6cbe5135f36b61942b47fcd55f0049194b966df7560f6a396fa7eeaa8b6ab050,True,2
96676,1124,280926_ML.npy,2026-09-28,2026-09-28 09:43:40.747299,7C0D65,DA42,DIAMOND AIRCRAFT INDUSTRIES INC.,DA 42,88a14669c6caf1c9bd90946e3192c5745b659cb22a228152b496278bbc33a1d1,True,1
96677,1125,280926_ML.npy,2026-09-28,2026-09-28 09:43:42.930494,7C0D65,DA42,DIAMOND AIRCRAFT INDUSTRIES INC.,DA 42,614ec4eb5a8f78f035f0a5e4d5bc1f3a4b1f594e8a2239311fbd8edd4e394398,True,2
96678,1126,280926_ML.npy,2026-09-28,2026-09-28 09:43:42.938560,7C0D65,DA42,DIAMOND AIRCRAFT INDUSTRIES INC.,DA 42,a956e5521e2ef1d99ddee67679e28fc822fdb298877580cfc0500517c798b222,True,3
96681,1129,280926_ML.npy,2026-09-28,2026-09-28 09:43:49.019905,7C0D65,DA42,DIAMOND AIRCRAFT INDUSTRIES INC.,DA 42,9d867cba06f8399b015cbd9482021017901d3a4b6898d5d58201f61b33e6d724,True,5
96684,1132,280926_ML.npy,2026-09-28,2026-09-28 09:43:52.896805,7C0D65,DA42,DIAMOND AIRCRAFT INDUSTRIES INC.,DA 42,6cbe5135f36b61942b47fcd55f0049194b966df7560f6a396fa7eeaa8b6ab050,True,1
96685,1133,280926_ML.npy,2026-09-28,2026-09-28 09:43:53.273036,7C0D65,DA42,DIAMOND AIRCRAFT INDUSTRIES INC.,DA 42,88a14669c6caf1c9bd90946e3192c5745b659cb22a228152b496278bbc33a1d1,True,5
96686,1134,280926_ML.npy,2026-09-28,2026-09-28 09:43:53.700140,7C0D65,DA42,DIAMOND AIRCRAFT INDUSTRIES INC.,DA 42,566ea88fdb4e8319032e24f682db64ba817c1729be2204d54c6f97c2a69d4767,True,4
96687,1135,280926_ML.npy,2026-09-28,2026-09-28 09:43:53.704371,7C0D65,DA42,DIAMOND AIRCRAFT INDUSTRIES INC.,DA 42,afbed0442d51b8ef67d7a8494d4be3af9479b05dab0757b1a0867a36c8392216,True,2
96688,1136,280926_ML.npy,2026-09-28,2026-09-28 09:43:54.118798,7C0D65,DA42,DIAMOND AIRCRAFT INDUSTRIES INC.,DA 42,02298e852bd1d04f0418545c67a897fb75b6cba4879fad63ea478b9a900b4891,True,5
96689,1137,280926_ML.npy,2026-09-28,2026-09-28 09:43:54.124818,7C0D65,DA42,DIAMOND AIRCRAFT INDUSTRIES INC.,DA 42,d0d86b4f3c48840f064a7c6c6021b1ee3c2bac09d7be4721c0a1674f7c6194dd,True,4
96690,1138,280926_ML.npy,2026-09-28,2026-09-28 09:43:54.530087,7C0D65,DA42,DIAMOND AIRCRAFT INDUSTRIES INC.,DA 42,88a14669c6caf1c9bd90946e3192c5745b659cb22a228152b496278bbc33a1d1,True,2
96691,1139,280926_ML.npy,2026-09-28,2026-09-28 09:43:58.318941,7C0D65,DA42,DIAMOND AIRCRAFT INDUSTRIES INC.,DA 42,016e6094606c557e2216e0bdee55cac5b96e608b6c53e6c3d3f27bcb1f84f0bf,True,3
96692,1140,280926_ML.npy,2026-09-28,2026-09-28 09:43:58.322583,7C0D65,DA42,DIAMOND AIRCRAFT INDUSTRIES INC.,DA 42,6d5a6113c5d579e110f46d671b3ae5cb59ed9321083bc97dda992c35c676dfd2,True,2
96693,1141,280926_ML.npy,2026-09-28,2026-09-28 09:44:02.121447,7C0D65,DA42,DIAMOND AIRCRAFT INDUSTRIES INC.,DA 42,88a14669c6caf1c9bd90946e3192c5745b659cb22a228152b496278bbc33a1d1,True,1
96697,1145,280926_ML.npy,2026-09-28,2026-09-28 09:44:07.176759,7C0D65,DA42,DIAMOND AIRCRAFT INDUSTRIES INC.,DA 42,88a14669c6caf1c9bd90946e3192c5745b659cb22a228152b496278bbc33a1d1,True,2
96703,1151,280926_ML.npy,2026-09-28,2026-09-28 09:44:42.242369,7C0D65,DA42,DIAMOND AIRCRAFT INDUSTRIES INC.,DA 42,5fa2b9110c44f22dc47611b429d7038940d1f28e4ffedd42521092beab4e48ee,True,3
96705,1153,280926_ML.npy,2026-09-28,2026-09-28 09:44:52.126408,7C0D65,DA42,DIAMOND AIRCRAFT INDUSTRIES INC.,DA 42,bab9adb9571fc02c7606e30894973a44ff291ecf5b13abdb509e99b35badee2e,True,3
96706,1154,280926_ML.npy,2026-09-28,2026-09-28 09:45:04.630886,7C0D65,DA42,DIAMOND AIRCRAFT INDUSTRIES INC.,DA 42,88a14669c6caf1c9bd90946e3192c5745b659cb22a228152b496278bbc33a1d1,True,1
96707,1155,280926_ML.npy,2026-09-28,2026-09-28 09:45:07.645659,7C0D65,DA42,DIAMOND AIRCRAFT INDUSTRIES INC.,DA 42,b72a2c3f71049a63cc1581ae5f1a49f819bd7b8f3351f28808ec44c114e71ced,True,5
96708,1156,280926_ML.npy,2026-09-28,2026-09-28 09:45:13.474624,7C0D65,DA42,DIAMOND AIRCRAFT INDUSTRIES INC.,DA 42,e5d8be92e005ecd0fd84219c4b8de72dbef15053070c3d63c8de86c49f7292cf,True,4
96711,1159,280926_ML.npy,2026-09-28,2026-09-28 09:45:19.191866,7C0D65,DA42,DIAMOND AIRCRAFT INDUSTRIES INC.,DA 42,29de97890b10ee18fdb29da72ab39611edf690916362633e413ddec3d03f0029,True,3
96713,1161,280926_ML.npy,2026-09-28,2026-09-28 09:45:22.885594,7C0D65,DA42,DIAMOND AIRCRAFT INDUSTRIES INC.,DA 42,d0c166a1252923d0281bb1af6232de28a503050abb1f0250ad8744c0f231550e,True,1
96715,1163,280926_ML.npy,2026-09-28,2026-09-28 09:45:24.312934,7C0D65,DA42,DIAMOND AIRCRAFT INDUSTRIES INC.,DA 42,da8395feecb5d9bdc1cf9af892b1f502a9f39296bb72228badd53707c1ade738,True,1
96718,1166,280926_ML.npy,2026-09-28,2026-09-28 09:45:27.821422,7C0D65,DA42,DIAMOND AIRCRAFT INDUSTRIES INC.,DA 42,e14fa0b518f6d194d60f5c5044e79e629f865dec9bd4eca9044daec3b569d2ee,True,1
96722,1170,280926_ML.npy,2026-09-28,2026-09-28 09:45:34.383856,7C0D65,DA42,DIAMOND AIRCRAFT INDUSTRIES INC.,DA 42,69cbb25fd1c9f562ee7309726e5b6c3bfa423028195b890c0714e3d89963e667,True,5
96724,1172,280926_ML.npy,2026-09-28,2026-09-28 09:45:35.809176,7C0D65,DA42,DIAMOND AIRCRAFT INDUSTRIES INC.,DA 42,04b686c1dec303818333a823dea86669591a2b34efd8efd724eb57585ffe13ec,True,5
96726,1174,280926_ML.npy,2026-09-28,2026-09-28 09:45:39.113183,7C0D65,DA42,DIAMOND AIRCRAFT INDUSTRIES INC.,DA 42,c04313f17eef36e94aaeef14b4cddf56855fbe873054b391f8df9a627f4fadb6,True,1
96729,1177,280926_ML.npy,2026-09-28,2026-09-28 09:45:44.821902,7C0D65,DA42,DIAMOND AIRCRAFT INDUSTRIES INC.,DA 42,6cbe5135f36b61942b47fcd55f0049194b966df7560f6a396fa7eeaa8b6ab050,True,2
96733,1181,280926_ML.npy,2026-09-28,2026-09-28 09:45:49.968211,7C0D65,DA42,DIAMOND AIRCRAFT INDUSTRIES INC.,DA 42,6cbe5135f36b61942b47fcd55f0049194b966df7560f6a396fa7eeaa8b6ab050,True,2
96735,1183,280926_ML.npy,2026-09-28,2026-09-28 09:45:50.821207,7C0D65,DA42,DIAMOND AIRCRAFT INDUSTRIES INC.,DA 42,2817e1da7117e692c4b4930f8b90eeb0475a7f5727065a57b8abbb16c9bb601d,True,2
96736,1184,280926_ML.npy,2026-09-28,2026-09-28 09:45:50.832405,7C0D65,DA42,DIAMOND AIRCRAFT INDUSTRIES INC.,DA 42,7b201ae91d13eb66ba8a4301ef3d7cdf967707d241b0c1808adb2880f9c580fb,True,2
96738,1186,280926_ML.npy,2026-09-28,2026-09-28 09:45:53.306266,7C0D65,DA42,DIAMOND AIRCRAFT INDUSTRIES INC.,DA 42,19aab66fb0aa32c0b1f8c11c6aecff1f5e8f1c735922c3e5aa0deba7589241ab,True,4
96743,1191,280926_ML.npy,2026-09-28,2026-09-28 09:46:05.757161,7C0D65,DA42,DIAMOND AIRCRAFT INDUSTRIES INC.,DA 42,04b686c1dec303818333a823dea86669591a2b34efd8efd724eb57585ffe13ec,True,5
96745,1193,280926_ML.npy,2026-09-28,2026-09-28 09:46:10.015706,7C0D65,DA42,DIAMOND AIRCRAFT INDUSTRIES INC.,DA 42,4eff52b29ec13689e3d4bf9611fd9474a7e222cfc341b0c382a1661fc7fe5217,True,5
96746,1194,280926_ML.npy,2026-09-28,2026-09-28 09:46:11.722198,7C0D65,DA42,DIAMOND AIRCRAFT INDUSTRIES INC.,DA 42,b72a2c3f71049a63cc1581ae5f1a49f819bd7b8f3351f28808ec44c114e71ced,True,5
96749,1197,280926_ML.npy,2026-09-28,2026-09-28 09:46:16.891263,7C0D65,DA42,DIAMOND AIRCRAFT INDUSTRIES INC.,DA 42,8d5c7954effd3acedc2730a92eec11d6d9834f3367c254d501a26a19efe9b992,True,3
96753,1201,280926_ML.npy,2026-09-28,2026-09-28 09:46:32.988950,7C0D65,DA42,DIAMOND AIRCRAFT INDUSTRIES INC.,DA 42,999799c1fc669a85474be53586403759ec8e6e5deceb7cd2a8d71b67abb29103,True,5
96754,1202,280926_ML.npy,2026-09-28,2026-09-28 09:46:33.484524,7C0D65,DA42,DIAMOND AIRCRAFT INDUSTRIES INC.,DA 42,9d2da03d13ae4ac32924b88ab10ccdf1eda2f786e0f19623a4891ce90700d4f7,True,2
96756,1204,280926_ML.npy,2026-09-28,2026-09-28 09:46:36.095320,7C0D65,DA42,DIAMOND AIRCRAFT INDUSTRIES INC.,DA 42,7b201ae91d13eb66ba8a4301ef3d7cdf967707d241b0c1808adb2880f9c580fb,True,2
96757,1205,280926_ML.npy,2026-09-28,2026-09-28 09:46:39.030704,7C0D65,DA42,DIAMOND AIRCRAFT INDUSTRIES INC.,DA 42,975c2b69c5c3428b1fdadad26e2c297193f94088b3268c67211eb6bd0f4950fa,True,1
96758,1206,280926_ML.npy,2026-09-28,2026-09-28 09:46:47.355986,7C0D65,DA42,DIAMOND AIRCRAFT INDUSTRIES INC.,DA 42,6cbe5135f36b61942b47fcd55f0049194b966df7560f6a396fa7eeaa8b6ab050,True,2
96763,1211,280926_ML.npy,2026-09-28,2026-09-28 09:46:51.085077,7C0D65,DA42,DIAMOND AIRCRAFT INDUSTRIES INC.,DA 42,04b686c1dec303818333a823dea86669591a2b34efd8efd724eb57585ffe13ec,True,3
96764,1212,280926_ML.npy,2026-09-28,2026-09-28 09:46:51.473118,7C0D65,DA42,DIAMOND AIRCRAFT INDUSTRIES INC.,DA 42,492a7e8468fb2b7cac195acd5043e96ffcc906e621e1aab720eea031d5af5899,True,1
96766,1214,280926_ML.npy,2026-09-28,2026-09-28 09:46:52.507816,7C0D65,DA42,DIAMOND AIRCRAFT INDUSTRIES INC.,DA 42,2d22c7e20799a45deefdf39d3a4ebf25f24455de4cd7fe93f65d3da6490328d0,True,5
96767,1215,280926_ML.npy,2026-09-28,2026-09-28 09:46:52.513565,7C0D65,DA42,DIAMOND AIRCRAFT INDUSTRIES INC.,DA 42,e26aafa4a105bbb17ac0fd45e7c91dfe83185d3076bec5a34bfeb8312535d052,True,4
96768,1216,280926_ML.npy,2026-09-28,2026-09-28 09:46:52.965732,7C0D65,DA42,DIAMOND AIRCRAFT INDUSTRIES INC.,DA 42,61672ef70560cab0318f31708bbbe7f691b01ff93ded84d9f08244fe681f1ace,True,3
96769,1217,280926_ML.npy,2026-09-28,2026-09-28 09:46:52.968835,7C0D65,DA42,DIAMOND AIRCRAFT INDUSTRIES INC.,DA 42,60a94787a2dd612f4ba2670ab892c258bbd6d9fc0b560b823b983b1352b76dd7,True,5
96770,1218,280926_ML.npy,2026-09-28,2026-09-28 09:46:55.017057,7C0D65,DA42,DIAMOND AIRCRAFT INDUSTRIES INC.,DA 42,ac033a420b4a2628828bde14884425fbdd3c5e740284ed838acab1d1b59fca3c,True,3
96771,1219,280926_ML.npy,2026-09-28,2026-09-28 09:46:55.022100,7C0D65,DA42,DIAMOND AIRCRAFT INDUSTRIES INC.,DA 42,ac8e09760a60952cacbaf3eb8550b892ddf5af500a28c6096180b39749068d2e,True,2
96776,1224,280926_ML.npy,2026-09-28,2026-09-28 09:47:00.085438,7C0D65,DA42,DIAMOND AIRCRAFT INDUSTRIES INC.,DA 42,90df91c98e51e403f80f1ac838ac0a706c5da3b237cf46c559b9cd00891db22f,True,3
96777,1225,280926_ML.npy,2026-09-28,2026-09-28 09:47:00.091353,7C0D65,DA42,DIAMOND AIRCRAFT INDUSTRIES INC.,DA 42,58f79ad2965a36eb842c655f6243a9cb6ef773acbdc808f3917789b19a65f1c5,True,2
96778,1226,280926_ML.npy,2026-09-28,2026-09-28 09:47:00.605669,7C0D65,DA42,DIAMOND AIRCRAFT INDUSTRIES INC.,DA 42,ec780374e2f5071fc3ca3b39b4ff9f5436880e4de1472e2eb77c037c2562e7bd,True,2
96781,1229,280926_ML.npy,2026-09-28,2026-09-28 09:47:02.521708,7C0D65,DA42,DIAMOND AIRCRAFT INDUSTRIES INC.,DA 42,0a733ed73241026b2996db2dae624716ce6100895167d8e7b72a374988ef47a6,True,4
96782,1230,280926_ML.npy,2026-09-28,2026-09-28 09:47:02.527901,7C0D65,DA42,DIAMOND AIRCRAFT INDUSTRIES INC.,DA 42,ccd9efbfa5a2f4b785c8eb563eb7da641665f7a9f7ac2d3c70cc18dcf9252718,True,3
96785,1233,280926_ML.npy,2026-09-28,2026-09-28 09:47:22.840684,7C0D65,DA42,DIAMOND AIRCRAFT INDUSTRIES INC.,DA 42,a6f9a0550c01e8f0b51675d4239c699ed55fdef67f859f9add1567a67570d677,True,2
96786,1234,280926_ML.npy,2026-09-28,2026-09-28 09:47:25.581657,7C0D65,DA42,DIAMOND AIRCRAFT INDUSTRIES INC.,DA 42,a6c0f94daaf6da6b297d99369059cc0c4e3fe175b3c9dd34c8a65c7f8ea198bc,True,5
96787,1235,280926_ML.npy,2026-09-28,2026-09-28 09:47:25.585212,7C0D65,DA42,DIAMOND AIRCRAFT INDUSTRIES INC.,DA 42,3cd2bf9662ef845b39cb4df73a557af3b10b97b07f60408d32512e958f974f03,True,4
96788,1236,280926_ML.npy,2026-09-28,2026-09-28 09:47:26.245104,7C0D65,DA42,DIAMOND AIRCRAFT INDUSTRIES INC.,DA 42,b72a2c3f71049a63cc1581ae5f1a49f819bd7b8f3351f28808ec44c114e71ced,True,2
96789,1237,280926_ML.npy,2026-09-28,2026-09-28 09:47:26.661111,7C0D65,DA42,DIAMOND AIRCRAFT INDUSTRIES INC.,DA 42,1b044810222611cd0bc5f853eba1279f7055fa264d812b2d3d4e1cb17e32c0b8,True,3
96790,1238,280926_ML.npy,2026-09-28,2026-09-28 09:47:30.228713,7C0D65,DA42,DIAMOND AIRCRAFT INDUSTRIES INC.,DA 42,e582d2567a0f5055200e2056527f78a54a5c3ad16537c2a64f9f0f814dab89ab,True,5
96793,1241,280926_ML.npy,2026-09-28,2026-09-28 10:50:18.891014,7C7BD9,DA42,DIAMOND AIRCRAFT INDUSTRIES INC.,DA 42,8e316f5da8e6d48351067fadfc9f165118e49e1ee7f85dc90dcf5253f7fed50a,True,1
96794,1242,280926_ML.npy,2026-09-28,2026-09-28 10:50:20.349945,7C7BD9,DA42,DIAMOND AIRCRAFT INDUSTRIES INC.,DA 42,6f8742198f2ad211af561e9908536f57b3beb14b619d7361e2f75f7fae6b2b9d,True,2
96796,1244,280926_ML.npy,2026-09-28,2026-09-28 10:50:44.846784,7C7BD9,DA42,DIAMOND AIRCRAFT INDUSTRIES INC.,DA 42,d739ebfa347e685e88b650aae060d8a6d684ddee656db2078da27e540446b841,True,3
96797,1245,280926_ML.npy,2026-09-28,2026-09-28 10:50:47.387441,7C7BD9,DA42,DIAMOND AIRCRAFT INDUSTRIES INC.,DA 42,d739ebfa347e685e88b650aae060d8a6d684ddee656db2078da27e540446b841,True,4
96798,1246,280926_ML.npy,2026-09-28,2026-09-28 10:50:57.378359,7C7BD9,DA42,DIAMOND AIRCRAFT INDUSTRIES INC.,DA 42,0a70102cabd36283b71ab9ce51d29ef8263ac76c3f8a6ca1509c263549cc3dfa,True,4
96800,1248,280926_ML.npy,2026-09-28,2026-09-28 10:51:01.799800,7C7BD9,DA42,DIAMOND AIRCRAFT INDUSTRIES INC.,DA 42,0f4a3d8350c689b0ea9e194f9026ee7951eff4851ae99c20dd218032d45c582b,True,5
96801,1249,280926_ML.npy,2026-09-28,2026-09-28 10:51:02.283163,7C7BD9,DA42,DIAMOND AIRCRAFT INDUSTRIES INC.,DA 42,ded7018c743bce833c644ff66d2c8a94a218d30eef6592e15caffd7c602317ae,True,4
96802,1250,280926_ML.npy,2026-09-28,2026-09-28 10:51:03.287999,7C7BD9,DA42,DIAMOND AIRCRAFT INDUSTRIES INC.,DA 42,2ff5b4051bc741240672a10abea9a3f1ddcd588f178d1dd0507250b00584496e,True,5
96803,1251,280926_ML.npy,2026-09-28,2026-09-28 10:51:03.292506,7C7BD9,DA42,DIAMOND AIRCRAFT INDUSTRIES INC.,DA 42,cce64efc469c185f3c18aa98f0b55056907f31d89abb459be2c412debc93c5df,True,2
96804,1252,280926_ML.npy,2026-09-28,2026-09-28 10:51:04.950997,7C7BD9,DA42,DIAMOND AIRCRAFT INDUSTRIES INC.,DA 42,0a70102cabd36283b71ab9ce51d29ef8263ac76c3f8a6ca1509c263549cc3dfa,True,3
96806,1254,280926_ML.npy,2026-09-28,2026-09-28 10:51:06.573043,7C7BD9,DA42,DIAMOND AIRCRAFT INDUSTRIES INC.,DA 42,3ee980b750d28b4a28857459a8fb7cc9ff6d14e9a21f608c516671689cc08364,True,1
96807,1255,280926_ML.npy,2026-09-28,2026-09-28 10:51:07.690589,7C7BD9,DA42,DIAMOND AIRCRAFT INDUSTRIES INC.,DA 42,78d322d654e072f1e37c1fe5dfd35ec5955ddbe9f272e8d50b6813215df0b18f,True,4
96808,1256,280926_ML.npy,2026-09-28,2026-09-28 10:51:08.189479,7C7BD9,DA42,DIAMOND AIRCRAFT INDUSTRIES INC.,DA 42,6d5f6d0d12c2ba6868da095c054031bc63d121efbcbcc8a909ca564df2d8fc41,True,5
96809,1257,280926_ML.npy,2026-09-28,2026-09-28 10:51:08.196371,7C7BD9,DA42,DIAMOND AIRCRAFT INDUSTRIES INC.,DA 42,141ca1251a63107089857f06abeb584af1a5d350eb4969d839c1b0500a268fde,True,1
96810,1258,280926_ML.npy,2026-09-28,2026-09-28 10:51:09.208819,7C7BD9,DA42,DIAMOND AIRCRAFT INDUSTRIES INC.,DA 42,9dc551e0f4de2a64dd3eb1bd77f02496de1f7d2a9028a46f0b0ece37e48a95e0,True,3
96812,1260,280926_ML.npy,2026-09-28,2026-09-28 10:51:11.691980,7C7BD9,DA42,DIAMOND AIRCRAFT INDUSTRIES INC.,DA 42,ef63165e8dce11d1ce02818c0c2e78d13bb44caec37810e214ae9bb6c1ddcae3,True,3
96814,1262,280926_ML.npy,2026-09-28,2026-09-28 10:51:12.442865,7C7BD9,DA42,DIAMOND AIRCRAFT INDUSTRIES INC.,DA 42,0a70102cabd36283b71ab9ce51d29ef8263ac76c3f8a6ca1509c263549cc3dfa,True,5
96815,1263,280926_ML.npy,2026-09-28,2026-09-28 10:51:12.651652,7C7BD9,DA42,DIAMOND AIRCRAFT INDUSTRIES INC.,DA 42,ed05c86cf59ba621af4418ee7ca9fe020dd19e7c519e6a0ba23a13031f916d4f,True,4
96816,1264,280926_ML.npy,2026-09-28,2026-09-28 10:51:13.199774,7C7BD9,DA42,DIAMOND AIRCRAFT INDUSTRIES INC.,DA 42,2e2643dc791777781bc41b9218e913e1d1f35ae2dcc206e0d1f01d432214b9cd,True,1
96817,1265,280926_ML.npy,2026-09-28,2026-09-28 10:51:13.648645,7C7BD9,DA42,DIAMOND AIRCRAFT INDUSTRIES INC.,DA 42,0a70102cabd36283b71ab9ce51d29ef8263ac76c3f8a6ca1509c263549cc3dfa,True,4
96819,1267,280926_ML.npy,2026-09-28,2026-09-28 10:51:16.156294,7C7BD9,DA42,DIAMOND AIRCRAFT INDUSTRIES INC.,DA 42,0a70102cabd36283b71ab9ce51d29ef8263ac76c3f8a6ca1509c263549cc3dfa,True,2
96823,1271,280926_ML.npy,2026-09-28,2026-09-28 10:51:23.632298,7C7BD9,DA42,DIAMOND AIRCRAFT INDUSTRIES INC.,DA 42,9a80f6bd60963d4eb2ea9b8c7876b22d8fd4fb6c1bc7f3aeb69d20799ccf5413,True,2
96825,1273,280926_ML.npy,2026-09-28,2026-09-28 10:51:29.622532,7C7BD9,DA42,DIAMOND AIRCRAFT INDUSTRIES INC.,DA 42,4cbdee9ae22634b0e669f6e6be3ec6dddfbbc3f6142372cd8066ae759f2a9b08,True,4
96827,1275,280926_ML.npy,2026-09-28,2026-09-28 10:51:32.752768,7C7BD9,DA42,DIAMOND AIRCRAFT INDUSTRIES INC.,DA 42,41876888df945f424602e64260b63a9531c19f4128431fa12ab33f20d39299da,True,2
96828,1276,280926_ML.npy,2026-09-28,2026-09-28 10:51:32.758753,7C7BD9,DA42,DIAMOND AIRCRAFT INDUSTRIES INC.,DA 42,79b352f94b0c56a7f13b72c8d9cba50fe53607eb39d4cf9aee9f1ff1a211fdde,True,3
96829,1277,280926_ML.npy,2026-09-28,2026-09-28 10:51:35.859997,7C7BD9,DA42,DIAMOND AIRCRAFT INDUSTRIES INC.,DA 42,3857819f06e3e3986b69bc949fef1586fd29ddd3bb1c160499960c39a8e77f42,True,5
96831,1279,280926_ML.npy,2026-09-28,2026-09-28 10:51:36.719432,7C7BD9,DA42,DIAMOND AIRCRAFT INDUSTRIES INC.,DA 42,b037b61a21917d84c4d5aa4d6e6600eca6241f7689c3c3dbcb9fa606d62cdcc8,True,5
96836,1284,280926_ML.npy,2026-09-28,2026-09-28 10:51:42.780965,7C7BD9,DA42,DIAMOND AIRCRAFT INDUSTRIES INC.,DA 42,b105e588b54fd46cae177452c396b60677aeec35f91f0932acd0e7a62c4bd8e4,True,2
96840,1288,280926_ML.npy,2026-09-28,2026-09-28 10:51:57.130181,7C7BD9,DA42,DIAMOND AIRCRAFT INDUSTRIES INC.,DA 42,0a70102cabd36283b71ab9ce51d29ef8263ac76c3f8a6ca1509c263549cc3dfa,True,3
96842,1290,280926_ML.npy,2026-09-28,2026-09-28 10:52:00.496513,7C7BD9,DA42,DIAMOND AIRCRAFT INDUSTRIES INC.,DA 42,abc0475ac089f4387eaab78a4fc7136b3c8af222f77b3081e95d93e96c297837,True,3
96843,1291,280926_ML.npy,2026-09-28,2026-09-28 10:52:35.847201,7C7BD9,DA42,DIAMOND AIRCRAFT INDUSTRIES INC.,DA 42,0a70102cabd36283b71ab9ce51d29ef8263ac76c3f8a6ca1509c263549cc3dfa,True,2
96847,1295,280926_ML.npy,2026-09-28,2026-09-28 10:52:36.820902,7C7BD9,DA42,DIAMOND AIRCRAFT INDUSTRIES INC.,DA 42,8ac778a909b4c562fb487dca497d675afc9a43841286304ae3dfd1caa8c9cafa,True,3
96848,1296,280926_ML.npy,2026-09-28,2026-09-28 10:52:38.355184,7C7BD9,DA42,DIAMOND AIRCRAFT INDUSTRIES INC.,DA 42,0a70102cabd36283b71ab9ce51d29ef8263ac76c3f8a6ca1509c263549cc3dfa,True,1
96849,1297,280926_ML.npy,2026-09-28,2026-09-28 10:52:38.851828,7C7BD9,DA42,DIAMOND AIRCRAFT INDUSTRIES INC.,DA 42,48a84a4851917b42f8065a5c59fa6096632f777656fcd8b48d67210e1e35ea7d,True,3
96850,1298,280926_ML.npy,2026-09-28,2026-09-28 10:52:39.359556,7C7BD9,DA42,DIAMOND AIRCRAFT INDUSTRIES INC.,DA 42,61064fa6dc4927f36233154e0e82dcb00eacbafc0513290e37b395755ce48496,True,5
96852,1300,280926_ML.npy,2026-09-28,2026-09-28 10:52:47.135486,7C7BD9,DA42,DIAMOND AIRCRAFT INDUSTRIES INC.,DA 42,0a70102cabd36283b71ab9ce51d29ef8263ac76c3f8a6ca1509c263549cc3dfa,True,2
96853,1301,280926_ML.npy,2026-09-28,2026-09-28 10:52:47.984066,7C7BD9,DA42,DIAMOND AIRCRAFT INDUSTRIES INC.,DA 42,355b2a0a74ceae8aec3b371981519fe5f023707fc72be1224f332ff63c65d98a,True,4
96855,1303,280926_ML.npy,2026-09-28,2026-09-28 10:52:48.388453,7C7BD9,DA42,DIAMOND AIRCRAFT INDUSTRIES INC.,DA 42,0bdaa8220745d0dfbbcba83fee3f7c42163da492568126bd4fb8b2e55f188065,True,3
96856,1304,280926_ML.npy,2026-09-28,2026-09-28 10:52:52.408715,7C7BD9,DA42,DIAMOND AIRCRAFT INDUSTRIES INC.,DA 42,405a902b48d199a48c23a5232b0adb41c9952381325f828d0743c6866778e368,True,3
96857,1305,280926_ML.npy,2026-09-28,2026-09-28 10:54:12.942896,7C7BD9,DA42,DIAMOND AIRCRAFT INDUSTRIES INC.,DA 42,0a70102cabd36283b71ab9ce51d29ef8263ac76c3f8a6ca1509c263549cc3dfa,True,5
96858,1306,280926_ML.npy,2026-09-28,2026-09-28 10:54:15.611020,7C7BD9,DA42,DIAMOND AIRCRAFT INDUSTRIES INC.,DA 42,610e8fc33a3ae8165627330ac6c043c07afdb0bd3084034814d42ec263409afa,True,3
96860,1308,280926_ML.npy,2026-09-28,2026-09-28 10:54:16.020569,7C7BD9,DA42,DIAMOND AIRCRAFT INDUSTRIES INC.,DA 42,58d62d517cd44e566fee9e13e48807e636fec61577b63538cb2250340e996035,True,5
96861,1309,280926_ML.npy,2026-09-28,2026-09-28 10:54:16.025306,7C7BD9,DA42,DIAMOND AIRCRAFT INDUSTRIES INC.,DA 42,38279f5c09e8421035349edee3ba84305d26e2afc2768282da9ed54ae9577ca2,True,1
96865,1313,280926_ML.npy,2026-09-28,2026-09-28 10:54:19.881452,7C7BD9,DA42,DIAMOND AIRCRAFT INDUSTRIES INC.,DA 42,8bd20ecedaa5cb6eeeb688555c1c13e7ac05a57f20d38d1e544fcf326da1dd27,True,2
96867,1315,280926_ML.npy,2026-09-28,2026-09-28 10:54:22.266081,7C7BD9,DA42,DIAMOND AIRCRAFT INDUSTRIES INC.,DA 42,3507c9ebc09dc1937077cdf98e01bfd8b276b1d5cd8c6e29ea4242fef3318e28,True,3
96869,1317,280926_ML.npy,2026-09-28,2026-09-28 10:54:24.650137,7C7BD9,DA42,DIAMOND AIRCRAFT INDUSTRIES INC.,DA 42,0ac683a31036ce1f1de72a6d97f19cf601c016e738608036341e4c8009f69cfb,True,2
96870,1318,280926_ML.npy,2026-09-28,2026-09-28 10:54:24.654056,7C7BD9,DA42,DIAMOND AIRCRAFT INDUSTRIES INC.,DA 42,c7992690470ebab5281b02063fbba41b8023fa9cc09e6b6d63d121be1b8b79b0,True,5
96872,1320,280926_ML.npy,2026-09-28,2026-09-28 10:54:26.273493,7C7BD9,DA42,DIAMOND AIRCRAFT INDUSTRIES INC.,DA 42,b9a1ab9ac1bda7565b7af89ccf86b0bb43ddd41825ddfd1047472050656a512f,True,4
96873,1321,280926_ML.npy,2026-09-28,2026-09-28 10:54:29.767009,7C7BD9,DA42,DIAMOND AIRCRAFT INDUSTRIES INC.,DA 42,fb1796a391d9f2ee5c5a230b88f6eda9a112a416780e7623d3cd13925cc64fa6,True,1
96875,1323,280926_ML.npy,2026-09-28,2026-09-28 10:54:31.772319,7C7BD9,DA42,DIAMOND AIRCRAFT INDUSTRIES INC.,DA 42,0a70102cabd36283b71ab9ce51d29ef8263ac76c3f8a6ca1509c263549cc3dfa,True,5
96876,1324,280926_ML.npy,2026-09-28,2026-09-28 10:54:33.642002,7C7BD9,DA42,DIAMOND AIRCRAFT INDUSTRIES INC.,DA 42,b1c229b2b9932b9afd33bc2e2c8761c7ff75b5967409a2b713c82587c42c1c29,True,1
96879,1327,280926_ML.npy,2026-09-28,2026-09-28 10:54:34.898598,7C7BD9,DA42,DIAMOND AIRCRAFT INDUSTRIES INC.,DA 42,f2498ee78d2f2c55111e91401dae7ff44fe88d5178b98dac44b54175f79092cf,True,1
96880,1328,280926_ML.npy,2026-09-28,2026-09-28 10:54:35.535782,7C7BD9,DA42,DIAMOND AIRCRAFT INDUSTRIES INC.,DA 42,0a70102cabd36283b71ab9ce51d29ef8263ac76c3f8a6ca1509c263549cc3dfa,True,5
96881,1329,280926_ML.npy,2026-09-28,2026-09-28 10:54:36.555877,7C7BD9,DA42,DIAMOND AIRCRAFT INDUSTRIES INC.,DA 42,c8defff474e8320732ed509f834e157ee19906d7b918bf01e660acfe5865ba07,True,4
96883,1331,280926_ML.npy,2026-09-28,2026-09-28 10:54:38.138068,7C7BD9,DA42,DIAMOND AIRCRAFT INDUSTRIES INC.,DA 42,9bc13b6536ebcff6728181c22b5a37a6b608dd58490fff189f46e1dcd5fc5b8c,True,3
96923,1371,280926_ML.npy,2026-09-28,2026-09-28 12:31:35.549602,7C0D65,DA42,DIAMOND AIRCRAFT INDUSTRIES INC.,DA 42,12d2ede43c5fabce57251ae98f2b8023043ebb18538e57394ebe66f498e9e688,True,2
96924,1372,280926_ML.npy,2026-09-28,2026-09-28 12:31:35.954144,7C0D65,DA42,DIAMOND AIRCRAFT INDUSTRIES INC.,DA 42,e73a55f23a2565b357df985dd9af043104076884817c6d728918974f1fee8aad,True,1
96926,1374,280926_ML.npy,2026-09-28,2026-09-28 12:31:37.563083,7C0D65,DA42,DIAMOND AIRCRAFT INDUSTRIES INC.,DA 42,c1a6649d43e8319a66b835eafda726745c8ea96c03b8fa8ff6533c61924e24db,True,4
96928,1376,280926_ML.npy,2026-09-28,2026-09-28 12:31:39.665461,7C0D65,DA42,DIAMOND AIRCRAFT INDUSTRIES INC.,DA 42,8ca71b19745a9941e86eae1413c832e805de34e4f81c60a3f43d917df14c1872,True,5
96929,1377,280926_ML.npy,2026-09-28,2026-09-28 12:31:40.833385,7C0D65,DA42,DIAMOND AIRCRAFT INDUSTRIES INC.,DA 42,d0893031c2055973af73ca0cd6618f8b09d1afc45daf386eaece8166dde1f612,True,1
96932,1380,280926_ML.npy,2026-09-28,2026-09-28 12:31:45.175240,7C0D65,DA42,DIAMOND AIRCRAFT INDUSTRIES INC.,DA 42,3728138b9e9a47c515a81a3deb86db42f1946d442a9141739cb695384c84f88e,True,1
96933,1381,280926_ML.npy,2026-09-28,2026-09-28 12:31:45.620881,7C0D65,DA42,DIAMOND AIRCRAFT INDUSTRIES INC.,DA 42,7bdb8c2c694aea8472fa8c830538dcfbcc478f6d9649885e52051b63a74acb51,True,5
96935,1383,280926_ML.npy,2026-09-28,2026-09-28 12:31:46.606557,7C0D65,DA42,DIAMOND AIRCRAFT INDUSTRIES INC.,DA 42,fe807597762607642278f9d4dd1491eb2d496338e6e9ea61861943ad9fc9ad18,True,3
96936,1384,280926_ML.npy,2026-09-28,2026-09-28 12:31:49.552583,7C0D65,DA42,DIAMOND AIRCRAFT INDUSTRIES INC.,DA 42,f4db3924e45f529ff033d6edb61f3fe33ae03c3a8ef40ba3e2bc6264d761386f,True,1
96939,1387,280926_ML.npy,2026-09-28,2026-09-28 12:31:54.625386,7C0D65,DA42,DIAMOND AIRCRAFT INDUSTRIES INC.,DA 42,04b686c1dec303818333a823dea86669591a2b34efd8efd724eb57585ffe13ec,True,5
96940,1388,280926_ML.npy,2026-09-28,2026-09-28 12:31:55.946084,7C0D65,DA42,DIAMOND AIRCRAFT INDUSTRIES INC.,DA 42,86f8971853d409123a3e5940bbfa9a0b8ddcfd05b9de115ab519547150b09c38,True,1
96941,1389,280926_ML.npy,2026-09-28,2026-09-28 12:31:57.297334,7C0D65,DA42,DIAMOND AIRCRAFT INDUSTRIES INC.,DA 42,6c50bdd8ed3c6c60d54fd3711a469d80b42deecad1872d73f75b6f26023be892,True,3
96942,1390,280926_ML.npy,2026-09-28,2026-09-28 12:31:57.304296,7C0D65,DA42,DIAMOND AIRCRAFT INDUSTRIES INC.,DA 42,63b6f3b89b6d2929a8d4da866ea86973faf44824a8728582eb87aaa1f18fbefc,True,2
96945,1393,280926_ML.npy,2026-09-28,2026-09-28 12:32:04.747197,7C0D65,DA42,DIAMOND AIRCRAFT INDUSTRIES INC.,DA 42,9725409148e753c63fb9e2c006925af54d4ac1ebcb77ad8be0840a81102b21c8,True,3
96946,1394,280926_ML.npy,2026-09-28,2026-09-28 12:32:05.333425,7C0D65,DA42,DIAMOND AIRCRAFT INDUSTRIES INC.,DA 42,17b10d18fac3b0e59ae623d1098f42834c81edf5079f5eaa97b5c444d6d39637,True,1
96947,1395,280926_ML.npy,2026-09-28,2026-09-28 12:32:05.340267,7C0D65,DA42,DIAMOND AIRCRAFT INDUSTRIES INC.,DA 42,94c290b31f77a1aa47079d0aad87c9606ab9209726110c082f5211649db1b5c1,True,4
96949,1397,280926_ML.npy,2026-09-28,2026-09-28 12:32:07.695264,7C0D65,DA42,DIAMOND AIRCRAFT INDUSTRIES INC.,DA 42,229dab563ddbd0f84af83b5035dec3fcb201e9d02865da02d903364cfd37796b,True,2
96951,1399,280926_ML.npy,2026-09-28,2026-09-28 12:32:13.959201,7C0D65,DA42,DIAMOND AIRCRAFT INDUSTRIES INC.,DA 42,88a14669c6caf1c9bd90946e3192c5745b659cb22a228152b496278bbc33a1d1,True,3
96953,1401,280926_ML.npy,2026-09-28,2026-09-28 12:32:18.248642,7C0D65,DA42,DIAMOND AIRCRAFT INDUSTRIES INC.,DA 42,57c93bb693020498a5e79bdd4bbcba7b044b20b1c2441c0efbec9128f19d15e8,True,3
96954,1402,280926_ML.npy,2026-09-28,2026-09-28 12:32:18.255237,7C0D65,DA42,DIAMOND AIRCRAFT INDUSTRIES INC.,DA 42,3f06dbc1731e2a764d061761da9d51ceed6f98850d83c9f46f3c0fe262099053,True,1
96956,1404,280926_ML.npy,2026-09-28,2026-09-28 12:32:19.237645,7C0D65,DA42,DIAMOND AIRCRAFT INDUSTRIES INC.,DA 42,3f06dbc1731e2a764d061761da9d51ceed6f98850d83c9f46f3c0fe262099053,True,1
96958,1406,280926_ML.npy,2026-09-28,2026-09-28 12:32:21.344831,7C0D65,DA42,DIAMOND AIRCRAFT INDUSTRIES INC.,DA 42,8dbd7bce08cfdfd6e57c58019c714b717eb477bd345686b90b19ce056a2afc00,True,1
96961,1409,280926_ML.npy,2026-09-28,2026-09-28 12:32:22.719777,7C0D65,DA42,DIAMOND AIRCRAFT INDUSTRIES INC.,DA 42,4ab2cc906c4f8077c5eaf9afbe8bcfd759572829a3edfbcb6156f82bd0f14b72,True,1
96962,1410,280926_ML.npy,2026-09-28,2026-09-28 12:32:23.187247,7C0D65,DA42,DIAMOND AIRCRAFT INDUSTRIES INC.,DA 42,2b0204d3b23229e6604a60cb2b93df4ca7bbc8c0c66f4e01565173b2b40cacdd,True,4
96966,1414,280926_ML.npy,2026-09-28,2026-09-28 12:32:26.294129,7C0D65,DA42,DIAMOND AIRCRAFT INDUSTRIES INC.,DA 42,2b7982026d133b30f0e8bd550c017c25dc105d621205fdd85e95e6836916f017,True,1
96967,1415,280926_ML.npy,2026-09-28,2026-09-28 12:32:29.106109,7C0D65,DA42,DIAMOND AIRCRAFT INDUSTRIES INC.,DA 42,04b686c1dec303818333a823dea86669591a2b34efd8efd724eb57585ffe13ec,True,1
96971,1419,280926_ML.npy,2026-09-28,2026-09-28 12:32:34.714394,7C0D65,DA42,DIAMOND AIRCRAFT INDUSTRIES INC.,DA 42,f3fcbd609c3c53b615e101df5d8986bcd440b3fb0ce51fba3fec47ba9e10b6b9,True,1
96974,1422,280926_ML.npy,2026-09-28,2026-09-28 12:32:38.984181,7C0D65,DA42,DIAMOND AIRCRAFT INDUSTRIES INC.,DA 42,cd87ffd1f20af85dcc593719b1d6245c6b514c29c55070f2ea5835f6dd9e423f,True,1
96975,1423,280926_ML.npy,2026-09-28,2026-09-28 12:32:38.987251,7C0D65,DA42,DIAMOND AIRCRAFT INDUSTRIES INC.,DA 42,2196d89a649a9b462a15c5db99d90972739ff65349f56195302a6d119c64b2dd,True,5
96976,1424,280926_ML.npy,2026-09-28,2026-09-28 12:32:39.208376,7C0D65,DA42,DIAMOND AIRCRAFT INDUSTRIES INC.,DA 42,88a14669c6caf1c9bd90946e3192c5745b659cb22a228152b496278bbc33a1d1,True,4
96977,1425,280926_ML.npy,2026-09-28,2026-09-28 12:32:39.580254,7C0D65,DA42,DIAMOND AIRCRAFT INDUSTRIES INC.,DA 42,4586e1f50765a839df785de5f7f10e1841fb54729d2183470d7667c93731b1a0,True,3
96978,1426,280926_ML.npy,2026-09-28,2026-09-28 12:32:41.069976,7C0D65,DA42,DIAMOND AIRCRAFT INDUSTRIES INC.,DA 42,8dbd7bce08cfdfd6e57c58019c714b717eb477bd345686b90b19ce056a2afc00,True,5
96980,1428,280926_ML.npy,2026-09-28,2026-09-28 12:32:41.773529,7C0D65,DA42,DIAMOND AIRCRAFT INDUSTRIES INC.,DA 42,02ce89d2e48e05cca67834fc95750415aed19f2cdc65f2ffc9bb888de70111db,True,1
96983,1431,280926_ML.npy,2026-09-28,2026-09-28 12:32:44.377838,7C0D65,DA42,DIAMOND AIRCRAFT INDUSTRIES INC.,DA 42,6cbe5135f36b61942b47fcd55f0049194b966df7560f6a396fa7eeaa8b6ab050,True,5
96984,1432,280926_ML.npy,2026-09-28,2026-09-28 12:32:46.976414,7C0D65,DA42,DIAMOND AIRCRAFT INDUSTRIES INC.,DA 42,6cbe5135f36b61942b47fcd55f0049194b966df7560f6a396fa7eeaa8b6ab050,True,5
96986,1434,280926_ML.npy,2026-09-28,2026-09-28 12:32:47.769903,7C0D65,DA42,DIAMOND AIRCRAFT INDUSTRIES INC.,DA 42,281022bd0cd8113ecdd96eb219fa51a71547cc1f29ee7e9c91e871041965b9fe,True,1
96987,1435,280926_ML.npy,2026-09-28,2026-09-28 12:32:49.315977,7C0D65,DA42,DIAMOND AIRCRAFT INDUSTRIES INC.,DA 42,04b686c1dec303818333a823dea86669591a2b34efd8efd724eb57585ffe13ec,True,1
96988,1436,280926_ML.npy,2026-09-28,2026-09-28 12:32:52.997631,7C0D65,DA42,DIAMOND AIRCRAFT INDUSTRIES INC.,DA 42,88a14669c6caf1c9bd90946e3192c5745b659cb22a228152b496278bbc33a1d1,True,1
96990,1438,280926_ML.npy,2026-09-28,2026-09-28 12:32:55.513312,7C0D65,DA42,DIAMOND AIRCRAFT INDUSTRIES INC.,DA 42,88a14669c6caf1c9bd90946e3192c5745b659cb22a228152b496278bbc33a1d1,True,4
96991,1439,280926_ML.npy,2026-09-28,2026-09-28 12:32:56.263817,7C0D65,DA42,DIAMOND AIRCRAFT INDUSTRIES INC.,DA 42,ad5c31c21ee0debbec226c168868c13ccd3bbc1341090f5c4683ae85d305d31a,True,5
96995,1443,280926_ML.npy,2026-09-28,2026-09-28 12:33:05.506603,7C0D65,DA42,DIAMOND AIRCRAFT INDUSTRIES INC.,DA 42,1a60f3452b40f0c55836095b586d49727db403d0170ed79741520485c2e4ab50,True,1
97000,1448,280926_ML.npy,2026-09-28,2026-09-28 12:33:11.105414,7C0D65,DA42,DIAMOND AIRCRAFT INDUSTRIES INC.,DA 42,8dbd7bce08cfdfd6e57c58019c714b717eb477bd345686b90b19ce056a2afc00,True,2
97002,1450,280926_ML.npy,2026-09-28,2026-09-28 12:33:11.798395,7C0D65,DA42,DIAMOND AIRCRAFT INDUSTRIES INC.,DA 42,33a0f0fdc5c40bbd6758bf1173c6ed92a1ea73cd2d88467d04ff2588749d95bc,True,5
97004,1452,280926_ML.npy,2026-09-28,2026-09-28 12:33:12.824344,7C0D65,DA42,DIAMOND AIRCRAFT INDUSTRIES INC.,DA 42,3215beb01752c64df1d1981c0abf60bfdf292c58f8526e949f8ab196d27008f6,True,2
97005,1453,280926_ML.npy,2026-09-28,2026-09-28 12:33:13.225486,7C0D65,DA42,DIAMOND AIRCRAFT INDUSTRIES INC.,DA 42,d0b060ddf8d4c89312d4b7c054e7993c0f1d1bf2e6341a1e6f5fd3b327720f9f,True,5
97008,1456,280926_ML.npy,2026-09-28,2026-09-28 12:33:17.484799,7C0D65,DA42,DIAMOND AIRCRAFT INDUSTRIES INC.,DA 42,0a2f995f0944038ed4878565265e408c9868550f983701ccc7ddfc317c7d348e,True,5
97009,1457,280926_ML.npy,2026-09-28,2026-09-28 12:33:23.537140,7C0D65,DA42,DIAMOND AIRCRAFT INDUSTRIES INC.,DA 42,449b5bbcb0b1accdd0c2f735ecaff7371d9f4927702ec99af462c85d2c3cfb7e,True,1
97011,1459,280926_ML.npy,2026-09-28,2026-09-28 12:33:28.479545,7C0D65,DA42,DIAMOND AIRCRAFT INDUSTRIES INC.,DA 42,fbe652f376d6d63e5a27a2866b42caef3f8c5385b1a99b577a34b34248eb6885,True,2
97012,1460,280926_ML.npy,2026-09-28,2026-09-28 12:33:29.242794,7C0D65,DA42,DIAMOND AIRCRAFT INDUSTRIES INC.,DA 42,04b686c1dec303818333a823dea86669591a2b34efd8efd724eb57585ffe13ec,True,2
97014,1462,280926_ML.npy,2026-09-28,2026-09-28 12:33:34.222696,7C0D65,DA42,DIAMOND AIRCRAFT INDUSTRIES INC.,DA 42,c6be22ea99ee9a5feb0b0cf125a8e5e02d0e33a34c6a6a11e432358bab6d7b16,True,3
97018,1466,280926_ML.npy,2026-09-28,2026-09-28 12:33:35.123582,7C0D65,DA42,DIAMOND AIRCRAFT INDUSTRIES INC.,DA 42,0c3ed851b2ee89b9e407bf9cbe5a853df3dc800c47a0aa688d70422e229831df,True,2
97020,1468,280926_ML.npy,2026-09-28,2026-09-28 12:33:41.083609,7C0D65,DA42,DIAMOND AIRCRAFT INDUSTRIES INC.,DA 42,4c4a459e25e286e4a5cd3058f8b25458575b74c3dfebabf5fd284f060962e92c,True,2
97021,1469,280926_ML.npy,2026-09-28,2026-09-28 12:33:42.251307,7C0D65,DA42,DIAMOND AIRCRAFT INDUSTRIES INC.,DA 42,6cbe5135f36b61942b47fcd55f0049194b966df7560f6a396fa7eeaa8b6ab050,True,4
97022,1470,280926_ML.npy,2026-09-28,2026-09-28 12:33:42.894971,7C0D65,DA42,DIAMOND AIRCRAFT INDUSTRIES INC.,DA 42,02347066bd53cdd7ca2101e04360d2ae56ae3a5114c5d059b87ce27e295f2da8,True,1
97027,1475,280926_ML.npy,2026-09-28,2026-09-28 12:34:51.073431,7C0D65,DA42,DIAMOND AIRCRAFT INDUSTRIES INC.,DA 42,52047a13d821b09db5af6200e994e7ba98eeb91dc1f8a7dbe1f46fb7cbee7146,True,1
97028,1476,280926_ML.npy,2026-09-28,2026-09-28 12:34:51.076985,7C0D65,DA42,DIAMOND AIRCRAFT INDUSTRIES INC.,DA 42,1ffadce9e37796002a1d4082ad41ffe3daa1f481a8754032d95244f99bfe1cdc,True,3
97030,1478,280926_ML.npy,2026-09-28,2026-09-28 12:34:53.627624,7C0D65,DA42,DIAMOND AIRCRAFT INDUSTRIES INC.,DA 42,f6738e187da52ef946ae3a6399675f339fceac251293e93bdc15700377dd321d,True,5
97035,1483,280926_ML.npy,2026-09-28,2026-09-28 12:34:57.512386,7C0D65,DA42,DIAMOND AIRCRAFT INDUSTRIES INC.,DA 42,88a14669c6caf1c9bd90946e3192c5745b659cb22a228152b496278bbc33a1d1,True,4
97040,1488,280926_ML.npy,2026-09-28,2026-09-28 12:35:02.208206,7C0D65,DA42,DIAMOND AIRCRAFT INDUSTRIES INC.,DA 42,a16ae89b6a945312c01146e422e700a10b61728b1c55f71a6e0f8d4d29e90264,True,3
97043,1491,280926_ML.npy,2026-09-28,2026-09-28 12:36:13.915446,7C0D65,DA42,DIAMOND AIRCRAFT INDUSTRIES INC.,DA 42,7e6192207b8b0a5f9b447f194893fec1ad879515d2950ff43a7ae1dfbe71bfc6,True,1
97044,1492,280926_ML.npy,2026-09-28,2026-09-28 12:36:24.041059,7C0D65,DA42,DIAMOND AIRCRAFT INDUSTRIES INC.,DA 42,f743b576f25f36eb485c644f9953188e963a72cb8655af7e27dd01da6ec8bd60,True,3
97046,1494,280926_ML.npy,2026-09-28,2026-09-28 12:36:25.663237,7C0D65,DA42,DIAMOND AIRCRAFT INDUSTRIES INC.,DA 42,51397399c1044393e4370bbdb7d69b160381ba2d9f00bac77877579994bdc759,True,4
97048,1496,280926_ML.npy,2026-09-28,2026-09-28 12:36:31.714293,7C0D65,DA42,DIAMOND AIRCRAFT INDUSTRIES INC.,DA 42,af9640adc71246eb2d10e7ada4549ffdf6a529577c3856e9f8b7dce800c79255,True,2
97051,1499,280926_ML.npy,2026-09-28,2026-09-28 12:36:36.036178,7C0D65,DA42,DIAMOND AIRCRAFT INDUSTRIES INC.,DA 42,f24f32f1ab265042ca38d003aa05aa3c318899f4f3babafa084f5eac8594bac4,True,4
97053,1501,280926_ML.npy,2026-09-28,2026-09-28 12:36:40.158441,7C0D65,DA42,DIAMOND AIRCRAFT INDUSTRIES INC.,DA 42,f2fccc81486debfa9b424b8d36d81ffb6d0032bfcc43d588aca935dc68bfc2d1,True,2
97056,1504,280926_ML.npy,2026-09-28,2026-09-28 12:36:45.682751,7C0D65,DA42,DIAMOND AIRCRAFT INDUSTRIES INC.,DA 42,c3cce43168e9a3f079f850967a3e178e81d9eafd8c59820a6fdd3c4b0354d1de,True,1
97057,1505,280926_ML.npy,2026-09-28,2026-09-28 12:36:45.688362,7C0D65,DA42,DIAMOND AIRCRAFT INDUSTRIES INC.,DA 42,ffff3aca1271467ee64be804f132169feb71c4c9bca7a06c6727420a5cbede4d,True,1
97060,1508,280926_ML.npy,2026-09-28,2026-09-28 12:36:49.617358,7C0D65,DA42,DIAMOND AIRCRAFT INDUSTRIES INC.,DA 42,543f57f009052db2c1afbea8d0d96eccab5582a8e83b3ec60687080ca3b1b75f,True,2
97061,1509,280926_ML.npy,2026-09-28,2026-09-28 12:36:50.135257,7C0D65,DA42,DIAMOND AIRCRAFT INDUSTRIES INC.,DA 42,810d26f934df313577129510c06f7e70486bb39615d81a11ffb02314a00d6202,True,5
97062,1510,280926_ML.npy,2026-09-28,2026-09-28 12:36:52.165524,7C0D65,DA42,DIAMOND AIRCRAFT INDUSTRIES INC.,DA 42,88a14669c6caf1c9bd90946e3192c5745b659cb22a228152b496278bbc33a1d1,True,4
97065,1513,280926_ML.npy,2026-09-28,2026-09-28 12:36:56.861670,7C0D65,DA42,DIAMOND AIRCRAFT INDUSTRIES INC.,DA 42,6cbe5135f36b61942b47fcd55f0049194b966df7560f6a396fa7eeaa8b6ab050,True,2
97069,1517,280926_ML.npy,2026-09-28,2026-09-28 12:37:08.125877,7C0D65,DA42,DIAMOND AIRCRAFT INDUSTRIES INC.,DA 42,c1ed8ffbf04e30d18c97ad65e299587296a9885ecaa20724ba34a9c13358b666,True,3
97071,1519,280926_ML.npy,2026-09-28,2026-09-28 12:39:13.143420,7C0D65,DA42,DIAMOND AIRCRAFT INDUSTRIES INC.,DA 42,98e66bda8ae186176533a5ea849da8d28173009389547b4d8be9265c3421c77b,True,2
97077,1525,280926_ML.npy,2026-09-28,2026-09-28 12:39:35.528477,7C0D65,DA42,DIAMOND AIRCRAFT INDUSTRIES INC.,DA 42,9ef9324c9ccb67ba92945c2f82c2074f188804ba4446f051d950d680f7d3c57e,True,4
97079,1527,280926_ML.npy,2026-09-28,2026-09-28 12:39:36.235732,7C0D65,DA42,DIAMOND AIRCRAFT INDUSTRIES INC.,DA 42,6cbe5135f36b61942b47fcd55f0049194b966df7560f6a396fa7eeaa8b6ab050,True,2
97080,1528,280926_ML.npy,2026-09-28,2026-09-28 12:39:36.555395,7C0D65,DA42,DIAMOND AIRCRAFT INDUSTRIES INC.,DA 42,5593b105b157b946946ce762ec546e021f67743d9cad8d7609dc273eb7e817a2,True,1
97082,1530,280926_ML.npy,2026-09-28,2026-09-28 12:39:37.240845,7C0D65,DA42,DIAMOND AIRCRAFT INDUSTRIES INC.,DA 42,66f3a45fe00ecb30b9392f3e8cb1b3626e7ebfb9956000bdef158083073f3808,True,1
97084,1532,280926_ML.npy,2026-09-28,2026-09-28 12:39:37.494408,7C0D65,DA42,DIAMOND AIRCRAFT INDUSTRIES INC.,DA 42,9ef9324c9ccb67ba92945c2f82c2074f188804ba4446f051d950d680f7d3c57e,True,1
97085,1533,280926_ML.npy,2026-09-28,2026-09-28 12:39:38.370838,7C0D65,DA42,DIAMOND AIRCRAFT INDUSTRIES INC.,DA 42,9ef9324c9ccb67ba92945c2f82c2074f188804ba4446f051d950d680f7d3c57e,True,2
97086,1534,280926_ML.npy,2026-09-28,2026-09-28 12:39:39.415230,7C0D65,DA42,DIAMOND AIRCRAFT INDUSTRIES INC.,DA 42,69965a98a3065b24d5d949493a81de86e3d00d5a59d135619a7fb6799dc2d4e8,True,2
97089,1537,280926_ML.npy,2026-09-28,2026-09-28 12:39:40.726926,7C0D65,DA42,DIAMOND AIRCRAFT INDUSTRIES INC.,DA 42,2de75a33ae04b359493929843029dbb38c33c6e9161b8b0ce8f300bf7781e340,True,2
97092,1540,280926_ML.npy,2026-09-28,2026-09-28 12:39:43.460335,7C0D65,DA42,DIAMOND AIRCRAFT INDUSTRIES INC.,DA 42,66f3a45fe00ecb30b9392f3e8cb1b3626e7ebfb9956000bdef158083073f3808,True,1
97095,1543,280926_ML.npy,2026-09-28,2026-09-28 12:41:07.329528,7C0D65,DA42,DIAMOND AIRCRAFT INDUSTRIES INC.,DA 42,d90d4775a70bfca30abc891bf37e4a7503ecb1e39aad3b261512f7c60f104a79,True,4
97096,1544,280926_ML.npy,2026-09-28,2026-09-28 12:41:10.877739,7C0D65,DA42,DIAMOND AIRCRAFT INDUSTRIES INC.,DA 42,fdd7a47899f15e1e457d01e7b806aba6b0075b3e66c36cc24311d7cbd40ca7f4,True,1
97098,1546,280926_ML.npy,2026-09-28,2026-09-28 12:41:13.396469,7C0D65,DA42,DIAMOND AIRCRAFT INDUSTRIES INC.,DA 42,04b686c1dec303818333a823dea86669591a2b34efd8efd724eb57585ffe13ec,True,2
97102,1550,280926_ML.npy,2026-09-28,2026-09-28 12:41:24.254135,7C0D65,DA42,DIAMOND AIRCRAFT INDUSTRIES INC.,DA 42,d340647cccbe74692b71cebe71df8526c77b0e7291ee079c5e50300efea55a45,True,3
97103,1551,280926_ML.npy,2026-09-28,2026-09-28 12:41:26.661087,7C0D65,DA42,DIAMOND AIRCRAFT INDUSTRIES INC.,DA 42,1ba4f45109e00fa43ddb5982ae1bcb81ba280cc117694979f5b433c0124c5211,True,4
97104,1552,280926_ML.npy,2026-09-28,2026-09-28 12:41:26.665173,7C0D65,DA42,DIAMOND AIRCRAFT INDUSTRIES INC.,DA 42,b1455280be8df732d343fe04fe524ff689a6bf61e040f0499d5796ec08f33c37,True,5
97105,1553,280926_ML.npy,2026-09-28,2026-09-28 12:41:27.234558,7C0D65,DA42,DIAMOND AIRCRAFT INDUSTRIES INC.,DA 42,d23adc0755dc3b2085090161bccf422527f7130cf4b81fb5ece6f2defa30a324,True,4
97106,1554,280926_ML.npy,2026-09-28,2026-09-28 12:41:27.238469,7C0D65,DA42,DIAMOND AIRCRAFT INDUSTRIES INC.,DA 42,2c53ec67fb0eaa48f4166227af2ed176d427daf7d395a18d9dd464a39d417d24,True,1
97107,1555,280926_ML.npy,2026-09-28,2026-09-28 12:41:33.206775,7C0D65,DA42,DIAMOND AIRCRAFT INDUSTRIES INC.,DA 42,6cbe5135f36b61942b47fcd55f0049194b966df7560f6a396fa7eeaa8b6ab050,True,2
97111,1559,280926_ML.npy,2026-09-28,2026-09-28 12:41:38.350893,7C0D65,DA42,DIAMOND AIRCRAFT INDUSTRIES INC.,DA 42,04b686c1dec303818333a823dea86669591a2b34efd8efd724eb57585ffe13ec,True,1
97118,1566,280926_ML.npy,2026-09-28,2026-09-28 12:41:43.376624,7C0D65,DA42,DIAMOND AIRCRAFT INDUSTRIES INC.,DA 42,f8aa08de97b138d3f0ba0b7cf6af6ca869ed82a539881574678fbbb539c9bd8e,True,3
97119,1567,280926_ML.npy,2026-09-28,2026-09-28 12:41:43.380630,7C0D65,DA42,DIAMOND AIRCRAFT INDUSTRIES INC.,DA 42,81ebaebef211338817e742f02a6c52c1f1fc209623dd4e7f0f4c69a303a69e3a,True,5
97121,1569,280926_ML.npy,2026-09-28,2026-09-28 12:41:44.339833,7C0D65,DA42,DIAMOND AIRCRAFT INDUSTRIES INC.,DA 42,c5187c5ad1eaad14d7b23d71f6de68964624430f4a63eff3e9ff0fb1eb28330c,True,1
97123,1571,280926_ML.npy,2026-09-28,2026-09-28 12:41:48.141203,7C0D65,DA42,DIAMOND AIRCRAFT INDUSTRIES INC.,DA 42,6cbe5135f36b61942b47fcd55f0049194b966df7560f6a396fa7eeaa8b6ab050,True,5
97126,1574,280926_ML.npy,2026-09-28,2026-09-28 12:41:52.897642,7C0D65,DA42,DIAMOND AIRCRAFT INDUSTRIES INC.,DA 42,57cc17a2fc6d3d4328963d90cd91c318b6b8ac07ca3c9d6d560f9ea5e50a4c08,True,1
97260,1708,280926_ML.npy,2026-09-28,2026-09-28 21:30:28.639767,7C1697,DA40,DIAMOND AIRCRAFT INDUSTRIES INC.,DA 40,77aa3afc2e1e324fdc51e799ca62b76ddc8b58b6fd7c4c1fd038b2a4ea2e336a,True,1
97262,1710,280926_ML.npy,2026-09-28,2026-09-28 21:30:39.216032,7C1697,DA40,DIAMOND AIRCRAFT INDUSTRIES INC.,DA 40,2d5ac88c02da4b22ea69e55ea0fc13adeb1734e93cb5f68ed9a8aca16ef99f2b,True,1
97445,1893,280926_ML.npy,2026-09-28,2026-09-28 21:55:02.168970,7C7B61,DA40,DIAMOND AIRCRAFT INDUSTRIES INC.,DA 40,b5ca80515a27b69e51a7aa2e17b5f71241df443bd73e64da5bc101c86872fe11,True,2
97449,1897,280926_ML.npy,2026-09-28,2026-09-28 21:55:15.498099,7C7B61,DA40,DIAMOND AIRCRAFT INDUSTRIES INC.,DA 40,8eb4e97b42139e9b5ea7c3c628948697829795fe16d99f0f3392a878b65a458d,True,4
97461,1909,280926_ML.npy,2026-09-28,2026-09-28 21:55:35.016389,7C7B61,DA40,DIAMOND AIRCRAFT INDUSTRIES INC.,DA 40,4a712473d8ed11a86d4c9c6a7da285b58b699b2f51e82462b8d8bac6bd53b746,True,4
97468,1916,280926_ML.npy,2026-09-28,2026-09-28 21:55:59.813169,7C7B61,DA40,DIAMOND AIRCRAFT INDUSTRIES INC.,DA 40,52f8f4ce0dc49b64baabc8f5d3d86d24c9cf1ffb466e71b74723e7aaf0738e34,True,1
97471,1919,280926_ML.npy,2026-09-28,2026-09-28 21:56:03.061483,7C7B61,DA40,DIAMOND AIRCRAFT INDUSTRIES INC.,DA 40,eac65dbe64a587db5672ed16b2730c285ca085f9c4208016b33e15275f135b0e,True,2
97482,1930,280926_ML.npy,2026-09-28,2026-09-28 21:58:28.391086,7C7B61,DA40,DIAMOND AIRCRAFT INDUSTRIES INC.,DA 40,8a008df3a84759531c3a6d22095e1a1a98fdf9aaf11f97f456b1e408723fb3fa,True,2
97516,1964,280926_ML.npy,2026-09-28,2026-09-28 22:01:18.337351,7C7B61,DA40,DIAMOND AIRCRAFT INDUSTRIES INC.,DA 40,c089c6881ed57828a5978a7b0e080f6a086ded9c3e39a1b86d3ddc08a3fb4c51,True,5
97536,1984,280926_ML.npy,2026-09-28,2026-09-28 22:01:32.756351,7C7B61,DA40,DIAMOND AIRCRAFT INDUSTRIES INC.,DA 40,822eb8c7164c24896ad2fa74869172506c6227e239405ff6f095a7c2fccb8f82,True,5
97555,2003,280926_ML.npy,2026-09-28,2026-09-28 22:01:53.671351,7C7B61,DA40,DIAMOND AIRCRAFT INDUSTRIES INC.,DA 40,c4b381ba10345fb237bd63211730df048d3b9e3b584c384026cbaaa7c423a79c,True,3
97564,2012,280926_ML.npy,2026-09-28,2026-09-28 22:02:51.723733,7C7B5E,DA40,DIAMOND AIRCRAFT INDUSTRIES INC.,DA 40,5f3d25a6094a15b028061e62d66c490e3eda6be33e3de28d39d61332cd157bc7,True,4
97664,2112,280926_ML.npy,2026-09-28,2026-09-28 22:07:09.211271,7C7B61,DA40,DIAMOND AIRCRAFT INDUSTRIES INC.,DA 40,cb1256b57d80b2598e29e0df95f4786b915353d7f70634b9d814a6cf0de4d75b,True,5
97674,2122,280926_ML.npy,2026-09-28,2026-09-28 22:07:14.143559,7C7B61,DA40,DIAMOND AIRCRAFT INDUSTRIES INC.,DA 40,8215d0006d67367c32d7c63e833bb5b15a7e5db4a5c5793639dc9aa6ee899866,True,4
97679,2127,280926_ML.npy,2026-09-28,2026-09-28 22:07:16.305400,7C7B61,DA40,DIAMOND AIRCRAFT INDUSTRIES INC.,DA 40,cab099c263dcf80fa30a6e9238ba2f74efc7d0d677214468bc79581e24358657,True,5
97750,2198,280926_ML.npy,2026-09-28,2026-09-28 22:07:58.125012,7C7B61,DA40,DIAMOND AIRCRAFT INDUSTRIES INC.,DA 40,1cd092a10fb0b15cd634054e681c66e2c6a07aac4928cc56d5d7cf3c9689563c,True,3
97897,2345,280926_ML.npy,2026-09-28,2026-09-28 22:15:09.779912,7C67D3,C172,CESSNA AIRCRAFT COMPANY,172S,c0b892088d3e2c123ed93145d83afbf9ad7993fd54e383437a91a1e28e33ffcb,True,1
97913,2361,280926_ML.npy,2026-09-28,2026-09-28 22:16:48.645850,7C67D3,C172,CESSNA AIRCRAFT COMPANY,172S,cbe1dad1ba00c1c0ae823fc69bff898486116f06aeba4d62b5a0ff913aeec997,True,3
97930,2378,280926_ML.npy,2026-09-28,2026-09-28 22:17:01.102835,7C67D3,C172,CESSNA AIRCRAFT COMPANY,172S,abe1ba6cb68c19eaa260a926f469558c727e19d68c8e7b7ae62adee8ffc19084,True,4
97961,2409,280926_ML.npy,2026-09-28,2026-09-28 22:17:32.794554,7C67D3,C172,CESSNA AIRCRAFT COMPANY,172S,19c5788519b04dd96c5f68effcc9c41f5e8f059ad3c1fa208b044ff16234e6bd,True,1
97975,2423,280926_ML.npy,2026-09-28,2026-09-28 22:17:56.352652,7C67D3,C172,CESSNA AIRCRAFT COMPANY,172S,da39f7740060a6cbb82225e8ab74c30193de31b13171210c902217d9f7e840a2,True,1
97980,2428,280926_ML.npy,2026-09-28,2026-09-28 22:17:59.589029,7C67D3,C172,CESSNA AIRCRAFT COMPANY,172S,98859d8ea52d3abc13b89f0cfa5ce70c558330590022b9c06eec1825df9c2c73,True,1
97981,2429,280926_ML.npy,2026-09-28,2026-09-28 22:18:00.931913,7C67D3,C172,CESSNA AIRCRAFT COMPANY,172S,e435d271394dc7581222bbcae4c5df064bef737a593a02d1300bc3a9ecc3c0ca,True,1
97982,2430,280926_ML.npy,2026-09-28,2026-09-28 22:18:02.355955,7C67D3,C172,CESSNA AIRCRAFT COMPANY,172S,bf61afbec663dab57ef99cf20dbc226bf282344da081de6bfbd9712955ea70b4,True,3
98029,2477,280926_ML.npy,2026-09-28,2026-09-28 22:20:21.376204,7C67D3,C172,CESSNA AIRCRAFT COMPANY,172S,da39f7740060a6cbb82225e8ab74c30193de31b13171210c902217d9f7e840a2,True,1
98030,2478,280926_ML.npy,2026-09-28,2026-09-28 22:20:22.703997,7C67D3,C172,CESSNA AIRCRAFT COMPANY,172S,4b2c71d954a42f95eb68ba344f04a0f70c7c942b9923b8089d5286d078357fbe,True,2
98031,2479,280926_ML.npy,2026-09-28,2026-09-28 22:20:23.208789,7C67D3,C172,CESSNA AIRCRAFT COMPANY,172S,d6074a52cc5599fd298851c731aeb627eee550973f4cabdc22405c1327f460b8,True,2
98034,2482,280926_ML.npy,2026-09-28,2026-09-28 22:22:16.767766,7C67D3,C172,CESSNA AIRCRAFT COMPANY,172S,0b3d6b69066fe6d46a3c155bb9126b6b10e9e7c521a1349d8e20afd94241cc72,True,5
98037,2485,280926_ML.npy,2026-09-28,2026-09-28 22:22:31.696593,7C67D3,C172,CESSNA AIRCRAFT COMPANY,172S,488d25916a2353dfb96f4d516f14b79fdfc4a3ba71c5e452ca83bbeac094cb5c,True,5
98044,2492,280926_ML.npy,2026-09-28,2026-09-28 22:22:39.495644,7C67D3,C172,CESSNA AIRCRAFT COMPANY,172S,ae40a2344f0a34da8887e385182f923473a92e951f2bb1c9c440357d91256d16,True,2
98050,2498,280926_ML.npy,2026-09-28,2026-09-28 22:22:42.781310,7C67D3,C172,CESSNA AIRCRAFT COMPANY,172S,039d8cd301c858b18ea965fec47a8afc28328decaf06c163af43cdc2f5a5d831,True,5
98051,2499,280926_ML.npy,2026-09-28,2026-09-28 22:22:43.595608,7C67D3,C172,CESSNA AIRCRAFT COMPANY,172S,da39f7740060a6cbb82225e8ab74c30193de31b13171210c902217d9f7e840a2,True,2
98058,2506,280926_ML.npy,2026-09-28,2026-09-28 22:22:47.970929,7C67D3,C172,CESSNA AIRCRAFT COMPANY,172S,4d8e0f6aeb3fb3dd443a3a040ba37edce956653b96b9bcb4e8b0d18e9a91c6b2,True,3
98065,2513,280926_ML.npy,2026-09-28,2026-09-28 22:22:54.306738,7C67D3,C172,CESSNA AIRCRAFT COMPANY,172S,22c915d80bea029148bc57a43d53050200013b7bfabad493960e78bcd13cd506,True,5
98076,2524,280926_ML.npy,2026-09-28,2026-09-28 22:22:59.785491,7C67D3,C172,CESSNA AIRCRAFT COMPANY,172S,111f4a873a642f61f8c2fbec23a1be3a94ea145fe4ed8e1b9c1aa1d6186bf92a,True,5
98080,2528,280926_ML.npy,2026-09-28,2026-09-28 22:23:03.383680,7C67D3,C172,CESSNA AIRCRAFT COMPANY,172S,ecae3ff207729099bae34271e186268e450d08f850aa78f55daa1382f0eb2165,True,2
98089,2537,280926_ML.npy,2026-09-28,2026-09-28 22:23:05.855939,7C67D3,C172,CESSNA AIRCRAFT COMPANY,172S,5b6cefc805944d9999eca2e52234808437f00d895b886a8bdded3659b9bbdf7a,True,3
98091,2539,280926_ML.npy,2026-09-28,2026-09-28 22:23:06.354938,7C67D3,C172,CESSNA AIRCRAFT COMPANY,172S,98859d8ea52d3abc13b89f0cfa5ce70c558330590022b9c06eec1825df9c2c73,True,1
98095,2543,280926_ML.npy,2026-09-28,2026-09-28 22:23:08.802466,7C67D3,C172,CESSNA AIRCRAFT COMPANY,172S,98859d8ea52d3abc13b89f0cfa5ce70c558330590022b9c06eec1825df9c2c73,True,2
98109,2557,280926_ML.npy,2026-09-28,2026-09-28 22:23:17.437960,7C67D3,C172,CESSNA AIRCRAFT COMPANY,172S,85a8f39fa40935e66154a5ac1e395cea4ea3f8722f2835ad1154b1e9cc5c9e67,True,3
98112,2560,280926_ML.npy,2026-09-28,2026-09-28 22:23:21.629646,7C67D3,C172,CESSNA AIRCRAFT COMPANY,172S,5c2b7e98735da38b2ae576efd7918d6ec20257b3605aeac33a4809358a795e16,True,4
98115,2563,280926_ML.npy,2026-09-28,2026-09-28 22:23:25.663596,7C67D3,C172,CESSNA AIRCRAFT COMPANY,172S,da39f7740060a6cbb82225e8ab74c30193de31b13171210c902217d9f7e840a2,True,4
98116,2564,280926_ML.npy,2026-09-28,2026-09-28 22:23:25.761912,7C67D3,C172,CESSNA AIRCRAFT COMPANY,172S,d0a4a9cada6a38d27ed4472d0a77ed09c07f18fcf02e7cbfe84cb7ec2db53ade,True,2
98170,2618,280926_ML.npy,2026-09-28,2026-09-28 22:27:49.043459,7C67D3,C172,CESSNA AIRCRAFT COMPANY,172S,bc3bdfe778b29c86ac539e2b19493e80835f53b81fa4048838f8a546c051a905,True,5
98195,2643,280926_ML.npy,2026-09-28,2026-09-28 22:28:13.724583,7C67D3,C172,CESSNA AIRCRAFT COMPANY,172S,a3a08bdbd2af5f573c7b80c795abe384d5c4c2b130d5d58774a41f86dafd8dcb,True,5
98197,2645,280926_ML.npy,2026-09-28,2026-09-28 22:28:14.809091,7C67D3,C172,CESSNA AIRCRAFT COMPANY,172S,05c94878ace92ea8559543925ca15f0c284d4d95d031e9015ec20642d84c9152,True,4
98207,2655,280926_ML.npy,2026-09-28,2026-09-28 22:28:24.116292,7C67D3,C172,CESSNA AIRCRAFT COMPANY,172S,8b44dc3356e0d3aa284571d9a8fd8e401b33db8c326b4c38cb8733ccc18ebbfb,True,2
98215,2663,280926_ML.npy,2026-09-28,2026-09-28 22:28:28.483326,7C67D3,C172,CESSNA AIRCRAFT COMPANY,172S,98859d8ea52d3abc13b89f0cfa5ce70c558330590022b9c06eec1825df9c2c73,True,5
98220,2668,280926_ML.npy,2026-09-28,2026-09-28 22:28:30.057944,7C67D3,C172,CESSNA AIRCRAFT COMPANY,172S,3b378ca7beea6048bd73dbe188c2053b1277b9af9e983bc255cbaa2ebfe8255a,True,4
98241,2689,280926_ML.npy,2026-09-28,2026-09-28 22:28:38.309044,7C67D3,C172,CESSNA AIRCRAFT COMPANY,172S,80c9c7464cc04e178fb71a2bb25db36913a58ba397232c9d7b253fb02daaf764,True,2
98304,2752,280926_ML.npy,2026-09-28,2026-09-28 22:31:23.761042,7C67D3,C172,CESSNA AIRCRAFT COMPANY,172S,14e9aa79ba6a639676d029990afcd7bc12a914200197a895d8ad51c11fbbfeb9,True,4
98326,2774,280926_ML.npy,2026-09-28,2026-09-28 22:32:59.176495,7C67D3,C172,CESSNA AIRCRAFT COMPANY,172S,da39f7740060a6cbb82225e8ab74c30193de31b13171210c902217d9f7e840a2,True,1
98348,2796,280926_ML.npy,2026-09-28,2026-09-28 22:33:25.634747,7C67D3,C172,CESSNA AIRCRAFT COMPANY,172S,e2871348a5ac3693862df961ba4252e6daddeaba86dccba997edcee1d43857cb,True,2
98355,2803,280926_ML.npy,2026-09-28,2026-09-28 22:33:35.011226,7C67D3,C172,CESSNA AIRCRAFT COMPANY,172S,8b2e42843014b35d0b503d869eecb0262a26f064ef901495986da1d36a01fc72,True,2
98358,2806,280926_ML.npy,2026-09-28,2026-09-28 22:33:36.065765,7C67D3,C172,CESSNA AIRCRAFT COMPANY,172S,4640a5bd97e85ac82389349cfe002d7c3a069d8bb0b1ac942ebb46ba872c4aca,True,1
98452,2900,280926_ML.npy,2026-09-28,2026-09-28 22:37:34.063888,7C67D3,C172,CESSNA AIRCRAFT COMPANY,172S,da39f7740060a6cbb82225e8ab74c30193de31b13171210c902217d9f7e840a2,True,4
98458,2906,280926_ML.npy,2026-09-28,2026-09-28 22:37:42.310009,7C67D3,C172,CESSNA AIRCRAFT COMPANY,172S,56855a612d9563e3540ffc8c4bc5ca4e5e3086ad419f8cec4846167cc61d29d9,True,1
98467,2915,280926_ML.npy,2026-09-28,2026-09-28 22:37:50.352212,7C67D3,C172,CESSNA AIRCRAFT COMPANY,172S,ad8796ca7afe6494c2f0970ed85a6c0a04b7e2ffcec857a36d8585e6f97361e4,True,5
98475,2923,280926_ML.npy,2026-09-28,2026-09-28 22:37:58.450941,7C67D3,C172,CESSNA AIRCRAFT COMPANY,172S,98859d8ea52d3abc13b89f0cfa5ce70c558330590022b9c06eec1825df9c2c73,True,1
98485,2933,280926_ML.npy,2026-09-28,2026-09-28 22:38:16.838189,7C67D3,C172,CESSNA AIRCRAFT COMPANY,172S,207075cae5a654c0d9bb0f4755fab0c183f685faf901a8c5206bd7619483392e,True,3
98487,2935,280926_ML.npy,2026-09-28,2026-09-28 22:38:24.169002,7C67D3,C172,CESSNA AIRCRAFT COMPANY,172S,c0b892088d3e2c123ed93145d83afbf9ad7993fd54e383437a91a1e28e33ffcb,True,2
98490,2938,280926_ML.npy,2026-09-28,2026-09-28 22:38:27.981029,7C67D3,C172,CESSNA AIRCRAFT COMPANY,172S,fbefd28a8e847ecc9401e32715d9b13cb98de600c942201797862fc2aee69db1,True,1
98494,2942,280926_ML.npy,2026-09-28,2026-09-28 22:40:52.438799,7C67D3,C172,CESSNA AIRCRAFT COMPANY,172S,da39f7740060a6cbb82225e8ab74c30193de31b13171210c902217d9f7e840a2,True,4
98510,2958,280926_ML.npy,2026-09-28,2026-09-28 22:43:14.681350,7C67D3,C172,CESSNA AIRCRAFT COMPANY,172S,e77fef092d8a1c6502be9553552d0251376caf32942a7b8594b90470c2c277d2,True,3
98517,2965,280926_ML.npy,2026-09-28,2026-09-28 22:43:31.702907,7C67D3,C172,CESSNA AIRCRAFT COMPANY,172S,8c68b8c994f40933d66eef08085794b1228a3dcb2a663ebe9807188f799c68d7,True,5
98519,2967,280926_ML.npy,2026-09-28,2026-09-28 22:43:32.864469,7C67D3,C172,CESSNA AIRCRAFT COMPANY,172S,6300b7a035b42304ac0341ba242c3c7236e5d4d33eb42f6e8af266751e140b32,True,2
98522,2970,280926_ML.npy,2026-09-28,2026-09-28 22:43:38.681774,7C67D3,C172,CESSNA AIRCRAFT COMPANY,172S,301044e35642500eb14bf2b2b2e88a940a1a2687f55c5d938ee1d3a155d28d36,True,1
98524,2972,280926_ML.npy,2026-09-28,2026-09-28 22:43:41.188652,7C67D3,C172,CESSNA AIRCRAFT COMPANY,172S,1f28daaf3e221a0c1e7f315c0d4c3ef98c236dbf30efb8422090ca11b4194ae8,True,4
98525,2973,280926_ML.npy,2026-09-28,2026-09-28 22:43:41.608951,7C67D3,C172,CESSNA AIRCRAFT COMPANY,172S,4d8e0f6aeb3fb3dd443a3a040ba37edce956653b96b9bcb4e8b0d18e9a91c6b2,True,1
98526,2974,280926_ML.npy,2026-09-28,2026-09-28 22:43:41.652246,7C67D3,C172,CESSNA AIRCRAFT COMPANY,172S,d216f1fb2704a63bb82e84abdf428235fee45417e6d69199f81066daefa36612,True,5
98529,2977,280926_ML.npy,2026-09-28,2026-09-28 22:43:43.029269,7C67D3,C172,CESSNA AIRCRAFT COMPANY,172S,38e1d352ec2290b1b253ffea0ac39ff9eb906ef59fcf26e7ba611eedc5fd3f5b,True,5
98534,2982,280926_ML.npy,2026-09-28,2026-09-28 22:43:49.087358,7C67D3,C172,CESSNA AIRCRAFT COMPANY,172S,c0b892088d3e2c123ed93145d83afbf9ad7993fd54e383437a91a1e28e33ffcb,True,3
98539,2987,280926_ML.npy,2026-09-28,2026-09-28 22:43:59.159886,7C67D3,C172,CESSNA AIRCRAFT COMPANY,172S,c0b892088d3e2c123ed93145d83afbf9ad7993fd54e383437a91a1e28e33ffcb,True,4
98542,2990,280926_ML.npy,2026-09-28,2026-09-28 22:44:03.449105,7C67D3,C172,CESSNA AIRCRAFT COMPANY,172S,c7dd718d55c38a6b91fc305aae54a1b92bdde8fad1ba100bb07912f5bb1e2403,True,2
98544,2992,280926_ML.npy,2026-09-28,2026-09-28 22:46:56.708516,7C67D3,C172,CESSNA AIRCRAFT COMPANY,172S,d36c682826f46cd83a68e31c35cb74bd4114bb7d97c37b68eec60e5c407393a4,True,1
98546,2994,280926_ML.npy,2026-09-28,2026-09-28 22:48:21.208472,7C67D3,C172,CESSNA AIRCRAFT COMPANY,172S,a10625a726dc2f5f0e0db994865250dd61f870c050f03d5acfea7b9d9432070f,True,3
98549,2997,280926_ML.npy,2026-09-28,2026-09-28 22:48:27.275517,7C67D3,C172,CESSNA AIRCRAFT COMPANY,172S,15c27d298ad8eba4a23601b4ef0731c2d2f1af2989e0e4a5c4d29b2d0a57b861,True,5
98560,3008,280926_ML.npy,2026-09-28,2026-09-28 22:48:44.831087,7C67D3,C172,CESSNA AIRCRAFT COMPANY,172S,c0b892088d3e2c123ed93145d83afbf9ad7993fd54e383437a91a1e28e33ffcb,True,4
98565,3013,280926_ML.npy,2026-09-28,2026-09-28 22:48:48.304581,7C67D3,C172,CESSNA AIRCRAFT COMPANY,172S,da39f7740060a6cbb82225e8ab74c30193de31b13171210c902217d9f7e840a2,True,5
98567,3015,280926_ML.npy,2026-09-28,2026-09-28 22:48:55.346567,7C67D3,C172,CESSNA AIRCRAFT COMPANY,172S,3a637d68fbbbc67717bc14082620dfbab3c59508b8eb38f821ca8870a1c22f3f,True,5
98569,3017,280926_ML.npy,2026-09-28,2026-09-28 22:49:00.197249,7C67D3,C172,CESSNA AIRCRAFT COMPANY,172S,b3bf0a8092ab243cbe03926d0e628a63c89616b7a1d57103b4a3d4ffd779b336,True,5
98572,3020,280926_ML.npy,2026-09-28,2026-09-28 22:49:02.710665,7C7B5E,DA40,DIAMOND AIRCRAFT INDUSTRIES INC.,DA 40,7fc28747e2ae41e89f334900fd3ebfa2085283ae9f0b91bf06c10a4724d19ac9,True,1
98580,3028,280926_ML.npy,2026-09-28,2026-09-28 22:49:06.001937,7C67D3,C172,CESSNA AIRCRAFT COMPANY,172S,d11780aae1ddd63130a30537f52056d04668530865e20a8b0a13d0785fa9aa36,True,4
98581,3029,280926_ML.npy,2026-09-28,2026-09-28 22:49:06.430339,7C7B5E,DA40,DIAMOND AIRCRAFT INDUSTRIES INC.,DA 40,266d39556c68c324cd55c02b07cfeee02608c9c16b089f2c42e7ba71bc8a4ba8,True,2
98593,3041,280926_ML.npy,2026-09-28,2026-09-28 22:49:14.191303,7C67D3,C172,CESSNA AIRCRAFT COMPANY,172S,7b2d14ef570f4dece315d6d99f0e60b84f6e62e49b07c84067756ace03f21ece,True,5
98616,3064,280926_ML.npy,2026-09-28,2026-09-28 22:53:07.993415,7C67D3,C172,CESSNA AIRCRAFT COMPANY,172S,fb8748f2b3d2c6e29b113ce6367b80536b597354030391ae9f4c084e8321e260,True,4
98622,3070,280926_ML.npy,2026-09-28,2026-09-28 22:53:36.043557,7C67D3,C172,CESSNA AIRCRAFT COMPANY,172S,98859d8ea52d3abc13b89f0cfa5ce70c558330590022b9c06eec1825df9c2c73,True,2
98624,3072,280926_ML.npy,2026-09-28,2026-09-28 22:53:38.217087,7C67D3,C172,CESSNA AIRCRAFT COMPANY,172S,e35aded061141d839eae8b3312f4e93a11ebd1f9f3ec561c767a21118d5f314b,True,4
98630,3078,280926_ML.npy,2026-09-28,2026-09-28 22:53:44.618185,7C67D3,C172,CESSNA AIRCRAFT COMPANY,172S,da39f7740060a6cbb82225e8ab74c30193de31b13171210c902217d9f7e840a2,True,2
98632,3080,280926_ML.npy,2026-09-28,2026-09-28 22:53:46.231163,7C67D3,C172,CESSNA AIRCRAFT COMPANY,172S,cf569f462281227353e597b65128bf12cad79a31b06006c079dde565b673250d,True,1
98634,3082,280926_ML.npy,2026-09-28,2026-09-28 22:53:50.672873,7C67D3,C172,CESSNA AIRCRAFT COMPANY,172S,cce925b0454cc84f2040d6cc6cd9ef226f22a283998d879803b11df224fb8f79,True,4
98640,3088,280926_ML.npy,2026-09-28,2026-09-28 22:53:58.786219,7C67D3,C172,CESSNA AIRCRAFT COMPANY,172S,97a136ee6513f827de0e6be66851a7f65ed68a03680a79b44bf1d119b646a0b9,True,1
98643,3091,280926_ML.npy,2026-09-28,2026-09-28 22:54:00.804767,7C67D3,C172,CESSNA AIRCRAFT COMPANY,172S,7c079d939d7e4e63600901554376059d55cd42f9641b94e3640c6c543cf88b3b,True,5
98701,3149,280926_ML.npy,2026-09-28,2026-09-28 23:15:17.222101,7C7AF0,DA40,DIAMOND AIRCRAFT INDUSTRIES INC.,DA 40,b143f14a8cf9c75feef6f4e2b4256bfb54f9eb4095f553611fa6c21f86331659,True,1
98726,3174,280926_ML.npy,2026-09-28,2026-09-28 23:19:47.355800,7C7AF0,DA40,DIAMOND AIRCRAFT INDUSTRIES INC.,DA 40,fa10ad283dad01b51ae195f5a3d3fa2ebbd457a9217f4d171b5c88c22741a50d,True,4
98739,3187,280926_ML.npy,2026-09-28,2026-09-28 23:19:55.860532,7C7AF0,DA40,DIAMOND AIRCRAFT INDUSTRIES INC.,DA 40,0f6a536abd547e9ecc51702ef960253de6920cb60e958846229eaea8949511d3,True,3
98747,3195,280926_ML.npy,2026-09-28,2026-09-28 23:20:24.908871,7C7AF0,DA40,DIAMOND AIRCRAFT INDUSTRIES INC.,DA 40,b6a44674b96a6608e2c2c18b6307e387cae39f286cc7a319bb2fdbd8726204a4,True,5
98754,3202,280926_ML.npy,2026-09-28,2026-09-28 23:20:27.908302,7C7AF0,DA40,DIAMOND AIRCRAFT INDUSTRIES INC.,DA 40,cfc6267d9aa5d6e602e3d1a854ebebac54bb4163d2057bf89ec2846edebb78c4,True,1
98770,3218,280926_ML.npy,2026-09-28,2026-09-28 23:21:11.325301,7C0074,C172,CESSNA AIRCRAFT COMPANY,172S,19e632566b77405b95c9f50dd3e0867e112fb55595640484bdad7edf15f35251,True,2
98797,3245,280926_ML.npy,2026-09-28,2026-09-28 23:21:36.948401,7C0074,C172,CESSNA AIRCRAFT COMPANY,172S,a44a4b76c9b66b6c57959c6a9e32932fa0d98ceb6b28f738382fb960779a0784,True,3
98800,3248,280926_ML.npy,2026-09-28,2026-09-28 23:21:43.944117,7C0074,C172,CESSNA AIRCRAFT COMPANY,172S,6d3f6f10d4fbdf6a02e835093470148e005f8eb4e971a1a1b9dc433e2c80369a,True,3
98808,3256,280926_ML.npy,2026-09-28,2026-09-28 23:21:56.884475,7C0074,C172,CESSNA AIRCRAFT COMPANY,172S,a2b39d778e08bd48cbf8bfbf20458f6d3579b216b54a949e16d72cdc5ddad502,True,1
98810,3258,280926_ML.npy,2026-09-28,2026-09-28 23:21:59.394826,7C0074,C172,CESSNA AIRCRAFT COMPANY,172S,a2b39d778e08bd48cbf8bfbf20458f6d3579b216b54a949e16d72cdc5ddad502,True,1
98817,3265,280926_ML.npy,2026-09-28,2026-09-28 23:22:08.246439,7C0074,C172,CESSNA AIRCRAFT COMPANY,172S,a2b39d778e08bd48cbf8bfbf20458f6d3579b216b54a949e16d72cdc5ddad502,True,4
98821,3269,280926_ML.npy,2026-09-28,2026-09-28 23:22:16.586689,7C0074,C172,CESSNA AIRCRAFT COMPANY,172S,10d3257208b7f3cf43a123d6bb5a94bea01dc3dcb9998503815343d558fbbf4c,True,2
98831,3279,280926_ML.npy,2026-09-28,2026-09-28 23:22:28.007445,7C0074,C172,CESSNA AIRCRAFT COMPANY,172S,a0e022e0c52d96fbbc897d8981747d6383ff11d02427997d7beba5912658bfde,True,5
98839,3287,280926_ML.npy,2026-09-28,2026-09-28 23:24:24.293092,7C0074,C172,CESSNA AIRCRAFT COMPANY,172S,0a960beaebf3f0ab93a4d9b11f916d97e1818e6a44074e90657b21599069634e,True,1
98845,3293,280926_ML.npy,2026-09-28,2026-09-28 23:24:28.008680,7C0074,C172,CESSNA AIRCRAFT COMPANY,172S,8406bd52814ddc048fadf07470c6aab28f6d6bee9be4cd580fed24f966011180,True,5
98877,3325,280926_ML.npy,2026-09-28,2026-09-28 23:26:33.751967,7C259E,P28A,PIPER AIRCRAFT CORP,PA-28-180,0c5271b3cfcd87296376ee02518d00deb4d696bc4a4cef1ee84cb96e86910c50,True,1
98878,3326,280926_ML.npy,2026-09-28,2026-09-28 23:26:37.051928,7C259E,P28A,PIPER AIRCRAFT CORP,PA-28-180,0cf5090a1e47de2b433f7c726aae0b98a70eded869aee6c8f26409821a28a1b3,True,4
98884,3332,280926_ML.npy,2026-09-28,2026-09-28 23:26:42.263457,7C0074,C172,CESSNA AIRCRAFT COMPANY,172S,bb9dfa5c3839ddbf020ddce19c61f902b6fd09d6555c0db7f5c467f67e19ce60,True,1
98886,3334,280926_ML.npy,2026-09-28,2026-09-28 23:26:44.198839,7C259E,P28A,PIPER AIRCRAFT CORP,PA-28-180,0761302efa3ab5838d2b4762f3ebd569f8eb7267c8b4bb9cbd057eee2a8e0574,True,5
98887,3335,280926_ML.npy,2026-09-28,2026-09-28 23:26:44.203229,7C259E,P28A,PIPER AIRCRAFT CORP,PA-28-180,672b254ca21f40a728b748cceb2f1ee519767131abed39cac9ae9db9f5f7fee2,True,3
98888,3336,280926_ML.npy,2026-09-28,2026-09-28 23:26:45.843342,7C0074,C172,CESSNA AIRCRAFT COMPANY,172S,d668161cc5753f20bd45f2a40aaa16aa4af49c776c57908480b616b4057afba1,True,4
98890,3338,280926_ML.npy,2026-09-28,2026-09-28 23:26:46.775215,7C0074,C172,CESSNA AIRCRAFT COMPANY,172S,623312ade0ac7670507fac76e795c59cce7da47a9f1c5dbeb6bf15746bdc66a3,True,2
98891,3339,280926_ML.npy,2026-09-28,2026-09-28 23:26:47.690387,7C0074,C172,CESSNA AIRCRAFT COMPANY,172S,4a97da6dfb716f32fbce2879a0d71b1b476b786e98412d4e1683bbf9536b8fce,True,1
98892,3340,280926_ML.npy,2026-09-28,2026-09-28 23:26:47.938794,7C0074,C172,CESSNA AIRCRAFT COMPANY,172S,e4e4dacaa5dcd2ecde181743da2d0a92daaaf0273e3e044f7b288c5f5885fb57,True,3
98894,3342,280926_ML.npy,2026-09-28,2026-09-28 23:26:53.221173,7C0074,C172,CESSNA AIRCRAFT COMPANY,172S,7b7da6ffc1a28696adccd64e6f819fac063efb5a780f5a30bf5c28b3f008dbce,True,5
98896,3344,280926_ML.npy,2026-09-28,2026-09-28 23:26:54.191178,7C0074,C172,CESSNA AIRCRAFT COMPANY,172S,15330e86c01748ea225a7cfe0eb272a738c26619f7aa25e0a40da7c905522068,True,2
98898,3346,280926_ML.npy,2026-09-28,2026-09-28 23:26:56.809387,7C259E,P28A,PIPER AIRCRAFT CORP,PA-28-180,c23d324d30d366fe839a28962fb1fa4657f038dc32ea975ac47809311f5e3306,True,2
98900,3348,280926_ML.npy,2026-09-28,2026-09-28 23:26:58.963064,7C259E,P28A,PIPER AIRCRAFT CORP,PA-28-180,3861a1485cfd1ecc3aa6dade074cc8073f1b8b4c330d9703a7e024c03957b852,True,1
98901,3349,280926_ML.npy,2026-09-28,2026-09-28 23:26:58.966681,7C259E,P28A,PIPER AIRCRAFT CORP,PA-28-180,5423107cf031f66fea978bfda96ad79b63a38a49093146919836d703b13bafdc,True,1
98905,3353,280926_ML.npy,2026-09-28,2026-09-28 23:27:04.807362,7C259E,P28A,PIPER AIRCRAFT CORP,PA-28-180,eccc471093e70f97c1787074693a28bf22934aceea533cea4cf09362162db316,True,3
98906,3354,280926_ML.npy,2026-09-28,2026-09-28 23:27:04.813860,7C259E,P28A,PIPER AIRCRAFT CORP,PA-28-180,a9a06a7820eeb9603b7de42425fef9baf186f7db934baa95d36ca6788fcb490d,True,4
98907,3355,280926_ML.npy,2026-09-28,2026-09-28 23:27:05.240928,7C259E,P28A,PIPER AIRCRAFT CORP,PA-28-180,751616e876bf67de4a8b29007028f38a44978b0c4ae7ab39afbe6d02b1bb28bb,True,2
98909,3357,280926_ML.npy,2026-09-28,2026-09-28 23:27:05.619714,7C0074,C172,CESSNA AIRCRAFT COMPANY,172S,9843dc12762102ed86cd111fa9b65b0b16105a88fba69b2ac35523e24637e633,True,3
98924,3372,280926_ML.npy,2026-09-28,2026-09-28 23:27:20.005890,7C0074,C172,CESSNA AIRCRAFT COMPANY,172S,22aaaadfa17d20de5e2eb1cbcf8191d048779183765cf2eddd1faf3adb1cc08c,True,2
98925,3373,280926_ML.npy,2026-09-28,2026-09-28 23:27:21.848922,7C0074,C172,CESSNA AIRCRAFT COMPANY,172S,9417f90c0bb3876762f9b05a6ec444ddccd8ccf44b3b0d9d15adfd28fe6bd453,True,1
98936,3384,280926_ML.npy,2026-09-28,2026-09-28 23:27:33.839898,7C0074,C172,CESSNA AIRCRAFT COMPANY,172S,976503016d5c665f8473bf214ed2d2caffef23bfff0437fc180c3b57dd0def7a,True,3
98937,3385,280926_ML.npy,2026-09-28,2026-09-28 23:27:34.866379,7C0074,C172,CESSNA AIRCRAFT COMPANY,172S,1f3d3a5f74c2205ca9fa5c3a676e200dc786e38d031a601eac463e95f9959f31,True,1
98939,3387,280926_ML.npy,2026-09-28,2026-09-28 23:27:46.863273,7C259E,P28A,PIPER AIRCRAFT CORP,PA-28-180,ae37dd912d30f7167e8a77e30d0ca9bc31c609c0a56f3cfc224ca4297e7ed431,True,5
98992,3440,280926_ML.npy,2026-09-28,2026-09-28 23:31:40.512033,7C0074,C172,CESSNA AIRCRAFT COMPANY,172S,aa3be171d39c0cbdc6a7910af87d7c089e39eb6fbbbf1ae5c0f99f6c641b0136,True,1
98997,3445,280926_ML.npy,2026-09-28,2026-09-28 23:31:43.153604,7C0074,C172,CESSNA AIRCRAFT COMPANY,172S,e38792e1fed0e206c06d60a7c66afd6cd96b126eeae2a7e506acc55c3d143753,True,5
99002,3450,280926_ML.npy,2026-09-28,2026-09-28 23:31:45.234138,7C0074,C172,CESSNA AIRCRAFT COMPANY,172S,4a99b8bc3fa349ad032350b81bb1a7405f440b16d2d2fb531f73bffb89ed2853,True,2
99004,3452,280926_ML.npy,2026-09-28,2026-09-28 23:31:45.721184,7C0074,C172,CESSNA AIRCRAFT COMPANY,172S,40513b29002664aba836311ece8c050fedd001379a7f9324b43e4b140c3fc75f,True,5
99008,3456,280926_ML.npy,2026-09-28,2026-09-28 23:31:54.943943,7C0074,C172,CESSNA AIRCRAFT COMPANY,172S,8f61b4b9d97da17602af33e1f53ff2b59f2a572486ac23784f38c0fdfe30e43e,True,2
99014,3462,280926_ML.npy,2026-09-28,2026-09-28 23:31:56.635727,7C0074,C172,CESSNA AIRCRAFT COMPANY,172S,58a08c3980fa69a3556d91a276cc38e04cf280a6d4b27cdb708c5681755205bd,True,5
99016,3464,280926_ML.npy,2026-09-28,2026-09-28 23:31:58.106105,7C0074,C172,CESSNA AIRCRAFT COMPANY,172S,413caa20d79293d55253d6d7f41884a5d26920d3f120028a964c852c880d5b55,True,2
99018,3466,280926_ML.npy,2026-09-28,2026-09-28 23:31:58.738621,7C0074,C172,CESSNA AIRCRAFT COMPANY,172S,8406bd52814ddc048fadf07470c6aab28f6d6bee9be4cd580fed24f966011180,True,1
99027,3475,280926_ML.npy,2026-09-28,2026-09-28 23:32:11.724229,7C0074,C172,CESSNA AIRCRAFT COMPANY,172S,0928f526436aa93c36dd8f4516dc4138ef58fc8204a8905db73d57493abf97d5,True,1
99029,3477,280926_ML.npy,2026-09-28,2026-09-28 23:32:15.420300,7C0074,C172,CESSNA AIRCRAFT COMPANY,172S,e4e4dacaa5dcd2ecde181743da2d0a92daaaf0273e3e044f7b288c5f5885fb57,True,4
99030,3478,280926_ML.npy,2026-09-28,2026-09-28 23:32:16.645229,7C0074,C172,CESSNA AIRCRAFT COMPANY,172S,e4e4dacaa5dcd2ecde181743da2d0a92daaaf0273e3e044f7b288c5f5885fb57,True,1
99032,3480,280926_ML.npy,2026-09-28,2026-09-28 23:32:19.116793,7C0074,C172,CESSNA AIRCRAFT COMPANY,172S,e4e4dacaa5dcd2ecde181743da2d0a92daaaf0273e3e044f7b288c5f5885fb57,True,3
99033,3481,280926_ML.npy,2026-09-28,2026-09-28 23:32:20.475779,7C0074,C172,CESSNA AIRCRAFT COMPANY,172S,976503016d5c665f8473bf214ed2d2caffef23bfff0437fc180c3b57dd0def7a,True,4
99036,3484,280926_ML.npy,2026-09-28,2026-09-28 23:32:22.818823,7C0074,C172,CESSNA AIRCRAFT COMPANY,172S,9e6c3f4ea91fb7689b9470db104d59c5978b2a1b7e6ba1a566e58cd0f65f4c1e,True,5
99061,3509,280926_ML.npy,2026-09-28,2026-09-28 23:34:43.147801,7C0074,C172,CESSNA AIRCRAFT COMPANY,172S,8406bd52814ddc048fadf07470c6aab28f6d6bee9be4cd580fed24f966011180,True,2
99066,3514,280926_ML.npy,2026-09-28,2026-09-28 23:34:52.951605,7C0074,C172,CESSNA AIRCRAFT COMPANY,172S,15d3323a4262a9e67166b51cdfe6ae218fc2b59a5ce9e745527d0ded34d28710,True,3
99115,3563,280926_ML.npy,2026-09-28,2026-09-28 23:37:24.721696,7C0074,C172,CESSNA AIRCRAFT COMPANY,172S,976503016d5c665f8473bf214ed2d2caffef23bfff0437fc180c3b57dd0def7a,True,2
99117,3565,280926_ML.npy,2026-09-28,2026-09-28 23:37:30.092731,7C0074,C172,CESSNA AIRCRAFT COMPANY,172S,2c9245a3e73cd11382191021a08a95c4d4f8ab4f228a62c15c008089398f7c43,True,3
99118,3566,280926_ML.npy,2026-09-28,2026-09-28 23:37:30.103589,7C0074,C172,CESSNA AIRCRAFT COMPANY,172S,fe11f51b69504a4ec3cf40df49a5b101706096fc109881e5239fd77fdf37b029,True,1
99123,3571,280926_ML.npy,2026-09-28,2026-09-28 23:37:37.716918,7C0074,C172,CESSNA AIRCRAFT COMPANY,172S,8eb7c66a2c3a8d704e3eb028497602d3d0670f6aecc510597b64b42d3b7154a6,True,4
99126,3574,280926_ML.npy,2026-09-28,2026-09-28 23:37:41.148464,7C0074,C172,CESSNA AIRCRAFT COMPANY,172S,e4e4dacaa5dcd2ecde181743da2d0a92daaaf0273e3e044f7b288c5f5885fb57,True,2
99131,3579,280926_ML.npy,2026-09-28,2026-09-28 23:37:44.892289,7C0074,C172,CESSNA AIRCRAFT COMPANY,172S,e4e4dacaa5dcd2ecde181743da2d0a92daaaf0273e3e044f7b288c5f5885fb57,True,2
99133,3581,280926_ML.npy,2026-09-28,2026-09-28 23:37:48.085586,7C0074,C172,CESSNA AIRCRAFT COMPANY,172S,8406bd52814ddc048fadf07470c6aab28f6d6bee9be4cd580fed24f966011180,True,2
99134,3582,280926_ML.npy,2026-09-28,2026-09-28 23:37:53.566084,7C0074,C172,CESSNA AIRCRAFT COMPANY,172S,5cfc0b5f35631de41483ea96ee5c511a00c776644754a1f7d89b0afdf178cc14,True,5
99135,3583,280926_ML.npy,2026-09-28,2026-09-28 23:37:53.570756,7C0074,C172,CESSNA AIRCRAFT COMPANY,172S,248cb9200108af116213a6501f32fceb6a3c0cad14e0a915edf637d7cca83d0c,True,4
99221,3669,280926_ML.npy,2026-09-28,2026-09-28 23:42:12.411333,7C0074,C172,CESSNA AIRCRAFT COMPANY,172S,8406bd52814ddc048fadf07470c6aab28f6d6bee9be4cd580fed24f966011180,True,2
99223,3671,280926_ML.npy,2026-09-28,2026-09-28 23:42:12.473687,7C0074,C172,CESSNA AIRCRAFT COMPANY,172S,7b40e82c01b156cb46d17c021e3f9db7dc908358b49ddb49736011fc3d3fd48b,True,4
99228,3676,280926_ML.npy,2026-09-28,2026-09-28 23:42:33.499378,7C0074,C172,CESSNA AIRCRAFT COMPANY,172S,5bb4443f742f276dd6cca570f21c491a1ad89e151ddc12f5a7152b5a87470517,True,1
99229,3677,280926_ML.npy,2026-09-28,2026-09-28 23:42:33.506156,7C0074,C172,CESSNA AIRCRAFT COMPANY,172S,3be7f7e98c06fd34dd83aacdc710ce765a061147af3cf07c7e609def4bfcc4e6,True,2
99237,3685,280926_ML.npy,2026-09-28,2026-09-28 23:42:46.953162,7C0074,C172,CESSNA AIRCRAFT COMPANY,172S,c7ea67d4c9be9093ced4d62d72ba6135992b7f3acae673d3e27c3c8a2db89bf2,True,4
99240,3688,280926_ML.npy,2026-09-28,2026-09-28 23:42:49.613271,7C0074,C172,CESSNA AIRCRAFT COMPANY,172S,2c03f5d42ca2d1e702b8f97dd1ccd4a6505f434ca8b76e72a5270fb788a2acba,True,5
99241,3689,280926_ML.npy,2026-09-28,2026-09-28 23:42:52.452824,7C0074,C172,CESSNA AIRCRAFT COMPANY,172S,2892edd47f1fa28ecc453e41c220e946ecf12a69bad65cf81dbcb541af35e341,True,3
99243,3691,280926_ML.npy,2026-09-28,2026-09-28 23:42:54.512036,7C0074,C172,CESSNA AIRCRAFT COMPANY,172S,a2b39d778e08bd48cbf8bfbf20458f6d3579b216b54a949e16d72cdc5ddad502,True,3
99252,3700,280926_ML.npy,2026-09-28,2026-09-28 23:43:08.920439,7C0074,C172,CESSNA AIRCRAFT COMPANY,172S,976503016d5c665f8473bf214ed2d2caffef23bfff0437fc180c3b57dd0def7a,True,3
99258,3706,280926_ML.npy,2026-09-28,2026-09-28 23:43:13.094868,7C0074,C172,CESSNA AIRCRAFT COMPANY,172S,94b7d4abf8ca7a388ee54f52c3d4dd6db20150c13e644418c4442204b486536f,True,5
99287,3735,280926_ML.npy,2026-09-28,2026-09-28 23:45:39.142569,7C0074,C172,CESSNA AIRCRAFT COMPANY,172S,857689bbe764fcc213a803b4127a9c398e555d6dabbafc24ce170676ed579cf5,True,3
99334,3782,280926_ML.npy,2026-09-28,2026-09-28 23:46:58.769962,7C0074,C172,CESSNA AIRCRAFT COMPANY,172S,3ce829d796f623bc10b62eec37b1757bce3174127e4aaa92e7bccd065065c308,True,4
99346,3794,280926_ML.npy,2026-09-28,2026-09-28 23:47:15.185452,7C0074,C172,CESSNA AIRCRAFT COMPANY,172S,5876d29ff4a097698f3a6ebd265902ffa8c127656dd625f950cd81e1b7da4a39,True,1
99348,3796,280926_ML.npy,2026-09-28,2026-09-28 23:47:16.519008,7C0074,C172,CESSNA AIRCRAFT COMPANY,172S,fc8f8631db5b4a969e758bbfc1595e60aeb018dc16ab0b25b5447efe16e7cfa9,True,2
99355,3803,280926_ML.npy,2026-09-28,2026-09-28 23:47:26.197045,7C0074,C172,CESSNA AIRCRAFT COMPANY,172S,470990bdd3465035cfa29ee5d941e707534e0304307bcdb2d39b9632ef0808c8,True,2
99358,3806,280926_ML.npy,2026-09-28,2026-09-28 23:47:28.121379,7C0074,C172,CESSNA AIRCRAFT COMPANY,172S,a2b39d778e08bd48cbf8bfbf20458f6d3579b216b54a949e16d72cdc5ddad502,True,1
99381,3829,280926_ML.npy,2026-09-28,2026-09-28 23:47:50.776666,7C0074,C172,CESSNA AIRCRAFT COMPANY,172S,a2b39d778e08bd48cbf8bfbf20458f6d3579b216b54a949e16d72cdc5ddad502,True,1
99384,3832,280926_ML.npy,2026-09-28,2026-09-28 23:49:50.491104,7C7B5F,DA40,DIAMOND AIRCRAFT INDUSTRIES INC.,DA 40,0609512b8ca32d8fc65560aae8997890dcccce691a6943c93ea42d580671ea05,True,1
99483,3931,280926_ML.npy,2026-09-28,2026-09-28 23:53:35.643948,7C1697,DA40,DIAMOND AIRCRAFT INDUSTRIES INC.,DA 40,97ce62f412fc34fc55b520a2c5a6dbcb5f0251cd3b1cee60d01edbe58a654f27,True,1
99490,3938,280926_ML.npy,2026-09-28,2026-09-28 23:53:47.809235,7C1697,DA40,DIAMOND AIRCRAFT INDUSTRIES INC.,DA 40,3cb28f4ba1d2fabd6de212deec73b3537a9915144f46472913c1eee5f39f2d47,True,1
99564,4012,280926_ML.npy,2026-09-28,2026-09-28 23:57:59.048459,7C6693,DA40,DIAMOND AIRCRAFT INDUSTRIES INC.,DA 40,d71a023663c0fecfdaf814391f96c68884e69dfd03a9b48efb366b79348a9c28,True,3
99572,4020,280926_ML.npy,2026-09-28,2026-09-28 23:58:10.887859,7C6693,DA40,DIAMOND AIRCRAFT INDUSTRIES INC.,DA 40,5141ec075f94bae9e2f4be0a6f1def526237f2ee744c54759f8f6159ee118f92,True,2
99576,4024,280926_ML.npy,2026-09-28,2026-09-28 23:58:15.445173,7C6693,DA40,DIAMOND AIRCRAFT INDUSTRIES INC.,DA 40,dd24563b7eebf3ee5660ad590142aeb5b28130328bfc112ac1d22e95bf2016fb,True,3
99583,4031,280926_ML.npy,2026-09-28,2026-09-28 23:58:29.632617,7C6693,DA40,DIAMOND AIRCRAFT INDUSTRIES INC.,DA 40,572cc594a339d71de4fb7e023af6f2d97a033e3861cba2ceed7749400db6dc38,True,4
99603,4051,280926_ML.npy,2026-09-29,2026-09-29 00:00:16.227023,7C1687,DA40,DIAMOND AIRCRAFT INDUSTRIES INC.,DA 40,828fd7f23d99c536dd787038e28d96182d5dda6a3f976a098968ea662bf10d1a,True,5
99612,4060,280926_ML.npy,2026-09-29,2026-09-29 00:00:31.688005,7C1687,DA40,DIAMOND AIRCRAFT INDUSTRIES INC.,DA 40,bd64930c070db6d982fdc7163047a763adee3a4793d0ba749a9f29dcdc286616,True,3
99616,4064,280926_ML.npy,2026-09-29,2026-09-29 00:00:35.233506,7C1687,DA40,DIAMOND AIRCRAFT INDUSTRIES INC.,DA 40,ce3ec7d3c9f721bd755c3eb42cc45c0b32d603439126bbfa7fe5ec53ba66bb58,True,5
99624,4072,280926_ML.npy,2026-09-29,2026-09-29 00:00:49.061223,7C1687,DA40,DIAMOND AIRCRAFT INDUSTRIES INC.,DA 40,501c3dee606e3c5c93616dbce74e45cf301fb4f9b31be3e738227790df6ca628,True,3
99645,4093,280926_ML.npy,2026-09-29,2026-09-29 00:01:31.289963,7C67D3,C172,CESSNA AIRCRAFT COMPANY,172S,d76339f289a3ed42474106e3719d13dda98c9f78f1d5a8d73ad6eaeda84c6605,True,4
99646,4094,280926_ML.npy,2026-09-29,2026-09-29 00:01:31.494738,7C67D3,C172,CESSNA AIRCRAFT COMPANY,172S,8728119cca7d73c2dcc9007e925c8722504af3f92865a24b7c3626f6c081af42,True,1
99704,4152,280926_ML.npy,2026-09-29,2026-09-29 00:08:29.517335,7C67D0,C172,CESSNA AIRCRAFT COMPANY,172S,7d30b651e030f677259d07ed0580e9744664c162211b675b14f9370f8852f53c,True,3
99711,4159,280926_ML.npy,2026-09-29,2026-09-29 00:09:42.674803,7C67D0,C172,CESSNA AIRCRAFT COMPANY,172S,6bae629df63e9048c4eafcb8e7a9ceb61f503541d754330ab704b78665486c3e,True,3
99743,4191,280926_ML.npy,2026-09-29,2026-09-29 00:10:12.532694,7C67D0,C172,CESSNA AIRCRAFT COMPANY,172S,6171b892c6161344ded2c96090bfd22824b583cedd6541bba1ee35149c2a92cb,True,1
99744,4192,280926_ML.npy,2026-09-29,2026-09-29 00:10:13.232333,7C67D0,C172,CESSNA AIRCRAFT COMPANY,172S,b2ff6959cfe5e51eee0e21588052bc035e937f265bc33e68deb6135f40effb44,True,1
99758,4206,280926_ML.npy,2026-09-29,2026-09-29 00:10:20.475052,7C67D0,C172,CESSNA AIRCRAFT COMPANY,172S,f0f9ea4b9db1611ff83d6294fe28a93228906c9b628cb50de3efcb2ace63dc07,True,3
99760,4208,280926_ML.npy,2026-09-29,2026-09-29 00:10:20.647070,7C67D0,C172,CESSNA AIRCRAFT COMPANY,172S,54e70cbf30297ebffe7b1ea49424475fbd930ea4f7cca48fb6b876353399bdb5,True,3
99761,4209,280926_ML.npy,2026-09-29,2026-09-29 00:10:20.650795,7C67D0,C172,CESSNA AIRCRAFT COMPANY,172S,6df1cb0ff23f57a4b2abff29ffb2ab820f3e13c67c4a0c7d9e4cdc43d462db14,True,5
99771,4219,280926_ML.npy,2026-09-29,2026-09-29 00:10:22.991505,7C67D0,C172,CESSNA AIRCRAFT COMPANY,172S,4cd56232e2cb4b7a3325b9692987f58eefef300d74980b2f6529814dc1f1a046,True,2
99785,4233,280926_ML.npy,2026-09-29,2026-09-29 00:10:31.964006,7C67D0,C172,CESSNA AIRCRAFT COMPANY,172S,f3ffa7b373c48bb6da5da91de365546dd0c0885dd98b17e136b2d91bfa135cf6,True,4
99807,4255,280926_ML.npy,2026-09-29,2026-09-29 00:10:44.026132,7C67D0,C172,CESSNA AIRCRAFT COMPANY,172S,2ff8dc5a4198f840f5e2c6acb230ee19fa44107320e4ae8caa5e6caa59e5d03f,True,3
99824,4272,280926_ML.npy,2026-09-29,2026-09-29 00:10:53.708035,7C67D0,C172,CESSNA AIRCRAFT COMPANY,172S,6171b892c6161344ded2c96090bfd22824b583cedd6541bba1ee35149c2a92cb,True,1
99857,4305,280926_ML.npy,2026-09-29,2026-09-29 00:12:07.675933,7C259E,P28A,PIPER AIRCRAFT CORP,PA-28-180,f8b5896bd4e3dad6188c341fe95f1aa787ab0f238e28ee85e792594f46d1e355,True,1
99863,4311,280926_ML.npy,2026-09-29,2026-09-29 00:12:14.835697,7C259E,P28A,PIPER AIRCRAFT CORP,PA-28-180,17e962c3d1a439e08de2f65ce05c2223577d661fe70a4d4de0564a3bcb40fdb7,True,5
99866,4314,280926_ML.npy,2026-09-29,2026-09-29 00:12:17.324747,7C259E,P28A,PIPER AIRCRAFT CORP,PA-28-180,759c0cc0b2e5cee124dd4afe3b4c26cc417412f70b954ad410ba13c299b33e6c,True,5
99867,4315,280926_ML.npy,2026-09-29,2026-09-29 00:12:17.328349,7C259E,P28A,PIPER AIRCRAFT CORP,PA-28-180,4656bf5b9f2039701f27cf33c57520d926c15351aeb5ff8a3dd56bf20dd73859,True,3
99875,4323,280926_ML.npy,2026-09-29,2026-09-29 00:12:22.202237,7C259E,P28A,PIPER AIRCRAFT CORP,PA-28-180,d9d9007a38386f798cca547bee0073d8b8864b8a47bcf9e4410ce8da588d13f2,True,3
99877,4325,280926_ML.npy,2026-09-29,2026-09-29 00:12:24.840009,7C259E,P28A,PIPER AIRCRAFT CORP,PA-28-180,406578144cf4e72a1e7e1e9aed8de8e36a4e4f95fd169034e03e2d3cc396b7bf,True,5
99878,4326,280926_ML.npy,2026-09-29,2026-09-29 00:12:24.843688,7C259E,P28A,PIPER AIRCRAFT CORP,PA-28-180,14401e571815a32c00d1f1799fd14fac3894a8dbe63570511408fdf153f723af,True,2
99887,4335,280926_ML.npy,2026-09-29,2026-09-29 00:12:30.804026,7C259E,P28A,PIPER AIRCRAFT CORP,PA-28-180,222930a8ae0493ee1b4f93b7abd5250eb93da6a475512de96188af4ef121088f,True,1
99889,4337,280926_ML.npy,2026-09-29,2026-09-29 00:12:31.713337,7C259E,P28A,PIPER AIRCRAFT CORP,PA-28-180,454f236f2edbe8b8ab6c9b11fade878221022c4cd10ccad4717df34704184629,True,4
99890,4338,280926_ML.npy,2026-09-29,2026-09-29 00:12:31.717756,7C259E,P28A,PIPER AIRCRAFT CORP,PA-28-180,727b182f7fc31921b548b6ec275b92d990976439017f446f3e94fb5975782a0b,True,2
99891,4339,280926_ML.npy,2026-09-29,2026-09-29 00:12:32.200597,7C259E,P28A,PIPER AIRCRAFT CORP,PA-28-180,4a849b1f95f8e03cdfc5d6dd841eba11b5b2789e8b15177590a1f449261d10a7,True,2
99892,4340,280926_ML.npy,2026-09-29,2026-09-29 00:12:32.206609,7C259E,P28A,PIPER AIRCRAFT CORP,PA-28-180,9095c3571765af0c927a4cc76cc06d18e6860bfe8d13f9af2e6adadc18b14a54,True,4
99893,4341,280926_ML.npy,2026-09-29,2026-09-29 00:12:32.714490,7C259E,P28A,PIPER AIRCRAFT CORP,PA-28-180,cd3724509647243e1d36ddb3e2d81ca575a6049b74255801f3471c7a8166350f,True,4
99894,4342,280926_ML.npy,2026-09-29,2026-09-29 00:12:38.158796,7C259E,P28A,PIPER AIRCRAFT CORP,PA-28-180,a39c340ba7e22aa95f5817d3d6d811c5b9e3188637aaa26bb9fd63970fa96d4d,True,2
99895,4343,280926_ML.npy,2026-09-29,2026-09-29 00:12:38.162378,7C259E,P28A,PIPER AIRCRAFT CORP,PA-28-180,a4f08b9905ece524b8f1c2f488c17b1bf49af9a481b72b8573409f112b6212cf,True,1
99896,4344,280926_ML.npy,2026-09-29,2026-09-29 00:12:40.917955,7C259E,P28A,PIPER AIRCRAFT CORP,PA-28-180,eeb2a4cd4b5b0b9e35c25493b48c3f28ef83c513d14ca02c7b738e387d3fc8e0,True,1
99897,4345,280926_ML.npy,2026-09-29,2026-09-29 00:12:40.921753,7C259E,P28A,PIPER AIRCRAFT CORP,PA-28-180,61097785f8810a8b87111ee16495356390c524b1f81a734601f4f764e6c5ba0e,True,2
99899,4347,280926_ML.npy,2026-09-29,2026-09-29 00:12:43.102824,7C259E,P28A,PIPER AIRCRAFT CORP,PA-28-180,0c5271b3cfcd87296376ee02518d00deb4d696bc4a4cef1ee84cb96e86910c50,True,1
99901,4349,280926_ML.npy,2026-09-29,2026-09-29 00:12:46.318256,7C259E,P28A,PIPER AIRCRAFT CORP,PA-28-180,69568e47f1a694f07d2162ea753f9a47446cd9e87d7d7b201f3fd05b61a7bb9a,True,2
99902,4350,280926_ML.npy,2026-09-29,2026-09-29 00:12:46.321201,7C259E,P28A,PIPER AIRCRAFT CORP,PA-28-180,b26e62832ce776bf09f2874b1e934b9d741c621b5e66d2fafd8d8c5e7faca7a9,True,3
99903,4351,280926_ML.npy,2026-09-29,2026-09-29 00:12:47.687198,7C259E,P28A,PIPER AIRCRAFT CORP,PA-28-180,d16169798bbea726eb61c08506dac34285a72e85ce52c5ed1e05023957a0c0e4,True,3
99904,4352,280926_ML.npy,2026-09-29,2026-09-29 00:12:47.693990,7C259E,P28A,PIPER AIRCRAFT CORP,PA-28-180,49a5dad98b96a9b23689596cef7a83342b67f9eae4078453b201785afa9f2186,True,5
99905,4353,280926_ML.npy,2026-09-29,2026-09-29 00:12:47.937016,7C259E,P28A,PIPER AIRCRAFT CORP,PA-28-180,0c5271b3cfcd87296376ee02518d00deb4d696bc4a4cef1ee84cb96e86910c50,True,2
99906,4354,280926_ML.npy,2026-09-29,2026-09-29 00:12:48.635773,7C259E,P28A,PIPER AIRCRAFT CORP,PA-28-180,f186556717ce493931823de4fb166f46ce361c0a4bac76317821bbe612cbb727,True,5
99907,4355,280926_ML.npy,2026-09-29,2026-09-29 00:12:48.642954,7C259E,P28A,PIPER AIRCRAFT CORP,PA-28-180,1493c19a42b929420441e2bc403c16c217f43bf6999a710b14dceb3c4d13d200,True,1
99908,4356,280926_ML.npy,2026-09-29,2026-09-29 00:12:49.594412,7C259E,P28A,PIPER AIRCRAFT CORP,PA-28-180,b69124332cf1508b9797e234c3e8d3eae622728924e9f9d7b51a22f9b3a604fe,True,5
99909,4357,280926_ML.npy,2026-09-29,2026-09-29 00:12:50.678085,7C259E,P28A,PIPER AIRCRAFT CORP,PA-28-180,a377225606b5c0a24ac21715d14e94a25dd642c172d1c077d38de0a3710cb6eb,True,5
99910,4358,280926_ML.npy,2026-09-29,2026-09-29 00:12:52.720650,7C259E,P28A,PIPER AIRCRAFT CORP,PA-28-180,aee574cceca5da0a761e6af8b585112dd829e5ebceb573e3f21f348c3f34cd64,True,2
99911,4359,280926_ML.npy,2026-09-29,2026-09-29 00:12:52.895696,7C259E,P28A,PIPER AIRCRAFT CORP,PA-28-180,0c5271b3cfcd87296376ee02518d00deb4d696bc4a4cef1ee84cb96e86910c50,True,3
99912,4360,280926_ML.npy,2026-09-29,2026-09-29 00:12:53.735130,7C259E,P28A,PIPER AIRCRAFT CORP,PA-28-180,0afc02d284c9a89e801cd203bb9340c30e26e96e0c1cb6465dc42b5abeb5e96e,True,4
99915,4363,280926_ML.npy,2026-09-29,2026-09-29 00:12:54.333559,7C259E,P28A,PIPER AIRCRAFT CORP,PA-28-180,2cb35942d87676b070730ab95ebbdaf3bfa06cee08e75953ff75058f938e382f,True,1
99916,4364,280926_ML.npy,2026-09-29,2026-09-29 00:12:54.736598,7C259E,P28A,PIPER AIRCRAFT CORP,PA-28-180,f814fe4768d73b79f4b5f3464fd79e678f8e412e3ab2fdb9159f3f8a8522a764,True,2
99917,4365,280926_ML.npy,2026-09-29,2026-09-29 00:12:54.741006,7C259E,P28A,PIPER AIRCRAFT CORP,PA-28-180,5ecc7e845d6715e089d7150c4817f74f78619bae5a032d9eaac501b24aa57023,True,4
99920,4368,280926_ML.npy,2026-09-29,2026-09-29 00:12:56.145974,7C259E,P28A,PIPER AIRCRAFT CORP,PA-28-180,3531440edfc0051cf57af253d1847dfebda8e2b0487a9dee23c43d1a18c7708d,True,2
99925,4373,280926_ML.npy,2026-09-29,2026-09-29 00:13:01.168070,7C259E,P28A,PIPER AIRCRAFT CORP,PA-28-180,cff4c5127258353a02399b638ce8b8c43e607a7f630aacba048408d6c8a66ef2,True,1
99926,4374,280926_ML.npy,2026-09-29,2026-09-29 00:13:01.175488,7C259E,P28A,PIPER AIRCRAFT CORP,PA-28-180,495c810711d9eb952b69409c26cec8ab5ba60d6b4e4029d0d0fc53252113b1f3,True,3
99927,4375,280926_ML.npy,2026-09-29,2026-09-29 00:13:02.159514,7C259E,P28A,PIPER AIRCRAFT CORP,PA-28-180,b069ddcbdc3cadec799d258201c544b96930837e474df5f71e3ce396d08be2dd,True,4
99928,4376,280926_ML.npy,2026-09-29,2026-09-29 00:13:02.666994,7C259E,P28A,PIPER AIRCRAFT CORP,PA-28-180,5fd18ee5ff84fa02f8ef36d9b1278e865de621be6ad25c8790bb3ed3b20ef4a7,True,1
99929,4377,280926_ML.npy,2026-09-29,2026-09-29 00:13:02.835313,7C259E,P28A,PIPER AIRCRAFT CORP,PA-28-180,cd3724509647243e1d36ddb3e2d81ca575a6049b74255801f3471c7a8166350f,True,4
99931,4379,280926_ML.npy,2026-09-29,2026-09-29 00:13:06.147998,7C259E,P28A,PIPER AIRCRAFT CORP,PA-28-180,406bbc8f14489030d19b01931a52766f50cbea5e0437d1513d2e5e8d6ba442b6,True,3
99932,4380,280926_ML.npy,2026-09-29,2026-09-29 00:13:06.153049,7C259E,P28A,PIPER AIRCRAFT CORP,PA-28-180,81fce7fb310400b007b03a853a4192c45d50f14b482c4fa0cc6a9143b61217af,True,2
99935,4383,280926_ML.npy,2026-09-29,2026-09-29 00:13:09.115448,7C259E,P28A,PIPER AIRCRAFT CORP,PA-28-180,17e962c3d1a439e08de2f65ce05c2223577d661fe70a4d4de0564a3bcb40fdb7,True,1
99937,4385,280926_ML.npy,2026-09-29,2026-09-29 00:13:10.349189,7C259E,P28A,PIPER AIRCRAFT CORP,PA-28-180,cd3724509647243e1d36ddb3e2d81ca575a6049b74255801f3471c7a8166350f,True,1
99938,4386,280926_ML.npy,2026-09-29,2026-09-29 00:13:11.668125,7C259E,P28A,PIPER AIRCRAFT CORP,PA-28-180,613419ba1f7d6ff2dc28ddf772f49348480ab259f37a7664af35ef925821f383,True,5
99939,4387,280926_ML.npy,2026-09-29,2026-09-29 00:13:12.839530,7C259E,P28A,PIPER AIRCRAFT CORP,PA-28-180,cd3724509647243e1d36ddb3e2d81ca575a6049b74255801f3471c7a8166350f,True,4
99940,4388,280926_ML.npy,2026-09-29,2026-09-29 00:13:13.141380,7C259E,P28A,PIPER AIRCRAFT CORP,PA-28-180,e2ad75ddf71ab4c02b36832e69b65a9e9c9fb0e283fc3b6896dcc188c55faa1a,True,4
99943,4391,280926_ML.npy,2026-09-29,2026-09-29 00:13:21.916617,7C259E,P28A,PIPER AIRCRAFT CORP,PA-28-180,450f5758c63ed00daf60ed43ec399733e89563a4b0664e769ba09d01bbd1c947,True,5
99944,4392,280926_ML.npy,2026-09-29,2026-09-29 00:13:22.935678,7C259E,P28A,PIPER AIRCRAFT CORP,PA-28-180,43b4ca0e49f3048a5f9f747c9ca923c0a8dfd6983d80e2cae566da97abfbd855,True,5
99945,4393,280926_ML.npy,2026-09-29,2026-09-29 00:13:24.438159,7C259E,P28A,PIPER AIRCRAFT CORP,PA-28-180,9a1cee6c09b3e4cbd355c56b7eed729af46e18fe195cd5c004e7027b38608921,True,2
99946,4394,280926_ML.npy,2026-09-29,2026-09-29 00:13:24.441846,7C259E,P28A,PIPER AIRCRAFT CORP,PA-28-180,0e2041e8308892a280e3bbe8806f778d86e4a323e5c294866178692ece235e94,True,4
99949,4397,280926_ML.npy,2026-09-29,2026-09-29 00:13:39.793676,7C7C3E,DA40,DIAMOND AIRCRAFT INDUSTRIES INC.,DA 40,8c3d91b15e55c87ecc9525c88a61fb8b6f99db69c10b5d26322b23df520d79ac,True,3
99954,4402,280926_ML.npy,2026-09-29,2026-09-29 00:13:48.855400,7C4E44,DA40,DIAMOND AIRCRAFT INDUSTRIES INC.,DA 40,725873d5851d89abe4d1b24922ad86f2183e707a1ea29741ba80a6b0b3041e52,True,3
99964,4412,280926_ML.npy,2026-09-29,2026-09-29 00:13:54.850610,7C7C3E,DA40,DIAMOND AIRCRAFT INDUSTRIES INC.,DA 40,8ac94de2f1abcb923ec6f6f4d60328c3fbdc9a8c99da2a6d8c36bb422cb8ec69,True,2
99972,4420,280926_ML.npy,2026-09-29,2026-09-29 00:14:11.267057,7C4E44,DA40,DIAMOND AIRCRAFT INDUSTRIES INC.,DA 40,725873d5851d89abe4d1b24922ad86f2183e707a1ea29741ba80a6b0b3041e52,True,2
99979,4427,280926_ML.npy,2026-09-29,2026-09-29 00:14:16.561504,7C4E44,DA40,DIAMOND AIRCRAFT INDUSTRIES INC.,DA 40,95ad7662719de84601ed169bb6f6a99197777ea680e60fecf5b0b4370ce41d3b,True,5
99980,4428,280926_ML.npy,2026-09-29,2026-09-29 00:14:16.700105,7C4E44,DA40,DIAMOND AIRCRAFT INDUSTRIES INC.,DA 40,df2ffc471b31efffa81bfa5816132c516debabce742b6b64e7c93d0a42f373e1,True,4
100003,4451,280926_ML.npy,2026-09-29,2026-09-29 00:14:32.560608,7C4E44,DA40,DIAMOND AIRCRAFT INDUSTRIES INC.,DA 40,18c8b7b5018e874be0da8d506fa3bcb151cb4e35ec3d4edcbd14686ac70b2267,True,3
100012,4460,280926_ML.npy,2026-09-29,2026-09-29 00:14:41.719996,7C67D0,C172,CESSNA AIRCRAFT COMPANY,172S,24a884fa37255412d945785b5badc8e8dc250f877571b01d04e00c2121bbae2f,True,5
100029,4477,280926_ML.npy,2026-09-29,2026-09-29 00:15:04.550343,7C67D0,C172,CESSNA AIRCRAFT COMPANY,172S,f0f9ea4b9db1611ff83d6294fe28a93228906c9b628cb50de3efcb2ace63dc07,True,1
100038,4486,280926_ML.npy,2026-09-29,2026-09-29 00:15:08.728441,7C67D0,C172,CESSNA AIRCRAFT COMPANY,172S,66e6a833531d132d084c1667c961394914d0ddc9ba92cbe0f9dc4434e1d5de13,True,1
100047,4495,280926_ML.npy,2026-09-29,2026-09-29 00:15:12.098202,7C67D0,C172,CESSNA AIRCRAFT COMPANY,172S,f151757db0eaf0fff96f01f6f9caf2dd1e370a7ba69377736763226fd615b630,True,3
100049,4497,280926_ML.npy,2026-09-29,2026-09-29 00:15:15.071744,7C67D0,C172,CESSNA AIRCRAFT COMPANY,172S,742b26d109cc1658353b1f7271da3eef1e660eab3b08d73a646a5d123fa8ffc5,True,2
100054,4502,280926_ML.npy,2026-09-29,2026-09-29 00:15:17.219760,7C67D0,C172,CESSNA AIRCRAFT COMPANY,172S,f0f9ea4b9db1611ff83d6294fe28a93228906c9b628cb50de3efcb2ace63dc07,True,4
100061,4509,280926_ML.npy,2026-09-29,2026-09-29 00:15:22.224206,7C67D0,C172,CESSNA AIRCRAFT COMPANY,172S,f0f9ea4b9db1611ff83d6294fe28a93228906c9b628cb50de3efcb2ace63dc07,True,4
100062,4510,280926_ML.npy,2026-09-29,2026-09-29 00:15:23.229054,7C7B56,DA40,DIAMOND AIRCRAFT INDUSTRIES INC.,DA 40,82fe9552d10a51c5641921a2c969e7982ccff6a89c23338ab6f4bde4e67f8c89,True,1
100072,4520,280926_ML.npy,2026-09-29,2026-09-29 00:15:30.995586,7C67D0,C172,CESSNA AIRCRAFT COMPANY,172S,6171b892c6161344ded2c96090bfd22824b583cedd6541bba1ee35149c2a92cb,True,5
100074,4522,280926_ML.npy,2026-09-29,2026-09-29 00:15:34.325953,7C67D0,C172,CESSNA AIRCRAFT COMPANY,172S,78c0f70f8a56cd7475ca1c9f26189b0e6da438ea2bdb3058ddd1bf9a7fdc5c9b,True,4
100078,4526,280926_ML.npy,2026-09-29,2026-09-29 00:15:36.705071,7C67D0,C172,CESSNA AIRCRAFT COMPANY,172S,7715f40e606cc492853868890a2dd6a3d2b6460a94bc2d43dd521a53d77cb6c5,True,3
100081,4529,280926_ML.npy,2026-09-29,2026-09-29 00:15:38.233216,7C67D0,C172,CESSNA AIRCRAFT COMPANY,172S,de12db354d4f7d0c00b857390497c2c71ccde824ae16998630afc3bc6e275653,True,5
100082,4530,280926_ML.npy,2026-09-29,2026-09-29 00:15:39.701530,7C67D0,C172,CESSNA AIRCRAFT COMPANY,172S,3d237ce8ed826d89f85ef98c98c122c68d271ea6a5e9af34b1b88b95c88731c3,True,2
100087,4535,280926_ML.npy,2026-09-29,2026-09-29 00:15:43.143957,7C67D0,C172,CESSNA AIRCRAFT COMPANY,172S,880ab5341e29aa4038adc975bfb57be95ad0ab8148016d86810845140dc68a1c,True,2
100094,4542,280926_ML.npy,2026-09-29,2026-09-29 00:15:51.600347,7C67D0,C172,CESSNA AIRCRAFT COMPANY,172S,310eba604a023dd69bc2589ec0ac0ae886ef2bd3a7855ce3af83fee4f8ef4c08,True,2
100095,4543,280926_ML.npy,2026-09-29,2026-09-29 00:15:52.617093,7C67D0,C172,CESSNA AIRCRAFT COMPANY,172S,5f9feacfbccac69bd5062f7d183e970efc300499c01745119c61172569568dbd,True,5
100096,4544,280926_ML.npy,2026-09-29,2026-09-29 00:15:52.621149,7C67D0,C172,CESSNA AIRCRAFT COMPANY,172S,10dde94f068ebf52528317c6ec09d6aab1e04577bb82d3ade4bd0087aa8608c7,True,1
100098,4546,280926_ML.npy,2026-09-29,2026-09-29 00:15:54.466817,7C67D0,C172,CESSNA AIRCRAFT COMPANY,172S,f0f9ea4b9db1611ff83d6294fe28a93228906c9b628cb50de3efcb2ace63dc07,True,2
100099,4547,280926_ML.npy,2026-09-29,2026-09-29 00:15:54.613618,7C67D0,C172,CESSNA AIRCRAFT COMPANY,172S,dbbd0d2ad962e8d45d543b724c6c99d1dccbc26226fd8c2f65818cfd674be7a0,True,5
100101,4549,280926_ML.npy,2026-09-29,2026-09-29 00:15:55.026890,7C67D0,C172,CESSNA AIRCRAFT COMPANY,172S,15534f0fb7d23ec3eb26167c06c9e3919286287da248e78506106620fd47e154,True,4
100102,4550,280926_ML.npy,2026-09-29,2026-09-29 00:15:55.046834,7C67D0,C172,CESSNA AIRCRAFT COMPANY,172S,742b26d109cc1658353b1f7271da3eef1e660eab3b08d73a646a5d123fa8ffc5,True,1
100105,4553,280926_ML.npy,2026-09-29,2026-09-29 00:15:57.973497,7C67D0,C172,CESSNA AIRCRAFT COMPANY,172S,929c697c5d028d8da041726dc36fb651fe571d4f53e4cbffa2694476ec09caf1,True,3
100106,4554,280926_ML.npy,2026-09-29,2026-09-29 00:15:58.877379,7C67D0,C172,CESSNA AIRCRAFT COMPANY,172S,c7c0e6dbb53cce61ca8ef4ecf61f45da90c5c170d9e78eeda81c5ff1fe71951b,True,3
100116,4564,280926_ML.npy,2026-09-29,2026-09-29 00:16:03.935248,7C67D0,C172,CESSNA AIRCRAFT COMPANY,172S,ff2891d9ea0cfaaa53c56c8a70040a0e01ea1d57f2393a9f41f523c9cf3f5e0b,True,4
100126,4574,280926_ML.npy,2026-09-29,2026-09-29 00:16:08.118419,7C67D0,C172,CESSNA AIRCRAFT COMPANY,172S,6171b892c6161344ded2c96090bfd22824b583cedd6541bba1ee35149c2a92cb,True,4
100127,4575,280926_ML.npy,2026-09-29,2026-09-29 00:16:10.424404,7C67D0,C172,CESSNA AIRCRAFT COMPANY,172S,cc7483e9549b54da640642099fac10086501d02d76a0f929beac577e293ba0b0,True,3
100135,4583,280926_ML.npy,2026-09-29,2026-09-29 00:16:32.511436,7C4E44,DA40,DIAMOND AIRCRAFT INDUSTRIES INC.,DA 40,6a84d85a52767b534332c29a1c24125d5428ae15c489a1224bf5dc730e5bc53e,True,4
100141,4589,280926_ML.npy,2026-09-29,2026-09-29 00:16:35.935983,7C4E44,DA40,DIAMOND AIRCRAFT INDUSTRIES INC.,DA 40,d3fd89c2cba692aaf4fa3be3b7053fb4fde9224cf3a143bd3d5b8c97ae7a07ad,True,4
100144,4592,280926_ML.npy,2026-09-29,2026-09-29 00:16:37.015026,7C4E44,DA40,DIAMOND AIRCRAFT INDUSTRIES INC.,DA 40,c46d6af4959a912e74af2689d39ed158c1e3f9244ff95557aa35444324f15afe,True,5
100149,4597,280926_ML.npy,2026-09-29,2026-09-29 00:16:53.560593,7C4E44,DA40,DIAMOND AIRCRAFT INDUSTRIES INC.,DA 40,6b66a8459aca155ee8bdd11c74776f00734c97a0a9ca3de3d93beada4641e70b,True,2
100155,4603,280926_ML.npy,2026-09-29,2026-09-29 00:16:56.596595,7C4E44,DA40,DIAMOND AIRCRAFT INDUSTRIES INC.,DA 40,6726ca72e5bff53e4a928d68ef87324f7eee260e99a04df70e3e38e2c336afd2,True,1
100162,4610,280926_ML.npy,2026-09-29,2026-09-29 00:17:00.940664,7C4E44,DA40,DIAMOND AIRCRAFT INDUSTRIES INC.,DA 40,74f76d017e8ecf423dfe200eb0ac8dcb37e35b323501535633dbc9537ba96b98,True,5
100171,4619,280926_ML.npy,2026-09-29,2026-09-29 00:17:09.755300,7C4E44,DA40,DIAMOND AIRCRAFT INDUSTRIES INC.,DA 40,4c933045b59ddf972e883ba3b86338628ba217f490fd7d3eb2cb78e4c0f94cc2,True,1
100180,4628,280926_ML.npy,2026-09-29,2026-09-29 00:17:15.700392,7C7B56,DA40,DIAMOND AIRCRAFT INDUSTRIES INC.,DA 40,476e7ba9deeff141351117dd168287e4ec7927a3bc53edc5f42fc9aa7a81b862,True,5
100186,4634,280926_ML.npy,2026-09-29,2026-09-29 00:17:22.989779,7C7B56,DA40,DIAMOND AIRCRAFT INDUSTRIES INC.,DA 40,ea8937ba22717dd628dfa379a0497220d4eab746caab397d8c5bd8bb92c29bd1,True,2
100209,4657,280926_ML.npy,2026-09-29,2026-09-29 00:18:11.674007,7C67D0,C172,CESSNA AIRCRAFT COMPANY,172S,0620ac24552b367651628d5ab689214b826362bb01a134f2c4db43509b9cfd11,True,2
100226,4674,280926_ML.npy,2026-09-29,2026-09-29 00:18:57.423192,7C7B5E,DA40,DIAMOND AIRCRAFT INDUSTRIES INC.,DA 40,83a82244558e265816a6b4d2f178e25e5153200ae7dcc52add8e810102d77b82,True,4
100258,4706,280926_ML.npy,2026-09-29,2026-09-29 00:20:26.191233,7C67D0,C172,CESSNA AIRCRAFT COMPANY,172S,029560f22c9e19714cc5f35ad82005538669f3d63d1d40100ac45500912be230,True,2
100265,4713,280926_ML.npy,2026-09-29,2026-09-29 00:20:34.101958,7C67D0,C172,CESSNA AIRCRAFT COMPANY,172S,f0f9ea4b9db1611ff83d6294fe28a93228906c9b628cb50de3efcb2ace63dc07,True,3
100267,4715,280926_ML.npy,2026-09-29,2026-09-29 00:20:35.167171,7C67D0,C172,CESSNA AIRCRAFT COMPANY,172S,770cc955643edf26580630edb8d7b37c73ede8d996cdd3bca2bf4f3fb79429d9,True,1
100270,4718,280926_ML.npy,2026-09-29,2026-09-29 00:20:39.747216,7C67D0,C172,CESSNA AIRCRAFT COMPANY,172S,6bcc5cf6965c16bf1202d8bb70ab4a12371dafbdcb3849195ba166502798a0b5,True,3
100277,4725,280926_ML.npy,2026-09-29,2026-09-29 00:20:55.113553,7C67D0,C172,CESSNA AIRCRAFT COMPANY,172S,e9a1f11122225b52405558e707951c4cb79fd22a2717b56745ba121c2f77100b,True,5
100286,4734,280926_ML.npy,2026-09-29,2026-09-29 00:21:03.433663,7C67D0,C172,CESSNA AIRCRAFT COMPANY,172S,6171b892c6161344ded2c96090bfd22824b583cedd6541bba1ee35149c2a92cb,True,4
100287,4735,280926_ML.npy,2026-09-29,2026-09-29 00:21:04.604359,7C67D0,C172,CESSNA AIRCRAFT COMPANY,172S,bc11bd38502316ad9272e35a9e880ff0c8eee20b4f3e5886492face0c79a3a9f,True,1
100290,4738,280926_ML.npy,2026-09-29,2026-09-29 00:21:09.721834,7C67D0,C172,CESSNA AIRCRAFT COMPANY,172S,fc5ab2b4c798faad6bd2b1931aa928ee6efaea6d878c5950d5bbb6a922584f70,True,3
100297,4745,280926_ML.npy,2026-09-29,2026-09-29 00:21:16.800716,7C67D0,C172,CESSNA AIRCRAFT COMPANY,172S,bcd99fa23657df2ec485e5eac66a951bf0d5458452bf548b0123f259c7de2261,True,1
100300,4748,280926_ML.npy,2026-09-29,2026-09-29 00:21:20.427495,7C67D0,C172,CESSNA AIRCRAFT COMPANY,172S,468bf93ce2b9de71e1ef9e581ed9a4dde8b70c3508057134a71e00cb2abb8cfe,True,4
100306,4754,280926_ML.npy,2026-09-29,2026-09-29 00:21:24.802584,7C67D0,C172,CESSNA AIRCRAFT COMPANY,172S,7f6fa25572c99f3f1fbc03bb50311f79e673e8dd8ff620c080514361a602fc98,True,2
100328,4776,280926_ML.npy,2026-09-29,2026-09-29 00:23:32.120137,7C7C3E,DA40,DIAMOND AIRCRAFT INDUSTRIES INC.,DA 40,261ca42565b891b2d6f67136c06c1d47e4c4afd53ba8b5e89e541b8ab8a82bd7,True,1
100344,4792,280926_ML.npy,2026-09-29,2026-09-29 00:23:46.768733,7C7C3E,DA40,DIAMOND AIRCRAFT INDUSTRIES INC.,DA 40,a365c6d073f31a44320e9eb45494dd0ee5addc8556584116d59efa36d8f2ff0a,True,2
100375,4823,280926_ML.npy,2026-09-29,2026-09-29 00:25:51.254963,7C168D,DA40,DIAMOND AIRCRAFT INDUSTRIES INC.,DA 40,f133b96de3dce079b2ebce7f738b0c7bf506d865829e3e31f8891fb1639b21ab,True,3
100380,4828,280926_ML.npy,2026-09-29,2026-09-29 00:25:56.456286,7C168D,DA40,DIAMOND AIRCRAFT INDUSTRIES INC.,DA 40,d318985c1d9fa6f03c0cfd4a4c422362fe0464979d50758a99a696c690773316,True,1
100381,4829,280926_ML.npy,2026-09-29,2026-09-29 00:26:07.355892,7C67D0,C172,CESSNA AIRCRAFT COMPANY,172S,f0f9ea4b9db1611ff83d6294fe28a93228906c9b628cb50de3efcb2ace63dc07,True,3
100394,4842,280926_ML.npy,2026-09-29,2026-09-29 00:26:29.954731,7C67D0,C172,CESSNA AIRCRAFT COMPANY,172S,f0f9ea4b9db1611ff83d6294fe28a93228906c9b628cb50de3efcb2ace63dc07,True,5
100397,4845,280926_ML.npy,2026-09-29,2026-09-29 00:26:36.582130,7C67D0,C172,CESSNA AIRCRAFT COMPANY,172S,5b0a185dbdbbb98fc5b0b8d3d0419a0298a2977734296216d6b7cd37777e0207,True,4
100402,4850,280926_ML.npy,2026-09-29,2026-09-29 00:26:45.143744,7C67D0,C172,CESSNA AIRCRAFT COMPANY,172S,b7d8b99380e156981c3dee94c312a9af266849e8a344240b005c83d904b07d2a,True,2
100405,4853,280926_ML.npy,2026-09-29,2026-09-29 00:26:46.663515,7C67D0,C172,CESSNA AIRCRAFT COMPANY,172S,6171b892c6161344ded2c96090bfd22824b583cedd6541bba1ee35149c2a92cb,True,5
100414,4862,280926_ML.npy,2026-09-29,2026-09-29 00:26:56.711037,7C67D0,C172,CESSNA AIRCRAFT COMPANY,172S,854c4ee773c162c45c71673df62d525dce8fe38e43ee47232eea31c2a45f92f4,True,3
100416,4864,280926_ML.npy,2026-09-29,2026-09-29 00:26:57.575587,7C67D0,C172,CESSNA AIRCRAFT COMPANY,172S,87111d9e6dcbdd018906b431d9049ea0b905637bfe116aa424cc85e1d6e422c6,True,1
100417,4865,280926_ML.npy,2026-09-29,2026-09-29 00:26:57.869467,7C67D0,C172,CESSNA AIRCRAFT COMPANY,172S,6171b892c6161344ded2c96090bfd22824b583cedd6541bba1ee35149c2a92cb,True,4
100420,4868,280926_ML.npy,2026-09-29,2026-09-29 00:27:01.430585,7C67D0,C172,CESSNA AIRCRAFT COMPANY,172S,1e5d0d0f357cc7ae90fa3ed818d6cf9bf93466d8814f04f5bd5a3ea4967dd454,True,4
100422,4870,280926_ML.npy,2026-09-29,2026-09-29 00:27:02.347341,7C67D0,C172,CESSNA AIRCRAFT COMPANY,172S,5940e06ccd1ca70f1a5a133a8d902133d97e224d9778c988c6853f38a5e6ba38,True,1
100423,4871,280926_ML.npy,2026-09-29,2026-09-29 00:27:02.353580,7C67D0,C172,CESSNA AIRCRAFT COMPANY,172S,aa239b81231e1f65d023183b9719de5eadce2a913c2a3f87d3a7fc6e3999022e,True,2
100434,4882,280926_ML.npy,2026-09-29,2026-09-29 00:27:20.256309,7C67D0,C172,CESSNA AIRCRAFT COMPANY,172S,421732262fa3ba485fa3626a69dadf73ba3099f911fd3ab99e3f35d5b9696cea,True,4
100435,4883,280926_ML.npy,2026-09-29,2026-09-29 00:27:20.261221,7C67D0,C172,CESSNA AIRCRAFT COMPANY,172S,b7d3d114b40bae43f701584af6fa242dc384d4c6600c7578b516267bc534d43d,True,3
100440,4888,280926_ML.npy,2026-09-29,2026-09-29 00:27:21.839325,7C67D0,C172,CESSNA AIRCRAFT COMPANY,172S,c3aca205957447f34343e0e3475335556b37d2f573b871e0b60bc0870ebc1e9b,True,5
100448,4896,280926_ML.npy,2026-09-29,2026-09-29 00:28:16.236120,7C7B64,DA40,DIAMOND AIRCRAFT INDUSTRIES INC.,DA 40,a2dfc6cff2c91e143503c4570688c27ea9bb62a230b505abedcce4337ba29db6,True,5
100457,4905,280926_ML.npy,2026-09-29,2026-09-29 00:28:31.021244,7C7B64,DA40,DIAMOND AIRCRAFT INDUSTRIES INC.,DA 40,ecbcf697b52a6d2d9a555800bc147a9e7d4edaedd89165bf3bb9e0b8186cd05a,True,1
100487,4935,280926_ML.npy,2026-09-29,2026-09-29 00:29:37.561555,7C67D0,C172,CESSNA AIRCRAFT COMPANY,172S,aca7365095796b4632e335bfd566595957747bb750b630786c2bac1db1e6c868,True,4
100492,4940,280926_ML.npy,2026-09-29,2026-09-29 00:29:54.664882,7C7C3E,DA40,DIAMOND AIRCRAFT INDUSTRIES INC.,DA 40,0beab5a58cd381284b81ecc0e66104e9644833141e133ee76a9c78516fcd6f9e,True,2
100517,4965,280926_ML.npy,2026-09-29,2026-09-29 00:30:52.936914,7C0077,DA40,DIAMOND AIRCRAFT INDUSTRIES INC.,DA 40,46bd19366aa0c8709f0949d213f44143d531b9cb83eae65471bfc7af9b7626e0,True,5
100527,4975,280926_ML.npy,2026-09-29,2026-09-29 00:31:49.253014,7C67D0,C172,CESSNA AIRCRAFT COMPANY,172S,a32571784e66369e931f38bcebdbea875ebbc8bb057936401146613b6cd7791d,True,5
100531,4979,280926_ML.npy,2026-09-29,2026-09-29 00:32:00.835914,7C67D0,C172,CESSNA AIRCRAFT COMPANY,172S,bd1e5602e74066d1b8edc8c281597eee8a6e0e3da089d7eb663e7d46840f9211,True,1
100537,4985,280926_ML.npy,2026-09-29,2026-09-29 00:32:15.836080,7C67D0,C172,CESSNA AIRCRAFT COMPANY,172S,7bc0b3122bc306ffc1d3f0fd6caa8a1a66a379ea1a615a9d26c0ea64d3e7147e,True,3
100539,4987,280926_ML.npy,2026-09-29,2026-09-29 00:32:26.814937,7C67D0,C172,CESSNA AIRCRAFT COMPANY,172S,2a3628adcb5fa12a27c7d0af2d9f97ac2328e0077b4216e60f229c823d990061,True,2
100547,4995,280926_ML.npy,2026-09-29,2026-09-29 00:32:35.644338,7C67D0,C172,CESSNA AIRCRAFT COMPANY,172S,6171b892c6161344ded2c96090bfd22824b583cedd6541bba1ee35149c2a92cb,True,5
100551,4999,280926_ML.npy,2026-09-29,2026-09-29 00:32:38.559054,7C67D0,C172,CESSNA AIRCRAFT COMPANY,172S,95882496330e40b21aacb25b03db953644976e180dcb7a3706c089a69e75afa1,True,1
100553,5001,280926_ML.npy,2026-09-29,2026-09-29 00:32:42.587104,7C67D0,C172,CESSNA AIRCRAFT COMPANY,172S,742b26d109cc1658353b1f7271da3eef1e660eab3b08d73a646a5d123fa8ffc5,True,1
100558,5006,280926_ML.npy,2026-09-29,2026-09-29 00:32:47.501355,7C67D0,C172,CESSNA AIRCRAFT COMPANY,172S,074233aebfeb561135f6441181c3dc72df7ee930cc9360a1bb9091ad97462236,True,4
100575,5023,280926_ML.npy,2026-09-29,2026-09-29 00:34:12.586659,7C7BD9,DA42,DIAMOND AIRCRAFT INDUSTRIES INC.,DA 42,a91a53f0aa14fa6e31c49e85516ba22bb384c8eb0208e3c89eef30b76fdb44a8,True,2
100585,5033,280926_ML.npy,2026-09-29,2026-09-29 00:35:05.045909,7C7C3E,DA40,DIAMOND AIRCRAFT INDUSTRIES INC.,DA 40,93e8744b93cfa9da0f11ae84241ee30c0d815834841af917d11372bfa2e76b11,True,4
100596,5044,280926_ML.npy,2026-09-29,2026-09-29 00:35:25.432613,7C7C3E,DA40,DIAMOND AIRCRAFT INDUSTRIES INC.,DA 40,4f35f342e2fd6549bd37ce302b85ac1e5df4e448b425f0ecc8a1521a23f34130,True,5
100625,5073,280926_ML.npy,2026-09-29,2026-09-29 00:36:06.565292,7C7AF7,DA40,DIAMOND AIRCRAFT INDUSTRIES INC.,DA 40,78c9c1133241c97016e71ecfb1000d0baa784e3cac2b365037622211850898a8,True,4
100635,5083,280926_ML.npy,2026-09-29,2026-09-29 00:36:12.900812,7C7AF7,DA40,DIAMOND AIRCRAFT INDUSTRIES INC.,DA 40,c7e6f789e128ed966fb079bec17bd6159554992d0241b86cf1a1f3cd21871562,True,5
100670,5118,280926_ML.npy,2026-09-29,2026-09-29 00:37:38.910997,7C41FD,DA40,DIAMOND AIRCRAFT INDUSTRIES INC.,DA 40,febf211c50e1f4acff30c8c65e634a643f60e40b824beb2b8e2b5eed822acaa1,True,3
100676,5124,280926_ML.npy,2026-09-29,2026-09-29 00:37:47.944502,7C41FD,DA40,DIAMOND AIRCRAFT INDUSTRIES INC.,DA 40,a28c113b5ef6782ded5f608f6bbdaee8ac5fde6b22160619768893b6a7055983,True,5
100687,5135,280926_ML.npy,2026-09-29,2026-09-29 00:38:33.430989,7C67D0,C172,CESSNA AIRCRAFT COMPANY,172S,18ad1561a7917bb05fe6080c9d0f824e48b8123176c1cd20920ed2c2058fefb9,True,5
100747,5195,280926_ML.npy,2026-09-29,2026-09-29 00:39:30.920359,7C67D0,C172,CESSNA AIRCRAFT COMPANY,172S,cce892e81c743d70dc46af6d2e8feb4a5dd5719de107eda513347f45591d047e,True,2
100750,5198,280926_ML.npy,2026-09-29,2026-09-29 00:39:31.640460,7C67D0,C172,CESSNA AIRCRAFT COMPANY,172S,f0f9ea4b9db1611ff83d6294fe28a93228906c9b628cb50de3efcb2ace63dc07,True,3
100753,5201,280926_ML.npy,2026-09-29,2026-09-29 00:39:32.703332,7C67D0,C172,CESSNA AIRCRAFT COMPANY,172S,b7d8b99380e156981c3dee94c312a9af266849e8a344240b005c83d904b07d2a,True,2
100754,5202,280926_ML.npy,2026-09-29,2026-09-29 00:39:33.962873,7C67D0,C172,CESSNA AIRCRAFT COMPANY,172S,742b26d109cc1658353b1f7271da3eef1e660eab3b08d73a646a5d123fa8ffc5,True,5
100755,5203,280926_ML.npy,2026-09-29,2026-09-29 00:39:34.141359,7C67D0,C172,CESSNA AIRCRAFT COMPANY,172S,f0f9ea4b9db1611ff83d6294fe28a93228906c9b628cb50de3efcb2ace63dc07,True,4
100776,5224,280926_ML.npy,2026-09-29,2026-09-29 00:39:58.447530,7C7C3E,DA40,DIAMOND AIRCRAFT INDUSTRIES INC.,DA 40,9932b16b045ccc71b278d5090b958a9d102e2621ce182c1176eae8a2761dc247,True,4
100783,5231,280926_ML.npy,2026-09-29,2026-09-29 00:40:08.476913,7C7C3E,DA40,DIAMOND AIRCRAFT INDUSTRIES INC.,DA 40,f106b47e2f81472bd4005640c0fda9eef7b5d639ff1f9b939a8e6beef39a38d0,True,4
100790,5238,280926_ML.npy,2026-09-29,2026-09-29 00:40:16.879428,7C7C3E,DA40,DIAMOND AIRCRAFT INDUSTRIES INC.,DA 40,48040d95447abb638fa47f2f867e681d637af9db9a64d7b02b44705413e07892,True,3
100798,5246,280926_ML.npy,2026-09-29,2026-09-29 00:40:25.856329,7C7C3E,DA40,DIAMOND AIRCRAFT INDUSTRIES INC.,DA 40,93e8744b93cfa9da0f11ae84241ee30c0d815834841af917d11372bfa2e76b11,True,4
100809,5257,280926_ML.npy,2026-09-29,2026-09-29 00:41:06.837701,7C0077,DA40,DIAMOND AIRCRAFT INDUSTRIES INC.,DA 40,84b66c4e8345da46ab3db6406290d5cf988fe4d1eb63e41c99ca7b487ff332e2,True,1
100814,5262,280926_ML.npy,2026-09-29,2026-09-29 00:41:34.888765,7C67D0,C172,CESSNA AIRCRAFT COMPANY,172S,fceeb934d93f527fbb54c810692e6f3292f726948a342f22d080ceaacc17a389,True,3
100823,5271,280926_ML.npy,2026-09-29,2026-09-29 00:42:39.036308,7C67D3,C172,CESSNA AIRCRAFT COMPANY,172S,7809a9b2921aacdbdf6327d923bc11c7338254fd3e514b63b20fdba44b585e51,True,2
100839,5287,280926_ML.npy,2026-09-29,2026-09-29 00:43:00.690208,7C67D3,C172,CESSNA AIRCRAFT COMPANY,172S,20294d0221eef1781ad7be5c5482c4784e6de91914743834f184ae0ce531f976,True,4
100846,5294,280926_ML.npy,2026-09-29,2026-09-29 00:43:06.514760,7C67D3,C172,CESSNA AIRCRAFT COMPANY,172S,0dd01317db252b941da78cd08da0f378d0150f5d01e664ba1401d3822251d07a,True,5
100850,5298,280926_ML.npy,2026-09-29,2026-09-29 00:43:11.250500,7C67D3,C172,CESSNA AIRCRAFT COMPANY,172S,977f9065746a36803d1b2b637b36d2afb5010349653a4b73c2da37097280353e,True,2
100851,5299,280926_ML.npy,2026-09-29,2026-09-29 00:43:12.309342,7C67D3,C172,CESSNA AIRCRAFT COMPANY,172S,b5eb2c50d67f19fc69794286ef2fb1f2b3f0b37292543e69bf4c1d69347d51e5,True,3
100856,5304,280926_ML.npy,2026-09-29,2026-09-29 00:43:15.785772,7C67D3,C172,CESSNA AIRCRAFT COMPANY,172S,38525487686555f7eae06243c09d494755d0b51f17a310dff5d71f60491efcc1,True,5
100862,5310,280926_ML.npy,2026-09-29,2026-09-29 00:43:23.047173,7C67D3,C172,CESSNA AIRCRAFT COMPANY,172S,b5eb2c50d67f19fc69794286ef2fb1f2b3f0b37292543e69bf4c1d69347d51e5,True,2
100884,5332,280926_ML.npy,2026-09-29,2026-09-29 00:44:01.423061,7C67D0,C172,CESSNA AIRCRAFT COMPANY,172S,6cd7a26e5d331200afdb26fd4929f17e85b2c56d13d99a517569e7f467f68f8a,True,2
100893,5341,280926_ML.npy,2026-09-29,2026-09-29 00:44:15.552372,7C41FD,DA40,DIAMOND AIRCRAFT INDUSTRIES INC.,DA 40,6e65912edcbe4fd14c8c9d999fb28ecafcf3aaa02818441145c4a6e96d5804b2,True,3
100896,5344,280926_ML.npy,2026-09-29,2026-09-29 00:44:16.379360,7C67D0,C172,CESSNA AIRCRAFT COMPANY,172S,4db31bb0972ea1efa2f28ab92d2e82fbca58d55149ea7e85977cf933bbcb32f2,True,2
100897,5345,280926_ML.npy,2026-09-29,2026-09-29 00:44:16.384663,7C67D0,C172,CESSNA AIRCRAFT COMPANY,172S,7a844b286efb3f39de85d44876f62685256513fd5690057ec2edc261625de710,True,2
100899,5347,280926_ML.npy,2026-09-29,2026-09-29 00:44:16.930671,7C67D0,C172,CESSNA AIRCRAFT COMPANY,172S,44643ea6c33466e9d3b681e914143a1baf69e11c968e615dfe0066acf63e278b,True,5
100901,5349,280926_ML.npy,2026-09-29,2026-09-29 00:44:17.859826,7C67D0,C172,CESSNA AIRCRAFT COMPANY,172S,a6b6b222c5a9ce97664b187324b77fae3a78bf2c5f961736f5291e18023ea52b,True,3
100903,5351,280926_ML.npy,2026-09-29,2026-09-29 00:44:22.434891,7C67D0,C172,CESSNA AIRCRAFT COMPANY,172S,0cf965fc0725d9d5aad7a6ec0de4d3ab84fcf0c8817834df164d3b15ebfbc0ab,True,2
100910,5358,280926_ML.npy,2026-09-29,2026-09-29 00:44:32.388233,7C67D0,C172,CESSNA AIRCRAFT COMPANY,172S,6603c66c9733a83af83023f8d9a276eced5708761828553c6f5472f06dfa7727,True,5
100916,5364,280926_ML.npy,2026-09-29,2026-09-29 00:44:37.004492,7C67D0,C172,CESSNA AIRCRAFT COMPANY,172S,6171b892c6161344ded2c96090bfd22824b583cedd6541bba1ee35149c2a92cb,True,5
100922,5370,280926_ML.npy,2026-09-29,2026-09-29 00:44:44.329889,7C67D0,C172,CESSNA AIRCRAFT COMPANY,172S,de22bed8eef3e40f9aa0c64077bc70ed24b14bd4300af83fc4261aa3780c196c,True,3
100924,5372,280926_ML.npy,2026-09-29,2026-09-29 00:44:44.574058,7C67D0,C172,CESSNA AIRCRAFT COMPANY,172S,6171b892c6161344ded2c96090bfd22824b583cedd6541bba1ee35149c2a92cb,True,5
100938,5386,280926_ML.npy,2026-09-29,2026-09-29 00:45:09.935819,7C67D0,C172,CESSNA AIRCRAFT COMPANY,172S,6ed9fae629f464f1c768ee6f3906832d2da96336965159338627b4ac711e2233,True,3
100952,5400,280926_ML.npy,2026-09-29,2026-09-29 00:45:26.044028,7C67D0,C172,CESSNA AIRCRAFT COMPANY,172S,6171b892c6161344ded2c96090bfd22824b583cedd6541bba1ee35149c2a92cb,True,2
100960,5408,280926_ML.npy,2026-09-29,2026-09-29 00:45:41.110543,7C7C3E,DA40,DIAMOND AIRCRAFT INDUSTRIES INC.,DA 40,48040d95447abb638fa47f2f867e681d637af9db9a64d7b02b44705413e07892,True,3
100983,5431,280926_ML.npy,2026-09-29,2026-09-29 00:48:29.294150,7C7B55,DA40,DIAMOND AIRCRAFT INDUSTRIES INC.,DA 40,33df9d648d77446bb69784c4d90aa819bc0bd35b93b51d7eec9d7aea6bacf18f,True,4
100984,5432,280926_ML.npy,2026-09-29,2026-09-29 00:48:29.297113,7C7B55,DA40,DIAMOND AIRCRAFT INDUSTRIES INC.,DA 40,a6d84953588e0993003bd123e9bf0f82891dd02eb39928c54f1e13f0c6eebd07,True,5
100992,5440,280926_ML.npy,2026-09-29,2026-09-29 00:48:53.283917,7C7B55,DA40,DIAMOND AIRCRAFT INDUSTRIES INC.,DA 40,9c19c886626aebd7a01541c8f6acaa07e660fb0c8d331019430989f5c71dedde,True,5
100997,5445,280926_ML.npy,2026-09-29,2026-09-29 00:48:56.846088,7C7B55,DA40,DIAMOND AIRCRAFT INDUSTRIES INC.,DA 40,d186b1de76c3ab4b7ce1604a16626ca680dbcddb133873da797eafae6b6cdae1,True,5
101001,5449,280926_ML.npy,2026-09-29,2026-09-29 00:48:58.380477,7C41FD,DA40,DIAMOND AIRCRAFT INDUSTRIES INC.,DA 40,909d0133fad97d3504287384e2c4cb28f34796cda620c055816014eae7f86741,True,2
101004,5452,280926_ML.npy,2026-09-29,2026-09-29 00:49:00.591161,7C7B55,DA40,DIAMOND AIRCRAFT INDUSTRIES INC.,DA 40,9c19c886626aebd7a01541c8f6acaa07e660fb0c8d331019430989f5c71dedde,True,3
101019,5467,280926_ML.npy,2026-09-29,2026-09-29 00:49:12.265100,7C41FD,DA40,DIAMOND AIRCRAFT INDUSTRIES INC.,DA 40,c39b2b4008f81221c3cd1bb8d758e2378502defcc26bef68196cbfcc391b5e2f,True,3
101028,5476,280926_ML.npy,2026-09-29,2026-09-29 00:49:17.668715,7C41FD,DA40,DIAMOND AIRCRAFT INDUSTRIES INC.,DA 40,b4b86101b6e707ffd4523388f4799d2d8498e86e5c79ab71087eeecefa0e46a4,True,2
101032,5480,280926_ML.npy,2026-09-29,2026-09-29 00:49:19.578265,7C41FD,DA40,DIAMOND AIRCRAFT INDUSTRIES INC.,DA 40,94d47a08c00afef1ac25107004f9614d7a35bbab752711150c1425c1b7879ce7,True,2
101035,5483,280926_ML.npy,2026-09-29,2026-09-29 00:49:20.699527,7C7B55,DA40,DIAMOND AIRCRAFT INDUSTRIES INC.,DA 40,77f09ce5763952c162ea1c38ee9a90cc07658f7e98ce5cb5db7ab2e1a7926489,True,3
101067,5515,280926_ML.npy,2026-09-29,2026-09-29 00:49:47.884839,7C41FD,DA40,DIAMOND AIRCRAFT INDUSTRIES INC.,DA 40,870665a24c9cdccee64436b8f7b69b4ee29a77586b88cf16f09e0312661b4a6b,True,3
101073,5521,280926_ML.npy,2026-09-29,2026-09-29 00:50:43.565319,7C7C3E,DA40,DIAMOND AIRCRAFT INDUSTRIES INC.,DA 40,c27232d871e538df5ba8c6d8ae19d0cabb6bc3b9974f3047456fdd9a16117cd5,True,4
101079,5527,280926_ML.npy,2026-09-29,2026-09-29 00:51:17.525712,7C0077,DA40,DIAMOND AIRCRAFT INDUSTRIES INC.,DA 40,5235eec55cb0796eb28b00e93bec7120c6e2ed750f0e851a506c45c8014d1e35,True,2
101144,5592,280926_ML.npy,2026-09-29,2026-09-29 00:54:55.038313,7C41FD,DA40,DIAMOND AIRCRAFT INDUSTRIES INC.,DA 40,2ba7b28fa1314a5148076782aacd515beb0d66e55ae9059566f8850bb518a29e,True,4
101154,5602,280926_ML.npy,2026-09-29,2026-09-29 00:55:06.602058,7C41FD,DA40,DIAMOND AIRCRAFT INDUSTRIES INC.,DA 40,27d2176bb7b030991120028b69317d02039760f6f7171fb607dea8573a0f39b8,True,4
101162,5610,280926_ML.npy,2026-09-29,2026-09-29 00:55:09.290409,7C41FD,DA40,DIAMOND AIRCRAFT INDUSTRIES INC.,DA 40,306be36841e0190696ddead0ed397a572ef4b62523496962c22b49a0fc6a0bdf,True,3
101194,5642,280926_ML.npy,2026-09-29,2026-09-29 00:55:27.152850,7C41FD,DA40,DIAMOND AIRCRAFT INDUSTRIES INC.,DA 40,7f39055f46dc41e4dcd2bbe783e61e29a96cf833aad23346c6a030e26e4470c2,True,2
101196,5644,280926_ML.npy,2026-09-29,2026-09-29 00:55:28.485636,7C7C3E,DA40,DIAMOND AIRCRAFT INDUSTRIES INC.,DA 40,8a3cc31a01ad71eb38a12b0a240f35707cd5015864ce1ea350edf1fa60763b92,True,4
101208,5656,280926_ML.npy,2026-09-29,2026-09-29 00:55:33.628599,7C7C3E,DA40,DIAMOND AIRCRAFT INDUSTRIES INC.,DA 40,0b7eac70773aaf11d06e0643ae9507634f52f513acc209f526c5a1dc21f27a40,True,1
101227,5675,280926_ML.npy,2026-09-29,2026-09-29 00:55:41.504622,7C7C3E,DA40,DIAMOND AIRCRAFT INDUSTRIES INC.,DA 40,143e086a1d2b5c9971258dcd39e45c21bbb75be60a8a013f2d2c63f192966b81,True,1
101243,5691,280926_ML.npy,2026-09-29,2026-09-29 00:56:11.879053,7C7C3E,DA40,DIAMOND AIRCRAFT INDUSTRIES INC.,DA 40,bbfa78cc43a35789fa572c46714126391cddd1f101e1602bb162ae7a4881e748,True,2
101244,5692,280926_ML.npy,2026-09-29,2026-09-29 00:56:15.731390,7C7C3E,DA40,DIAMOND AIRCRAFT INDUSTRIES INC.,DA 40,4c0417f507213dbf13f40823683a18ac776d437668c13e125b57119e68d89608,True,2
101248,5696,280926_ML.npy,2026-09-29,2026-09-29 00:56:20.320588,7C7C3E,DA40,DIAMOND AIRCRAFT INDUSTRIES INC.,DA 40,04c893fd746355721defb61615bb9852f26dd9188f8155ea223584fd888d57a3,True,5
101249,5697,280926_ML.npy,2026-09-29,2026-09-29 00:56:20.327634,7C7C3E,DA40,DIAMOND AIRCRAFT INDUSTRIES INC.,DA 40,6bef552c2de031ba9a14a7a25d86dee40ef0cdbccf2c28efcfe1e3e11365a749,True,4
101250,5698,280926_ML.npy,2026-09-29,2026-09-29 00:56:23.894081,7C7C3E,DA40,DIAMOND AIRCRAFT INDUSTRIES INC.,DA 40,830b672d2ea3913c8610777b6aff7a6bf44fbf82e81a2b43685f4cf1f7781984,True,1
101262,5710,280926_ML.npy,2026-09-29,2026-09-29 00:56:59.369053,7C0077,DA40,DIAMOND AIRCRAFT INDUSTRIES INC.,DA 40,f37a7ab77e372368a54c15a8933bbb687cd2e286d11cc20f7c15905cfba534e8,True,3
101263,5711,280926_ML.npy,2026-09-29,2026-09-29 00:56:59.411523,7C0077,DA40,DIAMOND AIRCRAFT INDUSTRIES INC.,DA 40,fad0feed02fb710d5f684b8cfb44fe1bf61a5324403f4576d2f9e063c08ca34b,True,1
101278,5726,280926_ML.npy,2026-09-29,2026-09-29 00:57:15.062924,7C7B60,DA40,DIAMOND AIRCRAFT INDUSTRIES INC.,DA 40,0eceebc165fe8c0884a0d4cc167c7a7e656120fa3ca34994bfa67ce7f42fcb2e,True,1
101279,5727,280926_ML.npy,2026-09-29,2026-09-29 00:57:15.107953,7C7C3E,DA40,DIAMOND AIRCRAFT INDUSTRIES INC.,DA 40,6cb4a95c74ed7d32d833d614d8d814965b86857c540cd17e690bef7b8553cbe6,True,2
101288,5736,280926_ML.npy,2026-09-29,2026-09-29 00:57:24.436190,7C7B60,DA40,DIAMOND AIRCRAFT INDUSTRIES INC.,DA 40,bcedc8808eb9cdf7b8ce0fd2cac75da9f18c279eaae2698038d7c4658adf4ac6,True,4
101295,5743,280926_ML.npy,2026-09-29,2026-09-29 00:57:35.023495,7C7B60,DA40,DIAMOND AIRCRAFT INDUSTRIES INC.,DA 40,529c9011085357538c134f14464a32ce1bc1cf3f257d32c98b6dfb2749da1c95,True,3
101296,5744,280926_ML.npy,2026-09-29,2026-09-29 00:57:35.123614,7C7B60,DA40,DIAMOND AIRCRAFT INDUSTRIES INC.,DA 40,0b8dca93056eef21c5050d9083baa7f253c0a8c9d7d2d15d0b58ad4b2b21acb0,True,2
101346,5794,280926_ML.npy,2026-09-29,2026-09-29 00:59:01.474040,7C1687,DA40,DIAMOND AIRCRAFT INDUSTRIES INC.,DA 40,89dbfa3d7fa2ecdef16a41912e2ad2158c3eb3642892d63da30b86c2fa331505,True,1
101357,5805,280926_ML.npy,2026-09-29,2026-09-29 00:59:20.488184,7C7B65,DA40,DIAMOND AIRCRAFT INDUSTRIES INC.,DA 40,665140bcf944ada492b32fd65066b3e1d9ab6df34aa50ca5d95713323545d71b,True,5
101362,5810,280926_ML.npy,2026-09-29,2026-09-29 00:59:25.693525,7C7B65,DA40,DIAMOND AIRCRAFT INDUSTRIES INC.,DA 40,dd32de5a1c2232f80e05c04084761ebc32ca09983647029738cd31007100bf19,True,3
101369,5817,280926_ML.npy,2026-09-29,2026-09-29 00:59:33.887626,7C7B65,DA40,DIAMOND AIRCRAFT INDUSTRIES INC.,DA 40,ebddf48ec63df25f893864cabefc7a1addaf3b709cc294c4bd82f7397adc2604,True,5
101384,5832,280926_ML.npy,2026-09-29,2026-09-29 00:59:47.910210,7C7C3E,DA40,DIAMOND AIRCRAFT INDUSTRIES INC.,DA 40,020e182d2112a79aff10f2a00b51fb5860d5f821ff55ae9e9e10c31c665313f4,True,3
101393,5841,280926_ML.npy,2026-09-29,2026-09-29 00:59:57.348100,7C7C3E,DA40,DIAMOND AIRCRAFT INDUSTRIES INC.,DA 40,400d0c0c71a04d8e23ad63db22556f4d17ff9cdeac9f6d9f1fe03b7021135dfd,True,5
101398,5846,280926_ML.npy,2026-09-29,2026-09-29 01:00:01.912754,7C582C,DA40,DIAMOND AIRCRAFT INDUSTRIES INC.,DA 40,fcc349d55ce7a85a43869c4f9d781ddd55f3eed3b610217527847b6167bf581c,True,2
101416,5864,280926_ML.npy,2026-09-29,2026-09-29 01:00:15.851498,7C582C,DA40,DIAMOND AIRCRAFT INDUSTRIES INC.,DA 40,c72508406c2969be1833bbef3cad29e4b23b6a1948a7d9874909d5e67f5511aa,True,2
101435,5883,280926_ML.npy,2026-09-29,2026-09-29 01:00:30.285137,7C7AF8,DA40,DIAMOND AIRCRAFT INDUSTRIES INC.,DA 40,f7459efb1c3b6e7efb12e74555943d13726d093be9b95b5fdcb1829e0831418c,True,3
101462,5910,280926_ML.npy,2026-09-29,2026-09-29 01:01:24.038588,7C41FD,DA40,DIAMOND AIRCRAFT INDUSTRIES INC.,DA 40,819c26b017de6759389fd31a65ba74e0e2ecfbfbc2b21e3370b2f36baba3aefb,True,3
101488,5936,280926_ML.npy,2026-09-29,2026-09-29 01:01:47.434260,7C7B65,DA40,DIAMOND AIRCRAFT INDUSTRIES INC.,DA 40,bea1cae3adf144dba04f48f2dc9da6aca90badf8b9569338e9279801fcefd53e,True,1
101489,5937,280926_ML.npy,2026-09-29,2026-09-29 01:01:48.442910,7C7B65,DA40,DIAMOND AIRCRAFT INDUSTRIES INC.,DA 40,e61ea8fab06b9723dca78e988c4619273c25b6d3076d579746ab2c3cb2db9b91,True,1
101491,5939,280926_ML.npy,2026-09-29,2026-09-29 01:01:49.408983,7C7B65,DA40,DIAMOND AIRCRAFT INDUSTRIES INC.,DA 40,bddb7f512839710d5052b2079cda5e29fd83a3afee008e561a33749fa8429b8f,True,5
101558,6006,280926_ML.npy,2026-09-29,2026-09-29 01:02:55.869635,7C0077,DA40,DIAMOND AIRCRAFT INDUSTRIES INC.,DA 40,2eabe8e85b7eef117c39e98238bc0b20bb71d0fce1d20d9c7964714ebc0ed009,True,3
101614,6062,280926_ML.npy,2026-09-29,2026-09-29 01:04:05.591875,7C1687,DA40,DIAMOND AIRCRAFT INDUSTRIES INC.,DA 40,e0e69af3d0f94f615149f8dc54b6ef1f57caca0484baa448a183b41481c71132,True,2
101627,6075,280926_ML.npy,2026-09-29,2026-09-29 01:04:30.974410,7C1687,DA40,DIAMOND AIRCRAFT INDUSTRIES INC.,DA 40,c44de4bd2667387b43d84d55aaafd4bcfacac80bb6595b102c6ca28f50421871,True,5
101645,6093,280926_ML.npy,2026-09-29,2026-09-29 01:05:46.558255,7C7C2E,DA40,DIAMOND AIRCRAFT INDUSTRIES INC.,DA 40,aad543bad08bc11be34842000bda84912b008d2b141123c9ba8e487fbda882ff,True,4
101650,6098,280926_ML.npy,2026-09-29,2026-09-29 01:05:51.135789,7C7C2E,DA40,DIAMOND AIRCRAFT INDUSTRIES INC.,DA 40,cf1cf555a775c50935b36dd9c8a8e898a0377c9599f865503f4d96e1178db06d,True,5
101651,6099,280926_ML.npy,2026-09-29,2026-09-29 01:05:51.491631,7C7C2E,DA40,DIAMOND AIRCRAFT INDUSTRIES INC.,DA 40,aad543bad08bc11be34842000bda84912b008d2b141123c9ba8e487fbda882ff,True,1
101657,6105,280926_ML.npy,2026-09-29,2026-09-29 01:05:56.129937,7C7C2E,DA40,DIAMOND AIRCRAFT INDUSTRIES INC.,DA 40,cf1cf555a775c50935b36dd9c8a8e898a0377c9599f865503f4d96e1178db06d,True,3
101663,6111,280926_ML.npy,2026-09-29,2026-09-29 01:06:03.906976,7C7C2E,DA40,DIAMOND AIRCRAFT INDUSTRIES INC.,DA 40,e404b3a772c13ef74d3a79e5b9309f875da98698d0d3087b2d9da645a7c67a0f,True,4
101672,6120,280926_ML.npy,2026-09-29,2026-09-29 01:06:13.357332,7C7C2E,DA40,DIAMOND AIRCRAFT INDUSTRIES INC.,DA 40,7e8fb857bf6ec37804d00823678c9651a0e81cd61f39de748c5c776f16224b15,True,2
101704,6152,280926_ML.npy,2026-09-29,2026-09-29 01:06:56.702534,7C41FD,DA40,DIAMOND AIRCRAFT INDUSTRIES INC.,DA 40,421afc6172091c1f7f1d484a937ac08da1ea6d152374c7965487e28cad606acd,True,5
101737,6185,280926_ML.npy,2026-09-29,2026-09-29 01:08:28.677824,7C1687,DA40,DIAMOND AIRCRAFT INDUSTRIES INC.,DA 40,305c7b338b03abaa13456d3e3e6b382bf0bfbf17982655336a97ef50b8205ddc,True,1
101761,6209,280926_ML.npy,2026-09-29,2026-09-29 01:09:58.099240,7C1687,DA40,DIAMOND AIRCRAFT INDUSTRIES INC.,DA 40,af3fcd11b0aba9d1f92fd02f7f8223e08a7af9fda8c9966a31454d1e30e65070,True,3
101792,6240,280926_ML.npy,2026-09-29,2026-09-29 01:11:45.004842,7C41FD,DA40,DIAMOND AIRCRAFT INDUSTRIES INC.,DA 40,d5e6c5888ef07dd038f4d48d3e4567894bb2b9ce6fce5c19b7ba73c9c8d3bd74,True,1
101796,6244,280926_ML.npy,2026-09-29,2026-09-29 01:11:46.941088,7C41FD,DA40,DIAMOND AIRCRAFT INDUSTRIES INC.,DA 40,03b99fbc4d22c33feb81db4f1fede2283b610ba2db8d76f1fc17ed036da61a16,True,2
101815,6263,280926_ML.npy,2026-09-29,2026-09-29 01:12:08.270782,7C41FD,DA40,DIAMOND AIRCRAFT INDUSTRIES INC.,DA 40,421afc6172091c1f7f1d484a937ac08da1ea6d152374c7965487e28cad606acd,True,2
101819,6267,280926_ML.npy,2026-09-29,2026-09-29 01:12:13.036411,7C41FD,DA40,DIAMOND AIRCRAFT INDUSTRIES INC.,DA 40,a828aba334dae049ebd69e53ee61a4db8469dc1ba7a1c234420ada9f2f803301,True,1
101822,6270,280926_ML.npy,2026-09-29,2026-09-29 01:12:15.913548,7C41FD,DA40,DIAMOND AIRCRAFT INDUSTRIES INC.,DA 40,edafe308f2232058bd87b202395d15e4993c873c7853e5612a741f4c65c57653,True,5
101829,6277,280926_ML.npy,2026-09-29,2026-09-29 01:12:57.349177,7C0077,DA40,DIAMOND AIRCRAFT INDUSTRIES INC.,DA 40,bc8ceee4a522749ec9175ff8d151d4c51042db33bf629a2e8528ab3f71f1f5e0,True,2
101880,6328,280926_ML.npy,2026-09-29,2026-09-29 01:13:52.222125,7C0077,DA40,DIAMOND AIRCRAFT INDUSTRIES INC.,DA 40,fad0feed02fb710d5f684b8cfb44fe1bf61a5324403f4576d2f9e063c08ca34b,True,3
101891,6339,280926_ML.npy,2026-09-29,2026-09-29 01:14:02.987361,7C7BD9,DA42,DIAMOND AIRCRAFT INDUSTRIES INC.,DA 42,a9f4a3ec0abae32007948a4e799a35452f1c1290c9d577563c8481abc229c916,True,4
101900,6348,280926_ML.npy,2026-09-29,2026-09-29 01:14:11.173501,7C7BD9,DA42,DIAMOND AIRCRAFT INDUSTRIES INC.,DA 42,eba612b81c5d3c21460bce9b656bc340cde0f42160c063fe53d53e36a78d0bd5,True,5
101903,6351,280926_ML.npy,2026-09-29,2026-09-29 01:14:13.524634,7C1687,DA40,DIAMOND AIRCRAFT INDUSTRIES INC.,DA 40,04f64f1f6c35bf1f4be7b5d7d5f5ff089b900b10c95d613e6d8c61d4766e8022,True,1
101909,6357,280926_ML.npy,2026-09-29,2026-09-29 01:14:16.873566,7C7BD9,DA42,DIAMOND AIRCRAFT INDUSTRIES INC.,DA 42,b0b610b5e0611fe50485a448ed5e12f7419d4b9ada99318d7a2c14219b983c14,True,1
101911,6359,280926_ML.npy,2026-09-29,2026-09-29 01:14:21.026203,7C7BD9,DA42,DIAMOND AIRCRAFT INDUSTRIES INC.,DA 42,405a902b48d199a48c23a5232b0adb41c9952381325f828d0743c6866778e368,True,3
101914,6362,280926_ML.npy,2026-09-29,2026-09-29 01:14:22.371418,7C7BD9,DA42,DIAMOND AIRCRAFT INDUSTRIES INC.,DA 42,eff257b9cc62a52756801e8e9f091c38661ffa1a204191ec518f9519d6e5113a,True,4
101916,6364,280926_ML.npy,2026-09-29,2026-09-29 01:14:27.874797,7C7BD9,DA42,DIAMOND AIRCRAFT INDUSTRIES INC.,DA 42,ed05c86cf59ba621af4418ee7ca9fe020dd19e7c519e6a0ba23a13031f916d4f,True,3
101917,6365,280926_ML.npy,2026-09-29,2026-09-29 01:14:29.553789,7C7BD9,DA42,DIAMOND AIRCRAFT INDUSTRIES INC.,DA 42,d63d36b15001fa83501e91f8202194a6fdad700ed99dc8a1e69f5c42d2bcce59,True,2
101920,6368,280926_ML.npy,2026-09-29,2026-09-29 01:14:33.943631,7C7BD9,DA42,DIAMOND AIRCRAFT INDUSTRIES INC.,DA 42,860274581561bcd05bde08cbd1cf25a0db60415a8e761b85970d196cabcde378,True,1
101923,6371,280926_ML.npy,2026-09-29,2026-09-29 01:14:35.863825,7C7BD9,DA42,DIAMOND AIRCRAFT INDUSTRIES INC.,DA 42,0e08a8b681e531307c02c766bd42cd7873dc04cb60376da61592ed2a28915e8d,True,3
101925,6373,280926_ML.npy,2026-09-29,2026-09-29 01:14:36.345431,7C7BD9,DA42,DIAMOND AIRCRAFT INDUSTRIES INC.,DA 42,4a21367a2124862de74dc7a4c6b7b9b3944bcf676d2f7687bca4fbbd4ae726bd,True,4
101926,6374,280926_ML.npy,2026-09-29,2026-09-29 01:14:39.584701,7C7BD9,DA42,DIAMOND AIRCRAFT INDUSTRIES INC.,DA 42,b0b610b5e0611fe50485a448ed5e12f7419d4b9ada99318d7a2c14219b983c14,True,2
101932,6380,280926_ML.npy,2026-09-29,2026-09-29 01:14:47.755710,7C7BD9,DA42,DIAMOND AIRCRAFT INDUSTRIES INC.,DA 42,eff257b9cc62a52756801e8e9f091c38661ffa1a204191ec518f9519d6e5113a,True,4
101934,6382,280926_ML.npy,2026-09-29,2026-09-29 01:14:56.885698,7C7BD9,DA42,DIAMOND AIRCRAFT INDUSTRIES INC.,DA 42,8a7109124b712af33f4b985a4483c5b053d06ac0046cba7f5e3bdd43ab9358e6,True,3
101935,6383,280926_ML.npy,2026-09-29,2026-09-29 01:14:57.425458,7C7BD9,DA42,DIAMOND AIRCRAFT INDUSTRIES INC.,DA 42,eff257b9cc62a52756801e8e9f091c38661ffa1a204191ec518f9519d6e5113a,True,5
101936,6384,280926_ML.npy,2026-09-29,2026-09-29 01:14:58.287219,7C7BD9,DA42,DIAMOND AIRCRAFT INDUSTRIES INC.,DA 42,b0b610b5e0611fe50485a448ed5e12f7419d4b9ada99318d7a2c14219b983c14,True,1
101981,6429,280926_ML.npy,2026-09-29,2026-09-29 01:16:21.960081,7C1687,DA40,DIAMOND AIRCRAFT INDUSTRIES INC.,DA 40,0381db2e4e8de212a2d8ffa5f8c04e90b78ad4f278f80f64a2c1a0ecf9521877,True,5
102012,6460,280926_ML.npy,2026-09-29,2026-09-29 01:17:04.789092,7C41FD,DA40,DIAMOND AIRCRAFT INDUSTRIES INC.,DA 40,498ddb00a2ff0b46ff9da8667aaff12f8da2e27b1a778dd80a6023df274ec0c0,True,3
102040,6488,280926_ML.npy,2026-09-29,2026-09-29 01:17:28.313215,7C7BD9,DA42,DIAMOND AIRCRAFT INDUSTRIES INC.,DA 42,6290250df7a5b2fdc89c8b1b059023ee50309bca0527a1c218093ac9ef46c5ea,True,4
102042,6490,280926_ML.npy,2026-09-29,2026-09-29 01:17:32.657910,7C7BD9,DA42,DIAMOND AIRCRAFT INDUSTRIES INC.,DA 42,20c93d7c7f18eba74cd071204a3184c4eeec5b0296008bc491c8680cf7216c00,True,5
102046,6494,280926_ML.npy,2026-09-29,2026-09-29 01:17:41.223596,7C7BD9,DA42,DIAMOND AIRCRAFT INDUSTRIES INC.,DA 42,eff257b9cc62a52756801e8e9f091c38661ffa1a204191ec518f9519d6e5113a,True,5
102050,6498,280926_ML.npy,2026-09-29,2026-09-29 01:17:44.631581,7C7BD9,DA42,DIAMOND AIRCRAFT INDUSTRIES INC.,DA 42,410c17985a70d3cafbc60588721c38c00b77a61496b41d52b2cdf45cf2d5f12c,True,4
102054,6502,280926_ML.npy,2026-09-29,2026-09-29 01:17:46.099595,7C7BD9,DA42,DIAMOND AIRCRAFT INDUSTRIES INC.,DA 42,b0b610b5e0611fe50485a448ed5e12f7419d4b9ada99318d7a2c14219b983c14,True,5
102059,6507,280926_ML.npy,2026-09-29,2026-09-29 01:17:51.567972,7C7BD9,DA42,DIAMOND AIRCRAFT INDUSTRIES INC.,DA 42,f668a6851f8f0664ec1c7ea8b3e2b0e243e1983c3e79c943153b0c63eb0f79c0,True,5
102062,6510,280926_ML.npy,2026-09-29,2026-09-29 01:17:57.811053,7C7BD9,DA42,DIAMOND AIRCRAFT INDUSTRIES INC.,DA 42,ed05c86cf59ba621af4418ee7ca9fe020dd19e7c519e6a0ba23a13031f916d4f,True,1
102069,6517,280926_ML.npy,2026-09-29,2026-09-29 01:18:10.329526,7C0077,DA40,DIAMOND AIRCRAFT INDUSTRIES INC.,DA 40,44340239e9a2d76b8f52907677044cea5a2cdcc9a8d7b0d7c7b63f30ccea2fed,True,4
102071,6519,280926_ML.npy,2026-09-29,2026-09-29 01:18:14.680851,7C0077,DA40,DIAMOND AIRCRAFT INDUSTRIES INC.,DA 40,b99607c4d08e2d760b2b205ad9b2bd202be58e715293664077aa91feee7f821d,True,5
102076,6524,280926_ML.npy,2026-09-29,2026-09-29 01:18:19.532812,7C0077,DA40,DIAMOND AIRCRAFT INDUSTRIES INC.,DA 40,ec9b5713ad3a87dfb1f586ce603a3d02e8f0d4df16baa2d22e4c356ce496a3e2,True,3
102080,6528,280926_ML.npy,2026-09-29,2026-09-29 01:18:28.719714,7C7BD9,DA42,DIAMOND AIRCRAFT INDUSTRIES INC.,DA 42,0ef4d075b0c1aeec523578a12c9aa9375e1ddf1173e6cdefee0ed7b13fcd55d0,True,5
102082,6530,280926_ML.npy,2026-09-29,2026-09-29 01:18:29.241125,7C7BD9,DA42,DIAMOND AIRCRAFT INDUSTRIES INC.,DA 42,1a97d6615355bae031a87a340c296c96fade70024800206be7cb3c03b36e0e01,True,1
102083,6531,280926_ML.npy,2026-09-29,2026-09-29 01:18:29.244410,7C7BD9,DA42,DIAMOND AIRCRAFT INDUSTRIES INC.,DA 42,b6a30f8f99c6c5fbe06ab0d04cd3ab00b0d683b13670e3b4fd745d9725b312b9,True,5
102093,6541,280926_ML.npy,2026-09-29,2026-09-29 01:18:50.310933,7C7BD9,DA42,DIAMOND AIRCRAFT INDUSTRIES INC.,DA 42,ed05c86cf59ba621af4418ee7ca9fe020dd19e7c519e6a0ba23a13031f916d4f,True,2
102095,6543,280926_ML.npy,2026-09-29,2026-09-29 01:19:01.981732,7C7BD9,DA42,DIAMOND AIRCRAFT INDUSTRIES INC.,DA 42,1c482d531b7d07528ecef3b1b0043a5068fb11c34c89fd652131c5ec3631d437,True,3
102099,6547,280926_ML.npy,2026-09-29,2026-09-29 01:19:06.325107,7C7BD9,DA42,DIAMOND AIRCRAFT INDUSTRIES INC.,DA 42,8e5d81b11951f00c0930c8724b6cd4d752b6d2093b63298752557e7b78678246,True,4
102100,6548,280926_ML.npy,2026-09-29,2026-09-29 01:19:08.384380,7C7BD9,DA42,DIAMOND AIRCRAFT INDUSTRIES INC.,DA 42,49a463727eba4fcfbf7b6fea4499dd9984330c4b543512e04d59b42cb72c47fc,True,1
102101,6549,280926_ML.npy,2026-09-29,2026-09-29 01:19:08.391126,7C7BD9,DA42,DIAMOND AIRCRAFT INDUSTRIES INC.,DA 42,be61615b43d49c1687393a673070bf1db79ffd7a5ef4cac3b2a1c741e74a85b2,True,3
102104,6552,280926_ML.npy,2026-09-29,2026-09-29 01:19:15.662235,7C7BD9,DA42,DIAMOND AIRCRAFT INDUSTRIES INC.,DA 42,ed05c86cf59ba621af4418ee7ca9fe020dd19e7c519e6a0ba23a13031f916d4f,True,2
102106,6554,280926_ML.npy,2026-09-29,2026-09-29 01:19:18.613100,7C7BD9,DA42,DIAMOND AIRCRAFT INDUSTRIES INC.,DA 42,eda14e5402f086feb6f6c9027cd9a4dcb7ed6b758627c218cb170bdfe2087324,True,2
102107,6555,280926_ML.npy,2026-09-29,2026-09-29 01:19:18.616734,7C7BD9,DA42,DIAMOND AIRCRAFT INDUSTRIES INC.,DA 42,6ff4bf6112e40b0a958410f92eb2269279a07a8d4856ec9470646b422e5da8fd,True,2
102108,6556,280926_ML.npy,2026-09-29,2026-09-29 01:19:19.562047,7C7BD9,DA42,DIAMOND AIRCRAFT INDUSTRIES INC.,DA 42,e0a3eff15ed5e1417960067897467d9ac232acf06a57b5f28a442b9462d14830,True,3
102109,6557,280926_ML.npy,2026-09-29,2026-09-29 01:19:20.597293,7C7BD9,DA42,DIAMOND AIRCRAFT INDUSTRIES INC.,DA 42,b536451c17dd2d828371bb434142f73c2994e77d3baefbbc4a71a68ba706c4f8,True,1
102111,6559,280926_ML.npy,2026-09-29,2026-09-29 01:19:21.038012,7C7BD9,DA42,DIAMOND AIRCRAFT INDUSTRIES INC.,DA 42,eff257b9cc62a52756801e8e9f091c38661ffa1a204191ec518f9519d6e5113a,True,1
102114,6562,280926_ML.npy,2026-09-29,2026-09-29 01:19:24.703824,7C7BD9,DA42,DIAMOND AIRCRAFT INDUSTRIES INC.,DA 42,b0b610b5e0611fe50485a448ed5e12f7419d4b9ada99318d7a2c14219b983c14,True,2
102116,6564,280926_ML.npy,2026-09-29,2026-09-29 01:19:28.039231,7C7BD9,DA42,DIAMOND AIRCRAFT INDUSTRIES INC.,DA 42,c11b26d32a9a2f1d10decfce2c14afed31079f37bc84507264905a9174dd5096,True,4
102118,6566,280926_ML.npy,2026-09-29,2026-09-29 01:19:28.619085,7C7BD9,DA42,DIAMOND AIRCRAFT INDUSTRIES INC.,DA 42,fea9d96603e4d020e8b15a1ea253491be65f0088b035ae4892fb280345292f2f,True,4
102119,6567,280926_ML.npy,2026-09-29,2026-09-29 01:19:28.622223,7C7BD9,DA42,DIAMOND AIRCRAFT INDUSTRIES INC.,DA 42,96486d3063de6483fa16d987ba9cf9a387584f3dd411c46d415b8ff071db1254,True,4
102158,6606,280926_ML.npy,2026-09-29,2026-09-29 01:21:27.142497,7C1687,DA40,DIAMOND AIRCRAFT INDUSTRIES INC.,DA 40,40f5e4b3f1352e9519da0224de82fd1d0c1423ccfc5634074285be0c7d21999d,True,1
102165,6613,280926_ML.npy,2026-09-29,2026-09-29 01:21:32.764085,7C1687,DA40,DIAMOND AIRCRAFT INDUSTRIES INC.,DA 40,ffec8b8260b5636882d846d3a53b8c784d76d2cd44a9c78b2f375256830064e8,True,3
102169,6617,280926_ML.npy,2026-09-29,2026-09-29 01:21:49.957330,7C1687,DA40,DIAMOND AIRCRAFT INDUSTRIES INC.,DA 40,475a37f74020b9b9f54191430467e5208bb7faa9cfc82608b58d7525a7d8f780,True,5
102171,6619,280926_ML.npy,2026-09-29,2026-09-29 01:21:58.599070,7C1687,DA40,DIAMOND AIRCRAFT INDUSTRIES INC.,DA 40,0cf572e4fa54025351cfe501efb7299b16c503448022786fce7735b5e7bfc265,True,5
102172,6620,280926_ML.npy,2026-09-29,2026-09-29 01:21:58.940769,7C1687,DA40,DIAMOND AIRCRAFT INDUSTRIES INC.,DA 40,eb33c9b37fbadbd1bfaa92acd5ca1be186398df649e71e9439bf10e65f0ed811,True,2
102176,6624,280926_ML.npy,2026-09-29,2026-09-29 01:22:06.508930,7C7BD9,DA42,DIAMOND AIRCRAFT INDUSTRIES INC.,DA 42,b0b610b5e0611fe50485a448ed5e12f7419d4b9ada99318d7a2c14219b983c14,True,1
102177,6625,280926_ML.npy,2026-09-29,2026-09-29 01:22:06.889973,7C7BD9,DA42,DIAMOND AIRCRAFT INDUSTRIES INC.,DA 42,eff257b9cc62a52756801e8e9f091c38661ffa1a204191ec518f9519d6e5113a,True,3
102191,6639,280926_ML.npy,2026-09-29,2026-09-29 01:22:21.849414,7C0077,DA40,DIAMOND AIRCRAFT INDUSTRIES INC.,DA 40,20a7fba04e5daabc9f0e522ad541632876b46ff4ec4e7151d19975fefb0c00a2,True,1
102200,6648,280926_ML.npy,2026-09-29,2026-09-29 01:22:35.921748,7C0077,DA40,DIAMOND AIRCRAFT INDUSTRIES INC.,DA 40,bc9030515ebd86089791c5c89f88d4293e286d61efada772ea45276e9acf409e,True,4
102204,6652,280926_ML.npy,2026-09-29,2026-09-29 01:22:45.446615,7C0077,DA40,DIAMOND AIRCRAFT INDUSTRIES INC.,DA 40,fc5ebb51010a97f7bfafa494a7f9db1b4093e0b8654a39d30e262f9106dc6f54,True,1
102209,6657,280926_ML.npy,2026-09-29,2026-09-29 01:22:49.829648,7C7BD9,DA42,DIAMOND AIRCRAFT INDUSTRIES INC.,DA 42,158c7fd96b7c52ec99ba237411b7f8b65ed0404b1ca541704e2ddcff86dbf0cc,True,2
102212,6660,280926_ML.npy,2026-09-29,2026-09-29 01:22:50.997343,7C0077,DA40,DIAMOND AIRCRAFT INDUSTRIES INC.,DA 40,801393ea04a3164f881bee3cbf9519ada73c67aa427b1708870232382521cb0d,True,3
102213,6661,280926_ML.npy,2026-09-29,2026-09-29 01:22:51.003990,7C0077,DA40,DIAMOND AIRCRAFT INDUSTRIES INC.,DA 40,fcae8597eeeef30e47b97b575a40f4162a6b57d0eec8313f3e18e296c6085237,True,3
102220,6668,280926_ML.npy,2026-09-29,2026-09-29 01:22:57.116356,7C7BD9,DA42,DIAMOND AIRCRAFT INDUSTRIES INC.,DA 42,bcd207e38fe4bb37b136a0151a2818ead29e39e64430eb90c23dc1895a74f9e8,True,5
102223,6671,280926_ML.npy,2026-09-29,2026-09-29 01:22:57.139364,7C0077,DA40,DIAMOND AIRCRAFT INDUSTRIES INC.,DA 40,b8496a05116cce44d3097f8254ecef3ea0f68181bdb07c923eecdb91dfe3d8fa,True,2
102226,6674,280926_ML.npy,2026-09-29,2026-09-29 01:22:59.199774,7C0077,DA40,DIAMOND AIRCRAFT INDUSTRIES INC.,DA 40,c225534df349324b937bc6dfde06a3fe6d36dd42a4b9334ab6ea0785aa57e2b6,True,1
102228,6676,280926_ML.npy,2026-09-29,2026-09-29 01:22:59.731264,7C7BD9,DA42,DIAMOND AIRCRAFT INDUSTRIES INC.,DA 42,a73404a5a2731094591213c70ed8bc2fd8e26b99426c434428117ef667366323,True,2
102230,6678,280926_ML.npy,2026-09-29,2026-09-29 01:23:01.735478,7C7BD9,DA42,DIAMOND AIRCRAFT INDUSTRIES INC.,DA 42,2839271cc76a0f620c1c48b3b724314eadfba4626c3479a7b2ad4f5b402eb211,True,1
102232,6680,280926_ML.npy,2026-09-29,2026-09-29 01:23:07.112784,7C7BD9,DA42,DIAMOND AIRCRAFT INDUSTRIES INC.,DA 42,1dff8b8ef4e1ba1791dbd85752a2a20caf25e7ad3809182ce1c2af58820467b8,True,1
102233,6681,280926_ML.npy,2026-09-29,2026-09-29 01:23:08.221981,7C7BD9,DA42,DIAMOND AIRCRAFT INDUSTRIES INC.,DA 42,020f03887b575e731edf04da97cbbe5d4dbbfc9dbf8de39f385212baf3929f80,True,3
102241,6689,280926_ML.npy,2026-09-29,2026-09-29 01:24:20.789404,7C7BD9,DA42,DIAMOND AIRCRAFT INDUSTRIES INC.,DA 42,fbfa1fa9c0b9ccc1342bb49f2a76ef008770e92a9d91ffdbd853111b71895f67,True,2
102247,6695,280926_ML.npy,2026-09-29,2026-09-29 01:24:32.381195,7C7BD9,DA42,DIAMOND AIRCRAFT INDUSTRIES INC.,DA 42,cc75de2d04033978e485426bc12238541dd8ba80fa9694789124c9020cf03019,True,5
102248,6696,280926_ML.npy,2026-09-29,2026-09-29 01:24:33.189749,7C7BD9,DA42,DIAMOND AIRCRAFT INDUSTRIES INC.,DA 42,b2135f48caac7c8bfb8e35b285adf576bbb1c18a494257afdd4cf193a83343b5,True,5
102252,6700,280926_ML.npy,2026-09-29,2026-09-29 01:24:39.471910,7C7BD9,DA42,DIAMOND AIRCRAFT INDUSTRIES INC.,DA 42,d3b2db066576e8f38ac7fb413184fa43efe5aeb87a58dd6c96246217d1b6f817,True,5
102254,6702,280926_ML.npy,2026-09-29,2026-09-29 01:24:43.039130,7C7BD9,DA42,DIAMOND AIRCRAFT INDUSTRIES INC.,DA 42,e320b81916a5c826ef6a0edcc8a82cca3013027fe54141510ce1f445468c63dc,True,5
102259,6707,280926_ML.npy,2026-09-29,2026-09-29 01:24:47.057046,7C7BD9,DA42,DIAMOND AIRCRAFT INDUSTRIES INC.,DA 42,29aa0c8fd028719fb99080686de28b7a8bf391aabbbbe72267870e01f4a10281,True,3
102263,6711,280926_ML.npy,2026-09-29,2026-09-29 01:24:53.324815,7C7BD9,DA42,DIAMOND AIRCRAFT INDUSTRIES INC.,DA 42,8ee51490db1bd3011dbae27894f651a47a81f3f424ff787891c65cab26d5b6ae,True,5
102268,6716,280926_ML.npy,2026-09-29,2026-09-29 01:24:59.351705,7C7BD9,DA42,DIAMOND AIRCRAFT INDUSTRIES INC.,DA 42,3b28bb0a4e881c8af732e831f4fc47f019d4034ced5dce5df3715cfb60c75843,True,4
102269,6717,280926_ML.npy,2026-09-29,2026-09-29 01:24:59.357786,7C7BD9,DA42,DIAMOND AIRCRAFT INDUSTRIES INC.,DA 42,dcb8b6f13c972db57e39e917fd9f6f669f57e007f97103919524f8a1826e0a25,True,4
102274,6722,280926_ML.npy,2026-09-29,2026-09-29 01:25:11.566538,7C7BD9,DA42,DIAMOND AIRCRAFT INDUSTRIES INC.,DA 42,0ede0050628d5658336accc1b5ac97e58620f552aa763a3747d78969aeaee079,True,1
102287,6735,280926_ML.npy,2026-09-29,2026-09-29 01:25:58.228433,7C0074,C172,CESSNA AIRCRAFT COMPANY,172S,3ce829d796f623bc10b62eec37b1757bce3174127e4aaa92e7bccd065065c308,True,5
102290,6738,280926_ML.npy,2026-09-29,2026-09-29 01:26:00.131254,7C0074,C172,CESSNA AIRCRAFT COMPANY,172S,4e3058effa666f02fe16da3440612de7ec8fb5cf49493088d6117bb35dbb3111,True,2
102324,6772,280926_ML.npy,2026-09-29,2026-09-29 01:27:45.347802,7C7BD9,DA42,DIAMOND AIRCRAFT INDUSTRIES INC.,DA 42,06cb0eca0402c317731f178517c3bcdfbbae97eff53a7ba664cc120d6f95734b,True,5
102327,6775,280926_ML.npy,2026-09-29,2026-09-29 01:27:55.207149,7C7BD9,DA42,DIAMOND AIRCRAFT INDUSTRIES INC.,DA 42,1a8fa338be4e791ae880c860116c6ddd97918c0edc7e82896fe960eb6e95baa4,True,4
102328,6776,280926_ML.npy,2026-09-29,2026-09-29 01:27:56.212397,7C7BD9,DA42,DIAMOND AIRCRAFT INDUSTRIES INC.,DA 42,592c6e7414bc0a50633c815a2dc3a00c4608e1c134cd88173ba2638da76ac76e,True,4
102329,6777,280926_ML.npy,2026-09-29,2026-09-29 01:27:56.216810,7C7BD9,DA42,DIAMOND AIRCRAFT INDUSTRIES INC.,DA 42,c59e0712e5f75d23dc7e4c2b07aa782bd2ed62e37b61e0763ed49f569cc1541b,True,5
102332,6780,280926_ML.npy,2026-09-29,2026-09-29 01:28:08.674076,7C7BD9,DA42,DIAMOND AIRCRAFT INDUSTRIES INC.,DA 42,606d54384a1fd10ef240f0f34107abc01637802a10f01907eb012081d79e4103,True,4
102333,6781,280926_ML.npy,2026-09-29,2026-09-29 01:28:09.480512,7C7BD9,DA42,DIAMOND AIRCRAFT INDUSTRIES INC.,DA 42,405a902b48d199a48c23a5232b0adb41c9952381325f828d0743c6866778e368,True,1
102335,6783,280926_ML.npy,2026-09-29,2026-09-29 01:28:11.852457,7C7BD9,DA42,DIAMOND AIRCRAFT INDUSTRIES INC.,DA 42,65b1b792c7e9450cc67e587a93f84d86dd0c17fd3047ce82da8656e5283a8c5b,True,5
102340,6788,280926_ML.npy,2026-09-29,2026-09-29 01:28:15.577187,7C7BD9,DA42,DIAMOND AIRCRAFT INDUSTRIES INC.,DA 42,0711c3e3a99457c77d05a49cbeebc4ca9c303e8682416526a5f5b05ece802b2e,True,5
102342,6790,280926_ML.npy,2026-09-29,2026-09-29 01:28:16.194200,7C0074,C172,CESSNA AIRCRAFT COMPANY,172S,976503016d5c665f8473bf214ed2d2caffef23bfff0437fc180c3b57dd0def7a,True,3
102344,6792,280926_ML.npy,2026-09-29,2026-09-29 01:28:16.643274,7C0074,C172,CESSNA AIRCRAFT COMPANY,172S,1a8f7c8cfebef65da63b3b47df7cbde5798ebc8720bdb7c68840d21753ea40c2,True,1
102348,6796,280926_ML.npy,2026-09-29,2026-09-29 01:28:18.458600,7C7BD9,DA42,DIAMOND AIRCRAFT INDUSTRIES INC.,DA 42,a5d37ae00f8a7bc4f54b94e9aae154b42d41394fe3c876a58983ee6d949286bf,True,5
102350,6798,280926_ML.npy,2026-09-29,2026-09-29 01:28:20.052728,7C0074,C172,CESSNA AIRCRAFT COMPANY,172S,df173b329246ea65b7d2a34cc5cfd034bc4045b824ad5359cb5770af8e378f07,True,5
102361,6809,280926_ML.npy,2026-09-29,2026-09-29 01:28:31.524181,7C0074,C172,CESSNA AIRCRAFT COMPANY,172S,e5aa0c30d10119811e650e9939e6920515f3be642a8a1c7d8bf48f28b1046748,True,4
102387,6835,280926_ML.npy,2026-09-29,2026-09-29 01:28:55.668944,7C7BD9,DA42,DIAMOND AIRCRAFT INDUSTRIES INC.,DA 42,bc463c7d93640b49c626fbfe205a013460c1a67255463d3aad188c0298738f53,True,1
102410,6858,280926_ML.npy,2026-09-29,2026-09-29 01:29:26.918457,7C7BD9,DA42,DIAMOND AIRCRAFT INDUSTRIES INC.,DA 42,ed05c86cf59ba621af4418ee7ca9fe020dd19e7c519e6a0ba23a13031f916d4f,True,4
102412,6860,280926_ML.npy,2026-09-29,2026-09-29 01:29:28.191699,7C7BD9,DA42,DIAMOND AIRCRAFT INDUSTRIES INC.,DA 42,4dc5875cf8bf8f65a570a82814b8841d06c06e3d61fbcdce653f5e012cd1484a,True,2
102414,6862,280926_ML.npy,2026-09-29,2026-09-29 01:29:29.741505,7C7BD9,DA42,DIAMOND AIRCRAFT INDUSTRIES INC.,DA 42,4db22815df019adbf5d1326d37520ecdda98dbdffc65b43a6ba15f51333f03e3,True,1
102416,6864,280926_ML.npy,2026-09-29,2026-09-29 01:29:30.723727,7C7BD9,DA42,DIAMOND AIRCRAFT INDUSTRIES INC.,DA 42,bd79dc0aa1f7aacac21617c863d6f186c746a6433f392c2a70085e0b388fa307,True,5
102418,6866,280926_ML.npy,2026-09-29,2026-09-29 01:29:32.283623,7C7BD9,DA42,DIAMOND AIRCRAFT INDUSTRIES INC.,DA 42,42163f5d224c9f0f58d1d5b54073982f889bac0cd0437ec651671b0c7d546189,True,1
102419,6867,280926_ML.npy,2026-09-29,2026-09-29 01:29:32.290835,7C7BD9,DA42,DIAMOND AIRCRAFT INDUSTRIES INC.,DA 42,d448183c8b109532038085e07e17318f92f211f7646fad299d132ecb80a3a5c1,True,1
102422,6870,280926_ML.npy,2026-09-29,2026-09-29 01:29:33.274201,7C7BD9,DA42,DIAMOND AIRCRAFT INDUSTRIES INC.,DA 42,66b7ab3191711e4d7cddcd694d584aaf4c9cc22be182324da3b78689ceb6fddd,True,4
102423,6871,280926_ML.npy,2026-09-29,2026-09-29 01:29:35.103246,7C7BD9,DA42,DIAMOND AIRCRAFT INDUSTRIES INC.,DA 42,3482fc599df18a03948749f3638ba6a684b8244610c72ae56dbf05264ebc07e2,True,4
102425,6873,280926_ML.npy,2026-09-29,2026-09-29 01:29:35.885604,7C7BD9,DA42,DIAMOND AIRCRAFT INDUSTRIES INC.,DA 42,6afc14423345d1e69ca60cf53c8125aa5db3340256438c7bd53a76f8dd03c4f5,True,5
102426,6874,280926_ML.npy,2026-09-29,2026-09-29 01:29:35.889888,7C7BD9,DA42,DIAMOND AIRCRAFT INDUSTRIES INC.,DA 42,9a19d6a4d05fd76ec6c7e9cbb315f323aa9721dee0c5a8cf43121d31d940312a,True,4
102429,6877,280926_ML.npy,2026-09-29,2026-09-29 01:29:38.793850,7C7BD9,DA42,DIAMOND AIRCRAFT INDUSTRIES INC.,DA 42,405a902b48d199a48c23a5232b0adb41c9952381325f828d0743c6866778e368,True,3
102432,6880,280926_ML.npy,2026-09-29,2026-09-29 01:29:42.308242,7C7BD9,DA42,DIAMOND AIRCRAFT INDUSTRIES INC.,DA 42,b25e8d3098b485b30df3ee5213b3d2788b6bb53301321fc2af66618ec91d68ef,True,5
102433,6881,280926_ML.npy,2026-09-29,2026-09-29 01:29:42.311961,7C7BD9,DA42,DIAMOND AIRCRAFT INDUSTRIES INC.,DA 42,1ed2ceccb0404aae589ba99221a2db139c982e9d792085c245a1693ef9b8a237,True,4
102434,6882,280926_ML.npy,2026-09-29,2026-09-29 01:29:43.861015,7C7BD9,DA42,DIAMOND AIRCRAFT INDUSTRIES INC.,DA 42,3482fc599df18a03948749f3638ba6a684b8244610c72ae56dbf05264ebc07e2,True,3
102437,6885,280926_ML.npy,2026-09-29,2026-09-29 01:29:46.402541,7C7BD9,DA42,DIAMOND AIRCRAFT INDUSTRIES INC.,DA 42,3482fc599df18a03948749f3638ba6a684b8244610c72ae56dbf05264ebc07e2,True,4
102439,6887,280926_ML.npy,2026-09-29,2026-09-29 01:29:47.632440,7C7BD9,DA42,DIAMOND AIRCRAFT INDUSTRIES INC.,DA 42,eff257b9cc62a52756801e8e9f091c38661ffa1a204191ec518f9519d6e5113a,True,1
102442,6890,280926_ML.npy,2026-09-29,2026-09-29 01:29:52.496836,7C7BD9,DA42,DIAMOND AIRCRAFT INDUSTRIES INC.,DA 42,f6f76c3d682d0685e81e9607b767fa2d79ec594a511ada6213c80431d2827fa4,True,2
102443,6891,280926_ML.npy,2026-09-29,2026-09-29 01:29:52.560583,7C7BD9,DA42,DIAMOND AIRCRAFT INDUSTRIES INC.,DA 42,3482fc599df18a03948749f3638ba6a684b8244610c72ae56dbf05264ebc07e2,True,3
102446,6894,280926_ML.npy,2026-09-29,2026-09-29 01:30:04.055077,7C7BD9,DA42,DIAMOND AIRCRAFT INDUSTRIES INC.,DA 42,6f919f0a19698edc9efecd7d4025c8228f3c4aad0ced37b6216c2a7ee33c5641,True,1
102456,6904,280926_ML.npy,2026-09-29,2026-09-29 01:30:45.116230,7C1687,DA40,DIAMOND AIRCRAFT INDUSTRIES INC.,DA 40,3221d0c561297e610d2039e18268e8770555698e82570090b0a46bdc51d4dd43,True,3
102468,6916,280926_ML.npy,2026-09-29,2026-09-29 01:30:56.040106,7C1687,DA40,DIAMOND AIRCRAFT INDUSTRIES INC.,DA 40,c0a66c80e78271a5a5157d0770de46326ce80e26083d8bd1c300614c0d9236dc,True,4
102472,6920,280926_ML.npy,2026-09-29,2026-09-29 01:31:00.269743,7C1687,DA40,DIAMOND AIRCRAFT INDUSTRIES INC.,DA 40,83897d315e7eb8cbabf1301f6f23ea607f4c4de1298a53ad0598ebdf2917caf0,True,4
102473,6921,280926_ML.npy,2026-09-29,2026-09-29 01:31:01.145490,7C1687,DA40,DIAMOND AIRCRAFT INDUSTRIES INC.,DA 40,759cc503773c7450d5b2a0762b27d6d8fc3878394fb68d98826ce6047461ed2c,True,2
102492,6940,280926_ML.npy,2026-09-29,2026-09-29 01:32:25.317702,7C7C39,DA40,DIAMOND AIRCRAFT INDUSTRIES INC.,DA 40,1f515edafd18e2ed2ee7c059418d59e0bcbc966aa24925ca3a57d32c16006e81,True,4
102493,6941,280926_ML.npy,2026-09-29,2026-09-29 01:32:39.758744,7C7C39,DA40,DIAMOND AIRCRAFT INDUSTRIES INC.,DA 40,0d67856369505296d609931fe88d146af944fb4a972c72f8b83f81aab86d9ab5,True,5
102499,6947,280926_ML.npy,2026-09-29,2026-09-29 01:32:43.864844,7C7C39,DA40,DIAMOND AIRCRAFT INDUSTRIES INC.,DA 40,e229fc93996760f3b6d0038267cac1c7e775ea09c5f93ed31d87578ff95401a4,True,4
102516,6964,280926_ML.npy,2026-09-29,2026-09-29 01:33:00.424509,7C0074,C172,CESSNA AIRCRAFT COMPANY,172S,f8b87908543617b3c991c9a4e8b723a9cb8dc7e61e08719aea80e6233037ae8d,True,1
102527,6975,280926_ML.npy,2026-09-29,2026-09-29 01:33:07.046432,7C7C39,DA40,DIAMOND AIRCRAFT INDUSTRIES INC.,DA 40,e36c8f1092fecd3bc0701e155b92ec486988394df577b94663b33d02e12044a6,True,2
102531,6979,280926_ML.npy,2026-09-29,2026-09-29 01:33:10.969720,7C7C39,DA40,DIAMOND AIRCRAFT INDUSTRIES INC.,DA 40,11c381d1c8a4a10e8c6f71f7298a9e79e77009d2a643bf82e7334609195f958f,True,4
102533,6981,280926_ML.npy,2026-09-29,2026-09-29 01:33:13.137277,7C7C39,DA40,DIAMOND AIRCRAFT INDUSTRIES INC.,DA 40,fda64d33fe1981847a1fade9c46b6adb5108baa160ef1176b0d41c5519f5300a,True,2
102566,7014,280926_ML.npy,2026-09-29,2026-09-29 01:34:29.964200,7C259E,P28A,PIPER AIRCRAFT CORP,PA-28-180,774db32c0ecaa06081da39e40455e4032f1de05e4030305cb0b58e4882649b43,True,2
102567,7015,280926_ML.npy,2026-09-29,2026-09-29 01:34:38.119437,7C259E,P28A,PIPER AIRCRAFT CORP,PA-28-180,15d065461a1118d07245ca69110d47e7876e258979200f582a834bc116dea3f6,True,5
102568,7016,280926_ML.npy,2026-09-29,2026-09-29 01:34:38.123073,7C259E,P28A,PIPER AIRCRAFT CORP,PA-28-180,f5b33534ceda2569545015f9862db48285685408cf5eaaa21a415760dc3a64dc,True,2
102569,7017,280926_ML.npy,2026-09-29,2026-09-29 01:34:46.524229,7C259E,P28A,PIPER AIRCRAFT CORP,PA-28-180,45ff2ef82121bf4e029e300b8ac262e97669bdf2d3c8e76f5332c02b920b49ec,True,1
102570,7018,280926_ML.npy,2026-09-29,2026-09-29 01:34:46.528862,7C259E,P28A,PIPER AIRCRAFT CORP,PA-28-180,002c637ca411237329bcb751e2089cf25ad30ee2b90d04495d840bcdab1a2c50,True,1
102571,7019,280926_ML.npy,2026-09-29,2026-09-29 01:34:47.369437,7C0074,C172,CESSNA AIRCRAFT COMPANY,172S,1ba55c3f67c56a82cad5f448070d4a276d298131d83bd2ccdb1514dd0baeb05e,True,4
102574,7022,280926_ML.npy,2026-09-29,2026-09-29 01:34:50.313389,7C259E,P28A,PIPER AIRCRAFT CORP,PA-28-180,27e71934956aa514ae5fead04a56500a4fc753cea01281661962932a879a5737,True,5
102577,7025,280926_ML.npy,2026-09-29,2026-09-29 01:34:59.314737,7C259E,P28A,PIPER AIRCRAFT CORP,PA-28-180,17e962c3d1a439e08de2f65ce05c2223577d661fe70a4d4de0564a3bcb40fdb7,True,3
102579,7027,280926_ML.npy,2026-09-29,2026-09-29 01:34:59.550825,7C259E,P28A,PIPER AIRCRAFT CORP,PA-28-180,0c5271b3cfcd87296376ee02518d00deb4d696bc4a4cef1ee84cb96e86910c50,True,4
102591,7039,280926_ML.npy,2026-09-29,2026-09-29 01:35:46.123940,7C259E,P28A,PIPER AIRCRAFT CORP,PA-28-180,d78b070cae0283166d42a4b32b06a81e84c5cd9aeffac58640df33a604246080,True,5
102592,7040,280926_ML.npy,2026-09-29,2026-09-29 01:35:46.130353,7C259E,P28A,PIPER AIRCRAFT CORP,PA-28-180,de5c6fd52a28db53170015aa2d3f1319d4f769ea0ef19c793324211167fa88af,True,2
102595,7043,280926_ML.npy,2026-09-29,2026-09-29 01:37:17.214744,7C0074,C172,CESSNA AIRCRAFT COMPANY,172S,e701738482a0c697272853593d60eff322d7c338136a4cccd41d2afe845eee6e,True,1
102596,7044,280926_ML.npy,2026-09-29,2026-09-29 01:37:18.274328,7C0074,C172,CESSNA AIRCRAFT COMPANY,172S,b4daf989f992ebb86cbd42a397b403d207797b5f61bce67877962e851a0a0987,True,5
102597,7045,280926_ML.npy,2026-09-29,2026-09-29 01:37:25.176316,7C0074,C172,CESSNA AIRCRAFT COMPANY,172S,1def2f6ec7638853eb6bdf308d9dc81dc7abc505245c7b4434d8bae18dd687c2,True,2
102616,7064,280926_ML.npy,2026-09-29,2026-09-29 01:41:36.560659,7C0074,C172,CESSNA AIRCRAFT COMPANY,172S,8e1541c2c4a7dcb77b7b93a1038f3287cbd43ac08e430e9a1371b07ebcda1841,True,3
102618,7066,280926_ML.npy,2026-09-29,2026-09-29 01:41:42.677788,7C0074,C172,CESSNA AIRCRAFT COMPANY,172S,3ce829d796f623bc10b62eec37b1757bce3174127e4aaa92e7bccd065065c308,True,2
102620,7068,280926_ML.npy,2026-09-29,2026-09-29 01:41:43.371072,7C0074,C172,CESSNA AIRCRAFT COMPANY,172S,14c441eaba62a6930c4c2083bcaadd9e909fd2d3265c204de65342b6856323c7,True,2
102622,7070,280926_ML.npy,2026-09-29,2026-09-29 01:41:44.990523,7C0074,C172,CESSNA AIRCRAFT COMPANY,172S,8406bd52814ddc048fadf07470c6aab28f6d6bee9be4cd580fed24f966011180,True,3
102630,7078,280926_ML.npy,2026-09-29,2026-09-29 01:41:58.991696,7C0074,C172,CESSNA AIRCRAFT COMPANY,172S,35d4aa1af37ab69b49938b00fa645651041de497384f3e023435eeeaecdbf478,True,2
102636,7084,280926_ML.npy,2026-09-29,2026-09-29 01:42:01.389867,7C0074,C172,CESSNA AIRCRAFT COMPANY,172S,805895683f8055f02f52bcc7a6bad119847d5f6a313087102cec7416e514a551,True,1
102637,7085,280926_ML.npy,2026-09-29,2026-09-29 01:42:01.393694,7C0074,C172,CESSNA AIRCRAFT COMPANY,172S,9da878baa609e82a1514bc6395a34ef1a2d150d08d33afac0132f80a01783bc2,True,4
102646,7094,280926_ML.npy,2026-09-29,2026-09-29 01:43:10.808072,7C7B5F,DA40,DIAMOND AIRCRAFT INDUSTRIES INC.,DA 40,527e57510c08c486c7c484d266eb29ea78a5f85a6db87e645032c6d25a2b1323,True,5
102683,7131,280926_ML.npy,2026-09-29,2026-09-29 01:44:19.002049,7C6693,DA40,DIAMOND AIRCRAFT INDUSTRIES INC.,DA 40,3d63828dae909e615cf5df40ad5ba444510414cf22f8d9c6c4ccf7f1bda7b82f,True,5
102736,7184,280926_ML.npy,2026-09-29,2026-09-29 01:46:39.115280,7C0074,C172,CESSNA AIRCRAFT COMPANY,172S,8406bd52814ddc048fadf07470c6aab28f6d6bee9be4cd580fed24f966011180,True,5
102756,7204,280926_ML.npy,2026-09-29,2026-09-29 01:46:54.860988,7C0074,C172,CESSNA AIRCRAFT COMPANY,172S,bcd3a97136370a5640699c71d4290c6c2c44168fd0ce2ed2c87c3a4e01b7a3bb,True,4
102757,7205,280926_ML.npy,2026-09-29,2026-09-29 01:46:54.912602,7C0074,C172,CESSNA AIRCRAFT COMPANY,172S,f8b87908543617b3c991c9a4e8b723a9cb8dc7e61e08719aea80e6233037ae8d,True,1
102762,7210,280926_ML.npy,2026-09-29,2026-09-29 01:46:58.091536,7C0074,C172,CESSNA AIRCRAFT COMPANY,172S,3ce829d796f623bc10b62eec37b1757bce3174127e4aaa92e7bccd065065c308,True,2
102766,7214,280926_ML.npy,2026-09-29,2026-09-29 01:47:02.102948,7C582C,DA40,DIAMOND AIRCRAFT INDUSTRIES INC.,DA 40,07b6a60d7d43de7ac40b1d466bbef2cfa59d1c47d18d793979411aa5bbe49ed5,True,4
102774,7222,280926_ML.npy,2026-09-29,2026-09-29 01:47:12.976019,7C0074,C172,CESSNA AIRCRAFT COMPANY,172S,b1929c6dd3ad0e4272af94fde10f659e2e00d1e6be544b0b42a8ad2f0f461efb,True,5
102778,7226,280926_ML.npy,2026-09-29,2026-09-29 01:47:14.375476,7C0074,C172,CESSNA AIRCRAFT COMPANY,172S,a52905d49ce8c608e4c67b9d0d226f38c66d330c2facd36ae57cba793bd6ffb9,True,3
102779,7227,280926_ML.npy,2026-09-29,2026-09-29 01:47:14.385061,7C0074,C172,CESSNA AIRCRAFT COMPANY,172S,c7524a429045965060aafbd954bdd47ab0189148140bf512c715dbf0788b1c89,True,5
102788,7236,280926_ML.npy,2026-09-29,2026-09-29 01:47:25.103350,7C0074,C172,CESSNA AIRCRAFT COMPANY,172S,510674e2d3d8b216a99b4e72674ab3d1c051fdb0a7d3c726e8352864c1f81aba,True,1
102832,7280,280926_ML.npy,2026-09-29,2026-09-29 01:48:34.973217,7C582C,DA40,DIAMOND AIRCRAFT INDUSTRIES INC.,DA 40,89c0f04d9e7df2494c4c80985a53081fdbe747a7fa76cd94cecd100d0d0e7217,True,3
102851,7299,280926_ML.npy,2026-09-29,2026-09-29 01:54:06.776487,7C582C,DA40,DIAMOND AIRCRAFT INDUSTRIES INC.,DA 40,c19f9a070524a5dfb245305d0e18cc28d934d006e883da9739ff0c9ac1a80991,True,5
102861,7309,280926_ML.npy,2026-09-29,2026-09-29 01:58:05.345437,7C67D0,C172,CESSNA AIRCRAFT COMPANY,172S,6890d78599d1b754b105540c7560ce0e9e4a939333d974bef22dec340439b795,True,5
102866,7314,280926_ML.npy,2026-09-29,2026-09-29 01:59:59.060994,7C582C,DA40,DIAMOND AIRCRAFT INDUSTRIES INC.,DA 40,f5920d4f04ee6601952891a9f45136064a7429abc8df55b51688a645fbdc3ff8,True,2
102868,7316,280926_ML.npy,2026-09-29,2026-09-29 02:00:09.218877,7C582C,DA40,DIAMOND AIRCRAFT INDUSTRIES INC.,DA 40,98aba5ae4f9704dca95cf3c8890f6eaf9462b4a446f4f14adfa68e5b8a0d5260,True,5
102889,7337,280926_ML.npy,2026-09-29,2026-09-29 02:07:08.635445,7C7C31,DA40,DIAMOND AIRCRAFT INDUSTRIES INC.,DA 40,9e8e20257e2fc2b09c739e0000c405cb1057742ef29d22d1ac6b73a4747e2cf1,True,3
102891,7339,280926_ML.npy,2026-09-29,2026-09-29 02:07:09.039775,7C7C31,DA40,DIAMOND AIRCRAFT INDUSTRIES INC.,DA 40,13c1ef11a8185678765d01c098b458edf995b4a3478349d6761e203618822118,True,1
102895,7343,280926_ML.npy,2026-09-29,2026-09-29 02:07:16.308316,7C7C31,DA40,DIAMOND AIRCRAFT INDUSTRIES INC.,DA 40,37d1dd4e55e0c96b7ff27b5ec41c7b1208f0aecc939197680dfdf81e17b60fd0,True,1
102896,7344,280926_ML.npy,2026-09-29,2026-09-29 02:07:18.042226,7C7C31,DA40,DIAMOND AIRCRAFT INDUSTRIES INC.,DA 40,6b39926653b80769417ab22132d147684c05eb2d8212df4d9477523789fba265,True,1
102917,1,290926_ML.npy,2026-09-29,2026-09-29 06:52:10.926803,7C0077,DA40,DIAMOND AIRCRAFT INDUSTRIES INC.,DA 40,7df622a0a126ddc94dc83610accdbcb14edc1a9b9f8775e4781a0c0a58b3779b,True,5
102928,12,290926_ML.npy,2026-09-29,2026-09-29 07:32:29.055649,7C7AF7,DA40,DIAMOND AIRCRAFT INDUSTRIES INC.,DA 40,bf1656d9ac3148e0bc06e57fe376c3095a2149136d88eb94e7649c189cb46948,True,2
102933,17,290926_ML.npy,2026-09-29,2026-09-29 07:32:38.309378,7C7AF7,DA40,DIAMOND AIRCRAFT INDUSTRIES INC.,DA 40,49ac3c9667b25bf20013ccac807d3b010e5185a2cc495f1cbcb0cc9221756c9e,True,2
102942,26,290926_ML.npy,2026-09-29,2026-09-29 07:32:44.612794,7C7AF7,DA40,DIAMOND AIRCRAFT INDUSTRIES INC.,DA 40,a8e87e1390f4a343f8e946f2e35c76089cddcace927d57816d9c15c5dacb5c14,True,1
102963,47,290926_ML.npy,2026-09-29,2026-09-29 07:33:12.054626,7C7AF7,DA40,DIAMOND AIRCRAFT INDUSTRIES INC.,DA 40,979f215d1c6315fb7e297dd7e013e5c8a02b9594f100de49aa36129cc24be4ff,True,5
102967,51,290926_ML.npy,2026-09-29,2026-09-29 07:39:17.639801,7C0D65,DA42,DIAMOND AIRCRAFT INDUSTRIES INC.,DA 42,1e73ae7be6457951d772d4b4426ffc2f15dc294d3c7989d833379b77be844540,True,5
102968,52,290926_ML.npy,2026-09-29,2026-09-29 07:39:19.108949,7C0D65,DA42,DIAMOND AIRCRAFT INDUSTRIES INC.,DA 42,3b051867cd98ce4ba40e6c60c03f563dfaa87593a4d06a771731c3f1bc661eaa,True,3
102970,54,290926_ML.npy,2026-09-29,2026-09-29 07:39:20.799725,7C0D65,DA42,DIAMOND AIRCRAFT INDUSTRIES INC.,DA 42,6cbe5135f36b61942b47fcd55f0049194b966df7560f6a396fa7eeaa8b6ab050,True,4
102972,56,290926_ML.npy,2026-09-29,2026-09-29 07:39:24.355898,7C0D65,DA42,DIAMOND AIRCRAFT INDUSTRIES INC.,DA 42,2b42d9f64a8022fb2f4197597ace52c6ece9c7d14df083a9ea073efd90b79016,True,4
102973,57,290926_ML.npy,2026-09-29,2026-09-29 07:39:25.627999,7C0D65,DA42,DIAMOND AIRCRAFT INDUSTRIES INC.,DA 42,2b42d9f64a8022fb2f4197597ace52c6ece9c7d14df083a9ea073efd90b79016,True,5
102974,58,290926_ML.npy,2026-09-29,2026-09-29 07:39:27.127280,7C0D65,DA42,DIAMOND AIRCRAFT INDUSTRIES INC.,DA 42,d7ebae5e03edd01651b2106a1c80eaee67c55a7ac32dcd33f0416e1f83e584f8,True,3
102975,59,290926_ML.npy,2026-09-29,2026-09-29 07:39:28.081529,7C0D65,DA42,DIAMOND AIRCRAFT INDUSTRIES INC.,DA 42,6d3eeeaa0ca72822d8eaf3d4eaa915f8f2341e5e17ed61f5bd143cafddf05bee,True,2
102976,60,290926_ML.npy,2026-09-29,2026-09-29 07:39:28.087452,7C0D65,DA42,DIAMOND AIRCRAFT INDUSTRIES INC.,DA 42,96e05ed97c5611cbc038fb471ecfdbe5631ff2d0f3cd51e9acea76d3b9801ca1,True,4
102979,63,290926_ML.npy,2026-09-29,2026-09-29 07:39:31.565172,7C0D65,DA42,DIAMOND AIRCRAFT INDUSTRIES INC.,DA 42,cfcf8d495648fb862025b15dca4320234cc73aa0765fb3541fbc89186a03d236,True,5
102980,64,290926_ML.npy,2026-09-29,2026-09-29 07:39:33.616810,7C0D65,DA42,DIAMOND AIRCRAFT INDUSTRIES INC.,DA 42,76f3ed71d55df92c023dd789dc5e0a8395dc447920d8408a8367781517422782,True,4
102981,65,290926_ML.npy,2026-09-29,2026-09-29 07:39:33.620505,7C0D65,DA42,DIAMOND AIRCRAFT INDUSTRIES INC.,DA 42,6a19c0dcd03266d69036dfbcf449e3929f6492b06551bef24fc711c92d91501e,True,1
102982,66,290926_ML.npy,2026-09-29,2026-09-29 07:39:35.503525,7C0D65,DA42,DIAMOND AIRCRAFT INDUSTRIES INC.,DA 42,6cbe5135f36b61942b47fcd55f0049194b966df7560f6a396fa7eeaa8b6ab050,True,1
102985,69,290926_ML.npy,2026-09-29,2026-09-29 07:39:40.057399,7C0D65,DA42,DIAMOND AIRCRAFT INDUSTRIES INC.,DA 42,818e3bd620d9bf6072853df94bc8464f322a3557b20aa1692755623984df759b,True,1
102989,73,290926_ML.npy,2026-09-29,2026-09-29 07:39:43.065055,7C0D65,DA42,DIAMOND AIRCRAFT INDUSTRIES INC.,DA 42,9cf6d051ff738c42bdce8f2ef48a1034566c6b1913994e16b87f3e1b157c01ae,True,1
102990,74,290926_ML.npy,2026-09-29,2026-09-29 07:39:45.526342,7C0D65,DA42,DIAMOND AIRCRAFT INDUSTRIES INC.,DA 42,7ee410f57ef0e5c161c95c2a60d289110adf047d8396977d27c468a0c5dedc36,True,5
102991,75,290926_ML.npy,2026-09-29,2026-09-29 07:39:49.848161,7C0D65,DA42,DIAMOND AIRCRAFT INDUSTRIES INC.,DA 42,a290e812b45db3d1872396f78f6b7004e81e3b1ee39e909c727a6c523d3b2649,True,4
102996,80,290926_ML.npy,2026-09-29,2026-09-29 07:42:17.835638,7C1687,DA40,DIAMOND AIRCRAFT INDUSTRIES INC.,DA 40,11368987436c2ca3d368d4d56e5a38be176767492e011e28eeaabd3d6fdc8679,True,2
103009,93,290926_ML.npy,2026-09-29,2026-09-29 07:43:40.127233,7C1697,DA40,DIAMOND AIRCRAFT INDUSTRIES INC.,DA 40,51a9bdc5fc761060060d20da8c50e28c902929591e822372e53ecc81e180a5b1,True,4
103013,97,290926_ML.npy,2026-09-29,2026-09-29 07:43:48.986772,7C1697,DA40,DIAMOND AIRCRAFT INDUSTRIES INC.,DA 40,efcb550f96d5cab9310ebac55b533ed14468035f775f56f39660014c2da36ddb,True,2
103019,103,290926_ML.npy,2026-09-29,2026-09-29 07:43:55.957230,7C1697,DA40,DIAMOND AIRCRAFT INDUSTRIES INC.,DA 40,c1af0f46b91c3759c05bac9abf88649d542c17c6458b19e18b6b63faac7f33c1,True,2
103022,106,290926_ML.npy,2026-09-29,2026-09-29 07:43:57.232050,7C1697,DA40,DIAMOND AIRCRAFT INDUSTRIES INC.,DA 40,2bcabd4fcc3bccb59e4cbd200f18f0354bfd3145a7103de57d19e2e5457decab,True,1
103027,111,290926_ML.npy,2026-09-29,2026-09-29 07:43:58.750780,7C1697,DA40,DIAMOND AIRCRAFT INDUSTRIES INC.,DA 40,24f5da65f6d81378cd4f6b30ea09a8a7f58e998a1f706fc980289b9134335491,True,1
103033,117,290926_ML.npy,2026-09-29,2026-09-29 07:44:09.883927,7C1697,DA40,DIAMOND AIRCRAFT INDUSTRIES INC.,DA 40,62d2b0113c73a0c463cae92807c67f289518bb639e8fedaca32908eaf2b92bbe,True,5
103034,118,290926_ML.npy,2026-09-29,2026-09-29 07:44:50.494089,7C7B5E,DA40,DIAMOND AIRCRAFT INDUSTRIES INC.,DA 40,ed415aa4dbf99143827b5da7a5ea016b4d073dbd7d03a129ac543e9cb2874e81,True,4
103057,141,290926_ML.npy,2026-09-29,2026-09-29 07:48:48.618037,7C1697,DA40,DIAMOND AIRCRAFT INDUSTRIES INC.,DA 40,d47afcf6f15152e4090ad4e3659b52f28096338b468cd338157af3c11e2b06ce,True,5
103076,160,290926_ML.npy,2026-09-29,2026-09-29 07:49:15.109257,7C1697,DA40,DIAMOND AIRCRAFT INDUSTRIES INC.,DA 40,b050638be76f2503df7e13958c13cab59b14f658718b5afd9f654f1dfa83fdb1,True,5
103078,162,290926_ML.npy,2026-09-29,2026-09-29 07:49:18.132396,7C1697,DA40,DIAMOND AIRCRAFT INDUSTRIES INC.,DA 40,4a73f10f96e42e6e3b9169097f67a3fadcb7f201a08d9561c0f6508bc7ca73ba,True,4
103084,168,290926_ML.npy,2026-09-29,2026-09-29 07:49:29.295200,7C1697,DA40,DIAMOND AIRCRAFT INDUSTRIES INC.,DA 40,0f7daac239bca0af3b691bc9a73263ea1fb8d2c8d96c59beb6dab1fe897483c8,True,5
103089,173,290926_ML.npy,2026-09-29,2026-09-29 07:53:38.231309,7C1697,DA40,DIAMOND AIRCRAFT INDUSTRIES INC.,DA 40,0d6dd6454469b4878e5642c9fabf3ba4e32d21d299899f3c1dbf1f666b6e8305,True,4
103090,174,290926_ML.npy,2026-09-29,2026-09-29 07:54:05.453274,7C1697,DA40,DIAMOND AIRCRAFT INDUSTRIES INC.,DA 40,62d2b0113c73a0c463cae92807c67f289518bb639e8fedaca32908eaf2b92bbe,True,1
103104,188,290926_ML.npy,2026-09-29,2026-09-29 07:54:29.030425,7C1697,DA40,DIAMOND AIRCRAFT INDUSTRIES INC.,DA 40,fd1cf2b16f318a4a1468f28e91683f6a4ebef826fd438b56bbfe36f8a4845d5d,True,5
103121,205,290926_ML.npy,2026-09-29,2026-09-29 07:54:52.926415,7C1697,DA40,DIAMOND AIRCRAFT INDUSTRIES INC.,DA 40,4a3d3172d9d0a5cbbe1f9e56b037cb751cd87124de27cd17020d4945b904ba9a,True,3
103122,206,290926_ML.npy,2026-09-29,2026-09-29 07:54:53.094496,7C1697,DA40,DIAMOND AIRCRAFT INDUSTRIES INC.,DA 40,efcb550f96d5cab9310ebac55b533ed14468035f775f56f39660014c2da36ddb,True,3
103132,216,290926_ML.npy,2026-09-29,2026-09-29 07:58:55.475652,7C1697,DA40,DIAMOND AIRCRAFT INDUSTRIES INC.,DA 40,966252026e817a93341ba7b3b7060d80564d5de1037ef051399eca6ac07fadcc,True,2
103155,239,290926_ML.npy,2026-09-29,2026-09-29 08:00:29.122010,7C1697,DA40,DIAMOND AIRCRAFT INDUSTRIES INC.,DA 40,efcb550f96d5cab9310ebac55b533ed14468035f775f56f39660014c2da36ddb,True,4
103164,248,290926_ML.npy,2026-09-29,2026-09-29 08:00:44.273987,7C1697,DA40,DIAMOND AIRCRAFT INDUSTRIES INC.,DA 40,1329b6063f3c91a2d98ac02d9f477cc4d3b8a699c5c91ceb8b259b1cb58143aa,True,4
103178,262,290926_ML.npy,2026-09-29,2026-09-29 08:04:17.320190,7C1697,DA40,DIAMOND AIRCRAFT INDUSTRIES INC.,DA 40,62d2b0113c73a0c463cae92807c67f289518bb639e8fedaca32908eaf2b92bbe,True,2
103181,265,290926_ML.npy,2026-09-29,2026-09-29 08:05:02.661929,7C4E44,DA40,DIAMOND AIRCRAFT INDUSTRIES INC.,DA 40,09621ffcc9d6c3c936f4789520335ad273aeacb28bcabaaff285b96e78bc7726,True,2
103192,276,290926_ML.npy,2026-09-29,2026-09-29 08:05:39.394461,7C4E44,DA40,DIAMOND AIRCRAFT INDUSTRIES INC.,DA 40,669f0b18b031342afc90ba1d648237e095fed948205c600e2f8caaa8f98193fb,True,2
103196,280,290926_ML.npy,2026-09-29,2026-09-29 08:05:44.072859,7C1697,DA40,DIAMOND AIRCRAFT INDUSTRIES INC.,DA 40,62d2b0113c73a0c463cae92807c67f289518bb639e8fedaca32908eaf2b92bbe,True,5
103218,302,290926_ML.npy,2026-09-29,2026-09-29 08:07:22.755853,7C4E44,DA40,DIAMOND AIRCRAFT INDUSTRIES INC.,DA 40,7c0d1489dd957a0d2094e06ee6d0441b8e6d2223b7dba941b37e46f69064603a,True,1
103232,316,290926_ML.npy,2026-09-29,2026-09-29 08:07:41.227759,7C4E44,DA40,DIAMOND AIRCRAFT INDUSTRIES INC.,DA 40,409fb407a0ceff1e4f62fadd2d23859aa31d40f47e3696adc73ecf7adf389fc3,True,2
103262,346,290926_ML.npy,2026-09-29,2026-09-29 08:15:03.910021,7C7B65,DA40,DIAMOND AIRCRAFT INDUSTRIES INC.,DA 40,6f8a913a4e19324245db9e599877da3c4f60ec4736e4444adac3a21b61c66a4a,True,1
103273,357,290926_ML.npy,2026-09-29,2026-09-29 08:16:03.269011,7C7B64,DA40,DIAMOND AIRCRAFT INDUSTRIES INC.,DA 40,0ee86249cf1706921866f4417f4a0b7b1e99ff7ced0b2523a67e98a1c7efb86f,True,5
103292,376,290926_ML.npy,2026-09-29,2026-09-29 08:21:25.274460,7C7B64,DA40,DIAMOND AIRCRAFT INDUSTRIES INC.,DA 40,45bedd9c10376de529258ed8e5253182aba32c15b18da8f22e7ad0868c78f944,True,2
103316,400,290926_ML.npy,2026-09-29,2026-09-29 08:27:19.876209,7C7B64,DA40,DIAMOND AIRCRAFT INDUSTRIES INC.,DA 40,dc820dc318dc2c34830052eb37e07280c81de12744debc53991d1f46bd8d9703,True,2
103417,501,290926_ML.npy,2026-09-29,2026-09-29 09:24:50.559215,7C7BD9,DA42,DIAMOND AIRCRAFT INDUSTRIES INC.,DA 42,4d74dc38c522d44979ad9e48f727c3afe77860721aa81af491d000f528f5912c,True,3
103422,506,290926_ML.npy,2026-09-29,2026-09-29 09:24:58.410893,7C7BD9,DA42,DIAMOND AIRCRAFT INDUSTRIES INC.,DA 42,ed05c86cf59ba621af4418ee7ca9fe020dd19e7c519e6a0ba23a13031f916d4f,True,4
103423,507,290926_ML.npy,2026-09-29,2026-09-29 09:25:02.495389,7C7BD9,DA42,DIAMOND AIRCRAFT INDUSTRIES INC.,DA 42,39b5ef2544365d545c0022210a3cfa22e1fefff596c4436a4883199b15aa1421,True,2
103426,510,290926_ML.npy,2026-09-29,2026-09-29 09:25:05.826375,7C7BD9,DA42,DIAMOND AIRCRAFT INDUSTRIES INC.,DA 42,405a902b48d199a48c23a5232b0adb41c9952381325f828d0743c6866778e368,True,5
103428,512,290926_ML.npy,2026-09-29,2026-09-29 09:25:08.485655,7C7BD9,DA42,DIAMOND AIRCRAFT INDUSTRIES INC.,DA 42,9bd3cf246fcc6d0ea4eee51894786d0d8e563650762c2e9a3bcb774c416ef134,True,1
103430,514,290926_ML.npy,2026-09-29,2026-09-29 09:25:10.729977,7C7BD9,DA42,DIAMOND AIRCRAFT INDUSTRIES INC.,DA 42,405a902b48d199a48c23a5232b0adb41c9952381325f828d0743c6866778e368,True,3
103433,517,290926_ML.npy,2026-09-29,2026-09-29 09:25:15.346941,7C7BD9,DA42,DIAMOND AIRCRAFT INDUSTRIES INC.,DA 42,cfb69d1dbd34614849a68b2b339b10f448d2a3337aad7b9d5e185ddfa953d224,True,3
103435,519,290926_ML.npy,2026-09-29,2026-09-29 09:25:18.271416,7C7BD9,DA42,DIAMOND AIRCRAFT INDUSTRIES INC.,DA 42,aa8e7f2d2695bec6378325cd32a63bc9f4311434f2632a0b7f941a6af6c21934,True,2
103436,520,290926_ML.npy,2026-09-29,2026-09-29 09:25:18.635949,7C7BD9,DA42,DIAMOND AIRCRAFT INDUSTRIES INC.,DA 42,39b5ef2544365d545c0022210a3cfa22e1fefff596c4436a4883199b15aa1421,True,1
103437,521,290926_ML.npy,2026-09-29,2026-09-29 09:25:22.239666,7C7BD9,DA42,DIAMOND AIRCRAFT INDUSTRIES INC.,DA 42,2b08eeaa1ae92a8c73444354019be6385a2f636b22477939d2dc1995062062de,True,3
103439,523,290926_ML.npy,2026-09-29,2026-09-29 09:25:28.471552,7C7BD9,DA42,DIAMOND AIRCRAFT INDUSTRIES INC.,DA 42,2d7176d7a557bffbb1510cd95a1076e1be00791be5fe5bbe24e9d98290198158,True,2
103443,527,290926_ML.npy,2026-09-29,2026-09-29 09:25:32.464703,7C7BD9,DA42,DIAMOND AIRCRAFT INDUSTRIES INC.,DA 42,551b2280b97af55a68ab2659e2a555ad7f395e5abe56ef21b68e68ba46771240,True,2
103446,530,290926_ML.npy,2026-09-29,2026-09-29 09:25:38.385075,7C7BD9,DA42,DIAMOND AIRCRAFT INDUSTRIES INC.,DA 42,39b5ef2544365d545c0022210a3cfa22e1fefff596c4436a4883199b15aa1421,True,5
103447,531,290926_ML.npy,2026-09-29,2026-09-29 09:25:42.228819,7C7BD9,DA42,DIAMOND AIRCRAFT INDUSTRIES INC.,DA 42,0910745fbb27a461b4ee372aac5782d38ccc1ae2b47b94329a68ad0acf81a891,True,2
103448,532,290926_ML.npy,2026-09-29,2026-09-29 09:25:42.236437,7C7BD9,DA42,DIAMOND AIRCRAFT INDUSTRIES INC.,DA 42,4dc3f5978ebdb028606af7b7ff0c62515e4ee5be05e9816f5f2f4552414af4d1,True,2
103450,534,290926_ML.npy,2026-09-29,2026-09-29 09:25:47.145809,7C7BD9,DA42,DIAMOND AIRCRAFT INDUSTRIES INC.,DA 42,068716a19c87d3c4b26f7438ca0f166d1e27d90dc078ce96d786a773139d488c,True,4
103451,535,290926_ML.npy,2026-09-29,2026-09-29 09:25:50.601282,7C7BD9,DA42,DIAMOND AIRCRAFT INDUSTRIES INC.,DA 42,ed3d62756950928d6010ddc192f6c1ef33b85595d4ca32f7df214cbbd0e99d02,True,2
103454,538,290926_ML.npy,2026-09-29,2026-09-29 09:25:54.436443,7C7BD9,DA42,DIAMOND AIRCRAFT INDUSTRIES INC.,DA 42,e131806edbe1e047a3ff37124b4f7ef08d3f8db894d9eb25e20e94ba475c08d7,True,2
103457,541,290926_ML.npy,2026-09-29,2026-09-29 09:25:56.097596,7C7BD9,DA42,DIAMOND AIRCRAFT INDUSTRIES INC.,DA 42,405a902b48d199a48c23a5232b0adb41c9952381325f828d0743c6866778e368,True,4
103460,544,290926_ML.npy,2026-09-29,2026-09-29 09:26:03.988203,7C7BD9,DA42,DIAMOND AIRCRAFT INDUSTRIES INC.,DA 42,e1cb2ceacc4676c742da23317bd20e7d80a9136fd5bf40c6adb960144d50f323,True,3
103461,545,290926_ML.npy,2026-09-29,2026-09-29 09:26:04.532781,7C7BD9,DA42,DIAMOND AIRCRAFT INDUSTRIES INC.,DA 42,c3a6e2826d25915d29158d466ed912a41f36b6e35e575909b5e3e57741718ea5,True,4
103464,548,290926_ML.npy,2026-09-29,2026-09-29 09:26:05.522170,7C7BD9,DA42,DIAMOND AIRCRAFT INDUSTRIES INC.,DA 42,c66d193433254d45c2b7e9f9103d024ac02a7faff4a6746ea4137b8012454a80,True,3
103467,551,290926_ML.npy,2026-09-29,2026-09-29 09:26:14.113371,7C7BD9,DA42,DIAMOND AIRCRAFT INDUSTRIES INC.,DA 42,1938d55344c074d2b174b8b375734a989044fa514f82f7a28b636ab427135591,True,4
103473,557,290926_ML.npy,2026-09-29,2026-09-29 09:26:17.550400,7C7BD9,DA42,DIAMOND AIRCRAFT INDUSTRIES INC.,DA 42,7ed6f2ede98b1991d289d306624222704ce830e580252ebed4efaafc91a0c840,True,1
103476,560,290926_ML.npy,2026-09-29,2026-09-29 09:26:22.176719,7C7BD9,DA42,DIAMOND AIRCRAFT INDUSTRIES INC.,DA 42,df6754c06add75fa16833401b5514299b54202a69089e3995e87359a731be1b6,True,3
103480,564,290926_ML.npy,2026-09-29,2026-09-29 09:26:24.677746,7C7BD9,DA42,DIAMOND AIRCRAFT INDUSTRIES INC.,DA 42,df6754c06add75fa16833401b5514299b54202a69089e3995e87359a731be1b6,True,1
103482,566,290926_ML.npy,2026-09-29,2026-09-29 09:26:24.776759,7C7BD9,DA42,DIAMOND AIRCRAFT INDUSTRIES INC.,DA 42,752fc9fec5ffbc643f909d7fa7df6108339afb2fbd4ead3f9cb0d8c5c8fc2ea2,True,2
103488,572,290926_ML.npy,2026-09-29,2026-09-29 09:26:31.314181,7C168B,DA40,DIAMOND AIRCRAFT INDUSTRIES INC.,DA 40,ea84997868eb0828b5e54afad681c24b36e0d560ef7cb9c34aef9f2620b2e67d,True,4
103489,573,290926_ML.npy,2026-09-29,2026-09-29 09:26:31.424601,7C7BD9,DA42,DIAMOND AIRCRAFT INDUSTRIES INC.,DA 42,c46d43839b837b2e7067aac841bfde748bab32d82be74816d8fb2ea0d69ae039,True,1
103493,577,290926_ML.npy,2026-09-29,2026-09-29 09:26:36.234914,7C7BD9,DA42,DIAMOND AIRCRAFT INDUSTRIES INC.,DA 42,405a902b48d199a48c23a5232b0adb41c9952381325f828d0743c6866778e368,True,3
103495,579,290926_ML.npy,2026-09-29,2026-09-29 09:26:37.176009,7C7BD9,DA42,DIAMOND AIRCRAFT INDUSTRIES INC.,DA 42,c860be85e24b1916110c5ce5ec48e7581b073af1a6a9d329cbdb5f725920fe98,True,5
103497,581,290926_ML.npy,2026-09-29,2026-09-29 09:26:37.190825,7C7BD9,DA42,DIAMOND AIRCRAFT INDUSTRIES INC.,DA 42,39b5ef2544365d545c0022210a3cfa22e1fefff596c4436a4883199b15aa1421,True,2
103501,585,290926_ML.npy,2026-09-29,2026-09-29 09:26:41.158764,7C7BD9,DA42,DIAMOND AIRCRAFT INDUSTRIES INC.,DA 42,405a902b48d199a48c23a5232b0adb41c9952381325f828d0743c6866778e368,True,1
103502,586,290926_ML.npy,2026-09-29,2026-09-29 09:26:41.596821,7C7BD9,DA42,DIAMOND AIRCRAFT INDUSTRIES INC.,DA 42,efcd83c4071275602b8aa87db246deca5bb3995cf663fecce8a44cad710f0c9c,True,4
103509,593,290926_ML.npy,2026-09-29,2026-09-29 09:26:46.247820,7C7BD9,DA42,DIAMOND AIRCRAFT INDUSTRIES INC.,DA 42,405a902b48d199a48c23a5232b0adb41c9952381325f828d0743c6866778e368,True,4
103511,595,290926_ML.npy,2026-09-29,2026-09-29 09:26:49.482284,7C168B,DA40,DIAMOND AIRCRAFT INDUSTRIES INC.,DA 40,3dbad0ca083f34523b0f12d889566eae3de1035b4b5ede7d72ca18f43d026a3d,True,3
103514,598,290926_ML.npy,2026-09-29,2026-09-29 09:26:50.934530,7C7BD9,DA42,DIAMOND AIRCRAFT INDUSTRIES INC.,DA 42,39b5ef2544365d545c0022210a3cfa22e1fefff596c4436a4883199b15aa1421,True,1
103515,599,290926_ML.npy,2026-09-29,2026-09-29 09:26:53.484727,7C7BD9,DA42,DIAMOND AIRCRAFT INDUSTRIES INC.,DA 42,39b5ef2544365d545c0022210a3cfa22e1fefff596c4436a4883199b15aa1421,True,4
103516,600,290926_ML.npy,2026-09-29,2026-09-29 09:26:54.845315,7C7BD9,DA42,DIAMOND AIRCRAFT INDUSTRIES INC.,DA 42,45253bc291a586a6a466ac6d47d0f0d68f82e7d66eb8ba25c25062899d4f3309,True,4
103518,602,290926_ML.npy,2026-09-29,2026-09-29 09:26:55.285452,7C168B,DA40,DIAMOND AIRCRAFT INDUSTRIES INC.,DA 40,3f245cde8630ead1fb0c234a5d33caf1ccc9e90705ef5dc5c3f7c932191d7ea1,True,4
103525,609,290926_ML.npy,2026-09-29,2026-09-29 09:27:47.186684,7C7BD9,DA42,DIAMOND AIRCRAFT INDUSTRIES INC.,DA 42,2932e4ad2f3d83fd5e52aa34fd8dee9ba8875bec3b73b36e34b93c17f550570e,True,2
103526,610,290926_ML.npy,2026-09-29,2026-09-29 09:27:48.172464,7C7BD9,DA42,DIAMOND AIRCRAFT INDUSTRIES INC.,DA 42,be3ad4f719a8c77ed674e399966fd6161aa4b962d87d9b712290100a9471b9bf,True,2
103528,612,290926_ML.npy,2026-09-29,2026-09-29 09:28:08.854088,7C168B,DA40,DIAMOND AIRCRAFT INDUSTRIES INC.,DA 40,58eb5b6d0beba12458428fda5e707875e6c69c09866504d6cf5e78fb65e70dc3,True,2
103530,614,290926_ML.npy,2026-09-29,2026-09-29 09:28:29.213711,7C7BD9,DA42,DIAMOND AIRCRAFT INDUSTRIES INC.,DA 42,bc10748ad0c0413911d8026c1cc6e8f0432a0012d7e96d2f33e5733d4c33df8e,True,3
103532,616,290926_ML.npy,2026-09-29,2026-09-29 09:28:42.285480,7C7BD9,DA42,DIAMOND AIRCRAFT INDUSTRIES INC.,DA 42,39b5ef2544365d545c0022210a3cfa22e1fefff596c4436a4883199b15aa1421,True,1
103534,618,290926_ML.npy,2026-09-29,2026-09-29 09:28:44.027828,7C7BD9,DA42,DIAMOND AIRCRAFT INDUSTRIES INC.,DA 42,e89da9b929fd2f45b40ea7c1c788da53ae3d3bf3295db45b1fb5c403de209154,True,2
103536,620,290926_ML.npy,2026-09-29,2026-09-29 09:28:44.624017,7C7BD9,DA42,DIAMOND AIRCRAFT INDUSTRIES INC.,DA 42,4f443d2444ff765246c404859027d4656b5314d82dc9d06a0b02c57de28eaaf6,True,5
103537,621,290926_ML.npy,2026-09-29,2026-09-29 09:28:46.638093,7C7BD9,DA42,DIAMOND AIRCRAFT INDUSTRIES INC.,DA 42,2932e4ad2f3d83fd5e52aa34fd8dee9ba8875bec3b73b36e34b93c17f550570e,True,4
103538,622,290926_ML.npy,2026-09-29,2026-09-29 09:28:49.978463,7C7BD9,DA42,DIAMOND AIRCRAFT INDUSTRIES INC.,DA 42,3e840914e1abce6ff085c2df3be5348fcfe1f9568353f41cfda7f8af07a85fd1,True,3
103541,625,290926_ML.npy,2026-09-29,2026-09-29 09:28:51.416227,7C7BD9,DA42,DIAMOND AIRCRAFT INDUSTRIES INC.,DA 42,bd514077fbf98834f89cedc835aea7ab32aedf15a1bddea05e1062eeae273478,True,5
103542,626,290926_ML.npy,2026-09-29,2026-09-29 09:28:53.494469,7C7BD9,DA42,DIAMOND AIRCRAFT INDUSTRIES INC.,DA 42,2e537f9e827fd0cf42ca38fd7c739587af60a04324e18a93de4cc027d6ac42ba,True,1
103544,628,290926_ML.npy,2026-09-29,2026-09-29 09:28:53.912385,7C7BD9,DA42,DIAMOND AIRCRAFT INDUSTRIES INC.,DA 42,946d5a364a5debb864c5dee3796ffacf0cb8668d511b0c9eb0fd7f9ddf60b8d5,True,2
103548,632,290926_ML.npy,2026-09-29,2026-09-29 09:28:55.959228,7C7BD9,DA42,DIAMOND AIRCRAFT INDUSTRIES INC.,DA 42,cb0e4a4038dbf6deac88b7cbe236e605a4f7137b63647661e838c375a9df9220,True,5
103551,635,290926_ML.npy,2026-09-29,2026-09-29 09:29:04.689685,7C7BD9,DA42,DIAMOND AIRCRAFT INDUSTRIES INC.,DA 42,acd5395ed848946d24969fa5912e5eedf5c3b479e0b686caba702939f464c7a4,True,3
103552,636,290926_ML.npy,2026-09-29,2026-09-29 09:29:09.814359,7C7BD9,DA42,DIAMOND AIRCRAFT INDUSTRIES INC.,DA 42,ee999d28ecd9eaa1d782ad5db678dfeaa0cdb9bfb63fa9a943159e02bcfb643d,True,1
103554,638,290926_ML.npy,2026-09-29,2026-09-29 09:29:10.281695,7C7BD9,DA42,DIAMOND AIRCRAFT INDUSTRIES INC.,DA 42,c76ae378a139a0b912d3114ad3d49b489c063718fa919ab131ec5f3c104db7b7,True,4
103557,641,290926_ML.npy,2026-09-29,2026-09-29 09:29:17.506587,7C7BD9,DA42,DIAMOND AIRCRAFT INDUSTRIES INC.,DA 42,936917d8ac43f987b7d046e8e5daceccabd9a7ed5b1ba1a474d737748baf248e,True,1
103558,642,290926_ML.npy,2026-09-29,2026-09-29 09:29:17.510432,7C7BD9,DA42,DIAMOND AIRCRAFT INDUSTRIES INC.,DA 42,094d329da0eaa6e7b61e88205588a5b7bdbef42f116b647251968893b08dd771,True,2
103559,643,290926_ML.npy,2026-09-29,2026-09-29 09:29:18.971295,7C7BD9,DA42,DIAMOND AIRCRAFT INDUSTRIES INC.,DA 42,99a7c8d85c9eed8819910656ecbf233f88b8891a4800200d4ee77b5e32708aa8,True,5
103561,645,290926_ML.npy,2026-09-29,2026-09-29 09:29:19.973355,7C7BD9,DA42,DIAMOND AIRCRAFT INDUSTRIES INC.,DA 42,7ad09eabe04129a2e43c3ebe4ec1a7df00e98fc7b04ae0de5fe3a6270a6258c4,True,3
103562,646,290926_ML.npy,2026-09-29,2026-09-29 09:29:20.478627,7C7BD9,DA42,DIAMOND AIRCRAFT INDUSTRIES INC.,DA 42,9a39d181dbf0ba7bb0b35e42cba89e5fa16ee7c9a8a18a9596800d897e953de8,True,2
103567,651,290926_ML.npy,2026-09-29,2026-09-29 09:29:25.132885,7C7BD9,DA42,DIAMOND AIRCRAFT INDUSTRIES INC.,DA 42,234fe24dcbdb12d4f708099c03e27c5df5ecde25c51f594998dbef7f39f27968,True,1
103568,652,290926_ML.npy,2026-09-29,2026-09-29 09:29:27.076484,7C7BD9,DA42,DIAMOND AIRCRAFT INDUSTRIES INC.,DA 42,5a762590be0b06c6df9ef673bbec754dca39707c76748a53d27fda7cbd32ecd3,True,1
103569,653,290926_ML.npy,2026-09-29,2026-09-29 09:29:28.075266,7C7BD9,DA42,DIAMOND AIRCRAFT INDUSTRIES INC.,DA 42,58dac4ffaf70f64482cd7b9ac3cddb2161e134cc9d5b652a36e9e24ee0122bbd,True,1
103570,654,290926_ML.npy,2026-09-29,2026-09-29 09:29:28.646323,7C7BD9,DA42,DIAMOND AIRCRAFT INDUSTRIES INC.,DA 42,ed05c86cf59ba621af4418ee7ca9fe020dd19e7c519e6a0ba23a13031f916d4f,True,2
103571,655,290926_ML.npy,2026-09-29,2026-09-29 09:29:30.652894,7C7BD9,DA42,DIAMOND AIRCRAFT INDUSTRIES INC.,DA 42,cab17b66bb6c7f26e438a8b0f569747a530fd5227119c6054f4e8fa7c824d80f,True,1
103572,656,290926_ML.npy,2026-09-29,2026-09-29 09:29:30.656718,7C7BD9,DA42,DIAMOND AIRCRAFT INDUSTRIES INC.,DA 42,f58b530e32778a380b8ce776a0672b57466cf6c79e4446a85735fe5573b636a9,True,1
103576,660,290926_ML.npy,2026-09-29,2026-09-29 09:29:33.757034,7C7BD9,DA42,DIAMOND AIRCRAFT INDUSTRIES INC.,DA 42,ee999d28ecd9eaa1d782ad5db678dfeaa0cdb9bfb63fa9a943159e02bcfb643d,True,1
103579,663,290926_ML.npy,2026-09-29,2026-09-29 09:29:40.789691,7C7BD9,DA42,DIAMOND AIRCRAFT INDUSTRIES INC.,DA 42,5dddf7db2bb440287b8d0ae98701991995ef2c5507f264ff108a15cb59cde8cd,True,3
103580,664,290926_ML.npy,2026-09-29,2026-09-29 09:29:40.795292,7C7BD9,DA42,DIAMOND AIRCRAFT INDUSTRIES INC.,DA 42,46fa94c5c6379ad13c1c4250bf72ecd216c88bbb50a1c4050b37f284d3c59a25,True,5
103581,665,290926_ML.npy,2026-09-29,2026-09-29 09:29:46.194676,7C7BD9,DA42,DIAMOND AIRCRAFT INDUSTRIES INC.,DA 42,ed05c86cf59ba621af4418ee7ca9fe020dd19e7c519e6a0ba23a13031f916d4f,True,2
103582,666,290926_ML.npy,2026-09-29,2026-09-29 09:29:46.854094,7C7BD9,DA42,DIAMOND AIRCRAFT INDUSTRIES INC.,DA 42,2932e4ad2f3d83fd5e52aa34fd8dee9ba8875bec3b73b36e34b93c17f550570e,True,5
103583,667,290926_ML.npy,2026-09-29,2026-09-29 09:29:48.747369,7C7BD9,DA42,DIAMOND AIRCRAFT INDUSTRIES INC.,DA 42,ee999d28ecd9eaa1d782ad5db678dfeaa0cdb9bfb63fa9a943159e02bcfb643d,True,5
103585,669,290926_ML.npy,2026-09-29,2026-09-29 09:29:56.229882,7C7BD9,DA42,DIAMOND AIRCRAFT INDUSTRIES INC.,DA 42,ed05c86cf59ba621af4418ee7ca9fe020dd19e7c519e6a0ba23a13031f916d4f,True,2
103586,670,290926_ML.npy,2026-09-29,2026-09-29 09:29:56.822225,7C7BD9,DA42,DIAMOND AIRCRAFT INDUSTRIES INC.,DA 42,60f6a747945f16e3b89be6de458807414a1d201a14d02b4d6aea00275b602f9a,True,1
103587,671,290926_ML.npy,2026-09-29,2026-09-29 09:29:56.828479,7C7BD9,DA42,DIAMOND AIRCRAFT INDUSTRIES INC.,DA 42,e4c4d1ca1309a753be396f36afb8ab5022b064865019f17c735de86f37d2483b,True,4
103589,673,290926_ML.npy,2026-09-29,2026-09-29 09:30:01.677531,7C7BD9,DA42,DIAMOND AIRCRAFT INDUSTRIES INC.,DA 42,2932e4ad2f3d83fd5e52aa34fd8dee9ba8875bec3b73b36e34b93c17f550570e,True,5
103590,674,290926_ML.npy,2026-09-29,2026-09-29 09:30:02.664597,7C7BD9,DA42,DIAMOND AIRCRAFT INDUSTRIES INC.,DA 42,838b356af7b84e03360fe654eb4ffd6f76e506a3ff616c2afdb6f36fce61baac,True,2
103594,678,290926_ML.npy,2026-09-29,2026-09-29 09:30:05.171995,7C7BD9,DA42,DIAMOND AIRCRAFT INDUSTRIES INC.,DA 42,c5ee19bd8d3ad00b20fe1c2894d3188efb6b33436133655cf8b3630886d6cb81,True,1
103597,681,290926_ML.npy,2026-09-29,2026-09-29 09:30:11.324347,7C7BD9,DA42,DIAMOND AIRCRAFT INDUSTRIES INC.,DA 42,ed05c86cf59ba621af4418ee7ca9fe020dd19e7c519e6a0ba23a13031f916d4f,True,4
103598,682,290926_ML.npy,2026-09-29,2026-09-29 09:30:12.443288,7C7BD9,DA42,DIAMOND AIRCRAFT INDUSTRIES INC.,DA 42,4191c74669500f131b4dd8e1b248f0ed519f97b725f83f3f74cb754f60a2aaf9,True,3
103601,685,290926_ML.npy,2026-09-29,2026-09-29 09:30:15.145027,7C7BD9,DA42,DIAMOND AIRCRAFT INDUSTRIES INC.,DA 42,faed9423552c77d9a1c75d55e0d2bb011e93365b2c134b7213c04dacb83d599a,True,5
103607,691,290926_ML.npy,2026-09-29,2026-09-29 09:30:17.579157,7C7BD9,DA42,DIAMOND AIRCRAFT INDUSTRIES INC.,DA 42,6da97b72c944b41aea7fc7b1a8f25b43f552bff7af4cf6f2deeab73cad0ddc88,True,2
103608,692,290926_ML.npy,2026-09-29,2026-09-29 09:30:18.948783,7C7BD9,DA42,DIAMOND AIRCRAFT INDUSTRIES INC.,DA 42,e1e307d9d6952a05d60234ea3cb4ca506c82a08460e7a99bf4bd91c55aa93c69,True,4
103609,693,290926_ML.npy,2026-09-29,2026-09-29 09:30:22.514473,7C7BD9,DA42,DIAMOND AIRCRAFT INDUSTRIES INC.,DA 42,ee999d28ecd9eaa1d782ad5db678dfeaa0cdb9bfb63fa9a943159e02bcfb643d,True,2
103610,694,290926_ML.npy,2026-09-29,2026-09-29 09:30:23.832805,7C7BD9,DA42,DIAMOND AIRCRAFT INDUSTRIES INC.,DA 42,8fb6621dce6c2da05cfd7ef5bad87541847b15f8c12b9bc4e7e5b583d127998e,True,5
103611,695,290926_ML.npy,2026-09-29,2026-09-29 09:30:25.443950,7C7BD9,DA42,DIAMOND AIRCRAFT INDUSTRIES INC.,DA 42,849419cc9c94ef63b183c78f6444880e838662ed815fe15523bebad972e3dfd1,True,3
103612,696,290926_ML.npy,2026-09-29,2026-09-29 09:30:25.447694,7C7BD9,DA42,DIAMOND AIRCRAFT INDUSTRIES INC.,DA 42,b83d3e1291ed719c754ffc4451aa7e0c8b216c49d2f4a41dbb2b2d57aef79278,True,3
103614,698,290926_ML.npy,2026-09-29,2026-09-29 09:30:25.865334,7C7BD9,DA42,DIAMOND AIRCRAFT INDUSTRIES INC.,DA 42,50b4a51d403e567ad09d274d66fcd825ec24310497b340cc619f5fa09368d213,True,2
103615,699,290926_ML.npy,2026-09-29,2026-09-29 09:30:27.060998,7C7BD9,DA42,DIAMOND AIRCRAFT INDUSTRIES INC.,DA 42,2932e4ad2f3d83fd5e52aa34fd8dee9ba8875bec3b73b36e34b93c17f550570e,True,1
103616,700,290926_ML.npy,2026-09-29,2026-09-29 09:30:28.800924,7C7BD9,DA42,DIAMOND AIRCRAFT INDUSTRIES INC.,DA 42,ed05c86cf59ba621af4418ee7ca9fe020dd19e7c519e6a0ba23a13031f916d4f,True,2
103618,702,290926_ML.npy,2026-09-29,2026-09-29 09:30:29.958193,7C7BD9,DA42,DIAMOND AIRCRAFT INDUSTRIES INC.,DA 42,9d634d25accb0762d278f9b7f03a62988012a5f27f4cb424cf00010772c53c21,True,4
103621,705,290926_ML.npy,2026-09-29,2026-09-29 09:30:31.777891,7C7BD9,DA42,DIAMOND AIRCRAFT INDUSTRIES INC.,DA 42,405a902b48d199a48c23a5232b0adb41c9952381325f828d0743c6866778e368,True,5
103622,706,290926_ML.npy,2026-09-29,2026-09-29 09:30:46.447474,7C7BD9,DA42,DIAMOND AIRCRAFT INDUSTRIES INC.,DA 42,405a902b48d199a48c23a5232b0adb41c9952381325f828d0743c6866778e368,True,3
103623,707,290926_ML.npy,2026-09-29,2026-09-29 09:30:47.447415,7C7BD9,DA42,DIAMOND AIRCRAFT INDUSTRIES INC.,DA 42,ee999d28ecd9eaa1d782ad5db678dfeaa0cdb9bfb63fa9a943159e02bcfb643d,True,4
103625,709,290926_ML.npy,2026-09-29,2026-09-29 09:30:48.140942,7C7BD9,DA42,DIAMOND AIRCRAFT INDUSTRIES INC.,DA 42,f548ada184511225e08e0f707bb5d7eba25db02391a9aca62c3774a6428f2232,True,3
103626,710,290926_ML.npy,2026-09-29,2026-09-29 09:30:48.439602,7C7BD9,DA42,DIAMOND AIRCRAFT INDUSTRIES INC.,DA 42,ed05c86cf59ba621af4418ee7ca9fe020dd19e7c519e6a0ba23a13031f916d4f,True,2
103631,715,290926_ML.npy,2026-09-29,2026-09-29 09:31:54.197708,7C168B,DA40,DIAMOND AIRCRAFT INDUSTRIES INC.,DA 40,a1d6e738bbcf6a67c1dd581bb68a03247e6289e9bb51b3a83c7cec719c95ac7f,True,2
103633,717,290926_ML.npy,2026-09-29,2026-09-29 09:31:56.971128,7C168B,DA40,DIAMOND AIRCRAFT INDUSTRIES INC.,DA 40,faca2675355f0ef34d6d7564b05b5ff95fbe2f939eb2fe3cffbe84d5036ee6a6,True,3
103636,720,290926_ML.npy,2026-09-29,2026-09-29 09:32:05.448906,7C168B,DA40,DIAMOND AIRCRAFT INDUSTRIES INC.,DA 40,5ab91c746df88f946b1f87faea4a7a44eb21f1af76776967ddb720ebe3628140,True,3
103639,723,290926_ML.npy,2026-09-29,2026-09-29 09:32:10.894258,7C168B,DA40,DIAMOND AIRCRAFT INDUSTRIES INC.,DA 40,e6e4f713024965b0cd1e16b221165051969f63ab938f4fb6ad590c9b8b83f15a,True,2
103642,726,290926_ML.npy,2026-09-29,2026-09-29 09:32:13.626025,7C168B,DA40,DIAMOND AIRCRAFT INDUSTRIES INC.,DA 40,63fb7b20a146793dc1b26715b874fefa5e167fc2cb9f04c36b772d346264b92e,True,2
103656,740,290926_ML.npy,2026-09-29,2026-09-29 09:32:40.342654,7C168B,DA40,DIAMOND AIRCRAFT INDUSTRIES INC.,DA 40,fa8b4a6e124d3ece9d4dd7561d599e3c77bb2fa53700fc12d12f44f336d46327,True,4
103659,743,290926_ML.npy,2026-09-29,2026-09-29 09:32:42.867193,7C168B,DA40,DIAMOND AIRCRAFT INDUSTRIES INC.,DA 40,91eea174c0170a2097197b3cd23c3c4d3a9649c514b1d13cb87bfbceeecf2fc8,True,4
103664,748,290926_ML.npy,2026-09-29,2026-09-29 09:33:16.093480,7C168B,DA40,DIAMOND AIRCRAFT INDUSTRIES INC.,DA 40,cdbe1cebe5e46e8a71b0f3dc6fc1fb6e77426956251f20b717561dabe9c77025,True,3
103693,777,290926_ML.npy,2026-09-29,2026-09-29 09:37:40.187611,7C168B,DA40,DIAMOND AIRCRAFT INDUSTRIES INC.,DA 40,7359b085cc9b4e85190560c5c3c77f8ce1db9d23fe349607878b0ffdcbdd3f92,True,1
103724,808,290926_ML.npy,2026-09-29,2026-09-29 09:43:06.945584,7C168B,DA40,DIAMOND AIRCRAFT INDUSTRIES INC.,DA 40,5f7976533aac7a652f62d56454b23b1685cb2279d7aab67c4030fbbade459e49,True,5
103749,833,290926_ML.npy,2026-09-29,2026-09-29 09:43:44.835584,7C168B,DA40,DIAMOND AIRCRAFT INDUSTRIES INC.,DA 40,aedac560abdd5f3fe326f9b9910e2140c69f47aad8b875aca54fda4a564e3a2f,True,1
103762,846,290926_ML.npy,2026-09-29,2026-09-29 09:44:44.397173,7C168B,DA40,DIAMOND AIRCRAFT INDUSTRIES INC.,DA 40,2b88c52a9c3c01097648220ca46e6b6570b78c88e282e4e179b2e820ba345d6b,True,2
103784,868,290926_ML.npy,2026-09-29,2026-09-29 09:58:38.154682,7C7C39,DA40,DIAMOND AIRCRAFT INDUSTRIES INC.,DA 40,abc0840f68335e4c67ac3b83820d55c5de8eaa207193bafb956b671d982c6f5e,True,4
103786,870,290926_ML.npy,2026-09-29,2026-09-29 09:58:41.459022,7C7C39,DA40,DIAMOND AIRCRAFT INDUSTRIES INC.,DA 40,c4a3323f5c2802ccfda9679d2ae1622b429bd7ff6a04757989b86a38ca3737ae,True,3
103796,880,290926_ML.npy,2026-09-29,2026-09-29 09:58:50.388210,7C7C39,DA40,DIAMOND AIRCRAFT INDUSTRIES INC.,DA 40,db0d979f7a02f3db65af4746a17f581d40709e376b82658b500962de167b240b,True,3
103802,886,290926_ML.npy,2026-09-29,2026-09-29 09:58:53.883468,7C7C39,DA40,DIAMOND AIRCRAFT INDUSTRIES INC.,DA 40,11c381d1c8a4a10e8c6f71f7298a9e79e77009d2a643bf82e7334609195f958f,True,2
103831,915,290926_ML.npy,2026-09-29,2026-09-29 10:08:20.290531,7C168B,DA40,DIAMOND AIRCRAFT INDUSTRIES INC.,DA 40,eeb318ae0a02cf5ba89fa8e68d9770e82b2d9d6e27914ead81122a06166edf41,True,3
103833,917,290926_ML.npy,2026-09-29,2026-09-29 10:08:23.072495,7C168B,DA40,DIAMOND AIRCRAFT INDUSTRIES INC.,DA 40,dc8bda411083e844d8495de90412a5c0af9c216eff56cd5838034e300c707ecd,True,2
103842,926,290926_ML.npy,2026-09-29,2026-09-29 10:08:31.097697,7C168B,DA40,DIAMOND AIRCRAFT INDUSTRIES INC.,DA 40,70e4fa5c5fc23969e54fcd0f6a365033832f3b0d5390c900902fd3c0b110a212,True,4
103847,931,290926_ML.npy,2026-09-29,2026-09-29 10:08:35.005495,7C168B,DA40,DIAMOND AIRCRAFT INDUSTRIES INC.,DA 40,02a9a1937514720b95b8b43afc09f02c83f43c76dc140a21b38f77a8dae8c76d,True,4
103864,948,290926_ML.npy,2026-09-29,2026-09-29 10:13:25.300133,7C168B,DA40,DIAMOND AIRCRAFT INDUSTRIES INC.,DA 40,53d6b16fca92f39fce32cf5c168b5598e196bb988063acccef2697f9133123f3,True,3
103892,976,290926_ML.npy,2026-09-29,2026-09-29 10:18:35.982634,7C168B,DA40,DIAMOND AIRCRAFT INDUSTRIES INC.,DA 40,faca2675355f0ef34d6d7564b05b5ff95fbe2f939eb2fe3cffbe84d5036ee6a6,True,5
103899,983,290926_ML.npy,2026-09-29,2026-09-29 10:18:46.149480,7C168B,DA40,DIAMOND AIRCRAFT INDUSTRIES INC.,DA 40,f0e47a37041483fdea78c1064fb31476d3825ea9a657d14b2c41ed9ba3174eb2,True,4
103902,986,290926_ML.npy,2026-09-29,2026-09-29 10:18:50.382940,7C168B,DA40,DIAMOND AIRCRAFT INDUSTRIES INC.,DA 40,05a300b346b3c2cbcab8807ac94f68c46cdf26d42b3452ba6418ed9b7b951766,True,1
103910,994,290926_ML.npy,2026-09-29,2026-09-29 10:18:57.522535,7C168B,DA40,DIAMOND AIRCRAFT INDUSTRIES INC.,DA 40,faca2675355f0ef34d6d7564b05b5ff95fbe2f939eb2fe3cffbe84d5036ee6a6,True,4
103913,997,290926_ML.npy,2026-09-29,2026-09-29 10:18:58.796374,7C168B,DA40,DIAMOND AIRCRAFT INDUSTRIES INC.,DA 40,ab34bfb25beeac1e797638845b689a553d9a39dacb523cbfb414955f20580468,True,3
103926,1010,290926_ML.npy,2026-09-29,2026-09-29 10:23:54.768448,7C168B,DA40,DIAMOND AIRCRAFT INDUSTRIES INC.,DA 40,aa7135769a9c1e2dbe9011a04f3ac1d31cc114032459ae20e6550ade9d759032,True,1
103934,1018,290926_ML.npy,2026-09-29,2026-09-29 10:24:00.367540,7C168B,DA40,DIAMOND AIRCRAFT INDUSTRIES INC.,DA 40,4b0f0dc232af60d0764e51586aaec44893b9619abfbdc24eb4a938bf34858be3,True,2
103939,1023,290926_ML.npy,2026-09-29,2026-09-29 10:24:05.859241,7C168B,DA40,DIAMOND AIRCRAFT INDUSTRIES INC.,DA 40,93577490fb8d8926db49038ecc29b507054ff4e40bfe007ffeb93720743153ad,True,3
103947,1031,290926_ML.npy,2026-09-29,2026-09-29 10:24:13.406541,7C168B,DA40,DIAMOND AIRCRAFT INDUSTRIES INC.,DA 40,16e37c48b0157c6545e9c9673fe2ec63bd49982fd8be7645ed7362a33439104a,True,5
103965,1049,290926_ML.npy,2026-09-29,2026-09-29 10:29:10.974469,7C168B,DA40,DIAMOND AIRCRAFT INDUSTRIES INC.,DA 40,fae47a47c65d626342e117991801ec1ca6e675a4ae0c71808034976b1b4f9c2a,True,5
103968,1052,290926_ML.npy,2026-09-29,2026-09-29 10:29:16.904054,7C168B,DA40,DIAMOND AIRCRAFT INDUSTRIES INC.,DA 40,58eb5b6d0beba12458428fda5e707875e6c69c09866504d6cf5e78fb65e70dc3,True,1
103973,1057,290926_ML.npy,2026-09-29,2026-09-29 10:29:21.914920,7C168B,DA40,DIAMOND AIRCRAFT INDUSTRIES INC.,DA 40,5509e9253336d42190700db59f4cad6b1ff319cd1f8621e3835cc2f5bee6c04c,True,5
103977,1061,290926_ML.npy,2026-09-29,2026-09-29 10:29:28.124737,7C168B,DA40,DIAMOND AIRCRAFT INDUSTRIES INC.,DA 40,a9955cd411f47c1c42c101cd6f87a8208e600dfa85fad0800d6e09b4d1512df7,True,5
103980,1064,290926_ML.npy,2026-09-29,2026-09-29 10:29:29.152171,7C168B,DA40,DIAMOND AIRCRAFT INDUSTRIES INC.,DA 40,02891bbc453ac37f1e63d3f74ff50e689b8a99b60c261698fde192ee4efc49db,True,2
103981,1065,290926_ML.npy,2026-09-29,2026-09-29 10:29:29.576527,7C168B,DA40,DIAMOND AIRCRAFT INDUSTRIES INC.,DA 40,110874d7bc9a028cb4fecde7b71a7dd2cd2e8ce72c77249ffdfb5a00c1459914,True,5
103985,1069,290926_ML.npy,2026-09-29,2026-09-29 10:29:33.560264,7C168B,DA40,DIAMOND AIRCRAFT INDUSTRIES INC.,DA 40,58f111aef866d514d2eed4b8616facb6c1ea9e524fc0bfad16f538e1bcb35d7f,True,1
104025,1109,290926_ML.npy,2026-09-29,2026-09-29 10:35:02.670826,7C168B,DA40,DIAMOND AIRCRAFT INDUSTRIES INC.,DA 40,fd668ae8c5c5b2faa664b43a8c6d3afb6b619ccefaba933723f1425f7b264230,True,4
104042,1126,290926_ML.npy,2026-09-29,2026-09-29 10:35:18.483684,7C168B,DA40,DIAMOND AIRCRAFT INDUSTRIES INC.,DA 40,9e09ba873a35f285dd03b0ca577b1b16e03946673f5073e1bf18fd358bcab9e8,True,3
104059,1143,290926_ML.npy,2026-09-29,2026-09-29 10:40:23.432826,7C168B,DA40,DIAMOND AIRCRAFT INDUSTRIES INC.,DA 40,09d7cfa0b1ba0b22e29aaf626633920eee9d43a7075c52def3e9ffea7365852f,True,3
104106,1190,290926_ML.npy,2026-09-29,2026-09-29 12:13:12.649370,7C7C39,DA40,DIAMOND AIRCRAFT INDUSTRIES INC.,DA 40,d53816523a6cdf2ef05cd2b3adc3a02192b8e00d2a8ebe8c9245120aee07ce99,True,4
104112,1196,290926_ML.npy,2026-09-29,2026-09-29 12:22:18.063359,7C7BD9,DA42,DIAMOND AIRCRAFT INDUSTRIES INC.,DA 42,9d9045c8413f365acb3ba3ba438d24a63b5c9b7b6e4df019c147484ddec55bf0,True,3
104116,1200,290926_ML.npy,2026-09-29,2026-09-29 12:22:30.208376,7C7BD9,DA42,DIAMOND AIRCRAFT INDUSTRIES INC.,DA 42,d9d1f1c8e393d87a2ba1be4c230e0293b59f0909ffa5ca1a06d6b77d5d9bf2ba,True,2
104118,1202,290926_ML.npy,2026-09-29,2026-09-29 12:22:47.755094,7C7BD9,DA42,DIAMOND AIRCRAFT INDUSTRIES INC.,DA 42,bf07da1023a0314fe356edda53c40f1a7b7a7a718e4546907070396479dbe8ea,True,3
104120,1204,290926_ML.npy,2026-09-29,2026-09-29 12:22:47.791127,7C7BD9,DA42,DIAMOND AIRCRAFT INDUSTRIES INC.,DA 42,39b5ef2544365d545c0022210a3cfa22e1fefff596c4436a4883199b15aa1421,True,1
104122,1206,290926_ML.npy,2026-09-29,2026-09-29 12:22:54.001518,7C7BD9,DA42,DIAMOND AIRCRAFT INDUSTRIES INC.,DA 42,058560f379378beeec213e90b24af6c6e40307a5c14f07cee9c8ad8279dc81a0,True,1
104123,1207,290926_ML.npy,2026-09-29,2026-09-29 12:22:54.006112,7C7BD9,DA42,DIAMOND AIRCRAFT INDUSTRIES INC.,DA 42,fe41dd29b4faf9d03953daf8e1b9fc3916a7bb7216e0c9801270d5e5aaacc502,True,5
104124,1208,290926_ML.npy,2026-09-29,2026-09-29 12:22:55.300577,7C7BD9,DA42,DIAMOND AIRCRAFT INDUSTRIES INC.,DA 42,39b5ef2544365d545c0022210a3cfa22e1fefff596c4436a4883199b15aa1421,True,4
104125,1209,290926_ML.npy,2026-09-29,2026-09-29 12:22:59.047669,7C7BD9,DA42,DIAMOND AIRCRAFT INDUSTRIES INC.,DA 42,39b5ef2544365d545c0022210a3cfa22e1fefff596c4436a4883199b15aa1421,True,5
104126,1210,290926_ML.npy,2026-09-29,2026-09-29 12:23:01.506587,7C7BD9,DA42,DIAMOND AIRCRAFT INDUSTRIES INC.,DA 42,ca94acc3ec5dd3802e5e26d17894aa62902a98cb85449de26e0b9508970d1346,True,5
104128,1212,290926_ML.npy,2026-09-29,2026-09-29 12:23:04.191443,7C7BD9,DA42,DIAMOND AIRCRAFT INDUSTRIES INC.,DA 42,faeb34a23800bc5abd7c94e9098553f0d85295790878de4d32e972d224990cfe,True,1
104130,1214,290926_ML.npy,2026-09-29,2026-09-29 12:23:10.495210,7C7BD9,DA42,DIAMOND AIRCRAFT INDUSTRIES INC.,DA 42,7f84dc4c28dc08447ca284b9dd75fbc4997fd2bb5587ae653ee6864918e3bc01,True,4
104131,1215,290926_ML.npy,2026-09-29,2026-09-29 12:23:10.499054,7C7BD9,DA42,DIAMOND AIRCRAFT INDUSTRIES INC.,DA 42,3878410b13926c1b6388605d77ace4c16405125d6abe271db1ace5d776ac45a0,True,1
104132,1216,290926_ML.npy,2026-09-29,2026-09-29 12:23:12.051431,7C7BD9,DA42,DIAMOND AIRCRAFT INDUSTRIES INC.,DA 42,ed05c86cf59ba621af4418ee7ca9fe020dd19e7c519e6a0ba23a13031f916d4f,True,5
104133,1217,290926_ML.npy,2026-09-29,2026-09-29 12:23:14.816981,7C7BD9,DA42,DIAMOND AIRCRAFT INDUSTRIES INC.,DA 42,4ceed6832b8b268f891d7d0352a8a21d0f74cf230dff73b876b36cd6b8288ad2,True,5
104134,1218,290926_ML.npy,2026-09-29,2026-09-29 12:23:14.827492,7C7BD9,DA42,DIAMOND AIRCRAFT INDUSTRIES INC.,DA 42,d4e492abaf2fc18193b97e8cac253cc399ad773587ebab94fcf2e0da677fc62f,True,3
104137,1221,290926_ML.npy,2026-09-29,2026-09-29 12:23:24.252565,7C7BD9,DA42,DIAMOND AIRCRAFT INDUSTRIES INC.,DA 42,39b5ef2544365d545c0022210a3cfa22e1fefff596c4436a4883199b15aa1421,True,4
104139,1223,290926_ML.npy,2026-09-29,2026-09-29 12:23:25.148730,7C7BD9,DA42,DIAMOND AIRCRAFT INDUSTRIES INC.,DA 42,bc90c58fe6a5975c7c75a255845933398906bcca0c90519843b298e92443a9ed,True,5
104141,1225,290926_ML.npy,2026-09-29,2026-09-29 12:23:32.871272,7C7BD9,DA42,DIAMOND AIRCRAFT INDUSTRIES INC.,DA 42,ab0225042442b8a2e5dbce3c44648060e2eeaec9ec45819ea6b569ad7f348f18,True,3
104144,1228,290926_ML.npy,2026-09-29,2026-09-29 12:23:33.870587,7C7BD9,DA42,DIAMOND AIRCRAFT INDUSTRIES INC.,DA 42,1f596e00b02444b1878557440c74d99c2b6af5d8f717efb4a6cb6daf15f9233c,True,2
104146,1230,290926_ML.npy,2026-09-29,2026-09-29 12:23:41.730691,7C7BD9,DA42,DIAMOND AIRCRAFT INDUSTRIES INC.,DA 42,d7f1e9aa1605e4194e9f7b3115ce654b9de001f167dd43b066ca263dcf529682,True,5
104147,1231,290926_ML.npy,2026-09-29,2026-09-29 12:23:43.594207,7C7BD9,DA42,DIAMOND AIRCRAFT INDUSTRIES INC.,DA 42,1447ef59f98275a649472e6ad44afcbddea4da5f04b2b32aef072c7003866cc9,True,2
104150,1234,290926_ML.npy,2026-09-29,2026-09-29 12:24:34.370476,7C7BD9,DA42,DIAMOND AIRCRAFT INDUSTRIES INC.,DA 42,d7f1e9aa1605e4194e9f7b3115ce654b9de001f167dd43b066ca263dcf529682,True,2
104152,1236,290926_ML.npy,2026-09-29,2026-09-29 12:24:36.347992,7C7BD9,DA42,DIAMOND AIRCRAFT INDUSTRIES INC.,DA 42,660f71c5e764e977eaec76169c15915475e8a11824f7b995a3d0b18062824fef,True,3
104153,1237,290926_ML.npy,2026-09-29,2026-09-29 12:24:36.351781,7C7BD9,DA42,DIAMOND AIRCRAFT INDUSTRIES INC.,DA 42,e038e98ae0ed570edf1ba511bb7da6a5d034eaa9927b3299d21f8b9af97313b7,True,1
104155,1239,290926_ML.npy,2026-09-29,2026-09-29 12:24:46.464443,7C7BD9,DA42,DIAMOND AIRCRAFT INDUSTRIES INC.,DA 42,674873de56bd901b9acdfec51eb4b37d2baf9f8a286765d9fa831307604b748a,True,5
104171,1255,290926_ML.npy,2026-09-29,2026-09-29 21:23:53.644775,7C7B55,DA40,DIAMOND AIRCRAFT INDUSTRIES INC.,DA 40,acd180b819b4ac56af4ce6f75b8807a83610201cf6406b512501d785eb77b311,True,4
104176,1260,290926_ML.npy,2026-09-29,2026-09-29 21:23:56.000839,7C7B55,DA40,DIAMOND AIRCRAFT INDUSTRIES INC.,DA 40,81ad51f651a7d00d729024274e1018c1ad53522f3ce3b8e3f3b90c7cc4bbd2e7,True,4
104179,1263,290926_ML.npy,2026-09-29,2026-09-29 21:23:56.908919,7C7B55,DA40,DIAMOND AIRCRAFT INDUSTRIES INC.,DA 40,6fca10055bc6f413165884b52f2bb4e8c97da46624e0820833f6c81443520f18,True,5
104209,1293,290926_ML.npy,2026-09-29,2026-09-29 21:25:04.700682,7C7B55,DA40,DIAMOND AIRCRAFT INDUSTRIES INC.,DA 40,05bfb12b871dd2d05b6064f4c09a1fb221fa5d0cacb5453d66add03b02f9658c,True,5
104211,1295,290926_ML.npy,2026-09-29,2026-09-29 21:25:08.549535,7C7B55,DA40,DIAMOND AIRCRAFT INDUSTRIES INC.,DA 40,81ad51f651a7d00d729024274e1018c1ad53522f3ce3b8e3f3b90c7cc4bbd2e7,True,3
104214,1298,290926_ML.npy,2026-09-29,2026-09-29 21:25:11.692195,7C7B55,DA40,DIAMOND AIRCRAFT INDUSTRIES INC.,DA 40,460c0a52a87195f20f0c7be42b45ef442960b19c1a6cf9229ab44180b1b005d0,True,2
104216,1300,290926_ML.npy,2026-09-29,2026-09-29 21:25:14.410398,7C7B55,DA40,DIAMOND AIRCRAFT INDUSTRIES INC.,DA 40,e3b31ac1c2e33ce3f953f0180117cdfc9948baffdcb7fa6eb4584aedd03b4ec0,True,5
104219,1303,290926_ML.npy,2026-09-29,2026-09-29 21:25:18.436101,7C7B55,DA40,DIAMOND AIRCRAFT INDUSTRIES INC.,DA 40,e7a26f320289b4ed77822f225fc730cea367cec8f5c2f20e275d990ada3d0b6d,True,2
104252,1336,290926_ML.npy,2026-09-29,2026-09-29 21:31:27.923399,7C7B55,DA40,DIAMOND AIRCRAFT INDUSTRIES INC.,DA 40,b51b0fa228afdb3a35052f77ae84be15f774cbac94d41848c8d4cb72efa3a76f,True,3
104379,1463,290926_ML.npy,2026-09-29,2026-09-29 21:48:07.751471,7C7B55,DA40,DIAMOND AIRCRAFT INDUSTRIES INC.,DA 40,5d4c0bd663df6dd1fff37001159c23e05164c195906e3c03db839db89aacca83,True,3
104392,1476,290926_ML.npy,2026-09-29,2026-09-29 21:48:36.303412,7C7B55,DA40,DIAMOND AIRCRAFT INDUSTRIES INC.,DA 40,1245fe31e8b9155cb51294f8d25d4cc7ea861adc8495ea0b8f57d16bbc69db0e,True,3
104396,1480,290926_ML.npy,2026-09-29,2026-09-29 21:48:38.442603,7C7B55,DA40,DIAMOND AIRCRAFT INDUSTRIES INC.,DA 40,81ad51f651a7d00d729024274e1018c1ad53522f3ce3b8e3f3b90c7cc4bbd2e7,True,4
104423,1507,290926_ML.npy,2026-09-29,2026-09-29 21:49:22.566475,7C67D3,C172,CESSNA AIRCRAFT COMPANY,172S,36b3d878360d11ce8d05e7a783e6423c9654b8a24082d23f6c886a1088b2e2eb,True,1
104446,1530,290926_ML.npy,2026-09-29,2026-09-29 21:52:17.736485,7C7B55,DA40,DIAMOND AIRCRAFT INDUSTRIES INC.,DA 40,ea4acc776d098846fe30251d1065c51a4bed0c126076b30a163a0e6945d83ba5,True,1
104450,1534,290926_ML.npy,2026-09-29,2026-09-29 21:52:21.915027,7C67D3,C172,CESSNA AIRCRAFT COMPANY,172S,98859d8ea52d3abc13b89f0cfa5ce70c558330590022b9c06eec1825df9c2c73,True,1
104455,1539,290926_ML.npy,2026-09-29,2026-09-29 21:52:35.551150,7C67D3,C172,CESSNA AIRCRAFT COMPANY,172S,77cf1911405090123c9635321e04d5854b49b9748f15c5a90f6e8cd11487625d,True,3
104467,1551,290926_ML.npy,2026-09-29,2026-09-29 21:52:42.702608,7C67D3,C172,CESSNA AIRCRAFT COMPANY,172S,1d02819982dfa95023401ce5130c617473de13a9826b1dd83710f08d56f6b70c,True,3
104468,1552,290926_ML.npy,2026-09-29,2026-09-29 21:52:43.026895,7C67D3,C172,CESSNA AIRCRAFT COMPANY,172S,054c8011633cd06822663121295d08615f949e329253ed190b32a7836b1d541e,True,5
104471,1555,290926_ML.npy,2026-09-29,2026-09-29 21:52:43.586891,7C67D3,C172,CESSNA AIRCRAFT COMPANY,172S,46014df56b336d0157ac6736bf36c21c7417fbc82ea44052a5d23caef5f21c60,True,4
104483,1567,290926_ML.npy,2026-09-29,2026-09-29 21:53:02.189939,7C67D3,C172,CESSNA AIRCRAFT COMPANY,172S,46014df56b336d0157ac6736bf36c21c7417fbc82ea44052a5d23caef5f21c60,True,3
104485,1569,290926_ML.npy,2026-09-29,2026-09-29 21:53:02.628216,7C67D3,C172,CESSNA AIRCRAFT COMPANY,172S,46014df56b336d0157ac6736bf36c21c7417fbc82ea44052a5d23caef5f21c60,True,3
104494,1578,290926_ML.npy,2026-09-29,2026-09-29 21:58:32.638814,7C67D3,C172,CESSNA AIRCRAFT COMPANY,172S,e187b68c2a9e1f542b5a62a9fa53405dfefda7957aee717f0734aa20b8ce2c1a,True,1
104495,1579,290926_ML.npy,2026-09-29,2026-09-29 21:58:38.998996,7C67D3,C172,CESSNA AIRCRAFT COMPANY,172S,c0b741512c1ecc3573e3304b3fb124390aefa8a155bce21a6814fb6c922ab712,True,5
104509,1593,290926_ML.npy,2026-09-29,2026-09-29 21:59:00.636783,7C7B55,DA40,DIAMOND AIRCRAFT INDUSTRIES INC.,DA 40,1463970c48d591009677f02f8972f66bde1ef881ee7792aaa4f2e0fd1cda4ad2,True,3
104515,1599,290926_ML.npy,2026-09-29,2026-09-29 21:59:06.139528,7C67D3,C172,CESSNA AIRCRAFT COMPANY,172S,4ce837635186314b5cbaaacc8c9960ad0dc49411be9455e072faacc93b227965,True,2
104517,1601,290926_ML.npy,2026-09-29,2026-09-29 21:59:07.149772,7C67D3,C172,CESSNA AIRCRAFT COMPANY,172S,98379b2c9cfef1922a787e48e89668fd98fa0d562ea37c08921cfd07ab44d1f8,True,5
104526,1610,290926_ML.npy,2026-09-29,2026-09-29 21:59:20.354538,7C7B55,DA40,DIAMOND AIRCRAFT INDUSTRIES INC.,DA 40,be34dddb46ac7dc6adfd70c63af6b2f484478963e2ed40c00151f1a597aab8a0,True,4
104541,1625,290926_ML.npy,2026-09-29,2026-09-29 21:59:34.321314,7C7B55,DA40,DIAMOND AIRCRAFT INDUSTRIES INC.,DA 40,7ea6eeef1bdbcb2bf94ee9ee4b05856821564db5cd835ed9d3c77c707c8ef1eb,True,1
104542,1626,290926_ML.npy,2026-09-29,2026-09-29 21:59:34.326060,7C7B55,DA40,DIAMOND AIRCRAFT INDUSTRIES INC.,DA 40,741b8c4de16f767aab04c7072ba906b2ba71f5e30493c9f6ea02a6bfa5de0bf3,True,1
104574,1658,290926_ML.npy,2026-09-29,2026-09-29 22:00:02.814594,7C7B55,DA40,DIAMOND AIRCRAFT INDUSTRIES INC.,DA 40,856a6ef113c89821ab6cf7359a3f16e06841e265e530ed39f5d38b1cbb6407ec,True,4
104579,1663,290926_ML.npy,2026-09-29,2026-09-29 22:02:43.689321,7C7B55,DA40,DIAMOND AIRCRAFT INDUSTRIES INC.,DA 40,54189887b750af5188393184def76eb5acf46395549fcd20e1cfdc6f1ed16a0f,True,2
104603,1687,290926_ML.npy,2026-09-29,2026-09-29 22:03:32.331335,7C7B55,DA40,DIAMOND AIRCRAFT INDUSTRIES INC.,DA 40,1b893908c49478060bb363848259c28299c99e3adc41be60fafd5db3d85d9ee0,True,1
104606,1690,290926_ML.npy,2026-09-29,2026-09-29 22:03:33.343984,7C7B55,DA40,DIAMOND AIRCRAFT INDUSTRIES INC.,DA 40,531c0cc24ac495702ee948270bb72a52ea0b0aec65847598c9f13c2bcdf9b2dc,True,4
104620,1704,290926_ML.npy,2026-09-29,2026-09-29 22:03:47.807262,7C7B55,DA40,DIAMOND AIRCRAFT INDUSTRIES INC.,DA 40,00345c150919d68351ad2b289ed2bd006e016dfbe79ab2870b2dc9ccc7212b2e,True,4
104628,1712,290926_ML.npy,2026-09-29,2026-09-29 22:03:54.865631,7C7B55,DA40,DIAMOND AIRCRAFT INDUSTRIES INC.,DA 40,81ad51f651a7d00d729024274e1018c1ad53522f3ce3b8e3f3b90c7cc4bbd2e7,True,1
104636,1720,290926_ML.npy,2026-09-29,2026-09-29 22:04:06.028094,7C7B55,DA40,DIAMOND AIRCRAFT INDUSTRIES INC.,DA 40,81ad51f651a7d00d729024274e1018c1ad53522f3ce3b8e3f3b90c7cc4bbd2e7,True,1
104637,1721,290926_ML.npy,2026-09-29,2026-09-29 22:04:06.405020,7C7B55,DA40,DIAMOND AIRCRAFT INDUSTRIES INC.,DA 40,acd180b819b4ac56af4ce6f75b8807a83610201cf6406b512501d785eb77b311,True,1
104641,1725,290926_ML.npy,2026-09-29,2026-09-29 22:04:07.589352,7C7B55,DA40,DIAMOND AIRCRAFT INDUSTRIES INC.,DA 40,767db4f807c17875e0b8d7bca5279855727e41bc897ee480b38707e6319046fb,True,4
104654,1738,290926_ML.npy,2026-09-29,2026-09-29 22:04:20.864609,7C67D3,C172,CESSNA AIRCRAFT COMPANY,172S,4270e52307242cac73f65f67202ef0aa3acbb8f2081ce61108100eb79c8143e2,True,2
104655,1739,290926_ML.npy,2026-09-29,2026-09-29 22:04:21.982804,7C67D3,C172,CESSNA AIRCRAFT COMPANY,172S,57a113ae211c96b55d39f6ae064aa5d95aa148e3db564968f13bf87f219f5d61,True,4
104656,1740,290926_ML.npy,2026-09-29,2026-09-29 22:04:22.494731,7C67D3,C172,CESSNA AIRCRAFT COMPANY,172S,6505671c6917f6f9211b709719170af647d1f85fc37c7a9891673e5c6b6caf04,True,4
104660,1744,290926_ML.npy,2026-09-29,2026-09-29 22:04:27.709754,7C67D3,C172,CESSNA AIRCRAFT COMPANY,172S,90278d14c7466dadbd9158609f98976adbdb425fc1e3c291f6f5640232ecb7ed,True,3
104664,1748,290926_ML.npy,2026-09-29,2026-09-29 22:04:31.381302,7C67D3,C172,CESSNA AIRCRAFT COMPANY,172S,98859d8ea52d3abc13b89f0cfa5ce70c558330590022b9c06eec1825df9c2c73,True,3
104667,1751,290926_ML.npy,2026-09-29,2026-09-29 22:04:32.982168,7C67D3,C172,CESSNA AIRCRAFT COMPANY,172S,1d02819982dfa95023401ce5130c617473de13a9826b1dd83710f08d56f6b70c,True,2
104675,1759,290926_ML.npy,2026-09-29,2026-09-29 22:04:51.576001,7C67D3,C172,CESSNA AIRCRAFT COMPANY,172S,72b8c93edacf06e68628d0eeab40080c5a8c8031bf946e3e8e811d7abf5ef86a,True,5
104688,1772,290926_ML.npy,2026-09-29,2026-09-29 22:05:11.758349,7C67D3,C172,CESSNA AIRCRAFT COMPANY,172S,f4cf493c88502023b1bb4d29f3a1993ff70fb8b52fb5e95baebfea1d3b9f7811,True,1
104691,1775,290926_ML.npy,2026-09-29,2026-09-29 22:07:37.239128,7C7B56,DA40,DIAMOND AIRCRAFT INDUSTRIES INC.,DA 40,35026d7ed58320af30145d6966dfb2cac9c0cec14204e64000ef255ecea209f8,True,2
104699,1783,290926_ML.npy,2026-09-29,2026-09-29 22:08:25.103407,7C7B56,DA40,DIAMOND AIRCRAFT INDUSTRIES INC.,DA 40,cf7ed22f9c74ea9aa8dc7337b124ff5ca4852eb22b1e89fce37385ea2392e8a0,True,5
104720,1804,290926_ML.npy,2026-09-29,2026-09-29 22:08:47.024188,7C7B55,DA40,DIAMOND AIRCRAFT INDUSTRIES INC.,DA 40,a4e65c119ec2bf44b0c4634c684c89c42cce2074e5ec63031f2f3dfc3e295c5b,True,5
104724,1808,290926_ML.npy,2026-09-29,2026-09-29 22:08:52.304026,7C7B55,DA40,DIAMOND AIRCRAFT INDUSTRIES INC.,DA 40,746d06218b584921968e63dc33ceba40c71ed9c607a78f97bf3470c86a5c1303,True,3
104732,1816,290926_ML.npy,2026-09-29,2026-09-29 22:09:35.641145,7C7B55,DA40,DIAMOND AIRCRAFT INDUSTRIES INC.,DA 40,42f168f896ad73f66ccf11bee49c84074f5ad9cf116a34fa85683ee072ebd113,True,5
104741,1825,290926_ML.npy,2026-09-29,2026-09-29 22:09:50.524828,7C7B55,DA40,DIAMOND AIRCRAFT INDUSTRIES INC.,DA 40,6e435a243484b22be7b0373c8a45b1148d3a48d9227a1c29436551a2971595df,True,3
104748,1832,290926_ML.npy,2026-09-29,2026-09-29 22:09:58.648920,7C7B55,DA40,DIAMOND AIRCRAFT INDUSTRIES INC.,DA 40,c6c8feff9bb0c8866ac388d5da90a159adf7f3d32e36b92057a013ed912bcf2c,True,1
104757,1841,290926_ML.npy,2026-09-29,2026-09-29 22:10:15.625528,7C7B55,DA40,DIAMOND AIRCRAFT INDUSTRIES INC.,DA 40,c26bbf5d0fdd2e401104c5a451622f44910ace74855c10ad270baedac494d45f,True,3
104759,1843,290926_ML.npy,2026-09-29,2026-09-29 22:10:19.062020,7C7B55,DA40,DIAMOND AIRCRAFT INDUSTRIES INC.,DA 40,8d6fe5367e12c8522f0b71a25efa545b4d27f64c4723c03122737a0aac73eb3b,True,4
104766,1850,290926_ML.npy,2026-09-29,2026-09-29 22:10:27.296761,7C7B55,DA40,DIAMOND AIRCRAFT INDUSTRIES INC.,DA 40,d87bc14408619135c043e8999d97bc7f549439d4674928c489ef0c736d4eaee7,True,4
104771,1855,290926_ML.npy,2026-09-29,2026-09-29 22:10:32.142945,7C7B55,DA40,DIAMOND AIRCRAFT INDUSTRIES INC.,DA 40,77f09ce5763952c162ea1c38ee9a90cc07658f7e98ce5cb5db7ab2e1a7926489,True,5
104786,1870,290926_ML.npy,2026-09-29,2026-09-29 22:10:45.400064,7C7B55,DA40,DIAMOND AIRCRAFT INDUSTRIES INC.,DA 40,460c0a52a87195f20f0c7be42b45ef442960b19c1a6cf9229ab44180b1b005d0,True,3
104805,1889,290926_ML.npy,2026-09-29,2026-09-29 22:18:49.779435,7C67D3,C172,CESSNA AIRCRAFT COMPANY,172S,53f7f05026791aa1952a6fccce3801f2d1312f9a5d5bac15d90931c53c7f03a3,True,1
104809,1893,290926_ML.npy,2026-09-29,2026-09-29 22:18:55.681495,7C67D3,C172,CESSNA AIRCRAFT COMPANY,172S,b5f13f62f286e720cea8c516492d7b3fa7919fb0685af09661fc8a2eee0ea496,True,2
104810,1894,290926_ML.npy,2026-09-29,2026-09-29 22:18:56.712005,7C67D3,C172,CESSNA AIRCRAFT COMPANY,172S,172c0b8e5cea1ee38796c026c1879455ea2d200cf4783999544319e0457ff67f,True,2
104814,1898,290926_ML.npy,2026-09-29,2026-09-29 22:18:58.022685,7C67D3,C172,CESSNA AIRCRAFT COMPANY,172S,1d02819982dfa95023401ce5130c617473de13a9826b1dd83710f08d56f6b70c,True,5
104816,1900,290926_ML.npy,2026-09-29,2026-09-29 22:18:58.861017,7C67D3,C172,CESSNA AIRCRAFT COMPANY,172S,f614d17834f6ec547a73ebfdddf8b3bc29ee775249c4a553b74d947822d583db,True,2
104819,1903,290926_ML.npy,2026-09-29,2026-09-29 22:19:03.641626,7C67D3,C172,CESSNA AIRCRAFT COMPANY,172S,2dece419ae60e2a6bc3aa8d27fa6c610b87e569701a2bf590c7bc875434f56ed,True,4
104820,1904,290926_ML.npy,2026-09-29,2026-09-29 22:19:03.647659,7C67D3,C172,CESSNA AIRCRAFT COMPANY,172S,3f81eaf4b33151bd48a348861093240b2593f7aa1da6d3acd2a7f30d25883eb9,True,1
104831,1915,290926_ML.npy,2026-09-29,2026-09-29 22:19:14.325319,7C67D3,C172,CESSNA AIRCRAFT COMPANY,172S,22a7a54199176cf97b2af4ff00f6fca0e8c5401c4395902f37c6498177f108ac,True,3
104894,1978,290926_ML.npy,2026-09-29,2026-09-29 22:45:14.564277,7C7B64,DA40,DIAMOND AIRCRAFT INDUSTRIES INC.,DA 40,e319a2808792d985083094ebc2dae58498d98535a001e21ea3171a6f8a7a184e,True,5
104895,1979,290926_ML.npy,2026-09-29,2026-09-29 22:45:15.364225,7C7B64,DA40,DIAMOND AIRCRAFT INDUSTRIES INC.,DA 40,b6ca648634a80729d476e6c5f35ff73ed3ac06fa540edc01816cc00fd7dbde1e,True,2
104911,1995,290926_ML.npy,2026-09-29,2026-09-29 22:48:46.410262,7C7B60,DA40,DIAMOND AIRCRAFT INDUSTRIES INC.,DA 40,5a8af06b1200f30a8e73e0a48967ea4c8228f767924cc74d15b6f0d11aba01f1,True,4
104913,1997,290926_ML.npy,2026-09-29,2026-09-29 22:48:48.448074,7C7B60,DA40,DIAMOND AIRCRAFT INDUSTRIES INC.,DA 40,4a4d6ea05b184ece7a67fc1f75c33d5cf52f4e0ad020db92175d50f88ffd755e,True,4
104916,2000,290926_ML.npy,2026-09-29,2026-09-29 22:48:55.701353,7C7B60,DA40,DIAMOND AIRCRAFT INDUSTRIES INC.,DA 40,dd9ce971307f6ec707a42199966e7d908d99b0e8d6e76763d2c383f912d3d554,True,3
104917,2001,290926_ML.npy,2026-09-29,2026-09-29 22:49:00.236592,7C7B60,DA40,DIAMOND AIRCRAFT INDUSTRIES INC.,DA 40,84000d5669027a22e944e41ab33b98f243bb2fcb1d24948c0092697c3866c483,True,5
104929,2013,290926_ML.npy,2026-09-29,2026-09-29 22:49:18.315439,7C7B60,DA40,DIAMOND AIRCRAFT INDUSTRIES INC.,DA 40,5ec3742e30d9f6df08b0e4660b6d4ad119a6ae1ca8b78649f4fd70f2204e22a8,True,2
104932,2016,290926_ML.npy,2026-09-29,2026-09-29 22:49:26.190315,7C7B60,DA40,DIAMOND AIRCRAFT INDUSTRIES INC.,DA 40,3a077c0c55a7d1bad9a7abb8fa5b28ff5c58d556d79a2a4ebd0a0c861410ee27,True,3
104937,2021,290926_ML.npy,2026-09-29,2026-09-29 22:49:54.479372,7C6C18,C172,CESSNA AIRCRAFT COMPANY,172S,bd8906a37f9ba4523ed7ea50badd1a913733b94e51a71ea2d6ed147c836c5236,True,5
104950,2034,290926_ML.npy,2026-09-29,2026-09-29 22:55:20.014793,7C67D0,C172,CESSNA AIRCRAFT COMPANY,172S,7a880413879736813616bec88bbcfff75e1cdbf0cf7b39db490687027cf724e5,True,4
104952,2036,290926_ML.npy,2026-09-29,2026-09-29 22:55:21.240962,7C67D0,C172,CESSNA AIRCRAFT COMPANY,172S,7a880413879736813616bec88bbcfff75e1cdbf0cf7b39db490687027cf724e5,True,1
104957,2041,290926_ML.npy,2026-09-29,2026-09-29 22:55:29.954018,7C67D0,C172,CESSNA AIRCRAFT COMPANY,172S,7a880413879736813616bec88bbcfff75e1cdbf0cf7b39db490687027cf724e5,True,1
104984,2068,290926_ML.npy,2026-09-29,2026-09-29 23:05:10.593882,7C1689,DA40,DIAMOND AIRCRAFT INDUSTRIES INC.,DA 40,7d0a075b4b12931689d37948ce5768415bdc78baa931ad481c022f9bc0ecd280,True,4
104995,2079,290926_ML.npy,2026-09-29,2026-09-29 23:05:42.123679,7C1689,DA40,DIAMOND AIRCRAFT INDUSTRIES INC.,DA 40,aa339842f00d63bbca2afe9b8035a0f2bbb7b3603387c2c390a9f1fcb89bbe3a,True,5
105028,2112,290926_ML.npy,2026-09-29,2026-09-29 23:15:19.744140,7C1687,DA40,DIAMOND AIRCRAFT INDUSTRIES INC.,DA 40,bb641dd95bd29cf8aee86c1c4ac8c18a338012a03045b26a295a844edf4f0aa3,True,2
105034,2118,290926_ML.npy,2026-09-29,2026-09-29 23:15:41.484207,7C1687,DA40,DIAMOND AIRCRAFT INDUSTRIES INC.,DA 40,f44a15301e72d596b1502199d91a3505955051037388ec9ad27184144f97e9f1,True,1
105054,2138,290926_ML.npy,2026-09-29,2026-09-29 23:19:14.201050,7C4E44,DA40,DIAMOND AIRCRAFT INDUSTRIES INC.,DA 40,725873d5851d89abe4d1b24922ad86f2183e707a1ea29741ba80a6b0b3041e52,True,4
105059,2143,290926_ML.npy,2026-09-29,2026-09-29 23:19:35.996695,7C444D,P28A,PIPER AIRCRAFT CORP,PA-28-181,42f15abad4f5cb8f9f32e7f3b2e04a9acc283aeb9ae1910a9d895418760b6a16,True,3
105060,2144,290926_ML.npy,2026-09-29,2026-09-29 23:19:36.322333,7C444D,P28A,PIPER AIRCRAFT CORP,PA-28-181,d316eddf1edfd7717e2c5fd9ce14ca6d278ec0a5b53c835206f523886e157932,True,2
105061,2145,290926_ML.npy,2026-09-29,2026-09-29 23:19:37.375147,7C444D,P28A,PIPER AIRCRAFT CORP,PA-28-181,bdbea92283397c39fbb177d0e95a1912f7416a11383c2ccf93c282201996d94c,True,5
105062,2146,290926_ML.npy,2026-09-29,2026-09-29 23:19:42.371163,7C444D,P28A,PIPER AIRCRAFT CORP,PA-28-181,bdbea92283397c39fbb177d0e95a1912f7416a11383c2ccf93c282201996d94c,True,2
105080,2164,290926_ML.npy,2026-09-29,2026-09-29 23:26:52.474399,7C582C,DA40,DIAMOND AIRCRAFT INDUSTRIES INC.,DA 40,77a5571962fbe3303a145cd8790c1715aa49d6809bf1690c051020f0d36d1cfd,True,1
105091,2175,290926_ML.npy,2026-09-29,2026-09-29 23:27:15.172015,7C582C,DA40,DIAMOND AIRCRAFT INDUSTRIES INC.,DA 40,6b3da6f967801d9dd5b347b97f90dbae199ae1aacd6310d17911d9ad5b3ba7c1,True,5
105106,2190,290926_ML.npy,2026-09-29,2026-09-29 23:29:53.210442,7C7B65,DA40,DIAMOND AIRCRAFT INDUSTRIES INC.,DA 40,4e037f4d579fd6ecd1bbafb1a154ff10295a6df8f5bb108092c493e9b459aa8a,True,1
105142,2226,290926_ML.npy,2026-09-29,2026-09-29 23:31:09.015555,7C7B65,DA40,DIAMOND AIRCRAFT INDUSTRIES INC.,DA 40,6295dc4b9728700148cf481a490560e168c7bec159bf826d4f03854b0a718213,True,3
105148,2232,290926_ML.npy,2026-09-29,2026-09-29 23:32:12.775601,7C168A,DA40,DIAMOND AIRCRAFT INDUSTRIES INC.,DA 40,0fa9e1215cfed8e03393858230087a4255764922887d80db218b1907e6c0c826,True,4
105151,2235,290926_ML.npy,2026-09-29,2026-09-29 23:32:18.713183,7C168A,DA40,DIAMOND AIRCRAFT INDUSTRIES INC.,DA 40,7aa594f6f647cd61e9270e0ee30f951e4c3e5bb745253ae5f3be18d6981b2f67,True,2
105179,2263,290926_ML.npy,2026-09-29,2026-09-29 23:35:08.678503,7C7B65,DA40,DIAMOND AIRCRAFT INDUSTRIES INC.,DA 40,1c0480d7e2bd1c3f8d938c1a7a5082d2ca7dddfadc305bff577457876163c95b,True,2
105193,2277,290926_ML.npy,2026-09-29,2026-09-29 23:36:02.259806,7C6C18,C172,CESSNA AIRCRAFT COMPANY,172S,203f99fc5ce3a09610df6060ca908e496d451043719572c6b25efbe7ae9cf6e2,True,3
105198,2282,290926_ML.npy,2026-09-29,2026-09-29 23:36:11.169062,7C6C18,C172,CESSNA AIRCRAFT COMPANY,172S,c32cb619bdb49814e1b428bac1bc2c9f23dca5038f82511a89bafbf25e4c739a,True,2
105199,2283,290926_ML.npy,2026-09-29,2026-09-29 23:36:11.811682,7C6C18,C172,CESSNA AIRCRAFT COMPANY,172S,34f452d23700c15f4e21adc048a202fdf0a786c857fa1853503da7d03a20ba46,True,5
105204,2288,290926_ML.npy,2026-09-29,2026-09-29 23:36:20.016323,7C6C18,C172,CESSNA AIRCRAFT COMPANY,172S,5cd7364ab223139df2ee1fb445cb734f1a4c0f348471d9d612d4433e1cf0aab1,True,3
105208,2292,290926_ML.npy,2026-09-29,2026-09-29 23:36:21.891246,7C6C18,C172,CESSNA AIRCRAFT COMPANY,172S,4cf4d9d4813e2b5577c11f9ae0fdfbbf75a96dd61833b234eee4a9a3d251c991,True,3
105210,2294,290926_ML.npy,2026-09-29,2026-09-29 23:36:29.562776,7C7B56,DA40,DIAMOND AIRCRAFT INDUSTRIES INC.,DA 40,f99d45dfae9df783eaaf9901b3b05b59f23f996a12147a94760d1811c8226428,True,3
105214,2298,290926_ML.npy,2026-09-29,2026-09-29 23:36:36.356888,7C6C18,C172,CESSNA AIRCRAFT COMPANY,172S,603facc21462140e98bd43e300e337af8c73ff064184710bd0769e214c5df57a,True,1
105227,2311,290926_ML.npy,2026-09-29,2026-09-29 23:36:50.117589,7C6C18,C172,CESSNA AIRCRAFT COMPANY,172S,f2f35d090f3873916c133abd1354a0dfbdb91bd563185f42d2bb08986f35de17,True,3
105229,2313,290926_ML.npy,2026-09-29,2026-09-29 23:36:50.589458,7C6C18,C172,CESSNA AIRCRAFT COMPANY,172S,79169d1eba9b12322727f9a67586ebf892faca6b0b5e299fa4901dd020854fc4,True,1
105231,2315,290926_ML.npy,2026-09-29,2026-09-29 23:36:50.751581,7C6C18,C172,CESSNA AIRCRAFT COMPANY,172S,f23f34945f6c81b2c4815a2326f75d606ed94a46b38b509ffed0eeee881567c9,True,4
105243,2327,290926_ML.npy,2026-09-29,2026-09-29 23:37:03.935856,7C6C18,C172,CESSNA AIRCRAFT COMPANY,172S,34768896a4bdfe835445d2dbaeaf75a2eef3710bedee625bb5738ea6e6adaa73,True,4
105249,2333,290926_ML.npy,2026-09-29,2026-09-29 23:37:13.905868,7C6C18,C172,CESSNA AIRCRAFT COMPANY,172S,ba6217ac026983074c4ae05c71dcfbfa666c3d0c40cbc521d6fdc350d860c799,True,2
105251,2335,290926_ML.npy,2026-09-29,2026-09-29 23:37:14.209987,7C6C18,C172,CESSNA AIRCRAFT COMPANY,172S,34f452d23700c15f4e21adc048a202fdf0a786c857fa1853503da7d03a20ba46,True,5
105252,2336,290926_ML.npy,2026-09-29,2026-09-29 23:37:14.328971,7C6C18,C172,CESSNA AIRCRAFT COMPANY,172S,8732fbb3aa7178e82373780befe0339d16b6b77e1930e3c3ae5ac2c9e252e3ac,True,1
105255,2339,290926_ML.npy,2026-09-29,2026-09-29 23:37:15.804421,7C6C18,C172,CESSNA AIRCRAFT COMPANY,172S,3bd93c7680b33c4f23a5582fb55ebd59bce64d66a661a822b9c57cb523997c24,True,2
105274,2358,290926_ML.npy,2026-09-29,2026-09-29 23:39:21.264548,7C168B,DA40,DIAMOND AIRCRAFT INDUSTRIES INC.,DA 40,b2c1eb215149d02d3c887c4755ccfb5ad5c11fc08b0cf28afe514a305af98cb0,True,2
105284,2368,290926_ML.npy,2026-09-29,2026-09-29 23:39:33.483582,7C7B60,DA40,DIAMOND AIRCRAFT INDUSTRIES INC.,DA 40,c8f71c88c133b9f9bc7eadd4f2fc5b3c2ee8d98c5e043b9a428e19be2fd643d5,True,3
105287,2371,290926_ML.npy,2026-09-29,2026-09-29 23:39:35.445182,7C7B60,DA40,DIAMOND AIRCRAFT INDUSTRIES INC.,DA 40,b6e822ab7759ae590cd350c8ec93a3d31cd795d7234ef852b16f6d266df661ae,True,4
105314,2398,290926_ML.npy,2026-09-29,2026-09-29 23:41:12.118453,7C7B56,DA40,DIAMOND AIRCRAFT INDUSTRIES INC.,DA 40,dc805d12eae45e18e5ec614296bcbd497b7ac1c899528cecc7c8edc9dfdfcb07,True,4
105374,2458,290926_ML.npy,2026-09-29,2026-09-29 23:44:56.356644,7C1697,DA40,DIAMOND AIRCRAFT INDUSTRIES INC.,DA 40,1321507e11ebfeaba3dca7a28e01618d3bf6dd11ff25826d899e4c22ca2c257e,True,5
105378,2462,290926_ML.npy,2026-09-29,2026-09-29 23:44:58.410243,7C1697,DA40,DIAMOND AIRCRAFT INDUSTRIES INC.,DA 40,ac7ad7ffea3c9bb29035f32dab1e59419034dd7a6f8056b0989401c9d6f0d1f6,True,3
105379,2463,290926_ML.npy,2026-09-29,2026-09-29 23:45:01.449089,7C1697,DA40,DIAMOND AIRCRAFT INDUSTRIES INC.,DA 40,076fba3125653076676a417d01af5a21149fb8c2a09586d0b2a937939d820c0f,True,5
105388,2472,290926_ML.npy,2026-09-29,2026-09-29 23:45:10.773206,7C1697,DA40,DIAMOND AIRCRAFT INDUSTRIES INC.,DA 40,2711a88220ce7d6f89cd23dc7ca80909479dae62e74cc29c96c00c98f259cb8b,True,5
105398,2482,290926_ML.npy,2026-09-29,2026-09-29 23:45:34.884952,7C1697,DA40,DIAMOND AIRCRAFT INDUSTRIES INC.,DA 40,7a0fb1223f030fbd084cbe37a62d247fc9fc607cd71475a7cff1885c67972ed2,True,2
105404,2488,290926_ML.npy,2026-09-29,2026-09-29 23:54:05.144402,7C259E,P28A,PIPER AIRCRAFT CORP,PA-28-180,c1fbc34be7606c0832403ceca23556447e00d81fdf3b2c878cf8cce56f912952,True,5
105405,2489,290926_ML.npy,2026-09-29,2026-09-29 23:54:05.430119,7C259E,P28A,PIPER AIRCRAFT CORP,PA-28-180,0c5271b3cfcd87296376ee02518d00deb4d696bc4a4cef1ee84cb96e86910c50,True,4
105406,2490,290926_ML.npy,2026-09-29,2026-09-29 23:54:06.265654,7C259E,P28A,PIPER AIRCRAFT CORP,PA-28-180,8b6bc7081ab7610ff3c60f3aa78cc4db6466b9cf7f2e3b53a12c4bbcde5f269c,True,5
105407,2491,290926_ML.npy,2026-09-29,2026-09-29 23:54:18.615039,7C259E,P28A,PIPER AIRCRAFT CORP,PA-28-180,fdd115f77ac4fea3e0aa52fdc03e7651d3d7770a2f448fa9ff05acf09e173fc1,True,3
105408,2492,290926_ML.npy,2026-09-29,2026-09-29 23:54:18.621279,7C259E,P28A,PIPER AIRCRAFT CORP,PA-28-180,a1663324969ca2df1ff5810bbf39691a375634eecac7d4b04504457f1f80f357,True,3
105411,2495,290926_ML.npy,2026-09-29,2026-09-29 23:54:51.363738,7C259E,P28A,PIPER AIRCRAFT CORP,PA-28-180,748eb9f8cf383f39de8312b1035b8240c79d69a152c8e738eca2df634e241787,True,5
105413,2497,290926_ML.npy,2026-09-29,2026-09-29 23:55:04.408112,7C259E,P28A,PIPER AIRCRAFT CORP,PA-28-180,c58ea7193ff45f07ad802e23c365f94ecf93288279f1aeb45bceccdf5333a224,True,4
105423,2507,290926_ML.npy,2026-09-29,2026-09-29 23:59:37.357221,7C444D,P28A,PIPER AIRCRAFT CORP,PA-28-181,e6e2d616cfc2d90e9b980852c30bbeb1f0b30b09d097f4550959b323aca71ab0,True,4
105424,2508,290926_ML.npy,2026-09-29,2026-09-29 23:59:38.441120,7C444D,P28A,PIPER AIRCRAFT CORP,PA-28-181,d8ca3e90afb3bc1d4dca52ed572384b0662a75fc6da6c43081f935eb45116e9f,True,4
105425,2509,290926_ML.npy,2026-09-29,2026-09-29 23:59:43.056075,7C444D,P28A,PIPER AIRCRAFT CORP,PA-28-181,d8ca3e90afb3bc1d4dca52ed572384b0662a75fc6da6c43081f935eb45116e9f,True,4
105426,2510,290926_ML.npy,2026-09-29,2026-09-29 23:59:46.174992,7C444D,P28A,PIPER AIRCRAFT CORP,PA-28-181,82ffe0581accb394f87c75b9e986399aa6e8485a6c9726d5211cafec4ea61d98,True,2
105427,2511,290926_ML.npy,2026-09-29,2026-09-29 23:59:46.915141,7C444D,P28A,PIPER AIRCRAFT CORP,PA-28-181,6cc7090d2cb25632d064fa63312a3bd624051c8b3b8249106aa6157f2308c3f6,True,4
105429,2513,290926_ML.npy,2026-09-29,2026-09-29 23:59:49.668776,7C444D,P28A,PIPER AIRCRAFT CORP,PA-28-181,8a3013a0b759f5194df72f1ba1fb109c335db74c9e7914c39a9bde9792c35526,True,2
105430,2514,290926_ML.npy,2026-09-29,2026-09-29 23:59:50.436383,7C444D,P28A,PIPER AIRCRAFT CORP,PA-28-181,cad400d6911bb1ac6f4d92a629eb57c7bce6f8ec69a49fabe193333b38314a23,True,3
105431,2515,290926_ML.npy,2026-09-29,2026-09-29 23:59:51.629750,7C444D,P28A,PIPER AIRCRAFT CORP,PA-28-181,30dee880b9a6ba6adceae3e915d109eee36197cf901eb6974d7a48d2ff96faf7,True,4
105432,2516,290926_ML.npy,2026-09-29,2026-09-29 23:59:53.469302,7C444D,P28A,PIPER AIRCRAFT CORP,PA-28-181,0a712d93c3b436632b6313eca8379ae14858b33e3b9968582f2fdcbbff01ea49,True,5
105433,2517,290926_ML.npy,2026-09-29,2026-09-29 23:59:56.481053,7C444D,P28A,PIPER AIRCRAFT CORP,PA-28-181,a7c5dc88482601b851f94769bb5fd4c8768da078cb82dd86fb2a350449d98af4,True,5
105434,2518,290926_ML.npy,2026-09-29,2026-09-29 23:59:59.818162,7C444D,P28A,PIPER AIRCRAFT CORP,PA-28-181,a70aaeb28cd6ac89394db67ee3fd6ac5d9537a807ac481220350100de463e621,True,4
105435,2519,290926_ML.npy,2026-09-30,2026-09-30 00:00:01.332020,7C444D,P28A,PIPER AIRCRAFT CORP,PA-28-181,a0e7b7adb589913f10a48235ddaf89a755a19e42ad1fd152d1899ee5aaadec9a,True,5
105436,2520,290926_ML.npy,2026-09-30,2026-09-30 00:00:02.262103,7C444D,P28A,PIPER AIRCRAFT CORP,PA-28-181,be5d12366d2c6d57c41d675a156b3d518e28b7bb086e4670dc5ca24a3f88fd53,True,2
105437,2521,290926_ML.npy,2026-09-30,2026-09-30 00:00:02.601637,7C444D,P28A,PIPER AIRCRAFT CORP,PA-28-181,d8ca3e90afb3bc1d4dca52ed572384b0662a75fc6da6c43081f935eb45116e9f,True,3
105438,2522,290926_ML.npy,2026-09-30,2026-09-30 00:00:03.891085,7C444D,P28A,PIPER AIRCRAFT CORP,PA-28-181,cac9d3152614b1bc6cbd4ed2b8ac09fb38e09e841ab8a2b8778ea0b4c9e52822,True,1
105439,2523,290926_ML.npy,2026-09-30,2026-09-30 00:00:03.908163,7C444D,P28A,PIPER AIRCRAFT CORP,PA-28-181,b6d5e5616eeb9b705c0275bdba3e1927d402cb381e9c0750549251eebd693ddf,True,1
105440,2524,290926_ML.npy,2026-09-30,2026-09-30 00:00:04.301324,7C444D,P28A,PIPER AIRCRAFT CORP,PA-28-181,79b3f24961f31aaf979b2854f70ee942cce9e5293ca6552dee47978bdfabe10e,True,2
105441,2525,290926_ML.npy,2026-09-30,2026-09-30 00:00:05.002599,7C444D,P28A,PIPER AIRCRAFT CORP,PA-28-181,6bfccc6981fa9a3d5f63cc0b99cc2b9faabbbd2aa912c94ac59d3b1793c4ca75,True,5
105442,2526,290926_ML.npy,2026-09-30,2026-09-30 00:00:06.568741,7C444D,P28A,PIPER AIRCRAFT CORP,PA-28-181,d8ca3e90afb3bc1d4dca52ed572384b0662a75fc6da6c43081f935eb45116e9f,True,3
105443,2527,290926_ML.npy,2026-09-30,2026-09-30 00:00:06.708283,7C444D,P28A,PIPER AIRCRAFT CORP,PA-28-181,9bcfd824407f65779f76448d3ed2b65976f5b495a3126e95485be841606130e1,True,3
105444,2528,290926_ML.npy,2026-09-30,2026-09-30 00:00:10.605629,7C444D,P28A,PIPER AIRCRAFT CORP,PA-28-181,d8ca3e90afb3bc1d4dca52ed572384b0662a75fc6da6c43081f935eb45116e9f,True,2
105445,2529,290926_ML.npy,2026-09-30,2026-09-30 00:00:10.891747,7C444D,P28A,PIPER AIRCRAFT CORP,PA-28-181,2388dcfaa2c5dfb566a5d8727aa49501ae4c694d0b026d3185e761b4867e5cb7,True,5
105446,2530,290926_ML.npy,2026-09-30,2026-09-30 00:00:11.553609,7C444D,P28A,PIPER AIRCRAFT CORP,PA-28-181,30dee880b9a6ba6adceae3e915d109eee36197cf901eb6974d7a48d2ff96faf7,True,2
105447,2531,290926_ML.npy,2026-09-30,2026-09-30 00:00:12.647464,7C444D,P28A,PIPER AIRCRAFT CORP,PA-28-181,b779cb2389602b88c37a98115aedf722b315ed2097769b9114e6fcd1c1d979af,True,1
105448,2532,290926_ML.npy,2026-09-30,2026-09-30 00:00:15.458629,7C444D,P28A,PIPER AIRCRAFT CORP,PA-28-181,6140b51025f1a88ab1bf775826c943b5f44f6c59048c339d1c1c70e4146bca77,True,5
105449,2533,290926_ML.npy,2026-09-30,2026-09-30 00:00:22.780959,7C444D,P28A,PIPER AIRCRAFT CORP,PA-28-181,6c0d5e24827f4ab2bb0a544595cbe48be440b0f831326fd111e6cca40d286e47,True,1
105450,2534,290926_ML.npy,2026-09-30,2026-09-30 00:00:22.831071,7C444D,P28A,PIPER AIRCRAFT CORP,PA-28-181,bdbea92283397c39fbb177d0e95a1912f7416a11383c2ccf93c282201996d94c,True,3
105451,2535,290926_ML.npy,2026-09-30,2026-09-30 00:00:26.941693,7C444D,P28A,PIPER AIRCRAFT CORP,PA-28-181,b243c9a45349cff0814556f07f657aef59b53264a509e06d5e4eed748adab27a,True,4
105456,2540,290926_ML.npy,2026-09-30,2026-09-30 00:01:38.103749,7C7C31,DA40,DIAMOND AIRCRAFT INDUSTRIES INC.,DA 40,efbdbdf599a1171c6991e0e7ce98e39c671989f04cbd152ed5af05e5687d5d76,True,3
105460,2544,290926_ML.npy,2026-09-30,2026-09-30 00:01:47.241713,7C7C31,DA40,DIAMOND AIRCRAFT INDUSTRIES INC.,DA 40,f12be328b77b5c371f54a18418d721a51fa3de8ac2b48e947d87175b3ee1d3b7,True,3
105497,2581,290926_ML.npy,2026-09-30,2026-09-30 00:06:33.318046,7C7C31,DA40,DIAMOND AIRCRAFT INDUSTRIES INC.,DA 40,e61d75dea6dcbae0f2fbc1400b358fe289eec48ed36053372c9b28fb4b6e4ff8,True,3
105504,2588,290926_ML.npy,2026-09-30,2026-09-30 00:07:55.128135,7C1B2A,DA40,DIAMOND AIRCRAFT INDUSTRIES INC.,DA 40,3b5fce11a31bfb1499695efaff4816ff2a3b606437d0c4251401106d130de1b5,True,5
105506,2590,290926_ML.npy,2026-09-30,2026-09-30 00:07:56.076858,7C1B2A,DA40,DIAMOND AIRCRAFT INDUSTRIES INC.,DA 40,27bc91d402c0448d21bd6fd7bfaa17c9412db74d26e48684850d7cffb2b2b0b8,True,4
105510,2594,290926_ML.npy,2026-09-30,2026-09-30 00:07:58.463797,7C1B2A,DA40,DIAMOND AIRCRAFT INDUSTRIES INC.,DA 40,730bf318374b02d7b3a206c866c514bbcdb23084ff33c2337adaff7a98dbc0ca,True,3
105515,2599,290926_ML.npy,2026-09-30,2026-09-30 00:09:33.922638,7C7C41,DA40,DIAMOND AIRCRAFT INDUSTRIES INC.,DA 40,5b1074a9ed0aa20bf6d75fcc3ca4ab036dbb2904cc3a249ca1cc530a4815b1cc,True,4
105526,2610,290926_ML.npy,2026-09-30,2026-09-30 00:10:45.774186,7C7C41,DA40,DIAMOND AIRCRAFT INDUSTRIES INC.,DA 40,a66eee1752f59b317339800b5652b82e826db593d75f0650ad5bbd14881f7565,True,5
105530,2614,290926_ML.npy,2026-09-30,2026-09-30 00:13:36.521207,7C67D3,C172,CESSNA AIRCRAFT COMPANY,172S,475c386dc27da83062ac7abd13edbfde7ef5b074ef30c734dfe9345c83c2fb40,True,4
105535,2619,290926_ML.npy,2026-09-30,2026-09-30 00:14:18.258774,7C67D3,C172,CESSNA AIRCRAFT COMPANY,172S,4d8e0f6aeb3fb3dd443a3a040ba37edce956653b96b9bcb4e8b0d18e9a91c6b2,True,3
105536,2620,290926_ML.npy,2026-09-30,2026-09-30 00:14:23.247094,7C67D3,C172,CESSNA AIRCRAFT COMPANY,172S,4d8e0f6aeb3fb3dd443a3a040ba37edce956653b96b9bcb4e8b0d18e9a91c6b2,True,5
105543,2627,290926_ML.npy,2026-09-30,2026-09-30 00:15:26.047660,7C7AEF,DA40,DIAMOND AIRCRAFT INDUSTRIES INC.,DA 40,78b0d33b20845b470552846082a009476c48992d077b1b46d293abddaea4c2c4,True,5
105554,2638,290926_ML.npy,2026-09-30,2026-09-30 00:16:07.933944,7C7AEF,DA40,DIAMOND AIRCRAFT INDUSTRIES INC.,DA 40,aa39fccb517aa4f0b0abba1a503badbb287821f776951878f8bb24965105905c,True,4
105570,2654,290926_ML.npy,2026-09-30,2026-09-30 00:20:28.737654,7C7C39,DA40,DIAMOND AIRCRAFT INDUSTRIES INC.,DA 40,1faee3f06d199e34eca574381c73e6e6cc1d27f4d72625b1d146ac1b53bf6bbf,True,3
105575,2659,290926_ML.npy,2026-09-30,2026-09-30 00:21:48.775895,7C7C2E,DA40,DIAMOND AIRCRAFT INDUSTRIES INC.,DA 40,64c647d532d24bf2cc420a8fe0f94d1cd698f13df7c9445d75a27caace212833,True,4
105581,2665,290926_ML.npy,2026-09-30,2026-09-30 00:22:02.016658,7C7C2E,DA40,DIAMOND AIRCRAFT INDUSTRIES INC.,DA 40,c1cf0eaf90d7c63b63a437cecf6db801930c236dbc6bf835df9287f5d8d6a09f,True,2
105589,2673,290926_ML.npy,2026-09-30,2026-09-30 00:22:08.839707,7C7C2E,DA40,DIAMOND AIRCRAFT INDUSTRIES INC.,DA 40,8cd79649e30ee3e0ba94770a5b5d5b32620c5f4c63b7f34fd14c880dfbc48178,True,5
105598,2682,290926_ML.npy,2026-09-30,2026-09-30 00:22:57.681102,7C67D0,C172,CESSNA AIRCRAFT COMPANY,172S,bdd18b2bbfdeddddb7ca239d8b66c5f1eec8c7f73ff27d41fe8587a601192061,True,5
105603,2687,290926_ML.npy,2026-09-30,2026-09-30 00:23:30.802677,7C67D0,C172,CESSNA AIRCRAFT COMPANY,172S,f0f9ea4b9db1611ff83d6294fe28a93228906c9b628cb50de3efcb2ace63dc07,True,5
105605,2689,290926_ML.npy,2026-09-30,2026-09-30 00:23:31.984079,7C67D0,C172,CESSNA AIRCRAFT COMPANY,172S,fced1c433b3e134590c4d223dc796645f3ac00444d621a604b6842a3fedf079b,True,4
105606,2690,290926_ML.npy,2026-09-30,2026-09-30 00:23:31.987688,7C67D0,C172,CESSNA AIRCRAFT COMPANY,172S,41409732032222a095f461ca9c98b88223a8e6a6c6949f34f3896a11fb326cd7,True,2
105611,2695,290926_ML.npy,2026-09-30,2026-09-30 00:24:34.197287,7C259E,P28A,PIPER AIRCRAFT CORP,PA-28-180,0c5271b3cfcd87296376ee02518d00deb4d696bc4a4cef1ee84cb96e86910c50,True,5
105612,2696,290926_ML.npy,2026-09-30,2026-09-30 00:24:38.066356,7C259E,P28A,PIPER AIRCRAFT CORP,PA-28-180,29917602e208351603544fe3dbace109887c1dd95d5b9f012ab9904bad83d9c2,True,3
105613,2697,290926_ML.npy,2026-09-30,2026-09-30 00:24:38.069991,7C259E,P28A,PIPER AIRCRAFT CORP,PA-28-180,deb3b47d85b99b23ed4300c81b2bcc4e53ea4fca0dacace492d18606a9115c9e,True,5
105614,2698,290926_ML.npy,2026-09-30,2026-09-30 00:25:34.782474,7C259E,P28A,PIPER AIRCRAFT CORP,PA-28-180,c1c8f7acc9f8fbc042d11cb476b31e85d924ed25a80281c873ef36006df81d8f,True,3
105615,2699,290926_ML.npy,2026-09-30,2026-09-30 00:25:34.788790,7C259E,P28A,PIPER AIRCRAFT CORP,PA-28-180,c188b85b3b8d404225950cb1ead01d6abd1a3b1729cbd7b68a0fe32908b60e09,True,1
105616,2700,290926_ML.npy,2026-09-30,2026-09-30 00:25:38.500064,7C259E,P28A,PIPER AIRCRAFT CORP,PA-28-180,cd3724509647243e1d36ddb3e2d81ca575a6049b74255801f3471c7a8166350f,True,2
105617,2701,290926_ML.npy,2026-09-30,2026-09-30 00:25:40.137650,7C259E,P28A,PIPER AIRCRAFT CORP,PA-28-180,20a1c027719959bd62bedcd3289e14740734ef30645eab91489ab4224e4077d6,True,3
105618,2702,290926_ML.npy,2026-09-30,2026-09-30 00:25:40.144656,7C259E,P28A,PIPER AIRCRAFT CORP,PA-28-180,c1683c918e71cd4434e6ec0c02bffa7992b69d9a2ccbe5553e73715eac9bd647,True,3
105619,2703,290926_ML.npy,2026-09-30,2026-09-30 00:25:40.573476,7C259E,P28A,PIPER AIRCRAFT CORP,PA-28-180,c1683c918e71cd4434e6ec0c02bffa7992b69d9a2ccbe5553e73715eac9bd647,True,2
105620,2704,290926_ML.npy,2026-09-30,2026-09-30 00:25:42.523820,7C259E,P28A,PIPER AIRCRAFT CORP,PA-28-180,eaa27e9d38aef5c6ed5ef309ab6b19c88b1c088db61184ea6c34262f8d6293e6,True,2
105621,2705,290926_ML.npy,2026-09-30,2026-09-30 00:25:42.526810,7C259E,P28A,PIPER AIRCRAFT CORP,PA-28-180,3930747780099ae748cc18b0f42efd0ba981d58beb474ee3c29afdf12c0bebf4,True,3
105622,2706,290926_ML.npy,2026-09-30,2026-09-30 00:25:43.641205,7C259E,P28A,PIPER AIRCRAFT CORP,PA-28-180,d6145d0b618cc0dfd604ae80513bb94cddc3f1f4099b5f2e7c6af4f03fe6f7d8,True,2
105623,2707,290926_ML.npy,2026-09-30,2026-09-30 00:25:43.645283,7C259E,P28A,PIPER AIRCRAFT CORP,PA-28-180,a3e643a24e440816fdfda64a15c75e2b9833aa8e4dc40975a7bb00993c30bf12,True,5
105624,2708,290926_ML.npy,2026-09-30,2026-09-30 00:25:47.642675,7C259E,P28A,PIPER AIRCRAFT CORP,PA-28-180,3deeeead59c157f0a14e92870a2084d3fa693f1de7701624d4f61f970fbce8a8,True,2
105625,2709,290926_ML.npy,2026-09-30,2026-09-30 00:25:48.571150,7C259E,P28A,PIPER AIRCRAFT CORP,PA-28-180,2ec06bfe4573cd35f4bf00f1eb4e951b7f1a1970f44c666be4c6c76605938cdb,True,2
105626,2710,290926_ML.npy,2026-09-30,2026-09-30 00:25:48.575837,7C259E,P28A,PIPER AIRCRAFT CORP,PA-28-180,d4e9fba6b542f75a992f7418e260c20e9cb37247562d894de8242789c58e3829,True,2
105627,2711,290926_ML.npy,2026-09-30,2026-09-30 00:25:50.263817,7C259E,P28A,PIPER AIRCRAFT CORP,PA-28-180,f50eba06a4cf256f203ec124e8533722b28fe58941969acf63e3f13b9f4245b4,True,4
105628,2712,290926_ML.npy,2026-09-30,2026-09-30 00:25:51.128931,7C259E,P28A,PIPER AIRCRAFT CORP,PA-28-180,cd3724509647243e1d36ddb3e2d81ca575a6049b74255801f3471c7a8166350f,True,2
105630,2714,290926_ML.npy,2026-09-30,2026-09-30 00:25:54.878899,7C259E,P28A,PIPER AIRCRAFT CORP,PA-28-180,b2c46de524c91b388049ce5aabc19bd8c2210ca02b825ec850e6ba3785a77b54,True,4
105631,2715,290926_ML.npy,2026-09-30,2026-09-30 00:25:55.439673,7C259E,P28A,PIPER AIRCRAFT CORP,PA-28-180,a59c22f7d9456ffebcb6eee2af1adf2f55f98b9f673164760738a4603b5551cc,True,3
105632,2716,290926_ML.npy,2026-09-30,2026-09-30 00:25:58.155023,7C259E,P28A,PIPER AIRCRAFT CORP,PA-28-180,e6ef6ea7dd0e92d2f3ad796c2f5f4d4dbf24b01e4207e4ecceddcf73bde5386c,True,1
105633,2717,290926_ML.npy,2026-09-30,2026-09-30 00:25:58.161851,7C259E,P28A,PIPER AIRCRAFT CORP,PA-28-180,ea1d607b78ad5fd1164ce49c4a7578d8fa331a8a84f9eb7431f297789df87fbc,True,1
105634,2718,290926_ML.npy,2026-09-30,2026-09-30 00:25:59.575668,7C259E,P28A,PIPER AIRCRAFT CORP,PA-28-180,24fa7286da736a7e6f49efb9dbd392d0331f5485ccbf5a165ef25f67e3dab790,True,5
105635,2719,290926_ML.npy,2026-09-30,2026-09-30 00:26:01.088629,7C259E,P28A,PIPER AIRCRAFT CORP,PA-28-180,cd3724509647243e1d36ddb3e2d81ca575a6049b74255801f3471c7a8166350f,True,4
105636,2720,290926_ML.npy,2026-09-30,2026-09-30 00:26:02.442910,7C259E,P28A,PIPER AIRCRAFT CORP,PA-28-180,d210e102d62c12adc19321508a4909c29cd6237c17d120d4d2085be6a4e18693,True,5
105637,2721,290926_ML.npy,2026-09-30,2026-09-30 00:26:04.535767,7C259E,P28A,PIPER AIRCRAFT CORP,PA-28-180,1e42693606e718d7337ad97cd24ba7160852931a572c0b9f06279be9787afe90,True,2
105638,2722,290926_ML.npy,2026-09-30,2026-09-30 00:26:06.496195,7C259E,P28A,PIPER AIRCRAFT CORP,PA-28-180,1d9f32fb194bd95ad0a749e3dd5cce81971b73e9568ddbe8ae40064d9f3fe5ba,True,2
105639,2723,290926_ML.npy,2026-09-30,2026-09-30 00:26:10.861332,7C259E,P28A,PIPER AIRCRAFT CORP,PA-28-180,f324ab70ac6c7a97ffe8d188b5d3be12c1eebbe5db3179c0704b9924998f3ef0,True,1
105645,2729,290926_ML.npy,2026-09-30,2026-09-30 00:33:37.816888,7C7B60,DA40,DIAMOND AIRCRAFT INDUSTRIES INC.,DA 40,96be632dad3ef6342d2a638dad2521774e77b87b8ee5569f973f0bfde0a9e91c,True,4
105652,2736,290926_ML.npy,2026-09-30,2026-09-30 00:33:50.573642,7C7B60,DA40,DIAMOND AIRCRAFT INDUSTRIES INC.,DA 40,ce1e77e1e0aeaecc7dcf918d59afebe82023ef23145d6903574f633de4ddbb3a,True,3
105663,2747,290926_ML.npy,2026-09-30,2026-09-30 00:34:13.375091,7C7B60,DA40,DIAMOND AIRCRAFT INDUSTRIES INC.,DA 40,69fceb51b77e7c60703dec92f1c5b9e812b5cb992be984074fe3872712b446b2,True,1
105665,2749,290926_ML.npy,2026-09-30,2026-09-30 00:34:14.349632,7C7B60,DA40,DIAMOND AIRCRAFT INDUSTRIES INC.,DA 40,84000d5669027a22e944e41ab33b98f243bb2fcb1d24948c0092697c3866c483,True,2
105680,2764,290926_ML.npy,2026-09-30,2026-09-30 00:46:54.933890,7C1689,DA40,DIAMOND AIRCRAFT INDUSTRIES INC.,DA 40,3ac212db4c3f9b574acbe5b137bf76313033660b916176ad95daeb0b7a85ea49,True,5
105684,2768,290926_ML.npy,2026-09-30,2026-09-30 00:47:00.517030,7C1689,DA40,DIAMOND AIRCRAFT INDUSTRIES INC.,DA 40,8c06a4c84cf2a6d4a73ab7a8920f25405d0ea98e255461774506d313ed5d9451,True,4
105694,2778,290926_ML.npy,2026-09-30,2026-09-30 00:49:17.699648,7C7C3E,DA40,DIAMOND AIRCRAFT INDUSTRIES INC.,DA 40,d61d05ff0703fa47549321c56663ea60e2f6da8335822e0c3ccc6e7d81cc729d,True,5
105697,2781,290926_ML.npy,2026-09-30,2026-09-30 00:49:30.542601,7C7C3E,DA40,DIAMOND AIRCRAFT INDUSTRIES INC.,DA 40,98c9c1ec644ea37e57988be7cd1d430a1919cb6acfb896c2e39a11aabd8ea9e4,True,4
105700,2784,290926_ML.npy,2026-09-30,2026-09-30 00:49:33.062535,7C7C3E,DA40,DIAMOND AIRCRAFT INDUSTRIES INC.,DA 40,4f6432e56bcee0028758b70133932dcb1209112fed4d58b49ac659396659af53,True,1
105732,2816,290926_ML.npy,2026-09-30,2026-09-30 01:06:59.861585,7C444D,P28A,PIPER AIRCRAFT CORP,PA-28-181,292ac77529daf82902fe0776c46212dadba6ac85d11825ef9936889982dfa87d,True,3
105733,2817,290926_ML.npy,2026-09-30,2026-09-30 01:07:05.684220,7C444D,P28A,PIPER AIRCRAFT CORP,PA-28-181,5a22f0da4d03e4e8578f538f602a5559a2868a62c2c9c4862618431fa7d9d767,True,3
105734,2818,290926_ML.npy,2026-09-30,2026-09-30 01:07:07.379954,7C444D,P28A,PIPER AIRCRAFT CORP,PA-28-181,0a712d93c3b436632b6313eca8379ae14858b33e3b9968582f2fdcbbff01ea49,True,4
105735,2819,290926_ML.npy,2026-09-30,2026-09-30 01:07:08.347963,7C444D,P28A,PIPER AIRCRAFT CORP,PA-28-181,83586449ef7215e08ab691cd3b93b38f1ea31ea35eaca1a5999c96c957ac1efa,True,1
105736,2820,290926_ML.npy,2026-09-30,2026-09-30 01:07:10.830017,7C444D,P28A,PIPER AIRCRAFT CORP,PA-28-181,81031b25903860105357e359f064fb74461391abf1b5486567396f7d281ce69c,True,5
105737,2821,290926_ML.npy,2026-09-30,2026-09-30 01:07:54.433310,7C444D,P28A,PIPER AIRCRAFT CORP,PA-28-181,38109c58f793c394afccaca8ad68da3b3fb129f262a4abca897adfec6988dcdd,True,2
105738,2822,290926_ML.npy,2026-09-30,2026-09-30 01:07:54.491315,7C444D,P28A,PIPER AIRCRAFT CORP,PA-28-181,7299ab2517242fcf214c6b86ddfa0b620664f4202ca53d4c18bb38ac1614d453,True,3
105739,2823,290926_ML.npy,2026-09-30,2026-09-30 01:07:57.122518,7C444D,P28A,PIPER AIRCRAFT CORP,PA-28-181,092b88f422397a34461d388553934b28691ed06b4030f68c4204c37254e8d1e1,True,1
105740,2824,290926_ML.npy,2026-09-30,2026-09-30 01:08:06.084626,7C444D,P28A,PIPER AIRCRAFT CORP,PA-28-181,d8ca3e90afb3bc1d4dca52ed572384b0662a75fc6da6c43081f935eb45116e9f,True,4
105741,2825,290926_ML.npy,2026-09-30,2026-09-30 01:08:06.388508,7C444D,P28A,PIPER AIRCRAFT CORP,PA-28-181,1d4e81dac6d9c691b2fa845e9bc7d542513dd898de29c67ab09b54068dd318b5,True,5
105742,2826,290926_ML.npy,2026-09-30,2026-09-30 01:08:06.638407,7C444D,P28A,PIPER AIRCRAFT CORP,PA-28-181,419b31ca5f52ddf17dd59fbf878fd3e8b8670d11a97903ac2e739f44f07d0220,True,2
105748,2832,290926_ML.npy,2026-09-30,2026-09-30 01:08:57.335406,7C67D0,C172,CESSNA AIRCRAFT COMPANY,172S,1d1fc18b5d7514510ec75a6bc5a9bcc0dfaa0d49d55d37deb7e7481963a09c0e,True,5
105752,2836,290926_ML.npy,2026-09-30,2026-09-30 01:08:59.542379,7C67D0,C172,CESSNA AIRCRAFT COMPANY,172S,5ee7acc5160b2656eb78e5ef285701d0910062d0d1ad3bfe130961666b4a87d3,True,3
105761,2845,290926_ML.npy,2026-09-30,2026-09-30 01:09:31.238648,7C67D0,C172,CESSNA AIRCRAFT COMPANY,172S,7f4de21b3d2180f1b6ad4c60211eed5302e3088e939ae4964979d0540c9d4085,True,4
105764,2848,290926_ML.npy,2026-09-30,2026-09-30 01:09:32.744680,7C67D0,C172,CESSNA AIRCRAFT COMPANY,172S,9a55c1324766012121e129625068ca422b5c4980df019aa98de3918c7a8feec3,True,2
105765,2849,290926_ML.npy,2026-09-30,2026-09-30 01:09:33.100735,7C67D0,C172,CESSNA AIRCRAFT COMPANY,172S,5ee7acc5160b2656eb78e5ef285701d0910062d0d1ad3bfe130961666b4a87d3,True,5
105780,2864,290926_ML.npy,2026-09-30,2026-09-30 01:09:54.290065,7C67D0,C172,CESSNA AIRCRAFT COMPANY,172S,3d6283aa699d33f5ad8c72ce7993f110eb78812fd001fa20de89ce86e8d82920,True,2
105784,2868,290926_ML.npy,2026-09-30,2026-09-30 01:10:01.352917,7C67D0,C172,CESSNA AIRCRAFT COMPANY,172S,3a7bc04a1e3becf017ae1730a166a05c954b242c7499e7d1002a94a51036dc7e,True,3
105787,2871,290926_ML.npy,2026-09-30,2026-09-30 01:10:09.065605,7C67D0,C172,CESSNA AIRCRAFT COMPANY,172S,f0f9ea4b9db1611ff83d6294fe28a93228906c9b628cb50de3efcb2ace63dc07,True,5
105789,2873,290926_ML.npy,2026-09-30,2026-09-30 01:10:11.426783,7C67D0,C172,CESSNA AIRCRAFT COMPANY,172S,c351b575cb9c9e3e4de8248e42b71c74b6af9fba80bd9f09b4551efd0ecdc79d,True,5
105791,2875,290926_ML.npy,2026-09-30,2026-09-30 01:10:11.856702,7C67D0,C172,CESSNA AIRCRAFT COMPANY,172S,7f2bb920d6b1a4eddf318e17117e2e6b4df1f3df43f5afbda8b1452fd8156353,True,5
105796,2880,290926_ML.npy,2026-09-30,2026-09-30 01:10:18.118950,7C67D0,C172,CESSNA AIRCRAFT COMPANY,172S,1f2c81c8cb402f8986e83cc7551d543fc7098b52979ec205d4ae66956e6352bd,True,1
105816,2900,290926_ML.npy,2026-09-30,2026-09-30 01:25:46.820454,7C168A,DA40,DIAMOND AIRCRAFT INDUSTRIES INC.,DA 40,61114fc1fdee53ee67a9781f9e9980c0b7b87ef5a8c6623482d6af9fed412b7b,True,3
105822,2906,290926_ML.npy,2026-09-30,2026-09-30 01:26:07.143320,7C168A,DA40,DIAMOND AIRCRAFT INDUSTRIES INC.,DA 40,b803866c8076daeb75583fb8c097ceb330c15f2996319ed5302458ed004a1ed7,True,1
105867,2951,290926_ML.npy,2026-09-30,2026-09-30 01:28:04.382241,7C7AF0,DA40,DIAMOND AIRCRAFT INDUSTRIES INC.,DA 40,7fb303eb5f3333333531ead56fde4b4213f1296169710d81099a3b6a4b25f9c4,True,2
105894,2978,290926_ML.npy,2026-09-30,2026-09-30 01:30:25.786145,7C7B55,DA40,DIAMOND AIRCRAFT INDUSTRIES INC.,DA 40,c73628389c4c322a2107b4ec7408c1373279238d96f3932495781a7e298bd8f8,True,2
105942,3026,290926_ML.npy,2026-09-30,2026-09-30 01:31:50.386188,7C0077,DA40,DIAMOND AIRCRAFT INDUSTRIES INC.,DA 40,891eb764e43dfca727c87a44b6baf2fa036f15012065a6c5d92bc50e62e91446,True,2
105946,3030,290926_ML.npy,2026-09-30,2026-09-30 01:31:55.309358,7C0077,DA40,DIAMOND AIRCRAFT INDUSTRIES INC.,DA 40,6176657e1d3ca87963bfb8961644f8d1c464a174af2eba70d73939b749e5525f,True,2
105961,3045,290926_ML.npy,2026-09-30,2026-09-30 01:32:38.147631,7C582C,DA40,DIAMOND AIRCRAFT INDUSTRIES INC.,DA 40,07b6a60d7d43de7ac40b1d466bbef2cfa59d1c47d18d793979411aa5bbe49ed5,True,2
105964,3048,290926_ML.npy,2026-09-30,2026-09-30 01:32:50.125593,7C582C,DA40,DIAMOND AIRCRAFT INDUSTRIES INC.,DA 40,6ac857c06679eeb32a0fea107dfdaff5f3802c9d4d7c2bdf70bacb60215b4504,True,3
105967,3051,290926_ML.npy,2026-09-30,2026-09-30 01:32:54.840286,7C582C,DA40,DIAMOND AIRCRAFT INDUSTRIES INC.,DA 40,6d884d10719bfb2446999ed94d2f27ef565506395abb25ac94d3f0949f0aad6b,True,1
105971,3055,290926_ML.npy,2026-09-30,2026-09-30 01:33:02.194956,7C582C,DA40,DIAMOND AIRCRAFT INDUSTRIES INC.,DA 40,07b6a60d7d43de7ac40b1d466bbef2cfa59d1c47d18d793979411aa5bbe49ed5,True,1
105993,3077,290926_ML.npy,2026-09-30,2026-09-30 01:35:45.022870,7C7B5E,DA40,DIAMOND AIRCRAFT INDUSTRIES INC.,DA 40,8d7b237eaf7aa5b63cd16138964257e26634860f1c9afc7b573611bd3d3379de,True,5
106000,3084,290926_ML.npy,2026-09-30,2026-09-30 01:36:43.502222,7C0D65,DA42,DIAMOND AIRCRAFT INDUSTRIES INC.,DA 42,bd94e981a8648c96b87ad38bd6dfa0768996bc959dc85d3d889d46179e381d1a,True,3
106001,3085,290926_ML.npy,2026-09-30,2026-09-30 01:36:47.402451,7C0D65,DA42,DIAMOND AIRCRAFT INDUSTRIES INC.,DA 42,3d4e5ac218473c0c94fbb25997558d7219f6645d9f50abdf93e39c7c4e936273,True,3
106002,3086,290926_ML.npy,2026-09-30,2026-09-30 01:36:48.509216,7C0D65,DA42,DIAMOND AIRCRAFT INDUSTRIES INC.,DA 42,bd94e981a8648c96b87ad38bd6dfa0768996bc959dc85d3d889d46179e381d1a,True,4
106003,3087,290926_ML.npy,2026-09-30,2026-09-30 01:36:51.054495,7C0D65,DA42,DIAMOND AIRCRAFT INDUSTRIES INC.,DA 42,9cfe4fc488f0978a9d999bd61bf23688e911936b763e6b24bf631b9bf06ccd7e,True,1
106006,3090,290926_ML.npy,2026-09-30,2026-09-30 01:36:53.257457,7C0D65,DA42,DIAMOND AIRCRAFT INDUSTRIES INC.,DA 42,e3ac225eb6accb6cc22eb5bbf8f949bace1216559a03084fb4462a9d52c58823,True,1
106007,3091,290926_ML.npy,2026-09-30,2026-09-30 01:36:54.604656,7C0D65,DA42,DIAMOND AIRCRAFT INDUSTRIES INC.,DA 42,433e7d016e43a29c61cdfdc05002e2975cd1f5ee89d83e3e0655b6f92c60abf4,True,4
106009,3093,290926_ML.npy,2026-09-30,2026-09-30 01:36:55.854566,7C0D65,DA42,DIAMOND AIRCRAFT INDUSTRIES INC.,DA 42,bd94e981a8648c96b87ad38bd6dfa0768996bc959dc85d3d889d46179e381d1a,True,1
106010,3094,290926_ML.npy,2026-09-30,2026-09-30 01:36:58.864459,7C0D65,DA42,DIAMOND AIRCRAFT INDUSTRIES INC.,DA 42,3e83c09e1bc3f02e79d6f25e4ab51b4724c4633cba19489aebc794801a5887e2,True,5
106011,3095,290926_ML.npy,2026-09-30,2026-09-30 01:37:01.277049,7C0D65,DA42,DIAMOND AIRCRAFT INDUSTRIES INC.,DA 42,045cbe0b2832261b270c53eea3b683b74bb8f4d951bd8e4edd5e744c81824f3d,True,5
106020,3104,290926_ML.npy,2026-09-30,2026-09-30 01:44:52.947528,7C7144,C172,CESSNA AIRCRAFT COMPANY,172N,1cc1f4cf13ad39d2de22655ab196b97df76552e6abbebe0e41f6835a7e52c06e,True,1
106026,3110,290926_ML.npy,2026-09-30,2026-09-30 01:45:05.077045,7C7144,C172,CESSNA AIRCRAFT COMPANY,172N,b759f491ed4fd861b72261e9fa6cac0643b09c56366f60132c4e80c04af0251e,True,2
106029,3113,290926_ML.npy,2026-09-30,2026-09-30 01:45:07.208394,7C7144,C172,CESSNA AIRCRAFT COMPANY,172N,ca956afb1c9a2aaa4d642da48e9a23d6d101f60d10d38a44e12497529d9852e9,True,1
106038,3122,290926_ML.npy,2026-09-30,2026-09-30 01:45:16.987393,7C7144,C172,CESSNA AIRCRAFT COMPANY,172N,7be41345c1be363eee9f034b6059282af511b82c8927a9395b4b04eb8b00b47a,True,2
106041,3125,290926_ML.npy,2026-09-30,2026-09-30 01:45:19.078506,7C7144,C172,CESSNA AIRCRAFT COMPANY,172N,d1028ea4635cf2f69332f88e77831993202e89d05e16fa666a5e58e7aac2edc5,True,3
106044,3128,290926_ML.npy,2026-09-30,2026-09-30 01:45:20.667074,7C7144,C172,CESSNA AIRCRAFT COMPANY,172N,47e1aa4c5e4a1c836f742172d03d6ea2b9a7dfe51dc1b34e5e372bd390451e06,True,3
106055,3139,290926_ML.npy,2026-09-30,2026-09-30 01:45:34.725157,7C7144,C172,CESSNA AIRCRAFT COMPANY,172N,b14335bea64f2665350fdb914c11353df1f43b9a82dfb17da1efaf3e749eb1f0,True,3
106075,3159,290926_ML.npy,2026-09-30,2026-09-30 01:45:45.806896,7C7144,C172,CESSNA AIRCRAFT COMPANY,172N,6fc6629fc9432247d7341cfb5ef4ef3bdfca782d1802b0e6d7ace4f9c2741444,True,1
106086,3170,290926_ML.npy,2026-09-30,2026-09-30 01:48:27.789062,7C444D,P28A,PIPER AIRCRAFT CORP,PA-28-181,3fc0dade286f69cc92810c5ff9086029d1a834145bc15ee8e1fb9c7835d06d94,True,1
106087,3171,290926_ML.npy,2026-09-30,2026-09-30 01:48:32.577079,7C444D,P28A,PIPER AIRCRAFT CORP,PA-28-181,29b73c3bb8e4de35433a9c83c36835b3acb517240c1dff2e02434a53b3d3312b,True,3
106088,3172,290926_ML.npy,2026-09-30,2026-09-30 01:48:32.851943,7C444D,P28A,PIPER AIRCRAFT CORP,PA-28-181,d1f175464f9990f1cb0bae1841b110411959905d85e8cd6c2435144c7f11c227,True,1
106089,3173,290926_ML.npy,2026-09-30,2026-09-30 01:48:34.927153,7C444D,P28A,PIPER AIRCRAFT CORP,PA-28-181,9bebf0b45a7abff744de56fcf972ae92d0d9151523bbbce5f5587fb0eae37eaf,True,1
106090,3174,290926_ML.npy,2026-09-30,2026-09-30 01:48:49.226081,7C444D,P28A,PIPER AIRCRAFT CORP,PA-28-181,d8ca3e90afb3bc1d4dca52ed572384b0662a75fc6da6c43081f935eb45116e9f,True,5
106091,3175,290926_ML.npy,2026-09-30,2026-09-30 01:48:53.335223,7C444D,P28A,PIPER AIRCRAFT CORP,PA-28-181,b7aeb01869b362fd3eb8f8402718661c843f8e95fadcbc02eeda4aa8a6fcdfba,True,3
106092,3176,290926_ML.npy,2026-09-30,2026-09-30 01:48:55.286762,7C444D,P28A,PIPER AIRCRAFT CORP,PA-28-181,1df9c0fffcd4cd61da8a676837a482a9375866da19b9573ebf2b57cc414e816e,True,1
106093,3177,290926_ML.npy,2026-09-30,2026-09-30 01:49:03.021297,7C444D,P28A,PIPER AIRCRAFT CORP,PA-28-181,08ef34add6f5feca202e69c0ace5974be24a6c6fe7e987a055b1333cbc42c424,True,4
106094,3178,290926_ML.npy,2026-09-30,2026-09-30 01:49:04.452383,7C444D,P28A,PIPER AIRCRAFT CORP,PA-28-181,d8ca3e90afb3bc1d4dca52ed572384b0662a75fc6da6c43081f935eb45116e9f,True,2
106095,3179,290926_ML.npy,2026-09-30,2026-09-30 01:49:19.299516,7C444D,P28A,PIPER AIRCRAFT CORP,PA-28-181,889eacce85ec6cc2ead1574315b9f0e2991f84aedaae1651adfb10bab5af461c,True,3
106096,3180,290926_ML.npy,2026-09-30,2026-09-30 01:49:19.345445,7C444D,P28A,PIPER AIRCRAFT CORP,PA-28-181,d8ca3e90afb3bc1d4dca52ed572384b0662a75fc6da6c43081f935eb45116e9f,True,5
106097,3181,290926_ML.npy,2026-09-30,2026-09-30 01:49:21.956591,7C444D,P28A,PIPER AIRCRAFT CORP,PA-28-181,3ca37e3c9a904d37b71474accb36429ffe0217b2ddf4d267930f2162b1d5d98b,True,1
106098,3182,290926_ML.npy,2026-09-30,2026-09-30 01:49:22.226692,7C444D,P28A,PIPER AIRCRAFT CORP,PA-28-181,78652ab5b415bd0224dae07e0f987a1759ec6708c0d336f203c624be483d5553,True,3
106100,3184,290926_ML.npy,2026-09-30,2026-09-30 01:49:24.404126,7C444D,P28A,PIPER AIRCRAFT CORP,PA-28-181,5876cded5e2263d496c5b1f875f000501867cfc25ab8f7b9792e409c99ca1384,True,2
106101,3185,290926_ML.npy,2026-09-30,2026-09-30 01:49:25.241651,7C444D,P28A,PIPER AIRCRAFT CORP,PA-28-181,eb76c7f902116b6f8b78e661f9a4ff6ef8db4ad17d73d68759a9244ba53f055a,True,5
106102,3186,290926_ML.npy,2026-09-30,2026-09-30 01:49:25.763953,7C444D,P28A,PIPER AIRCRAFT CORP,PA-28-181,d7b5a1a60c2b72f9f5f2fcd94fb2372f27f01574d5fa94719d83a4dd49947f0e,True,4
106103,3187,290926_ML.npy,2026-09-30,2026-09-30 01:49:26.897633,7C444D,P28A,PIPER AIRCRAFT CORP,PA-28-181,d8ca3e90afb3bc1d4dca52ed572384b0662a75fc6da6c43081f935eb45116e9f,True,2
106104,3188,290926_ML.npy,2026-09-30,2026-09-30 01:49:27.245218,7C444D,P28A,PIPER AIRCRAFT CORP,PA-28-181,f30d90eb5231450e585b51c0054a9429b9a86d3579be2bea3ffba30b28e64f96,True,5
106106,3190,290926_ML.npy,2026-09-30,2026-09-30 01:49:30.410426,7C444D,P28A,PIPER AIRCRAFT CORP,PA-28-181,6401aa3b6395f96e7400547b18c71e4eea6bb0ddfbacd271eb59d2fc5074a754,True,5
106107,3191,290926_ML.npy,2026-09-30,2026-09-30 01:49:30.762652,7C444D,P28A,PIPER AIRCRAFT CORP,PA-28-181,92dc206b79ec93b1c7ef541fa1f499e60ee06deaa9aa83cb4cfcbcbc24adf8e1,True,3
106108,3192,290926_ML.npy,2026-09-30,2026-09-30 01:49:30.936333,7C444D,P28A,PIPER AIRCRAFT CORP,PA-28-181,d8ca3e90afb3bc1d4dca52ed572384b0662a75fc6da6c43081f935eb45116e9f,True,5
106109,3193,290926_ML.npy,2026-09-30,2026-09-30 01:49:32.522131,7C444D,P28A,PIPER AIRCRAFT CORP,PA-28-181,d8ca3e90afb3bc1d4dca52ed572384b0662a75fc6da6c43081f935eb45116e9f,True,1
106110,3194,290926_ML.npy,2026-09-30,2026-09-30 01:49:34.238129,7C444D,P28A,PIPER AIRCRAFT CORP,PA-28-181,8a9d142df8175bf2b394a9ca1675cdeb0fbf6f3b799b698682a4e4930e0c8962,True,2
106111,3195,290926_ML.npy,2026-09-30,2026-09-30 01:49:35.813306,7C444D,P28A,PIPER AIRCRAFT CORP,PA-28-181,084b6c9345e0a1826945afe5ebcbc639b5656892c9d5ec10b6c479088c5a974c,True,4
106112,3196,290926_ML.npy,2026-09-30,2026-09-30 01:49:37.325269,7C444D,P28A,PIPER AIRCRAFT CORP,PA-28-181,d8ca3e90afb3bc1d4dca52ed572384b0662a75fc6da6c43081f935eb45116e9f,True,2
106113,3197,290926_ML.npy,2026-09-30,2026-09-30 01:49:37.413396,7C444D,P28A,PIPER AIRCRAFT CORP,PA-28-181,565990c199c819693bea47d7220e1189d6155250ea8dbd0fdbe72f301ea84159,True,4
106114,3198,290926_ML.npy,2026-09-30,2026-09-30 01:49:39.024627,7C444D,P28A,PIPER AIRCRAFT CORP,PA-28-181,4ff56d87966482366f138dfe249b0e34c3da752f91edf87804a79795908bcfd0,True,3
106115,3199,290926_ML.npy,2026-09-30,2026-09-30 01:49:39.460443,7C444D,P28A,PIPER AIRCRAFT CORP,PA-28-181,a71ab47701946ee162425f00d1371908224028671cd61a0ec3a589166d1f512a,True,5
106116,3200,290926_ML.npy,2026-09-30,2026-09-30 01:49:40.054751,7C444D,P28A,PIPER AIRCRAFT CORP,PA-28-181,bdbea92283397c39fbb177d0e95a1912f7416a11383c2ccf93c282201996d94c,True,3
106117,3201,290926_ML.npy,2026-09-30,2026-09-30 01:49:41.138348,7C444D,P28A,PIPER AIRCRAFT CORP,PA-28-181,dff84b28057f594e72aef558b90c563cd02efbc74e606d3e2f32b9eb42d5d661,True,3
106120,3204,290926_ML.npy,2026-09-30,2026-09-30 01:49:42.486020,7C444D,P28A,PIPER AIRCRAFT CORP,PA-28-181,4a4857e6b4d52f64d65b804b4cdb69ff85769c80ac854b7020d6ddb47719e301,True,5
106121,3205,290926_ML.npy,2026-09-30,2026-09-30 01:49:42.813754,7C444D,P28A,PIPER AIRCRAFT CORP,PA-28-181,ae5365f81c56f5039f2089ccba12ee06979cf05431135b084b6973d818c6c5fd,True,3
106122,3206,290926_ML.npy,2026-09-30,2026-09-30 01:49:43.319912,7C444D,P28A,PIPER AIRCRAFT CORP,PA-28-181,ae5365f81c56f5039f2089ccba12ee06979cf05431135b084b6973d818c6c5fd,True,4
106123,3207,290926_ML.npy,2026-09-30,2026-09-30 01:49:43.793909,7C444D,P28A,PIPER AIRCRAFT CORP,PA-28-181,0b73bb7c3a0c33c864915700ac6af0e8810a3cc9e4e04eaf733f6618c85fec60,True,1
106125,3209,290926_ML.npy,2026-09-30,2026-09-30 01:49:45.221457,7C444D,P28A,PIPER AIRCRAFT CORP,PA-28-181,bdbea92283397c39fbb177d0e95a1912f7416a11383c2ccf93c282201996d94c,True,5
106128,3212,290926_ML.npy,2026-09-30,2026-09-30 01:49:49.124766,7C444D,P28A,PIPER AIRCRAFT CORP,PA-28-181,af723c42077bcde6f4daa78679acbc70c826c2705eb7f8c10b943e94e8176d27,True,2
106129,3213,290926_ML.npy,2026-09-30,2026-09-30 01:49:49.616517,7C444D,P28A,PIPER AIRCRAFT CORP,PA-28-181,0a712d93c3b436632b6313eca8379ae14858b33e3b9968582f2fdcbbff01ea49,True,5
106130,3214,290926_ML.npy,2026-09-30,2026-09-30 01:49:50.190279,7C444D,P28A,PIPER AIRCRAFT CORP,PA-28-181,0e6f4787a2300f2abc845bca9d94f7954abd494e1c3090574fc8c16e0eb623da,True,4
106131,3215,290926_ML.npy,2026-09-30,2026-09-30 01:49:52.187669,7C444D,P28A,PIPER AIRCRAFT CORP,PA-28-181,0ca85bf96b31476d70ba00d1b15125848a360df68a1f8f80c73aed07fa52825b,True,3
106132,3216,290926_ML.npy,2026-09-30,2026-09-30 01:49:52.401346,7C444D,P28A,PIPER AIRCRAFT CORP,PA-28-181,cdd50c821250c306447bafa453606b03c069a82550a55623e880c7954528c5b7,True,3
106133,3217,290926_ML.npy,2026-09-30,2026-09-30 01:49:53.363312,7C7B56,DA40,DIAMOND AIRCRAFT INDUSTRIES INC.,DA 40,8e771a52e997d6dda9fa750a7aa3d89691fd716d60680e5d6e8b28ce1df89605,True,4
106134,3218,290926_ML.npy,2026-09-30,2026-09-30 01:49:53.845725,7C444D,P28A,PIPER AIRCRAFT CORP,PA-28-181,bd2d125e52f024c30a1594053a8980a64b3f371fb0617819cfa7da596aebfbcb,True,2
106135,3219,290926_ML.npy,2026-09-30,2026-09-30 01:49:54.311484,7C444D,P28A,PIPER AIRCRAFT CORP,PA-28-181,7c70cf88d9a1541ba41c97c0905d878e9b6a6d891bb1b590cde43529eb831ff4,True,5
106136,3220,290926_ML.npy,2026-09-30,2026-09-30 01:49:55.687211,7C444D,P28A,PIPER AIRCRAFT CORP,PA-28-181,d8ca3e90afb3bc1d4dca52ed572384b0662a75fc6da6c43081f935eb45116e9f,True,3
106137,3221,290926_ML.npy,2026-09-30,2026-09-30 01:49:55.810897,7C444D,P28A,PIPER AIRCRAFT CORP,PA-28-181,392009583b7a9b914019711b2282c658b51dfa159366fc4547ea18235c2d17de,True,1
106138,3222,290926_ML.npy,2026-09-30,2026-09-30 01:49:57.280871,7C444D,P28A,PIPER AIRCRAFT CORP,PA-28-181,d8ca3e90afb3bc1d4dca52ed572384b0662a75fc6da6c43081f935eb45116e9f,True,3
106139,3223,290926_ML.npy,2026-09-30,2026-09-30 01:49:57.290813,7C444D,P28A,PIPER AIRCRAFT CORP,PA-28-181,a2b4794600c587e7ab4a64f6d6c32410c3e39a0561b40b0befa8fe3110d6b4a8,True,2
106141,3225,290926_ML.npy,2026-09-30,2026-09-30 01:49:57.798243,7C444D,P28A,PIPER AIRCRAFT CORP,PA-28-181,c8e012852ee307db3b4c012bde8939c409203f59fc6a748b05269a53b61c0c3e,True,1
106142,3226,290926_ML.npy,2026-09-30,2026-09-30 01:49:58.764539,7C444D,P28A,PIPER AIRCRAFT CORP,PA-28-181,3b364f891e6d2226147a2207a1f350d7d14b1eb6ec234934e35708c2d80dd2c1,True,5
106143,3227,290926_ML.npy,2026-09-30,2026-09-30 01:49:59.736345,7C444D,P28A,PIPER AIRCRAFT CORP,PA-28-181,d8ca3e90afb3bc1d4dca52ed572384b0662a75fc6da6c43081f935eb45116e9f,True,2
106145,3229,290926_ML.npy,2026-09-30,2026-09-30 01:50:00.543812,7C444D,P28A,PIPER AIRCRAFT CORP,PA-28-181,d8ca3e90afb3bc1d4dca52ed572384b0662a75fc6da6c43081f935eb45116e9f,True,1
106146,3230,290926_ML.npy,2026-09-30,2026-09-30 01:50:01.002049,7C444D,P28A,PIPER AIRCRAFT CORP,PA-28-181,bfec938ed852ac595ed79b536ad5ad8213fdc485dae55599f36d39dd08e0227b,True,2
106147,3231,290926_ML.npy,2026-09-30,2026-09-30 01:50:01.415942,7C444D,P28A,PIPER AIRCRAFT CORP,PA-28-181,8cbec3f2b841907e4ac614e502e9feebfe7bd05168cfb0d9e1904965b425e99c,True,2
106148,3232,290926_ML.npy,2026-09-30,2026-09-30 01:50:01.570858,7C7B56,DA40,DIAMOND AIRCRAFT INDUSTRIES INC.,DA 40,433495998c312abead2c93cdb85dfefc461525902b6c31869dbd929608e067ad,True,1
106151,3235,290926_ML.npy,2026-09-30,2026-09-30 01:50:04.708597,7C7B56,DA40,DIAMOND AIRCRAFT INDUSTRIES INC.,DA 40,15547c098e39603150764807ed3ee8943f73e780359f4bc2496ed880f8665658,True,1
106153,3237,290926_ML.npy,2026-09-30,2026-09-30 01:50:05.114383,7C7B56,DA40,DIAMOND AIRCRAFT INDUSTRIES INC.,DA 40,1ebc6bba4af861fa2ab10e78a2db3ee10158db3f4829880ca5d5274d8ab22eaf,True,5
106154,3238,290926_ML.npy,2026-09-30,2026-09-30 01:50:09.776008,7C7B56,DA40,DIAMOND AIRCRAFT INDUSTRIES INC.,DA 40,486706a621431b9f94d78b4c9447151bdec45f290408946f2ebf81a27761f13b,True,5
106171,3255,290926_ML.npy,2026-09-30,2026-09-30 01:57:01.944994,7C1B2A,DA40,DIAMOND AIRCRAFT INDUSTRIES INC.,DA 40,8a1f79b3ee11a2d8a6ec4c47d4e21568c780d1a81ae84d5b6aef7ca091093582,True,1
106185,3269,290926_ML.npy,2026-09-30,2026-09-30 02:09:26.336809,7C1697,DA40,DIAMOND AIRCRAFT INDUSTRIES INC.,DA 40,cfc115698b5f85dd02549adbb5cb20ed7a28c4b568dcfb46bfe6f99aa22cb00f,True,5
106219,3303,290926_ML.npy,2026-09-30,2026-09-30 02:11:33.099537,7C4E44,DA40,DIAMOND AIRCRAFT INDUSTRIES INC.,DA 40,36783ab972b4e9c8f48e911786501fcb78bd754ed425f8b23001d29a3d69921b,True,5
106362,3446,290926_ML.npy,2026-09-30,2026-09-30 02:31:42.106963,7C67D3,C172,CESSNA AIRCRAFT COMPANY,172S,de6ab8947d90a53ca7bc4e5cf7b9c5d15b2c2fa9ca00b5117692ed661a89627e,True,1
106368,3452,290926_ML.npy,2026-09-30,2026-09-30 02:31:46.145719,7C67D3,C172,CESSNA AIRCRAFT COMPANY,172S,b58df5220529947d187c8f584ae376b0691c1e580b51530a26822f3f8f809d9b,True,2
106377,3461,290926_ML.npy,2026-09-30,2026-09-30 02:31:52.130586,7C67D3,C172,CESSNA AIRCRAFT COMPANY,172S,de6ab8947d90a53ca7bc4e5cf7b9c5d15b2c2fa9ca00b5117692ed661a89627e,True,1
106378,3462,290926_ML.npy,2026-09-30,2026-09-30 02:31:52.852986,7C67D3,C172,CESSNA AIRCRAFT COMPANY,172S,4d8e0f6aeb3fb3dd443a3a040ba37edce956653b96b9bcb4e8b0d18e9a91c6b2,True,3
106379,3463,290926_ML.npy,2026-09-30,2026-09-30 02:31:56.588624,7C67D3,C172,CESSNA AIRCRAFT COMPANY,172S,f0d0ba82eacb06350437f4b2526288bb951d31e072e65894a4de20bfc4d111d9,True,1
106385,3469,290926_ML.npy,2026-09-30,2026-09-30 02:32:02.663808,7C67D3,C172,CESSNA AIRCRAFT COMPANY,172S,84a495f745a59ffe1aabce0bca5548ca2d1346336f7410c8fa0419e94873962a,True,4
106401,3485,290926_ML.npy,2026-09-30,2026-09-30 02:40:14.767574,7C7B60,DA40,DIAMOND AIRCRAFT INDUSTRIES INC.,DA 40,b93c0bd283ece0a4f91021ffb77ce38ef379e5411df7e3bf482d7df1c2412020,True,5
106406,3490,290926_ML.npy,2026-09-30,2026-09-30 02:40:21.149941,7C7B60,DA40,DIAMOND AIRCRAFT INDUSTRIES INC.,DA 40,528efafa3fa4949ae5cbaad70080e73b3148362722215f4b4f130ac09d08e9d3,True,1
106408,3492,290926_ML.npy,2026-09-30,2026-09-30 02:40:22.524557,7C7B60,DA40,DIAMOND AIRCRAFT INDUSTRIES INC.,DA 40,91a3b37dfde0c45b4d48999a50122f0363cd3cd3212401bd7ffbd5c1b3a628c3,True,1
106417,3501,290926_ML.npy,2026-09-30,2026-09-30 02:40:40.234993,7C7B60,DA40,DIAMOND AIRCRAFT INDUSTRIES INC.,DA 40,95d57083cdac90c1b95b0cea48afabcf026c4e883f63b368b3a3cfb4cc4191ac,True,1
106420,3504,290926_ML.npy,2026-09-30,2026-09-30 02:40:44.062762,7C7B60,DA40,DIAMOND AIRCRAFT INDUSTRIES INC.,DA 40,d951f0d90975bc1f7754416c4975eefa5df1427216c23379cd112135a36790fd,True,4
106451,3535,290926_ML.npy,2026-09-30,2026-09-30 02:44:17.598497,7C7C2E,DA40,DIAMOND AIRCRAFT INDUSTRIES INC.,DA 40,4feefc2a9fd1400450a0af9308215272d13eed49edcc6120f1f1cc2b211ff8b3,True,4
106457,3541,290926_ML.npy,2026-09-30,2026-09-30 02:44:27.289050,7C7C2E,DA40,DIAMOND AIRCRAFT INDUSTRIES INC.,DA 40,3e56f0c864540b7df83fb827de9f7afc6a3dcdf4f25b1aead3024b729ea152f2,True,3
106480,3564,290926_ML.npy,2026-09-30,2026-09-30 02:48:16.363271,7C7144,C172,CESSNA AIRCRAFT COMPANY,172N,3fd15b7a0152ea7afedfc6ffcb21cbc0779545c738e50aaf15ddd667102073a2,True,3
106481,3565,290926_ML.npy,2026-09-30,2026-09-30 02:48:17.896136,7C7144,C172,CESSNA AIRCRAFT COMPANY,172N,bd4a10712677a5a6ca71f9ae145757f6b3c227a3a66e20de44b2f2b64e13e421,True,4
106482,3566,290926_ML.npy,2026-09-30,2026-09-30 02:48:19.793866,7C7144,C172,CESSNA AIRCRAFT COMPANY,172N,4c173b5c13cf85d0da9250aec016f04a95d33bff377895af4b667d1e27df64ad,True,3
106483,3567,290926_ML.npy,2026-09-30,2026-09-30 02:48:25.917638,7C7144,C172,CESSNA AIRCRAFT COMPANY,172N,edf7589755b5ea6582a81ddda625dac150d54c546b2a89c03505eeceb77969ce,True,5
106491,3575,290926_ML.npy,2026-09-30,2026-09-30 02:50:28.683956,7C0074,C172,CESSNA AIRCRAFT COMPANY,172S,7374920ef1d977bb3e8dd3ff260bb406933df6c1dd094a8282df93c61651330e,True,1
106492,3576,290926_ML.npy,2026-09-30,2026-09-30 02:50:31.679713,7C0074,C172,CESSNA AIRCRAFT COMPANY,172S,7c78829b261865773276a67f11bd85e7348949eff1127941ba69080dcc8df763,True,5
106508,3592,290926_ML.npy,2026-09-30,2026-09-30 02:53:03.936618,7C168D,DA40,DIAMOND AIRCRAFT INDUSTRIES INC.,DA 40,6d213a358b339423b15d8e2bcc067d970b8bc1a219f0b9fbf30d8f615409f9d7,True,3
106510,3594,290926_ML.npy,2026-09-30,2026-09-30 02:53:06.494905,7C168D,DA40,DIAMOND AIRCRAFT INDUSTRIES INC.,DA 40,6d213a358b339423b15d8e2bcc067d970b8bc1a219f0b9fbf30d8f615409f9d7,True,4
106516,3600,290926_ML.npy,2026-09-30,2026-09-30 02:53:20.176110,7C168D,DA40,DIAMOND AIRCRAFT INDUSTRIES INC.,DA 40,c7f8ad58afbc565114ff7738e192ef47d5c0cf6e360322aee3f99da2e3f03453,True,2
106521,3605,290926_ML.npy,2026-09-30,2026-09-30 02:53:33.228755,7C168D,DA40,DIAMOND AIRCRAFT INDUSTRIES INC.,DA 40,c3ca7094803d0e547275e0d8c7ec8d747df4ee6129f63b0f5f3feb26ccbd5e66,True,2
106526,3610,290926_ML.npy,2026-09-30,2026-09-30 02:53:44.698727,7C168D,DA40,DIAMOND AIRCRAFT INDUSTRIES INC.,DA 40,a2e3ce2e1260498f3a90aed4cb21e33a37659353a8e3d8934d76c509717e2ef3,True,4
106590,3674,290926_ML.npy,2026-09-30,2026-09-30 03:02:55.114615,7C7B65,DA40,DIAMOND AIRCRAFT INDUSTRIES INC.,DA 40,01821b475afeb20cd6cc3fb4215c0e9386245904db42e252b98962b4c8eef4b4,True,1
106603,3687,290926_ML.npy,2026-09-30,2026-09-30 03:03:11.907463,7C7B65,DA40,DIAMOND AIRCRAFT INDUSTRIES INC.,DA 40,ec364e68de607a3fb88e6faf6f6ee731096c1acfbc5485d1d6973efcd7dc8f72,True,4
106606,3690,290926_ML.npy,2026-09-30,2026-09-30 03:03:14.778033,7C7B65,DA40,DIAMOND AIRCRAFT INDUSTRIES INC.,DA 40,1622f91a5c6e866df39ea1f62843eb2b50fb51b28b159b0df5f50a51fe03f3e1,True,4
106617,3701,290926_ML.npy,2026-09-30,2026-09-30 03:07:56.059748,7C6C18,C172,CESSNA AIRCRAFT COMPANY,172S,0b84a8c34493bb4fe0f31f3c1bb48932322693b7b6989e24000cbb4dffe72d20,True,4
106621,3705,290926_ML.npy,2026-09-30,2026-09-30 03:10:22.573267,7C444D,P28A,PIPER AIRCRAFT CORP,PA-28-181,2cf0a99e7ac6c90fb7bcf5282db74cfd3a022775983fd226d87af273722e3472,True,2
106622,3706,290926_ML.npy,2026-09-30,2026-09-30 03:10:25.712041,7C444D,P28A,PIPER AIRCRAFT CORP,PA-28-181,558ddf520b9a05124bf23b44bde7ba8b1f303663b57fb48466042ac59b7fb1cf,True,4
106623,3707,290926_ML.npy,2026-09-30,2026-09-30 03:10:26.396360,7C444D,P28A,PIPER AIRCRAFT CORP,PA-28-181,ff38224c81cbaa0ae0ba9077281e33ae7ca7d06a9c3fc7497c0e3f952b72c3dd,True,4
106624,3708,290926_ML.npy,2026-09-30,2026-09-30 03:10:30.731515,7C444D,P28A,PIPER AIRCRAFT CORP,PA-28-181,866d85b3cce1058d9506851a2e7e07eca677207a9da79de62a3e23d0af8b7967,True,3
106625,3709,290926_ML.npy,2026-09-30,2026-09-30 03:10:31.369324,7C444D,P28A,PIPER AIRCRAFT CORP,PA-28-181,04e75606ad4eeeea71f470265aed1d6c406fe18a01a03efaf3cfdd9d135875fa,True,1
106626,3710,290926_ML.npy,2026-09-30,2026-09-30 03:10:31.911066,7C444D,P28A,PIPER AIRCRAFT CORP,PA-28-181,0ca0ae4b36ec0bb600cab9a745d30ac50576a2149298aa90880f832b9c710ac1,True,5
106627,3711,290926_ML.npy,2026-09-30,2026-09-30 03:10:35.352360,7C444D,P28A,PIPER AIRCRAFT CORP,PA-28-181,fd2f518dddb47d21b91b97a5786f6fa25507d2214fccc4958396043f2ee1bf32,True,4
106628,3712,290926_ML.npy,2026-09-30,2026-09-30 03:10:36.407701,7C444D,P28A,PIPER AIRCRAFT CORP,PA-28-181,380210b3c939e21294792ee051d649875e3aca64c6f5449986aa6c0e35e89992,True,3
106629,3713,290926_ML.npy,2026-09-30,2026-09-30 03:10:37.322133,7C444D,P28A,PIPER AIRCRAFT CORP,PA-28-181,f052e6b8a3582a07a8047cc3306051f06bf7f8717d04a37974756df8b581ac83,True,3
106630,3714,290926_ML.npy,2026-09-30,2026-09-30 03:10:38.299592,7C444D,P28A,PIPER AIRCRAFT CORP,PA-28-181,71ecaca4c9ab4510f8eb7fd949a0d3585ccd7ad7653579a54a8c6ef12e09c24b,True,3
106631,3715,290926_ML.npy,2026-09-30,2026-09-30 03:10:38.385280,7C444D,P28A,PIPER AIRCRAFT CORP,PA-28-181,f5e81962f95665bae15d36bdc84d7ae3e43db8424d91ef5ec4deaa185f2eb532,True,1
106632,3716,290926_ML.npy,2026-09-30,2026-09-30 03:10:41.972275,7C444D,P28A,PIPER AIRCRAFT CORP,PA-28-181,701fbd99aedbdad1f1ddecca3f9b46f144670a2c7c71d6408ae080fe78db97d6,True,5
106633,3717,290926_ML.npy,2026-09-30,2026-09-30 03:10:44.582264,7C444D,P28A,PIPER AIRCRAFT CORP,PA-28-181,d52b64e824214a5008ab553ab122b596798e4a53b8d7e1d15b0b51fd05b3b27b,True,5
106634,3718,290926_ML.npy,2026-09-30,2026-09-30 03:10:46.271816,7C444D,P28A,PIPER AIRCRAFT CORP,PA-28-181,556edbf03cd5a45443fdef4924d4849a9ca0ee2c504b5f3e899164952e00c66c,True,4
106635,3719,290926_ML.npy,2026-09-30,2026-09-30 03:10:48.811321,7C444D,P28A,PIPER AIRCRAFT CORP,PA-28-181,d8ca3e90afb3bc1d4dca52ed572384b0662a75fc6da6c43081f935eb45116e9f,True,4
106636,3720,290926_ML.npy,2026-09-30,2026-09-30 03:10:50.628755,7C444D,P28A,PIPER AIRCRAFT CORP,PA-28-181,3a8dd39ef67192ebdcd68f8948a796802f03778eb22bb0d1fd72a48e49647e99,True,3
106637,3721,290926_ML.npy,2026-09-30,2026-09-30 03:10:50.758694,7C444D,P28A,PIPER AIRCRAFT CORP,PA-28-181,a3e243256d5ad80345f00dd80e0ecbf7c720a7d009cf598cf1af5e168b435534,True,5
106638,3722,290926_ML.npy,2026-09-30,2026-09-30 03:10:52.324465,7C444D,P28A,PIPER AIRCRAFT CORP,PA-28-181,c907c136ba3dd716871f61e3501555500fefba717bccf8d79512df031b852a44,True,2
106639,3723,290926_ML.npy,2026-09-30,2026-09-30 03:10:54.021635,7C444D,P28A,PIPER AIRCRAFT CORP,PA-28-181,486db63841bf8015861d48b847fd8490e3178d394828cbefe427446a55edbe42,True,5
106640,3724,290926_ML.npy,2026-09-30,2026-09-30 03:10:58.655059,7C444D,P28A,PIPER AIRCRAFT CORP,PA-28-181,5fb7bcba8cad70d0c48abaaf3e5a92be142944c300690dae7de41fb406873ec3,True,2
106641,3725,290926_ML.npy,2026-09-30,2026-09-30 03:10:59.594835,7C444D,P28A,PIPER AIRCRAFT CORP,PA-28-181,2037d823ade4ba540853885cb2816800a7bd1801cd1e25ebf3f821ccd5061d4d,True,2
106642,3726,290926_ML.npy,2026-09-30,2026-09-30 03:11:00.552840,7C444D,P28A,PIPER AIRCRAFT CORP,PA-28-181,0600aacd533ca65c6f0178ed1275101a82d9229e93bc55be391e84ac6bed74e4,True,3
106643,3727,290926_ML.npy,2026-09-30,2026-09-30 03:11:02.702082,7C444D,P28A,PIPER AIRCRAFT CORP,PA-28-181,5f3029da397ed14f1f3c8751317fdcfa81f07315f2a8ba0c05570df6fa47bc18,True,1
106644,3728,290926_ML.npy,2026-09-30,2026-09-30 03:11:05.181568,7C444D,P28A,PIPER AIRCRAFT CORP,PA-28-181,c56d1140de8634140387607f773cb741b06fa3b1611ea21e7ca56046221fa874,True,2
106645,3729,290926_ML.npy,2026-09-30,2026-09-30 03:11:06.763201,7C444D,P28A,PIPER AIRCRAFT CORP,PA-28-181,f8ff25b7f2f27a4851f99ef23436015ef7433730fa60ee446d0883c3981fd653,True,5
106646,3730,290926_ML.npy,2026-09-30,2026-09-30 03:11:07.307035,7C444D,P28A,PIPER AIRCRAFT CORP,PA-28-181,b1975a984e719e02cfa7704da7d0c2613297f46d071598b777097eda5db167f1,True,2
106647,3731,290926_ML.npy,2026-09-30,2026-09-30 03:11:07.747071,7C444D,P28A,PIPER AIRCRAFT CORP,PA-28-181,734bcbfadd50cb22d296fc3d32e5af57d7c4bf30657a84f3c0fd4c64aeec43fa,True,2
106648,3732,290926_ML.npy,2026-09-30,2026-09-30 03:11:09.258287,7C444D,P28A,PIPER AIRCRAFT CORP,PA-28-181,b05fd29fb0114bb01793373451f8ecf16195dcdc3331e5efeab048a4013c115a,True,5
106649,3733,290926_ML.npy,2026-09-30,2026-09-30 03:11:09.932594,7C444D,P28A,PIPER AIRCRAFT CORP,PA-28-181,861f78fe93b06aead0c968457d167699ba7cf55f097eecc1ee46d70deefa7dbb,True,5
106650,3734,290926_ML.npy,2026-09-30,2026-09-30 03:11:10.252098,7C444D,P28A,PIPER AIRCRAFT CORP,PA-28-181,75dfb374e6675255f8fc64e32bf627e55069771a87d7f9e64619df3d8cf2e1d0,True,5
106651,3735,290926_ML.npy,2026-09-30,2026-09-30 03:11:12.883793,7C444D,P28A,PIPER AIRCRAFT CORP,PA-28-181,17b0d6a3460334266b26015bc79334df3437a312206d7447bb31772ef47b36f4,True,1
106652,3736,290926_ML.npy,2026-09-30,2026-09-30 03:11:13.401633,7C444D,P28A,PIPER AIRCRAFT CORP,PA-28-181,f78ec89f5af9482ef56a9523756ba1b75a5d769d11ead4476c5211d72b7d5282,True,2
106653,3737,290926_ML.npy,2026-09-30,2026-09-30 03:11:15.379236,7C444D,P28A,PIPER AIRCRAFT CORP,PA-28-181,d426befa8036fa38e0daa22559da901f6cf6ce0f9b895d514e88c1c18bdfb6e1,True,5
106654,3738,290926_ML.npy,2026-09-30,2026-09-30 03:11:16.844943,7C444D,P28A,PIPER AIRCRAFT CORP,PA-28-181,dd268dec36f87a1900bf30c1739ca59523d2f130c9506689e13e094b3b6770a9,True,4
106655,3739,290926_ML.npy,2026-09-30,2026-09-30 03:11:18.792040,7C444D,P28A,PIPER AIRCRAFT CORP,PA-28-181,d8ca3e90afb3bc1d4dca52ed572384b0662a75fc6da6c43081f935eb45116e9f,True,5
106656,3740,290926_ML.npy,2026-09-30,2026-09-30 03:11:18.920545,7C444D,P28A,PIPER AIRCRAFT CORP,PA-28-181,95edacb8d4e916993867eabe391490e08bfc4901b5b10754866df450a6b3e0fa,True,5
106657,3741,290926_ML.npy,2026-09-30,2026-09-30 03:11:21.201981,7C444D,P28A,PIPER AIRCRAFT CORP,PA-28-181,ac5a98996e361d3d3b3cad02d739f51113fa18ed6ed82c3819468cd04f7b536e,True,5
106658,3742,290926_ML.npy,2026-09-30,2026-09-30 03:11:21.340076,7C444D,P28A,PIPER AIRCRAFT CORP,PA-28-181,d8ca3e90afb3bc1d4dca52ed572384b0662a75fc6da6c43081f935eb45116e9f,True,4
106659,3743,290926_ML.npy,2026-09-30,2026-09-30 03:11:23.091273,7C444D,P28A,PIPER AIRCRAFT CORP,PA-28-181,16b02086902e5d47f9486f7ba61debfc2d08a34dff2b613e5fbed4e27f4e8f1c,True,5
106660,3744,290926_ML.npy,2026-09-30,2026-09-30 03:11:23.577210,7C444D,P28A,PIPER AIRCRAFT CORP,PA-28-181,85d76c345e8285a8a1bbd403ffcad8acb1159f45b9aeff87b9bb478905c82641,True,3
106661,3745,290926_ML.npy,2026-09-30,2026-09-30 03:11:24.055406,7C444D,P28A,PIPER AIRCRAFT CORP,PA-28-181,0ed36e39a226ed6f24760f3d2257c58a226db263b7b62c6d874f0c39e367cdd3,True,4
106662,3746,290926_ML.npy,2026-09-30,2026-09-30 03:11:26.647050,7C444D,P28A,PIPER AIRCRAFT CORP,PA-28-181,10e8293190fcece538eccde24ad204166c0ca2c18b1a2b6020a600ff3616513f,True,4
106663,3747,290926_ML.npy,2026-09-30,2026-09-30 03:11:27.882476,7C444D,P28A,PIPER AIRCRAFT CORP,PA-28-181,20296b4fcacf151ea43488448a7645b2ebb86fa4e415fe0050bb607ccfd80433,True,5
106666,3750,290926_ML.npy,2026-09-30,2026-09-30 03:11:29.358312,7C444D,P28A,PIPER AIRCRAFT CORP,PA-28-181,4be36ac8e522271ab9788c3a6071441a419d6f4ac1876531f79522491781f489,True,4
106668,3752,290926_ML.npy,2026-09-30,2026-09-30 03:11:29.535819,7C444D,P28A,PIPER AIRCRAFT CORP,PA-28-181,fd9cc4d4a8492227105e4779f6714c5b3596d5d0d7b6bad4aad111facb3f095f,True,3
106669,3753,290926_ML.npy,2026-09-30,2026-09-30 03:11:30.006051,7C444D,P28A,PIPER AIRCRAFT CORP,PA-28-181,72d47ee4293857259f5dbd6898328ba01d6e475ae4b6532ecc87e1e3d7aa2492,True,2
106670,3754,290926_ML.npy,2026-09-30,2026-09-30 03:11:30.241630,7C444D,P28A,PIPER AIRCRAFT CORP,PA-28-181,23a155ca3e128b155a1537e5d711b4ac0b35ece58304d82ea798c9c27a25fc6d,True,4
106671,3755,290926_ML.npy,2026-09-30,2026-09-30 03:11:30.507940,7C444D,P28A,PIPER AIRCRAFT CORP,PA-28-181,334caa5291cf294f20f322abab88c85f319d486a389e49366ab8514db398d83a,True,5
106672,3756,290926_ML.npy,2026-09-30,2026-09-30 03:11:30.765552,7C444D,P28A,PIPER AIRCRAFT CORP,PA-28-181,c64fc99520f7678173a897decfb2a196700af88505cb90a8934e3dda0f6d8b1c,True,3
106673,3757,290926_ML.npy,2026-09-30,2026-09-30 03:11:31.393917,7C444D,P28A,PIPER AIRCRAFT CORP,PA-28-181,d8ca3e90afb3bc1d4dca52ed572384b0662a75fc6da6c43081f935eb45116e9f,True,5
106699,3783,290926_ML.npy,2026-09-30,2026-09-30 03:18:00.584647,7C67D0,C172,CESSNA AIRCRAFT COMPANY,172S,81a76be61d469f6f3d759cb4f8e023eca17a51f1da1d3218b95504a019e5266f,True,5
106702,3786,290926_ML.npy,2026-09-30,2026-09-30 03:18:01.574075,7C67D0,C172,CESSNA AIRCRAFT COMPANY,172S,247ee22071b20b0aa8b83c98ac812396e72e4dda7c1bae1cdd608f6dafe08679,True,2
106711,3795,290926_ML.npy,2026-09-30,2026-09-30 03:22:25.999720,7C1689,DA40,DIAMOND AIRCRAFT INDUSTRIES INC.,DA 40,e644d8380a825d26f11af7d71956da3c2a427c78ad32cc04969056f501e6990c,True,5
106718,3802,290926_ML.npy,2026-09-30,2026-09-30 03:22:39.797314,7C1689,DA40,DIAMOND AIRCRAFT INDUSTRIES INC.,DA 40,18b6af48fe8998f71e691e3464f97c25e020bd1205a1e3e016cc46a182810539,True,1
106734,3818,290926_ML.npy,2026-09-30,2026-09-30 03:25:16.395557,7C582C,DA40,DIAMOND AIRCRAFT INDUSTRIES INC.,DA 40,6ac857c06679eeb32a0fea107dfdaff5f3802c9d4d7c2bdf70bacb60215b4504,True,2
106738,3822,290926_ML.npy,2026-09-30,2026-09-30 03:25:26.153451,7C582C,DA40,DIAMOND AIRCRAFT INDUSTRIES INC.,DA 40,94e4a664a7996684ea0c32cddb99bcb397b1b37a3bc405fcb59d916c0c3660d3,True,3
106752,3836,290926_ML.npy,2026-09-30,2026-09-30 03:27:34.032254,7C7AEF,DA40,DIAMOND AIRCRAFT INDUSTRIES INC.,DA 40,737b21fe1cec933a931ef34a4d0f618566c423e415f746ca7d78b2402ca6a059,True,2
106770,3854,290926_ML.npy,2026-09-30,2026-09-30 03:28:11.312948,7C7AEF,DA40,DIAMOND AIRCRAFT INDUSTRIES INC.,DA 40,7e6b52c9aaff75f2f3ff956c68a3efd8df355997c451c464b133f52ccebd3182,True,1
106778,3862,290926_ML.npy,2026-09-30,2026-09-30 03:35:46.915423,7C7B56,DA40,DIAMOND AIRCRAFT INDUSTRIES INC.,DA 40,19a2528df6d56ffdae4abd1409bf067d02e351ff3add00e1a1947f67a232a42e,True,3
106802,3886,290926_ML.npy,2026-09-30,2026-09-30 03:37:37.067671,7C168A,DA40,DIAMOND AIRCRAFT INDUSTRIES INC.,DA 40,0c52986690379e5c932525f2e9191574e25a13027b1d193d86fded4be9fdc137,True,5
106817,3901,290926_ML.npy,2026-09-30,2026-09-30 03:39:40.567970,7C7B5E,DA40,DIAMOND AIRCRAFT INDUSTRIES INC.,DA 40,db4481323839904142df1b1b82363e66e5964903598c473b05bd21d80c9948c8,True,4
106822,3906,290926_ML.npy,2026-09-30,2026-09-30 03:39:54.732652,7C7B5E,DA40,DIAMOND AIRCRAFT INDUSTRIES INC.,DA 40,556ebfc3a04653933c26feae5d723e48ce10e0d87856f5a35a71ff3bf4e97007,True,3
106828,3912,290926_ML.npy,2026-09-30,2026-09-30 03:40:05.785833,7C7B5E,DA40,DIAMOND AIRCRAFT INDUSTRIES INC.,DA 40,4e0c7591e2908bdaec36e71ef5b567bab6b5087f5c2a24c3521b3fbb1be78077,True,5
106845,3929,290926_ML.npy,2026-09-30,2026-09-30 03:40:47.399911,7C7144,C172,CESSNA AIRCRAFT COMPANY,172N,889117c01ade2b4e567b723812a9f3837646ab663beec1a3f47ac97413c7cef7,True,4
106847,3931,290926_ML.npy,2026-09-30,2026-09-30 03:40:54.348436,7C7144,C172,CESSNA AIRCRAFT COMPANY,172N,20705c3cf280e5f8574c50e896bb4dc220d0d271304bd878266eeaf3dd1d2cd8,True,2
106849,3933,290926_ML.npy,2026-09-30,2026-09-30 03:40:59.018044,7C7144,C172,CESSNA AIRCRAFT COMPANY,172N,3e9f66043707aa31869f9586856a295f820ab839dbeeecc930eb3384176a85c7,True,1
106859,3943,290926_ML.npy,2026-09-30,2026-09-30 03:42:00.577504,7C41FD,DA40,DIAMOND AIRCRAFT INDUSTRIES INC.,DA 40,20d5458691c64f14c2b0f99a50516326bf3163847da2a6bd5aadc10f9b29d5fa,True,5
106866,3950,290926_ML.npy,2026-09-30,2026-09-30 03:42:15.546736,7C41FD,DA40,DIAMOND AIRCRAFT INDUSTRIES INC.,DA 40,5ca691b472e497b64cfa680b2d7170e9ed16b7f2a8be6075ee3dac34334bd1b3,True,3
106875,3959,290926_ML.npy,2026-09-30,2026-09-30 03:42:32.185471,7C41FD,DA40,DIAMOND AIRCRAFT INDUSTRIES INC.,DA 40,405b0b4067c01929c61a18f3944eda7db4ab4286f92bd39349dc74e27f28ca7e,True,1
106881,3965,290926_ML.npy,2026-09-30,2026-09-30 03:42:38.688711,7C41FD,DA40,DIAMOND AIRCRAFT INDUSTRIES INC.,DA 40,f5205c42ec63842421af3c63a4f70d6e4022487ba637bd0079f78aeb9ab1b780,True,3
106937,4021,290926_ML.npy,2026-09-30,2026-09-30 03:56:31.450242,7C67D0,C172,CESSNA AIRCRAFT COMPANY,172S,147c15273ac186f8b7a037146dbc618917237d832ce5c8c5eef794f314aa62d6,True,3
106949,4033,290926_ML.npy,2026-09-30,2026-09-30 03:56:44.875200,7C67D0,C172,CESSNA AIRCRAFT COMPANY,172S,f0f9ea4b9db1611ff83d6294fe28a93228906c9b628cb50de3efcb2ace63dc07,True,2
106955,4039,290926_ML.npy,2026-09-30,2026-09-30 03:56:47.547704,7C67D0,C172,CESSNA AIRCRAFT COMPANY,172S,163d01eb5bd55af48615f7925d461ace35dd0f1676388b7f742ba4032ad3aa8c,True,5
106959,4043,290926_ML.npy,2026-09-30,2026-09-30 03:56:57.379307,7C67D0,C172,CESSNA AIRCRAFT COMPANY,172S,f0ed7789194e863dbae23fd249edb387e2bd4c010a1709b2c8104c193d23f5a3,True,5
106964,4048,290926_ML.npy,2026-09-30,2026-09-30 03:57:03.999387,7C67D0,C172,CESSNA AIRCRAFT COMPANY,172S,c36e3f070194978b7cbc90547293d6f4060b64e2d33c5c1c53b9de0562c1ed15,True,5
106976,4060,290926_ML.npy,2026-09-30,2026-09-30 03:57:13.654361,7C67D0,C172,CESSNA AIRCRAFT COMPANY,172S,472476f9a659c4c75e522510f53c093b9864c0600bdfcd941d68633267225ceb,True,3
106977,4061,290926_ML.npy,2026-09-30,2026-09-30 03:57:14.568426,7C67D0,C172,CESSNA AIRCRAFT COMPANY,172S,ced18ca54047517cdca6b2e07ba1afd617b8ba8e9f9bb7265dea7ed54b73059b,True,4
106980,4064,290926_ML.npy,2026-09-30,2026-09-30 03:57:21.878129,7C67D0,C172,CESSNA AIRCRAFT COMPANY,172S,7cdb6c4eae4cba9338dc8537e0c6f8263d821d0c7081474ca85f27ea2e93d250,True,5
106981,4065,290926_ML.npy,2026-09-30,2026-09-30 04:01:43.707806,7C6C18,C172,CESSNA AIRCRAFT COMPANY,172S,63c40b5151dcfcea0a42057a8d5c5f6b005d1e0c12c5f8d25f9a6b053c3fde9f,True,5
106992,4076,290926_ML.npy,2026-09-30,2026-09-30 04:02:07.231493,7C6C18,C172,CESSNA AIRCRAFT COMPANY,172S,c49a5d08bc94d1f61fd32b22bf4aaddc78f7477f3335d29c2c796371fb0b494d,True,2
106995,4079,290926_ML.npy,2026-09-30,2026-09-30 04:02:14.600924,7C6C18,C172,CESSNA AIRCRAFT COMPANY,172S,a19ebc84ad176a38c526203f4d0c4f3f7c00178d1307b86df61bc4d7c6985836,True,1
107002,4086,290926_ML.npy,2026-09-30,2026-09-30 04:02:25.897020,7C6C18,C172,CESSNA AIRCRAFT COMPANY,172S,8fca49c313d2283f44b09c78b2ab906b1a4b3b3cbf86bb4070c101d26ad6140f,True,3
107009,4093,290926_ML.npy,2026-09-30,2026-09-30 04:02:30.101728,7C6C18,C172,CESSNA AIRCRAFT COMPANY,172S,3ba881f270de5dff3c25f707f72d48e589bc0022e44a1c450d65a73b3699decd,True,4
107016,4100,290926_ML.npy,2026-09-30,2026-09-30 04:02:35.571192,7C6C18,C172,CESSNA AIRCRAFT COMPANY,172S,613379fe03cf6f50793de2455e3f1307785771e7b911395f8047001584c11d0a,True,2
107019,4103,290926_ML.npy,2026-09-30,2026-09-30 04:02:37.582803,7C6C18,C172,CESSNA AIRCRAFT COMPANY,172S,58bfbc49e5d7ab39fbfafbcc2bb26b2f5fb1f48b7449d52190053f1f6980e533,True,2
107022,4106,290926_ML.npy,2026-09-30,2026-09-30 04:02:40.507396,7C6C18,C172,CESSNA AIRCRAFT COMPANY,172S,3dcccdf6f171dbf5857e88d48e74ccccd29c0516ad5b5313eb356227d930bacc,True,5
107024,4108,290926_ML.npy,2026-09-30,2026-09-30 04:02:41.015161,7C6C18,C172,CESSNA AIRCRAFT COMPANY,172S,9624da0ac04fd539b9aed8e296cb17cb8f7f86620fcf5a1f672606b91ced3498,True,4
107030,4114,290926_ML.npy,2026-09-30,2026-09-30 04:02:43.143044,7C6C18,C172,CESSNA AIRCRAFT COMPANY,172S,63415a972b81ab8b91e2028b4656d06f184428e2330612e98b8f7af47495ddfb,True,1
107031,4115,290926_ML.npy,2026-09-30,2026-09-30 04:02:43.147007,7C6C18,C172,CESSNA AIRCRAFT COMPANY,172S,4d7252b08a81bda58ee2aacfb63bac1f644397bf308156eebd751b5c0edf742d,True,2
107033,4117,290926_ML.npy,2026-09-30,2026-09-30 04:02:47.137367,7C6C18,C172,CESSNA AIRCRAFT COMPANY,172S,8dc3f00b5bd232ee5cd2838bf6336fb101741d524b19e38df075c6a1c146eca8,True,2
107040,4124,290926_ML.npy,2026-09-30,2026-09-30 04:02:52.087782,7C6C18,C172,CESSNA AIRCRAFT COMPANY,172S,a19ebc84ad176a38c526203f4d0c4f3f7c00178d1307b86df61bc4d7c6985836,True,4
107041,4125,290926_ML.npy,2026-09-30,2026-09-30 04:02:52.570334,7C6C18,C172,CESSNA AIRCRAFT COMPANY,172S,429ed2ae5ed27ec7a6968167b000918c475b56a0d1274b44ce9c6570b29d5820,True,3
107118,4202,290926_ML.npy,2026-09-30,2026-09-30 04:17:04.706568,7C7C31,DA40,DIAMOND AIRCRAFT INDUSTRIES INC.,DA 40,cbf6ab6bf65363bc30e8f5e3a42edc831e275dbe52d3a57d2b72eb9877b81621,True,2
107134,4218,290926_ML.npy,2026-09-30,2026-09-30 04:17:45.486044,7C7B55,DA40,DIAMOND AIRCRAFT INDUSTRIES INC.,DA 40,55a35768b61899cb53a42017fb88cd952a7f781716ae29ab6db080772de993cb,True,1
107137,4221,290926_ML.npy,2026-09-30,2026-09-30 04:17:50.857048,7C7B55,DA40,DIAMOND AIRCRAFT INDUSTRIES INC.,DA 40,38e78bea753bd003c560952341afaa54d0772aee01d8230a518a96fcc3556ced,True,3
107138,4222,290926_ML.npy,2026-09-30,2026-09-30 04:17:53.581415,7C7B55,DA40,DIAMOND AIRCRAFT INDUSTRIES INC.,DA 40,acd180b819b4ac56af4ce6f75b8807a83610201cf6406b512501d785eb77b311,True,5
107146,4230,290926_ML.npy,2026-09-30,2026-09-30 04:18:07.265193,7C7B55,DA40,DIAMOND AIRCRAFT INDUSTRIES INC.,DA 40,460c0a52a87195f20f0c7be42b45ef442960b19c1a6cf9229ab44180b1b005d0,True,4
107162,4246,290926_ML.npy,2026-09-30,2026-09-30 04:18:24.325504,7C7B55,DA40,DIAMOND AIRCRAFT INDUSTRIES INC.,DA 40,7dc22c2d5a260969ecf6a6f93c487241911eb5295dd69fd0b55c34578f138287,True,1
107207,4291,290926_ML.npy,2026-09-30,2026-09-30 04:20:33.431855,7C1697,DA40,DIAMOND AIRCRAFT INDUSTRIES INC.,DA 40,a5ccd2c70eb06f2efe21c5069579469366efb9af6928b63ff4a7c70100e2fd0c,True,5
107227,4311,290926_ML.npy,2026-09-30,2026-09-30 04:21:09.140435,7C1697,DA40,DIAMOND AIRCRAFT INDUSTRIES INC.,DA 40,a5ccd2c70eb06f2efe21c5069579469366efb9af6928b63ff4a7c70100e2fd0c,True,2
107241,4325,290926_ML.npy,2026-09-30,2026-09-30 04:24:09.012059,7C0077,DA40,DIAMOND AIRCRAFT INDUSTRIES INC.,DA 40,633d7cdc5ceae1f8a3d3e4bc124eaab64938eaf0c009f96cf7d1df9fb387912d,True,3
107245,4329,290926_ML.npy,2026-09-30,2026-09-30 04:24:34.806778,7C0077,DA40,DIAMOND AIRCRAFT INDUSTRIES INC.,DA 40,01014505b7e2fb1b623d2abdac771cb387f2c5c1958d53c362eb1aa4f8abf5fc,True,1
107255,4339,290926_ML.npy,2026-09-30,2026-09-30 04:34:32.939731,7C0074,C172,CESSNA AIRCRAFT COMPANY,172S,b3fbdd742352cca5b6d2c51f6d473da6526127060a2cac3469adc2b699e4c782,True,2
107256,4340,290926_ML.npy,2026-09-30,2026-09-30 04:34:34.922394,7C0074,C172,CESSNA AIRCRAFT COMPANY,172S,b2cb565f89bb8dd029fe4f1eb532f6217f608913b94a328a4fc358eecf0791b6,True,1
107260,4344,290926_ML.npy,2026-09-30,2026-09-30 04:34:40.717276,7C0074,C172,CESSNA AIRCRAFT COMPANY,172S,3ce914820b1df12b4b73f09558683581f5df03d40911bf40dd5b482454aa4e28,True,3
107261,4345,290926_ML.npy,2026-09-30,2026-09-30 04:34:43.111935,7C0074,C172,CESSNA AIRCRAFT COMPANY,172S,8be8145520a485275c7b22e7e26ab4906c8321b85e846bfc234b7bad240bd249,True,2
107262,4346,290926_ML.npy,2026-09-30,2026-09-30 04:34:43.628762,7C0074,C172,CESSNA AIRCRAFT COMPANY,172S,03d681e296814e89c7ffbe547ec16b6e06b39fe9c04903cb0d128e3ff5a75c0b,True,4
107263,4347,290926_ML.npy,2026-09-30,2026-09-30 04:34:46.823575,7C0074,C172,CESSNA AIRCRAFT COMPANY,172S,3ce829d796f623bc10b62eec37b1757bce3174127e4aaa92e7bccd065065c308,True,1
107264,4348,290926_ML.npy,2026-09-30,2026-09-30 04:34:49.733967,7C0074,C172,CESSNA AIRCRAFT COMPANY,172S,38f8169ace2713e02f640bd46f54f7155314b18be7c032261914a4bf9615c509,True,3
107267,4351,290926_ML.npy,2026-09-30,2026-09-30 04:34:51.387927,7C0074,C172,CESSNA AIRCRAFT COMPANY,172S,b3fbdd742352cca5b6d2c51f6d473da6526127060a2cac3469adc2b699e4c782,True,5
107283,4367,290926_ML.npy,2026-09-30,2026-09-30 04:35:18.093353,7C0074,C172,CESSNA AIRCRAFT COMPANY,172S,ccf2dd27d247f61639775d3d61bfcd4bf7e6723213e3530ac3904b2d712c9719,True,5
107287,4371,290926_ML.npy,2026-09-30,2026-09-30 04:35:20.152800,7C0074,C172,CESSNA AIRCRAFT COMPANY,172S,b3fbdd742352cca5b6d2c51f6d473da6526127060a2cac3469adc2b699e4c782,True,1
107296,4380,290926_ML.npy,2026-09-30,2026-09-30 04:36:13.982939,7C1687,DA40,DIAMOND AIRCRAFT INDUSTRIES INC.,DA 40,d80765e0b0b6de456909fe7e8774357dd09f45a462952d9ca996d5c9d811c2ed,True,4
107298,4382,290926_ML.npy,2026-09-30,2026-09-30 04:36:16.522668,7C1687,DA40,DIAMOND AIRCRAFT INDUSTRIES INC.,DA 40,dc6a20709f65e8b81ba7309e32e690895c803beaaee4a3e8da9583cc0697a65e,True,2
107302,4386,290926_ML.npy,2026-09-30,2026-09-30 04:36:20.432283,7C1687,DA40,DIAMOND AIRCRAFT INDUSTRIES INC.,DA 40,332177cbf99e4556b00e7eb4880ac2ee53872162d2c2796221933adbbe4c6238,True,3
107306,4390,290926_ML.npy,2026-09-30,2026-09-30 04:36:32.387005,7C1687,DA40,DIAMOND AIRCRAFT INDUSTRIES INC.,DA 40,cdcb2981af6411155f48d9d4084eb9694cc0be2e84d44d823fa4c6af5eecdb80,True,5
107314,4398,290926_ML.npy,2026-09-30,2026-09-30 04:41:04.261744,7C444D,P28A,PIPER AIRCRAFT CORP,PA-28-181,b30040845180c8547abf0301b79bd9252c6e04d94382a5346e31815357f9b90b,True,3
107315,4399,290926_ML.npy,2026-09-30,2026-09-30 04:41:38.480034,7C444D,P28A,PIPER AIRCRAFT CORP,PA-28-181,0a712d93c3b436632b6313eca8379ae14858b33e3b9968582f2fdcbbff01ea49,True,4
107322,4406,290926_ML.npy,2026-09-30,2026-09-30 04:47:44.321721,7C7B61,DA40,DIAMOND AIRCRAFT INDUSTRIES INC.,DA 40,7b22d79b731e9c2da13c4bf1adc1070bb096914a0c2cebe6f0719e3f0232340a,True,4
107341,4425,290926_ML.npy,2026-09-30,2026-09-30 05:01:03.885216,7C7AF7,DA40,DIAMOND AIRCRAFT INDUSTRIES INC.,DA 40,c49e6d0784d110085971b9ffec878424ce24eb749ed6068dc672f480207fdc91,True,3
107343,4427,290926_ML.npy,2026-09-30,2026-09-30 05:01:10.798627,7C7AF7,DA40,DIAMOND AIRCRAFT INDUSTRIES INC.,DA 40,dc6f7095613cf28d469f5443ecf30490e1ce239f906e32433c8b55c2830b7fae,True,2
107354,4438,290926_ML.npy,2026-09-30,2026-09-30 05:01:37.350140,7C7AF7,DA40,DIAMOND AIRCRAFT INDUSTRIES INC.,DA 40,dc6f7095613cf28d469f5443ecf30490e1ce239f906e32433c8b55c2830b7fae,True,1
107364,4448,290926_ML.npy,2026-09-30,2026-09-30 05:01:43.889769,7C7AF8,DA40,DIAMOND AIRCRAFT INDUSTRIES INC.,DA 40,19f1ce4ddadeded06e432b1589aee1ab1e03e7756b99736a7d7a366e6e7c1de6,True,2
107370,4454,290926_ML.npy,2026-09-30,2026-09-30 05:01:47.107325,7C7AF7,DA40,DIAMOND AIRCRAFT INDUSTRIES INC.,DA 40,dc6f7095613cf28d469f5443ecf30490e1ce239f906e32433c8b55c2830b7fae,True,3
107371,4455,290926_ML.npy,2026-09-30,2026-09-30 05:01:48.539041,7C7AF7,DA40,DIAMOND AIRCRAFT INDUSTRIES INC.,DA 40,c9ccb25d729c3962e47c33e7f642ddb47ada6ddb72fda7ccea8d2ea710562449,True,1
107378,4462,290926_ML.npy,2026-09-30,2026-09-30 05:01:53.382448,7C7AF7,DA40,DIAMOND AIRCRAFT INDUSTRIES INC.,DA 40,bd2dcbf9bcf87b47bd570729f00d7cd9ae04543db23f70e399dd32dbef4224d0,True,4
107399,4483,290926_ML.npy,2026-09-30,2026-09-30 05:12:22.927811,7C7144,C172,CESSNA AIRCRAFT COMPANY,172N,20705c3cf280e5f8574c50e896bb4dc220d0d271304bd878266eeaf3dd1d2cd8,True,4
107401,4485,290926_ML.npy,2026-09-30,2026-09-30 05:20:06.081794,7C6C18,C172,CESSNA AIRCRAFT COMPANY,172S,ad830615bd16afd68dfd14fe79c9539bebd2e66adc6feacf84d771ccaeccfe6b,True,5
107406,4490,290926_ML.npy,2026-09-30,2026-09-30 05:20:11.134424,7C6C18,C172,CESSNA AIRCRAFT COMPANY,172S,b9fc9ca7f9b5f81ac2b454df5de32b4129d56c664d5d17fbd910152142fd4f1f,True,5
107419,4503,290926_ML.npy,2026-09-30,2026-09-30 05:20:31.213611,7C6C18,C172,CESSNA AIRCRAFT COMPANY,172S,ad830615bd16afd68dfd14fe79c9539bebd2e66adc6feacf84d771ccaeccfe6b,True,3
107421,4505,290926_ML.npy,2026-09-30,2026-09-30 05:20:32.126455,7C6C18,C172,CESSNA AIRCRAFT COMPANY,172S,68cffbb287d8596c529da0d0ab431d9152f185bbd281094546ebab4fecc6d89d,True,3
107426,4510,290926_ML.npy,2026-09-30,2026-09-30 05:20:39.824079,7C6C18,C172,CESSNA AIRCRAFT COMPANY,172S,ad830615bd16afd68dfd14fe79c9539bebd2e66adc6feacf84d771ccaeccfe6b,True,3
107431,4515,290926_ML.npy,2026-09-30,2026-09-30 05:20:44.228855,7C6C18,C172,CESSNA AIRCRAFT COMPANY,172S,5ec6652d8d339da12f447abdfb50479315e295ddce24ab59a23e2ad83fb06027,True,5
107434,4518,290926_ML.npy,2026-09-30,2026-09-30 05:20:49.116127,7C6C18,C172,CESSNA AIRCRAFT COMPANY,172S,9e9d1610a74443c33d303e14c4809567a0df6e0971da4caaa64b7db0eac2de32,True,2
107441,4525,290926_ML.npy,2026-09-30,2026-09-30 05:20:56.624619,7C6C18,C172,CESSNA AIRCRAFT COMPANY,172S,7c872b458c624d606de5ed41726bb405076be3e3198a0127c970021ac7a1e276,True,5
107442,4526,290926_ML.npy,2026-09-30,2026-09-30 05:20:56.629354,7C6C18,C172,CESSNA AIRCRAFT COMPANY,172S,ce80f1fddcd220e0985d327315ef0ea702932608b0cfba2f5ecd51fbea8e7b0a,True,2
107445,4529,290926_ML.npy,2026-09-30,2026-09-30 05:21:00.498522,7C6C18,C172,CESSNA AIRCRAFT COMPANY,172S,b5bde55be541dfeac038ec075d5390443d9e5c50a563d59adf4c1077049c0495,True,2
107447,4531,290926_ML.npy,2026-09-30,2026-09-30 05:21:01.000823,7C6C18,C172,CESSNA AIRCRAFT COMPANY,172S,b5bde55be541dfeac038ec075d5390443d9e5c50a563d59adf4c1077049c0495,True,3
107454,4538,290926_ML.npy,2026-09-30,2026-09-30 05:21:06.987042,7C6C18,C172,CESSNA AIRCRAFT COMPANY,172S,5df41521ba2636248ceb1df0a7be0d8abdf2aaf47b1afd2740c93cddd949b1e3,True,2
107457,4541,290926_ML.npy,2026-09-30,2026-09-30 05:21:07.921390,7C6C18,C172,CESSNA AIRCRAFT COMPANY,172S,62284ba5b0d516e69f179881909d00c53f5f5bb15f8c36de24eb1dc00123ed73,True,4
107467,4551,290926_ML.npy,2026-09-30,2026-09-30 05:21:12.407957,7C6C18,C172,CESSNA AIRCRAFT COMPANY,172S,76f254aafdd1ad8853d3af30bd3f4ebd384d5b71e9454d9ca17f2e61c0e5a92b,True,4
107477,4561,290926_ML.npy,2026-09-30,2026-09-30 05:21:27.237881,7C6C18,C172,CESSNA AIRCRAFT COMPANY,172S,f6ce3c9779ba9145c2c658d4df37da024a9cb1e4c5518e4bd866a497d556fc7d,True,1
107509,4593,290926_ML.npy,2026-09-30,2026-09-30 05:23:36.088574,7C6C18,C172,CESSNA AIRCRAFT COMPANY,172S,570a2fa278c5602f2fd7fe82b4ab76682cff5a03d1b8c8c1dd518a0979d03548,True,3
107514,4598,290926_ML.npy,2026-09-30,2026-09-30 05:23:40.275188,7C6C18,C172,CESSNA AIRCRAFT COMPANY,172S,f1b2ea5a6bc77d5ce67a7cbcaf08b924ecfe34cf4e432975518d71e7e90ed06a,True,4
107533,4617,290926_ML.npy,2026-09-30,2026-09-30 05:24:04.033139,7C6C18,C172,CESSNA AIRCRAFT COMPANY,172S,429ed2ae5ed27ec7a6968167b000918c475b56a0d1274b44ce9c6570b29d5820,True,4
107540,4624,290926_ML.npy,2026-09-30,2026-09-30 05:24:06.695137,7C6C18,C172,CESSNA AIRCRAFT COMPANY,172S,4fd50686bc7ce90933a47983fef22800f0ec04444bab390574c1349b98b5851f,True,4
107542,4626,290926_ML.npy,2026-09-30,2026-09-30 05:24:07.708270,7C6C18,C172,CESSNA AIRCRAFT COMPANY,172S,86b9902f6fa2227bbf5751e8d5f86e89e187e420aae5eb3c930453a7546d2da0,True,5
107546,4630,290926_ML.npy,2026-09-30,2026-09-30 05:24:10.528798,7C6C18,C172,CESSNA AIRCRAFT COMPANY,172S,3aa37f9130d9744090cba43c1285855e546c687c9141c5790af2a1a19cb67232,True,4
107548,4632,290926_ML.npy,2026-09-30,2026-09-30 05:24:14.595157,7C6C18,C172,CESSNA AIRCRAFT COMPANY,172S,f23f34945f6c81b2c4815a2326f75d606ed94a46b38b509ffed0eeee881567c9,True,2
107560,4644,290926_ML.npy,2026-09-30,2026-09-30 05:24:28.485596,7C6C18,C172,CESSNA AIRCRAFT COMPANY,172S,f04cadc69da6c0c57fc8e23e9ccfb7147351266a5fd1b964ebc666bae426ac91,True,5
107567,4651,290926_ML.npy,2026-09-30,2026-09-30 05:24:37.039893,7C6C18,C172,CESSNA AIRCRAFT COMPANY,172S,7ba4a895268b0eaaf69f8ebac3338da70ecbba58a2410b7a2a5bfec245786865,True,2
107587,4671,290926_ML.npy,2026-09-30,2026-09-30 05:25:08.707682,7C7B5E,DA40,DIAMOND AIRCRAFT INDUSTRIES INC.,DA 40,556ebfc3a04653933c26feae5d723e48ce10e0d87856f5a35a71ff3bf4e97007,True,4
107590,4674,290926_ML.npy,2026-09-30,2026-09-30 05:25:15.585608,7C7B5E,DA40,DIAMOND AIRCRAFT INDUSTRIES INC.,DA 40,75c501c963f87cbdde9c9e3b94091011f64d187ee0e20e57fb084fa327f3446c,True,5
107633,4717,290926_ML.npy,2026-09-30,2026-09-30 05:29:00.992266,7C6C18,C172,CESSNA AIRCRAFT COMPANY,172S,f23f34945f6c81b2c4815a2326f75d606ed94a46b38b509ffed0eeee881567c9,True,5
107634,4718,290926_ML.npy,2026-09-30,2026-09-30 05:29:03.080399,7C6C18,C172,CESSNA AIRCRAFT COMPANY,172S,cb7081fd8961b5de2ee3c3a14a3fe1d0ef466d4664689e77e13dcb3ca9ece906,True,4
107638,4722,290926_ML.npy,2026-09-30,2026-09-30 05:29:08.142934,7C6C18,C172,CESSNA AIRCRAFT COMPANY,172S,cb7081fd8961b5de2ee3c3a14a3fe1d0ef466d4664689e77e13dcb3ca9ece906,True,2
107644,4728,290926_ML.npy,2026-09-30,2026-09-30 05:29:15.635140,7C6C18,C172,CESSNA AIRCRAFT COMPANY,172S,cb7081fd8961b5de2ee3c3a14a3fe1d0ef466d4664689e77e13dcb3ca9ece906,True,1
107646,4730,290926_ML.npy,2026-09-30,2026-09-30 05:29:18.869825,7C6C18,C172,CESSNA AIRCRAFT COMPANY,172S,3c29446bffe8c7a40750443746e16f9f0817057dae839b19778537368dde0aee,True,3
107652,4736,290926_ML.npy,2026-09-30,2026-09-30 05:29:21.887378,7C6C18,C172,CESSNA AIRCRAFT COMPANY,172S,cb7081fd8961b5de2ee3c3a14a3fe1d0ef466d4664689e77e13dcb3ca9ece906,True,5
107654,4738,290926_ML.npy,2026-09-30,2026-09-30 05:29:25.636876,7C6C18,C172,CESSNA AIRCRAFT COMPANY,172S,cb7081fd8961b5de2ee3c3a14a3fe1d0ef466d4664689e77e13dcb3ca9ece906,True,1
107660,4744,290926_ML.npy,2026-09-30,2026-09-30 05:29:36.570772,7C6C18,C172,CESSNA AIRCRAFT COMPANY,172S,43d37f3c70c2c0874bea76c4af40e838566473e20e2c3904281918c399526312,True,2
107661,4745,290926_ML.npy,2026-09-30,2026-09-30 05:29:39.213847,7C6C18,C172,CESSNA AIRCRAFT COMPANY,172S,4a05561afbfe3b1e23056f578f40ffff9dafc53768b7cd6068c8498d83783b0f,True,5
107662,4746,290926_ML.npy,2026-09-30,2026-09-30 05:29:39.221504,7C6C18,C172,CESSNA AIRCRAFT COMPANY,172S,b988a8f08f9698f126c8d9a39f31d238f4f796add552861e9deab04ae2324472,True,2
107682,4766,290926_ML.npy,2026-09-30,2026-09-30 05:31:54.569270,7C4E44,DA40,DIAMOND AIRCRAFT INDUSTRIES INC.,DA 40,a5dcdcd76ae11183ef8602edc49556d4923ff7901ebed9dc7c6106d8b101e642,True,3
107692,4776,290926_ML.npy,2026-09-30,2026-09-30 05:32:09.881829,7C4E44,DA40,DIAMOND AIRCRAFT INDUSTRIES INC.,DA 40,b83826acc26bdd3dc47824fc89a6c145179dd0290d6c2b69c40387e8dc5838a0,True,1
107696,4780,290926_ML.npy,2026-09-30,2026-09-30 05:32:15.616755,7C1B2A,DA40,DIAMOND AIRCRAFT INDUSTRIES INC.,DA 40,b4c1a4751da53d53c06a795a6b9f2a9b8854e24cdef31f989e9381109fc40b03,True,3
107700,4784,290926_ML.npy,2026-09-30,2026-09-30 05:32:19.738543,7C4E44,DA40,DIAMOND AIRCRAFT INDUSTRIES INC.,DA 40,ed25041c3a52365bfba2514ad84a0eb44ec5020be8155a920ac3dea83f358cb5,True,1
107701,4785,290926_ML.npy,2026-09-30,2026-09-30 05:32:20.834247,7C4E44,DA40,DIAMOND AIRCRAFT INDUSTRIES INC.,DA 40,9ec45dffc83df6ec38f1f3a58767811f32cf6ab1b989bf14a070349845c767bf,True,2
107704,4788,290926_ML.npy,2026-09-30,2026-09-30 05:32:35.126438,7C1B2A,DA40,DIAMOND AIRCRAFT INDUSTRIES INC.,DA 40,f3a47133e2257a1ea44fba06fad73b884f104786734730114c67851b3ca6307e,True,1
107708,4792,290926_ML.npy,2026-09-30,2026-09-30 05:32:43.951563,7C1B2A,DA40,DIAMOND AIRCRAFT INDUSTRIES INC.,DA 40,7331f84c7f9586c6e4cd2f2620fb10d0031e2c5ed842af1de2a1e94a60dc630e,True,5
107712,4796,290926_ML.npy,2026-09-30,2026-09-30 05:32:45.846228,7C1B2A,DA40,DIAMOND AIRCRAFT INDUSTRIES INC.,DA 40,be67fb428c907513a16c7b0af21299ea2a681b22da65195f842b6ac2b7c83650,True,1
107715,4799,290926_ML.npy,2026-09-30,2026-09-30 05:32:57.601250,7C1B2A,DA40,DIAMOND AIRCRAFT INDUSTRIES INC.,DA 40,e56ea7ced3e6c30447b2eb5881a9bf6919ca01727b650850902ed00fb34979a5,True,5
107716,4800,290926_ML.npy,2026-09-30,2026-09-30 05:32:58.151224,7C1B2A,DA40,DIAMOND AIRCRAFT INDUSTRIES INC.,DA 40,320eeeeaacaa6f697bf76e5c57a2a47630c7fac851bf9d59f74e57fe91b5a5d4,True,1
107722,4806,290926_ML.npy,2026-09-30,2026-09-30 05:34:07.443495,7C6C18,C172,CESSNA AIRCRAFT COMPANY,172S,3b469ca925f75628a91173cc30babdf0f12c97ced65c4704f231c1144a0b6522,True,2
107733,4817,290926_ML.npy,2026-09-30,2026-09-30 05:34:32.630045,7C6C18,C172,CESSNA AIRCRAFT COMPANY,172S,f56b0e977eb10133169787f688484302d4990f39d819a22db538cb6ee67a9cb3,True,4
107736,4820,290926_ML.npy,2026-09-30,2026-09-30 05:34:36.796393,7C67D3,C172,CESSNA AIRCRAFT COMPANY,172S,879533933968382c2bf23e4aa57ff71eefb4311548622c8a9a20344238601787,True,1
107738,4822,290926_ML.npy,2026-09-30,2026-09-30 05:34:41.114323,7C67D3,C172,CESSNA AIRCRAFT COMPANY,172S,4d8e0f6aeb3fb3dd443a3a040ba37edce956653b96b9bcb4e8b0d18e9a91c6b2,True,3
107741,4825,290926_ML.npy,2026-09-30,2026-09-30 05:34:42.733361,7C6C18,C172,CESSNA AIRCRAFT COMPANY,172S,ec5e72ba9b4f56596dc165bbe6d5d1c0ce4ec70e6c77aaf860f97c32baa9cd62,True,5
107745,4829,290926_ML.npy,2026-09-30,2026-09-30 05:34:48.190749,7C6C18,C172,CESSNA AIRCRAFT COMPANY,172S,85a988ffcc4e6c486ff67fded465808249d76cdc07d0967d49734cdd297aa655,True,2
107746,4830,290926_ML.npy,2026-09-30,2026-09-30 05:34:48.196706,7C6C18,C172,CESSNA AIRCRAFT COMPANY,172S,e9bf0d4f83eb03640a7788f83cc5113d07f8afb00a538bba3f31fa8d6dcf86da,True,2
107748,4832,290926_ML.npy,2026-09-30,2026-09-30 05:34:53.076017,7C67D3,C172,CESSNA AIRCRAFT COMPANY,172S,879533933968382c2bf23e4aa57ff71eefb4311548622c8a9a20344238601787,True,5
107749,4833,290926_ML.npy,2026-09-30,2026-09-30 05:34:53.119613,7C6C18,C172,CESSNA AIRCRAFT COMPANY,172S,aaf0f0922a994a55f5be56f1f5c4e223834ee69d21230ce11634322c319822a9,True,1
107751,4835,290926_ML.npy,2026-09-30,2026-09-30 05:34:55.085635,7C67D3,C172,CESSNA AIRCRAFT COMPANY,172S,2620961431b14fd1294e82e559da605ebfbf78a4418a24f7a496ac5deef60827,True,1
107756,4840,290926_ML.npy,2026-09-30,2026-09-30 05:34:57.297757,7C67D3,C172,CESSNA AIRCRAFT COMPANY,172S,8b4bc8f04d63fba7c993d21642b455d1136fe8e058f022c9c7e633cb6be3e754,True,1
107761,4845,290926_ML.npy,2026-09-30,2026-09-30 05:35:01.371069,7C67D3,C172,CESSNA AIRCRAFT COMPANY,172S,4d8e0f6aeb3fb3dd443a3a040ba37edce956653b96b9bcb4e8b0d18e9a91c6b2,True,5
107763,4847,290926_ML.npy,2026-09-30,2026-09-30 05:35:02.966793,7C67D3,C172,CESSNA AIRCRAFT COMPANY,172S,879533933968382c2bf23e4aa57ff71eefb4311548622c8a9a20344238601787,True,5
107773,4857,290926_ML.npy,2026-09-30,2026-09-30 05:35:07.884961,7C6C18,C172,CESSNA AIRCRAFT COMPANY,172S,313ea79a62748b2defe52e756610169db1bf1551cd9b6763efbbfbfef0c60e66,True,5
107774,4858,290926_ML.npy,2026-09-30,2026-09-30 05:35:08.315776,7C6C18,C172,CESSNA AIRCRAFT COMPANY,172S,74daf850ab8704006bed7ee8c4b3e524dcd4fb5aa4731f2cac2bc8ac007c1bfc,True,2
107782,4866,290926_ML.npy,2026-09-30,2026-09-30 05:35:20.525232,7C67D3,C172,CESSNA AIRCRAFT COMPANY,172S,879533933968382c2bf23e4aa57ff71eefb4311548622c8a9a20344238601787,True,4
107785,4869,290926_ML.npy,2026-09-30,2026-09-30 05:35:31.461066,7C67D3,C172,CESSNA AIRCRAFT COMPANY,172S,cbebe3395dd4a774f1d902c612fa60b2de0485012e0d28b823befccc6ae2beba,True,1
107931,5015,290926_ML.npy,2026-09-30,2026-09-30 05:57:16.659762,7C7AEF,DA40,DIAMOND AIRCRAFT INDUSTRIES INC.,DA 40,c6a8e1b82deebf6ea0cef4c177a12476687530aa249a0cd83bfc10ac1fc30069,True,4
107948,5032,290926_ML.npy,2026-09-30,2026-09-30 06:00:48.983275,7C6693,DA40,DIAMOND AIRCRAFT INDUSTRIES INC.,DA 40,a9f683ea3602f3409dde91b3c1ced717e007fe8867c4c820dc3332417df754a3,True,5
107977,5061,290926_ML.npy,2026-09-30,2026-09-30 06:02:24.592184,7C7AEF,DA40,DIAMOND AIRCRAFT INDUSTRIES INC.,DA 40,a2d451d4b5b3103a15de2321bafbfc81f2d2458658b9fd829d9ce380e16fe78d,True,2
107982,5066,290926_ML.npy,2026-09-30,2026-09-30 06:02:31.489716,7C7AEF,DA40,DIAMOND AIRCRAFT INDUSTRIES INC.,DA 40,7fc71bef926da92c206818575bbd89d889240a68ed41d6e8fddb494d971aba65,True,3
107983,5067,290926_ML.npy,2026-09-30,2026-09-30 06:02:31.949541,7C7AEF,DA40,DIAMOND AIRCRAFT INDUSTRIES INC.,DA 40,96fcef7ce5e95bc659da33cccc40ca4155328d4a054dbaba6b01bfd47ab49365,True,5
107985,5069,290926_ML.npy,2026-09-30,2026-09-30 06:02:39.582919,7C7AEF,DA40,DIAMOND AIRCRAFT INDUSTRIES INC.,DA 40,d7685f1afb59ed8589e9d3a6e453b8d2e207c82282810f8958c5160d243e25d6,True,2
107999,5083,290926_ML.npy,2026-09-30,2026-09-30 06:03:41.593593,7C7144,C172,CESSNA AIRCRAFT COMPANY,172N,6684cc73cfd7807d42c99e8da9e6fa805dad59a3bbe986d5cdda937228478297,True,4
108000,5084,290926_ML.npy,2026-09-30,2026-09-30 06:03:41.882171,7C7144,C172,CESSNA AIRCRAFT COMPANY,172N,05d4e9956f3a4c7c280986d95d658cd6935c1a59a7060e05088c6c4463bb3f15,True,2
108014,5098,290926_ML.npy,2026-09-30,2026-09-30 06:04:01.547275,7C7144,C172,CESSNA AIRCRAFT COMPANY,172N,6684cc73cfd7807d42c99e8da9e6fa805dad59a3bbe986d5cdda937228478297,True,1
108017,5101,290926_ML.npy,2026-09-30,2026-09-30 06:04:04.122416,7C7144,C172,CESSNA AIRCRAFT COMPANY,172N,634edea74b19412f99b4d1d98d02988c69922672d286a58c702701d9ad2a8b7a,True,3
108025,5109,290926_ML.npy,2026-09-30,2026-09-30 06:04:17.863548,7C7144,C172,CESSNA AIRCRAFT COMPANY,172N,377e3a7ca03555ed9dfd32b5c0f1b7e7b2d72ef668ccbc133935c0e3b9cf5bd4,True,3
108030,5114,290926_ML.npy,2026-09-30,2026-09-30 06:04:23.356959,7C7144,C172,CESSNA AIRCRAFT COMPANY,172N,20705c3cf280e5f8574c50e896bb4dc220d0d271304bd878266eeaf3dd1d2cd8,True,2
108033,5117,290926_ML.npy,2026-09-30,2026-09-30 06:04:32.482926,7C7144,C172,CESSNA AIRCRAFT COMPANY,172N,1818ceda594298c25627d319518d1ba416385c849b271afcd33c1ae23995e313,True,3
108034,5118,290926_ML.npy,2026-09-30,2026-09-30 06:04:33.566508,7C7144,C172,CESSNA AIRCRAFT COMPANY,172N,559567cb5a6c69595819857acca488a2cf881674bb0eaae8c23036e11878cf84,True,5
108035,5119,290926_ML.npy,2026-09-30,2026-09-30 06:04:33.797695,7C7144,C172,CESSNA AIRCRAFT COMPANY,172N,6684cc73cfd7807d42c99e8da9e6fa805dad59a3bbe986d5cdda937228478297,True,1
108038,5122,290926_ML.npy,2026-09-30,2026-09-30 06:04:37.979072,7C7144,C172,CESSNA AIRCRAFT COMPANY,172N,95f1340d48eb1fdd2711149923a57aa28d9129bd730e794142fc495100054a41,True,4
108056,5140,290926_ML.npy,2026-09-30,2026-09-30 06:05:53.575670,7C444D,P28A,PIPER AIRCRAFT CORP,PA-28-181,bf4ef555d2d654a30792cf69ffe896a31171cc39645d851560d4944f433825ac,True,4
108067,5151,290926_ML.npy,2026-09-30,2026-09-30 06:06:14.142847,7C444D,P28A,PIPER AIRCRAFT CORP,PA-28-181,095418a6bca1c9423cf783cee74edee570c96990540f1e837afe8749b3517ad0,True,5
108068,5152,290926_ML.npy,2026-09-30,2026-09-30 06:06:15.092641,7C444D,P28A,PIPER AIRCRAFT CORP,PA-28-181,d8ca3e90afb3bc1d4dca52ed572384b0662a75fc6da6c43081f935eb45116e9f,True,1
108069,5153,290926_ML.npy,2026-09-30,2026-09-30 06:06:23.082500,7C444D,P28A,PIPER AIRCRAFT CORP,PA-28-181,54e44f4c1391365fa517fc70f7c343a1df43032a270607f42634737a09d206cc,True,4
108070,5154,290926_ML.npy,2026-09-30,2026-09-30 06:06:24.711980,7C444D,P28A,PIPER AIRCRAFT CORP,PA-28-181,bfe9eb4557415f8f5a667d9f0c9fcdf24d573b61abb9d5ce1a22721ac90a7e29,True,5
108071,5155,290926_ML.npy,2026-09-30,2026-09-30 06:06:26.486429,7C444D,P28A,PIPER AIRCRAFT CORP,PA-28-181,d8ca3e90afb3bc1d4dca52ed572384b0662a75fc6da6c43081f935eb45116e9f,True,2
108072,5156,290926_ML.npy,2026-09-30,2026-09-30 06:06:26.718229,7C444D,P28A,PIPER AIRCRAFT CORP,PA-28-181,faf1b5ae74976e79e0261800686eea76d8c7030b7b38dce7729d170283a1e4a6,True,5
108073,5157,290926_ML.npy,2026-09-30,2026-09-30 06:06:28.259468,7C444D,P28A,PIPER AIRCRAFT CORP,PA-28-181,e57dd91c53ce5075e982db6ec7e6cbf02761a453d33925bd133185beae36aa91,True,3
108074,5158,290926_ML.npy,2026-09-30,2026-09-30 06:06:28.671634,7C444D,P28A,PIPER AIRCRAFT CORP,PA-28-181,52beaab381a82a59bae46b929434fba8a02228b0741eb801c44423e0c51c7335,True,4
108075,5159,290926_ML.npy,2026-09-30,2026-09-30 06:06:28.869595,7C444D,P28A,PIPER AIRCRAFT CORP,PA-28-181,d8ca3e90afb3bc1d4dca52ed572384b0662a75fc6da6c43081f935eb45116e9f,True,1
108076,5160,290926_ML.npy,2026-09-30,2026-09-30 06:06:29.141397,7C444D,P28A,PIPER AIRCRAFT CORP,PA-28-181,e4f8c05a5c1e2afa94c6815ed649ec964920d051905bc02ab937114275f9e8cd,True,1
108077,5161,290926_ML.npy,2026-09-30,2026-09-30 06:06:31.588519,7C444D,P28A,PIPER AIRCRAFT CORP,PA-28-181,36acf3387d9f85ec6ac5546d8c699f12b95436a38b842cf65653f2e28d408737,True,5
108078,5162,290926_ML.npy,2026-09-30,2026-09-30 06:06:32.152288,7C444D,P28A,PIPER AIRCRAFT CORP,PA-28-181,55a9fabe18ef1d5cd317d524ce85dfdebbfe1fca601aa9799684c9a8a79d89f4,True,4
108079,5163,290926_ML.npy,2026-09-30,2026-09-30 06:06:32.726517,7C444D,P28A,PIPER AIRCRAFT CORP,PA-28-181,cdfcaadaae8bc459f10a59a30afc0509155a88c319a6b5c6aa697a3a6a8e3679,True,1
108080,5164,290926_ML.npy,2026-09-30,2026-09-30 06:06:33.690347,7C444D,P28A,PIPER AIRCRAFT CORP,PA-28-181,d8ca3e90afb3bc1d4dca52ed572384b0662a75fc6da6c43081f935eb45116e9f,True,5
108081,5165,290926_ML.npy,2026-09-30,2026-09-30 06:06:35.182205,7C444D,P28A,PIPER AIRCRAFT CORP,PA-28-181,0a4c5b717803feb047d7a1a537e45b773cd8dea832be3bcd835d29f4b756bd23,True,5
108082,5166,290926_ML.npy,2026-09-30,2026-09-30 06:06:35.344128,7C444D,P28A,PIPER AIRCRAFT CORP,PA-28-181,d8ca3e90afb3bc1d4dca52ed572384b0662a75fc6da6c43081f935eb45116e9f,True,4
108083,5167,290926_ML.npy,2026-09-30,2026-09-30 06:06:38.689314,7C444D,P28A,PIPER AIRCRAFT CORP,PA-28-181,bdbea92283397c39fbb177d0e95a1912f7416a11383c2ccf93c282201996d94c,True,2
108084,5168,290926_ML.npy,2026-09-30,2026-09-30 06:06:44.180117,7C444D,P28A,PIPER AIRCRAFT CORP,PA-28-181,d8ca3e90afb3bc1d4dca52ed572384b0662a75fc6da6c43081f935eb45116e9f,True,1
108085,5169,290926_ML.npy,2026-09-30,2026-09-30 06:06:44.478020,7C444D,P28A,PIPER AIRCRAFT CORP,PA-28-181,288df70ce485d362d7079f474abb3630ef34d7bce79296674cb222c5ae50b31c,True,4
108086,5170,290926_ML.npy,2026-09-30,2026-09-30 06:06:45.937751,7C444D,P28A,PIPER AIRCRAFT CORP,PA-28-181,d8ca3e90afb3bc1d4dca52ed572384b0662a75fc6da6c43081f935eb45116e9f,True,1
108087,5171,290926_ML.npy,2026-09-30,2026-09-30 06:06:46.369764,7C444D,P28A,PIPER AIRCRAFT CORP,PA-28-181,3b6085cb008226dac38ca5337cc2a2043d9624ce9389f054b97a899d9df86a84,True,5
108088,5172,290926_ML.npy,2026-09-30,2026-09-30 06:06:50.448274,7C444D,P28A,PIPER AIRCRAFT CORP,PA-28-181,0a712d93c3b436632b6313eca8379ae14858b33e3b9968582f2fdcbbff01ea49,True,3
108089,5173,290926_ML.npy,2026-09-30,2026-09-30 06:06:51.152727,7C444D,P28A,PIPER AIRCRAFT CORP,PA-28-181,72f1bf0a4d6e5adff3492a091eb49d0e392198507c5d4a02c4354d39cf93f138,True,5
108090,5174,290926_ML.npy,2026-09-30,2026-09-30 06:06:51.630530,7C444D,P28A,PIPER AIRCRAFT CORP,PA-28-181,d8ca3e90afb3bc1d4dca52ed572384b0662a75fc6da6c43081f935eb45116e9f,True,2
108091,5175,290926_ML.npy,2026-09-30,2026-09-30 06:06:53.144104,7C444D,P28A,PIPER AIRCRAFT CORP,PA-28-181,d8ca3e90afb3bc1d4dca52ed572384b0662a75fc6da6c43081f935eb45116e9f,True,4
108092,5176,290926_ML.npy,2026-09-30,2026-09-30 06:06:54.148100,7C444D,P28A,PIPER AIRCRAFT CORP,PA-28-181,c94f0cf9469bd2d8b96154802e5dae816b27701ee41600bd9d91c3b224efe9d5,True,5
108093,5177,290926_ML.npy,2026-09-30,2026-09-30 06:06:55.159426,7C444D,P28A,PIPER AIRCRAFT CORP,PA-28-181,d958d7bc3772f783da739606679a75396b975d11bc0204e239825a1251ed4dc3,True,2
108094,5178,290926_ML.npy,2026-09-30,2026-09-30 06:06:56.633307,7C444D,P28A,PIPER AIRCRAFT CORP,PA-28-181,f793cbb5dd4dcde13c8b7af774247d31cea505a780ee9d51eb223f14b8e649cb,True,4
108095,5179,290926_ML.npy,2026-09-30,2026-09-30 06:06:57.077113,7C444D,P28A,PIPER AIRCRAFT CORP,PA-28-181,5c7a71a94b8044bda0361b885e4b982b98fcc82307f57d4f7ef1e869a2868b0c,True,2
108157,5241,290926_ML.npy,2026-09-30,2026-09-30 06:15:09.408719,7C7C41,DA40,DIAMOND AIRCRAFT INDUSTRIES INC.,DA 40,c25f85a7df84e2b933bc6424a139cb2186a0b569b12185d500bed26f306cf859,True,3
108159,5243,290926_ML.npy,2026-09-30,2026-09-30 06:15:12.307347,7C7C41,DA40,DIAMOND AIRCRAFT INDUSTRIES INC.,DA 40,0c55185a86da12a518c064b2a3948a8cbf6cfc740c4a8af3b9b996dc4ae5864e,True,3
108161,5245,290926_ML.npy,2026-09-30,2026-09-30 06:15:12.714828,7C0D65,DA42,DIAMOND AIRCRAFT INDUSTRIES INC.,DA 42,6cbe5135f36b61942b47fcd55f0049194b966df7560f6a396fa7eeaa8b6ab050,True,4
108162,5246,290926_ML.npy,2026-09-30,2026-09-30 06:15:13.852553,7C0D65,DA42,DIAMOND AIRCRAFT INDUSTRIES INC.,DA 42,f01d2df55abdfe59aafd49a4f296d5069a9c5aa1f78c86774b4e148be0cc7051,True,3
108163,5247,290926_ML.npy,2026-09-30,2026-09-30 06:15:14.305941,7C7C41,DA40,DIAMOND AIRCRAFT INDUSTRIES INC.,DA 40,ab56b4ea82d80d342a613772944c38908d1a4315b8a4976caf3c74dd12eb3e78,True,2
108165,5249,290926_ML.npy,2026-09-30,2026-09-30 06:15:15.330889,7C0D65,DA42,DIAMOND AIRCRAFT INDUSTRIES INC.,DA 42,2d2d117327ea172ca424ff9b078bd18da121381f092a4431e5e537c2c85ff619,True,2
108166,5250,290926_ML.npy,2026-09-30,2026-09-30 06:15:15.768443,7C0D65,DA42,DIAMOND AIRCRAFT INDUSTRIES INC.,DA 42,002ae5db0f0dfa24f9a68bfabc0b5000bf23513889e4f172e2b01929d7dbb656,True,4
108167,5251,290926_ML.npy,2026-09-30,2026-09-30 06:15:16.332470,7C0D65,DA42,DIAMOND AIRCRAFT INDUSTRIES INC.,DA 42,1549a812eb5e16cbd3072c08f3b08d53a6bb3907fea0a82e3b20d718d290bebf,True,1
108172,5256,290926_ML.npy,2026-09-30,2026-09-30 06:15:22.483617,7C0D65,DA42,DIAMOND AIRCRAFT INDUSTRIES INC.,DA 42,f01d2df55abdfe59aafd49a4f296d5069a9c5aa1f78c86774b4e148be0cc7051,True,2
108176,5260,290926_ML.npy,2026-09-30,2026-09-30 06:15:25.625562,7C0D65,DA42,DIAMOND AIRCRAFT INDUSTRIES INC.,DA 42,28cf82963b61214cb736cd1d78e214a8ecf41efcb66642039c364263150f741b,True,5
108183,5267,290926_ML.npy,2026-09-30,2026-09-30 06:15:33.571356,7C0D65,DA42,DIAMOND AIRCRAFT INDUSTRIES INC.,DA 42,f01d2df55abdfe59aafd49a4f296d5069a9c5aa1f78c86774b4e148be0cc7051,True,3
108184,5268,290926_ML.npy,2026-09-30,2026-09-30 06:15:34.774667,7C0D65,DA42,DIAMOND AIRCRAFT INDUSTRIES INC.,DA 42,f01d2df55abdfe59aafd49a4f296d5069a9c5aa1f78c86774b4e148be0cc7051,True,5
108186,5270,290926_ML.npy,2026-09-30,2026-09-30 06:15:36.591000,7C0D65,DA42,DIAMOND AIRCRAFT INDUSTRIES INC.,DA 42,010e04704289ec2491429346cf53548f9f787da9b1db3d61a3351d657daf41e1,True,3
108187,5271,290926_ML.npy,2026-09-30,2026-09-30 06:15:37.018587,7C0D65,DA42,DIAMOND AIRCRAFT INDUSTRIES INC.,DA 42,75fba64e1834406f24c2e5681ff939f6e98f59d76dc4dd5cb013586005437c52,True,4
108217,5301,290926_ML.npy,2026-09-30,2026-09-30 06:17:09.220664,7C0D65,DA42,DIAMOND AIRCRAFT INDUSTRIES INC.,DA 42,5e568d324a4caf71bf98ab0a62a03a7b39336ef90913769b2a84e13197793307,True,2
108218,5302,290926_ML.npy,2026-09-30,2026-09-30 06:17:09.226238,7C0D65,DA42,DIAMOND AIRCRAFT INDUSTRIES INC.,DA 42,4667a7263bc25a3b5f8045a58e8ff320f6ec3d2c2b166a9e7d6e0824e159f0b5,True,3
108219,5303,290926_ML.npy,2026-09-30,2026-09-30 06:17:15.733476,7C0D65,DA42,DIAMOND AIRCRAFT INDUSTRIES INC.,DA 42,6cbe5135f36b61942b47fcd55f0049194b966df7560f6a396fa7eeaa8b6ab050,True,4
108221,5305,290926_ML.npy,2026-09-30,2026-09-30 06:17:21.271287,7C0D65,DA42,DIAMOND AIRCRAFT INDUSTRIES INC.,DA 42,deef3f9673d9f75ed2dab76bdc57cfe95e720f1fafa0765deaf1e554b3ee2eca,True,3
108224,5308,290926_ML.npy,2026-09-30,2026-09-30 06:17:27.947047,7C0D65,DA42,DIAMOND AIRCRAFT INDUSTRIES INC.,DA 42,b85c05df654336f5263ea8e754451d5ac13519ce303c83c9b220eb88122d7337,True,5
108226,5310,290926_ML.npy,2026-09-30,2026-09-30 06:17:30.767294,7C0D65,DA42,DIAMOND AIRCRAFT INDUSTRIES INC.,DA 42,f1a0609ec6c06c003322f2c24c620487011ec573f1a29944e431af32643effea,True,4
108228,5312,290926_ML.npy,2026-09-30,2026-09-30 06:17:34.928452,7C0D65,DA42,DIAMOND AIRCRAFT INDUSTRIES INC.,DA 42,16384562881ace3625c814a74c5754e0f8d6a0f3c2435891ae4ed46025a1c840,True,3
108229,5313,290926_ML.npy,2026-09-30,2026-09-30 06:17:38.191061,7C0D65,DA42,DIAMOND AIRCRAFT INDUSTRIES INC.,DA 42,6cbe5135f36b61942b47fcd55f0049194b966df7560f6a396fa7eeaa8b6ab050,True,3
108230,5314,290926_ML.npy,2026-09-30,2026-09-30 06:17:38.233269,7C0D65,DA42,DIAMOND AIRCRAFT INDUSTRIES INC.,DA 42,8e64ac2bba087cb3af58b02934dfdc6a6e98b970add6dd5eed01698180a4fe6b,True,2
108233,5317,290926_ML.npy,2026-09-30,2026-09-30 06:17:41.429983,7C0D65,DA42,DIAMOND AIRCRAFT INDUSTRIES INC.,DA 42,a54d862a94cf6803d9ffc10cbbf55dc160389d5ded198ed42a9d919debde0934,True,3
108234,5318,290926_ML.npy,2026-09-30,2026-09-30 06:17:43.388785,7C0D65,DA42,DIAMOND AIRCRAFT INDUSTRIES INC.,DA 42,085e5ac67901c93ce893b630bd48ba0733a1abb3ca336288609d824c58551cb4,True,1
108235,5319,290926_ML.npy,2026-09-30,2026-09-30 06:17:43.395535,7C0D65,DA42,DIAMOND AIRCRAFT INDUSTRIES INC.,DA 42,f0692e6f6bedf154fa64ef85c529c14bffa83dfcfb38aa5bacfefdef98bcc0e3,True,2
108237,5321,290926_ML.npy,2026-09-30,2026-09-30 06:17:44.360673,7C0D65,DA42,DIAMOND AIRCRAFT INDUSTRIES INC.,DA 42,7fb7250973ac5356d8f568cd36337fa8e088ff7666264f78404cbd63961e7a48,True,3
108241,5325,290926_ML.npy,2026-09-30,2026-09-30 06:17:48.240073,7C0D65,DA42,DIAMOND AIRCRAFT INDUSTRIES INC.,DA 42,6cbe5135f36b61942b47fcd55f0049194b966df7560f6a396fa7eeaa8b6ab050,True,4
108242,5326,290926_ML.npy,2026-09-30,2026-09-30 06:17:54.996333,7C0D65,DA42,DIAMOND AIRCRAFT INDUSTRIES INC.,DA 42,16384562881ace3625c814a74c5754e0f8d6a0f3c2435891ae4ed46025a1c840,True,3
108300,5384,290926_ML.npy,2026-09-30,2026-09-30 06:30:56.298357,7C7B5E,DA40,DIAMOND AIRCRAFT INDUSTRIES INC.,DA 40,8ad47274803a68f9738a2ce7711def4de75e5fd0a86f6c8dd22ad8c73b7637a5,True,1
108308,5392,290926_ML.npy,2026-09-30,2026-09-30 06:31:03.037556,7C7B5E,DA40,DIAMOND AIRCRAFT INDUSTRIES INC.,DA 40,bbcd3c420201aa881d93ea1ef7c7b64247a0dedec4941cdf3a5f5d3e7be4b9e9,True,4
108323,5407,290926_ML.npy,2026-09-30,2026-09-30 06:31:23.854372,7C7B5E,DA40,DIAMOND AIRCRAFT INDUSTRIES INC.,DA 40,6d6f0e5e15cad44196ebeff321c608b0e090bf9e837caf405e2058558eaf19b3,True,5
108324,5408,290926_ML.npy,2026-09-30,2026-09-30 06:31:24.158010,7C7B5E,DA40,DIAMOND AIRCRAFT INDUSTRIES INC.,DA 40,156d81fa047ac76704a660d1ca08c8ce7ea31baa0f7c7f606aa5a45322ab4f27,True,1
108357,5441,290926_ML.npy,2026-09-30,2026-09-30 06:36:50.103713,7C7B5E,DA40,DIAMOND AIRCRAFT INDUSTRIES INC.,DA 40,1395cf09b22f133bfab8179094aa882b8fc58732c89642547ed97226e82141a8,True,4
108413,5497,290926_ML.npy,2026-09-30,2026-09-30 06:46:23.523085,7C41FD,DA40,DIAMOND AIRCRAFT INDUSTRIES INC.,DA 40,21b2df0139fd895b0fe8cda1dbf2e66ed2b4da9f14f9ffc18abaf3e107dd4818,True,5
108419,5503,290926_ML.npy,2026-09-30,2026-09-30 06:46:31.492003,7C41FD,DA40,DIAMOND AIRCRAFT INDUSTRIES INC.,DA 40,71d7ce2ee95c082ad9efd1f348a73dbdde9188cd2b62f3ecb59035af0d233bfb,True,1
108425,5509,290926_ML.npy,2026-09-30,2026-09-30 06:46:35.259233,7C41FD,DA40,DIAMOND AIRCRAFT INDUSTRIES INC.,DA 40,fb1b1b9fc416b85c5fbad3e9b33e0798fed1ba7f25cba691bcf8517b7f17804d,True,1
108429,5513,290926_ML.npy,2026-09-30,2026-09-30 06:46:37.784972,7C41FD,DA40,DIAMOND AIRCRAFT INDUSTRIES INC.,DA 40,3e0459773ea21a07e7b79d4cb55e1d62c37ca88619b812b84b35e3da39404335,True,4
108459,5543,290926_ML.npy,2026-09-30,2026-09-30 06:47:06.684615,7C41FD,DA40,DIAMOND AIRCRAFT INDUSTRIES INC.,DA 40,1b2aa198d40700b4d0570725004a66596bfe694dcaf0845bc78d299464b44843,True,3
108471,5555,290926_ML.npy,2026-09-30,2026-09-30 06:51:36.653746,7C7BD9,DA42,DIAMOND AIRCRAFT INDUSTRIES INC.,DA 42,80023e71a9c928b0c9160e88c250ed474d514b9bf425cc4da46b1d2e86ea6708,True,2
108472,5556,290926_ML.npy,2026-09-30,2026-09-30 06:51:36.657572,7C7BD9,DA42,DIAMOND AIRCRAFT INDUSTRIES INC.,DA 42,718f678eace980b8f6c741e154655cc0d707824df4195b21ce47490df72853d5,True,5
108474,5558,290926_ML.npy,2026-09-30,2026-09-30 06:51:37.563732,7C7BD9,DA42,DIAMOND AIRCRAFT INDUSTRIES INC.,DA 42,157ab412af13291f9bca90a55909655312623afd9aef5534cd8b22b08cc6f599,True,3
108476,5560,290926_ML.npy,2026-09-30,2026-09-30 06:51:40.526531,7C7BD9,DA42,DIAMOND AIRCRAFT INDUSTRIES INC.,DA 42,b39c303cf539d0dd51a3d5595a7ce161bac6633aa942a0f70c37e5094fe9274c,True,2
108477,5561,290926_ML.npy,2026-09-30,2026-09-30 06:51:42.079403,7C7BD9,DA42,DIAMOND AIRCRAFT INDUSTRIES INC.,DA 42,fcd0ff3f3f08f19b98fec4b5dc027edd4e57f1eb031759896ed7475316ad0f4c,True,3
108478,5562,290926_ML.npy,2026-09-30,2026-09-30 06:51:42.085258,7C7BD9,DA42,DIAMOND AIRCRAFT INDUSTRIES INC.,DA 42,4ca5488f5c326a0a3b8c256f97fb2a14e3373e39e6841e3fa5ea2008d3043de2,True,5
108483,5567,290926_ML.npy,2026-09-30,2026-09-30 06:51:49.112922,7C7BD9,DA42,DIAMOND AIRCRAFT INDUSTRIES INC.,DA 42,9098f71becf3528bcedd18a34736677136deb242e336c9cea67cb5816aee823b,True,1
108484,5568,290926_ML.npy,2026-09-30,2026-09-30 06:51:49.120001,7C7BD9,DA42,DIAMOND AIRCRAFT INDUSTRIES INC.,DA 42,7fd80eb5e7a4a66d2693a2fc1eabccc4ef6018f95cdc324d4a762d96215ef170,True,4
108489,5573,290926_ML.npy,2026-09-30,2026-09-30 06:51:57.340016,7C7BD9,DA42,DIAMOND AIRCRAFT INDUSTRIES INC.,DA 42,b5026c241ce2b132daf85216012ad30b6cabf3e49ce69824aa880dc6cc794948,True,5
108491,5575,290926_ML.npy,2026-09-30,2026-09-30 06:52:00.430687,7C7BD9,DA42,DIAMOND AIRCRAFT INDUSTRIES INC.,DA 42,9a1b4006c0c1521ca91aa3aa6c6e09e09fb34c444659ec04664dcf29ce79fec2,True,4
108496,5580,290926_ML.npy,2026-09-30,2026-09-30 06:52:09.623787,7C7BD9,DA42,DIAMOND AIRCRAFT INDUSTRIES INC.,DA 42,2a45edb08f303e73a6f191eab7b53e0e8dd92c7fc9e0408db3cf1df84a85dfad,True,3
108498,5582,290926_ML.npy,2026-09-30,2026-09-30 06:52:12.086445,7C7BD9,DA42,DIAMOND AIRCRAFT INDUSTRIES INC.,DA 42,b5026c241ce2b132daf85216012ad30b6cabf3e49ce69824aa880dc6cc794948,True,4
108499,5583,290926_ML.npy,2026-09-30,2026-09-30 06:52:13.610825,7C7BD9,DA42,DIAMOND AIRCRAFT INDUSTRIES INC.,DA 42,a4ba9c5680d4cd11a1e0c652bad444706e13f896b0f75d75e93ad95e3cb0d425,True,2
108502,5586,290926_ML.npy,2026-09-30,2026-09-30 06:52:15.587279,7C7BD9,DA42,DIAMOND AIRCRAFT INDUSTRIES INC.,DA 42,b0021b5c0e58c71810a47c015492e030fa12ed7c20412e0fdf2ef37497f7ad21,True,2
108504,5588,290926_ML.npy,2026-09-30,2026-09-30 06:52:18.326098,7C7BD9,DA42,DIAMOND AIRCRAFT INDUSTRIES INC.,DA 42,b5026c241ce2b132daf85216012ad30b6cabf3e49ce69824aa880dc6cc794948,True,2
108520,5604,290926_ML.npy,2026-09-30,2026-09-30 07:05:59.142443,7C7B5E,DA40,DIAMOND AIRCRAFT INDUSTRIES INC.,DA 40,534ef091caa25771cfbbf551049b5ba2cf19da9fc8dc52158c389a651be6c589,True,1
108521,5605,290926_ML.npy,2026-09-30,2026-09-30 07:06:01.019623,7C7AF7,DA40,DIAMOND AIRCRAFT INDUSTRIES INC.,DA 40,658d7826eb95924021c5a8f17e74e37864f3479cf9aa2b6351cb9837928e8d68,True,4
108533,5617,290926_ML.npy,2026-09-30,2026-09-30 07:06:11.055685,7C7B5E,DA40,DIAMOND AIRCRAFT INDUSTRIES INC.,DA 40,cefe39e59f87a53c828c3f8dcaeb0f07395de4ef3ce517c82c012aef3c2204f2,True,2
108564,5648,290926_ML.npy,2026-09-30,2026-09-30 07:06:29.009201,7C7AF7,DA40,DIAMOND AIRCRAFT INDUSTRIES INC.,DA 40,95ed7e15d77466a9775acfa7d4b3c10ec29d578d7bf679a3199b0b7f804b6e4a,True,2
108566,5650,290926_ML.npy,2026-09-30,2026-09-30 07:06:30.212281,7C7AF7,DA40,DIAMOND AIRCRAFT INDUSTRIES INC.,DA 40,bf7187e11752bd5c6b5d435b6e18d7390aacc58eeaf97ce64e676efa52fc4fe3,True,4
108578,5662,290926_ML.npy,2026-09-30,2026-09-30 07:06:36.160330,7C7AF7,DA40,DIAMOND AIRCRAFT INDUSTRIES INC.,DA 40,f47446baf34741e7e38988d70c0742f1ae9746b3e15caf7d94ef80d02f18b1e5,True,5
108585,5669,290926_ML.npy,2026-09-30,2026-09-30 07:06:41.323164,7C7B5E,DA40,DIAMOND AIRCRAFT INDUSTRIES INC.,DA 40,49446ca38903d32cf79ae81efea45e69344c8dde629649950d6e9b7a62ebf197,True,1
108592,5676,290926_ML.npy,2026-09-30,2026-09-30 07:06:46.383889,7C7B5E,DA40,DIAMOND AIRCRAFT INDUSTRIES INC.,DA 40,6a13a93e45ebb5ea12030b85ba39cee7a1c0854a3d407d61df53e71fe9bdf113,True,5
108598,5682,290926_ML.npy,2026-09-30,2026-09-30 07:11:30.762355,7C7B5E,DA40,DIAMOND AIRCRAFT INDUSTRIES INC.,DA 40,a509a327d9c9e99c312f9785bf98f297464f3c75d56c35af0a143a7c47d44ca5,True,3
108602,5686,290926_ML.npy,2026-09-30,2026-09-30 07:11:36.313466,7C7B5E,DA40,DIAMOND AIRCRAFT INDUSTRIES INC.,DA 40,c0c96960e3a6cf94239eff9f09bcc1c097e1eaced4e07ca7b1d9f1f81a073076,True,5
108616,5700,290926_ML.npy,2026-09-30,2026-09-30 07:11:53.532356,7C7B5E,DA40,DIAMOND AIRCRAFT INDUSTRIES INC.,DA 40,162daee7a33ade6d698041db54e08be86defd843077f27d8871a27cd0120204a,True,5
108622,5706,290926_ML.npy,2026-09-30,2026-09-30 07:12:08.196709,7C7B5E,DA40,DIAMOND AIRCRAFT INDUSTRIES INC.,DA 40,ca504b84e0444ce1c2ecbf64e177e9dab1ed7333918ee9db4b89aed28a109b8a,True,5
108624,5708,290926_ML.npy,2026-09-30,2026-09-30 07:12:09.790835,7C7B5E,DA40,DIAMOND AIRCRAFT INDUSTRIES INC.,DA 40,63869cbd46616a652751763f2e5c05601f4da93dc1faff80d4ccdc2b0c7faafc,True,2
108625,5709,290926_ML.npy,2026-09-30,2026-09-30 07:12:15.888419,7C7B5E,DA40,DIAMOND AIRCRAFT INDUSTRIES INC.,DA 40,24075e0b16139d01c178f9071860377a391dbea349eaa7b1c84ba99803228e48,True,2
108629,5713,290926_ML.npy,2026-09-30,2026-09-30 07:16:56.075927,7C7B5E,DA40,DIAMOND AIRCRAFT INDUSTRIES INC.,DA 40,8656c4dd5c59a4388687bfb5a2b0b7cec0c14784e1ff7504de7148afad8eac35,True,4
108645,5729,290926_ML.npy,2026-09-30,2026-09-30 07:17:14.340476,7C7B5E,DA40,DIAMOND AIRCRAFT INDUSTRIES INC.,DA 40,d91d6bc6b3f4086e734ba2e03d2cc10990292e9eef2907d0bd581c1634f1e856,True,2
108649,5733,290926_ML.npy,2026-09-30,2026-09-30 07:17:18.313622,7C7B5E,DA40,DIAMOND AIRCRAFT INDUSTRIES INC.,DA 40,9074ba1c2ae7cc6c9b33c1cd27cf66b4a550e336ae4e089303efc4b2fc9d5a9e,True,5
108656,5740,290926_ML.npy,2026-09-30,2026-09-30 07:17:28.229248,7C7B5E,DA40,DIAMOND AIRCRAFT INDUSTRIES INC.,DA 40,034296084cc8afd29d21376a0b44d56ed807d89ecec51dc45b6bcbf2f8da2f64,True,1
108659,5743,290926_ML.npy,2026-09-30,2026-09-30 07:20:46.291983,7C41FD,DA40,DIAMOND AIRCRAFT INDUSTRIES INC.,DA 40,088f29f61787cb2918e35348cec1779a629f3a4043b9ee95e23663338e836888,True,5
108669,5753,290926_ML.npy,2026-09-30,2026-09-30 07:20:59.829824,7C41FD,DA40,DIAMOND AIRCRAFT INDUSTRIES INC.,DA 40,792eb8ef7667fda80392fd5e6f3b5b4d0cfab948f47f9e76bdf221ed6bb121e4,True,1
108670,5754,290926_ML.npy,2026-09-30,2026-09-30 07:20:59.894665,7C41FD,DA40,DIAMOND AIRCRAFT INDUSTRIES INC.,DA 40,ca3c431819122b2a9e842a54a6e771d97c78dfd9bf3576dcd5186f0cefafb50c,True,4
108685,5769,290926_ML.npy,2026-09-30,2026-09-30 07:21:32.863788,7C41FD,DA40,DIAMOND AIRCRAFT INDUSTRIES INC.,DA 40,4fa33e117735fa32bc0d0e7e8f185d3ae3fb7ff5d3503115e1fb323621ddc20b,True,4
108689,5773,290926_ML.npy,2026-09-30,2026-09-30 07:21:34.100134,7C41FD,DA40,DIAMOND AIRCRAFT INDUSTRIES INC.,DA 40,cc1dc12426971ff059923f0905aa4b6d583dc58f24ef61420284e4bdf5c23fab,True,3
108697,5781,290926_ML.npy,2026-09-30,2026-09-30 07:21:39.634165,7C41FD,DA40,DIAMOND AIRCRAFT INDUSTRIES INC.,DA 40,6e72b2bd55577817dde966ba973a4e52d425bf9313d83fe147779de7a27fa53d,True,4
108708,5792,290926_ML.npy,2026-09-30,2026-09-30 07:21:57.976788,7C41FD,DA40,DIAMOND AIRCRAFT INDUSTRIES INC.,DA 40,b9392be9b65077ca7d1b024a28a5a6bbd977ef0047dc89c86d138df7ea3577fe,True,5
108716,5800,290926_ML.npy,2026-09-30,2026-09-30 07:22:02.066218,7C41FD,DA40,DIAMOND AIRCRAFT INDUSTRIES INC.,DA 40,4c395cf1ae8ba6e825fed4485e1f4eda18cd945e167eae45278103946af4d289,True,3
108721,5805,290926_ML.npy,2026-09-30,2026-09-30 07:22:41.569904,7C1689,DA40,DIAMOND AIRCRAFT INDUSTRIES INC.,DA 40,13793e42d3ef784086b21273e96f74338475948752d20250dfe450c454986887,True,3
108729,5813,290926_ML.npy,2026-09-30,2026-09-30 07:25:01.110462,7C7C2E,DA40,DIAMOND AIRCRAFT INDUSTRIES INC.,DA 40,1beb50c52e426141d2b8d0fb6a53e4f89c8781a664a51c470c8b1b9b1545c2e1,True,1
108757,5841,290926_ML.npy,2026-09-30,2026-09-30 07:25:29.839494,7C7C2E,DA40,DIAMOND AIRCRAFT INDUSTRIES INC.,DA 40,cf1cf555a775c50935b36dd9c8a8e898a0377c9599f865503f4d96e1178db06d,True,3
108779,5863,290926_ML.npy,2026-09-30,2026-09-30 07:25:44.749941,7C7C2E,DA40,DIAMOND AIRCRAFT INDUSTRIES INC.,DA 40,aad543bad08bc11be34842000bda84912b008d2b141123c9ba8e487fbda882ff,True,4
108801,5885,290926_ML.npy,2026-09-30,2026-09-30 07:26:14.643010,7C41FD,DA40,DIAMOND AIRCRAFT INDUSTRIES INC.,DA 40,3bc5272ebd73dd22a8dd1eaa780e1d92f70e35dba67117b4ebefff9e9bb01983,True,1
108808,5892,290926_ML.npy,2026-09-30,2026-09-30 07:26:22.447428,7C41FD,DA40,DIAMOND AIRCRAFT INDUSTRIES INC.,DA 40,b8e860dd130c548802e9a03eedec009a28965ebb18b2c97cb56de5a174404158,True,4
108815,5899,290926_ML.npy,2026-09-30,2026-09-30 07:30:19.511202,7C41FD,DA40,DIAMOND AIRCRAFT INDUSTRIES INC.,DA 40,b9eeb5d59e9149ddd1e979812691b5495639742d798c59f0109e1e9f917ef6fd,True,5
108817,5901,290926_ML.npy,2026-09-30,2026-09-30 07:30:25.027309,7C41FD,DA40,DIAMOND AIRCRAFT INDUSTRIES INC.,DA 40,cf1a11556f9c670c28c2f1fe3638d73a1a47a26337387486aeb716fa68c06bfc,True,2
108818,5902,290926_ML.npy,2026-09-30,2026-09-30 07:30:26.562397,7C41FD,DA40,DIAMOND AIRCRAFT INDUSTRIES INC.,DA 40,eb7466b21996a7e567a02833cbbcfb596a0e29f040876035e8763acb9b276e50,True,2
108836,5920,290926_ML.npy,2026-09-30,2026-09-30 07:30:42.508843,7C41FD,DA40,DIAMOND AIRCRAFT INDUSTRIES INC.,DA 40,fe0f8d1942d1d19b2c74e5a6cb8112e2071d4ebda7d0bf933584095db4ea17c1,True,5
108844,5928,290926_ML.npy,2026-09-30,2026-09-30 07:30:47.481201,7C41FD,DA40,DIAMOND AIRCRAFT INDUSTRIES INC.,DA 40,2327e710a3fbfa93b1e7afa4e2167259efe17665bd8de781c945b11f03783c01,True,5
108851,5935,290926_ML.npy,2026-09-30,2026-09-30 07:30:58.574483,7C41FD,DA40,DIAMOND AIRCRAFT INDUSTRIES INC.,DA 40,0afa6baab1fa343f4b73e354fd37c3a87dee84869bcb246bcba50c59682acbc3,True,4
108876,5960,290926_ML.npy,2026-09-30,2026-09-30 07:34:49.693205,7C41FD,DA40,DIAMOND AIRCRAFT INDUSTRIES INC.,DA 40,e369ca33bf5bbc4cb939ecd3517d9bb2609c344749bde2cafd6802b28d9b4ecf,True,2
108897,5981,290926_ML.npy,2026-09-30,2026-09-30 07:35:08.469740,7C41FD,DA40,DIAMOND AIRCRAFT INDUSTRIES INC.,DA 40,3b8e5127c82d96cdd98122e78093addce357dc813e03fe3ad482453f8fbba722,True,4
108901,5985,290926_ML.npy,2026-09-30,2026-09-30 07:35:10.914810,7C41FD,DA40,DIAMOND AIRCRAFT INDUSTRIES INC.,DA 40,91705ec8995ac67b875ac08f3fe15b2493b4d6b93ef52ccc41658c607c94d2cb,True,5
108912,5996,290926_ML.npy,2026-09-30,2026-09-30 07:39:49.289309,7C1687,DA40,DIAMOND AIRCRAFT INDUSTRIES INC.,DA 40,36dcb6706ed95345247bc4b4c3689760dc0b13526467f44d1f527d530a03980e,True,2
108919,6003,290926_ML.npy,2026-09-30,2026-09-30 07:39:56.040041,7C1687,DA40,DIAMOND AIRCRAFT INDUSTRIES INC.,DA 40,5b5a66687814e96f15d230863a7c089952f0fe2581a08b02f763bf602c78c081,True,3
108921,6005,290926_ML.npy,2026-09-30,2026-09-30 07:39:57.574355,7C1687,DA40,DIAMOND AIRCRAFT INDUSTRIES INC.,DA 40,759cc503773c7450d5b2a0762b27d6d8fc3878394fb68d98826ce6047461ed2c,True,2
108926,6010,290926_ML.npy,2026-09-30,2026-09-30 07:40:04.178106,7C1687,DA40,DIAMOND AIRCRAFT INDUSTRIES INC.,DA 40,c415d8e60ff79d7fa55982872dd97796b75a11d7c90668e54f45c776e1376170,True,4
108927,6011,290926_ML.npy,2026-09-30,2026-09-30 07:40:04.355372,7C1687,DA40,DIAMOND AIRCRAFT INDUSTRIES INC.,DA 40,e7ef4cf94e02a051a4ebe93fa78e3b9c071a16cd8b8b80b7847ab30e895ff9b5,True,3
108932,6016,290926_ML.npy,2026-09-30,2026-09-30 07:40:07.463920,7C1687,DA40,DIAMOND AIRCRAFT INDUSTRIES INC.,DA 40,6b1fecaa0333c639d4e2c45bb6d9af4ad1bd69dffafec17593544f8e4b3ed202,True,5
108951,6035,290926_ML.npy,2026-09-30,2026-09-30 07:40:33.824687,7C1687,DA40,DIAMOND AIRCRAFT INDUSTRIES INC.,DA 40,7f6e1987a821d40759d9e53e49cb58c7e2c6a8050a24dae7136c4dd132045738,True,4
108953,6037,290926_ML.npy,2026-09-30,2026-09-30 07:40:34.280937,7C1687,DA40,DIAMOND AIRCRAFT INDUSTRIES INC.,DA 40,9e81e43a3d5f76b1536b61a124a48f0a3240132b3bb8630f5dd5644e06d4049e,True,5
109018,6102,290926_ML.npy,2026-09-30,2026-09-30 08:13:30.478042,7C7C2E,DA40,DIAMOND AIRCRAFT INDUSTRIES INC.,DA 40,a8df213140995ccd4b2f2b2912ef856d8efe91c62039e03ee150d0752680e0a4,True,4
109026,6110,290926_ML.npy,2026-09-30,2026-09-30 08:14:19.273686,7C1687,DA40,DIAMOND AIRCRAFT INDUSTRIES INC.,DA 40,8e7347dafe6aa0aede9048ba39805f27d5b5b77aca37567a55e261e3d5389e63,True,3
109032,6116,290926_ML.npy,2026-09-30,2026-09-30 08:14:25.229326,7C1687,DA40,DIAMOND AIRCRAFT INDUSTRIES INC.,DA 40,4919a1107556f9fd911d1cac21bc637c999fe9b564518e75428dd15e71e9e771,True,4
109056,6140,290926_ML.npy,2026-09-30,2026-09-30 08:14:44.073619,7C1687,DA40,DIAMOND AIRCRAFT INDUSTRIES INC.,DA 40,57bc3f0f2a055acf5acd47548bc7922f8e87d94668a2d508e928135f5430a1b2,True,5
109064,6148,290926_ML.npy,2026-09-30,2026-09-30 08:15:25.541642,7C7BD9,DA42,DIAMOND AIRCRAFT INDUSTRIES INC.,DA 42,1ad144b864abb39efe2e15aac895cc7b37ea7f5cd949ef6a19d5328d85cc8e2e,True,5
109065,6149,290926_ML.npy,2026-09-30,2026-09-30 08:15:26.586133,7C7BD9,DA42,DIAMOND AIRCRAFT INDUSTRIES INC.,DA 42,e1ed2e5dcb9b307bfb6cbd6ae15844c117d264fefc1cacd3dbe368a9bb48e9ce,True,2
109066,6150,290926_ML.npy,2026-09-30,2026-09-30 08:15:26.589723,7C7BD9,DA42,DIAMOND AIRCRAFT INDUSTRIES INC.,DA 42,b47b2c12b40e1450c2e03411644720dab45e363c08ad35fd42c5fa88600939b4,True,4
109068,6152,290926_ML.npy,2026-09-30,2026-09-30 08:15:27.082887,7C7BD9,DA42,DIAMOND AIRCRAFT INDUSTRIES INC.,DA 42,5534ec554452ea17c87d09184e7f4cbe4610a18eb552c49cb2e89836f7701487,True,2
109072,6156,290926_ML.npy,2026-09-30,2026-09-30 08:15:28.978771,7C7BD9,DA42,DIAMOND AIRCRAFT INDUSTRIES INC.,DA 42,2a977d38a593e17e973b4c38453f9bb9d8f7f8ca856fdf9e5029ac26ed1164f1,True,5
109108,6192,290926_ML.npy,2026-09-30,2026-09-30 08:24:35.265472,7C1687,DA40,DIAMOND AIRCRAFT INDUSTRIES INC.,DA 40,bc3d3d9fbde2f3a9a2c320de42e0497565914daadc765fcd379e9fee510bf5e3,True,1
109170,6254,290926_ML.npy,2026-09-30,2026-09-30 09:04:10.567431,7C7C2E,DA40,DIAMOND AIRCRAFT INDUSTRIES INC.,DA 40,855252151c98dbcfb92f8967c1abed456a8336926737dddc5f9cc3b04969e545,True,1
109171,6255,290926_ML.npy,2026-09-30,2026-09-30 09:04:10.574339,7C7C2E,DA40,DIAMOND AIRCRAFT INDUSTRIES INC.,DA 40,823323067bbd80fdef3c94427574f597ba319070426ff612ac00db52626e5342,True,4
109182,6266,290926_ML.npy,2026-09-30,2026-09-30 09:04:28.631483,7C7C2E,DA40,DIAMOND AIRCRAFT INDUSTRIES INC.,DA 40,3be5545b270e6857cc5479cf1bfc286b0c170a4868c8848ae92c70b90261ed7c,True,5
109189,6273,290926_ML.npy,2026-09-30,2026-09-30 09:04:37.510506,7C7C2E,DA40,DIAMOND AIRCRAFT INDUSTRIES INC.,DA 40,a522a641083f8af83b5c5e2dbf550af9ea20088c9c5a2689d4f97ad241430f1f,True,2
109195,6279,290926_ML.npy,2026-09-30,2026-09-30 09:04:41.662242,7C7C2E,DA40,DIAMOND AIRCRAFT INDUSTRIES INC.,DA 40,401b8d7f6d0e75f12216501531f895ba9b79b1cc2c15f8ad80e4fa6496b12c66,True,5
109230,6314,290926_ML.npy,2026-09-30,2026-09-30 09:09:48.431522,7C7C2E,DA40,DIAMOND AIRCRAFT INDUSTRIES INC.,DA 40,dae7baf8721672ed047ad62b7386a0b459186128da8fd69cdd44c7d925fa0d30,True,5
109232,6316,290926_ML.npy,2026-09-30,2026-09-30 09:09:48.923736,7C7C2E,DA40,DIAMOND AIRCRAFT INDUSTRIES INC.,DA 40,719da41706125f0c6a28ab123723ba39577201aca9fa066f411ef3f56b621cd8,True,3
109250,6334,290926_ML.npy,2026-09-30,2026-09-30 09:10:54.188123,7C7C2E,DA40,DIAMOND AIRCRAFT INDUSTRIES INC.,DA 40,66b1b762f755cc6e8a9bb41a00c02110fc8f09af45632a4b1fc125cff25af8bf,True,2
109266,6350,290926_ML.npy,2026-09-30,2026-09-30 09:14:56.148171,7C7C2E,DA40,DIAMOND AIRCRAFT INDUSTRIES INC.,DA 40,dc5314d696fa93530368c5dd83c855875a7e22381a0a21a2a409a45fe03d48fc,True,3
109317,6401,290926_ML.npy,2026-09-30,2026-09-30 09:18:26.792130,7C1697,DA40,DIAMOND AIRCRAFT INDUSTRIES INC.,DA 40,ebeea20b8b521bc2f8f2d80c9962c6f40090c62d349c0db34cacb2b4a1cabe94,True,1
109348,6432,290926_ML.npy,2026-09-30,2026-09-30 09:19:31.793809,7C1697,DA40,DIAMOND AIRCRAFT INDUSTRIES INC.,DA 40,1746f92aa0f9e24467775aadb24d3bf6126ba01938ea46e710e3c653f9f248f0,True,2
109371,6455,290926_ML.npy,2026-09-30,2026-09-30 09:20:41.956034,7C7C2E,DA40,DIAMOND AIRCRAFT INDUSTRIES INC.,DA 40,c76a5acb84081b7b8fe57f347935908c7f1d5b33d07eac912a940542b340daf2,True,2
109380,6464,290926_ML.npy,2026-09-30,2026-09-30 09:20:46.430376,7C7C2E,DA40,DIAMOND AIRCRAFT INDUSTRIES INC.,DA 40,d7b9e6346312b5413497114669e821f24a7b7848dd501621c11294e1bd4077f4,True,3
109390,6474,290926_ML.npy,2026-09-30,2026-09-30 09:21:01.928467,7C7C2E,DA40,DIAMOND AIRCRAFT INDUSTRIES INC.,DA 40,681a987d039fde3c4649d177577735a6aed50eb454bd2117f018e2fc773efe49,True,4
109395,6479,290926_ML.npy,2026-09-30,2026-09-30 09:21:09.242594,7C7C2E,DA40,DIAMOND AIRCRAFT INDUSTRIES INC.,DA 40,00ca7a2623babba139c773c7381ce38a503599484089d313efdf633f9c5b4dc2,True,1
109397,6481,290926_ML.npy,2026-09-30,2026-09-30 09:21:14.484099,7C7C2E,DA40,DIAMOND AIRCRAFT INDUSTRIES INC.,DA 40,cf1cf555a775c50935b36dd9c8a8e898a0377c9599f865503f4d96e1178db06d,True,2
109403,6487,290926_ML.npy,2026-09-30,2026-09-30 09:21:47.422138,7C7C2E,DA40,DIAMOND AIRCRAFT INDUSTRIES INC.,DA 40,a63b026774b9a745abd0c4555eb853a4dab29fd335ddd65e4626e7da97adbd41,True,2
109406,6490,290926_ML.npy,2026-09-30,2026-09-30 09:21:49.999301,7C7C2E,DA40,DIAMOND AIRCRAFT INDUSTRIES INC.,DA 40,21eb7c5d942682e1be908eae7e22255a79c46555d6e932771b2a5f6ee1041a59,True,3
109410,6494,290926_ML.npy,2026-09-30,2026-09-30 09:21:54.547479,7C1687,DA40,DIAMOND AIRCRAFT INDUSTRIES INC.,DA 40,84835b2c9eb749d30e76b24116fbea90d2c06edaf1ac3ae055ab3b8c2a8682ea,True,1
109425,6509,290926_ML.npy,2026-09-30,2026-09-30 09:22:20.396682,7C1687,DA40,DIAMOND AIRCRAFT INDUSTRIES INC.,DA 40,8c9c96c4fc2942cc313b0cac670757aafc29b22ff471c94304fdcd0b18e8a5fa,True,2
109451,6535,290926_ML.npy,2026-09-30,2026-09-30 09:23:36.243969,7C1697,DA40,DIAMOND AIRCRAFT INDUSTRIES INC.,DA 40,fa0727b1bcfc35e398feb3080d7a7be5aad9c29b12dc2db593b0fb033c3961d1,True,3
109474,6558,290926_ML.npy,2026-09-30,2026-09-30 09:24:07.695923,7C1697,DA40,DIAMOND AIRCRAFT INDUSTRIES INC.,DA 40,a5868d4eb1fb954417c7499c4a81830add88a249a8cd3090278622e134a99083,True,4
109484,6568,290926_ML.npy,2026-09-30,2026-09-30 09:24:55.074080,7C1697,DA40,DIAMOND AIRCRAFT INDUSTRIES INC.,DA 40,8798632d952949e27a2010973b98262469d33555b1a350bd6785231a83264cc6,True,5
109492,6576,290926_ML.npy,2026-09-30,2026-09-30 09:25:36.172323,7C7C2E,DA40,DIAMOND AIRCRAFT INDUSTRIES INC.,DA 40,f7c60fcb5df795011bc8c808d76930ec779911cc612f3443000f91bd7a7ecbd0,True,2
109497,6581,290926_ML.npy,2026-09-30,2026-09-30 09:25:40.938586,7C7C2E,DA40,DIAMOND AIRCRAFT INDUSTRIES INC.,DA 40,1f9acfa23fc13ecb47e665334892771746f7fe476c89f863bca8d1395077d9d7,True,4
109503,6587,290926_ML.npy,2026-09-30,2026-09-30 09:25:52.012546,7C7C2E,DA40,DIAMOND AIRCRAFT INDUSTRIES INC.,DA 40,ab985764ff9649d3b92c1c5845b1848efb212061aa52bd3d65f4e31cca6bea6b,True,1
109508,6592,290926_ML.npy,2026-09-30,2026-09-30 09:26:03.440343,7C7C2E,DA40,DIAMOND AIRCRAFT INDUSTRIES INC.,DA 40,942d0c252e472157cf218dcd6e711b0a08f29d541b893686443ac540bd2c7986,True,4
109516,6600,290926_ML.npy,2026-09-30,2026-09-30 09:26:14.736413,7C7C2E,DA40,DIAMOND AIRCRAFT INDUSTRIES INC.,DA 40,da2e9924eed989aede67c8506b654cbdf24f38fb31c55191bcddaaf6b2e70d22,True,2
109524,6608,290926_ML.npy,2026-09-30,2026-09-30 09:26:35.531542,7C7C2E,DA40,DIAMOND AIRCRAFT INDUSTRIES INC.,DA 40,aad543bad08bc11be34842000bda84912b008d2b141123c9ba8e487fbda882ff,True,1
109528,6612,290926_ML.npy,2026-09-30,2026-09-30 09:27:05.865825,7C7C2E,DA40,DIAMOND AIRCRAFT INDUSTRIES INC.,DA 40,b6d0749bf475a842f329ec2b5926b9b1456c847c7513d97f4e89d14a164e218c,True,3
109543,6627,290926_ML.npy,2026-09-30,2026-09-30 09:27:38.830928,7C1687,DA40,DIAMOND AIRCRAFT INDUSTRIES INC.,DA 40,94142761076d9be8db297aaf27bc4d15011c81091370280193a697816d09ab34,True,3
109546,6630,290926_ML.npy,2026-09-30,2026-09-30 09:27:45.157195,7C1687,DA40,DIAMOND AIRCRAFT INDUSTRIES INC.,DA 40,42fa50955d7ea0846a55711a267c302d1a87e95dc3f62e5cf5fd93ad2a319d81,True,5
109553,6637,290926_ML.npy,2026-09-30,2026-09-30 09:27:52.989883,7C1687,DA40,DIAMOND AIRCRAFT INDUSTRIES INC.,DA 40,1c6bf044fa0dc9f16b975c3ae12d7c7bcacd36c318b3dab71ea0879c80e69a36,True,1
109554,6638,290926_ML.npy,2026-09-30,2026-09-30 09:27:54.175652,7C1687,DA40,DIAMOND AIRCRAFT INDUSTRIES INC.,DA 40,ae6e9d6673a6eee4ad3a1c63dba439859868dbdc52ccc83ad19697825ff99443,True,5
109560,6644,290926_ML.npy,2026-09-30,2026-09-30 09:27:59.835510,7C1687,DA40,DIAMOND AIRCRAFT INDUSTRIES INC.,DA 40,059329be8351bdbef843c0a71fe427004164db1816169888f475b745d5b7b92b,True,5
109573,6657,290926_ML.npy,2026-09-30,2026-09-30 09:28:08.059014,7C1687,DA40,DIAMOND AIRCRAFT INDUSTRIES INC.,DA 40,599b73c4c320b29c6793e6eb73855a683da2aa1acf427e58d9f42a12005c35f8,True,4
109582,6666,290926_ML.npy,2026-09-30,2026-09-30 09:28:52.605935,7C1697,DA40,DIAMOND AIRCRAFT INDUSTRIES INC.,DA 40,62d2b0113c73a0c463cae92807c67f289518bb639e8fedaca32908eaf2b92bbe,True,1
109610,6694,290926_ML.npy,2026-09-30,2026-09-30 09:29:20.634779,7C1697,DA40,DIAMOND AIRCRAFT INDUSTRIES INC.,DA 40,05678cb4970769e4898394eb52e599e121ccd8cdf8f6779af97647729617a263,True,4
109619,6703,290926_ML.npy,2026-09-30,2026-09-30 09:29:30.282102,7C1687,DA40,DIAMOND AIRCRAFT INDUSTRIES INC.,DA 40,104a76e978cf2db60543d4d6d2a84a2cc293e954853b7dc08637284dae15882b,True,2
109657,6741,290926_ML.npy,2026-09-30,2026-09-30 09:31:18.289244,7C7C2E,DA40,DIAMOND AIRCRAFT INDUSTRIES INC.,DA 40,7ca78127d1f76f3cf123a3e04755426b50667f128362bb628b401fffa6063d0e,True,3
109661,6745,290926_ML.npy,2026-09-30,2026-09-30 09:31:25.547284,7C7C2E,DA40,DIAMOND AIRCRAFT INDUSTRIES INC.,DA 40,aad543bad08bc11be34842000bda84912b008d2b141123c9ba8e487fbda882ff,True,2
109675,6759,290926_ML.npy,2026-09-30,2026-09-30 09:31:41.645681,7C7C2E,DA40,DIAMOND AIRCRAFT INDUSTRIES INC.,DA 40,f446733436c068a7691e3c28bfef8bedad94d9d3564d62d3beef1b0d0eb8c4bb,True,4
109685,6769,290926_ML.npy,2026-09-30,2026-09-30 09:32:22.909052,7C7C2E,DA40,DIAMOND AIRCRAFT INDUSTRIES INC.,DA 40,66b1b762f755cc6e8a9bb41a00c02110fc8f09af45632a4b1fc125cff25af8bf,True,1
109692,6776,290926_ML.npy,2026-09-30,2026-09-30 09:33:19.379649,7C1687,DA40,DIAMOND AIRCRAFT INDUSTRIES INC.,DA 40,bdac352171afd138875e38d6f6fb21c02dab1981dcc922e2df00ea1c405ecbe6,True,5
109700,6784,290926_ML.npy,2026-09-30,2026-09-30 09:33:28.707061,7C1687,DA40,DIAMOND AIRCRAFT INDUSTRIES INC.,DA 40,0cf572e4fa54025351cfe501efb7299b16c503448022786fce7735b5e7bfc265,True,5
109711,6795,290926_ML.npy,2026-09-30,2026-09-30 09:33:47.347429,7C1687,DA40,DIAMOND AIRCRAFT INDUSTRIES INC.,DA 40,7b7cbd688c522fae004fef6045b081f0944c2d7e25648909b396e643f341a42c,True,3
109742,6826,290926_ML.npy,2026-09-30,2026-09-30 09:34:33.285824,7C1697,DA40,DIAMOND AIRCRAFT INDUSTRIES INC.,DA 40,77aa3afc2e1e324fdc51e799ca62b76ddc8b58b6fd7c4c1fd038b2a4ea2e336a,True,1
109743,6827,290926_ML.npy,2026-09-30,2026-09-30 09:34:34.711490,7C1697,DA40,DIAMOND AIRCRAFT INDUSTRIES INC.,DA 40,14cd0c57ed8447752eba677ef988310b00e07ea0e1445ec5751b7f9c2a383deb,True,5
109771,6855,290926_ML.npy,2026-09-30,2026-09-30 09:35:19.656181,7C1697,DA40,DIAMOND AIRCRAFT INDUSTRIES INC.,DA 40,128e01c620133a45d5f9d59e7130f3dd9c8a485c0fbd68d05f249cd8219b6955,True,3
109795,6879,290926_ML.npy,2026-09-30,2026-09-30 09:36:26.717119,7C7C2E,DA40,DIAMOND AIRCRAFT INDUSTRIES INC.,DA 40,ab985764ff9649d3b92c1c5845b1848efb212061aa52bd3d65f4e31cca6bea6b,True,4
109800,6884,290926_ML.npy,2026-09-30,2026-09-30 09:36:28.585341,7C7C2E,DA40,DIAMOND AIRCRAFT INDUSTRIES INC.,DA 40,68f21290a8ba614544f415ee2e6dc6d26331cbcb315b6acd2965a5fc7a84ae84,True,2
109808,6892,290926_ML.npy,2026-09-30,2026-09-30 09:36:34.034369,7C7C2E,DA40,DIAMOND AIRCRAFT INDUSTRIES INC.,DA 40,c4ea882269d6c7a31a65e2daa9f3b210cc3c65a11c25df8562b3ef49fb9e7553,True,4
109814,6898,290926_ML.npy,2026-09-30,2026-09-30 09:36:36.491881,7C7C2E,DA40,DIAMOND AIRCRAFT INDUSTRIES INC.,DA 40,cf1cf555a775c50935b36dd9c8a8e898a0377c9599f865503f4d96e1178db06d,True,4
109821,6905,290926_ML.npy,2026-09-30,2026-09-30 09:36:43.977768,7C7C2E,DA40,DIAMOND AIRCRAFT INDUSTRIES INC.,DA 40,9c6516b80e269910768d0d5f08f4dd480763d9f536a7f3af8779d2f9554c4f90,True,2
109847,6931,290926_ML.npy,2026-09-30,2026-09-30 09:39:43.242533,7C1687,DA40,DIAMOND AIRCRAFT INDUSTRIES INC.,DA 40,0c2808623c3c7460db7a62070945fec4ad8565928e5954983efed92a27ac584a,True,5
109858,6942,290926_ML.npy,2026-09-30,2026-09-30 09:40:01.312635,7C1687,DA40,DIAMOND AIRCRAFT INDUSTRIES INC.,DA 40,d4b866f94280e8318b1834d386e43da559df577dc5dfa5ab7a68073847f675ba,True,2
109860,6944,290926_ML.npy,2026-09-30,2026-09-30 09:40:02.408805,7C1687,DA40,DIAMOND AIRCRAFT INDUSTRIES INC.,DA 40,9f22e8ed372e421bcee72755a3d5db7775d4f22f6e1775a45605a4a998d64296,True,4
109865,6949,290926_ML.npy,2026-09-30,2026-09-30 09:40:19.319332,7C1687,DA40,DIAMOND AIRCRAFT INDUSTRIES INC.,DA 40,01c6899a683f512e08e9e5777c6ed855b43f89762916b8f00647bb24f031e0c9,True,4
109868,6952,290926_ML.npy,2026-09-30,2026-09-30 09:40:24.422357,7C1687,DA40,DIAMOND AIRCRAFT INDUSTRIES INC.,DA 40,3494133ed66e9dcd6d8af74553a60875b23a3a8939a3756960821392ece57245,True,5
109879,6963,290926_ML.npy,2026-09-30,2026-09-30 09:40:33.522126,7C1697,DA40,DIAMOND AIRCRAFT INDUSTRIES INC.,DA 40,efcb550f96d5cab9310ebac55b533ed14468035f775f56f39660014c2da36ddb,True,4
109908,6992,290926_ML.npy,2026-09-30,2026-09-30 09:41:08.169103,7C1687,DA40,DIAMOND AIRCRAFT INDUSTRIES INC.,DA 40,797c23dbd7792c9f1c89b603d663ef2866d402763848bd4ff1b42a3b4c2cc9db,True,4
109921,7005,290926_ML.npy,2026-09-30,2026-09-30 09:42:03.960100,7C1697,DA40,DIAMOND AIRCRAFT INDUSTRIES INC.,DA 40,2d5ac88c02da4b22ea69e55ea0fc13adeb1734e93cb5f68ed9a8aca16ef99f2b,True,2
109926,7010,290926_ML.npy,2026-09-30,2026-09-30 09:42:26.455726,7C1697,DA40,DIAMOND AIRCRAFT INDUSTRIES INC.,DA 40,62d2b0113c73a0c463cae92807c67f289518bb639e8fedaca32908eaf2b92bbe,True,1
109939,7023,290926_ML.npy,2026-09-30,2026-09-30 09:43:02.523774,7C7B5F,DA40,DIAMOND AIRCRAFT INDUSTRIES INC.,DA 40,6edb097be17a7af5a800523a173a86d73d73de1196ed687bf6b6760d8ccc8d34,True,5
109941,7025,290926_ML.npy,2026-09-30,2026-09-30 09:43:09.161800,7C7B5F,DA40,DIAMOND AIRCRAFT INDUSTRIES INC.,DA 40,182a8a8df5d1f6c78cd594a8e83eb5ba48f1a4f92dc359b338a1133899681c3b,True,4
109959,7043,290926_ML.npy,2026-09-30,2026-09-30 09:44:19.616093,7C7B5F,DA40,DIAMOND AIRCRAFT INDUSTRIES INC.,DA 40,d7aa5b0c3325eee9d2006a7d07726434a4070fdc3f81bab77867720bebb7fe98,True,5
109967,7051,290926_ML.npy,2026-09-30,2026-09-30 09:45:21.014242,7C1687,DA40,DIAMOND AIRCRAFT INDUSTRIES INC.,DA 40,d0e78558d7710641678a69289fdab7a8bfd2688745af36923ce1dda036b16e0b,True,5
109968,7052,290926_ML.npy,2026-09-30,2026-09-30 09:45:22.467091,7C1687,DA40,DIAMOND AIRCRAFT INDUSTRIES INC.,DA 40,d7a7057afe20b5d1e6770d1030fc03d134e528309101b227aa41ed72f4f2a523,True,1
109989,7073,290926_ML.npy,2026-09-30,2026-09-30 09:45:51.082458,7C1687,DA40,DIAMOND AIRCRAFT INDUSTRIES INC.,DA 40,d9eaa72f58f7d41344d41207af5eed997d4357ed3363279c47a4a4ccb06ccf40,True,2
110014,7098,290926_ML.npy,2026-09-30,2026-09-30 09:46:28.114787,7C1697,DA40,DIAMOND AIRCRAFT INDUSTRIES INC.,DA 40,3d6e65b72396375e4b7880c237dd91a594636a82d2063192663975eabfa233d3,True,3
110015,7099,290926_ML.npy,2026-09-30,2026-09-30 09:46:29.306212,7C1697,DA40,DIAMOND AIRCRAFT INDUSTRIES INC.,DA 40,d7f0268f0697c91969e5f575e72a9be9cccc6fe7b84ab20a89b64af59b333b9d,True,5
110016,7100,290926_ML.npy,2026-09-30,2026-09-30 09:46:31.108290,7C1697,DA40,DIAMOND AIRCRAFT INDUSTRIES INC.,DA 40,8def49c82cc11f8fd5e31ef426a4cbc4c16d6ccff1d12df70b0833776bc03d9d,True,2
110035,7119,290926_ML.npy,2026-09-30,2026-09-30 09:46:59.174765,7C1697,DA40,DIAMOND AIRCRAFT INDUSTRIES INC.,DA 40,fcadbc1853a2ce4fc617548e7af5fde059ebd4adff50044d4e97c242ae9e27ff,True,3
110038,7122,290926_ML.npy,2026-09-30,2026-09-30 09:47:02.471955,7C1697,DA40,DIAMOND AIRCRAFT INDUSTRIES INC.,DA 40,efcb550f96d5cab9310ebac55b533ed14468035f775f56f39660014c2da36ddb,True,4
110044,7128,290926_ML.npy,2026-09-30,2026-09-30 09:47:07.800692,7C1697,DA40,DIAMOND AIRCRAFT INDUSTRIES INC.,DA 40,b3a726f3e0422e1fb2e7799a4d5a35058410929d2156541f75574bbce3c369bd,True,3
110064,7148,290926_ML.npy,2026-09-30,2026-09-30 09:48:39.859773,7C7B5F,DA40,DIAMOND AIRCRAFT INDUSTRIES INC.,DA 40,8d8e9100b6dda37172bac71d992ac746a439c2e77052ea177dfe9bea0839db20,True,2
110071,7155,290926_ML.npy,2026-09-30,2026-09-30 09:48:51.846850,7C7B5F,DA40,DIAMOND AIRCRAFT INDUSTRIES INC.,DA 40,980cf7c078d5a10834f2fa4c3ea50d61b9762172b420d6b61af836f8b0a8172d,True,2
110077,7161,290926_ML.npy,2026-09-30,2026-09-30 09:49:01.344061,7C7B5F,DA40,DIAMOND AIRCRAFT INDUSTRIES INC.,DA 40,79800738769003b97cda6c657bed779fff7c87ac5e44ead4cad1cb66cd9aed8e,True,5
110094,7178,290926_ML.npy,2026-09-30,2026-09-30 09:49:55.311999,7C7B5F,DA40,DIAMOND AIRCRAFT INDUSTRIES INC.,DA 40,296b54f25e85cf037f39246b30fdc73747689b7e03e9c51bdc0e376ed22a5983,True,5
110105,7189,290926_ML.npy,2026-09-30,2026-09-30 09:51:06.384201,7C1687,DA40,DIAMOND AIRCRAFT INDUSTRIES INC.,DA 40,a37a4f4f03b1c635e9b517f676c68135f77e49bc268b16b03cda26b514da8345,True,4
110123,7207,290926_ML.npy,2026-09-30,2026-09-30 09:51:29.052417,7C1687,DA40,DIAMOND AIRCRAFT INDUSTRIES INC.,DA 40,9605818f40e26d4afef9bd2f90a5257143bcd87cad2a1a1ede5c20f28c9d6381,True,3
110143,7227,290926_ML.npy,2026-09-30,2026-09-30 09:52:03.348419,7C1697,DA40,DIAMOND AIRCRAFT INDUSTRIES INC.,DA 40,37d2af10ae825106085054311516d70a53b5338fb2eb08d74f661194bf238e41,True,4
110166,7250,290926_ML.npy,2026-09-30,2026-09-30 09:52:39.127511,7C1697,DA40,DIAMOND AIRCRAFT INDUSTRIES INC.,DA 40,40cb31896659fc76aa7cdd76b48b1d17a670a2ac7895ab7f9b8b4f6ca87f7b04,True,2
110192,7276,290926_ML.npy,2026-09-30,2026-09-30 09:53:56.571380,7C7B5F,DA40,DIAMOND AIRCRAFT INDUSTRIES INC.,DA 40,60c52c0caea0f00d0d461a0fff98303be54a6b90140fe751f38f0814d0e254f1,True,3
110201,7285,290926_ML.npy,2026-09-30,2026-09-30 09:54:12.748365,7C7B5F,DA40,DIAMOND AIRCRAFT INDUSTRIES INC.,DA 40,4363a69f4b3399a4a2761ad6a37d4ff608d685ac46f16e84018c85d3d7d49eb0,True,3
110220,7304,290926_ML.npy,2026-09-30,2026-09-30 09:54:40.240060,7C7B5F,DA40,DIAMOND AIRCRAFT INDUSTRIES INC.,DA 40,047d099f5996900aca70a404f0fdacb20efa673bd53f293dac0d3ff92469e295,True,4
110223,7307,290926_ML.npy,2026-09-30,2026-09-30 09:54:55.962250,7C7B5F,DA40,DIAMOND AIRCRAFT INDUSTRIES INC.,DA 40,04e56d123760a92cfd491d1f9bfb018f37adfde3153f50edaee89289bdff33c4,True,4
110224,7308,290926_ML.npy,2026-09-30,2026-09-30 09:54:59.340194,7C7B5F,DA40,DIAMOND AIRCRAFT INDUSTRIES INC.,DA 40,c615093a2f42341fab67063091edeba2ccd2f3d8ce8aeb9d3e7192cbcead71e1,True,2
110227,7311,290926_ML.npy,2026-09-30,2026-09-30 09:55:00.324176,7C7B5F,DA40,DIAMOND AIRCRAFT INDUSTRIES INC.,DA 40,e22d90ac7cd7a6be8bb0d56352a059040aa9497b822ead88f623b92e9f4b017d,True,2
110235,7319,290926_ML.npy,2026-09-30,2026-09-30 09:57:32.552638,7C1697,DA40,DIAMOND AIRCRAFT INDUSTRIES INC.,DA 40,dde473c9b8035feb1e46bd1fe7e824bfb4c5cc5c40f3edc23a57d8cb8118720d,True,5
110238,7322,290926_ML.npy,2026-09-30,2026-09-30 09:57:39.279556,7C1697,DA40,DIAMOND AIRCRAFT INDUSTRIES INC.,DA 40,a030260a56ede8b954a7bb727e0f85f03012fbce65e557a02ed8d07749e10c7e,True,4
110251,7335,290926_ML.npy,2026-09-30,2026-09-30 09:57:53.903827,7C1697,DA40,DIAMOND AIRCRAFT INDUSTRIES INC.,DA 40,71a5db0dd7b401d9d0524fd4f2a993fad487b132d28b0e5cd67c605d54bfbaec,True,2
110263,7347,290926_ML.npy,2026-09-30,2026-09-30 09:58:12.215126,7C1697,DA40,DIAMOND AIRCRAFT INDUSTRIES INC.,DA 40,efcb550f96d5cab9310ebac55b533ed14468035f775f56f39660014c2da36ddb,True,2
110269,7353,290926_ML.npy,2026-09-30,2026-09-30 09:58:23.466347,7C1697,DA40,DIAMOND AIRCRAFT INDUSTRIES INC.,DA 40,09ccab4f4365a212b609dc7bd9a5ad7e5493ff1e0d6025067b59461b741adc75,True,5
110275,7359,290926_ML.npy,2026-09-30,2026-09-30 09:58:55.696695,7C1697,DA40,DIAMOND AIRCRAFT INDUSTRIES INC.,DA 40,33be9dd704406114f964a93537bac1ab8bca848265ec602051acd2561b7c0ff5,True,1
110293,7377,290926_ML.npy,2026-09-30,2026-09-30 09:59:28.262061,7C7B5F,DA40,DIAMOND AIRCRAFT INDUSTRIES INC.,DA 40,efb129a3aad043ade8a5c2ea1749614b465b3e32346f8dfd01537d5cd1a5909a,True,3
110300,7384,290926_ML.npy,2026-09-30,2026-09-30 09:59:36.993197,7C7B5F,DA40,DIAMOND AIRCRAFT INDUSTRIES INC.,DA 40,5f9b5e5d7487f3bed4620f51bbb02ec1ceaafb1ca347c3f2168a1059fb2ba922,True,1
110302,7386,290926_ML.npy,2026-09-30,2026-09-30 09:59:43.419956,7C7B5F,DA40,DIAMOND AIRCRAFT INDUSTRIES INC.,DA 40,9ded14e44aa87792906ad17ee04ac8edb439d9a6a0d592f87e8e19f6288d5f3b,True,2
110318,7402,290926_ML.npy,2026-09-30,2026-09-30 10:00:19.801938,7C7B5F,DA40,DIAMOND AIRCRAFT INDUSTRIES INC.,DA 40,100397d13048000b2931fdb226db0c9f854dcfab6b4d22600bfeb45b04ce9179,True,1
110320,7404,290926_ML.npy,2026-09-30,2026-09-30 10:01:02.062946,7C7B5F,DA40,DIAMOND AIRCRAFT INDUSTRIES INC.,DA 40,7edd0fa3ddf757690c0b38154a67ad6e3c9502a76fb4474f5e09c456a4426a38,True,5
110321,7405,290926_ML.npy,2026-09-30,2026-09-30 10:01:05.654745,7C7B5F,DA40,DIAMOND AIRCRAFT INDUSTRIES INC.,DA 40,60c52c0caea0f00d0d461a0fff98303be54a6b90140fe751f38f0814d0e254f1,True,1
110336,7420,290926_ML.npy,2026-09-30,2026-09-30 10:03:12.035351,7C1697,DA40,DIAMOND AIRCRAFT INDUSTRIES INC.,DA 40,535ae7bd7e6a432e2c337a681c214e5c6565cd635766bada02ff5bf4b5f542d5,True,5
110339,7423,290926_ML.npy,2026-09-30,2026-09-30 10:03:14.066942,7C1697,DA40,DIAMOND AIRCRAFT INDUSTRIES INC.,DA 40,cc6e3189523f95d03696fc7695865bfe7809157815c09764e7cac75c4505199b,True,1
110349,7433,290926_ML.npy,2026-09-30,2026-09-30 10:03:26.521546,7C1697,DA40,DIAMOND AIRCRAFT INDUSTRIES INC.,DA 40,1ded7b5af97979d3b50a2b6715c9d85fbfa8030c90c799386c0a174c72f6469d,True,2
110352,7436,290926_ML.npy,2026-09-30,2026-09-30 10:03:30.542793,7C1697,DA40,DIAMOND AIRCRAFT INDUSTRIES INC.,DA 40,26486f870403a2ee1d0df96ffc17527d6b5d764e4c06f05adb6c911b09e1b649,True,4
110356,7440,290926_ML.npy,2026-09-30,2026-09-30 10:03:34.467780,7C1697,DA40,DIAMOND AIRCRAFT INDUSTRIES INC.,DA 40,1123b407cdea5a9324e2c83e4c0f55b7187e2ab539ebd0679811b98853d46ec0,True,3
110366,7450,290926_ML.npy,2026-09-30,2026-09-30 10:03:56.376342,7C1697,DA40,DIAMOND AIRCRAFT INDUSTRIES INC.,DA 40,4c7d48eea63c3daad6060b0c23670b96fcc04fcaca5c0e4a56f50dc57ec9314a,True,2
110375,7459,290926_ML.npy,2026-09-30,2026-09-30 10:04:27.858260,7C1697,DA40,DIAMOND AIRCRAFT INDUSTRIES INC.,DA 40,469b7e74792749fe26d1f8b39128c0ae3b9dcfdbdbecb3bd5265ab5c83373078,True,3
110384,7468,290926_ML.npy,2026-09-30,2026-09-30 10:04:55.305980,7C7B5F,DA40,DIAMOND AIRCRAFT INDUSTRIES INC.,DA 40,1c6091961cf83cff47a79a7af50f9c29aee7b205e61892e6574bb865fe2e4d80,True,3
110397,7481,290926_ML.npy,2026-09-30,2026-09-30 10:05:17.374056,7C7B5F,DA40,DIAMOND AIRCRAFT INDUSTRIES INC.,DA 40,405538f7296ca7c0c878aad46312c0cccbd24be95face48d49618a44efcc5f15,True,1
110407,7491,290926_ML.npy,2026-09-30,2026-09-30 10:05:26.119432,7C7B5F,DA40,DIAMOND AIRCRAFT INDUSTRIES INC.,DA 40,52b1338633d0d5c9102465adb27b183366bdd950c1c0a791d08efb20993db136,True,4
110409,7493,290926_ML.npy,2026-09-30,2026-09-30 10:05:30.681232,7C7B5F,DA40,DIAMOND AIRCRAFT INDUSTRIES INC.,DA 40,db7b757391542cd412001322f5d5eda91d4061c3d5d568649f14280695897c95,True,3
110448,7532,290926_ML.npy,2026-09-30,2026-09-30 10:10:22.177329,7C7B5F,DA40,DIAMOND AIRCRAFT INDUSTRIES INC.,DA 40,5404e352c933e5f3c2d76c4cf03e42a6a042eb707956792966473992f211d4de,True,5
110449,7533,290926_ML.npy,2026-09-30,2026-09-30 10:10:24.337181,7C7B5F,DA40,DIAMOND AIRCRAFT INDUSTRIES INC.,DA 40,88a4cc05ec5aa8b82c3cb649893d5ab3b71d4c16eacf015e7016de8f53210788,True,4
110450,7534,290926_ML.npy,2026-09-30,2026-09-30 10:10:24.745285,7C7B5F,DA40,DIAMOND AIRCRAFT INDUSTRIES INC.,DA 40,47fe4de24f3c2e3e86dd2d0f04fd45337743757b060925b21f33d795be4092d3,True,5
110452,7536,290926_ML.npy,2026-09-30,2026-09-30 10:10:27.483088,7C7B5F,DA40,DIAMOND AIRCRAFT INDUSTRIES INC.,DA 40,c6ecf6688d515175c74b38ffce0b7a9a934b507501cd4b93ac9003ce90e625a1,True,1
110470,7554,290926_ML.npy,2026-09-30,2026-09-30 10:11:36.779898,7C4E44,DA40,DIAMOND AIRCRAFT INDUSTRIES INC.,DA 40,df07e1a27f0b13209b7dbe8909a0e0298fa61afa88069fd5bd1ce83656aeb3d7,True,4
110486,7570,290926_ML.npy,2026-09-30,2026-09-30 10:11:57.861349,7C4E44,DA40,DIAMOND AIRCRAFT INDUSTRIES INC.,DA 40,5e09052b24a67054cef8006f797194d8cbcce9b3eed5305fe96ea4b77e0e2de1,True,3
110496,7580,290926_ML.npy,2026-09-30,2026-09-30 10:12:09.407354,7C4E44,DA40,DIAMOND AIRCRAFT INDUSTRIES INC.,DA 40,cbb023fa7129a44fc1b3e5354c633d86a6652ab46fb9fbe8600bb4748a2802a2,True,4
110507,7591,290926_ML.npy,2026-09-30,2026-09-30 10:12:26.265444,7C4E44,DA40,DIAMOND AIRCRAFT INDUSTRIES INC.,DA 40,2b35e9045c0c72591adcfa43a64e9157fc11a297bff75bfde5ad4b0279dc10b0,True,5
110516,7600,290926_ML.npy,2026-09-30,2026-09-30 10:15:02.548887,7C7B5F,DA40,DIAMOND AIRCRAFT INDUSTRIES INC.,DA 40,7483f9e14addc44839f6a3fb2384ebdd05c8aaed7136f362fdf82c158472f0a0,True,5
110541,7625,290926_ML.npy,2026-09-30,2026-09-30 10:15:30.424165,7C7B5F,DA40,DIAMOND AIRCRAFT INDUSTRIES INC.,DA 40,87ae15663c482eb4ca254203f9e880e47e06c6fac22984d6972efd219e8a957d,True,1
110548,7632,290926_ML.npy,2026-09-30,2026-09-30 10:15:40.017943,7C7B5F,DA40,DIAMOND AIRCRAFT INDUSTRIES INC.,DA 40,f74dd68f8db576d40f3c7e6278fab11185d86ee0cb971b2cfec665ddfb6fcb59,True,2
110550,7634,290926_ML.npy,2026-09-30,2026-09-30 10:15:42.927539,7C7B5F,DA40,DIAMOND AIRCRAFT INDUSTRIES INC.,DA 40,45e222e1580114a6158996f0f276367c9af09bf50a001596378d7d27ddddece5,True,3
110551,7635,290926_ML.npy,2026-09-30,2026-09-30 10:15:49.481269,7C7B5F,DA40,DIAMOND AIRCRAFT INDUSTRIES INC.,DA 40,ea83f124e6146cc4efa88f0a2c3b0aae8c1b99b4c28294aba3ec9aec29258390,True,3
110561,7645,290926_ML.npy,2026-09-30,2026-09-30 10:16:33.375714,7C7B5F,DA40,DIAMOND AIRCRAFT INDUSTRIES INC.,DA 40,6d96d09b86ae575b9aaad49ce756b4f9b89c5c8478ad9b71d3317f6da8be4998,True,3
110565,7649,290926_ML.npy,2026-09-30,2026-09-30 10:16:58.598544,7C4E44,DA40,DIAMOND AIRCRAFT INDUSTRIES INC.,DA 40,21ab0a8c2e9e2cf3d98f22936d157f187960225ec0dd364bb544a93d46726fc6,True,1
110574,7658,290926_ML.npy,2026-09-30,2026-09-30 10:17:11.175417,7C4E44,DA40,DIAMOND AIRCRAFT INDUSTRIES INC.,DA 40,477640c3fd7499beace36a0bf1b8ac64afc4b4901eaed99a585ac57879da860c,True,4
110585,7669,290926_ML.npy,2026-09-30,2026-09-30 10:17:16.138619,7C4E44,DA40,DIAMOND AIRCRAFT INDUSTRIES INC.,DA 40,9186d18d1e307a0b53909c328f9fb93446547894b851503b9fba8ad5766ceb4c,True,3
110589,7673,290926_ML.npy,2026-09-30,2026-09-30 10:17:21.663784,7C4E44,DA40,DIAMOND AIRCRAFT INDUSTRIES INC.,DA 40,d914ae646bd4e3d98a684eefce74ff5d9ce78111f683814588dc86e289cdc416,True,1
110629,7713,290926_ML.npy,2026-09-30,2026-09-30 10:20:09.092023,7C7B5F,DA40,DIAMOND AIRCRAFT INDUSTRIES INC.,DA 40,e73407f4fa2976a621aa706170faaf4ba156a1fb2b83944ca772af52bb0c45c2,True,1
110639,7723,290926_ML.npy,2026-09-30,2026-09-30 10:20:21.121373,7C7B5F,DA40,DIAMOND AIRCRAFT INDUSTRIES INC.,DA 40,8d8e9100b6dda37172bac71d992ac746a439c2e77052ea177dfe9bea0839db20,True,5
110640,7724,290926_ML.npy,2026-09-30,2026-09-30 10:20:24.661382,7C7B5F,DA40,DIAMOND AIRCRAFT INDUSTRIES INC.,DA 40,f27602bb09cd9f7b1e755cab4d9b5e4be7904ab0538a3d638b176c28184b841c,True,4
110650,7734,290926_ML.npy,2026-09-30,2026-09-30 10:20:35.864530,7C7B5F,DA40,DIAMOND AIRCRAFT INDUSTRIES INC.,DA 40,60c52c0caea0f00d0d461a0fff98303be54a6b90140fe751f38f0814d0e254f1,True,5
110652,7736,290926_ML.npy,2026-09-30,2026-09-30 10:20:39.788056,7C7B5F,DA40,DIAMOND AIRCRAFT INDUSTRIES INC.,DA 40,1c0e809d4e594f579a520bbd8875dbccbd376e45f90b482ba66c6731a3a04837,True,2
110655,7739,290926_ML.npy,2026-09-30,2026-09-30 10:20:40.888331,7C7B5F,DA40,DIAMOND AIRCRAFT INDUSTRIES INC.,DA 40,92dba7c83ecd27f70a904bddcc2e68146e0d60fac5c2d8e79098cd1a98dfdb91,True,1
110664,7748,290926_ML.npy,2026-09-30,2026-09-30 10:20:47.769065,7C7B5F,DA40,DIAMOND AIRCRAFT INDUSTRIES INC.,DA 40,307f8b7cab94d69de1bd1f716095329d0d37f277824d2a9c840da0c40bcfba00,True,1
110673,7757,290926_ML.npy,2026-09-30,2026-09-30 10:20:59.516770,7C7B5F,DA40,DIAMOND AIRCRAFT INDUSTRIES INC.,DA 40,1101e2de0b84559026e3c4832cdf7540b58f3479769f2a212575c9bbf21f5372,True,2
110677,7761,290926_ML.npy,2026-09-30,2026-09-30 10:22:30.499679,7C4E44,DA40,DIAMOND AIRCRAFT INDUSTRIES INC.,DA 40,6b6b603ab4923aabad51965ac17e6a328f54a4ea2e0845cb3395f10dcb2bcd27,True,2
110679,7763,290926_ML.npy,2026-09-30,2026-09-30 10:22:33.008881,7C4E44,DA40,DIAMOND AIRCRAFT INDUSTRIES INC.,DA 40,23e3e9ff343458796106a6a58b5eb814f06aaf9e607939ab59579b771d47eb51,True,4
110698,7782,290926_ML.npy,2026-09-30,2026-09-30 10:22:57.011158,7C4E44,DA40,DIAMOND AIRCRAFT INDUSTRIES INC.,DA 40,725873d5851d89abe4d1b24922ad86f2183e707a1ea29741ba80a6b0b3041e52,True,5
110719,7803,290926_ML.npy,2026-09-30,2026-09-30 10:23:27.772693,7C4E44,DA40,DIAMOND AIRCRAFT INDUSTRIES INC.,DA 40,28cce32afb0715640d95637becbec9157668d6d75ea74c60a36d1a31bc9c75f4,True,4
110730,7814,290926_ML.npy,2026-09-30,2026-09-30 10:25:12.074002,7C7B5F,DA40,DIAMOND AIRCRAFT INDUSTRIES INC.,DA 40,f2ef7f7e18fb9f36ebc4a344b4f1f1dffbc1f140b53e85682fed6f723862672b,True,5
110738,7822,290926_ML.npy,2026-09-30,2026-09-30 10:25:19.063944,7C7B5F,DA40,DIAMOND AIRCRAFT INDUSTRIES INC.,DA 40,d4c43412d919d249824ccde3d32158322280ef44eb3e30e028fe09180c4a6ff1,True,1
110751,7835,290926_ML.npy,2026-09-30,2026-09-30 10:25:38.672264,7C7B5F,DA40,DIAMOND AIRCRAFT INDUSTRIES INC.,DA 40,9959092c20753f9ab98921d8c29a4cce2daa6d575e4ce2a8a24c41766a671d4c,True,2
110760,7844,290926_ML.npy,2026-09-30,2026-09-30 10:25:48.243813,7C7B5F,DA40,DIAMOND AIRCRAFT INDUSTRIES INC.,DA 40,f7216465ba1f51b2fd31268f851d3d16178e9aa95da3efb9ceb40eef34c1e348,True,5
110761,7845,290926_ML.npy,2026-09-30,2026-09-30 10:25:48.515659,7C7B5F,DA40,DIAMOND AIRCRAFT INDUSTRIES INC.,DA 40,2c60312a78ca0fc35b807a7fe0d64a8c58f40f97adca8e3d8166d120b1c8217c,True,1
110786,7870,290926_ML.npy,2026-09-30,2026-09-30 10:28:16.439544,7C4E44,DA40,DIAMOND AIRCRAFT INDUSTRIES INC.,DA 40,4e6ead782ee6dbfe8e3666a12e8f9481fb4f0c2a6a9fbc7727c4e98a3f82a4bc,True,5
110793,7877,290926_ML.npy,2026-09-30,2026-09-30 10:28:20.941656,7C4E44,DA40,DIAMOND AIRCRAFT INDUSTRIES INC.,DA 40,86dd4520131a3faa1f05156463807ce72ec82bccf630491aff2fd8bcc10aee70,True,2
110796,7880,290926_ML.npy,2026-09-30,2026-09-30 10:28:21.978452,7C4E44,DA40,DIAMOND AIRCRAFT INDUSTRIES INC.,DA 40,e99422772d981bf57810801249f722cac297c2654b53bd6aa912c42e24ca33a5,True,4
110807,7891,290926_ML.npy,2026-09-30,2026-09-30 10:28:38.507277,7C4E44,DA40,DIAMOND AIRCRAFT INDUSTRIES INC.,DA 40,cbb023fa7129a44fc1b3e5354c633d86a6652ab46fb9fbe8600bb4748a2802a2,True,3
110821,7905,290926_ML.npy,2026-09-30,2026-09-30 10:29:10.157226,7C4E44,DA40,DIAMOND AIRCRAFT INDUSTRIES INC.,DA 40,2cf1762054be8b25658f4b891dd68fa5dc2cd6f46771401f32e6b4e0cd3645bf,True,4
110844,7928,290926_ML.npy,2026-09-30,2026-09-30 10:30:30.407330,7C7B5F,DA40,DIAMOND AIRCRAFT INDUSTRIES INC.,DA 40,e9bb71f48a2862aab04e80d4bd77d0b5928994bc1100bd456f767f0c7ddd36db,True,2
110854,7938,290926_ML.npy,2026-09-30,2026-09-30 10:30:42.336089,7C7B5F,DA40,DIAMOND AIRCRAFT INDUSTRIES INC.,DA 40,eb0ac7b0e9eae4730e13905687928fdfe912e0e7784f2e44c3b1ddc64cd4f50b,True,4
110873,7957,290926_ML.npy,2026-09-30,2026-09-30 10:33:22.898396,7C4E44,DA40,DIAMOND AIRCRAFT INDUSTRIES INC.,DA 40,5462f43af442c2a5b6480b7b1091158e3d76109a209ff28cd473937bef50b895,True,4
110879,7963,290926_ML.npy,2026-09-30,2026-09-30 10:33:34.614193,7C4E44,DA40,DIAMOND AIRCRAFT INDUSTRIES INC.,DA 40,08bc1ef49d519f6a87e5a575c8ec1ddcc640b60a0baf7e1f8a649e9c76375d10,True,2
110883,7967,290926_ML.npy,2026-09-30,2026-09-30 10:33:41.936459,7C4E44,DA40,DIAMOND AIRCRAFT INDUSTRIES INC.,DA 40,0bc7111dad3624586ee780c6a9ff69bb289130ab5e8d04ded04796f93947e000,True,2
110885,7969,290926_ML.npy,2026-09-30,2026-09-30 10:33:42.454959,7C4E44,DA40,DIAMOND AIRCRAFT INDUSTRIES INC.,DA 40,cbb023fa7129a44fc1b3e5354c633d86a6652ab46fb9fbe8600bb4748a2802a2,True,4
110895,7979,290926_ML.npy,2026-09-30,2026-09-30 10:33:55.698920,7C4E44,DA40,DIAMOND AIRCRAFT INDUSTRIES INC.,DA 40,ee0f7b5c71bd01648ea73406b6ea3ff8606f37ea678c9ada74aa8744bbf54104,True,1
110907,7991,290926_ML.npy,2026-09-30,2026-09-30 10:34:11.138792,7C4E44,DA40,DIAMOND AIRCRAFT INDUSTRIES INC.,DA 40,cbb023fa7129a44fc1b3e5354c633d86a6652ab46fb9fbe8600bb4748a2802a2,True,5
110924,8008,290926_ML.npy,2026-09-30,2026-09-30 10:35:45.006203,7C7B5F,DA40,DIAMOND AIRCRAFT INDUSTRIES INC.,DA 40,eadae64d6adb3da1635730cb2683cba9447a9bb0c2ffb505e2cc3aa5d587393c,True,1
110925,8009,290926_ML.npy,2026-09-30,2026-09-30 10:35:45.898535,7C7B5F,DA40,DIAMOND AIRCRAFT INDUSTRIES INC.,DA 40,bbff1503fdb64a218e1b686c345cd1cf97132326b6105ed86cacd1f6ff11325f,True,3
110928,8012,290926_ML.npy,2026-09-30,2026-09-30 10:35:51.481913,7C7B5F,DA40,DIAMOND AIRCRAFT INDUSTRIES INC.,DA 40,afe4af6d76431d5f8b217acf410c5f2b0e18c06d4209c43e3861e37e2f609d55,True,2
110951,8035,290926_ML.npy,2026-09-30,2026-09-30 10:36:15.414604,7C7B5F,DA40,DIAMOND AIRCRAFT INDUSTRIES INC.,DA 40,80389b8b6f0226d269b0d240a483597100078bb3f64905e01cdd560d90a675f0,True,2
110953,8037,290926_ML.npy,2026-09-30,2026-09-30 10:36:16.609554,7C7B5F,DA40,DIAMOND AIRCRAFT INDUSTRIES INC.,DA 40,18902f009e15946cd3cd67659dc48acc5ea1b45a54fa1991ef4e3f0859a182a2,True,3
110956,8040,290926_ML.npy,2026-09-30,2026-09-30 10:36:27.781774,7C7B5F,DA40,DIAMOND AIRCRAFT INDUSTRIES INC.,DA 40,2322571a0324283d3a4f63c7e36c6b8c788209fd724bf212643dcc1e27836038,True,3
110966,8050,290926_ML.npy,2026-09-30,2026-09-30 10:38:43.531671,7C4E44,DA40,DIAMOND AIRCRAFT INDUSTRIES INC.,DA 40,7427bc0dc50d283977e42ace21d291822265f2df8d7729a071883c58813ceabc,True,3
110973,8057,290926_ML.npy,2026-09-30,2026-09-30 10:38:53.797026,7C4E44,DA40,DIAMOND AIRCRAFT INDUSTRIES INC.,DA 40,2d0a636cf30c265340cbddf4782768247c407f5f9577d3efee927602fbf81d51,True,1
110974,8058,290926_ML.npy,2026-09-30,2026-09-30 10:38:53.936735,7C4E44,DA40,DIAMOND AIRCRAFT INDUSTRIES INC.,DA 40,725873d5851d89abe4d1b24922ad86f2183e707a1ea29741ba80a6b0b3041e52,True,3
110998,8082,290926_ML.npy,2026-09-30,2026-09-30 10:39:30.823952,7C4E44,DA40,DIAMOND AIRCRAFT INDUSTRIES INC.,DA 40,95ad7662719de84601ed169bb6f6a99197777ea680e60fecf5b0b4370ce41d3b,True,3
111000,8084,290926_ML.npy,2026-09-30,2026-09-30 10:40:11.163317,7C4E44,DA40,DIAMOND AIRCRAFT INDUSTRIES INC.,DA 40,6de670cb7e40cb005722d01e58cb68712f9baf9695f7b63f6e594e6046a7a952,True,1
111040,8124,290926_ML.npy,2026-09-30,2026-09-30 10:44:08.656466,7C4E44,DA40,DIAMOND AIRCRAFT INDUSTRIES INC.,DA 40,a83c0e74d1c3f4fa9677b9d8b992384cdd28871bf03a0b8132b36430cc6478d8,True,3
111046,8130,290926_ML.npy,2026-09-30,2026-09-30 10:44:16.463130,7C4E44,DA40,DIAMOND AIRCRAFT INDUSTRIES INC.,DA 40,32248be2f8455773993cb38cb39d0847250c0447e21237285b08a0cac9bb8f04,True,3
111052,8136,290926_ML.npy,2026-09-30,2026-09-30 10:44:21.548888,7C4E44,DA40,DIAMOND AIRCRAFT INDUSTRIES INC.,DA 40,d2d5ebeb7dc1470b5e94c9f1e699024f69fe9ca01ade52fac17f851fd9267163,True,1
111060,8144,290926_ML.npy,2026-09-30,2026-09-30 10:44:30.912622,7C4E44,DA40,DIAMOND AIRCRAFT INDUSTRIES INC.,DA 40,37cc3e4f92ee3eefef0fa9b1db5db590bac6831619f08225f8c014cec53d5a48,True,4
111070,8154,290926_ML.npy,2026-09-30,2026-09-30 10:44:37.817013,7C4E44,DA40,DIAMOND AIRCRAFT INDUSTRIES INC.,DA 40,cbb023fa7129a44fc1b3e5354c633d86a6652ab46fb9fbe8600bb4748a2802a2,True,4
111084,8168,290926_ML.npy,2026-09-30,2026-09-30 10:44:51.896725,7C4E44,DA40,DIAMOND AIRCRAFT INDUSTRIES INC.,DA 40,e6cf4b38c4ad03caf5324ca3391b39e7620e9cc02dc13eb5e5cf28c85d59c2c9,True,4
111085,8169,290926_ML.npy,2026-09-30,2026-09-30 10:44:53.262065,7C4E44,DA40,DIAMOND AIRCRAFT INDUSTRIES INC.,DA 40,4f5278f84ebc48b974c0c432e32cbbcca4df04d5ddbd3124389d022d5ead292f,True,2
111095,8179,290926_ML.npy,2026-09-30,2026-09-30 10:45:31.189594,7C4E44,DA40,DIAMOND AIRCRAFT INDUSTRIES INC.,DA 40,cbb023fa7129a44fc1b3e5354c633d86a6652ab46fb9fbe8600bb4748a2802a2,True,2
111107,8191,290926_ML.npy,2026-09-30,2026-09-30 10:49:25.750821,7C4E44,DA40,DIAMOND AIRCRAFT INDUSTRIES INC.,DA 40,985c99761023548becb512df784b57127cbd09091b4849ac85ae9aac4b5a4381,True,2
111108,8192,290926_ML.npy,2026-09-30,2026-09-30 10:49:26.782995,7C4E44,DA40,DIAMOND AIRCRAFT INDUSTRIES INC.,DA 40,51ae0db0f6b04408435a449821dde171015145b6aa896c84388c70c7f03bea38,True,5
111118,8202,290926_ML.npy,2026-09-30,2026-09-30 10:49:36.693533,7C4E44,DA40,DIAMOND AIRCRAFT INDUSTRIES INC.,DA 40,cbb023fa7129a44fc1b3e5354c633d86a6652ab46fb9fbe8600bb4748a2802a2,True,4
111125,8209,290926_ML.npy,2026-09-30,2026-09-30 10:49:44.010143,7C4E44,DA40,DIAMOND AIRCRAFT INDUSTRIES INC.,DA 40,4587c81caec318cc4dd6021f1842e94b22dcd372c1c4925d635908e6ae1f52f2,True,3
111138,8222,290926_ML.npy,2026-09-30,2026-09-30 10:50:02.788163,7C4E44,DA40,DIAMOND AIRCRAFT INDUSTRIES INC.,DA 40,cbb023fa7129a44fc1b3e5354c633d86a6652ab46fb9fbe8600bb4748a2802a2,True,1
111139,8223,290926_ML.npy,2026-09-30,2026-09-30 10:50:07.540145,7C4E44,DA40,DIAMOND AIRCRAFT INDUSTRIES INC.,DA 40,725873d5851d89abe4d1b24922ad86f2183e707a1ea29741ba80a6b0b3041e52,True,2
111145,8229,290926_ML.npy,2026-09-30,2026-09-30 10:50:16.563535,7C4E44,DA40,DIAMOND AIRCRAFT INDUSTRIES INC.,DA 40,cbb023fa7129a44fc1b3e5354c633d86a6652ab46fb9fbe8600bb4748a2802a2,True,1
111151,8235,290926_ML.npy,2026-09-30,2026-09-30 10:51:07.741421,7C4E44,DA40,DIAMOND AIRCRAFT INDUSTRIES INC.,DA 40,cbb023fa7129a44fc1b3e5354c633d86a6652ab46fb9fbe8600bb4748a2802a2,True,3
111161,8245,290926_ML.npy,2026-09-30,2026-09-30 10:54:44.668001,7C4E44,DA40,DIAMOND AIRCRAFT INDUSTRIES INC.,DA 40,cbb023fa7129a44fc1b3e5354c633d86a6652ab46fb9fbe8600bb4748a2802a2,True,3
111170,8254,290926_ML.npy,2026-09-30,2026-09-30 10:54:55.627129,7C4E44,DA40,DIAMOND AIRCRAFT INDUSTRIES INC.,DA 40,8f9a382fa33b2b4091a26a11fd06e758cecb3ff2e5cc92f54661f3886c3fe143,True,3
111171,8255,290926_ML.npy,2026-09-30,2026-09-30 10:54:55.634267,7C4E44,DA40,DIAMOND AIRCRAFT INDUSTRIES INC.,DA 40,2b41002d6c1741cdf0de2f4bae69ce43c6bd672367474c48f808a8d44d5c29ad,True,2
111182,8266,290926_ML.npy,2026-09-30,2026-09-30 10:55:09.660488,7C4E44,DA40,DIAMOND AIRCRAFT INDUSTRIES INC.,DA 40,ba1d523e0721aecba0fb3901f6254a96363911c479ed2613e0775ae1f1ddd5ea,True,1
111192,8276,290926_ML.npy,2026-09-30,2026-09-30 10:56:14.686060,7C4E44,DA40,DIAMOND AIRCRAFT INDUSTRIES INC.,DA 40,61d8db3d8bcefb5d3633567decc7ffea8bb7eccafe85bf8af241864a506ffe59,True,3
111202,8286,290926_ML.npy,2026-09-30,2026-09-30 11:01:32.122855,7C7B5F,DA40,DIAMOND AIRCRAFT INDUSTRIES INC.,DA 40,8cb062672e8710c75534b8c7454fe9c562109a9e166b91c2055cc3c0653eefd3,True,5
111219,8303,290926_ML.npy,2026-09-30,2026-09-30 11:01:53.645295,7C7B5F,DA40,DIAMOND AIRCRAFT INDUSTRIES INC.,DA 40,abb34ef9b931e0ddc64d2828ee1a00e0357bea940717c2261825ab4bf67db2f1,True,5
111246,8330,290926_ML.npy,2026-09-30,2026-09-30 11:06:46.260292,7C7B5F,DA40,DIAMOND AIRCRAFT INDUSTRIES INC.,DA 40,161998a655a590f468cf8d5377e81bbaaa14b991e35c406a24efd62142376b7c,True,4
111273,8357,290926_ML.npy,2026-09-30,2026-09-30 11:11:44.926931,7C7B5F,DA40,DIAMOND AIRCRAFT INDUSTRIES INC.,DA 40,d4c43412d919d249824ccde3d32158322280ef44eb3e30e028fe09180c4a6ff1,True,5
111279,8363,290926_ML.npy,2026-09-30,2026-09-30 11:11:55.380113,7C7B5F,DA40,DIAMOND AIRCRAFT INDUSTRIES INC.,DA 40,d83937e062754065fd50bd9c40c5bbb0eb16be91d64d553aa7d18ff2ec481ebb,True,2
111285,8369,290926_ML.npy,2026-09-30,2026-09-30 11:12:02.232150,7C7B5F,DA40,DIAMOND AIRCRAFT INDUSTRIES INC.,DA 40,697a4ec46ef5b78fbe3662690209154d156d1f4eb0db25b5e875cb925a955f45,True,3
111307,8391,290926_ML.npy,2026-09-30,2026-09-30 11:13:06.685420,7C7B5F,DA40,DIAMOND AIRCRAFT INDUSTRIES INC.,DA 40,df3ab591b559db270060615aa83efdb3565d845679a70b236051d18a6d3ac57c,True,3
111308,8392,290926_ML.npy,2026-09-30,2026-09-30 11:13:07.125477,7C7B5F,DA40,DIAMOND AIRCRAFT INDUSTRIES INC.,DA 40,567d09ddbcde768ecf6f5fba3837089e050cf65d7eb1386f859408f26aec8da2,True,1
111559,8643,290926_ML.npy,2026-09-30,2026-09-30 23:52:55.575386,7C7B5E,DA40,DIAMOND AIRCRAFT INDUSTRIES INC.,DA 40,172a0aa9aa7cbe1c59b59ee521754c1fc49d85aa13fad8ac8adc4a0be0a07b71,True,2
111563,8647,290926_ML.npy,2026-09-30,2026-09-30 23:52:57.008263,7C7B5E,DA40,DIAMOND AIRCRAFT INDUSTRIES INC.,DA 40,6d6f0e5e15cad44196ebeff321c608b0e090bf9e837caf405e2058558eaf19b3,True,1
111584,8668,290926_ML.npy,2026-09-30,2026-09-30 23:53:23.258130,7C7B5E,DA40,DIAMOND AIRCRAFT INDUSTRIES INC.,DA 40,a13b5d1857b19e1d9244f28259885d8bac85ec254618350b77ba9eceaf7c45f1,True,3
111606,8690,290926_ML.npy,2026-09-30,2026-09-30 23:53:44.137999,7C7B5E,DA40,DIAMOND AIRCRAFT INDUSTRIES INC.,DA 40,759aaab91bbb69108d2cb19de28fdb01debf6bfaaf6c7041462ce34afcf38365,True,4
111626,8710,290926_ML.npy,2026-09-30,2026-09-30 23:54:08.412645,7C1689,DA40,DIAMOND AIRCRAFT INDUSTRIES INC.,DA 40,59e52e012360ad28eada0b5851ca997fd964b4881f21dc0894704a327e3f9955,True,4
111628,8712,290926_ML.npy,2026-09-30,2026-09-30 23:54:12.804097,7C1689,DA40,DIAMOND AIRCRAFT INDUSTRIES INC.,DA 40,de28a62ebc887192669d02601857582a318a6de7d99c669802ac14384d4169fa,True,5
111655,8739,290926_ML.npy,2026-10-01,2026-10-01 00:07:59.734625,7C7C39,DA40,DIAMOND AIRCRAFT INDUSTRIES INC.,DA 40,62952f9f140922cd75ce47513a5c3c5c7b37067da24d9f91c901f1e79f36278b,True,1
111656,8740,290926_ML.npy,2026-10-01,2026-10-01 00:07:59.740993,7C7C39,DA40,DIAMOND AIRCRAFT INDUSTRIES INC.,DA 40,36643b4fde3e0c8af1ce769048f4c5f4ea0c08000f21f183860e769e948cdc71,True,4
111660,8744,290926_ML.npy,2026-10-01,2026-10-01 00:08:02.961397,7C7C39,DA40,DIAMOND AIRCRAFT INDUSTRIES INC.,DA 40,c5701522dababfa716deadd509da8859478466d5dc3877dfab3374c84fdcfd43,True,4
111667,8751,290926_ML.npy,2026-10-01,2026-10-01 00:08:08.022529,7C7C39,DA40,DIAMOND AIRCRAFT INDUSTRIES INC.,DA 40,c5701522dababfa716deadd509da8859478466d5dc3877dfab3374c84fdcfd43,True,1
